158.78 172.203 166.455 133.847 141.483 146.212 167.58 160.323 94.7992 91.7355 -0.476727 114.392 57.4417 -31.8139 122.597 -29.4814 13.4202 126.664 -19.5523 -10.2854 119.354 77.8364 -5.87632 133.986 78.9537 -35.2499 158.839 62.7492 13.5727 87.5501 22.1482 
158.652 172.204 166.056 133.768 141.419 145.874 167.606 160.181 94.796 91.5611 -0.299736 114.725 57.1654 -31.6856 123.141 -29.7276 13.4184 127.044 -19.7686 -10.2112 119.444 77.5908 -5.76781 134.141 78.7404 -35.0985 158.98 62.644 13.558 87.5615 22.0833 
158.595 172.173 165.651 133.789 141.397 145.582 167.637 160.095 94.8583 91.4667 -0.0903969 114.981 56.8854 -31.4888 123.513 -29.9278 13.4301 127.487 -20.0289 -10.0739 119.571 77.4513 -5.61187 134.329 78.5812 -34.9614 159.085 62.5391 13.5346 87.7061 21.9467 
158.585 172.13 165.43 133.639 141.36 145.402 167.703 160.261 94.8238 91.3874 0.0907745 114.979 56.6697 -31.3409 123.537 -30.1482 13.6112 127.85 -20.4047 -9.89282 119.575 77.237 -5.43134 134.333 78.3789 -34.7863 159.085 62.3817 13.5414 87.9316 21.8562 
158.621 172.079 165.41 133.585 141.357 145.314 167.759 160.53 94.7953 91.3335 0.204121 114.882 56.4894 -31.2352 123.365 -30.3107 13.7431 128.041 -20.7601 -9.80302 119.561 77.1356 -5.30998 134.301 78.2485 -34.6357 159.061 62.2367 13.5473 88.2192 21.7353 
158.691 172.058 165.458 133.537 141.362 145.261 167.82 160.791 94.7186 91.2293 0.310032 114.783 56.2715 -31.1318 123.278 -30.5101 13.9002 128.208 -21.1036 -9.71352 119.551 76.9731 -5.18957 134.267 78.0724 -34.4817 159.04 62.073 13.5618 88.4378 21.6576 
158.761 172.027 165.558 133.407 141.351 145.277 167.877 161.12 94.634 91.1517 0.368454 114.522 56.0906 -30.992 122.999 -30.6673 14.0953 128.208 -21.4254 -9.64399 119.443 76.8233 -5.10238 134.122 77.9136 -34.3299 158.934 61.9026 13.5939 88.6481 21.5649 
158.918 172.102 165.708 133.194 141.351 145.373 168.007 161.656 94.5448 91.0902 0.489199 113.983 55.9235 -30.7189 122.41 -30.8545 14.5319 128.02 -21.8183 -9.55002 119.16 76.6816 -4.97118 133.776 77.7472 -34.0116 158.705 61.6551 13.6567 89.0024 21.4928 
159.023 172.231 166.273 133.294 141.436 145.561 168.118 162.084 94.3755 91.0173 0.42395 113.668 55.9529 -30.8051 122.121 -30.836 14.6151 127.929 -21.9324 -9.75742 119.06 76.8038 -5.107 133.582 77.8166 -33.9854 158.576 61.6985 13.7147 89.3102 21.4864 
159.053 172.286 166.748 133.36 141.499 145.719 168.18 162.442 94.1648 90.9172 0.471163 113.344 55.9146 -30.8199 121.821 -30.8496 14.7455 127.822 -22.0768 -9.85207 118.976 76.8117 -5.13465 133.386 77.7781 -33.8807 158.418 61.6583 13.7752 89.5583 21.4833 
159.129 172.331 167.188 133.458 141.579 145.878 168.293 162.741 94.0714 90.9164 0.469854 113.162 55.8767 -30.8474 121.607 -30.8381 14.8157 127.695 -22.1281 -10.0003 118.937 76.9067 -5.2178 133.249 77.8134 -33.824 158.348 61.6498 13.825 89.757 21.4763 
159.162 172.372 167.654 133.515 141.608 145.984 168.417 162.987 93.9544 90.8877 0.483397 113.037 55.8755 -30.8269 121.418 -30.8233 14.9264 127.522 -22.0931 -10.1656 118.918 76.9861 -5.30693 133.14 77.848 -33.7762 158.28 61.6255 13.855 89.8957 21.503 
159.22 172.49 168.072 133.597 141.637 146.101 168.578 163.19 93.9092 90.9193 0.465256 112.994 55.8315 -30.8369 121.389 -30.8607 14.9699 127.467 -22.1013 -10.312 118.996 77.0864 -5.40386 133.133 77.893 -33.7761 158.306 61.5989 13.8891 90.0203 21.517 
159.256 172.581 168.379 133.641 141.661 146.156 168.741 163.346 93.8784 90.9493 0.41651 112.966 55.8036 -30.8739 121.426 -30.8882 14.9433 127.473 -22.1399 -10.4165 119.081 77.1773 -5.47332 133.152 77.9313 -33.7911 158.342 61.5964 13.916 90.1556 21.5039 
159.316 172.683 168.613 133.515 141.603 146.222 168.916 163.507 93.8859 91.0184 0.304857 112.9 55.8969 -30.9423 121.465 -30.9224 14.9663 127.432 -22.1339 -10.5429 119.08 77.2467 -5.57537 133.085 77.9957 -33.805 158.407 61.6001 13.9432 90.2369 21.5408 
159.385 172.739 168.731 133.563 141.635 146.307 169.043 163.565 93.92 91.0965 0.231178 112.954 55.889 -30.9991 121.607 -30.9817 14.9192 127.535 -22.1839 -10.6422 119.234 77.3107 -5.64568 133.181 78.0223 -33.8204 158.582 61.572 13.9621 90.3357 21.5258 
159.494 172.709 168.868 133.475 141.611 146.414 169.138 163.658 93.9732 91.1821 0.0985336 113.113 55.8441 -31.0325 121.853 -31.0563 14.8858 127.504 -22.1856 -10.7567 119.439 77.274 -5.73683 133.348 77.9765 -33.839 158.866 61.4875 13.9763 90.2408 21.5312 
159.672 172.677 168.872 133.535 141.72 146.523 169.258 163.634 94.1743 91.4004 0.0130177 113.555 55.7699 -31.0447 122.383 -31.1713 14.8038 127.785 -22.2318 -10.7299 119.894 77.3015 -5.74621 133.795 77.9603 -33.8772 159.386 61.4349 13.9917 90.1365 21.517 
159.888 172.524 168.949 133.266 141.68 146.702 169.252 163.699 94.425 91.7234 -0.291002 113.821 55.5568 -31.0921 122.753 -31.2826 14.6915 127.807 -22.3574 -10.7504 120.148 77.1787 -5.78018 133.995 77.8456 -33.8639 159.901 61.3345 14.0201 89.8766 21.4239 
160.066 172.407 168.908 133.058 141.662 146.77 169.297 163.647 94.7622 92.1018 -0.568022 114.144 55.3913 -31.1117 123.245 -31.3997 14.517 127.97 -22.5443 -10.6328 120.44 77.0768 -5.71185 134.263 77.7298 -33.8211 160.469 61.2678 14.0534 89.6343 21.2764 
160.254 172.31 168.759 132.902 141.659 146.807 169.329 163.549 95.1749 92.5496 -0.914625 114.484 55.2808 -31.0796 123.733 -31.4486 14.3577 128.084 -22.6637 -10.4922 120.747 77.0829 -5.60792 134.557 77.7118 -33.7474 161.101 61.2689 14.066 89.3733 21.0995 
160.3 172.317 168.342 132.734 141.604 146.679 169.36 163.293 95.5045 92.9209 -1.14712 114.717 55.2384 -31.0182 124.127 -31.466 14.2382 128.303 -22.8273 -10.1944 120.964 77.0151 -5.34673 134.78 77.6272 -33.5973 161.593 61.281 14.0626 89.183 20.9351 
160.336 172.417 167.876 132.621 141.548 146.583 169.386 162.969 95.8165 93.2095 -1.27208 114.971 55.13 -30.8731 124.651 -31.5261 14.232 128.709 -22.987 -9.83016 121.158 76.9057 -5.03824 135.023 77.516 -33.4079 162.054 61.3182 14.0676 88.9916 20.8105 
160.325 172.507 167.486 132.483 141.429 146.508 169.359 162.815 96.1142 93.4101 -1.30147 115.076 55.0214 -30.5399 124.964 -31.5804 14.3989 129.046 -23.1847 -9.3775 121.229 76.8038 -4.62237 135.196 77.4303 -33.1141 162.371 61.3488 14.0322 88.8551 20.6491 
160.024 172.659 167.192 132.688 141.332 146.227 168.993 162.529 95.8793 93.281 -0.797529 115.441 55.0553 -29.8035 125.249 -31.575 14.8535 129.664 -23.3474 -8.6702 121.644 76.8102 -4.01743 135.678 77.3512 -32.7452 162.458 61.4837 14.0731 89.0595 20.5232 
159.622 172.704 167.091 133.234 141.249 145.963 168.534 162.266 95.338 92.8887 0.0504265 115.929 54.8846 -28.9839 125.656 -31.6137 15.3062 130.539 -23.5694 -7.87661 122.371 76.8021 -3.29381 136.42 77.1849 -32.3617 162.465 61.5764 14.118 89.4188 20.4014 
159.393 172.586 167.077 133.837 141.223 145.955 168.382 162.244 95.1081 92.5566 0.789558 116.36 54.6356 -28.3164 126.386 -31.6836 15.5629 131.453 -23.8308 -7.30823 123.083 76.7849 -2.6995 137.162 77.0746 -32.0059 162.727 61.5526 14.0817 89.6335 20.1583 
159.196 172.472 167.023 134.555 141.155 146.017 168.229 162.107 94.8379 92.1958 1.61771 116.919 54.3601 -27.6175 127.223 -31.7365 15.7788 132.398 -24.012 -6.64558 123.997 76.8198 -2.06582 138.101 76.9813 -31.7031 163.034 61.5374 14.0678 89.7779 19.9457 
159.037 172.495 166.914 135.162 141.071 146.04 168.132 162.015 94.6236 91.8414 2.40878 117.387 54.2224 -27.0834 128.049 -31.8621 15.9668 133.323 -24.2532 -5.94918 124.819 76.8332 -1.42928 138.969 76.9035 -31.4047 163.328 61.5176 14.0481 89.9283 19.8243 
158.923 172.569 166.863 135.655 141.036 146.045 168.118 162.007 94.4859 91.5326 3.00244 117.797 54.2236 -26.8047 128.909 -32.0201 16.0804 134.147 -24.4691 -5.41962 125.533 76.8579 -0.936362 139.738 76.8674 -31.1367 163.696 61.5073 14.0248 90.0906 19.813 
158.789 172.612 166.929 136.251 141.138 146.003 168.146 162.064 94.3379 91.2384 3.59451 118.243 54.2751 -26.6231 129.674 -32.2194 16.2163 134.946 -24.7247 -4.93542 126.288 76.9973 -0.49078 140.516 76.9207 -30.8825 164.058 61.516 14.0122 90.381 19.8607 
158.589 172.663 167.067 136.852 141.334 145.824 168.211 162.18 94.1684 90.9541 4.12804 118.836 54.3346 -26.5692 130.498 -32.4046 16.2859 135.848 -24.9996 -4.59226 127.092 77.1489 -0.136364 141.308 76.973 -30.6377 164.506 61.5333 14.0098 90.7697 19.906 
158.335 172.646 167.128 137.114 141.416 145.596 168.232 162.282 94.0064 90.7435 4.53642 119.119 54.4318 -26.3699 130.77 -32.4768 16.5528 136.227 -25.1274 -4.28332 127.453 77.2038 0.209376 141.663 76.9822 -30.3376 164.665 61.5151 13.9909 91.0155 19.9582 
158.139 172.614 167.221 137.412 141.536 145.347 168.292 162.391 93.8164 90.5378 4.9444 119.515 54.5091 -26.0881 130.931 -32.4833 16.9687 136.589 -25.1339 -4.00586 127.85 77.3427 0.549582 142.054 77.084 -30.016 164.83 61.5404 13.9435 91.2771 20.0551 
158.023 172.58 167.209 137.456 141.556 145.148 168.383 162.39 93.6381 90.3256 5.16025 119.677 54.5046 -25.821 131.037 -32.5112 17.3561 136.694 -25.0912 -3.83704 127.927 77.3735 0.807375 142.142 77.1363 -29.6772 164.881 61.5911 13.9063 91.3983 20.1298 
157.851 172.563 167.288 137.344 141.515 144.947 168.453 162.469 93.4705 90.1169 5.3579 119.625 54.4414 -25.6223 130.925 -32.5797 17.7846 136.541 -25.0889 -3.69875 127.751 77.2805 1.04065 141.978 77.0758 -29.2995 164.757 61.5539 13.8861 91.4783 20.2649 
157.78 172.645 167.411 137.086 141.465 144.802 168.548 162.595 93.3031 89.8782 5.53586 119.448 54.4705 -25.475 130.762 -32.6576 18.3073 136.234 -25.0134 -3.66475 127.373 77.1332 1.1979 141.628 77.0325 -28.8777 164.594 61.5214 13.8551 91.4856 20.4862 
157.863 172.827 167.451 136.738 141.402 144.779 168.664 162.619 93.2568 89.7274 5.74326 119.235 54.4554 -25.3438 130.66 -32.7823 18.8582 135.966 -24.9627 -3.50272 126.949 76.9381 1.42464 141.27 76.9642 -28.423 164.474 61.4788 13.8298 91.4093 20.7573 
157.893 173.009 167.442 136.368 141.275 144.77 168.732 162.663 93.2087 89.5883 6.12302 118.997 54.4779 -25.1541 130.514 -32.8837 19.4285 135.744 -24.9283 -3.1468 126.525 76.7362 1.78158 140.913 76.8824 -27.9452 164.261 61.4289 13.8189 91.3291 21.0343 
158.047 173.271 167.535 136.116 141.15 144.885 168.815 162.789 93.3021 89.5178 6.63491 118.859 54.5294 -25.0215 130.59 -33.0528 19.9786 135.825 -24.9964 -2.66194 126.27 76.6473 2.19631 140.741 76.8876 -27.497 164.186 61.444 13.8279 91.273 21.3233 
158.103 173.408 167.663 136.095 141.025 145.031 168.817 162.882 93.2996 89.432 7.34916 118.787 54.6215 -24.7565 130.742 -33.1975 20.5215 136.113 -25.0658 -2.05841 126.243 76.6474 2.69656 140.742 76.9125 -27.0591 164.116 61.4733 13.8747 91.3278 21.5525 
158.056 173.294 167.786 136.302 140.917 145.186 168.649 162.946 93.1885 89.357 8.21212 118.884 54.6538 -24.2098 130.889 -33.1321 20.9569 136.675 -25.0906 -1.28117 126.574 76.7969 3.32785 141.028 77.0084 -26.6446 164.088 61.5544 13.948 91.492 21.5249 
157.964 173.19 167.927 136.826 141.005 145.227 168.569 163.006 93.0586 89.2724 9.06605 119.262 54.5521 -23.6511 131.319 -33.066 21.1004 137.534 -25.2697 -0.496383 127.303 77.1201 3.97802 141.674 77.1987 -26.2954 164.237 61.6948 14.0088 91.8418 21.2717 
157.812 173.138 168.106 137.505 141.219 145.052 168.567 163.031 92.9398 89.1432 9.9476 119.933 54.3889 -23.1554 131.964 -33.0994 21.0719 138.549 -25.6139 0.260129 128.215 77.4463 4.63764 142.504 77.3594 -25.977 164.51 61.829 14.0431 92.2359 20.9199 
157.667 173.042 168.326 138.085 141.521 144.821 168.58 163.124 92.9809 89.1204 10.5556 120.668 54.4087 -22.7225 132.553 -33.0321 21.0371 139.343 -25.846 0.79242 129.001 77.8415 5.15525 143.246 77.6061 -25.6681 164.951 62.0447 14.0454 92.5246 20.5317 
157.425 172.948 168.566 138.587 141.677 144.456 168.646 163.166 92.9263 89.0683 11.2286 121.537 54.4751 -21.9909 132.878 -32.8588 21.2229 139.869 -25.9075 1.38465 129.821 78.216 5.74583 144.013 77.8135 -25.292 165.332 62.2041 14.0431 92.7231 20.1382 
157.207 172.793 168.69 138.96 141.737 144.112 168.658 163.092 92.7914 89.0256 11.7771 122.278 54.5924 -21.1453 132.831 -32.5773 21.6264 140.006 -25.7711 1.9573 130.534 78.5557 6.3385 144.661 77.9897 -24.8515 165.653 62.3198 14.0539 92.8168 19.8353 
157.047 172.535 168.744 138.941 141.572 143.869 168.593 163.055 92.4898 88.8788 12.1409 122.639 54.7956 -20.3035 132.384 -32.2152 22.2924 139.549 -25.381 2.35203 130.823 78.6724 6.82307 144.884 78.0369 -24.3074 165.801 62.3645 14.0833 92.6842 19.7124 
156.868 172.203 168.883 138.799 141.408 143.674 168.485 163.113 92.0762 88.6508 12.5376 122.896 54.9945 -19.3997 131.774 -31.9161 23.144 138.78 -24.9072 2.59644 130.886 78.635 7.22386 144.891 77.9955 -23.6709 165.84 62.2872 14.0904 92.5135 19.6971 
156.718 172.1 168.987 138.536 141.283 143.508 168.528 163.146 91.6838 88.4264 12.9522 122.943 55.2183 -18.7312 131.27 -31.8098 24.0143 137.894 -24.4756 2.72668 130.668 78.4206 7.55323 144.641 77.8601 -22.9718 165.812 62.1246 14.0655 92.3238 19.8868 
156.734 172.182 169.001 138.095 141.161 143.427 168.69 163.189 91.5791 88.3879 13.3235 122.882 55.5649 -18.1057 131.083 -31.7753 24.7357 137.011 -24.083 2.83269 130.252 78.21 7.81609 144.256 77.8034 -22.2856 165.873 62.0116 14.0153 92.0325 20.0161 
156.74 172.167 168.962 137.678 141.035 143.463 168.644 163.182 91.7543 88.5582 13.7259 122.793 56.0363 -17.6099 131.088 -31.7004 25.2333 136.656 -23.8729 3.17143 129.91 78.0611 8.21777 143.972 77.7864 -21.6945 166.056 62.0144 13.9629 91.7621 20.0163 
156.824 171.953 169.027 137.489 141.087 143.566 168.396 163.192 92.0525 88.8677 14.1316 122.949 56.4454 -17.0279 131.213 -31.4231 25.6336 136.973 -23.7516 3.71399 129.964 78.0746 8.75732 144.077 77.8755 -21.1552 166.509 62.1474 13.915 91.6198 19.7806 
156.869 171.71 169.051 137.594 141.199 143.537 168.164 163.109 92.2441 89.0855 14.7298 123.492 56.5815 -16.2543 131.565 -31.1205 25.9991 137.737 -23.728 4.46727 130.437 78.1264 9.47107 144.588 77.9156 -20.5896 167.073 62.2744 13.8907 91.6089 19.4157 
156.816 171.632 169.006 137.961 141.425 143.218 168.052 163.06 92.2314 89.1502 15.5219 124.218 56.5344 -15.4881 131.758 -30.9252 26.4361 138.57 -23.8961 5.35955 131.122 78.1664 10.33 145.286 77.8718 -19.9686 167.501 62.2629 13.8512 91.8565 19.1422 
156.743 171.434 169.148 138.285 141.617 142.974 167.84 163.02 92.0523 89.0903 16.3485 124.972 56.4072 -14.8684 131.995 -30.7912 26.9245 139.324 -23.9884 6.07748 131.682 78.0713 11.0795 145.821 77.7343 -19.3027 167.871 62.2449 13.8481 92.027 19.0127 
156.702 171.149 169.373 138.35 141.702 142.866 167.627 163.057 91.7966 89.0124 17.1194 125.606 56.5334 -14.4557 132.082 -30.5525 27.5489 139.645 -23.755 6.56214 131.975 77.9537 11.6625 146.115 77.6714 -18.5821 168.182 62.2887 13.8145 92.0488 19.1778 
156.616 170.894 169.649 138.211 141.758 142.639 167.474 163.051 91.512 88.9374 17.943 126.132 56.8562 -13.8902 131.989 -30.29 28.3345 139.517 -23.3436 6.82933 131.965 77.8186 12.1033 146.107 77.666 -17.7913 168.388 62.3277 13.7539 91.9812 19.3422 
156.802 170.662 169.89 137.6 141.639 142.438 167.365 163.059 91.3185 88.9451 18.6634 126.353 57.3708 -13.1163 132.023 -30.0176 29.1893 139.209 -22.8284 6.8596 131.602 77.5682 12.3681 145.733 77.6894 -16.9801 168.588 62.3955 13.6682 91.7349 19.3474 
157.356 170.516 170.069 136.777 141.429 142.487 167.296 163.071 91.4322 89.1282 19.1989 126.263 58.0075 -12.2905 132.005 -29.6297 30.1204 138.884 -22.2854 7.04636 131.072 77.3608 12.6997 145.279 77.7701 -16.2043 168.802 62.5572 13.5708 91.3346 19.3307 
157.766 170.876 170.111 136.339 141.376 142.439 167.502 163.087 91.6979 89.3274 20.1269 126.467 58.6461 -11.8582 132.33 -29.55 31.0053 139.197 -22.1487 7.8335 130.882 77.2787 13.4342 145.226 77.8628 -15.4921 169.039 62.7279 13.4738 91.1603 19.6495 
157.995 171.349 170.067 136.308 141.517 142.311 167.649 163.15 91.9026 89.5011 21.1904 126.778 59.146 -11.6064 132.701 -29.595 31.7187 139.838 -22.2984 8.85761 130.945 77.3245 14.3568 145.354 77.9472 -14.7733 169.25 62.8464 13.4388 91.3201 19.9796 
157.997 171.257 170.344 136.617 141.722 142.104 167.488 163.348 91.9329 89.5747 22.417 127.37 59.6282 -11.0754 132.58 -29.4002 32.4003 140.32 -22.3363 9.86502 131.262 77.4973 15.3261 145.687 78.0667 -14.0093 169.475 62.9468 13.4013 91.5444 20.0537 
158.024 170.82 170.854 137.003 141.861 141.919 167.104 163.433 91.7475 89.4981 23.6362 127.934 59.99 -10.3066 132.257 -29.0417 33.1873 140.652 -22.168 10.7839 131.616 77.6789 16.2539 146.031 78.1744 -13.1733 169.596 63.0297 13.3915 91.7925 20.0788 
158.26 170.29 171.465 137.157 141.892 142.01 166.697 163.423 91.4642 89.421 24.462 128.251 60.425 -9.35633 131.994 -28.4583 34.0248 140.705 -21.6555 11.4762 131.98 77.9076 17.0074 146.354 78.4333 -12.3069 169.887 63.2249 13.3765 91.8228 20.0029 
158.441 169.857 172.269 137.055 141.771 142.313 166.393 163.843 91.058 89.3149 25.1109 128.414 60.7419 -8.09736 131.798 -27.8186 35.0878 140.658 -20.9793 12.1148 132.393 78.1075 17.7417 146.703 78.7432 -11.3662 170.232 63.4293 13.332 91.7656 19.8825 
158.631 170.664 172.218 137.497 141.984 142.243 166.693 163.662 90.9853 89.1889 27.2066 129.144 61.1268 -7.119 133.393 -27.9739 36.5797 142.161 -21.0751 14.2342 133.251 78.2887 19.7588 147.611 78.983 -9.67155 170.961 63.7437 13.2728 91.9733 20.4073 
158.337 171.021 171.854 137.995 142.123 141.944 166.813 163.428 90.9583 89.0411 28.3719 129.538 61.2197 -6.87042 134.081 -28.1929 37.0306 142.901 -21.4329 15.5124 133.715 78.4052 20.8853 148.099 79.0105 -8.96466 171.078 63.8071 13.2807 92.2213 20.6646 
158.067 170.492 171.719 138.497 142.204 141.71 166.4 163.197 90.736 88.8478 29.5434 129.978 61.4282 -5.92707 133.934 -27.9352 37.8795 143.26 -21.3997 16.6416 134.194 78.58 21.9823 148.552 79.0954 -8.08807 171.21 63.887 13.283 92.3913 20.6064 
158.136 169.89 171.693 138.988 142.25 141.674 165.935 162.924 90.2924 88.627 30.4477 130.235 61.652 -4.55659 133.349 -27.3686 39.1085 143.325 -20.9798 17.6406 134.803 78.9055 23.0133 149.043 79.3409 -7.10278 171.421 63.9679 13.3115 92.5752 20.4984 
158.238 169.407 172.146 139.165 142.158 141.841 165.564 163.027 89.7704 88.4393 31.0709 130 61.7455 -3.24388 132.753 -26.7544 40.2996 142.921 -20.4137 18.4404 135.134 79.134 23.9054 149.22 79.5631 -6.07804 171.475 64.0263 13.3369 92.637 20.4308 
158.372 169.299 171.925 139.429 142.15 141.901 165.453 162.694 89.5249 88.303 31.8075 129.74 61.7493 -2.16021 132.502 -26.3931 41.2925 142.583 -20.0365 19.4112 135.427 79.3755 24.8676 149.461 79.7744 -5.13472 171.498 64.0764 13.3373 92.6066 20.442 
158.329 169.325 171.706 139.851 142.117 141.759 165.491 162.553 89.3737 88.1528 32.5969 129.605 61.5699 -1.30095 132.432 -26.2929 41.9672 142.35 -19.9942 20.4288 135.744 79.6007 25.8877 149.731 79.864 -4.28009 171.426 64.0609 13.3369 92.7238 20.3981 
158.049 169.069 171.607 140.145 142.079 141.462 165.323 162.447 89.1983 88.0031 33.6344 129.735 61.7308 -0.25995 132.127 -25.9909 42.8219 142.341 -19.8687 21.5512 136.121 79.7767 26.9882 150.099 79.9416 -3.37704 171.405 64.0664 13.3137 92.8487 20.3354 
157.66 168.849 171.4 140.73 142.268 141.046 165.17 162.349 88.9127 87.7301 34.8554 130.26 62.0452 0.902523 132 -25.7617 43.9077 142.845 -19.8197 22.5844 136.723 80.0446 28.0209 150.665 80.11 -2.49725 171.534 64.1064 13.3012 93.2508 20.2934 
157.481 168.873 170.794 141.408 142.416 140.779 165.25 162.596 88.5891 87.4342 35.9874 130.686 62.3846 1.93405 132.103 -25.6858 45.0759 143.646 -20.0367 23.5871 137.449 80.4097 29.017 151.3 80.331 -1.63356 171.762 64.1699 13.3509 93.9665 20.3405 
157.452 168.985 170.62 141.786 142.416 140.642 165.342 162.942 88.3003 87.2703 36.789 130.513 62.4291 2.86111 131.846 -25.6169 46.1118 143.798 -20.2673 24.4136 137.705 80.5938 29.9153 151.416 80.3785 -0.719954 171.695 64.0822 13.4138 94.6139 20.3597 
157.468 168.826 170.833 142.076 142.355 140.512 165.265 162.896 88.2111 87.3176 37.2861 130.315 62.0934 3.87601 131.803 -25.3967 46.891 143.734 -20.1926 25.2214 137.907 80.7657 30.7881 151.492 80.4036 0.157038 171.661 64.0514 13.4803 94.88 20.2004 
157.317 168.432 171.357 142.164 142.222 140.382 164.996 163.245 88.1339 87.3866 37.7414 130.025 61.8637 5.03514 131.287 -25.016 47.5804 143.188 -20.0294 25.9785 137.906 80.8805 31.6342 151.39 80.3937 1.00313 171.49 64.001 13.512 94.9356 19.8333 
157.02 168.082 172.136 142.132 142.014 140.097 164.796 164.65 87.8224 87.1958 38.5393 130.041 61.9888 6.34554 130.793 -24.6636 48.3922 142.826 -19.9528 26.8167 138.046 80.9612 32.5299 151.454 80.4174 1.86784 171.334 63.9925 13.5286 95.0601 19.4199 
156.575 168.086 172.593 142.297 141.99 139.667 164.745 164.762 87.5084 86.9304 39.5682 130.227 62.3714 7.2851 130.625 -24.5451 49.1484 142.879 -19.9377 27.6143 138.204 80.9987 33.4157 151.566 80.423 2.65767 171.247 64.0499 13.5028 95.2264 19.2746 
156.338 168.463 171.952 142.588 142.073 139.33 164.825 164.957 87.1402 86.5484 40.733 130.215 62.7873 8.15406 130.567 -24.7123 50.1252 143.308 -20.3092 28.3873 138.204 81.0094 34.2321 151.526 80.4421 3.38322 170.975 64.0705 13.4878 95.7421 19.283 
156.204 168.968 171.667 142.796 142.086 139.105 165.011 165.252 86.979 86.399 41.6249 129.851 62.8923 8.69716 130.762 -25.145 51.0198 143.889 -20.9652 29.0902 137.879 80.8814 34.9248 151.144 80.3089 4.04906 170.55 63.9928 13.5399 96.4125 19.4677 
156.144 169.169 172.019 142.844 142.025 138.991 165.002 165.287 86.9532 86.4647 42.2284 129.292 62.791 9.15431 130.889 -25.4444 51.6832 143.975 -21.3383 29.6867 137.298 80.5914 35.5289 150.496 80.0241 4.69984 170.074 63.8501 13.6091 96.6909 19.5841 
156.287 169.047 173.248 142.883 141.739 139.001 164.718 165.818 86.9219 86.6193 42.8954 128.755 62.6329 10.1846 130.579 -25.3619 52.5487 143.603 -21.2737 30.568 136.935 80.5496 36.2601 150.05 79.8985 5.38438 169.5 63.7343 13.7779 96.7439 19.547 
156.498 168.518 174.432 142.934 141.377 139.267 164.199 167.367 86.7242 86.727 43.3818 128.204 62.6321 11.347 129.963 -24.8813 53.358 142.812 -20.8492 31.3651 136.767 80.741 36.9193 149.719 79.9694 6.09936 169.09 63.7666 14.0343 96.6766 19.3368 
156.848 168.084 174.037 143.029 141.175 139.573 163.899 169.641 86.5016 86.7308 43.7553 128.057 62.6355 12.3063 129.501 -24.4102 53.8423 142.102 -20.4481 31.9063 136.922 81.102 37.4021 149.702 80.1844 6.71984 169.034 63.9141 14.2692 96.6769 18.9678 
157.182 167.952 176.726 143.028 140.941 139.715 163.587 172.091 86.2861 86.7346 44.2097 127.826 62.7547 12.963 128.705 -23.9437 54.107 141.56 -20.5314 32.391 136.887 81.3631 37.9114 149.511 80.3293 7.29791 168.845 64.057 14.4103 96.9708 18.5377 
157.204 168.208 179.921 143.093 140.816 139.766 163.446 171.904 86.1729 86.7205 44.6072 127.628 62.8508 13.1008 128.316 -23.8298 54.2149 141.162 -20.6367 32.6919 136.69 81.4113 38.3243 149.227 80.3337 7.76557 168.717 64.1808 14.4352 97.0417 18.4188 
156.912 168.457 179.046 143.154 140.872 139.7 163.355 170.494 86.2985 86.7998 44.9248 127.371 62.8995 13.0743 128.132 -23.858 54.3502 140.886 -20.6847 32.9844 136.232 81.3384 38.7275 148.79 80.2686 8.1502 168.523 64.3154 14.3661 96.8619 18.4802 
