149.344 176.533 164.532 132.451 139.435 138.298 172.937 160.339 93.764 92.7058 38.3679 104.66 0.328509 126.148 117.937 -55.5904 82.9326 114.013 -80.0418 32.5649 113.974 12.9722 25.6684 125.497 8.03987 57.2127 155.712 8.2834 12.278 96.5919 24.4741 
149.291 174.216 164.22 132.632 139.444 138.37 172.656 159.945 93.7982 92.785 38.2353 104.432 0.132862 126.212 117.169 -55.5493 83.032 113.35 -79.8335 32.5952 113.801 12.899 25.7874 125.339 7.92682 57.4138 155.391 8.12111 12.316 96.4496 24.4707 
149.276 172.269 163.999 132.852 139.264 138.552 172.451 159.596 93.8361 93.0203 38.0543 104.146 -0.0532389 126.275 116.398 -55.4429 82.9793 112.655 -79.6302 32.502 113.516 12.7037 25.8214 125.028 7.73437 57.5319 155.039 7.95754 12.4014 96.1646 24.604 
149.266 170.785 163.921 132.943 139.158 138.731 172.377 159.382 93.951 93.289 37.9444 103.871 -0.342759 126.48 115.848 -55.418 83.0435 112.201 -79.6548 32.4515 113.177 12.3624 25.8697 124.702 7.44645 57.6443 154.72 7.7361 12.4593 95.9293 24.7707 
149.291 169.707 163.954 133.135 138.86 138.94 172.431 159.376 94.0364 93.6129 37.8925 103.618 -0.570805 126.723 115.467 -55.4197 83.1753 111.909 -79.7985 32.3734 112.839 11.9756 25.8994 124.341 7.10472 57.7178 154.471 7.51896 12.5404 95.7504 24.9118 
149.343 168.998 164.034 133.154 138.558 139.156 172.471 159.431 94.1518 93.9341 37.8007 103.365 -0.914513 126.894 115.06 -55.5029 83.1778 111.577 -80.0288 32.2122 112.469 11.4718 25.8513 123.981 6.68937 57.7418 154.199 7.26458 12.6174 95.4702 25.0953 
149.465 168.707 164.183 133.011 138.196 139.402 172.504 159.562 94.2442 94.2188 37.8325 102.936 -1.29726 127.089 114.661 -55.6685 83.1939 111.197 -80.337 32.0869 111.962 10.929 25.7915 123.467 6.29605 57.7087 153.839 6.97208 12.6859 95.1818 25.2513 
149.627 168.688 164.336 132.73 137.944 139.608 172.537 159.673 94.3301 94.3684 37.9035 102.431 -1.72161 127.303 114.369 -55.9313 83.2314 110.831 -80.7066 32.0236 111.384 10.336 25.743 122.925 5.90439 57.6317 153.452 6.65299 12.7326 94.8526 25.3797 
149.792 170.274 164.618 132.143 137.604 139.956 172.184 160.549 94.2464 94.5504 38.1644 101.733 -2.39754 128.16 114.401 -55.6533 83.6232 111.174 -81.3747 32.2351 110.816 9.09504 25.8737 122.41 5.19331 57.5913 153.197 6.18856 12.8073 94.3103 25.8991 
149.819 171.665 165.249 131.43 137.39 140.163 172.07 161.477 93.9315 94.5197 38.2361 100.982 -3.20548 128.744 114.357 -55.6726 84.0552 111.429 -82.1777 32.2641 110.299 7.73097 25.7776 121.919 4.37007 57.427 152.773 5.65795 12.8443 93.9558 26.1711 
149.738 172.792 165.926 130.924 137.298 140.294 172.034 162.252 93.5149 94.3032 38.1685 100.36 -4.02823 128.91 114.197 -55.9802 84.2319 111.572 -82.9768 32.1367 110.057 6.57428 25.5715 121.698 3.60709 57.2146 152.389 5.08969 12.8948 93.8185 26.2738 
149.661 173.797 166.613 130.699 137.395 140.357 172.095 162.922 93.1793 93.9314 37.81 99.8283 -4.96258 128.856 113.828 -56.4632 84.352 111.571 -83.8601 31.7781 109.994 5.69508 25.2035 121.686 2.87749 56.9524 151.973 4.44968 12.9135 94.0968 26.2323 
149.72 174.576 167.319 130.425 137.505 140.485 172.035 163.531 92.8786 93.6717 37.4989 99.4304 -5.79183 128.736 113.285 -56.9038 84.4268 111.411 -84.679 31.5115 109.973 4.96332 24.9394 121.678 2.30243 56.7442 151.675 3.81798 12.9741 94.3073 26.1249 
149.73 175.234 168.116 130.219 137.591 140.506 171.968 164.117 92.6741 93.4867 37.2073 99.1706 -6.35016 128.601 112.838 -57.3392 84.4928 111.226 -85.4764 31.3972 109.883 4.39653 24.8199 121.586 1.84816 56.5653 151.492 3.21884 13.059 94.5039 25.9733 
149.776 175.78 168.994 130.13 137.662 140.474 171.987 164.777 92.544 93.2854 36.8059 98.9983 -6.76395 128.412 112.37 -57.8368 84.6289 111.105 -86.3592 31.2974 109.768 3.92084 24.7015 121.492 1.42434 56.3957 151.367 2.63283 13.11 94.8152 25.6937 
149.985 176.173 169.753 129.986 137.629 140.528 172.025 165.404 92.4158 93.1043 36.5822 98.6824 -6.92968 128.126 111.933 -58.4763 84.6242 110.808 -87.172 31.2501 109.495 3.61239 24.5703 121.175 1.15603 56.1726 151.225 2.09884 13.129 95.0561 25.3434 
150.119 176.463 170.245 129.942 137.581 140.559 172.24 165.875 92.3399 92.8885 36.3668 98.367 -7.2738 127.983 111.818 -59.1835 84.602 110.739 -88.0321 31.0927 109.242 3.21164 24.3483 120.912 0.743079 55.9278 151.045 1.56888 13.1079 95.3668 25.1684 
150.166 176.705 170.548 130.049 137.637 140.586 172.505 166.203 92.2531 92.6244 35.9748 98.0654 -7.83032 127.694 111.583 -60.0357 84.3761 110.713 -88.9364 30.709 109.157 2.85631 23.9283 120.839 0.279893 55.6536 150.784 1.00662 13.0135 95.8881 25.0489 
150.034 176.936 170.802 130.216 137.727 140.533 172.863 166.546 92.0352 92.3318 35.4906 97.7522 -8.51471 127.434 111.337 -60.888 84.1945 110.81 -89.9553 30.2047 109.194 2.48079 23.4366 120.843 -0.288424 55.3691 150.411 0.415487 12.9169 96.7276 24.9989 
149.862 177.066 171.107 130.571 137.909 140.405 173.14 166.892 91.8157 92.0108 34.8834 97.4966 -9.29483 127.075 110.822 -61.6709 84.1055 110.854 -90.9665 29.6002 109.335 2.17967 22.8984 120.96 -0.879139 55.0993 149.988 -0.160112 12.8136 97.7108 24.841 
149.684 177.119 171.3 130.841 138.061 140.305 173.364 167.13 91.5891 91.7409 34.3631 97.1212 -10.0435 126.814 110.274 -62.361 84.0853 110.729 -91.852 29.1043 109.316 1.84906 22.455 120.903 -1.44449 54.8565 149.46 -0.711671 12.7395 98.5488 24.7172 
149.545 177.119 171.522 131.104 138.234 140.193 173.475 167.368 91.3737 91.5017 33.9632 96.7574 -10.6337 126.614 109.681 -62.8747 84.1278 110.532 -92.644 28.8007 109.244 1.60525 22.1678 120.795 -1.88321 54.6698 148.983 -1.22011 12.6821 99.2957 24.6029 
149.434 177.153 171.788 131.35 138.334 140.148 173.715 167.684 91.1434 91.2448 33.6757 96.3137 -11.0205 126.462 109.076 -63.334 84.2335 110.303 -93.3647 28.5065 109.131 1.4679 21.9062 120.652 -2.19468 54.524 148.49 -1.59709 12.6459 100.059 24.4529 
149.448 176.975 171.584 131.609 138.022 140.178 173.585 167.654 90.6629 91.2855 33.5528 96.0027 -11.1323 126.277 108.756 -63.5724 84.1812 109.857 -93.507 28.4586 108.943 1.2006 21.8486 120.174 -2.47506 54.3671 148.192 -1.89632 12.7464 100.108 24.3274 
149.448 176.887 171.48 131.733 137.732 140.262 173.578 167.711 90.3833 91.3793 33.5756 95.3907 -11.2254 126.119 108.228 -63.9585 84.0614 109.242 -93.8332 28.4327 108.43 0.876202 21.82 119.47 -2.79661 54.2615 147.677 -2.26835 12.8249 100.17 24.2627 
149.5 176.849 171.326 131.861 137.301 140.409 173.689 167.85 90.1498 91.5081 33.6642 94.7848 -11.1746 125.968 107.918 -64.3474 83.8311 108.815 -94.1942 28.3811 107.903 0.576653 21.7835 118.772 -3.08383 54.1379 147.241 -2.56292 12.9209 100.237 24.2806 
149.518 176.841 171.148 131.989 136.962 140.575 173.83 168.054 90.0023 91.7446 33.7829 94.2255 -11.396 125.967 107.683 -64.7088 83.7817 108.683 -94.7056 28.3317 107.396 0.0934601 21.7537 118.153 -3.50436 54.062 146.799 -2.89623 12.9854 100.356 24.3552 
149.603 176.879 171.056 131.863 136.946 140.703 173.958 168.41 90.1043 91.9229 33.9523 93.6068 -11.6679 126.048 107.365 -65.1184 83.917 108.635 -95.4021 28.3764 106.788 -0.278176 21.7688 117.559 -3.81263 54.0408 146.313 -3.25065 12.9672 100.671 24.3567 
149.684 176.969 171.081 131.771 137.056 140.795 174.186 168.856 90.2888 92.0649 33.9946 93.1074 -12.1178 126.172 106.978 -65.6042 84.1601 108.681 -96.2463 28.3556 106.284 -0.694135 21.7601 117.144 -4.17117 54.0855 145.841 -3.65776 12.9374 101.131 24.3379 
149.798 177.074 171.119 131.679 137.209 140.948 174.419 169.354 90.5025 92.1468 34.1217 92.6551 -12.6347 126.306 106.555 -66.0839 84.4756 108.792 -97.093 28.3475 105.933 -1.04824 21.7686 116.915 -4.49921 54.1816 145.445 -4.0727 12.8871 101.667 24.2877 
149.852 177.227 171.15 131.638 137.079 141.092 174.874 170.163 90.267 92.0836 34.27 91.9648 -13.7481 126.754 105.751 -67.1315 85.1976 108.754 -98.5511 28.5463 105.644 -1.96129 22.0282 116.626 -5.39045 54.6171 144.724 -5.00561 12.8906 102.521 24.2153 
149.799 177.275 171.082 131.776 136.55 141.081 175.104 170.62 89.6166 91.8969 34.3716 91.6172 -13.9553 127.078 105.518 -67.459 85.5556 108.541 -98.8652 28.8176 105.648 -2.19189 22.3071 116.358 -5.6845 54.8163 144.392 -5.30679 13 102.898 24.181 
149.607 177.283 170.992 132.034 135.948 141.023 175.33 170.927 88.8015 91.6619 34.5134 91.3192 -14.3022 127.399 105.34 -67.8681 85.8899 108.206 -99.0972 29.0618 105.783 -2.56104 22.6065 116.144 -6.17181 55.0543 144.061 -5.67709 13.1639 103.156 24.1508 
149.37 177.241 170.806 132.288 135.44 140.925 175.471 171.016 87.9966 91.4353 34.6404 90.9297 -14.5371 127.664 105.108 -68.1672 86.1504 107.591 -99.0956 29.2792 105.837 -2.83638 22.8693 115.808 -6.62002 55.2426 143.656 -5.99362 13.3318 103.293 24.1176 
149.114 177.201 170.579 132.359 135.073 140.86 175.585 170.972 87.3523 91.3167 34.6383 90.437 -14.8339 127.813 104.63 -68.4329 86.3025 106.781 -99.0544 29.3473 105.814 -3.087 23.0149 115.426 -7.06514 55.3957 143.116 -6.30236 13.4899 103.437 24.1084 
148.813 177.169 170.365 131.981 135.118 140.75 175.689 170.823 87.1142 91.3219 34.5613 89.9957 -15.2691 127.918 104.103 -68.6581 86.4288 106.141 -99.1389 29.3188 105.69 -3.39595 23.05 115.147 -7.46443 55.5387 142.555 -6.57743 13.5418 103.549 24.1514 
148.552 177.21 170.235 131.998 135.12 140.606 175.814 170.783 86.84 91.2873 34.4317 89.5147 -15.5658 128.037 103.552 -68.8143 86.5945 105.62 -99.3773 29.2728 105.459 -3.64497 23.054 114.796 -7.79914 55.6299 141.96 -6.79481 13.5842 103.825 24.2018 
148.338 177.269 170.219 132.021 135.468 140.443 175.925 170.762 86.7282 91.2922 34.3271 89.2493 -16.0062 128.118 103.17 -69.0647 86.7929 105.571 -99.8286 29.2326 105.322 -3.95781 23.0403 114.674 -8.0713 55.7419 141.531 -6.97703 13.5564 104.127 24.2034 
148.137 177.311 170.335 132.12 135.859 140.231 176.019 170.91 86.6151 91.2101 34.2061 89.0425 -16.4082 128.112 102.692 -69.3103 87.0285 105.595 -100.315 29.1562 105.256 -4.19718 22.9645 114.684 -8.25652 55.8256 141.141 -7.13296 13.4819 104.538 24.1123 
148.069 177.39 170.465 132.502 136.07 140.094 176.117 171.162 86.3901 91.1287 34.1435 88.6882 -16.5614 128.112 102.094 -69.4473 87.2754 105.425 -100.664 29.114 105.11 -4.24537 22.9075 114.517 -8.28211 55.8791 140.712 -7.23941 13.4448 105.024 23.9802 
148.075 177.456 170.582 132.827 136.156 140.06 176.212 171.367 86.173 91.0926 34.1502 88.3335 -16.6565 128.067 101.534 -69.5522 87.4064 105.231 -100.925 29.0488 105.019 -4.23445 22.8417 114.374 -8.25539 55.9095 140.348 -7.3192 13.436 105.459 23.8877 
148.178 177.507 170.593 133.167 136.123 140.094 176.275 171.552 85.9184 91.0837 34.1579 87.9068 -16.5294 128.006 101.006 -69.6 87.4337 104.854 -100.993 29.0121 104.858 -4.07553 22.7875 114.075 -8.11234 55.8927 139.998 -7.35188 13.4607 105.824 23.8014 
148.295 177.553 170.657 133.679 135.98 140.169 176.337 171.758 85.6188 91.0597 34.1544 87.472 -16.3803 127.946 100.424 -69.5839 87.4238 104.417 -101.022 28.9544 104.752 -3.85882 22.7359 113.78 -7.98624 55.8699 139.654 -7.38626 13.5197 106.239 23.7562 
148.427 177.571 170.662 134.229 135.736 140.325 176.401 171.927 85.345 91.0887 34.1599 87.0394 -16.2668 127.92 99.9479 -69.5497 87.3229 103.997 -100.967 28.8523 104.641 -3.69993 22.6444 113.474 -7.91683 55.8072 139.342 -7.42581 13.5863 106.529 23.7988 
148.533 177.595 170.594 135.068 135.394 140.46 176.45 172.023 85.0935 91.1247 34.0556 86.5627 -16.162 127.882 99.479 -69.5452 87.1592 103.491 -100.894 28.731 104.399 -3.56745 22.551 113.037 -7.90639 55.7069 138.958 -7.50024 13.6799 106.767 23.8671 
148.617 177.587 170.523 135.965 135.052 140.577 176.492 172.066 84.9132 91.174 34.0678 86.1695 -16.1046 127.984 99.1799 -69.4989 87.0585 103.062 -100.806 28.6751 104.169 -3.49178 22.538 112.633 -7.96528 55.6527 138.662 -7.59587 13.788 106.9 24.003 
148.723 177.565 170.4 136.645 134.779 140.726 176.476 172.022 84.8553 91.3097 34.0477 85.7865 -16.0712 128.005 98.8904 -69.4415 86.8739 102.662 -100.732 28.5917 103.874 -3.47016 22.4902 112.212 -8.04369 55.5557 138.384 -7.70647 13.8712 106.929 24.1596 
148.812 177.519 170.234 137.353 134.513 140.855 176.463 171.936 84.8529 91.437 33.9483 85.4713 -16.0866 128.032 98.71 -69.4029 86.6826 102.298 -100.678 28.4672 103.57 -3.52331 22.3988 111.817 -8.20633 55.4106 138.155 -7.85946 13.9384 106.887 24.3324 
148.872 177.43 170.024 138.165 134.252 140.992 176.409 171.774 84.8741 91.5809 33.8612 85.2422 -16.2192 128.069 98.7067 -69.4423 86.521 102.009 -100.648 28.3262 103.323 -3.68392 22.3195 111.473 -8.487 55.2577 138.01 -8.08351 14.0389 106.772 24.4873 
148.892 177.293 169.843 138.973 134.204 141.087 176.296 171.563 84.9104 91.7052 33.776 85.1419 -16.4749 128.079 98.8509 -69.5391 86.4138 101.927 -100.695 28.2035 103.205 -3.90265 22.2564 111.276 -8.80937 55.11 137.975 -8.33222 14.1304 106.653 24.5939 
148.846 177.186 169.723 139.636 134.192 141.054 176.161 171.364 84.8658 91.7346 33.6906 85.1565 -16.6959 128.062 99.085 -69.6911 86.3963 101.927 -100.804 28.1712 103.14 -4.13033 22.2722 111.121 -9.10063 54.986 138.006 -8.58367 14.2411 106.556 24.5931 
148.766 177.091 169.7 139.824 134.428 140.955 176.023 171.196 84.8739 91.7644 33.6507 85.345 -16.9348 128.101 99.5558 -69.8758 86.4713 102.214 -101.021 28.2587 103.176 -4.38592 22.3544 111.12 -9.3375 54.9072 138.194 -8.80617 14.2837 106.444 24.5696 
148.654 177.041 169.702 139.36 134.761 140.831 175.886 171.053 84.9715 91.8078 33.6026 85.5938 -17.14 128.058 99.9553 -70.0469 86.5432 102.48 -101.205 28.3594 103.226 -4.61761 22.3992 111.198 -9.46583 54.8266 138.424 -8.97696 14.2463 106.236 24.4738 
148.507 177.004 169.72 138.588 135.192 140.72 175.756 170.893 85.1365 91.8334 33.4527 85.857 -17.4475 127.893 100.255 -70.3045 86.4967 102.792 -101.459 28.3867 103.279 -4.92923 22.3522 111.371 -9.61067 54.7185 138.63 -9.15279 14.1499 105.963 24.3761 
148.334 176.971 169.637 137.747 135.594 140.581 175.59 170.685 85.3409 91.8742 33.2909 86.1223 -17.709 127.715 100.538 -70.4878 86.4506 103.078 -101.64 28.4239 103.275 -5.23362 22.3217 111.518 -9.73704 54.6187 138.815 -9.27833 14.0554 105.625 24.2801 
148.175 176.957 169.616 136.51 136.089 140.432 175.447 170.444 85.763 91.9546 33.1326 86.387 -17.9365 127.581 100.917 -70.6808 86.3376 103.348 -101.839 28.4909 103.132 -5.47718 22.2811 111.59 -9.79029 54.4864 139.005 -9.36998 13.9038 105.195 24.2398 
148.013 176.935 169.54 135.65 136.46 140.345 175.338 170.247 86.1972 92.0718 32.9088 86.6291 -18.1819 127.403 101.164 -70.7859 86.1839 103.549 -101.964 28.4345 102.977 -5.73932 22.1536 111.692 -9.87275 54.3166 139.155 -9.43041 13.7641 104.734 24.2277 
147.879 176.912 169.465 134.647 136.932 140.283 175.247 170.033 86.8358 92.196 32.6743 86.8462 -18.4648 127.274 101.318 -70.8231 86.016 103.714 -102.099 28.3221 102.735 -5.96783 21.9679 111.811 -9.91456 54.1413 139.26 -9.46761 13.577 104.27 24.2864 
147.758 176.847 169.322 133.862 137.261 140.249 175.141 169.832 87.4531 92.3153 32.4251 86.9933 -18.6796 127.072 101.329 -70.828 85.7165 103.67 -102.146 28.1712 102.451 -6.17018 21.7545 111.883 -9.9564 53.9364 139.316 -9.52585 13.4121 103.762 24.3841 
147.738 176.803 169.271 133.166 137.554 140.266 175.101 169.686 88.1722 92.4481 32.2423 87.1036 -18.7868 126.918 101.363 -70.8042 85.4162 103.581 -102.163 28.0199 102.131 -6.20739 21.5535 111.926 -9.86757 53.744 139.385 -9.51324 13.2611 103.307 24.489 
147.773 176.747 169.24 132.58 137.708 140.312 175.076 169.565 88.8722 92.5464 32.0769 87.1039 -18.8289 126.756 101.352 -70.7526 85.1362 103.378 -102.129 27.8426 101.764 -6.20101 21.3411 111.892 -9.79181 53.5289 139.401 -9.50707 13.1381 102.895 24.5726 
147.857 176.697 169.241 132.179 137.881 140.366 175.04 169.474 89.5375 92.6212 31.8628 87.084 -18.8545 126.531 101.264 -70.7332 84.7833 103.147 -102.12 27.6191 101.415 -6.13832 21.0868 111.851 -9.68954 53.2691 139.407 -9.51276 13.0299 102.561 24.6434 
147.982 176.683 169.23 131.901 138 140.397 174.981 169.41 90.0419 92.6355 31.629 87.0087 -18.7576 126.23 101.066 -70.7252 84.3928 102.819 -102.057 27.4035 101.093 -5.95822 20.8285 111.761 -9.49557 53.0062 139.363 -9.48122 12.9388 102.339 24.6507 
148.159 176.648 169.232 131.801 138.053 140.43 174.885 169.355 90.3868 92.6697 31.3698 86.8549 -18.5573 125.816 100.777 -70.7558 83.9526 102.417 -101.957 27.1712 100.744 -5.77931 20.5511 111.55 -9.31131 52.7158 139.269 -9.44526 12.8743 102.142 24.5825 
148.343 176.649 169.268 131.848 137.918 140.522 174.839 169.37 90.4434 92.6873 31.1832 86.628 -18.2187 125.414 100.543 -70.7491 83.5218 102.108 -101.817 26.9683 100.482 -5.61925 20.3163 111.309 -9.13124 52.4258 139.175 -9.37806 12.874 102.043 24.5212 
148.565 176.666 169.42 132.092 137.568 140.62 174.86 169.532 90.2229 92.6336 31.0174 86.4003 -17.7512 125.065 100.331 -70.6678 83.1586 101.879 -101.683 26.761 100.341 -5.44266 20.0988 111.064 -8.99356 52.1314 139.107 -9.27201 12.9214 102.095 24.4667 
148.792 176.743 169.532 132.324 137.122 140.756 174.964 169.746 89.8725 92.5762 30.8647 86.2105 -17.2598 124.746 100.181 -70.5761 82.7691 101.698 -101.536 26.5065 100.357 -5.21191 19.8582 110.899 -8.83233 51.8489 139.077 -9.14906 12.9934 102.277 24.4602 
149.002 176.832 169.684 132.735 136.68 140.883 175.074 169.957 89.2835 92.5057 30.7525 86.0713 -16.8316 124.533 100.129 -70.4927 82.4816 101.685 -101.426 26.2545 100.57 -4.98645 19.6489 110.781 -8.72502 51.6026 139.08 -9.04335 13.1199 102.662 24.4686 
149.219 176.897 169.818 133.221 136.209 141.037 175.184 170.166 88.6219 92.4834 30.686 85.9812 -16.4597 124.392 100.252 -70.4078 82.2531 101.797 -101.316 25.9849 100.884 -4.75658 19.4558 110.665 -8.64907 51.3788 139.127 -8.92662 13.2998 103.128 24.4963 
149.396 176.91 169.885 133.621 135.87 141.172 175.198 170.335 87.9814 92.5115 30.6421 85.9007 -16.1666 124.232 100.25 -70.2508 82.0636 101.89 -101.153 25.7538 101.197 -4.5771 19.276 110.563 -8.57166 51.1655 139.159 -8.82565 13.4668 103.526 24.5029 
149.534 176.906 169.853 133.941 135.584 141.266 175.153 170.443 87.4327 92.5431 30.583 85.8492 -15.9288 124.112 100.25 -70.005 81.9322 101.961 -100.928 25.5697 101.43 -4.44275 19.1291 110.457 -8.48175 50.9755 139.167 -8.70995 13.6145 103.818 24.5238 
149.627 176.923 169.843 134.1 135.453 141.34 175.15 170.506 87.0748 92.6336 30.473 85.9335 -15.8366 124.005 100.372 -69.8181 81.9042 102.221 -100.815 25.3657 101.674 -4.42537 18.9681 110.469 -8.45851 50.8138 139.254 -8.60579 13.7232 104.043 24.5013 
149.735 176.908 169.841 134.062 135.417 141.421 175.069 170.545 86.8616 92.7729 30.4069 86.0581 -15.763 123.926 100.451 -69.5648 81.9715 102.494 -100.675 25.2557 101.864 -4.41846 18.8792 110.495 -8.40574 50.7223 139.374 -8.47898 13.7919 104.144 24.446 
149.766 176.897 169.839 134.004 135.494 141.462 174.979 170.549 86.7297 92.9261 30.2941 86.2521 -15.8659 123.804 100.544 -69.3366 82.0709 102.896 -100.623 25.0733 102.063 -4.54559 18.7363 110.618 -8.4427 50.6144 139.493 -8.36084 13.8423 104.19 24.377 
149.798 176.877 169.828 134.043 135.538 141.5 174.872 170.581 86.5884 93.0226 30.2123 86.4693 -15.9176 123.655 100.616 -69.0825 82.1607 103.294 -100.555 24.9135 102.31 -4.64788 18.6037 110.823 -8.47733 50.5121 139.665 -8.23896 13.8754 104.213 24.3036 
149.801 176.864 169.863 133.699 135.782 141.479 174.764 170.599 86.5565 93.1093 30.1435 86.7329 -16.0246 123.493 100.726 -68.8421 82.2761 103.728 -100.525 24.7788 102.554 -4.74566 18.4661 111.09 -8.44147 50.4162 139.849 -8.10112 13.8614 104.214 24.2087 
149.718 176.85 169.912 133.513 136.183 141.355 174.668 170.579 86.5652 93.1054 29.9602 87.1315 -16.2395 123.247 100.859 -68.6988 82.3409 104.231 -100.531 24.5783 102.91 -4.8942 18.2704 111.566 -8.46201 50.3138 140.094 -7.97967 13.8156 104.174 24.0828 
149.63 176.853 169.96 133.328 136.582 141.23 174.575 170.587 86.6106 93.0517 29.8384 87.4883 -16.378 123.025 101.073 -68.6074 82.3452 104.762 -100.556 24.4178 103.214 -4.95615 18.0846 112.006 -8.40036 50.192 140.346 -7.84549 13.7502 104.16 23.9813 
149.535 176.825 170.005 133.552 136.897 141.093 174.469 170.591 86.6016 92.9771 29.7526 87.8618 -16.512 122.861 101.316 -68.5326 82.3363 105.274 -100.564 24.2743 103.499 -5.02509 17.9506 112.407 -8.38481 50.0907 140.605 -7.70827 13.7321 104.087 23.9091 
149.442 176.782 170.018 133.598 137.178 140.965 174.365 170.543 86.5961 92.8877 29.686 88.1893 -16.588 122.698 101.559 -68.4797 82.2499 105.654 -100.481 24.158 103.77 -5.05269 17.8252 112.777 -8.3426 49.9873 140.852 -7.57085 13.7031 103.941 23.8546 
149.339 176.781 170.017 133.658 137.276 140.838 174.305 170.482 86.5781 92.8201 29.5739 88.4454 -16.4909 122.517 101.776 -68.3677 82.1029 105.866 -100.283 24.0576 103.968 -4.9528 17.719 113.018 -8.23876 49.867 141.055 -7.39903 13.6938 103.809 23.8072 
149.284 176.788 170.015 133.791 137.247 140.78 174.268 170.432 86.5715 92.7857 29.5065 88.749 -16.2845 122.32 102.033 -68.2602 81.8557 106.031 -100.033 23.952 104.24 -4.78753 17.6421 113.299 -8.11251 49.7632 141.36 -7.22037 13.7243 103.632 23.792 
149.279 176.754 169.937 133.783 137.17 140.745 174.15 170.284 86.586 92.7881 29.4418 88.9784 -15.951 122.066 102.213 -68.1096 81.5513 105.944 -99.6028 23.9039 104.42 -4.51036 17.609 113.442 -7.89385 49.662 141.621 -7.01368 13.7635 103.355 23.7309 
149.266 176.691 169.788 133.521 137.17 140.699 173.946 169.98 86.6558 92.7942 29.4151 89.2 -15.6382 121.787 102.367 -67.9649 81.1849 105.661 -99.0427 23.9363 104.562 -4.21082 17.6254 113.548 -7.62722 49.5699 141.877 -6.84636 13.7882 102.923 23.6617 
149.34 176.612 169.7 133.218 137.127 140.718 173.759 169.631 86.8322 92.8373 29.4318 89.4196 -15.2797 121.561 102.515 -67.7981 80.8044 105.31 -98.4757 23.9667 104.634 -3.90107 17.6505 113.61 -7.35313 49.4879 142.158 -6.66605 13.8128 102.396 23.6332 
149.426 176.524 169.698 133.243 137.063 140.708 173.559 169.268 86.954 92.8601 29.3961 89.7011 -14.9883 121.395 102.652 -67.5958 80.5409 105.029 -97.9575 23.9939 104.722 -3.65466 17.7032 113.693 -7.12803 49.424 142.45 -6.50259 13.8729 101.896 23.5933 
149.518 176.451 169.749 133.18 136.985 140.712 173.405 168.982 87.0702 92.8704 29.3841 89.9986 -14.6647 121.296 102.818 -67.3652 80.3201 104.83 -97.505 24.0525 104.836 -3.41032 17.7695 113.804 -6.90594 49.3771 142.772 -6.34808 13.9151 101.463 23.5958 
149.607 176.39 169.888 133.144 136.957 140.693 173.257 168.756 87.1679 92.8634 29.393 90.3788 -14.4353 121.295 103.098 -67.1281 80.2357 104.883 -97.1972 24.1468 105.012 -3.27098 17.8658 113.999 -6.76336 49.3523 143.159 -6.23184 13.9513 101.114 23.6177 
149.703 176.329 169.996 133.287 136.91 140.738 173.107 168.562 87.2278 92.9058 29.4303 90.7873 -14.2886 121.328 103.468 -66.9049 80.2011 105.193 -96.9911 24.2245 105.234 -3.23462 17.9613 114.238 -6.69016 49.3352 143.589 -6.11306 14.0037 100.794 23.6572 
149.789 176.372 170.209 133.596 136.907 140.822 172.98 168.422 87.2375 92.9897 29.2869 91.4918 -14.2049 121.355 104.03 -66.4729 80.269 106.059 -96.8596 24.1757 105.78 -3.2475 17.9359 114.825 -6.6184 49.2412 144.277 -5.9254 14.0435 100.646 23.7213 
