153.781 171.34 158.047 131.628 139.413 142.584 162.365 155.271 94.389 95.8404 11.9036 108.007 1.44063 98.9657 122.972 -48.2347 54.4965 119.747 -77.2995 7.92585 116.039 10.7001 -0.904723 126.783 7.03744 26.369 162.516 6.73453 11.9408 92.3077 26.5371 
153.981 171.471 156.789 131.241 139.15 142.95 162.778 154.575 94.2385 95.8146 11.6644 107.909 1.30403 98.806 123.377 -48.2247 53.7031 119.856 -76.9574 7.3988 116.617 10.847 -1.43225 127.238 7.11491 25.8622 162.763 6.69779 11.9205 92.2854 26.9994 
154.048 171.653 156.049 131.076 139.027 143.162 163.146 154.062 93.8736 95.548 11.4837 107.909 0.846687 98.6427 123.776 -48.3214 53.1574 120.183 -76.9085 6.83734 117.481 10.9219 -1.97427 127.943 7.0284 25.4126 163.035 6.53667 11.896 92.5972 27.3083 
154.184 171.793 155.67 130.934 138.857 143.326 163.433 153.868 93.5646 95.2791 11.487 107.833 0.620841 98.5961 124.131 -48.3359 52.9691 120.412 -76.9281 6.5261 118.075 11.0833 -2.32343 128.362 7.06604 25.0174 163.249 6.40627 11.8792 92.9183 27.4109 
154.375 171.943 155.455 130.819 138.721 143.548 163.538 153.912 93.4598 95.2179 11.346 107.744 0.610047 98.3774 124.314 -48.3318 52.6837 120.498 -76.9997 6.29561 118.333 11.3084 -2.60549 128.464 7.22995 24.5914 163.387 6.2999 11.8805 93.157 27.4438 
154.653 171.998 155.106 130.666 138.564 143.853 163.489 153.96 93.6341 95.3969 11.2266 107.637 0.890555 98.0677 124.484 -48.2756 52.2799 120.445 -76.9364 6.17867 118.259 11.5969 -2.80232 128.307 7.55241 24.1573 163.513 6.28084 11.8821 93.1382 27.4759 
154.955 171.879 154.516 130.565 138.502 144.156 163.195 153.847 93.889 95.6961 11.2288 107.71 1.31173 97.6464 124.836 -48.1926 51.7014 120.446 -76.7166 6.20136 118.111 11.9114 -2.88584 128.085 8.00839 23.7065 163.765 6.35486 11.9084 92.8467 27.5155 
155.261 171.688 153.8 130.389 138.43 144.423 162.852 153.707 94.0713 95.9278 10.9862 107.866 1.84384 97.0546 124.947 -47.9932 50.9255 120.29 -76.3075 6.01521 118.107 12.2809 -3.13946 128.035 8.46727 23.2247 164.043 6.48441 11.9235 92.5468 27.5875 
155.699 171.454 152.471 130.007 138.277 144.71 162.483 153.143 94.1227 96.1488 10.276 108.313 2.67633 96.0602 125.274 -47.6093 49.3997 119.992 -75.4447 5.46031 118.315 12.7469 -3.7375 128.138 9.09285 22.2892 164.588 6.69936 12.0184 91.8977 27.8883 
155.8 171.382 152.172 129.823 138.257 144.666 162.369 152.798 94.0762 96.1488 9.98319 108.618 2.88864 95.8456 125.512 -47.5515 48.812 119.911 -75.1652 5.303 118.375 12.6898 -3.88075 128.216 9.13422 22.0664 164.795 6.74916 12.0815 91.5127 28.1541 
155.765 171.431 152.337 129.595 138.264 144.514 162.368 152.583 93.8454 96.128 9.64876 108.865 2.99819 95.5988 125.828 -47.4876 48.3186 119.99 -75.0622 5.04535 118.417 12.3812 -4.11559 128.252 9.02828 21.7211 164.933 6.75442 12.1925 91.1683 28.3784 
155.614 171.442 152.827 129.541 138.304 144.269 162.423 152.502 93.587 95.9937 9.43586 109.106 3.04705 95.5365 126.319 -47.4726 48.1415 120.311 -75.1311 4.88275 118.505 12.0567 -4.27821 128.35 8.83219 21.4534 165.073 6.76909 12.2662 91.0175 28.5232 
155.411 171.615 153.573 129.544 138.404 143.977 162.6 152.663 93.2933 95.7999 9.1039 109.349 2.93515 95.3983 126.637 -47.4112 48.0783 120.806 -75.3852 4.57401 118.72 11.6658 -4.57333 128.631 8.56015 21.1821 165.204 6.77894 12.3202 91.0586 28.5606 
155.17 171.779 154.149 129.611 138.509 143.661 162.722 152.856 93.0061 95.5133 8.8306 109.578 2.9109 95.2649 126.893 -47.3209 48.0723 121.207 -75.5259 4.31397 119.027 11.5397 -4.83902 128.972 8.41955 20.9493 165.337 6.80576 12.3277 91.2738 28.537 
154.934 171.938 154.815 129.714 138.625 143.352 162.869 153.188 92.6731 95.1647 8.59218 109.764 2.93471 95.1463 127.064 -47.2223 48.1308 121.594 -75.7213 4.04854 119.366 11.4945 -5.12447 129.343 8.34536 20.7296 165.45 6.85406 12.3148 91.6103 28.4686 
154.743 172.081 155.356 129.868 138.732 143.121 162.978 153.585 92.4217 94.8145 8.43035 109.897 2.88531 95.0204 127.11 -47.0773 48.2197 121.947 -75.887 3.76243 119.742 11.5699 -5.44426 129.749 8.30919 20.5133 165.559 6.89887 12.2523 92.0285 28.3634 
154.653 172.141 155.735 130.072 138.847 143.003 162.952 153.918 92.3144 94.5697 8.32099 109.966 2.91944 94.8787 127.15 -46.9015 48.2022 122.254 -75.9823 3.51151 119.994 11.7762 -5.7355 130.043 8.42158 20.3024 165.647 7.01324 12.1844 92.4028 28.3099 
154.581 172.197 156.167 130.386 138.931 142.937 162.906 154.324 92.2068 94.2788 8.0355 110.012 2.89843 94.6925 127.087 -46.696 48.2082 122.585 -76.0993 3.14893 120.303 12.0928 -6.12213 130.365 8.51587 20.0724 165.705 7.16845 12.0708 92.9296 28.2129 
154.624 172.218 156.572 130.645 138.973 143.046 162.846 154.834 92.3204 94.1139 7.78678 110.052 2.84033 94.4309 126.847 -46.4544 48.1411 122.779 -76.143 2.71239 120.585 12.4899 -6.56894 130.716 8.69433 19.8572 165.805 7.35174 11.9381 93.3357 28.0928 
154.751 172.212 156.865 130.8 138.949 143.23 162.752 155.211 92.5403 94.0182 7.55025 109.997 2.92374 94.1998 126.525 -46.1446 47.9952 122.755 -76.0609 2.35606 120.641 12.9091 -6.9534 130.879 8.96265 19.6417 165.83 7.57438 11.8209 93.5279 28.0459 
154.998 172.197 157.129 130.861 138.875 143.537 162.633 155.626 92.9482 94.0737 7.34147 109.909 3.15464 93.9323 126.145 -45.7809 47.7873 122.579 -75.8683 2.05423 120.546 13.3892 -7.29341 130.93 9.34028 19.4222 165.875 7.82579 11.7102 93.5427 28.0006 
155.241 172.166 157.5 130.869 138.731 143.825 162.521 156.02 93.4034 94.1549 7.04551 109.806 3.42395 93.5818 125.676 -45.4027 47.6039 122.312 -75.6209 1.69472 120.411 13.8432 -7.67588 130.961 9.66102 19.1918 165.904 8.08146 11.5914 93.4884 27.88 
155.518 172.042 157.439 130.795 138.546 144.117 162.32 156.078 93.9778 94.3854 6.96169 109.672 3.87143 93.2657 125.443 -45.0692 47.3088 121.85 -75.1376 1.53259 120.007 14.2655 -7.88302 130.717 10.0455 18.9754 165.905 8.35802 11.5163 93.0727 27.8208 
155.79 171.844 157.089 130.688 138.432 144.36 162.02 155.966 94.4301 94.6389 6.88458 109.438 4.33686 92.9474 125.235 -44.739 47.0446 121.299 -74.5588 1.51783 119.469 14.6524 -7.96102 130.256 10.4651 18.7571 165.776 8.62689 11.4843 92.6024 27.7258 
156.221 171.514 156.435 130.511 138.324 144.658 161.574 155.682 95.0698 95.131 6.8593 108.952 5.30527 92.5697 125.045 -44.0664 46.596 120.243 -73.3999 1.61089 118.423 15.43 -7.98229 129.185 11.3114 18.3308 165.436 9.14059 11.4817 91.8341 27.6832 
156.437 171.246 155.806 130.265 138.338 144.775 161.298 155.087 95.3011 95.5474 6.90297 108.716 5.76205 92.4765 124.976 -43.779 46.2739 119.627 -72.7025 1.80097 117.751 15.5497 -7.83698 128.441 11.6375 18.1823 165.201 9.33829 11.5499 91.1565 27.7897 
156.257 170.965 156.703 130.626 139.012 144.171 160.266 155.303 94.9661 95.4017 6.16292 108.715 5.89052 92.0927 124.67 -43.369 46.4745 119.295 -72.6768 1.80286 116.732 14.9414 -7.8773 127.427 11.4011 17.9999 164.611 9.49574 11.663 90.6975 27.5068 
155.72 170.695 157.075 131.184 139.588 143.441 159.224 155.074 94.8589 95.3926 5.2937 108.92 5.96444 91.5752 124.41 -43.0978 46.4943 119.135 -72.6097 1.66385 115.868 14.3292 -8.05562 126.685 11.0697 17.7802 164.174 9.61555 11.7229 90.212 27.216 
155.137 170.45 157.197 131.839 140.102 142.755 158.358 154.789 94.9526 95.5513 4.47199 109.157 6.11551 91.145 124.311 -42.8621 46.4505 119.113 -72.5436 1.54435 114.963 13.7141 -8.23234 125.974 10.7817 17.5102 163.831 9.75037 11.7898 89.6376 27.0203 
154.517 170.376 157.332 132.36 140.421 142.155 157.774 154.55 94.9145 95.5933 3.59344 109.429 6.15507 90.7213 124.189 -42.6655 46.2007 119.139 -72.5275 1.27346 114.372 13.1289 -8.56134 125.548 10.4232 17.176 163.577 9.82503 11.8119 89.1972 26.9897 
154.69 170.47 156.132 131.605 140.143 142.41 158.571 154.21 95.0798 95.9536 3.52281 109.487 6.46068 90.5271 124.354 -42.6996 45.0195 118.888 -72.1367 0.962965 114.297 13.0077 -8.87822 125.564 10.643 16.6706 163.761 9.89785 11.9609 88.4379 27.6133 
155.03 170.937 155.076 130.699 139.837 142.847 159.507 153.664 94.6566 95.8727 3.37311 109.324 6.53346 90.2076 124.279 -42.7743 43.8274 118.414 -71.7166 0.449798 114.539 12.88 -9.36533 125.7 10.7175 16.1503 163.774 9.86627 12.079 87.9342 28.1827 
155.225 171.416 154.293 129.922 139.579 143.142 160.377 153.046 93.8855 95.4874 3.23529 109.061 6.23566 89.9484 124.302 -42.996 42.8179 118.137 -71.5513 -0.087235 115.032 12.6725 -9.89559 125.961 10.5557 15.6019 163.712 9.66115 12.1381 87.7949 28.699 
155.306 171.724 153.748 129.622 139.487 143.343 160.995 152.317 93.0587 94.9459 3.11858 108.895 5.67581 89.5446 124.49 -43.4554 41.8004 118.064 -71.5691 -0.712685 115.817 12.6383 -10.5084 126.464 10.3434 15.0358 163.729 9.37819 12.1087 88.0169 29.0953 
155.361 171.846 153.429 129.774 139.381 143.503 161.353 151.888 92.4386 94.4448 3.03727 108.622 5.03811 89.0987 124.647 -43.9601 41.2073 118.233 -71.8831 -1.30984 116.589 12.84 -11.1155 126.903 10.128 14.4769 163.713 9.00389 11.9772 88.8132 29.1483 
155.106 171.542 153.617 130.575 139.664 143.052 160.391 152.852 92.2243 94.145 2.33504 108.402 4.36583 88.5745 124.556 -44.2293 41.3612 118.809 -72.9675 -1.58784 116.391 12.554 -11.5098 126.558 9.63322 13.9917 163.336 8.60845 11.8384 89.7469 28.7517 
154.734 171.282 153.619 131.355 140.12 142.498 159.477 153.605 92.1922 94.1282 1.26129 108.263 4.20679 87.896 124.272 -44.274 41.35 119.082 -73.7351 -2.0266 116.007 12.4766 -12.0229 126.102 9.43408 13.4628 162.953 8.34832 11.7402 90.6142 28.3991 
154.258 171.098 153.487 132.236 140.753 141.898 158.575 154.097 92.3935 94.3195 -0.0525675 108.4 4.32927 87.0275 123.913 -44.1605 41.0369 119.306 -74.2314 -2.68056 115.709 12.5961 -12.7101 125.869 9.43279 12.8946 162.745 8.25398 11.6309 91.389 28.1438 
153.834 170.947 153.541 132.724 141.121 141.493 157.958 154.278 92.7417 94.6004 -1.33223 108.674 4.53817 86.1434 123.644 -44.0279 40.4199 119.294 -74.4008 -3.4774 115.525 12.7603 -13.5049 125.804 9.46751 12.2431 162.716 8.21892 11.5347 91.7813 28.0544 
154.356 171.006 151.55 131.998 140.656 142.169 158.011 154.431 93.0706 94.9578 -1.56897 108.449 5.18233 85.1976 123.124 -43.7446 38.8837 118.744 -73.9607 -4.27375 115.634 13.4986 -14.2468 125.875 10.1024 11.4513 162.853 8.34256 11.5539 91.8024 28.4351 
154.947 171.131 150.016 131.194 140.274 142.847 158.432 154.315 92.6475 94.6517 -1.88372 108.018 5.2605 84.4343 122.751 -43.7766 37.1796 118.158 -73.6645 -5.20863 116.192 13.97 -15.0967 126.273 10.4576 10.6505 162.833 8.30686 11.6255 91.9723 29.0645 
155.3 171.238 149.172 130.791 140.002 143.294 158.907 153.774 92.1093 94.2019 -2.08825 107.531 4.85449 83.9095 122.749 -44.0769 35.9498 117.837 -73.5122 -5.90477 116.683 14.1471 -15.7285 126.532 10.4452 9.95227 162.686 8.15027 11.6918 92.1285 29.5094 
154.88 170.734 150 131.097 140.139 142.788 158.209 154.053 91.1386 93.5346 -2.45037 107.013 4.25604 83.693 122.971 -44.286 36.1839 118.028 -74.0819 -5.848 116.567 13.8208 -15.8442 126.011 10.0193 9.50043 162.073 7.85634 11.6418 92.818 29.2904 
154.372 170.364 150.889 131.647 140.549 142.14 157.444 154.761 90.283 93.1283 -2.96867 106.802 4.06598 83.4139 123.267 -44.3249 36.4418 118.597 -74.7746 -5.91632 116.637 13.8053 -16.005 125.643 9.85387 9.09296 161.68 7.69846 11.6167 94.0098 29.0546 
153.951 170.265 151.729 132.272 141.029 141.631 156.83 155.534 89.8274 92.9869 -3.83823 107.044 4.17644 82.7555 123.318 -44.1892 36.2594 119.311 -75.3356 -6.52237 117.026 14.006 -16.5618 125.818 9.87935 8.6218 161.707 7.70824 11.6205 95.2056 28.8694 
153.627 170.348 151.829 133.002 141.592 141.311 156.186 155.793 89.8444 93.1967 -4.77868 107.625 4.38106 81.8123 123.381 -43.9875 35.7907 120.027 -75.5087 -7.22961 117.309 14.1535 -17.2035 126.143 10.0299 8.12518 162.023 7.88906 11.6301 95.6938 28.615 
154.234 170.512 151.719 132.339 141.264 142.021 156.365 156.15 90.7972 93.9351 -5.10861 108.095 5.16647 80.5984 122.928 -43.5299 34.3466 119.974 -74.9594 -8.27431 117.781 15.0384 -18.0322 126.801 10.7835 7.48771 162.753 8.26666 11.7174 95.596 28.7103 
155.038 170.51 150.548 131.408 140.729 142.902 156.429 155.736 91.9109 94.7725 -5.23815 108.206 6.06834 79.4852 122.549 -42.9712 32.6765 119.293 -73.8748 -9.01023 117.655 15.7657 -18.6711 126.955 11.6435 6.82729 163.256 8.7399 11.7829 94.5127 28.9789 
155.794 170.615 148.519 130.273 140.105 143.73 156.662 154.625 92.6031 95.2988 -5.27284 107.798 6.74713 78.6929 122.158 -42.5449 31.1136 117.961 -72.393 -9.40193 117.064 16.1684 -19.0404 126.595 12.4073 6.23564 163.229 9.14752 11.91 92.8673 29.3446 
156.408 170.88 147.077 129.093 139.519 144.4 157.049 153.044 92.7584 95.4052 -5.30203 107.262 7.23695 78.1299 121.697 -42.1699 29.6954 116.317 -70.7104 -9.65095 116.453 16.3701 -19.3016 126.144 13.0296 5.71623 162.941 9.50395 12.0794 91.0651 29.7816 
156.812 171.233 146.402 128.096 139.055 144.864 157.48 151.352 92.31 95.075 -5.45054 106.775 7.44078 77.6892 121.295 -41.8855 28.4582 114.906 -69.1848 -9.90714 116.327 16.6997 -19.5337 125.904 13.5165 5.25969 162.592 9.80535 12.2431 89.8991 30.2255 
156.995 171.503 146.449 127.504 138.621 145.042 157.889 149.912 91.6345 94.5093 -5.518 106.249 7.5513 77.5345 121.155 -41.7266 27.7348 113.809 -68.0314 -9.98182 116.249 17.1736 -19.6227 125.525 13.879 4.88565 162.106 10.0869 12.3276 89.4048 30.5502 
157.115 171.715 146.968 127.28 138.31 145.112 158.241 149.099 90.9016 93.8704 -5.54266 105.672 7.61779 77.5181 121.116 -41.5867 27.5461 113.153 -67.3267 -9.95319 116.207 17.7484 -19.6191 125.106 14.2159 4.5899 161.567 10.3767 12.3833 89.5603 30.6052 
157.155 172.026 147.879 127.256 138.161 145.074 158.547 148.779 90.1892 93.2986 -5.76701 105.17 7.75689 77.4 120.786 -41.3024 27.5028 112.738 -66.8876 -10.08 116.303 18.3599 -19.6888 124.849 14.5451 4.37834 161.067 10.6802 12.4759 90.1305 30.5077 
157.224 172.301 148.976 127.418 138.113 145.013 158.73 148.836 89.6545 92.859 -5.9411 104.823 8.20374 77.2464 120.354 -40.8292 27.4884 112.478 -66.5111 -10.3263 116.555 19.216 -19.8447 124.784 15.089 4.19601 160.75 11.0547 12.5724 90.9904 30.3666 
157.258 172.523 150.309 127.802 138.274 144.933 158.794 149.094 89.3625 92.573 -6.20392 104.688 8.63996 77.0192 119.813 -40.1864 27.4966 112.49 -66.247 -10.7421 116.942 20.0706 -20.1194 124.983 15.6385 4.07319 160.62 11.4619 12.6678 91.9506 30.196 
157.344 172.639 151.659 128.084 138.377 144.866 158.704 149.479 89.3638 92.5275 -6.20583 104.7 9.34324 76.8438 119.436 -39.4076 27.4918 112.484 -65.8303 -11.0234 117.264 21.0588 -20.2904 125.161 16.4007 3.993 160.667 11.9469 12.7407 92.6956 30.088 
157.413 172.65 152.454 128.232 138.468 144.765 158.473 149.553 89.6062 92.6346 -6.05552 104.835 10.1306 76.6416 119.159 -38.5185 27.4547 112.346 -65.1246 -11.2013 117.421 21.9072 -20.4038 125.311 17.1214 3.93497 160.826 12.4546 12.7668 92.8692 30.0018 
157.427 172.758 152.12 128.18 138.498 144.648 158.191 148.891 89.8292 92.7609 -5.92655 104.949 10.7135 76.3939 119.032 -37.7399 27.2425 112.045 -64.0959 -11.1978 117.366 22.4715 -20.3972 125.321 17.7133 3.89824 160.919 12.9833 12.7674 92.3529 29.981 
157.439 172.895 151.536 128.078 138.568 144.564 157.892 147.965 90.1139 92.9211 -5.86696 105.183 11.0773 76.0219 119.023 -37.1723 26.8524 111.911 -63.1647 -11.2119 117.235 22.7063 -20.4477 125.394 18.0996 3.83454 161.103 13.4763 12.7325 91.4504 29.9652 
157.424 172.986 150.758 127.935 138.638 144.499 157.668 146.914 90.44 93.069 -5.87491 105.446 11.3017 75.6695 119.105 -36.7187 26.5029 111.895 -62.312 -11.2296 117.011 22.6809 -20.5355 125.481 18.3139 3.77194 161.306 13.9297 12.6686 90.3348 29.9318 
157.38 173.047 150.06 127.784 138.65 144.476 157.526 145.972 90.6769 93.1469 -5.87738 105.704 11.4064 75.4393 119.292 -36.3846 26.222 111.943 -61.5834 -11.2386 116.861 22.5702 -20.5948 125.584 18.404 3.7204 161.516 14.3165 12.6353 89.2825 29.9403 
157.29 173.15 149.499 127.639 138.673 144.436 157.547 145.154 90.8299 93.1772 -5.87926 105.99 11.4707 75.2881 119.524 -36.0708 26.0433 112.049 -60.9438 -11.219 116.723 22.356 -20.6507 125.708 18.4364 3.66907 161.724 14.6851 12.596 88.2364 29.9464 
157.242 173.123 148.963 127.52 138.697 144.484 157.476 144.587 91.018 93.2265 -5.91416 106.246 11.5588 75.1469 119.702 -35.7351 25.8327 112.264 -60.4796 -11.2903 116.597 22.1628 -20.7929 125.836 18.483 3.55934 161.944 15.0361 12.5558 87.3711 29.9931 
157.149 173.15 148.5 127.537 138.773 144.484 157.472 144.019 91.2178 93.2438 -6.03668 106.427 11.5 74.9722 119.859 -35.5304 25.6146 112.472 -60.107 -11.4331 116.519 22.0223 -20.9484 125.958 18.4707 3.45252 162.083 15.3116 12.5466 86.7075 30.0206 
157.073 173.118 148.296 127.634 138.832 144.517 157.452 143.826 91.3623 93.2237 -6.22149 106.563 11.4484 74.7729 119.942 -35.3053 25.4378 112.766 -59.9173 -11.6897 116.615 22.0637 -21.2008 126.175 18.5138 3.30288 162.22 15.5696 12.5112 86.4747 30.0086 
157.16 172.85 147.971 127.704 138.663 144.734 157.133 143.804 91.818 93.3378 -6.72412 106.465 11.6901 74.0229 119.512 -34.6498 24.8226 112.883 -59.4102 -12.3698 116.726 22.8327 -21.862 126.379 19.0561 2.86781 162.26 16.1503 12.3799 86.566 29.8945 
157.277 172.434 148.052 127.895 138.602 144.84 156.916 144.37 92.2139 93.4672 -6.98766 106.418 11.8423 73.8198 119.379 -34.3995 24.803 113.115 -59.5443 -12.7648 116.817 23.2938 -22.217 126.522 19.2644 2.68001 162.318 16.3457 12.2898 87.0728 29.7988 
157.427 171.962 147.915 127.991 138.559 144.939 156.683 144.771 92.5806 93.6068 -7.22013 106.317 12.2096 73.6047 119.231 -34.0222 24.6761 113.132 -59.4139 -13.094 116.782 23.8283 -22.531 126.552 19.6456 2.45965 162.33 16.653 12.2225 87.3458 29.7682 
157.575 171.556 147.941 128.05 138.544 144.992 156.533 145.114 92.8954 93.7418 -7.43619 106.279 12.6304 73.3683 119.116 -33.6576 24.5466 113.109 -59.244 -13.4545 116.774 24.2911 -22.8641 126.629 19.9884 2.26274 162.377 16.9675 12.1645 87.5384 29.7342 
157.76 171.198 147.847 127.964 138.49 145.05 156.372 145.394 93.2009 93.919 -7.55353 106.234 13.1758 73.1433 119.037 -33.2777 24.3069 112.895 -58.9092 -13.6807 116.666 24.7868 -23.0963 126.591 20.4342 2.08424 162.404 17.3172 12.1121 87.5319 29.778 
157.959 170.922 147.806 127.839 138.505 145.069 156.291 145.527 93.4586 94.1123 -7.56743 106.252 13.7892 73.0146 119.076 -32.8788 24.0645 112.608 -58.4451 -13.7877 116.518 25.2435 -23.2328 126.514 20.9322 1.93164 162.46 17.687 12.0773 87.3407 29.8877 
158.132 170.727 147.753 127.63 138.518 145.049 156.261 145.592 93.6118 94.2551 -7.61942 106.336 14.4254 72.88 119.161 -32.4807 23.7964 112.322 -57.9194 -13.85 116.368 25.6026 -23.3593 126.45 21.3886 1.77896 162.532 18.0697 12.0308 87.0256 30.016 
158.302 170.766 147.552 127.323 138.535 145.052 156.272 145.419 93.6376 94.3754 -7.56853 106.483 14.9801 72.7762 119.412 -32.1497 23.4407 111.996 -57.2539 -13.7514 116.221 25.8835 -23.3521 126.336 21.8695 1.64697 162.625 18.4332 12.0208 86.4971 30.2172 
158.469 170.947 147.372 126.959 138.549 145.074 156.346 145.152 93.5689 94.4664 -7.56761 106.689 15.5397 72.6726 119.742 -31.8515 22.979 111.706 -56.5315 -13.6231 116.119 26.1443 -23.3225 126.246 22.3785 1.50359 162.75 18.8224 12.0327 85.8999 30.4884 
158.598 171.323 147.294 126.599 138.572 145.102 156.5 144.875 93.3537 94.4821 -7.61702 106.941 15.9735 72.651 120.215 -31.6115 22.5356 111.547 -55.8679 -13.4807 116.112 26.3336 -23.2558 126.194 22.8218 1.35949 162.891 19.1893 12.0877 85.3549 30.8185 
158.65 171.791 147.358 126.238 138.624 145.091 156.775 144.5 93.0208 94.3995 -7.69189 107.242 16.2702 72.6966 120.816 -31.4282 22.1416 111.528 -55.2683 -13.3544 116.186 26.3969 -23.1976 126.217 23.1524 1.20491 163.051 19.5332 12.1646 84.8168 31.1788 
158.659 172.354 147.674 125.81 138.681 145.031 157.186 144.313 92.6517 94.2947 -7.85472 107.581 16.5599 72.7237 121.379 -31.2549 21.788 111.522 -54.7568 -13.2273 116.208 26.4077 -23.1652 126.217 23.491 1.02739 163.181 19.8868 12.2387 84.2987 31.4963 
158.643 173.022 148.447 125.362 138.772 144.97 157.751 144.422 92.2002 94.1379 -8.05566 107.976 16.8178 72.7389 121.846 -31.0432 21.5168 111.621 -54.4025 -13.23 116.405 26.4027 -23.2405 126.402 23.8326 0.825145 163.383 20.2126 12.3344 83.9579 31.726 
158.626 173.752 149.669 124.852 138.818 144.91 158.485 145.022 91.6772 93.906 -8.35319 108.4 17.0329 72.7081 122.162 -30.7912 21.299 111.798 -54.2598 -13.386 116.818 26.5169 -23.4308 126.759 24.2256 0.583753 163.637 20.5027 12.4431 83.9768 31.8445 
158.575 174.496 151.179 124.387 138.816 144.846 159.271 145.89 91.1199 93.635 -8.6444 108.779 17.1765 72.6741 122.415 -30.5145 21.2881 112.149 -54.3287 -13.6098 117.353 26.6149 -23.6684 127.201 24.5315 0.33368 163.92 20.7139 12.5454 84.2713 31.7948 
158.507 175.186 152.616 124.119 138.856 144.708 159.917 146.747 90.634 93.3733 -8.97272 109.147 17.2806 72.652 122.816 -30.2833 21.4087 112.725 -54.5331 -13.8154 117.859 26.6947 -23.8758 127.613 24.7565 0.0757575 164.205 20.9053 12.6444 84.7042 31.6714 
158.349 175.732 154.098 124.341 139.045 144.538 160.415 147.693 90.0629 92.9964 -9.50786 109.59 17.1309 72.5909 123.381 -30.1603 21.6509 113.837 -55.0991 -14.2237 118.753 26.7599 -24.218 128.373 24.7319 -0.195163 164.628 21.0086 12.6923 85.6535 31.4609 
158.18 176.052 155.375 124.835 139.29 144.372 160.759 148.554 89.7786 92.7548 -10.0985 110.099 16.9073 72.5735 124.113 -30.0891 21.9177 115.249 -55.8135 -14.7228 119.596 26.7278 -24.6335 129.186 24.5681 -0.488407 165.149 21.0975 12.7135 86.5869 31.2946 
157.961 176.075 156.133 125.68 139.52 144.181 160.928 149.119 89.6803 92.497 -10.7584 110.599 16.7133 72.4624 124.862 -30.0299 22.1265 116.653 -56.3785 -15.3905 120.518 26.8417 -25.1921 130.125 24.3367 -0.813973 165.726 21.2171 12.6537 87.5187 31.1168 
157.783 175.909 156.371 126.57 139.652 144.061 160.929 149.444 89.5464 92.1801 -11.2856 110.993 16.5844 72.1912 125.493 -30.0567 22.0659 117.647 -56.6527 -15.9719 121.533 27.2763 -25.7109 131.043 24.2833 -1.15541 166.265 21.339 12.5229 88.3915 30.962 
157.682 175.65 155.937 127.208 139.643 144.066 160.834 149.321 89.635 92.019 -11.7275 111.256 16.6257 71.7951 125.98 -30.0046 21.7267 118.054 -56.4342 -16.4617 122.249 27.8349 -26.1537 131.683 24.4011 -1.52199 166.691 21.534 12.4213 88.7191 30.9008 
157.699 175.309 155.525 127.849 139.674 144.217 160.751 149.198 89.9163 91.9666 -12.1444 111.495 16.7505 71.3377 126.259 -29.8333 21.3587 118.25 -56.0864 -17.0585 122.878 28.4625 -26.6849 132.312 24.5978 -1.89339 167.132 21.7773 12.3237 88.8904 30.8021 
157.804 174.96 154.922 128.36 139.671 144.462 160.656 148.911 90.2339 91.9603 -12.5509 111.607 16.902 70.7957 126.244 -29.6132 20.9121 118.033 -55.5306 -17.613 123.323 29.1298 -27.1782 132.759 24.8893 -2.24322 167.438 22.0296 12.2469 88.824 30.672 
158 174.546 154.248 128.547 139.583 144.765 160.522 148.533 90.5612 92.0909 -12.6666 111.569 17.2869 70.3421 126.065 -29.2626 20.4691 117.333 -54.6704 -17.9124 123.409 29.9269 -27.4593 132.754 25.467 -2.56302 167.561 22.3421 12.2174 88.4916 30.5648 
