154.706 165.156 180 134.272 145.135 149.38 160.57 164.051 85.8567 86.6959 62.0963 132.41 34.4736 35.9307 135.476 -46.4677 76.9811 123.891 -38.8996 46.8205 146.159 48.797 57.0458 153.812 51.4 48.3773 187.322 32.4553 14.8575 83.756 16.5803 
154.585 165.231 180 134.566 145.11 149.379 160.494 164.042 85.7206 86.5639 62.2255 132.377 34.4058 36.0223 135.32 -46.4766 77.1049 123.921 -38.9904 46.841 146.234 48.8163 57.1165 153.835 51.3559 48.3975 187.239 32.3908 14.8537 83.9866 16.5527 
154.559 165.338 180 134.618 145.136 149.399 160.424 164.063 85.6553 86.5226 62.1482 132.283 34.3601 35.9533 135.155 -46.4243 77.0556 123.897 -39.0718 46.7693 146.161 48.7248 57.0514 153.751 51.2784 48.3917 187.157 32.3538 14.8668 84.0311 16.509 
154.559 165.425 180 134.707 145.192 149.435 160.388 164.104 85.6081 86.5011 62.0694 132.216 34.3221 35.9137 135.016 -46.4152 77.0422 123.873 -39.168 46.6923 146.149 48.6592 56.9856 153.725 51.1996 48.3998 187.107 32.3048 14.8911 84.135 16.478 
154.49 165.486 180 134.763 145.236 149.421 160.316 164.1 85.4701 86.3708 62.1827 132.209 34.2982 35.8874 134.947 -46.4405 77.0354 123.932 -39.2819 46.7517 146.153 48.5578 57.0445 153.719 51.1222 48.4238 187.061 32.2632 14.8947 84.1628 16.4554 
154.491 165.6 180 134.95 145.337 149.422 160.313 164.144 85.3881 86.3166 62.2164 132.168 34.36 35.8992 134.698 -46.3564 77.0391 123.865 -39.3168 46.805 146.16 48.6585 57.1161 153.722 51.1968 48.446 186.985 32.2864 14.8833 84.3274 16.3934 
154.471 165.616 180 135.167 145.478 149.392 160.288 164.219 85.332 86.2353 62.3329 132.135 34.4914 35.9467 134.543 -46.325 77.1353 123.865 -39.3761 46.8507 146.172 48.7529 57.1883 153.75 51.2427 48.4769 186.919 32.3004 14.892 84.5424 16.3842 
154.539 165.614 180 135.183 145.639 149.377 160.297 164.302 85.2817 86.1671 62.4822 132.148 34.6239 36.0495 134.496 -46.3262 77.2902 123.88 -39.424 46.9143 146.159 48.8228 57.2442 153.765 51.3188 48.5236 186.879 32.3653 14.9059 84.6764 16.3892 
154.617 165.602 180 134.833 145.762 149.403 160.23 164.342 85.3472 86.2549 62.4409 131.958 34.6811 36.1062 134.284 -46.2099 77.3117 123.713 -39.3921 46.9147 145.898 48.7978 57.1847 153.548 51.3939 48.5534 186.714 32.4259 14.9067 84.5732 16.3279 
154.728 165.599 180 134.488 145.823 149.39 160.179 164.37 85.4068 86.3394 62.4083 131.816 34.7157 36.2264 134.06 -46.0337 77.3189 123.568 -39.3103 46.9364 145.701 48.8101 57.1608 153.371 51.5098 48.6075 186.58 32.4995 14.8833 84.4606 16.2066 
154.961 165.649 180 134.007 145.889 149.452 160.166 164.443 85.5018 86.4574 62.2428 131.644 34.7191 36.2997 133.738 -45.8269 77.2727 123.273 -39.2132 46.9133 145.425 48.8279 57.0896 153.131 51.6712 48.6555 186.421 32.5856 14.8373 84.2878 16.0755 
155.132 165.618 180 133.256 146.065 149.459 160.051 164.419 85.4951 86.5636 62.1166 131.512 34.7558 36.3141 133.382 -45.5416 77.0781 122.922 -39.0769 46.9376 145.156 48.7127 57.0098 152.894 51.7489 48.6967 186.285 32.6498 14.8253 83.9285 15.8767 
155.317 165.555 180 132.718 146.203 149.437 159.997 164.432 85.467 86.6256 62.0743 131.417 34.8527 36.3807 133.09 -45.3039 77.0235 122.632 -38.9236 46.9833 144.951 48.6696 56.9787 152.707 51.8639 48.766 186.167 32.7323 14.8095 83.6929 15.7555 
155.406 165.573 180 131.818 146.263 149.458 159.908 164.355 85.4086 86.7354 62.0752 131.171 34.8511 36.4632 132.644 -45.0706 76.9311 122.219 -38.7766 47.1217 144.557 48.4527 56.9745 152.354 51.906 48.8231 185.916 32.7678 14.7854 83.2157 15.5958 
155.495 165.564 180 131.075 146.311 149.488 159.818 164.273 85.35 86.8277 62.1976 130.997 34.8311 36.6031 132.254 -44.8699 76.9632 121.887 -38.6026 47.2661 144.23 48.2677 56.9863 152.055 51.9518 48.9014 185.694 32.8091 14.7743 82.8045 15.4944 
155.498 165.559 180 130.492 146.326 149.498 159.698 164.187 85.3137 86.9101 62.3868 130.781 34.8037 36.7974 131.848 -44.6642 77.0569 121.632 -38.4727 47.4419 143.912 48.1118 57.0471 151.752 51.9862 48.9851 185.444 32.8361 14.7618 82.4663 15.379 
155.497 165.593 180 130.229 146.358 149.484 159.649 164.152 85.211 86.9276 62.5964 130.525 34.7822 36.9215 131.344 -44.5049 77.2172 121.34 -38.4026 47.5957 143.635 48.0247 57.1397 151.448 51.9991 49.081 185.137 32.8316 14.749 82.3591 15.3552 
155.537 165.569 180 130.265 146.304 149.52 159.603 164.157 85.1225 86.9343 62.7305 130.211 34.7644 37.1309 130.901 -44.4157 77.4364 121.113 -38.3809 47.6486 143.415 48.0633 57.1931 151.165 52.0563 49.1938 184.816 32.8448 14.7293 82.5224 15.3199 
155.578 165.586 180 130.259 146.278 149.574 159.655 164.222 85.0906 86.9452 62.9381 129.914 34.7105 37.4339 130.62 -44.4473 77.8101 121.043 -38.4652 47.7807 143.168 48.0547 57.312 150.884 52.0722 49.3262 184.526 32.854 14.7173 82.6746 15.3315 
155.737 165.399 180 130.431 145.901 149.795 159.888 164.253 85.5735 87.0699 62.1701 129.348 35.0094 36.5682 130.077 -44.039 77.103 119.961 -37.859 47.295 143.012 48.8055 57.1525 150.696 52.3182 49.4515 184.265 32.8876 14.7486 83.1784 15.609 
155.822 165.308 180 131.058 145.555 149.903 160.009 164.237 85.9425 87.1227 61.6399 128.932 35.3586 35.8754 129.429 -43.5637 76.4337 118.888 -37.1823 46.8841 142.985 49.5989 57.1034 150.548 52.5911 49.5807 184.022 32.9231 14.7222 83.6499 15.7728 
155.852 165.148 180 131.915 145.306 149.831 159.972 164.113 86.1901 87.1584 61.299 128.561 35.6611 35.4363 128.823 -43.1502 75.9332 117.935 -36.6067 46.6108 142.901 50.2336 57.1468 150.309 52.7744 49.7628 183.726 32.9355 14.6999 84.0304 15.8544 
155.834 165.121 180 132.814 145.083 149.691 159.955 163.992 86.3321 87.141 61.2217 128.271 35.8184 35.3032 128.173 -42.8002 75.6068 117.114 -36.1187 46.5705 142.905 50.811 57.3884 150.159 52.9538 49.9867 183.426 32.9032 14.6486 84.3919 15.8102 
155.731 165.044 180 133.72 144.976 149.484 159.803 163.783 86.4379 87.1314 61.3184 127.988 35.9127 35.289 127.509 -42.4714 75.3704 116.4 -35.7166 46.655 142.856 51.2954 57.7005 149.986 53.0928 50.209 183.078 32.8617 14.6094 84.6809 15.7179 
155.598 164.965 180 134.557 144.89 149.268 159.539 163.506 86.5117 87.1287 61.3516 127.78 35.8693 35.4642 127.087 -42.2122 75.1273 115.854 -35.4018 46.6488 142.824 51.5864 57.9107 149.797 53.1218 50.4596 182.801 32.8026 14.5763 84.8582 15.4815 
155.502 164.917 180 135.299 144.903 149.09 159.213 163.263 86.5844 87.168 61.3529 127.675 35.7436 35.6357 126.992 -42.093 74.88 115.574 -35.2646 46.5458 142.856 51.7107 58.0158 149.646 53.0682 50.715 182.648 32.7393 14.5315 85.0001 15.2396 
155.473 164.892 180 135.972 144.942 149.031 158.998 163.187 86.7032 87.2356 61.3442 127.622 35.6964 35.9424 127.063 -42.015 74.801 115.462 -35.1733 46.4527 142.943 51.8937 58.1038 149.592 53.1019 51.0074 182.602 32.7818 14.514 85.1867 15.0077 
155.218 164.799 180 136.742 145.066 148.946 158.756 162.827 86.4376 86.9889 61.533 127.707 35.5056 36.5957 127.262 -42.0814 74.9323 115.614 -35.2449 46.3244 143.23 51.9099 58.1171 149.734 52.9696 51.2904 182.502 32.8625 14.6552 85.5781 14.6403 
155.149 164.75 179.807 137.455 145.243 148.972 158.561 162.819 86.2477 86.7975 61.4561 127.738 35.3584 37.1747 127.644 -42.2063 75.1632 115.906 -35.4728 46.0288 143.505 51.9223 57.9733 149.886 52.8759 51.5566 182.464 33.0086 14.8038 86.1175 14.3665 
154.964 164.921 176.6 138.575 145.321 149.05 158.412 162.344 85.9323 86.4901 61.7294 127.998 35.565 38.4255 128.481 -42.2785 75.8206 116.495 -35.3409 45.8944 144.284 52.1839 58.1384 150.422 52.9857 52.1909 182.707 33.412 14.9403 86.8168 14.0285 
154.94 165.265 175.1 139.007 145.407 149.139 158.62 162.453 85.7662 86.1922 61.8889 128.335 35.8044 39.1214 129.262 -42.5276 76.3865 117.252 -35.5836 45.8134 144.887 52.2707 58.1879 151.016 53.0215 52.446 183.102 33.6418 15.0555 87.3583 13.9169 
154.832 165.559 174.25 139.303 145.407 149.145 158.847 162.752 85.6335 85.9279 62.4589 128.642 36.127 40.0985 129.948 -42.7095 77.3027 118.061 -35.788 46.124 145.438 52.4739 58.5847 151.586 53.1638 52.8641 183.465 33.907 15.1528 87.9025 13.8239 
154.671 165.82 173.824 139.538 145.468 149.071 159.111 163.196 85.557 85.7329 63.1148 128.926 36.5566 40.972 130.442 -42.7508 78.2212 118.802 -35.8998 46.5968 145.956 52.8219 59.0925 152.172 53.4205 53.2666 183.796 34.1812 15.2457 88.4532 13.7868 
154.512 166.048 173.687 139.657 145.592 148.985 159.385 163.765 85.6034 85.6647 63.6872 129.059 36.8543 41.8355 130.794 -42.7979 79.188 119.483 -36.0837 47.1192 146.328 53.1629 59.6169 152.65 53.6721 53.6888 184.027 34.4092 15.3257 89.0175 13.763 
154.041 167.354 173.788 139.661 145.675 148.863 159.974 164.729 85.6063 85.6141 65.3702 129.503 37.0789 42.8948 130.965 -42.9848 80.5677 120.645 -36.6005 48.6237 147.007 53.7179 61.0747 153.384 54.2206 54.2171 184.465 34.6369 15.0806 89.4745 13.749 
153.843 167.616 174.612 136.793 146.115 148.875 160.258 165.002 85.1021 85.7018 66.7447 129.825 36.5381 43.4018 131.406 -43.2569 81.6906 121.602 -37.2999 50.2157 146.561 52.7084 61.8843 153.358 54.2364 54.5712 184.597 34.6689 14.8285 88.173 13.9982 
153.693 167.408 175.392 135.513 146.3 148.801 160.287 165.086 84.954 85.8875 67.9895 130.192 36.2607 43.9344 131.76 -43.3289 82.5638 122.272 -37.5789 51.3945 146.47 52.2663 62.6067 153.466 54.4052 54.9478 184.791 34.7727 14.6456 87.2478 14.1461 
153.541 167.324 176.776 134.469 146.442 148.671 160.29 165.316 84.8773 86.1 68.9365 130.438 36.2337 44.2656 131.548 -43.0017 83.1672 122.505 -37.5078 52.3964 146.355 52.1347 63.2201 153.513 54.7377 55.2564 184.858 34.925 14.5122 86.4792 14.2385 
153.579 167.267 177.996 133.906 146.495 148.56 160.355 166.088 84.8011 86.295 69.64 130.674 36.4978 44.4789 131.114 -42.4727 83.8315 122.609 -37.2985 53.1248 146.436 52.331 63.7079 153.633 55.1908 55.5475 184.964 35.1618 14.4163 86.2375 14.4323 
153.61 167.201 178.185 133.53 146.467 148.436 160.375 166.866 84.8852 86.5274 70.0606 130.733 36.7126 44.7035 130.578 -41.9281 84.2887 122.565 -37.1154 53.653 146.347 52.5245 64.0693 153.578 55.5595 55.8289 184.979 35.3359 14.3422 86.0512 14.4792 
153.765 167.026 177.741 133.327 146.404 148.371 160.407 167.718 85.1458 86.848 70.1287 130.575 36.9566 44.8375 130.212 -41.4978 84.7409 122.563 -36.9878 53.8922 146.081 52.7185 64.1832 153.348 55.8186 56.0742 184.94 35.5306 14.3716 86.0228 14.6292 
153.836 166.673 177.178 133.42 146.346 148.287 160.333 168.52 85.3497 87.1079 70.12 130.419 37.1076 44.9965 130.01 -41.1273 85.082 122.684 -36.9924 53.9496 145.842 52.8281 64.1931 153.065 55.9319 56.3265 184.876 35.6614 14.416 86.1868 14.6995 
153.703 166.468 177.043 133.42 146.287 148.207 160.191 169.266 85.3442 87.1507 70.1136 130.349 37.2899 45.149 129.815 -40.6768 85.3919 122.918 -37.0045 54.1342 145.634 52.8523 64.2846 152.871 56.0182 56.5433 184.837 35.8099 14.4857 86.2899 14.7595 
153.486 166.146 177.41 133.55 146.204 148.106 160.183 170.006 85.3343 87.1393 70.3139 130.37 37.6178 45.3422 129.842 -40.3758 85.8125 123.343 -37.0267 54.4879 145.475 52.9805 64.5167 152.763 56.128 56.7588 184.855 35.9987 14.6183 86.4497 14.9099 
153.256 165.957 177.906 133.484 146.093 148.047 160.279 170.587 85.3043 87.0931 70.6725 130.508 37.8801 45.5161 129.94 -40.1618 86.2186 123.736 -37.0803 54.936 145.445 53.0491 64.8548 152.801 56.2081 57.0217 184.961 36.1312 14.713 86.5235 15.0683 
152.972 165.745 178.495 133.214 145.805 147.928 160.511 171.073 85.1878 86.8701 71.851 131.001 38.6396 45.7956 129.952 -39.6536 87.0724 123.995 -36.714 56.207 145.713 53.4931 65.9258 153.267 56.6181 57.7255 185.288 36.5001 14.8762 86.3827 15.4859 
152.757 165.641 179.503 133.585 145.487 147.889 160.693 171.042 85.1799 86.6158 72.2578 131.304 39.1678 45.6367 130.386 -39.5888 87.2841 124.367 -36.6095 56.5527 145.957 53.8467 66.3085 153.557 56.7234 57.8922 185.57 36.7356 15.0137 86.5575 15.7702 
152.669 165.642 180 133.738 145.256 147.82 160.818 170.789 85.3649 86.6334 72.3775 131.336 39.5795 45.4161 130.858 -39.5958 87.4635 124.614 -36.5758 56.6414 145.909 54.0149 66.4817 153.493 56.7835 58.1352 185.723 36.9082 15.0363 86.6793 16.1017 
152.743 165.771 180 134.054 144.993 147.776 161.068 170.582 85.4955 86.6187 72.419 131.267 39.9881 45.3097 131.407 -39.7471 87.689 124.832 -36.6028 56.5973 145.971 54.256 66.584 153.408 56.8696 58.4316 185.861 37.055 15.0437 87.0298 16.3915 
152.889 165.915 180 134.1 144.77 147.787 161.19 170.295 85.7644 86.6913 72.3511 131.112 40.43 45.3369 131.859 -39.8628 87.9466 125.012 -36.6487 56.56 145.839 54.4314 66.6584 153.237 56.9811 58.7325 185.965 37.2389 15.0313 87.2448 16.5834 
153.155 166.037 180 134.369 144.505 147.891 161.281 170.014 86.1041 86.7632 72.2105 130.857 40.6982 45.5399 132.153 -39.9254 88.1333 124.991 -36.6413 56.3448 145.747 54.7113 66.6666 153.024 57.1131 59.0659 185.987 37.3646 14.9761 87.622 16.5893 
153.383 166.119 180 134.625 144.282 147.971 161.415 169.69 86.379 86.8553 72.3403 130.8 40.9827 45.9103 132.507 -40.0132 88.5097 125.163 -36.6077 56.3695 145.789 54.982 66.851 152.963 57.2743 59.4346 186.126 37.5175 14.918 87.9064 16.6027 
153.306 165.924 180 134.779 144.272 147.955 161.389 169.082 86.214 86.5291 72.646 130.734 41.1024 46.5186 132.692 -40.1205 88.978 125.252 -36.5941 56.4256 145.788 55.0238 66.9051 152.95 57.2105 59.6868 186.035 37.6485 15.128 88.1051 16.4966 
153.257 165.733 180 135.322 144.408 147.816 161.409 168.624 85.9676 86.0499 73.1246 130.849 41.3067 47.2112 132.849 -40.1759 89.5137 125.485 -36.5495 56.65 146.004 55.2777 67.1898 153.159 57.2468 59.9485 186.018 37.8114 15.3258 88.5345 16.3644 
153.219 165.53 180 135.857 144.534 147.681 161.397 168.211 85.7681 85.6367 73.7111 131.07 41.6048 47.9119 133.021 -40.0902 90.1623 125.779 -36.3761 57.0359 146.286 55.6264 67.613 153.5 57.3666 60.2202 186.1 38.0351 15.5203 88.8993 16.3028 
153.195 165.485 180 136.229 144.643 147.544 161.345 167.856 85.6156 85.3151 74.2852 131.292 41.8394 48.5054 133.166 -39.9861 90.6709 125.936 -36.1415 57.4188 146.615 55.9514 68.0399 153.867 57.5169 60.516 186.206 38.2174 15.6458 89.1282 16.2318 
153.394 165.545 180 136.011 144.582 147.274 161.276 167.896 85.9059 85.6005 74.6553 131.373 42.1338 48.6681 133.397 -39.918 90.9941 126.081 -36.0196 57.8135 146.675 56.0842 68.4694 153.957 57.6721 60.8601 186.385 38.2812 15.5111 89.0754 16.3601 
153.564 165.778 180 135.804 144.466 147.077 161.238 167.856 86.1651 85.8428 74.9099 131.382 42.2234 48.8059 133.663 -39.8845 91.1207 126.207 -35.9808 58.0467 146.647 56.0474 68.8018 153.901 57.7293 61.2106 186.517 38.3036 15.3085 88.915 16.3744 
153.744 166.125 180 135.785 144.325 146.91 161.161 167.772 86.3775 86.0813 75.1255 131.472 42.3427 48.8681 133.977 -39.806 91.2034 126.397 -35.923 58.1812 146.778 56.0952 69.0789 153.9 57.7915 61.5685 186.72 38.3753 15.1389 88.8727 16.4133 
153.891 166.337 180 135.902 144.185 146.727 161.069 167.867 86.7209 86.3302 75.3574 131.518 42.4636 49.2212 134.322 -39.8058 91.427 126.739 -35.9875 58.3731 146.889 56.3061 69.4376 153.909 57.9571 61.9411 186.899 38.4687 14.9638 89.0394 16.3166 
153.878 166.41 180 136.198 144.157 146.657 160.944 167.913 86.7695 86.2274 75.568 131.43 42.5029 49.8479 134.378 -39.7687 91.8609 127.077 -36.1275 58.4693 146.915 56.4982 69.6005 153.92 58.0148 62.2136 186.841 38.6201 15.0681 89.459 16.1329 
153.802 166.436 180 136.529 144.276 146.597 160.857 168.071 86.7425 86.141 75.6972 131.34 42.5681 50.3626 134.289 -39.6352 92.2829 127.39 -36.2525 58.524 146.95 56.7147 69.7173 153.927 58.1249 62.4568 186.738 38.8042 15.1584 89.9711 16.0251 
153.675 166.407 180 136.921 144.34 146.487 160.753 168.304 86.6795 86.0129 76.059 131.284 42.6281 51.0891 134.116 -39.4663 92.8237 127.7 -36.3291 58.7389 147.08 56.9904 69.993 154.002 58.2461 62.7549 186.639 38.9407 15.2587 90.5043 15.8529 
153.524 166.302 180 137.229 144.449 146.385 160.506 168.465 86.5984 86.0061 76.4607 131.297 42.662 51.681 134.109 -39.3412 93.3961 128.099 -36.4414 58.891 147.232 57.1261 70.1773 154.062 58.2915 63.024 186.591 39.0392 15.3384 90.9848 15.8203 
153.37 166.272 180 137.391 144.563 146.315 160.541 168.609 86.489 85.9297 76.8556 131.34 42.8486 52.2129 133.864 -39.1052 93.9147 128.137 -36.3146 59.1591 147.313 57.3618 70.4392 154.128 58.4863 63.2761 186.52 39.1921 15.389 91.2351 15.7913 
153.129 166.091 179.907 137.566 144.691 146.152 160.503 168.818 86.2308 85.7197 77.482 131.439 43.0372 52.7951 133.685 -38.9477 94.5002 128.281 -36.2585 59.5642 147.404 57.4987 70.8234 154.212 58.5876 63.5136 186.427 39.3038 15.4499 91.4803 15.7712 
152.944 166.061 178.807 137.718 144.85 146.06 160.492 168.623 86.0202 85.5852 77.9635 131.513 43.1965 53.1933 133.498 -38.7507 94.8512 128.113 -35.907 59.8779 147.476 57.6224 71.1242 154.269 58.6959 63.737 186.355 39.4259 15.4927 91.4025 15.7415 
152.772 165.959 178.055 137.583 144.94 145.989 160.579 168.651 85.8415 85.5328 78.2467 131.515 43.2947 53.4757 133.352 -38.6072 95.215 127.987 -35.6961 60.1374 147.363 57.5338 71.3276 154.193 58.7124 63.9472 186.256 39.5064 15.5017 91.2333 15.813 
152.652 165.966 177.611 137.668 144.997 145.944 160.521 168.657 85.6493 85.4255 78.4858 131.596 43.37 53.7148 133.3 -38.4027 95.4449 127.897 -35.4316 60.34 147.421 57.5752 71.5503 154.22 58.7858 64.1907 186.235 39.619 15.5048 91.1905 15.8269 
152.465 165.863 177.693 137.786 145.049 145.966 160.557 168.956 85.573 85.3689 78.6542 131.575 43.4106 53.9121 133.375 -38.3078 95.8212 128.1 -35.4216 60.5416 147.458 57.6608 71.778 154.27 58.8984 64.4198 186.223 39.7432 15.4876 91.3977 15.9711 
152.383 165.838 177.637 137.935 145.179 145.974 160.467 169.065 85.5213 85.3259 78.9341 131.724 43.5789 54.1695 133.517 -38.1879 96.1575 128.272 -35.2706 60.8265 147.632 57.8658 72.0785 154.47 59.1004 64.6823 186.337 39.9208 15.484 91.5102 16.0358 
152.315 165.713 177.824 137.833 145.242 145.983 160.404 169.231 85.5916 85.4181 78.8807 131.718 43.6827 54.293 133.737 -38.1021 96.3595 128.365 -35.1642 60.9045 147.611 57.9218 72.154 154.487 59.2091 64.8856 186.402 40.0739 15.4797 91.4942 16.1074 
152.316 165.515 177.809 137.599 145.38 145.98 160.351 169.172 85.6194 85.5202 79.0452 131.758 43.7008 54.4553 134.023 -38.1289 96.5809 128.511 -35.1214 61.1276 147.514 57.8304 72.3054 154.469 59.2242 65.088 186.452 40.1909 15.4847 91.2968 16.156 
152.277 165.341 177.91 137.363 145.423 145.969 160.364 169.286 85.7342 85.7223 79.1408 131.747 43.7815 54.7382 134.155 -38.078 96.8234 128.571 -35.0383 61.2957 147.443 57.8754 72.4298 154.448 59.3506 65.2685 186.474 40.3143 15.4492 91.211 16.1201 
152.245 165.15 178.405 137.22 145.536 145.928 160.42 169.439 85.8112 85.9442 79.3973 131.746 43.8867 55.0435 134.322 -38.1268 97.2548 128.794 -35.1004 61.565 147.413 57.9182 72.6299 154.454 59.4681 65.46 186.498 40.4236 15.4192 91.2589 16.1957 
152.178 165.079 179.325 137.209 145.575 145.86 160.393 169.654 85.7951 86.0436 79.7094 131.84 44.0676 55.4193 134.361 -38.0919 97.6348 128.958 -35.137 61.7973 147.577 58.0577 72.8506 154.594 59.6113 65.6632 186.578 40.511 15.3941 91.4716 16.1644 
152.154 164.904 180 137.23 145.678 145.779 160.325 169.735 85.7981 86.0768 80.0577 131.964 44.2307 55.7991 134.521 -38.1343 97.9595 129.126 -35.1698 62.0238 147.697 58.1178 73.0739 154.732 59.6801 65.8615 186.683 40.5708 15.3778 91.5657 16.0922 
152.133 164.792 180 137.156 145.769 145.696 160.339 169.677 85.7833 86.0936 80.4006 132.095 44.3066 56.0914 134.694 -38.2439 98.2712 129.219 -35.182 62.2712 147.749 58.0814 73.286 154.82 59.688 66.0282 186.768 40.5802 15.3643 91.5077 16.0867 
152.183 164.706 180 136.997 145.893 145.59 160.337 169.649 85.7854 86.1634 80.7381 132.277 44.4247 56.3978 134.942 -38.3432 98.6101 129.453 -35.1791 62.5203 147.801 57.9976 73.4622 154.932 59.6863 66.1607 186.911 40.6089 15.3562 91.3942 16.0954 
152.231 164.561 180 136.829 146.027 145.501 160.213 169.502 85.8147 86.1765 81.1128 132.534 44.4713 56.662 135.31 -38.4348 98.8263 129.748 -35.1724 62.7459 147.894 57.897 73.6419 155.105 59.672 66.2764 187.104 40.642 15.3312 91.2036 16.0502 
152.319 164.457 180 136.629 146.132 145.432 160.128 169.371 85.8587 86.1987 81.3975 132.752 44.5283 56.7749 135.647 -38.5033 98.9388 130.04 -35.181 62.9389 147.951 57.808 73.7701 155.256 59.6444 66.3307 187.288 40.6917 15.3402 90.9965 16.0424 
152.333 164.359 180 136.272 146.217 145.34 160.056 169.179 85.8051 86.2077 81.7224 133.042 44.5736 56.8705 135.944 -38.5379 99.0474 130.325 -35.1326 63.2182 148.008 57.6288 73.9309 155.405 59.5957 66.3767 187.485 40.7213 15.3408 90.6449 16.058 
152.317 164.104 180 135.969 146.265 145.246 159.965 169.151 85.8096 86.1869 81.9162 133.232 44.5752 56.8831 136.386 -38.7117 99.1994 130.817 -35.3083 63.4371 147.96 57.3678 74.0468 155.492 59.4641 66.3774 187.654 40.7192 15.3491 90.4225 16.1639 
152.283 163.932 180 136.039 146.321 145.155 159.892 169.314 85.9137 86.1896 81.9432 133.42 44.5811 56.8439 137.066 -39 99.3642 131.617 -35.6703 63.5658 148.011 57.2131 74.1408 155.645 59.3266 66.361 187.905 40.7318 15.3749 90.4989 16.3155 
152.276 163.765 180 136.243 146.298 145.094 159.878 169.498 86.052 86.198 81.9312 133.566 44.5479 56.7023 137.854 -39.3826 99.5337 132.516 -36.1034 63.6732 148.113 57.0935 74.2327 155.834 59.1515 66.3233 188.174 40.7117 15.4271 90.703 16.5577 
152.435 163.901 180 137.067 146.48 144.98 159.782 169.615 86.049 86.4157 81.654 133.59 44.4115 56.229 138.639 -39.9047 99.2729 133.242 -36.592 63.5259 148.229 57.0312 74.1835 155.66 59.0769 66.2327 188.263 40.4864 15.2516 91.3269 16.8057 
152.509 163.821 180 137.498 146.402 145.06 159.75 169.578 86.2052 86.408 81.44 133.734 44.3527 55.9008 139.624 -40.3259 99.166 133.953 -36.8837 63.4313 148.453 57.0877 74.116 155.902 58.9385 66.1334 188.561 40.4906 15.3889 91.5893 17.0141 
152.507 163.649 180 137.818 146.355 145.059 159.67 169.411 86.339 86.3338 81.3392 133.91 44.3426 55.6875 140.482 -40.6493 99.0491 134.606 -37.0988 63.4731 148.7 57.1959 74.1698 156.23 58.8414 66.039 188.855 40.5435 15.5278 91.7672 17.1091 
152.542 163.505 180 137.71 146.249 145.125 159.5 169.178 86.559 86.3697 81.0792 134.009 44.3405 55.3236 141.236 -40.9251 98.7939 134.993 -37.2442 63.459 148.759 57.2201 74.1058 156.434 58.7511 65.9083 189.104 40.615 15.6575 91.6772 17.2196 
152.625 163.545 180 137.6 146.242 145.201 159.433 169.056 86.8139 86.4344 80.7348 134.165 44.3178 54.8973 142.076 -41.2439 98.5103 135.336 -37.3333 63.4008 148.829 57.2792 74.0161 156.635 58.7299 65.7743 189.395 40.7042 15.7399 91.5447 17.3862 
