150.458 167.484 180 170.943 136.841 138.775 168.169 166.593 71.2491 98.4349 -24.135 343.156 -34.8508 -126.722 333.311 -14.2279 -121.767 330.418 -61.4758 -29.7213 355.935 -43.5516 -31.4195 359.064 -59.6099 -44.2041 402.885 -27.8445 17.2101 76.0075 18.3248 
150.576 167.236 180 172.929 149.328 138.783 169.495 165.546 69.1499 99.3954 -23.2243 342.419 -34.3966 -125.408 331.043 -14.5685 -119.379 327.872 -60.3884 -25.7932 358.793 -42.7563 -29.7066 357.456 -58.0117 -43.5315 402.139 -27.4682 21.5109 79.2789 17.5663 
150.964 170.194 180 173.894 152.79 139.116 170.508 167.158 68.272 98.7767 -22.0023 341.901 -33.115 -123.693 329.027 -15.523 -118.23 326.805 -62.8375 -20.8595 362.151 -40.4178 -26.4741 357.375 -55.566 -42.74 401.651 -27.0988 25.3493 86.0557 18.1017 
150.82 169.357 176.933 173.735 155.453 139.076 170.071 172.4 69.4272 98.8414 -21.8421 341.739 -31.992 -123.332 328.944 -15.7406 -119.558 328.374 -65.4829 -21.1794 361.063 -39.1369 -25.1766 357.516 -56.115 -42.5641 401.683 -26.949 22.8795 87.2548 19.2923 
151.189 169.526 171.176 173.861 148.563 139.199 170.606 172.404 69.8405 97.9893 -21.6127 341.561 -30.6346 -123.114 328.633 -15.4929 -120.546 328.314 -64.0975 -20.1167 361.309 -37.2179 -23.3435 357.977 -55.1258 -42.166 401.577 -26.8037 22.2366 89.2523 18.3587 
151.237 169.718 169.654 172.981 143.764 139.019 169.8 171.143 73.2676 98.7531 -20.9232 341.522 -30.3286 -122.303 327.921 -15.3677 -120.337 327.372 -62.1878 -23.2418 355.325 -37.3479 -22.6528 357.565 -55.4321 -41.7002 401.212 -26.4733 15.1383 82.1038 17.1218 
151.752 170.328 167.655 172.458 142.483 138.484 168.913 170.331 82.0749 100.004 -20.4277 341.558 -31.6378 -122.612 328.08 -16.3174 -121.719 327.466 -60.1369 -32.5219 343.889 -42.234 -23.5903 356.645 -56.8178 -41.6326 400.835 -26.2437 2.68425 67.4961 14.9876 
153.169 168.861 166.471 167.505 141.481 139.733 168.215 168.771 78.1987 95.1535 -19.6612 340.762 -28.4256 -122.085 329.131 -15.4897 -120.283 327.438 -60.7038 -37.7856 343.375 -41.465 -19.3137 357.561 -50.8629 -40.3196 400.491 -25.6131 10.3035 61.1478 15.9986 
154.177 170.147 168.069 162.175 134.882 140.656 168.862 170.79 75.1665 87.9679 -19.6174 340.188 -26.5311 -121.616 329.333 -14.7742 -119.143 327.722 -63.6494 -31.448 347.036 -35.9158 -16.3376 361.169 -47.9041 -39.1113 400.466 -25.322 6.6824 69.9215 18.3866 
153.779 170.237 168.251 166.473 132.362 140.542 168.647 170.52 74.236 86.6206 -19.4875 339.191 -27.2921 -121.314 327.666 -13.67 -119.216 327.526 -67.0536 -30.7259 347.685 -35.2456 -15.2298 362.403 -47.7976 -38.9016 399.409 -25.037 7.2257 72.5791 21.246 
153.67 170.169 169.206 162.865 131.449 140.759 168.199 170.06 69.69 85.7037 -19.2704 337.076 -26.928 -119.729 325.32 -12.648 -117.447 326.208 -69.1447 -26.6446 350.978 -34.7074 -13.1815 362.105 -46.4484 -38.0096 397.554 -24.6289 5.41827 78.1549 23.4381 
154.005 171.36 170.524 160.32 131.49 141.308 168.554 170.424 72.428 84.1689 -19.2712 336.483 -25.4754 -119.585 325.589 -12.623 -116.415 326.482 -70.6794 -20.8913 352.087 -30.8146 -10.8144 363.016 -43.1663 -37.2516 397.148 -24.3772 5.43245 85.4525 24.5754 
153.628 172.429 171.974 153.178 130.685 141.44 169.583 171.059 72.985 83.5493 -18.8399 336.996 -24.2253 -119.437 326.405 -13.8503 -114.087 326.315 -71.8588 -19.4204 353.917 -28.1927 -9.61105 364.26 -41.2976 -36.372 397.819 -24.119 4.99976 87.2136 24.5454 
153.259 175.05 172.83 139.976 128.816 141.174 170.706 171.017 68.1285 82.0188 -17.3397 336.092 -24.5526 -118.551 325.755 -13.8609 -112.666 326.159 -72.6798 -16.5105 359.211 -28.8168 -8.47328 365.08 -40.3266 -35.3633 397.13 -23.6288 8.6078 92.8607 25.1072 
153.393 176.566 174.067 143.373 130.331 141.734 171.283 171.588 72.4937 80.745 -17.0303 335.1 -22.8904 -119.339 327.288 -13.8282 -112.22 327.095 -74.4192 -11.4261 361.766 -23.5915 -6.99121 366.162 -37.9007 -34.7813 397.111 -23.6317 11.3212 101.431 26.3186 
153.62 178.088 175.102 143.01 131.903 141.928 172.202 171.88 75.8631 79.9047 -15.7319 333.943 -22.2574 -119.034 327.37 -14.005 -111.282 326.742 -75.2631 -7.5461 363.617 -20.1434 -5.18668 367.032 -36.1194 -33.9759 396.48 -23.3884 12.9198 106.868 26.7568 
153.698 178.406 175.652 141.951 135.086 141.883 173.047 172.085 79.7161 80.1342 -13.8926 333.871 -20.6377 -118.28 326.662 -14.407 -108.556 324.522 -75.1182 -5.23232 364.369 -15.6493 -3.01898 367.902 -33.5076 -32.7681 396.612 -23.1655 12.2099 108.2 26.3391 
153.754 178.267 176.01 138.771 134.369 141.62 173.035 172.887 80.7159 79.7582 -12.9432 333.894 -21.0627 -117.196 326.205 -14.007 -108.816 325.313 -74.6115 -3.4135 363.741 -17.1933 -2.33183 368.29 -34.0722 -32.0532 396.545 -23.1901 12.4944 108.368 26.131 
153.656 178.995 175.839 135.393 134.671 141.249 173.509 172.803 80.9583 79.6681 -11.819 333.839 -21.8164 -115.275 325.264 -14.151 -108.554 325.513 -74.0318 -2.84468 363.213 -18.4147 -1.74252 368.792 -34.5115 -31.4845 396.327 -23.1088 11.9636 107.819 25.6206 
153.701 177.491 175.839 137.112 135.654 141.25 173.056 172.91 80.7138 79.2629 -10.8183 332.96 -21.7175 -115.41 325.436 -14.2918 -108.117 325.798 -74.3243 -1.18211 363.321 -18.586 -0.292731 368.811 -34.4574 -30.5066 395.574 -22.8879 12.0237 109.365 25.7391 
153.521 176.613 175.987 136.396 135.287 141.026 172.862 173.17 80.3564 78.9773 -9.56228 332.195 -20.7722 -114.822 324.964 -14.0173 -107.588 325.849 -74.1595 -0.461628 360.837 -20.7703 0.805533 368.114 -35.2346 -29.4465 394.828 -22.8165 11.4393 107.596 25.8158 
153.243 174.389 173.884 139.303 135.083 140.852 174.676 171.719 77.5894 79.2528 -8.25158 332.221 -21.1349 -113.857 324.56 -15.2865 -105.839 325.682 -72.1852 -0.543388 360.962 -23.183 0.937143 367.803 -36.8328 -28.5448 394.772 -22.4852 11.8431 105.613 23.841 
153.217 173.614 173.201 138.408 134.832 141.076 175.772 171.339 75.9076 79.9256 -7.04031 332.638 -21.3546 -112.436 324.854 -16.3163 -105.015 325.507 -70.5398 -0.85813 359.706 -25.7184 1.49275 367.211 -37.8612 -27.4583 394.987 -22.2178 11.8387 102.213 21.9787 
152.851 176.026 175.216 129.229 134.387 142.035 178.111 173.391 78.6873 80.7696 -6.08378 333.52 -17.9805 -111.306 325.854 -15.1685 -103.775 324.731 -71.1146 -0.115357 357.324 -25.0273 3.66938 367.497 -36.0069 -25.4484 396.157 -21.8442 11.4417 98.697 22.5596 
152.448 178.656 176.027 133.928 136.078 142.424 179.065 174.381 80.2919 81.3873 -6.34284 334.831 -15.492 -110.597 325.81 -14.4904 -103.523 322.952 -71.387 1.81079 357.28 -23.3131 4.9309 367.84 -34.3614 -24.7472 397.131 -21.7011 11.9861 98.6988 22.5741 
152.019 175.077 174.255 142.452 133.83 142.103 176.491 172.158 81.9213 80.4069 -5.085 333.882 -16.3561 -107.726 321.859 -13.2642 -101.901 319.274 -67.7987 6.06181 356.768 -24.7446 4.96447 366.424 -36.998 -23.8455 395.789 -21.387 13.7417 98.7478 20.9495 
151.772 174.172 173.621 138.972 132.905 141.98 176.319 171.094 81.9113 79.9372 -3.80955 334.308 -17.4329 -106.141 320.894 -13.3553 -100.91 318.663 -65.8346 7.0297 356.923 -26.3009 5.03168 366.506 -38.4817 -23.0433 395.785 -21.0653 14.3517 97.704 19.6251 
151.791 174.825 172.898 137.586 132.772 141.852 176.843 170.744 82.37 80.8474 -3.26591 334.573 -17.12 -104.803 320.343 -12.6627 -100.72 318.638 -64.981 7.87152 356.824 -26.6535 5.43018 366.21 -38.6709 -21.9628 396.243 -20.6248 14.9093 96.8092 19.2328 
152.192 174.982 173.327 136.703 132.598 141.57 177.357 171.437 83.6924 80.7462 -1.30269 334.909 -17.4159 -103.083 319.301 -11.9384 -99.1974 318.962 -65.1535 8.79974 356.397 -25.5586 6.07436 366.867 -38.5106 -20.6506 396.691 -20.0393 14.2561 96.0328 19.7294 
152.895 176.113 173.369 140.513 134.358 142.052 176.504 171.418 85.5894 80.6168 0.946822 334.623 -16.8327 -101.127 317.352 -10.7756 -95.4385 317.294 -66.266 13.7033 359.505 -22.4636 8.50543 368.092 -37.5946 -19.4554 396.579 -19.4908 15.463 100.392 21.2809 
153.34 177.453 173.603 141.501 138.285 142.67 176.684 172.601 84.2138 80.6009 2.42308 334.816 -15.1311 -99.4328 317.304 -9.39669 -94.6457 317.27 -66.3616 14.6185 360.627 -21.1428 10.45 368.507 -35.8027 -18.3869 397.013 -19.2051 15.1787 101.671 22.0453 
153.458 178.205 174.88 142.6 141.489 142.145 176.671 173.531 82.6983 79.8439 3.18413 335.007 -14.565 -99.7372 318.343 -8.33206 -93.5067 317.671 -68.1429 15.7197 363.199 -19.6619 12.1761 370.025 -34.4759 -17.501 397.203 -18.9569 14.996 104.657 23.8126 
153.182 177.563 175.273 144.218 141.741 141.655 176.468 173.66 85.115 80.5445 4.00349 334.376 -13.4089 -99.4338 318.48 -8.07155 -92.3291 317.878 -69.2678 16.7912 360.66 -18.0263 13.5606 369.265 -33.3246 -16.5036 396.64 -18.4221 13.4875 103.88 24.7277 
153.299 177.944 175.414 145.636 143.266 142.047 175.54 174.425 83.4698 81.136 3.87055 333.383 -11.2111 -99.6225 319.681 -6.84208 -92.928 318.169 -69.7555 16.1662 359.48 -16.0198 15.1449 367.781 -30.9175 -15.509 395.93 -18.0515 12.2997 104.644 25.6906 
152.886 178.834 174.632 146.114 148.903 141.589 175.408 173.611 82.884 82.207 4.22231 332.128 -10.7194 -99.5928 320.345 -6.46494 -90.8993 317.386 -70.2607 16.2433 359.09 -13.8165 16.9718 367.015 -28.4437 -14.7885 394.62 -17.7358 11.1138 105.623 26.7658 
152.713 179.48 174.414 147.19 152.631 141.108 175.144 173.285 82.7412 83.4274 4.73795 331.577 -11.09 -99.0181 320.548 -6.64167 -89.5167 317.884 -70.4965 17.0389 359.227 -12.5987 18.9922 367.142 -26.8771 -13.9482 393.911 -17.4391 10.1087 106.888 27.1568 
152.83 179.404 175.091 145.471 152.175 140.907 175.333 174.06 82.2924 83.7393 5.11527 331.774 -10.528 -99.9451 321.93 -6.72358 -88.8485 318.708 -69.9971 17.5173 359.664 -11.4471 20.2891 367.168 -25.1837 -13.1958 393.864 -17.1858 10.0617 107.803 27.1373 
153.148 179.176 175.211 146.92 152.041 141.192 175.167 174.857 82.1353 83.629 5.99564 332.332 -9.27661 -99.5534 323.463 -6.88732 -89.3845 320.015 -69.1641 18.322 359.702 -10.5431 21.4951 367.03 -24.2609 -11.9801 394.446 -16.8855 9.92493 108.282 26.2862 
153.936 179.684 177.665 149.898 151.886 141.645 175.417 177.395 81.7854 83.8541 7.55432 333.814 -7.94254 -99.6434 325.497 -7.51245 -90.7173 322.422 -69.3279 19.4692 361.668 -9.17105 22.6256 367.817 -22.8161 -11.1039 395.873 -16.7265 10.4173 110.76 25.652 
153.309 179.649 177.45 148.088 149.985 140.878 176.016 176.941 82.388 83.3108 9.36972 334.637 -9.15203 -99.1682 325.504 -8.70239 -89.0739 322.332 -70.6321 21.8996 362.533 -10.7116 23.9804 369.104 -24.1185 -10.3036 396.15 -16.6496 11.0937 111.222 25.7089 
153.421 179.375 177.003 148.853 148.283 141.031 175.994 176.809 82.2681 82.0369 10.4057 334.936 -9.80839 -98.2578 326.24 -9.41859 -89.7085 323.967 -70.1032 22.7845 362.898 -11.1272 24.2949 369.816 -24.9858 -9.24897 396.816 -16.3963 11.2252 111.354 24.5761 
153.269 179.729 175.847 150.66 146.751 141.407 178.052 176.519 81.2111 81.2914 11.1652 336.053 -8.73781 -95.1428 325.97 -10.1905 -89.1048 324.511 -69.63 23.1246 364.062 -11.0337 24.5663 371.051 -24.702 -8.316 398.042 -16.2408 11.682 110.89 23.4791 
152.575 177.115 175.443 151.199 145.226 141.232 178.981 175.889 81.2741 80.6696 11.852 336.862 -7.81144 -94.2826 326.993 -10.828 -88.6984 323.719 -68.32 23.3835 364.45 -10.8654 24.9177 372.019 -25.2202 -7.56528 398.786 -16.5012 11.0562 109.84 22.0284 
152.603 179.46 175.876 150.532 144.58 141.136 177.592 176.23 81.845 80.985 12.4529 336.471 -7.37097 -92.7425 325.91 -9.74382 -88.7144 323.081 -68.8988 23.9107 362.961 -10.4339 25.7684 371.09 -24.8982 -6.68025 398.295 -16.4071 10.6307 109.331 22.8361 
152.541 179.099 176.011 151.021 145.187 140.831 176.776 176.254 82.6363 81.5227 12.7312 337.054 -8.06364 -93.1367 328.327 -9.66244 -89.3052 324.524 -69.4704 24.3501 362.191 -10.5068 26.3013 370.545 -25.0051 -5.98305 398.728 -16.4715 10.4552 109.011 23.1457 
152.407 178.011 175.355 150.221 148.868 140.632 176.011 175.277 85.1674 84.9141 12.9271 337.819 -10.4518 -93.6829 330.461 -10.4499 -88.59 326.967 -70.644 25.3565 361.437 -11.5952 27.6396 371.063 -24.8006 -5.74559 399.439 -16.4796 10.3662 108.038 23.6857 
152.352 178.468 174.622 150.864 149.722 140.624 175.638 174.222 86.492 87.3086 13.6081 337.946 -12.1186 -93.2923 331.203 -11.0547 -86.8959 327.99 -71.8069 26.3886 361.008 -11.5607 29.1983 371.216 -24.2096 -5.13962 399.383 -16.395 10.0055 107.856 24.4074 
152.533 178.569 174.329 149.92 149.691 140.625 175.787 173.588 85.1816 88.4419 14.4976 338.193 -12.6224 -94.6014 332.103 -12.6731 -84.2886 327.366 -73.3598 27.2929 362.355 -11.1814 30.9459 371.659 -22.8007 -4.46898 399.198 -16.3601 10.2153 108.603 24.8895 
152.816 177.944 173.957 148.494 149.272 140.941 175.226 173.015 85.4028 88.835 16.1265 338.291 -13.783 -95.1548 333.245 -14.4346 -81.6337 327.696 -75.4571 28.9553 362.779 -11.9636 32.6942 372.202 -23.0165 -3.51875 399.3 -16.4252 10.3088 108.371 25.7541 
153.236 178.113 174.209 146.579 149.733 141.292 175.33 172.93 83.9827 88.3921 17.2007 338.554 -13.4452 -95.7417 334.085 -15.7553 -78.401 326.895 -77.3037 29.5462 364.234 -11.4039 33.8719 373.214 -21.6243 -2.77898 399.519 -16.6519 10.7948 108.651 26.9272 
153.325 176.954 174.457 144.995 149.638 141.426 175.278 172.362 83.2989 88.3733 17.9508 338.409 -12.4973 -94.497 333.133 -15.8159 -74.9494 325.038 -78.1348 30.0198 364.814 -10.5215 34.5238 373.319 -20.2135 -2.11346 399.328 -16.627 11.3199 108.27 27.9569 
153.278 177.734 174.321 143.332 149.512 141.345 175.172 171.677 82.9557 88.3076 18.8819 337.677 -11.9922 -92.1934 330.612 -16.0513 -71.4035 322.257 -78.4314 30.6606 364.697 -9.91145 35.2049 372.855 -19.3145 -1.54265 398.415 -16.5667 11.6293 107.638 28.3748 
153.823 177.213 174.34 143.712 151.028 141.971 174.548 172.445 82.7992 86.658 19.5421 337.459 -11.9469 -91.251 330.545 -14.9998 -72.5058 323.088 -76.7007 30.9041 364.008 -9.87828 35.5893 373.123 -19.7319 -0.613141 398.671 -16.3431 11.3884 107.04 27.3624 
153.992 176.964 175.762 144.548 150.454 142.282 174.127 174.804 83.1408 85.4349 20.0841 336.891 -11.4038 -90.8929 330.337 -14.1499 -74.8967 324.102 -76.1595 31.2838 363.051 -9.17712 35.5983 372.175 -19.8726 0.180085 398.295 -16.2225 11.2559 108.128 26.7251 
153.818 176.457 176.73 143.887 149.503 141.952 174.935 175.378 83.3613 85.3475 20.2715 337.027 -10.5163 -90.7182 330.377 -14.4372 -74.1248 324.119 -75.9388 31.8348 363.255 -8.93609 35.7878 371.886 -19.8266 0.556085 398.424 -16.3564 11.4984 108.337 26.5502 
153.426 177.725 176.704 142.941 148.611 141.85 175.976 174.932 84.3561 85.8302 20.9187 336.994 -11.0474 -90.1463 330.942 -14.4441 -73.4577 325.074 -75.5997 32.6057 362.49 -9.56445 36.306 371.378 -20.5269 1.20155 398.582 -16.2937 11.4439 107.381 26.5147 
153.07 178.748 177.738 143.809 151.027 142.258 176.144 176.24 84.1366 82.8056 21.049 337.26 -11.1915 -90.6746 333.003 -14.1598 -74.8078 327.429 -74.645 32.8125 362.208 -9.89383 36.4403 371.956 -22.054 2.09782 399.25 -16.1147 10.7447 107.364 25.8595 
152.887 177.945 178.591 143.733 150.558 141.63 176.161 176.993 83.9859 82.1249 22.1688 337.876 -11.4411 -89.9597 332.895 -14.9398 -73.9318 327.684 -75.279 33.7967 363.023 -10.3072 36.8986 372.409 -22.7028 2.51331 399.603 -16.2892 10.9566 107.82 25.7775 
152.748 177.205 179.083 142.934 150.177 141.332 175.943 177.134 83.2186 81.5644 23.4102 338.491 -11.456 -88.048 331.606 -15.4875 -71.791 326.831 -75.6508 34.5181 364.288 -10.4736 37.5872 373.279 -22.8891 3.03488 400.038 -16.4576 11.0536 107.654 25.7335 
152.35 177.534 179.411 142.234 150.878 141.098 175.787 177.108 82.512 81.5018 24.2206 338.273 -11.0933 -86.0071 329.942 -15.2982 -70.3479 325.232 -75.467 35.3422 365.083 -10.8044 38.2499 373.536 -22.9923 3.43922 399.697 -16.4947 11.341 107.914 25.6417 
151.793 177.8 178.849 141.75 151.853 140.455 176.169 176.242 82.4462 82.8403 24.5637 338.217 -11.3764 -84.3863 329.258 -15.5078 -69.7057 325.265 -74.6805 35.6018 365.052 -11.3399 39.037 373.87 -22.7575 3.82756 399.547 -16.4009 11.1809 107.438 24.9679 
151.635 176.587 177.707 140.851 151.057 140.113 175.435 174.967 82.643 84.253 25.1433 338.188 -11.4861 -83.4214 329.81 -15.6581 -67.9813 325.365 -74.3163 35.6371 364.081 -11.3919 39.7922 373.186 -22.1679 4.52621 399.422 -16.3336 11.0618 105.922 25.0806 
151.334 175.498 176.753 140.53 150.406 139.668 174.841 174.367 82.5716 85.3468 25.5979 338.529 -10.7558 -82.265 330.609 -16.4986 -66.194 325.612 -74.4624 36.0388 363.842 -11.0817 40.724 372.906 -21.1895 5.29672 399.566 -16.1733 11.2157 105.271 24.9467 
151.253 176.202 176.713 140.599 150.663 139.277 175.462 174.264 81.6398 85.6952 26.3429 339.02 -9.65091 -83.254 331.999 -16.8502 -64.5845 325.253 -75.1045 36.3052 364.336 -10.2092 41.5121 372.812 -19.8098 5.83143 399.632 -16.0409 11.3879 105.737 25.7641 
151.458 177.764 180 140.826 152.522 139.811 176.138 180 79.5782 83.2756 27.1796 339.43 -9.06216 -82.5547 333.007 -17.5522 -66.9232 328.361 -75.6866 36.8914 364.968 -10.2403 42.1103 373.262 -19.424 6.8818 399.72 -15.6587 12.048 108.925 24.7693 
150.604 179.96 180 139.971 153.179 141.316 178.144 180 75.9778 81.2892 29.17 339.654 -9.25019 -79.4898 332.06 -19.2722 -65.2167 326.699 -74.7592 37.3893 366.029 -10.7965 42.9338 373.693 -19.0204 8.36609 399.833 -15.1879 12.9776 108.344 22.5443 
150.941 179.086 180 140.87 152.867 140.907 177.237 180 76.4147 82.4134 29.5316 338.61 -8.35882 -79.3647 330.511 -18.4754 -64.1957 324.803 -74.9409 37.7291 365.034 -9.66452 43.3005 372.365 -17.81 8.44433 398.629 -15.0988 12.9975 108.747 23.3828 
151.383 178.125 180 140.637 152.334 140.949 176.519 180 77.0784 83.9634 29.7998 337.784 -7.33111 -79.397 330.334 -18.1424 -62.9345 324.366 -75.5262 38.041 363.896 -8.26956 44.0246 371.126 -16.0889 8.87064 397.852 -14.7256 12.8464 108.853 24.3679 
151.141 178.046 180 141.209 151.912 140.881 175.881 180 77.9196 84.6556 30.3346 337.031 -5.99259 -78.2775 329.336 -17.5676 -61.971 324.627 -75.8773 38.9636 363.714 -7.35489 44.8159 370.57 -15.6896 9.36746 397.333 -14.4608 12.4098 109.862 25.0856 
151.434 177.642 178.586 141.758 151.584 141.166 174.86 178.167 78.5203 84.9932 30.808 336.781 -4.87677 -76.7125 328.404 -17.1287 -59.6019 323.251 -75.7405 39.7148 363.765 -6.57397 45.4792 370.542 -15.2514 9.8439 397.322 -14.2798 12.1873 109.122 25.5583 
151.998 177.259 180 143.719 154.206 142.536 174.233 180 78.2879 82.0749 30.7336 336.915 -4.11835 -76.301 329.16 -16.2311 -60.4847 324.557 -75.3681 40.1782 364.328 -5.52181 45.6524 371.372 -15.3249 10.6638 397.897 -13.9795 11.966 110.265 25.5338 
152.28 177.166 179.999 142.876 152.485 142.484 173.738 180 78.2809 81.6804 31.3991 336.811 -2.95171 -75.3183 329.106 -16.1803 -59.0132 324.346 -75.4602 40.7783 364.734 -4.40527 46.0616 371.197 -14.6767 11.3834 397.897 -13.6543 12.026 110.651 25.8256 
152.266 176.885 180 143.193 150.821 141.684 174.945 180 79.5527 83.1331 32.1549 338.126 -0.119087 -74.9583 329.929 -16.3427 -57.492 323.281 -73.6525 41.4655 365.236 -0.828201 47.65 370.864 -11.6781 12.5136 398.434 -12.9964 11.003 110.53 24.8852 
152.757 177.707 180 143.909 149.494 141.713 175.996 180 79.2319 83.6962 32.5952 339.007 1.23252 -74.0056 329.741 -16.8627 -56.1166 322.048 -73.7783 41.7911 366.846 0.673324 48.2897 371.32 -10.3871 13.1023 398.916 -12.802 10.8108 111.396 24.4885 
152.574 178.061 179.434 144.155 145.991 141.295 176.788 179.062 76.7616 82.8491 33.2679 339.591 0.51944 -71.9533 328.592 -16.3807 -55.6655 320.839 -72.5861 42.9509 368.457 -1.49519 48.8522 372.075 -11.8567 13.5676 399.202 -12.5167 11.8995 111.272 23.4952 
152.365 178.781 179.249 145.014 147.214 141.951 177.516 178.693 75.3932 80.9541 33.0396 339.174 2.11481 -70.9123 327.906 -15.4166 -54.6605 319.38 -70.8034 43.8245 369.917 -1.45223 49.3917 373.065 -12.0177 14.0309 399.186 -12.1043 12.3669 111.83 23.0033 
152.389 178.816 178.73 144.746 146.537 142.78 177.722 178.046 75.0758 80.4555 33.2416 338.988 2.98167 -70.7904 328.19 -14.5783 -53.3592 318.556 -69.6849 44.3953 369.978 -0.83793 49.9003 373.191 -11.6493 14.7264 399.344 -11.3677 12.3701 111.015 23.0458 
151.865 179.919 176.72 143.302 145.456 142.564 177.3 176.233 76.2233 80.2905 34.1467 337.776 3.06569 -68.8241 325.663 -13.2137 -51.8768 317.449 -68.6887 45.8813 368.912 -1.03804 50.7257 373.053 -12.3087 15.2213 398.456 -10.4165 12.253 110.05 23.1451 
151.863 179.956 175.664 141.544 143.827 142.042 177.601 175.237 77.0971 80.4061 35.1404 336.93 3.08265 -68.9094 324.986 -12.6946 -50.052 317.22 -68.3869 46.7168 367.5 -0.668203 51.3168 372.531 -12.0458 15.6882 397.677 -9.37831 12.1322 108.834 23.8987 
152.146 179.976 176.28 141.221 143.38 141.773 177.574 175.504 78.7475 81.7318 36.1458 337.013 5.17648 -69.6776 327.046 -12.7109 -49.2608 317.863 -66.6126 47.1627 365.892 2.71721 52.6871 371.171 -9.09022 17.0163 397.561 -7.9957 11.1004 107.869 23.5094 
151.421 179.66 175.559 142.349 144.959 141.522 176.101 174.954 80.1454 83.4296 37.1343 336.299 4.71953 -67.6608 326.295 -11.4166 -47.2959 319.257 -67.4176 48.2148 364.302 3.35758 53.655 370.715 -8.053 17.9315 397.084 -6.62683 10.8843 107.045 24.8851 
151.264 179.801 175.806 144.115 144.464 141.84 176.155 175.702 80.3639 84.4471 37.7639 336.773 5.39417 -65.5871 326.433 -10.5635 -47.3312 320.8 -67.1417 48.4834 364.307 5.03087 54.3436 370.47 -6.41703 18.8682 397.774 -5.36577 10.5529 107.137 24.5396 
150.937 179.734 177.393 145.925 144.722 141.337 176.341 177.226 80.6202 83.823 37.2228 337.459 6.86389 -66.6492 327.654 -9.54433 -48.0894 321.167 -67.1505 48.8826 364.309 6.93995 54.6554 370.464 -4.8991 19.4039 397.949 -4.42956 10.5101 108.417 24.896 
150.264 179.664 177.492 146.672 143.055 141.682 176.488 177.772 81.1317 83.1421 36.9618 337.972 10.7998 -67.2546 328.721 -8.88065 -47.8305 320.657 -64.99 49.0788 364.331 10.7492 55.2875 369.943 -1.87145 20.5111 398.107 -3.45327 10.2245 109.06 24.184 
149.708 178.827 177.678 146.299 140.56 142.223 176.727 177.689 80.9888 82.3659 36.991 338.122 13.0933 -68.6318 330.32 -8.54086 -48.1018 319.919 -62.8521 48.9887 363.655 12.7179 55.4491 368.833 -0.304815 21.1968 397.969 -2.67922 10.2015 108.601 23.4445 
149.27 178.625 178.056 145.536 140.979 141.308 177.124 177.954 81.2212 82.6306 37.549 337.273 13.7717 -68.8843 330.679 -8.21279 -47.9023 319.806 -62.7911 49.1448 361.729 13.3587 55.4796 367.031 0.570014 21.5435 396.691 -1.87418 10.4505 108.697 23.9009 
149.584 178.359 178.482 145.122 141.547 141.573 176.6 177.634 82.5577 83.5497 38.0904 336.512 14.9845 -69.1332 331.381 -7.59262 -46.7286 320.637 -63.156 49.8403 360.673 14.6397 56.1003 366.396 1.85292 22.1491 396.372 -1.01326 10.4548 108.67 25.0267 
149.346 177.38 177.738 142.551 142.304 141.717 177.273 176.343 82.6656 83.9027 39.549 335.214 16.2214 -68.2829 330.786 -8.19299 -44.7666 320.164 -62.657 51.1091 360.067 14.5063 57.3894 366.065 2.09665 23.1394 395.589 -0.333394 10.4652 108.202 24.8004 
149.199 177.074 177.499 140.925 141.768 141.711 178.541 175.991 84.3997 85.5473 39.5231 334.088 18.125 -68.103 331.995 -9.35347 -43.2832 319.519 -61.3051 51.1012 357.228 17.337 58.6557 363.267 4.80156 24.6816 394.441 0.788004 9.3558 106.519 24.0369 
148.859 176.453 177.282 139.111 142.239 141.606 178.002 176.163 84.7086 83.931 39.6075 333.523 21.5314 -66.4331 330.809 -8.86125 -41.4545 316.59 -59.2835 51.1731 355.671 20.7081 59.2701 361.608 7.70243 26.2424 392.893 1.73698 9.29184 105.898 23.5182 
