148.775 175.666 175.968 147.879 152.102 139.247 169.711 174.662 78.5713 83.7097 -110.021 331.108 30.1197 -69.5476 346.921 -57.3463 -110.185 324.214 -69.4766 -121.338 354.837 45.5412 -133.992 352.488 42.2475 -129.085 386.454 21.4512 13.3097 106.124 17.88 
148.587 175.69 176.3 147.405 151.991 139.257 169.646 174.805 78.2827 83.6709 -110.471 331.413 30.0866 -69.6726 345.998 -56.4288 -110.553 323.88 -68.8098 -122.244 355.211 45.4974 -134.752 353.135 42.2417 -129.225 386.789 21.4605 13.3976 105.933 17.9031 
148.325 175.806 176.474 147.39 151.582 138.846 169.77 174.885 77.7916 83.5415 -110.892 331.749 29.7156 -69.8178 345.019 -55.7586 -110.881 323.572 -68.4361 -123.346 355.607 45.3781 -135.52 353.559 41.9387 -129.326 386.976 21.3852 13.7806 106.055 17.8494 
148.228 175.849 176.643 147.204 151.372 138.689 169.699 174.915 77.3553 83.2246 -111.474 331.998 29.4959 -69.5707 344.054 -54.8572 -110.831 323.246 -68.0458 -124.225 356.017 45.2144 -136.272 354.064 41.679 -129.367 387.219 21.2903 13.9111 106.013 17.8585 
148.234 175.871 176.722 147.236 151.473 138.523 169.429 174.842 77.0259 82.8554 -112.172 331.984 29.5325 -69.1373 342.786 -53.7638 -110.933 322.803 -67.7735 -124.83 356.442 45.0519 -136.979 354.533 41.4843 -129.38 387.377 21.121 13.7835 106.062 18.0971 
148.256 175.941 176.824 147.405 151.474 138.744 169.396 174.915 76.7054 82.5164 -111.883 332.142 29.5608 -68.6444 341.961 -52.6813 -110.529 322.545 -67.5914 -125.509 356.835 45.1416 -137.519 354.935 41.3727 -129.359 387.552 21.1015 13.9803 106.337 18.1377 
147.914 175.962 176.748 147.621 151.553 138.368 169.26 174.833 76.2923 82.2987 -111.993 332.253 29.6128 -68.146 341.015 -51.7503 -110.092 322.218 -67.4042 -126.006 357.063 44.9754 -137.892 355.091 41.1035 -129.228 387.588 20.9924 14.1037 106.419 18.1531 
147.939 175.949 176.814 147.461 151.875 138.52 169.133 174.838 76.1353 81.9356 -111.619 332.398 29.7074 -67.8285 340.165 -50.8576 -109.67 321.777 -67.1186 -126.298 357.443 44.9205 -138.335 355.601 41.039 -129.25 387.715 20.8604 13.9284 106.409 18.1086 
147.768 175.859 176.71 147.379 152.032 138.519 168.951 174.686 76.0605 81.5927 -111.228 332.445 29.8979 -67.5308 339.018 -49.8631 -109.346 320.952 -66.6058 -126.381 357.517 44.8565 -138.701 355.75 40.9775 -129.217 387.655 20.7349 13.606 106.126 18.1272 
147.718 175.658 176.62 147.487 152.248 138.389 168.659 174.438 75.9379 81.6392 -111.408 332.698 29.9695 -67.5274 338.49 -49.1619 -109.43 320.46 -65.9594 -126.418 357.681 44.6328 -138.822 355.864 40.8213 -129.288 387.876 20.6326 13.4792 105.459 18.1988 
147.927 175.551 176.374 147.592 152.346 138.501 168.448 174.1 75.9649 81.6807 -111.672 332.926 30.0095 -67.3595 338.551 -48.7221 -109.636 320.386 -65.5738 -126.527 357.854 44.5821 -139.005 356.053 40.7789 -129.421 388.203 20.6526 13.3947 104.957 18.4793 
147.716 175.529 176.199 147.56 152.495 138.174 168.322 173.936 76.1521 81.6921 -112.089 332.897 30.0512 -67.3265 338.632 -48.6458 -109.562 320.42 -65.5942 -126.362 357.963 44.485 -139.028 356.143 40.6936 -129.455 388.264 20.5074 13.1606 104.854 18.4971 
147.661 175.422 175.966 147.523 152.92 137.909 168.249 173.793 76.3216 81.7328 -112.557 333.3 30.0446 -67.4468 339.091 -48.7125 -109.607 320.795 -65.6839 -126.331 358.28 44.3909 -139.135 356.529 40.6807 -129.6 388.633 20.3875 12.938 104.763 18.4743 
147.643 175.498 175.939 147.419 153.057 137.682 168.18 173.831 76.3371 81.8461 -112.906 333.725 30.0833 -67.2181 339.17 -48.2271 -109.598 320.759 -65.3513 -126.308 358.666 44.3309 -139.2 356.914 40.7626 -129.711 388.949 20.3027 12.7369 104.558 18.696 
147.665 175.403 175.804 147.656 153.371 137.396 168.095 173.754 76.419 82.0143 -113.09 334.232 30.0946 -67.4265 339.581 -48.3257 -109.682 320.852 -65.162 -126.072 359.101 44.3557 -139.067 357.245 40.9359 -129.843 389.272 20.2375 12.5428 104.468 18.6296 
147.482 175.308 175.506 147.871 153.612 136.942 168.253 173.605 76.3518 82.2951 -113.857 334.616 30.1743 -67.6116 339.94 -48.6547 -109.867 321.122 -65.1755 -126.119 359.411 44.2402 -139.095 357.436 40.9837 -129.974 389.552 20.1877 12.4413 104.431 18.5654 
147.39 175.295 175.383 147.978 154.192 136.629 168.588 173.535 76.2572 82.3743 -114.686 334.97 30.3056 -68.1628 339.878 -48.9458 -110.081 321.051 -64.8989 -126.512 359.788 44.233 -139.551 357.87 41.1321 -130.159 389.808 20.1649 12.2381 104.411 18.2038 
147.289 175.098 175.21 147.743 154.247 136.395 168.708 173.283 76.3939 82.4318 -115.423 335.155 30.2991 -68.8266 339.695 -49.3083 -110.271 320.956 -64.5405 -127.029 359.963 44.2263 -140.052 358.193 41.0602 -130.347 390.007 20.0768 12.2484 104.201 17.734 
147.251 174.877 174.947 147.876 154.386 136.257 168.807 173.024 76.5408 82.5615 -115.941 335.378 30.3922 -69.4574 339.674 -49.9264 -110.513 320.806 -64.3569 -127.261 360.257 44.3652 -140.312 358.501 41.2342 -130.538 390.181 20.041 12.1682 104.204 17.3313 
147.359 174.67 175.014 148.248 154.743 136.295 168.617 172.93 76.9654 82.6283 -116.361 335.687 30.4591 -70.022 340.065 -50.4049 -110.798 320.779 -64.2215 -127.029 360.88 44.6699 -140.268 358.969 41.4763 -130.817 390.498 19.9659 12.0259 104.298 17.1251 
147.314 174.514 174.853 148.524 154.945 136.406 168.576 172.671 77.4144 82.5233 -116.661 336.242 30.5735 -70.8951 341.141 -51.2077 -111.079 321.166 -64.1492 -126.983 361.692 44.8414 -140.46 359.643 41.5373 -131.29 391.104 19.7716 11.8708 104.301 16.7955 
146.783 174.615 174.632 149.132 155.111 136.274 168.379 172.346 77.4555 82.4002 -116.594 336.066 30.6662 -70.8352 341.833 -51.6232 -110.929 321.462 -64.5129 -126.786 361.547 44.688 -140.334 359.361 41.3642 -131.357 390.971 19.6437 11.813 104.355 16.8694 
146.188 175.101 174.755 149.329 155.168 136.058 168.409 172.364 77.5241 81.8712 -116.797 335.85 30.7963 -70.5835 342.065 -51.4443 -110.636 321.962 -64.8038 -127.195 361.862 44.7627 -140.862 359.757 41.1631 -131.441 391.003 19.5816 11.8127 104.81 16.887 
145.942 175.239 174.654 149.162 154.976 135.914 168.512 172.442 77.7564 81.6281 -116.87 335.797 30.6413 -70.7263 342.702 -51.7629 -110.556 322.854 -65.5728 -127.597 361.968 44.8189 -141.281 359.963 40.9612 -131.598 391.109 19.5649 11.9074 105.292 16.7575 
145.909 175.312 174.834 148.949 154.584 136.205 168.877 172.616 78.1562 81.5982 -116.871 335.632 30.8272 -70.9237 343.264 -52.3325 -110.466 323.267 -65.9441 -127.696 361.998 45.107 -141.454 360.019 41.0725 -131.762 391.149 19.6161 11.929 105.573 16.5867 
146.093 175.367 174.836 148.367 153.907 136.342 169.3 172.762 78.2096 81.7034 -116.71 335.468 30.6368 -71.1752 343.52 -52.8521 -110.841 323.558 -66.3834 -128.113 361.63 45.058 -141.626 359.758 40.9316 -131.823 391.019 19.6158 12.1981 105.819 16.6394 
146.333 175.136 174.706 148.109 153.178 136.345 169.452 172.794 78.0064 82.1407 -116.557 335.25 30.4266 -71.3397 344.258 -53.6585 -111.686 324.145 -66.9372 -128.135 360.841 44.6497 -141.327 359.03 40.7045 -131.765 390.78 19.6575 12.4685 105.793 17.111 
146.407 175.154 174.651 147.705 152.805 136.274 169.824 173.092 77.9127 82.4442 -116.099 335.199 30.507 -71.3853 344.98 -54.1163 -111.737 324.633 -67.4182 -127.973 360.455 44.5829 -140.995 358.525 40.7613 -131.751 390.559 19.7253 12.5784 106.144 17.2075 
146.617 175.196 174.634 147.413 152.659 136.165 170.067 173.303 77.8853 82.5612 -115.987 335.458 30.4113 -71.3244 345.822 -54.656 -111.613 325.246 -67.9272 -127.797 360.545 44.5193 -140.736 358.515 40.7689 -131.819 390.679 19.7146 12.6447 106.405 17.2156 
147.107 175.311 174.734 147.248 152.588 136.454 170.289 173.583 77.9929 82.7471 -116 335.553 30.3789 -71.3855 346.53 -55.0626 -111.816 325.796 -68.4905 -127.816 360.595 44.6095 -140.695 358.523 40.8924 -131.953 390.848 19.7489 12.6921 106.728 17.3465 
147.425 175.452 174.959 146.883 152.443 136.7 170.445 173.883 78.0675 82.824 -116.158 335.674 30.3543 -71.4483 346.94 -55.1563 -112.203 326.333 -68.8833 -128.152 360.751 44.6936 -141.026 358.801 40.9897 -132.099 391.104 19.8309 12.6771 107.03 17.5449 
147.455 175.532 175.006 146.807 152.404 136.759 170.413 173.956 77.9418 82.9611 -115.91 335.808 30.2643 -71.1414 347.457 -55.0735 -111.97 326.731 -68.9551 -128.07 360.693 44.5556 -140.861 358.719 40.9488 -132.073 391.174 19.8611 12.6833 107.001 17.6753 
147.373 175.487 174.978 146.94 152.655 136.864 170.297 173.89 77.8595 83.0769 -115.613 335.941 30.185 -70.9298 348.064 -55.3482 -111.573 327.204 -69.2268 -127.812 360.631 44.3299 -140.624 358.685 40.9023 -132.079 391.256 19.8311 12.5508 106.896 17.5941 
147.442 175.48 175.046 147.695 152.856 137.024 170.114 173.87 77.6006 83.2693 -115.237 335.976 29.9423 -70.8182 348.572 -55.6719 -111.337 327.455 -69.4238 -127.423 360.47 44.088 -140.065 358.284 40.7615 -132.002 391.193 19.8007 12.6867 106.761 17.5688 
147.58 175.418 175.103 148.175 152.876 137.119 169.956 173.81 77.5157 83.5603 -114.907 335.851 29.8273 -70.905 348.522 -55.9306 -111.168 327.486 -69.5308 -127.184 360.276 44.0348 -139.666 357.836 40.728 -131.937 391.043 19.7941 12.8392 106.692 17.3552 
147.511 175.369 175.157 148.439 152.857 137.119 169.805 173.745 77.2553 83.6376 -114.803 335.921 29.7323 -71.2017 348.551 -56.0855 -111.267 327.689 -69.7165 -127.33 360.357 43.9751 -139.522 357.781 40.573 -131.922 391.102 19.8179 13.2232 106.839 17.1638 
147.625 175.223 175.075 148.7 152.608 137.053 169.626 173.554 76.8613 84.0135 -114.542 336.465 29.1194 -71.7958 348.738 -56.6321 -111.61 328.886 -70.345 -127.852 360.552 43.5954 -139.41 357.967 40.0725 -131.761 391.57 19.7552 13.9504 107.102 16.7174 
147.966 175.079 175.097 148.728 152.518 137.377 169.61 173.66 76.6744 83.9697 -114.43 336.982 29.0369 -71.9886 349.252 -56.7934 -111.702 329.77 -70.6202 -127.894 360.946 43.4352 -139.339 358.38 39.8851 -131.802 392.15 19.7855 14.1363 107.09 16.5608 
148.289 175.02 175.16 148.299 152.326 137.802 169.83 173.849 76.691 83.9835 -114.414 337.832 29.0285 -72.2703 349.819 -56.9223 -112.352 330.837 -70.8954 -128.259 361.55 43.5155 -139.74 359.208 40.0038 -131.94 393.075 20.0022 14.1313 107.082 16.6454 
148.077 174.889 175.364 148.612 152.316 137.73 169.623 173.918 76.7852 84.0365 -114.33 338.133 28.7368 -72.4734 350.397 -57.1503 -112.331 331.474 -70.9576 -127.7 361.861 43.4094 -139.342 359.399 39.9581 -131.78 393.372 19.9856 13.9635 106.881 16.4954 
147.944 174.8 175.481 149.254 152.317 137.498 169.46 173.746 76.8541 84.4094 -114.462 338.361 28.5004 -72.6918 350.863 -57.4499 -112.383 331.729 -70.8667 -127.019 361.747 43.1764 -138.747 359.199 39.9295 -131.531 393.491 20.0013 13.7703 106.318 16.4049 
147.697 174.898 175.764 149.143 152.57 137.53 169.291 173.805 77.2427 84.1905 -114.444 338.653 28.3625 -72.553 351.419 -57.6303 -111.866 332.066 -70.8235 -126.344 362.311 43.2667 -138.476 359.859 40.124 -131.338 393.882 19.9402 13.3027 106.077 16.196 
147.412 174.979 175.91 148.797 152.747 137.669 169.463 173.848 77.892 83.8502 -114.315 338.614 28.4641 -72.369 351.522 -58.1658 -110.764 331.74 -70.9764 -125.592 362.584 43.5013 -138.256 360.434 40.4341 -130.98 393.97 19.8178 12.6952 105.885 15.6152 
146.964 174.985 175.962 148.919 152.878 137.353 169.496 173.661 78.082 83.7716 -114.729 338.873 28.3904 -72.4414 351.92 -58.689 -110.271 331.974 -71.1819 -125.278 363.048 43.4762 -138.079 360.95 40.3673 -130.719 394.314 19.717 12.5623 105.81 15.2158 
146.668 175.017 176.02 148.546 152.973 137.239 169.711 173.629 78.4239 83.7841 -114.483 339.439 28.1736 -72.2688 352.844 -59.3563 -109.265 332.516 -71.6143 -124.933 363.569 43.4988 -137.766 361.759 40.4205 -130.363 394.843 19.6222 12.4635 105.777 14.7162 
146.387 175.072 176.174 147.806 152.572 137.749 169.794 173.656 78.5594 83.5015 -113.098 339.822 27.4294 -72.0285 353.717 -59.871 -108.25 333.024 -71.792 -124.587 363.717 43.3188 -137.379 362.23 40.1949 -129.946 395.099 19.5305 12.5624 105.558 14.3249 
146.397 175.005 176.413 147.822 152.784 138.498 169.878 173.768 78.7967 83.2379 -111.174 339.854 26.9598 -71.4598 354.929 -60.8079 -107.119 333.25 -72.1624 -123.836 363.643 43.4298 -136.591 362.221 40.2231 -129.425 394.962 19.4215 12.6476 105.853 14.2523 
146.241 174.912 176.451 147.735 152.677 138.645 169.852 173.723 78.5825 83.2099 -109.271 340.149 26.1886 -71.269 356.277 -61.7652 -106.347 333.887 -72.536 -123.235 363.111 42.8857 -135.587 361.862 39.7526 -128.836 394.866 19.2521 13.0933 105.562 14.1532 
146.47 174.738 176.204 147.654 152.599 139.001 169.749 173.541 78.6418 83.3016 -107.499 340.367 25.5245 -71.4718 357.84 -62.9107 -105.993 335.012 -73.3335 -122.458 362.444 42.4272 -134.464 361.379 39.2621 -128.231 394.854 19.1098 13.5506 105.558 13.9879 
146.289 174.718 176.287 147.894 153.045 139.001 169.835 173.617 78.7903 83.3364 -106.732 341.205 25.425 -71.3292 360.268 -64.1572 -105.342 336.435 -74.1187 -121.51 362.645 42.2256 -133.405 361.762 39.1604 -127.769 395.396 18.9856 13.7164 105.79 14.0576 
146.353 175.06 176.704 148.384 153.379 139.276 170.536 174.012 78.9376 83.8202 -106.003 341.732 25.4432 -70.5192 362.084 -65.2093 -104.407 337.118 -74.8061 -120.851 362.879 42.3354 -132.441 361.961 39.4265 -127.243 395.77 18.8881 13.8937 106.095 14.4071 
146.442 175.162 177.123 148.077 153.519 139.506 170.696 174.439 79.0024 83.9522 -105.044 342.432 25.3189 -69.7519 363.402 -65.4845 -103.688 337.873 -74.9406 -120.162 363.341 42.2641 -131.804 362.57 39.6613 -126.917 396.251 18.8279 13.7711 106.031 14.6839 
146.685 175.411 177.479 149.111 154.066 139.596 170.914 174.664 78.4408 84.2526 -104.021 342.817 24.9581 -69.1266 364.227 -66.0334 -102.946 338.332 -75.2995 -119.548 363.587 41.9385 -130.952 362.692 39.805 -126.602 396.266 18.6954 13.8201 106.132 14.7584 
147.117 175.271 177.587 149.191 154.248 139.854 170.604 174.546 77.8815 84.3426 -103.102 343.158 24.7509 -69.004 364.829 -66.2343 -102.883 338.865 -75.4775 -119.045 363.365 41.3502 -130.268 362.526 39.5325 -126.346 396.4 18.6873 13.993 105.722 14.8248 
147.271 175.066 177.233 148.966 154.157 139.817 170.37 174.214 78.1381 84.1615 -102.744 343.209 24.6249 -69.6506 365.898 -66.9271 -103.652 339.909 -76.1797 -118.478 362.94 41.1301 -129.923 362.334 39.3273 -126.272 396.472 18.8159 13.9487 105.714 14.9007 
147.491 175.107 177.339 149.165 154.181 139.77 170.404 174.476 78.2741 84.4899 -102.372 343.548 24.597 -70.3995 367.045 -67.7704 -104.41 341.144 -77.0611 -117.925 362.552 40.7915 -129.21 362.14 39.1163 -126.271 396.7 18.8803 14.2207 105.676 14.8305 
148.095 175.293 177.438 149.034 153.499 139.918 170.601 174.872 78.5014 84.8613 -102.79 343.906 24.7015 -71.1804 367.833 -68.1248 -105.849 342.518 -77.7553 -118.067 362.167 40.6242 -129.182 362.091 38.8784 -126.44 397.269 19.2247 14.572 105.485 14.9335 
148.466 175.269 177.324 148.732 152.941 139.911 170.374 174.739 78.9392 85.0488 -103.382 344.101 25.0706 -72.0254 368.119 -67.962 -107.195 343.269 -77.6896 -118.296 361.924 40.7955 -129.577 361.955 38.906 -126.762 397.748 19.6667 14.4937 105.082 15.0308 
148.605 175.379 176.94 147.897 152.01 139.78 170.4 174.665 79.432 85.3974 -104.33 344.577 25.3311 -72.9631 368.201 -67.4388 -109.016 344.184 -77.4464 -119.074 361.632 40.9505 -130.38 361.982 38.9001 -127.133 398.488 20.2766 14.5671 104.455 15.2321 
148.567 175.518 176.791 147.007 151.184 139.616 170.372 174.537 79.3984 85.3689 -104.822 344.673 25.4938 -73.5766 367.649 -66.9148 -110.201 344.276 -77.1099 -119.992 361.802 41.3856 -131.193 361.957 38.9998 -127.385 398.775 20.7523 14.7234 104.522 15.3135 
148.708 175.647 176.587 146.599 150.056 139.558 170.518 174.385 79.2349 85.0053 -105.35 344.512 25.2818 -73.9802 366.55 -66.3471 -111.072 344.014 -76.7424 -121.22 362.013 42.063 -132.328 361.978 39.1076 -127.479 398.859 21.3042 15.03 104.746 15.2736 
148.991 175.764 176.623 146.248 149.188 139.688 170.637 174.194 79.3401 84.913 -105.44 344.182 25.3835 -74.0094 364.752 -65.3794 -111.355 342.96 -75.6825 -122.053 362.003 43.0576 -133.226 361.874 39.7007 -127.465 398.689 22.055 15.0947 104.566 15.1432 
149.578 175.832 176.77 146.117 148.723 140.301 170.703 174.139 79.459 85.0954 -105.18 344.069 25.7643 -73.9101 363.18 -64.034 -111.478 341.857 -74.0756 -122.45 362.085 44.1585 -133.706 361.92 40.6497 -127.4 398.696 22.9601 15.0576 104.051 15.1145 
150.6 175.76 176.987 146.311 148.73 141.429 170.563 173.936 79.5819 85.3658 -104.432 343.663 25.7677 -73.7625 361.412 -62.6527 -111.621 340.581 -72.3763 -122.698 362.071 45.2964 -133.855 361.928 41.6444 -127.175 398.481 23.8469 15.1802 103.664 15.1179 
150.881 175.788 177.092 146.575 148.472 141.861 170.525 173.865 79.941 85.646 -103.478 343.261 26.5671 -73.1219 359.626 -61.2962 -111.39 338.673 -70.8271 -121.999 361.921 46.5795 -133.299 361.57 42.825 -126.721 398.068 24.5713 15.0505 103.415 15.3279 
150.93 175.718 176.819 146.946 148.465 142.082 170.285 173.572 80.2348 86.4136 -102.493 343.168 27.6218 -72.6578 358.717 -59.9365 -111.402 337.789 -69.3656 -121.012 361.267 47.3228 -132.294 360.974 43.8079 -126.173 397.967 25.5002 14.9654 102.354 15.567 
150.85 175.741 176.762 147.477 148.874 142.111 170.244 173.642 80.5082 86.4785 -101.986 342.387 29.3346 -71.8046 357.128 -58.6624 -111.221 336.37 -68.1457 -119.92 360.729 48.4754 -131.431 360.499 45.1073 -125.411 397.456 26.3144 14.6804 102.227 15.8613 
150.57 175.604 176.845 147.552 148.862 141.882 169.799 173.981 80.7292 87.3433 -101.12 341.971 30.102 -70.8134 355.346 -56.9006 -109.734 334.825 -66.5347 -117.743 359.354 48.6835 -129.307 359.141 45.8397 -124.323 396.592 26.9404 14.3512 100.77 15.508 
150.267 175.533 177.246 147.342 149.927 141.689 169.412 174.057 80.4061 88.3863 -99.86 341.689 30.9625 -69.4998 354.95 -55.8635 -108.215 333.691 -65.3493 -115.214 358.418 48.5533 -126.705 357.924 46.674 -123.127 395.837 27.4609 13.8833 99.6336 15.6138 
150.05 175.397 176.916 147.668 150.918 141.673 169.198 173.653 80.6014 89.0126 -98.3122 341.271 32.0815 -68.8745 355.219 -55.2555 -107.147 333.064 -64.2826 -112.943 357.9 49.0551 -124.413 357.276 47.5172 -121.796 395.36 28.0419 13.7141 99.3206 15.6338 
149.247 175.768 177.152 144.246 150.482 141.237 169.921 173.623 79.8665 90.0371 -97.8086 341.648 33.6753 -67.796 355.432 -55.2242 -105.333 332.142 -63.1807 -111.512 356.66 48.3674 -121.871 356.277 47.9196 -120.387 395.357 28.5293 14.264 97.1514 15.4715 
148.643 176.041 176.641 144.661 150.386 140.573 170.311 173.36 77.7445 91.6331 -97.7807 341.547 34.8815 -66.7794 354.787 -55.1549 -103.792 332.142 -63.1893 -111.02 355.586 47.071 -119.811 354.28 47.029 -119.004 395.137 28.9198 15.3596 95.7513 14.9018 
148.403 176.022 176.505 141.643 151.013 140.011 170.905 173.768 77.9975 92.8259 -98.1616 341.826 36.5193 -65.8014 354.719 -55.3771 -103.567 332.261 -63.3739 -109.654 354.201 45.9789 -118.259 353.521 46.9244 -117.629 395.532 29.1389 15.0629 94.038 15.2158 
148.636 176.319 176.605 138.657 150.076 139.774 171.729 173.944 73.8707 94.2873 -97.4969 342.577 36.9862 -64.1919 356.206 -56.034 -101.82 333.564 -64.1905 -109.491 354.651 43.9015 -115.627 352.262 45.2135 -116.182 395.918 29.3931 17.0317 93.3645 15.1666 
148.136 176.505 176.773 140.712 151.957 139.466 171.955 174.087 74.2395 94.4789 -96.4728 343.469 37.9237 -62.6455 357.945 -56.5227 -100.653 334.976 -64.7761 -107.959 354.985 44.1071 -114.007 353.233 45.8773 -114.996 396.668 29.4204 16.9357 93.894 15.509 
147.679 176.696 176.547 143.239 152.698 139.552 172.094 174.05 74.0419 95.9824 -94.4464 344.371 38.5791 -61.31 358.891 -56.5661 -98.9772 335.788 -64.958 -106.772 354.324 43.55 -112.116 352.786 45.6031 -113.73 397.169 29.5033 17.4002 92.9884 15.377 
146.951 176.459 176.238 140.293 154.281 139.686 171.911 174.006 75.849 95.7469 -91.4354 344.481 38.2008 -60.292 359.272 -57.4644 -97.7602 336.772 -66.4807 -104.059 353.046 42.0231 -110.976 352.646 44.9336 -112.353 397.014 28.9792 15.7692 92.1244 15.0671 
146.652 176.011 175.36 137.256 154.26 139.307 171.164 172.938 76.7172 94.7891 -89.9122 344.563 36.6566 -58.9153 361.79 -58.0905 -96.381 339.042 -67.4145 -102.292 352.348 39.0613 -110.353 353.471 43.1589 -111.154 397.279 28.2084 15.0099 90.0326 15.4205 
147.026 176.496 174.98 146.33 155.405 140.298 171.422 172.617 77.1422 94.0838 -85.2078 345.428 34.7936 -55.6054 365.848 -59.9472 -92.9121 342.139 -69.4808 -99.79 353.449 40.1578 -108.099 354.398 42.5389 -107.991 398.055 27.4427 15.2664 93.5778 15.8158 
147.288 176.322 175.027 145.67 154.879 140.686 170.869 172.726 78.1284 93.2819 -81.8279 345.718 32.9795 -53.6232 367.816 -61.0755 -90.7231 343.528 -71.1084 -97.9966 353.461 39.2337 -106.793 355.212 41.7107 -106.706 398.266 26.4956 15.2255 93.7493 15.9615 
146.906 176.331 174.978 145.913 155.189 139.992 170.166 172.946 78.4384 91.8353 -79.8186 346.046 32.7805 -51.9932 369.641 -61.7204 -88.9301 344.533 -71.9162 -96.03 355.324 40.7232 -105.51 355.993 41.9875 -105.472 398.31 25.751 14.6559 97.0869 16.2746 
146.79 176.788 174.624 150.097 155.259 140.281 169.996 172.285 77.6888 90.1955 -77.4794 346.762 30.9148 -50.3224 372.487 -63.1608 -86.8775 345.837 -72.789 -95.3856 357.546 41.2888 -104.649 357.439 41.3138 -104.193 398.776 24.8024 15.2417 99.664 16.8169 
146.454 176.604 174.597 150.602 155.082 140.692 169.48 172.195 77.0314 88.1505 -74.4239 347.52 29.6735 -49.1527 373.875 -63.8503 -84.7861 346.905 -73.6248 -94.6689 359.437 41.7172 -104.097 358.924 40.8749 -103.05 399.094 24.2905 15.5455 101.766 16.4788 
146.62 176.476 174.213 150.559 153.308 141.319 169.11 172.17 76.9853 85.5356 -72.2649 347.851 28.6131 -47.8958 375.675 -64.7657 -83.5948 347.928 -74.5706 -94.3014 359.815 41.5484 -104.486 359.603 39.9868 -101.913 399.278 23.6768 15.3317 103.013 17.0048 
146.364 176.203 173.679 149.71 150.9 141.217 168.485 171.513 76.7842 84.4345 -71.3176 349.163 27.0462 -47.8159 377.356 -65.0155 -82.6755 349.975 -74.8793 -94.6616 360.945 39.8575 -105.326 361.329 37.8906 -101.074 400.777 22.8321 15.212 102.261 16.7483 
145.8 175.639 172.984 148.834 149.951 140.947 168.634 170.819 77.8562 84.3508 -69.9102 350.085 26.2697 -46.395 378.817 -65.9852 -81.6779 350.995 -76.2006 -93.2635 361.618 38.7538 -104.555 362.157 36.1112 -99.967 401.757 21.5684 14.8738 102.308 17.2615 
145.329 175.177 172.731 146.474 149.403 140.762 168.145 170.817 78.0349 83.2835 -69.1139 350.75 24.9442 -45.7282 380.171 -66.684 -80.927 353.128 -77.2173 -92.6322 363.697 38.0611 -104.646 364.367 35.2096 -98.9931 402.96 20.6829 14.2677 103.264 17.0596 
145.62 175.448 172.655 149.981 148.412 140.473 169.063 170.992 79.6921 86.1487 -67.5026 351.939 25.3726 -43.5489 383.012 -67.4651 -79.4694 354.511 -78.3828 -91.1878 361.438 36.8423 -102.231 362.95 34.1646 -97.7489 403.73 20.1557 15.0812 101.408 18.1593 
145.472 175.381 172.506 146.661 148.341 140.367 169.047 171.871 80.4294 86.3078 -66.6183 352.077 24.5037 -42.883 383.496 -68.4057 -79.6603 356.277 -79.9169 -89.7748 362.403 35.9169 -101.498 364.069 33.5668 -96.7505 404.437 19.3381 14.2724 102.087 18.0729 
145.076 175.488 172.173 144.03 148.247 140.584 169.27 172.055 80.8513 86.1622 -65.1145 352.573 23.3459 -42.2881 384.193 -68.9481 -79.3086 357.328 -80.3437 -88.6207 362.245 34.5699 -101.019 364.474 32.8723 -95.6058 404.836 18.9431 13.4502 101.189 18.2324 
