144.234 174.47 169.487 142.987 142.453 129.869 171.486 170.523 89.0817 86.3622 -118.901 170.495 36.6359 -91.6266 198.486 -43.7207 -86.4839 167.372 -52.4562 -108.941 170.212 65.1303 -96.7736 161.452 65.1988 -73.7793 192.835 53.8658 11.0675 102.764 7.49441 
144.007 174.764 170.627 142.901 141.959 129.51 171.44 170.372 88.9447 86.063 -119.674 172.346 36.8374 -92.2702 200.035 -43.5222 -86.5187 168.706 -51.9779 -109.369 171.935 65.2909 -97.3957 162.85 65.2389 -73.7473 193.519 54.0084 11.1302 103.281 7.42831 
143.746 175.001 171.642 143.01 141.712 129.426 171.566 170.401 88.6595 85.7455 -120.32 174.283 36.8145 -92.3309 201.907 -43.5705 -86.4452 170.123 -51.5432 -109.731 173.736 65.4094 -98.033 164.329 65.2312 -73.7541 194.229 54.0509 11.2457 103.979 7.70664 
143.396 175.136 172.586 143.133 141.689 129.524 171.907 170.499 88.1784 85.3284 -120.796 176.294 36.5992 -91.8887 204.659 -43.7764 -86.4797 171.865 -51.407 -109.944 175.47 65.4364 -98.5495 165.773 65.0333 -73.8777 195.084 54.0485 11.3862 104.757 8.50687 
143.2 175.044 173.163 143.267 141.55 130.021 172.256 170.336 87.8355 84.906 -121.853 178.837 36.2828 -91.756 208.329 -43.8399 -88.1319 174.341 -51.622 -110.178 177.087 65.5778 -99.0777 167.034 64.751 -74.0744 195.876 53.9669 11.4539 105.06 9.58631 
143.477 174.841 173.291 143.366 141.386 130.76 172.687 169.941 87.3975 84.4768 -122.891 181.175 35.8121 -91.7858 211.773 -43.9214 -90.1442 176.477 -51.7262 -110.179 178.451 65.617 -99.397 168.046 64.4381 -74.1323 196.399 53.7749 11.4698 105.055 10.8543 
144.092 174.69 173.478 143.594 141.17 131.515 173.111 169.976 87.0369 84.0463 -124.096 183.661 35.4575 -91.9306 214.877 -43.9598 -91.9798 178.553 -51.9976 -110.144 179.753 65.8251 -99.6908 168.995 64.2586 -74.1932 196.899 53.5736 11.4715 105.315 11.8658 
145.108 174.476 173.67 143.829 140.869 132.243 173.555 170.34 86.6811 83.5981 -125.194 186.096 35.0276 -92.086 217.657 -44.0316 -93.2891 180.416 -52.4381 -110.035 180.908 65.9533 -99.9076 169.774 64.0121 -74.2064 197.314 53.3104 11.4257 105.795 12.6809 
145.609 174.35 173.879 143.949 140.432 132.816 173.98 170.886 86.3641 83.1987 -125.887 188.366 34.6393 -91.9974 219.855 -44.0762 -93.8554 181.84 -52.9775 -109.851 181.761 66.0872 -100.015 170.346 63.8249 -74.1722 197.631 53.1372 11.4278 106.415 13.2818 
145.924 174.239 173.794 144.068 140.154 133.192 174.287 171.187 86.0637 82.9296 -126.257 190.112 34.2609 -91.9166 221.129 -44.1296 -93.9541 182.758 -53.3077 -109.607 182.306 66.1294 -99.9948 170.677 63.6569 -74.1003 197.838 53.0069 11.4219 106.911 13.5429 
145.807 174.179 173.488 144.334 140.124 133.321 174.454 171.088 85.6845 82.6402 -126.312 191.541 33.8912 -91.9862 221.709 -44.2351 -94.0927 183.114 -53.3692 -109.352 182.639 66.1139 -99.914 170.868 63.5198 -74.0717 197.976 52.8971 11.4292 107.186 13.7078 
145.276 174.081 173.126 144.667 140.373 133.272 174.423 170.764 85.4088 82.4299 -126.122 192.332 33.6246 -92.143 221.78 -44.2495 -94.1435 183.103 -53.1715 -109.12 182.759 66.1325 -99.7287 170.949 63.4867 -74.0691 198.114 52.8749 11.4642 107.22 13.7809 
144.592 174.048 172.954 144.941 140.872 133.028 174.583 170.858 85.157 82.2784 -125.807 192.584 33.6479 -92.3492 221.501 -44.1875 -93.525 182.971 -53.0942 -108.959 182.832 66.2624 -99.6371 170.99 63.6675 -74.0835 198.26 52.8575 11.4484 107.801 13.4672 
143.779 174.129 172.774 145.129 141.209 132.627 174.675 170.352 85.1246 82.3834 -125.1 191.883 33.5072 -92.368 220.112 -44.247 -93.2862 181.748 -52.8333 -108.697 182.323 66.2264 -99.2153 170.66 63.7138 -73.9875 198.174 52.9666 11.5402 107.317 13.335 
143.232 174.252 172.924 145.265 141.514 132.234 174.8 170.399 85.167 82.5495 -124.652 191.49 33.4725 -92.5354 218.632 -44.3039 -92.7358 180.58 -52.8868 -108.485 181.984 66.2975 -98.9121 170.463 63.8873 -73.8872 198.089 53.0442 11.5936 107.268 12.9119 
142.932 174.447 172.95 145.43 141.893 131.981 174.806 170.511 85.3458 82.7979 -124.186 190.759 33.4599 -92.5115 217.239 -44.3666 -91.976 179.656 -52.8676 -108.362 181.735 66.4045 -98.6847 170.362 64.0853 -73.7791 198.041 53.1458 11.6556 107.294 12.4143 
142.726 174.613 172.923 145.577 142.247 131.797 174.85 170.618 85.5306 83.0376 -123.663 190.02 33.4184 -92.352 215.826 -44.3836 -91.0156 178.783 -52.7967 -108.2 181.512 66.4617 -98.4097 170.27 64.2343 -73.6014 198.019 53.228 11.7041 107.356 11.8713 
142.485 174.685 172.767 145.751 142.58 131.559 174.822 170.667 85.7501 83.3279 -122.984 189.092 33.4436 -92.0252 214.481 -44.4091 -90.0427 178.003 -52.6423 -107.921 181.245 66.5158 -97.9969 170.145 64.4025 -73.3139 197.965 53.2931 11.7326 107.338 11.3857 
142.324 174.899 172.642 145.925 143.077 131.35 174.853 170.872 86.0528 83.7489 -122.282 188.182 33.4712 -91.6096 212.914 -44.5203 -88.8236 177.206 -52.6396 -107.637 181.011 66.5866 -97.6314 170.049 64.5966 -72.9574 197.85 53.2934 11.7583 107.563 10.7052 
142.317 175.08 172.642 146.032 143.574 131.325 174.916 171.451 86.4014 84.1449 -121.566 187.068 33.3609 -91.0623 211.142 -44.8509 -87.0854 176.367 -53.0808 -107.235 180.685 66.6435 -97.1439 169.845 64.7568 -72.4935 197.597 53.1651 11.7877 108.195 9.85322 
142.183 175.197 172.662 145.788 143.889 131.325 175.059 171.746 86.8074 84.619 -120.872 185.977 33.3224 -90.6085 209.272 -45.0335 -85.7787 175.608 -53.4484 -106.812 180.237 66.6654 -96.628 169.528 64.8832 -71.9838 197.281 53.0612 11.7963 108.466 8.93713 
142.177 175.339 172.731 145.331 144.001 131.278 175.156 172.075 87.3074 85.1008 -120.169 184.617 33.4987 -90.1913 207.038 -45.1262 -84.4756 174.553 -53.5882 -106.578 179.647 66.6165 -96.1856 169.129 65.0556 -71.5319 197.04 53.0073 11.7528 108.473 7.99114 
142.22 175.551 172.562 145.044 144.338 131.315 175.148 171.95 87.7933 85.7098 -119.281 183.096 33.4702 -89.5085 204.252 -45.2221 -83.4108 172.996 -53.3455 -106.347 179.063 66.4803 -95.8091 168.742 65.2341 -71.0585 196.725 52.8826 11.7073 108.116 7.04775 
142.564 175.904 172.247 144.851 144.624 131.283 174.871 171.505 88.3008 86.2209 -118.296 181.236 33.6187 -88.8159 201.529 -45.1993 -82.7333 171.514 -52.812 -106.138 178.37 66.3181 -95.3858 168.248 65.3672 -70.5723 196.452 52.8191 11.6379 107.333 6.16944 
142.695 176.121 172.078 144.463 144.751 131.123 174.498 170.998 88.6753 86.7266 -117.407 179.871 33.9764 -88.1051 199.691 -45.0527 -82.4591 170.467 -52.3057 -105.97 178.027 66.165 -95.187 167.962 65.4842 -70.0509 196.208 52.876 11.5383 106.449 5.61532 
142.991 176.141 171.963 144.031 144.932 131.077 174.028 170.487 89.0391 87.1567 -116.454 178.319 34.3985 -87.3208 198.147 -44.8542 -82.1979 169.534 -51.5871 -105.777 177.722 66.112 -94.8839 167.786 65.7398 -69.6315 196.208 53.0304 11.4352 105.45 5.3113 
143.031 175.978 171.947 143.573 145.064 130.949 173.578 170.714 89.2671 87.463 -115.583 176.809 35.0436 -86.651 196.951 -44.6848 -81.2997 168.825 -51.2617 -105.524 177.364 66.0837 -94.5526 167.521 65.9809 -69.2016 196.025 53.168 11.3416 105.223 4.9487 
142.958 175.648 171.932 143.306 145.236 130.786 173.09 170.578 89.3858 87.6189 -114.546 175.173 35.5347 -85.8941 195.652 -44.5557 -80.7509 167.716 -50.6875 -105.216 176.786 65.8842 -94.0996 167.087 66.0655 -68.8595 195.834 53.1901 11.2508 104.576 4.9496 
142.947 175.29 171.906 143.063 145.41 130.523 172.575 170.696 89.5491 87.7901 -113.686 173.776 36.1619 -85.4294 194.77 -44.4638 -80.283 167.014 -50.4196 -105.087 176.323 65.7093 -93.8347 166.742 66.1176 -68.619 195.677 53.2539 11.1691 104.121 4.88103 
142.756 174.878 171.628 143.107 145.756 130.211 172.173 170.671 89.6762 87.9131 -112.651 172.569 36.6124 -84.7006 193.965 -44.4485 -79.5929 166.243 -50.0368 -104.897 175.803 65.5535 -93.4949 166.375 66.1631 -68.3923 195.511 53.2984 11.1311 103.765 4.99511 
142.704 174.57 171.566 143.056 145.946 129.946 171.927 170.996 89.7516 87.9384 -111.904 171.695 37.0278 -84.1686 193.537 -44.5578 -78.751 165.672 -50.0066 -104.741 175.554 65.4434 -93.2209 166.235 66.2061 -68.226 195.474 53.3021 11.0962 103.817 5.06991 
142.643 174.246 171.52 143.05 146.037 129.711 171.749 171.158 89.8605 87.9565 -111.272 171.246 37.3008 -83.5233 193.439 -44.5176 -78.0235 165.331 -49.7665 -104.585 175.47 65.3122 -92.9631 166.172 66.1887 -67.9796 195.469 53.3092 11.0346 103.763 5.2479 
142.456 173.974 171.284 143.093 146.105 129.494 171.537 171.142 89.8733 87.8676 -110.768 171.2 37.5323 -82.9112 193.45 -44.4342 -77.4671 165.435 -49.5876 -104.339 175.515 65.213 -92.6259 166.203 66.1678 -67.6803 195.563 53.3567 10.9776 103.674 5.23924 
142.39 173.836 171.192 142.98 146.085 129.328 171.452 170.862 89.7784 87.7193 -110.18 171.288 37.5688 -82.3245 193.42 -44.5016 -77.3079 165.54 -49.5205 -104.009 175.596 65.0419 -92.2495 166.33 66.1114 -67.3712 195.774 53.376 10.9673 103.209 5.31273 
142.166 173.721 171.006 142.991 146.08 129.056 171.407 170.717 89.6339 87.5707 -109.707 171.615 37.5064 -81.8744 193.185 -44.6047 -77.0147 165.696 -49.6042 -103.729 175.72 64.7785 -91.9712 166.45 65.9563 -67.095 195.94 53.2715 10.9352 102.995 5.11484 
141.977 173.698 170.797 143.011 146.08 128.849 171.394 170.7 89.4591 87.4249 -109.208 171.925 37.3683 -81.2974 192.78 -44.7399 -76.2041 165.601 -49.6977 -103.338 175.784 64.5674 -91.5727 166.548 65.8425 -66.7963 196.133 53.1718 10.9243 103.069 4.88577 
141.813 173.663 170.418 143.215 146.285 128.63 171.417 170.666 89.2503 87.307 -108.406 171.974 37.1964 -80.3723 191.984 -44.8353 -74.902 165.025 -49.6097 -102.897 175.688 64.2464 -91.104 166.479 65.6563 -66.4415 196.253 53.0561 10.8794 103.191 4.70541 
141.732 173.572 170.229 143.266 146.421 128.419 171.438 170.335 89.0442 87.1865 -107.546 172.091 36.8138 -79.3484 191.021 -44.8782 -73.9911 164.445 -49.3925 -102.403 175.477 63.834 -90.5909 166.274 65.4021 -66.0174 196.241 52.9256 10.8146 102.893 4.59381 
141.45 173.498 170.19 143.44 146.543 128.172 171.461 170.438 88.8157 87.0317 -106.963 172.351 36.5252 -78.5813 190.209 -44.9523 -72.7359 164.034 -49.5263 -101.948 175.361 63.4971 -90.1346 166.15 65.1597 -65.6162 196.198 52.7743 10.7849 103.167 4.17971 
141.368 173.304 170.113 143.609 146.71 127.988 171.255 169.893 88.7099 86.9154 -106.267 172.529 36.2969 -77.8278 189.617 -44.8343 -72.2168 163.712 -49.2798 -101.546 175.265 63.2291 -89.6831 166.085 65.0134 -65.2151 196.282 52.8012 10.7606 102.625 4.13903 
141.345 173.091 170.004 143.795 146.808 127.97 171.046 169.604 88.6153 86.7282 -105.951 172.83 36.0703 -77.2942 189.467 -44.7447 -71.5942 163.76 -49.1745 -101.181 175.331 62.998 -89.2502 166.149 64.8401 -64.8552 196.468 52.7911 10.7422 102.383 4.00222 
141.457 172.918 169.844 143.811 146.794 128.077 170.893 169.331 88.5024 86.626 -105.754 172.953 35.7869 -76.7914 189.533 -44.8238 -71.1891 164.13 -49.2847 -100.762 175.223 62.7756 -88.8331 165.993 64.6244 -64.4681 196.388 52.7511 10.7117 102.251 3.91406 
141.771 172.726 169.907 143.639 146.74 128.29 170.796 169.264 88.5313 86.6302 -105.606 173.036 35.5077 -76.3674 189.811 -44.9154 -70.7171 164.492 -49.4126 -100.395 175.254 62.5994 -88.4551 165.988 64.4388 -64.0934 196.444 52.6866 10.6807 102.203 3.87466 
142.119 172.577 170.146 143.329 146.622 128.514 170.762 169.573 88.6108 86.6808 -105.528 173.03 35.2427 -76.0163 190.212 -45.1157 -69.9319 164.87 -49.8261 -100.098 175.252 62.3255 -88.13 165.944 64.1462 -63.7513 196.475 52.5582 10.6342 102.412 3.71498 
142.514 172.446 170.346 143.031 146.614 128.847 170.848 169.508 88.6072 86.7168 -105.176 172.547 35.0136 -75.4743 190.236 -45.29 -69.5591 164.727 -49.7697 -99.6357 175.022 62.1674 -87.6564 165.697 64.0285 -63.3703 196.325 52.4597 10.5685 102.256 3.99012 
142.947 172.359 170.503 142.435 146.405 129.146 170.944 169.64 88.5711 86.7464 -104.973 172.151 34.599 -75.0796 190.233 -45.5582 -69.0185 164.771 -50.1619 -99.2321 174.746 61.8491 -87.2853 165.399 63.7708 -63.0293 196.101 52.268 10.5074 102.263 3.93062 
143.226 172.415 170.783 142.068 146.383 129.257 171.058 169.959 88.5877 86.8377 -104.748 171.64 34.3423 -74.732 190.133 -45.889 -68.3176 164.592 -50.6973 -98.9041 174.471 61.5908 -86.9939 165.126 63.5374 -62.7367 195.816 52.0522 10.4847 102.533 3.83862 
143.316 172.436 170.835 141.703 146.265 129.279 171.103 170.057 88.5518 86.8572 -104.676 171.509 34.1245 -74.5571 190.302 -46.1198 -68.0561 164.774 -51.0098 -98.747 174.397 61.4249 -86.9223 165.028 63.3718 -62.5614 195.608 51.9177 10.5076 102.711 3.77537 
143.444 172.487 170.889 141.413 146.244 129.351 171.149 170.168 88.575 86.8869 -104.604 171.309 33.9276 -74.3826 190.377 -46.316 -67.6617 164.841 -51.2458 -98.6206 174.302 61.3088 -86.8296 164.922 63.2561 -62.4393 195.452 51.803 10.5113 102.928 3.71163 
143.482 172.609 171.035 141.266 146.195 129.334 171.262 170.446 88.6407 86.9307 -104.704 171.182 33.9058 -74.4163 190.568 -46.4966 -67.2862 164.929 -51.5336 -98.654 174.323 61.2793 -86.8943 164.936 63.1968 -62.4172 195.354 51.72 10.5363 103.334 3.62335 
143.555 172.736 171.01 141.031 146.05 129.353 171.372 170.515 88.6418 86.9349 -104.909 171.093 33.899 -74.547 190.85 -46.6548 -67.163 165.204 -51.7263 -98.7559 174.39 61.2139 -87.0274 164.996 63.1106 -62.4823 195.305 51.6751 10.5659 103.603 3.57383 
143.593 172.921 171.086 140.976 145.963 129.3 171.516 170.428 88.7338 87.0171 -104.983 170.959 34.0138 -74.6689 191.02 -46.7693 -67.3714 165.21 -51.8024 -98.9442 174.44 61.2061 -87.2073 165.103 63.0974 -62.6178 195.365 51.6632 10.6094 103.559 3.71648 
143.545 172.8 171.2 140.986 145.871 129.129 171.469 170.297 88.8803 87.0718 -105.245 171.077 34.1974 -75.1212 191.831 -46.7214 -67.9155 165.512 -51.8162 -99.2613 174.591 61.1989 -87.4653 165.288 63.0225 -62.8636 195.577 51.6844 10.6397 103.368 4.07187 
143.473 172.756 171.203 141.186 145.865 129.085 171.417 170.011 89.0153 87.1317 -105.557 171.088 34.4954 -75.597 192.228 -46.6216 -68.7708 165.444 -51.5199 -99.6294 174.68 61.2785 -87.7518 165.434 63.0702 -63.1905 195.803 51.7593 10.6538 102.925 4.51289 
143.486 172.705 171.291 141.157 145.788 129.129 171.352 169.93 89.1968 87.2127 -106.112 171.286 34.7222 -76.3507 192.72 -46.5179 -69.751 165.676 -51.3695 -100.116 174.918 61.3772 -88.1738 165.7 63.1377 -63.6027 196.108 51.7906 10.6454 102.608 4.73425 
143.368 172.821 171.455 141.177 145.765 129.125 171.445 170.195 89.2535 87.2303 -106.575 171.553 34.8671 -76.9168 192.884 -46.4607 -70.1394 165.899 -51.4331 -100.523 175.165 61.5477 -88.5621 165.993 63.298 -64.0229 196.37 51.8432 10.6801 102.719 4.61815 
143.162 172.867 171.399 141.361 145.825 129.149 171.453 170.234 89.2264 87.2457 -106.863 171.662 34.9674 -77.369 192.653 -46.3352 -70.5929 165.677 -51.2137 -100.795 175.163 61.7329 -88.8241 166.027 63.4805 -64.3827 196.442 51.9037 10.692 102.687 4.63108 
142.881 172.872 171.205 141.697 145.891 129.097 171.422 170.016 89.1316 87.2019 -107.043 171.771 35.0072 -77.8114 192.265 -46.1235 -71.2749 165.291 -50.7555 -101.033 175.053 61.8218 -89.0614 165.925 63.5713 -64.69 196.409 51.9236 10.6897 102.411 4.71431 
142.92 172.905 170.947 141.947 145.995 129.024 171.469 169.82 89.2287 87.3323 -106.855 171.636 35.0408 -77.8885 191.478 -45.8205 -71.6813 164.654 -50.2188 -101.383 174.953 61.8335 -89.3751 165.878 63.6802 -64.969 196.46 51.9934 10.6758 101.893 4.70894 
142.851 172.917 170.855 142.018 145.914 128.875 171.472 169.796 89.2344 87.337 -106.975 171.766 35.0683 -78.243 191.197 -45.6371 -72.2633 164.45 -50.0303 -101.797 175.011 61.8022 -89.7921 165.947 63.6893 -65.3293 196.572 52.0214 10.6799 101.549 4.67405 
142.722 173.034 170.836 142.067 145.878 128.817 171.548 169.954 89.1626 87.3154 -107.214 171.96 34.9949 -78.6011 190.933 -45.6712 -72.712 164.366 -50.1105 -102.124 175.163 61.8065 -90.1838 166.096 63.7152 -65.6704 196.655 51.9285 10.7015 101.572 4.52484 
142.612 173.106 170.717 142.187 145.873 128.792 171.601 169.95 89.0501 87.3049 -107.357 172.085 34.9698 -78.8543 190.465 -45.6522 -73.1795 164.097 -50.0188 -102.454 175.206 61.7935 -90.5588 166.166 63.7676 -66.061 196.807 51.9014 10.6981 101.379 4.4762 
142.378 173.086 170.769 142.499 145.939 128.758 171.673 170.321 88.9869 87.2868 -107.704 172.239 34.9085 -79.2812 190.287 -45.7617 -73.2549 163.914 -50.1935 -102.813 175.214 61.7676 -90.9145 166.197 63.7485 -66.4592 196.841 51.7621 10.7025 101.722 4.33819 
142.361 173.159 170.812 142.578 145.862 128.855 171.76 170.388 88.9686 87.286 -108.201 172.388 34.8547 -79.7774 190.494 -45.8967 -73.9327 164.171 -50.3177 -103.204 175.375 61.7238 -91.3294 166.342 63.6839 -66.8154 196.899 51.6532 10.7125 101.733 4.35167 
142.417 173.191 170.82 142.618 145.776 128.993 171.767 170.492 88.9748 87.2911 -108.703 172.55 34.7208 -80.2116 190.776 -46.0345 -74.4318 164.395 -50.4576 -103.568 175.611 61.6686 -91.7284 166.549 63.6127 -67.1211 196.959 51.5163 10.7252 101.834 4.36282 
142.46 173.171 170.88 142.586 145.646 129.14 171.775 170.524 89.0333 87.3369 -109.17 172.783 34.5553 -80.6043 191.194 -46.0578 -75.027 164.776 -50.4945 -103.95 175.842 61.6108 -92.1482 166.731 63.5206 -67.4115 197.019 51.417 10.7333 101.801 4.39848 
142.505 173.193 170.958 142.461 145.42 129.228 171.739 170.523 89.0442 87.3064 -109.755 173.197 34.4568 -81.0749 191.803 -46.0522 -75.7158 165.263 -50.518 -104.288 176.241 61.6291 -92.5352 167.054 63.4795 -67.6891 197.185 51.3546 10.742 101.807 4.47385 
142.692 173.208 170.87 142.428 145.292 129.404 171.711 170.516 89.0094 87.279 -110.25 173.286 34.3525 -81.3226 192.19 -46.1372 -76.1544 165.615 -50.4768 -104.59 176.4 61.581 -92.8744 167.137 63.3851 -67.9648 197.203 51.2801 10.732 101.861 4.57872 
142.777 173.177 170.762 142.394 145.191 129.499 171.626 170.374 89.0349 87.2703 -110.743 173.523 34.2303 -81.6638 192.614 -46.1539 -76.845 166.026 -50.3902 -104.923 176.62 61.5412 -93.2279 167.282 63.2892 -68.2374 197.255 51.2119 10.7285 101.748 4.7113 
142.951 173.209 170.685 142.261 145.034 129.612 171.584 170.032 89.0769 87.2677 -111.136 173.615 34.0667 -81.9736 192.846 -46.1883 -77.8329 166.289 -50.1789 -105.22 176.721 61.4861 -93.5189 167.355 63.1905 -68.5248 197.317 51.1371 10.7323 101.313 5.01421 
143.137 173.273 170.563 141.927 144.908 129.709 171.697 170.064 89.16 87.3694 -111.52 173.597 33.9649 -82.3098 192.968 -46.2318 -78.3138 166.475 -50.2527 -105.54 176.806 61.4906 -93.8859 167.392 63.1716 -68.8093 197.305 51.0679 10.7217 101.303 5.00764 
143.466 173.301 170.675 141.499 144.652 130.008 171.763 169.95 89.1178 87.3451 -111.838 173.816 33.571 -82.3374 193.041 -46.2171 -78.9221 166.66 -49.764 -105.838 177.026 61.3986 -94.256 167.539 63.113 -69.0886 197.391 51.0306 10.7147 100.912 5.26779 
143.624 173.347 170.783 141.095 144.403 130.107 171.844 170.258 89.1139 87.3796 -112.357 174.119 33.4039 -82.6811 193.361 -46.3584 -79.1181 166.882 -50.0402 -106.235 177.317 61.3452 -94.7218 167.791 63.0601 -69.4782 197.602 50.9494 10.7144 101.121 5.19248 
143.748 173.491 171.091 141.012 144.289 130.189 172.045 170.856 89.1207 87.4063 -112.828 174.318 33.3034 -83.0608 193.486 -46.5053 -78.9378 166.943 -50.5295 -106.604 177.56 61.3052 -95.1304 168.005 63.0004 -69.8347 197.79 50.8374 10.7187 101.601 4.87861 
143.776 173.596 171.254 141.076 144.34 130.219 172.225 171.286 89.1686 87.4482 -113.121 174.373 33.23 -83.4253 193.232 -46.4674 -78.6194 166.594 -50.6178 -106.881 177.612 61.3732 -95.3866 168.061 63.0491 -70.1457 197.895 50.7779 10.7121 102.049 4.62878 
143.736 173.685 171.349 141.305 144.492 130.308 172.293 171.279 89.1695 87.4419 -113.457 174.575 33.0845 -83.734 192.96 -46.4747 -78.843 166.195 -50.4237 -107.155 177.691 61.4575 -95.647 168.156 63.1171 -70.4709 198.016 50.7274 10.7243 102.117 4.70422 
143.515 173.765 171.695 141.346 144.409 130.322 172.384 171.453 89.0898 87.2948 -113.901 175.104 32.931 -84.1962 193.133 -46.5178 -79.2224 166.438 -50.2711 -107.505 178.016 61.5575 -95.9998 168.455 63.1594 -70.8836 198.244 50.6995 10.7573 102.328 4.67414 
143.3 173.899 171.85 141.32 144.333 130.38 172.504 171.622 88.9653 87.1876 -114.283 175.507 32.7532 -84.5513 193.178 -46.5934 -79.3528 166.573 -50.2984 -107.715 178.225 61.6666 -96.258 168.613 63.2199 -71.1992 198.341 50.6553 10.7731 102.687 4.54954 
143.159 174.08 171.975 141.412 144.348 130.306 172.538 171.688 88.8509 87.0729 -114.667 175.916 32.6305 -84.947 193.287 -46.6867 -79.5912 166.876 -50.4067 -107.955 178.43 61.6738 -96.5175 168.774 63.1727 -71.5015 198.47 50.6106 10.7814 102.923 4.39162 
143.24 174.298 172.292 141.316 144.228 130.38 172.585 171.815 88.7787 86.9984 -114.99 176.351 32.3885 -85.2525 193.466 -46.7552 -80.1258 167.49 -50.336 -108.198 178.666 61.6634 -96.7871 168.97 63.1262 -71.7758 198.617 50.6022 10.7898 102.872 4.2747 
143.199 174.449 172.388 141.105 144.075 130.405 172.736 171.805 88.6583 86.8828 -115.224 176.68 32.0893 -85.4626 193.573 -46.8689 -80.4462 167.969 -50.3793 -108.318 178.784 61.5745 -96.9427 169.04 63.0208 -71.974 198.656 50.5071 10.7831 102.897 4.14436 
143.49 174.543 172.765 140.853 143.86 130.711 172.779 172.27 88.5581 86.7577 -115.365 176.995 31.6161 -85.5927 193.772 -46.9359 -80.839 168.723 -50.4625 -108.378 178.832 61.4849 -97.0186 169.04 62.897 -72.1145 198.67 50.4474 10.7744 102.824 3.99862 
143.857 174.612 173.122 140.397 143.56 130.956 172.74 172.602 88.3952 86.5714 -115.58 177.311 31.2726 -85.8549 194.012 -47.0761 -81.3775 169.628 -50.5274 -108.45 178.984 61.3989 -97.1221 169.181 62.8119 -72.3228 198.841 50.3987 10.7706 102.678 3.87979 
144.195 174.683 173.698 139.91 143.29 131.3 172.711 173.869 88.2771 86.4131 -115.543 177.584 30.7284 -85.9608 193.976 -47.1467 -81.2464 170.667 -51.334 -108.439 178.988 61.2738 -97.1198 169.186 62.7017 -72.4278 198.882 50.3443 10.7718 102.928 3.2038 
144.355 174.7 174.787 139.434 143.026 131.409 172.695 174.878 88.2064 86.3115 -115.665 178.015 30.3693 -86.2163 194.304 -47.1278 -81.1154 171.419 -51.8796 -108.546 179.124 61.1105 -97.2685 169.289 62.5499 -72.5649 199.026 50.3062 10.7477 103.096 2.70749 
144.567 174.768 173.243 139.144 142.893 131.783 172.724 175.626 88.0468 86.1236 -115.686 178.246 29.8759 -86.3061 194.281 -47.2231 -80.8959 172.07 -52.5142 -108.526 179.036 61.0145 -97.2354 169.222 62.4798 -72.701 199.044 50.2635 10.7395 103.376 2.29603 
144.774 174.845 172.534 138.898 142.791 132.197 172.752 176.204 87.9291 85.9811 -115.831 178.659 29.3083 -86.4687 194.422 -47.3106 -80.7994 172.914 -53.147 -108.597 179.053 60.9011 -97.3266 169.239 62.3628 -72.8553 199.055 50.1881 10.7585 103.665 1.93868 
145.099 174.855 172.074 138.735 142.751 132.633 172.729 176.335 87.7782 85.8003 -115.909 178.77 28.8167 -86.6816 194.556 -47.4406 -80.8936 173.638 -53.5482 -108.688 178.887 60.7275 -97.3882 169.097 62.1851 -73.0709 199.021 50.1115 10.7719 103.75 1.87195 
145.369 174.896 172.199 138.513 142.776 133.224 172.626 175.519 87.825 85.7981 -115.939 178.966 28.1842 -87.0175 194.452 -47.3741 -81.103 174.262 -53.5555 -108.914 178.742 60.6309 -97.5646 169.028 62.1109 -73.3067 199.024 50.1122 10.815 103.596 1.90144 
145.545 174.937 172.324 138.368 142.9 133.682 172.594 174.931 87.8398 85.8222 -115.87 179 27.6196 -87.3166 194.208 -47.3676 -81.3681 174.567 -53.5275 -109.027 178.536 60.5989 -97.6678 168.912 62.0958 -73.4847 198.916 50.0728 10.8836 103.471 2.0393 
