164.828 169.965 169.911 169.827 168.981 153.767 161.467 162.434 162.188 159.084 -87.8092 199.551 82.9519 -104.752 214.045 21.6613 -119.378 209.169 10.1451 -141.796 202.248 16.2986 -163.021 198.337 36.4226 -137.826 220.123 103.634 3.88346 3.2016 1.66288 
164.954 169.155 169.64 169.235 168.572 154.14 160.251 162.149 161.695 158.514 -88.8877 198.432 80.9799 -106.5 212.724 20.3854 -121.826 208.818 8.455 -144.324 202.081 14.8447 -165.482 197.978 35.2554 -138.915 219.13 102.116 4.19388 3.29761 1.79643 
164.767 169.093 169.65 169.006 168.43 153.852 159.888 162.073 161.438 158.211 -90.6795 197.676 79.7599 -108.752 211.626 19.1489 -124.394 208.019 7.08409 -146.922 201.407 13.6971 -167.974 197.479 34.348 -140.494 218.558 100.856 4.34513 3.35181 1.97526 
164.646 169.002 169.696 168.964 168.407 153.921 159.824 162.067 161.463 158.306 -92.4083 196.643 77.8304 -111.175 210.561 17.408 -127.182 207.275 5.33144 -149.89 201.076 12.1621 -170.894 197.253 33.144 -141.878 217.739 99.3892 4.6684 3.50826 2.12538 
164.732 169.474 170.117 169.274 168.647 153.9 160.399 162.554 161.84 158.484 -94.6237 195.701 76.5114 -113.944 209.498 15.6484 -130.234 206.344 3.65013 -152.993 200.413 10.767 -173.776 196.774 32.1415 -143.689 217.322 98.0568 4.64899 3.55578 2.13688 
164.6 169.475 170.134 169.219 168.552 153.869 160.515 162.57 161.785 158.301 -96.7767 194.555 74.2343 -116.669 208.634 13.5524 -133.439 205.667 1.78949 -156.231 200.038 9.34028 -176.835 196.411 31.2187 -145.118 216.655 96.4474 4.88395 3.64967 2.17304 
164.981 169.153 169.817 168.953 168.363 154.724 159.977 162.173 161.333 157.919 -98.8521 193.53 72.3003 -119.089 207.113 12.0413 -136.386 204.632 0.318039 -159.508 199.364 8.23545 -180.214 196.031 30.4836 -146.84 216.341 94.9778 5.29079 3.94116 2.48708 
164.978 169.255 169.663 169.072 168.553 154.763 160.215 162.046 161.334 158.218 -101 192.726 69.3015 -121.884 206.09 9.61456 -139.425 203.871 -1.61055 -162.534 198.98 6.73273 -183.191 196.054 29.2705 -148.113 215.6 93.1409 5.71831 4.01852 2.53087 
165.21 167.496 168.501 168.152 167.817 155.48 156.995 160.438 159.762 157.127 -103.149 191.601 65.7263 -123.644 203.688 8.11341 -141.782 202.838 -3.32404 -165.113 198.033 5.47549 -185.92 195.372 28.2365 -149.439 215.06 91.0159 6.19858 4.28316 3.76289 
164.918 167.562 168.62 168.42 167.758 155.301 157.282 160.522 159.914 157.205 -105.325 190.388 63.0811 -125.933 202.777 5.48614 -144.15 202.172 -5.528 -167.56 197.421 3.6059 -188.304 195.002 26.6495 -150.78 214.652 88.8708 6.3562 4.39105 3.78407 
164.912 167.632 168.524 168.498 167.497 155.504 156.916 160.233 159.882 157.089 -107.144 189.294 60.3402 -127.368 201.146 3.14992 -145.893 201.1 -7.77057 -169.669 196.747 1.58137 -190.58 194.522 24.9077 -152.077 214.222 86.6363 6.63071 4.68558 4.14892 
164.721 166.967 167.915 167.833 166.614 155.633 155.988 159.402 159.111 156.276 -108.715 188.166 57.6169 -129.445 199.786 0.840036 -148.121 200.459 -9.79896 -171.951 196.46 -0.131354 -192.927 194.486 23.2814 -153.345 213.81 84.3554 6.8606 4.76355 4.504 
164.539 167.277 168.281 168.192 166.72 155.293 156.416 159.585 159.426 156.613 -110.367 187.854 54.7533 -131.24 199.049 -1.85117 -149.801 199.814 -12.0777 -173.682 195.909 -2.15136 -194.712 194.288 21.4054 -154.535 213.51 82.1253 7.05325 4.83509 4.41447 
164.771 167.513 168.534 168.716 167.063 155.462 156.607 159.635 159.884 157.005 -112.132 187.965 51.6877 -133.26 198.578 -4.12243 -151.916 199.732 -13.9533 -175.865 196.229 -3.84022 -196.792 194.594 19.9125 -155.685 213.353 80.1749 7.22559 4.98234 4.60629 
165.171 167.341 168.568 168.583 166.535 155.564 156.415 158.933 159.066 155.551 -115.098 188.995 45.8999 -137.426 198.629 -8.40236 -155.807 199.494 -17.1942 -178.948 195.553 -6.56419 -198.924 193.738 17.3198 -157.673 213.66 76.3663 6.55605 4.53164 4.272 
165.929 167.142 168.337 168.472 166.417 155.827 156.77 158.998 159.394 155.549 -116.294 188.911 42.5207 -138.853 198.059 -10.7385 -157.648 198.62 -19.2226 -180.924 195.594 -8.45216 -200.571 193.539 16.0017 -158.459 213.661 74.3158 6.54944 4.78108 4.03208 
168.194 167.152 168.162 168.803 167.451 157.423 157.465 159.727 160.941 157.009 -114.926 187.64 25.5588 -138.486 194.3 -22.2803 -157.699 194.384 -29.6834 -181.454 193.868 -18.3808 -199.962 192.568 7.34112 -155.668 212.304 63.2324 6.6136 6.054 3.56687 
168 167.244 168.297 168.905 167.825 157.108 158.004 160.217 161.298 157.652 -112.75 186.539 23.5695 -136.491 193.298 -24.1732 -155.413 192.817 -31.2582 -178.889 192.243 -19.855 -197.336 191.538 5.7756 -153.212 211.476 61.5163 6.64326 5.83747 3.05577 
167.851 167.212 168.367 169.003 167.984 156.857 157.997 160.507 161.669 158.203 -110.282 185.319 21.4589 -133.587 191.421 -25.7512 -152.483 190.944 -32.7854 -175.936 190.519 -21.3923 -194.368 190.245 4.23614 -150.176 210.51 59.7281 6.77294 5.89808 3.13102 
168.265 167.662 168.73 169.457 168.591 157.281 158.539 161.267 162.528 159.593 -103.003 182.663 17.9663 -125.835 187.848 -28.2735 -144.674 187.233 -35.1902 -167.971 186.988 -23.8709 -186.508 187.847 1.6066 -142.392 208.873 56.745 7.05569 5.7952 3.0462 
168.476 167.177 168.204 169.199 168.297 157.739 157.885 160.846 162.423 159.698 -97.215 180.317 15.9851 -120.109 185.346 -29.4934 -139.093 184.936 -36.4614 -162.514 184.762 -25.1867 -181.075 185.761 0.2154 -136.48 207.398 54.812 7.23167 5.9804 3.39822 
168.773 166.929 168.031 169.112 168.133 158.267 157.499 160.673 162.258 159.631 -91.0526 178.044 14.5554 -113.551 182.976 -30.2238 -132.499 182.846 -37.2843 -155.876 182.541 -26.0334 -174.599 183.792 -0.818778 -129.916 206.021 53.4017 7.32871 5.86921 3.67609 
169.298 166.57 167.897 169.061 167.991 159.058 157.17 160.751 162.347 159.597 -83.2775 175.949 13.6054 -105.736 180.899 -30.9346 -124.88 181.184 -38.3055 -148.435 180.761 -26.9601 -167.331 181.998 -1.6889 -122.394 204.88 52.1545 7.35924 5.88305 4.08533 
169.76 166.845 167.985 169.252 168.161 159.56 157.796 161.164 162.807 160.004 -74.0246 174.431 13.4283 -96.5674 179.596 -31.9797 -115.831 179.202 -39.2151 -139.426 178.501 -27.8826 -158.381 179.951 -2.74454 -113.86 204.026 51.0522 7.23189 5.75769 3.63508 
170.316 167.383 168.248 169.081 167.829 159.962 158.31 160.423 161.935 158.946 -64.2637 173.806 12.6547 -86.4812 179.64 -33.3319 -104.93 177.376 -39.8208 -128.294 176.335 -28.8954 -147.051 178.127 -4.42808 -103.946 204.041 49.4475 6.8249 5.51 2.26812 
170.549 167.099 167.03 167.963 166.816 160.529 157.992 158.733 160.124 156.835 -52.978 172.071 11.2454 -74.4982 179.043 -34.8579 -92.1488 174.915 -40.7097 -115.402 173.237 -30.1076 -133.764 175.275 -6.30482 -92.4361 203.238 47.3336 6.13304 5.25339 1.14779 
170.627 166.795 166.34 167.484 166.529 161.545 155.995 158.118 159.435 156.05 -39.6907 169.163 10.3355 -59.6579 175.57 -35.2557 -77.4759 172.298 -42.5425 -101.363 170.493 -32.2689 -119.817 172.698 -8.84934 -79.4895 201.969 44.9991 5.79861 5.53279 2.21823 
170.988 166.707 165.711 166.229 165.971 162.738 153.384 157.556 158.149 154.746 -24.5898 166.342 9.8616 -44.2915 170.636 -34.8771 -62.047 169.212 -44.1433 -85.8259 167.427 -34.0023 -104.263 170.12 -10.9601 -65.7523 200.549 43.083 5.18922 5.16457 4.20597 
171.322 165.871 165.294 165.687 165.9 163.519 151.899 157.074 157.413 154.198 -7.99176 164.224 9.96423 -27.4063 167.822 -34.7214 -45.1292 166.837 -45.1528 -68.4618 164.906 -35.2352 -86.8184 167.766 -12.5702 -50.3219 199.403 41.8706 4.4513 4.55817 4.85364 
171.661 166.827 164.903 165.645 166.268 163.762 153.779 157.214 157.484 154.644 10.2487 162.811 10.2288 -9.99781 167.401 -37.4461 -27.2066 164.914 -46.8373 -49.823 162.007 -36.7497 -67.9774 165.134 -14.4789 -33.435 198.087 40.6663 3.8504 3.80388 3.21296 
171.644 166.844 164.533 165.707 166.409 163.745 154.367 156.413 157.262 154.55 28.8123 161.709 10.9132 9.08756 168.508 -39.3527 -7.99935 163.947 -47.9605 -30.0637 160.182 -38.0284 -48.1114 162.993 -15.8999 -15.7085 197.687 39.8283 3.00461 3.33467 1.35357 
171.171 167.694 164.889 165.97 166.55 162.76 156.51 156.861 158.32 155.586 47.6982 159.3 12.5664 29.7145 167.761 -41.1566 12.4257 160.263 -48.3947 -9.70094 156.601 -39.1184 -27.9315 159.251 -16.9618 2.80012 195.943 39.5073 2.55788 3.18352 1.62493 
168.985 166.926 163.507 165.676 167.083 159.732 158.284 156.246 159.814 158.523 67.9177 157.12 15.6858 52.4352 168.057 -42.2948 34.1125 157.117 -48.5168 12.1482 154.138 -41.0432 -6.3844 156.182 -19.3466 22.7132 193.516 39.3799 2.35765 2.86853 4.32915 
167.367 167.533 163.447 166.147 167.776 157.575 159.876 157.004 160.976 160.251 89.6935 157.935 18.5623 75.4124 171.555 -42.8446 56.9614 159.908 -49.5141 34.7953 155.544 -42.6417 15.8227 155.99 -20.9871 43.5244 192.752 39.9927 2.34867 3.00339 4.77719 
166.887 167.686 165.437 166.832 168.746 156.43 161.042 159.472 162.257 162.746 112.412 159.801 22.0762 98.5845 174.73 -41.7978 79.8395 163.84 -50.5693 57.5114 157.549 -43.8843 37.3634 156.841 -22.8058 63.7968 192.096 40.8942 2.96585 3.35398 3.95944 
167.501 165.484 165.32 166.537 168.286 157.077 159.768 159.725 162.11 162.703 136.318 161.864 27.4037 122.245 176.751 -37.5485 102.943 166.155 -48.3273 80.5177 158.349 -42.3287 59.2537 155.947 -21.5804 84.4572 191.071 43.4473 3.78702 3.76754 3.82072 
166.059 163.317 163.968 165.856 167.629 157.353 155.947 158.095 161.046 162.074 158.662 164.108 34.0316 147.049 177.702 -30.0601 127.64 168.211 -43.281 104.347 159.907 -39.1711 80.9196 156.69 -19.8427 104.499 191.033 46.8578 5.10872 4.28775 3.72414 
165.206 161.631 163.111 165.926 166.396 157.773 152.742 156.852 160.663 161.042 179.546 164.712 41.7653 172.496 178.327 -20.5213 153.78 171.058 -36.1296 129.498 162.807 -34.2772 103.876 157.988 -16.1417 124.425 190.393 51.7841 6.42518 4.8857 3.87887 
165.896 162.097 164.253 167.239 167.116 158.38 150.909 156.768 160.003 160.456 201.01 164.776 51.4552 197.881 178.768 -9.63145 181.027 172.972 -26.6441 156.391 164.048 -26.6095 129.313 158.997 -11.0725 144.926 190.348 58.1273 6.71964 5.37415 3.67339 
165.918 162.151 164.848 167.39 167.137 158.542 149.987 156.618 158.88 159.509 221.942 164.184 62.4807 222.782 179.697 1.88077 207.724 174.484 -15.8151 183.151 165.082 -17.0591 154.989 160.388 -4.11582 165.758 190.731 65.6282 6.77461 5.58029 3.14478 
165.15 162.841 165.811 167.597 167.216 158.327 150.052 156.498 158.287 159.463 240.154 162.91 74.6019 245.724 179.226 15.0698 231.849 173.735 -3.28481 206.883 165.129 -6.22938 177.373 161.261 3.9783 184.792 190.492 74.2422 7.51949 5.74879 2.88759 
163.897 165.361 167.99 168.712 168.273 157.073 152.402 158.163 159.207 160.33 255.799 160.944 86.4421 268.224 178.007 28.8485 255.506 172.393 9.54221 230.684 164.309 4.95064 200.278 161.088 12.4469 203.397 190.524 83.3645 7.96836 5.63194 2.94409 
160.516 170.75 170.482 169.123 168.747 152.963 161.258 161.552 160.261 160.548 279.207 156.555 109.951 305.38 175.267 56.5581 295.604 168.657 36.8164 271.855 160.515 29.7577 241.489 158.523 32.2163 233.223 188.986 102.605 7.21607 5.17869 1.88279 
159.355 171.694 170.691 169.612 169.237 151.489 164.063 162.48 160.825 160.767 288.743 154.555 122.135 322.002 174.79 72.7691 313.715 167.862 52.6447 290.694 159.789 43.8343 260.689 158.474 43.4645 246.139 188.865 112.516 6.76075 5.19914 2.01652 
160.267 171.01 170.289 169.516 169.231 150.947 165.97 163.301 160.801 160.355 295.118 150.578 132.299 336.43 174.88 89.0555 329.501 167.632 67.8126 306.844 158.11 57.2469 276.939 156.607 53.8986 255.903 187.502 120.943 6.73064 6.24562 2.94141 
160.929 171.327 170.231 170.561 170.357 151.473 167.328 163.739 161.785 161.079 302.328 148.777 142.965 348.204 174.549 105.086 342.695 167.918 82.9793 320.915 158.66 70.3924 291.361 157.664 64.6037 265.29 187.898 129.636 6.58508 6.47552 3.21799 
161.528 170.211 168.87 169.279 169.281 151.849 167.497 164.148 160.27 159.038 305.79 145.309 151.047 355.808 173.65 119.167 350.881 167.401 95.562 328.919 157.182 81.7015 299.484 156.087 74.0166 271.538 187.326 137.019 7.01739 7.96026 4.35044 
162.26 170.587 169.257 168.366 169.195 153.779 168.81 165.636 160.33 158.567 310.928 143.403 159.002 362.902 173.209 131.097 359.172 167.302 106.756 337.803 157.062 91.4187 308.819 156.118 82.0186 277.066 186.214 142.758 6.88315 8.45308 4.94647 
166.902 170.362 168.924 167.566 168.734 157.816 168.204 164.818 159.075 156.502 318.927 145.391 168.932 368.838 171.621 140.132 366.447 166.722 116.608 345.461 156.893 100.607 316.916 156.592 90.2527 282.983 186.281 148.467 6.50482 8.69625 4.03146 
166.098 168.376 166.287 166.515 167.461 159.416 166.877 162.708 155.853 153.027 322.883 144.924 176.091 372.427 170.498 147.509 370.356 165.663 124.461 349.529 155.607 108.226 321.694 155.839 96.8645 286.739 185.37 152.629 6.29714 9.36586 4.12623 
166.982 166.097 163.784 163.858 165.13 161.292 164.876 160.424 153.087 149.863 326.505 144.584 181.276 375.468 169.762 153.706 373.098 164.462 130.152 352.056 154.424 113.17 324.154 154.342 101.462 290.076 184.967 156.056 6.87909 9.86998 4.98145 
168.596 166.528 164.688 165.865 165.783 162.87 164.692 160.176 154.629 150.037 331.035 145.274 186.612 379.283 169.695 158.047 377.27 164.537 134.732 356.637 155.012 116.843 328.033 154.298 105.399 293.906 185.426 159.741 7.47706 9.59213 4.72698 
169.955 166.912 165.437 166.426 166.428 164.412 164.242 159.617 155.587 151.588 335.858 146.66 191.375 382.979 169.978 161.257 380.999 164.562 138.317 360.683 155.59 119.861 331.679 154.501 108.133 297.52 186.154 162.863 7.97954 9.11027 4.54638 
170.482 165.603 163.537 164.32 164.246 164.303 163.283 158.22 153.662 149.455 338.104 147.36 191.868 385.039 170.185 164.132 382.489 164.416 140.375 361.739 155.141 121.723 332.348 153.473 110.384 299.78 186.151 165.151 8.64651 9.56551 5.32046 
170.266 167.207 163.255 163.351 165.335 161.684 164.029 159.462 155.437 153.782 338.001 146.264 189.471 385.954 171.112 166.423 382.901 164.934 140.998 362.28 155.769 122.151 332.484 153.033 110.727 300.724 184.967 167.862 9.39699 9.21017 6.51447 
167.287 167.268 162.404 162.006 164.017 159.278 163.677 158.906 154.914 153.782 335.03 143.845 186.621 383.9 169.424 165.42 380.188 162.826 139.283 359.361 153.906 120.828 329.457 151.154 109.866 298.873 183.003 167.59 9.40146 8.97384 7.27229 
164.308 167.929 163.151 166.043 164.034 156.739 162.621 158.679 156.392 155.155 331.044 138.825 184.829 382.1 165.181 164.108 377.333 158.295 137.825 356.41 149.858 120.144 326.24 147.283 110.056 296.897 179.912 168.798 8.98844 8.11362 7.38755 
163.051 167.313 163.524 166.613 164.965 155.518 161.417 159.383 157.564 156.412 328.132 136.485 183.807 380.268 163.463 163.513 375.795 157.257 136.835 354.554 148.581 118.884 324.107 145.488 109.193 295.136 178.507 168.556 9.12682 8.32542 7.28056 
166.209 165.334 165.801 167.982 166.065 160.586 159.492 160.287 158.707 157.526 323.221 130.249 186.309 372.16 154.193 155.923 367.161 149.139 129.076 344.802 140.294 112.135 313.566 137.776 103.151 287.496 173.091 164.812 9.54859 8.37559 7.08548 
166.041 165.742 166.47 168.335 167.238 160.349 160.137 161.029 159.746 158.838 321.315 129.87 184.956 369.86 153.361 153.75 364.738 148.161 127.054 342.567 139.67 109.97 311.318 137.139 101.289 285.24 172.284 163.237 9.3898 8.1527 6.97056 
166.475 165.055 164.974 166.258 166.743 160.571 158.95 158.989 157.538 157.795 319.23 129.444 181.954 367.379 152.44 151.679 362.021 146.507 125.539 339.863 138.188 108.265 309.073 136.22 99.1893 282.989 171.846 160.437 9.15117 8.24187 6.77118 
166.967 164.03 163.748 166.273 166.117 160.49 157.61 157.677 156.724 156.338 317.708 129.142 179.842 365.413 151.507 150.212 359.885 145.724 124.028 337.86 137.615 107.011 307.127 136.033 97.9838 281.638 171.682 158.765 9.06715 8.08907 6.90031 
169.912 163.269 163.644 167.616 165.082 160.073 156.056 156.46 153.959 152.289 312.884 128.474 171.91 360.445 150.076 141.846 352.439 144.268 114.455 327.798 135.564 99.6019 297.176 135.489 93.669 278.316 174.141 153.611 8.25371 9.52365 8.51022 
170.917 164.436 165.814 169.126 166.883 158.17 157.947 158.299 156.256 153.791 310.155 130.16 167.016 357.945 151.392 135.189 349.748 145.716 109.339 326.026 137.991 95.5763 295.124 138.418 91.0199 276.813 176.3 151.355 7.7886 8.29511 7.05276 
170.635 165.234 166.693 168.892 168.193 156.825 159.39 159.3 157.598 155.841 307.164 130.523 163.551 355.278 152.26 130.915 347.284 146.355 106.365 324.143 139.257 92.8642 292.985 139.731 88.6812 274.685 176.764 149.944 7.73766 7.48258 5.88367 
169.732 165.518 166.913 168.392 168.415 155.295 160.056 160.039 158.371 157.195 304.504 131.374 160.653 353.231 153.172 127.446 345.102 147.433 103.386 321.984 140.831 90.1896 290.587 141.466 86.6132 273.493 177.992 148.893 7.81479 7.13655 5.38642 
166.348 166.246 167.672 168.459 171.742 152.205 162.124 161.919 159.834 160.426 300.994 132.109 157.501 352.705 155.734 125.155 344.606 150.125 101.195 321.518 143.693 88.0952 290.04 143.892 84.7948 272.712 179.372 148.191 7.86645 6.99129 5.21071 
163.682 166.755 168.044 168.238 173.331 150.208 162.753 162.574 160.021 161.248 299.057 132.891 155.144 351.755 157.532 122.448 343.768 151.94 98.9726 320.781 145.25 86.3035 289.693 145.055 83.7439 271.582 180.219 146.728 7.23993 6.85707 4.78409 
159.985 167.269 167.536 167.266 169.115 149.048 164.424 161.924 159.357 160.404 299.103 138.826 152.933 351.558 164.956 118.144 343.118 157.702 95.8407 319.802 150.203 83.4812 289.622 150.843 80.6425 270.7 184.727 144.926 6.25379 7.46731 5.37948 
160.692 167.41 167.694 167.618 168.133 149.884 165.098 161.884 159.952 160.205 300.603 141.318 152.976 352.875 168.406 118.447 344.746 160.834 96.157 321.488 152.866 83.3056 291.321 153.471 79.8388 270.984 186.589 144.524 6.22894 7.74769 5.63226 
161.89 167.467 167.599 167.565 168.124 150.923 165.26 161.484 159.849 160.365 300.553 142.974 152.32 353.431 171.64 118.998 345.455 163.732 96.4817 322.182 155.084 83.3392 292.146 155.897 78.863 270.512 188.292 144.124 6.34473 8.13852 6.03017 
161.735 167.644 167.509 167.782 168.286 151.031 165.505 161.41 160.279 160.776 300.544 145 151.993 353.699 174.724 119.424 346.161 166.672 96.8425 323.155 157.841 83.2866 293.275 158.565 78.1612 270.232 190.033 143.834 6.36547 8.13562 6.09862 
161.653 169.556 168.063 168.257 168.494 152.269 165.83 161.779 161.068 160.954 300.322 154.527 149.577 350.002 183.39 114.996 343.715 176.299 92.5323 321.291 167.67 79.0912 292.252 168.979 73.8815 266.745 197.3 140.131 5.48203 7.70771 5.2143 
162.098 170.117 168.528 168.772 169.008 152.753 166.08 162.201 161.495 161.39 299.699 158.897 148.257 347.609 187.091 112.649 341.697 180.084 90.3571 319.555 171.769 77.3191 290.889 173.669 72.216 265.009 200.902 138.676 5.16049 7.41413 5.0929 
161.376 170.527 168.985 169.363 169.498 151.794 166.415 162.955 162.319 162.088 298.288 161.107 146.892 346.328 189.177 111.573 340.72 182.55 89.3084 318.866 174.447 76.404 290.212 176.169 71.4515 263.805 202.631 137.939 5.05047 6.99861 4.62195 
160.55 170.873 169.197 169.55 169.734 151.333 166.451 163.226 162.644 162.428 297.415 163.324 146.343 344.028 190.072 109.348 338.597 183.713 87.5165 316.918 175.994 74.8531 288.421 177.791 70.2291 262.175 203.906 136.645 4.86774 6.57024 4.07461 
159.919 170.888 169.22 169.531 169.667 150.648 166.311 163.377 162.67 162.435 296.707 165.864 145.539 342.819 192.311 108.235 337.829 186.237 86.5928 316.391 178.438 74.033 287.946 180.082 69.2812 260.926 205.573 135.529 4.84352 6.3769 3.65001 
160.039 170.634 169.044 169.445 169.586 150.654 165.781 163.264 162.673 162.374 295.277 167.592 144.102 341.115 194.149 107.564 336.408 188.491 85.6646 315.181 180.737 72.9198 286.629 181.862 67.9337 259.174 207.124 134.093 4.98862 6.16868 3.25109 
160.196 170.11 168.729 169.24 169.395 150.973 165.055 162.853 162.48 162.218 294.374 169.857 143.185 339.388 195.873 106.284 334.579 190.386 84.3462 313.4 182.774 71.5903 284.716 183.632 66.6101 257.635 209.067 132.818 5.17668 5.95275 3.00926 
160.423 170.052 168.672 169.176 169.304 151.397 164.739 162.77 162.478 162.067 293.206 171.903 141.876 337.275 197.971 105.292 332.81 192.772 83.1025 311.85 185.027 70.1775 283.078 185.214 65.0224 255.35 210.403 131.072 5.26744 5.78828 2.72686 
160.602 169.579 168.275 168.801 168.986 151.835 164.028 162.166 162.026 161.786 292.221 174.355 141.107 335.37 199.916 103.818 330.553 194.754 81.7177 309.486 187.153 68.9128 280.629 187.276 63.8755 253.795 212.754 130.178 5.46644 5.67813 2.66067 
161.478 169.466 168.246 168.591 168.628 152.881 163.92 162.026 161.765 161.397 291.953 177.288 140.68 333.328 201.628 101.711 328.508 196.518 79.9082 307.407 188.852 67.071 278.471 188.694 62.0677 251.569 214.237 128.463 5.53785 5.62297 2.43626 
161.642 168.912 167.927 168.223 168.331 153.224 163.64 161.696 161.392 161.187 290.51 179.437 139.307 331.995 204.732 100.869 326.995 199.407 78.867 305.828 191.33 65.9288 276.68 190.836 60.5683 249.848 216.463 127.253 5.96055 5.82698 2.73586 
161.54 168.861 167.833 168.027 168.191 153.166 163.657 161.716 161.387 161.242 288.893 181.858 137.669 330 207.353 98.7118 324.952 201.964 76.9374 303.769 193.792 64.0256 274.487 192.953 58.6778 247.732 218.523 125.648 6.14924 5.74526 2.59044 
161.844 168.71 167.766 167.947 168.164 153.614 163.527 161.73 161.422 161.324 286.97 184.012 136 327.72 209.687 97.1253 322.606 204.48 75.3723 301.386 196.313 62.37 271.954 195.225 56.9132 245.355 220.635 124.211 6.38151 5.73688 2.49876 
161.671 168.384 167.582 167.614 167.932 153.517 163.178 161.587 161.116 161.115 284.507 186.09 133.732 324.959 212.281 94.8873 319.845 207.16 73.2705 298.537 198.756 60.4372 269.057 197.483 55.0197 242.773 222.864 122.583 6.51281 5.79617 2.32077 
162.167 168.304 167.569 167.462 167.781 153.945 163.076 161.576 161.046 160.997 281.961 188.264 131.721 321.797 214.999 92.8379 316.87 209.889 71.3694 295.626 201.276 58.463 266.107 199.47 53.0155 239.357 224.572 120.687 6.55874 5.75352 2.14313 
162.512 168.085 167.515 167.327 167.689 154.346 162.787 161.434 160.92 160.832 279.514 190.792 129.898 318.364 217.802 90.741 313.744 212.76 69.4855 292.601 204.064 56.429 263.108 201.74 50.9912 235.772 226.341 118.724 6.52157 5.66838 1.88063 
162.869 167.879 167.457 167.178 167.531 154.728 162.497 161.233 160.624 160.485 276.578 192.87 127.624 314.501 219.885 88.0346 309.911 214.716 66.9269 288.751 205.775 53.964 259.301 203.106 48.6876 231.965 227.822 116.368 6.48275 5.67252 1.78638 
162.714 167.342 167.106 166.754 167.289 154.824 161.912 160.777 160.131 160.096 273.142 194.761 125.405 310.212 221.636 85.1967 305.311 216.526 64.1654 283.918 207.49 51.3995 254.399 204.608 46.4656 228.133 229.532 114.417 6.59102 5.74515 1.70625 
