172.529 167.509 164.551 164.294 175.72 151.022 161.727 154.675 154.38 145.799 -159.059 257.457 10.2175 -162.017 204.506 -23.3932 -159.232 185.695 -18.4299 -164.595 179.143 -4.66739 -171.988 182.493 20.6423 -176.92 241.362 52.7285 4.67192 3.77266 8.9002 
172.011 168.853 165.369 163.89 172.788 150.271 163.392 155.583 154.493 145.276 -160.918 257.836 9.42609 -165.342 205.261 -26.1078 -161.94 186.159 -21.0306 -167.016 179.573 -7.18962 -174.337 182.697 18.4891 -178.223 241.452 51.3137 4.45817 3.83929 9.51408 
171.719 169.55 166.133 163.56 169.263 149.797 164.663 156.44 154.789 145.766 -162.692 257.433 8.27434 -168.943 205.984 -28.6804 -165.087 186.793 -23.6129 -169.891 180.388 -9.80086 -177.251 183.211 16.0694 -179.848 241.793 49.8196 4.319 4.04912 9.90818 
171.236 169.846 166.794 163.815 166.732 149.025 165.723 157.261 155.303 145.451 -164.615 256.726 6.87422 -172.979 206.754 -31.5217 -168.951 187.293 -26.3546 -173.41 180.932 -12.4728 -180.365 183.729 13.7101 -181.571 241.896 48.1172 4.41233 4.16803 10.2007 
170.704 170.159 167.646 164.372 165 148.622 166.786 158.116 155.833 145.082 -167.137 256.301 5.0763 -177.369 207.859 -34.5052 -173.118 188.043 -29.3735 -176.971 181.563 -15.2874 -183.02 183.934 11.5355 -183.406 241.944 46.3229 4.0882 4.23281 10.366 
170.809 170.696 168.475 164.796 162.691 148.754 168.175 158.968 156.222 144.259 -169.964 255.704 3.10866 -182.376 209.086 -37.7401 -178.109 188.754 -32.4787 -181.382 182.069 -18.2268 -186.364 184.206 9.18778 -185.277 241.794 44.475 4.01334 4.28238 10.5945 
171.055 172.492 170.433 167.601 160.074 147.878 170.474 162.324 159.473 144.841 -172.288 254.516 0.823071 -187.62 209.958 -41.2244 -184.303 189.196 -36.9741 -187.252 182.631 -22.9952 -190.002 183.815 6.08266 -187.134 241.228 42.026 3.58862 4.52477 9.97119 
171.342 173.441 172.053 169.611 158.651 147.451 172.31 165.352 162.868 146.358 -174.738 253.806 -1.52776 -192.454 210.893 -44.2914 -190.604 190.086 -41.0253 -193.752 183.522 -27.2467 -194.418 183.82 2.8511 -189.01 240.841 39.6871 3.83102 4.47469 9.00558 
171.542 174.304 173.753 171.471 159.082 147.671 173.983 168.284 166.165 149.597 -177.082 252.475 -3.82494 -197.226 211.565 -47.4841 -196.53 191.237 -45.2416 -199.622 184.417 -31.4224 -198.624 183.789 -0.716825 -190.913 240.516 37.3224 4.03615 4.28162 8.1019 
171.755 174.851 174.551 172.833 161.759 148.282 175.239 170.255 168.515 153.233 -179.398 251.425 -6.25934 -201.755 212.158 -50.372 -202.086 192.122 -48.7485 -204.954 185.078 -34.8187 -203.074 183.78 -4.17748 -192.752 240.266 35.0612 3.73677 4.12558 7.33305 
172.259 175.45 175.011 173.652 164.261 149.494 176.03 171.622 170.247 156.144 -182.315 251.281 -9.10642 -206.047 212.217 -53.0158 -207.335 192.618 -51.9047 -209.701 185.167 -37.7927 -206.952 183.413 -7.08196 -194.627 240.204 32.7038 3.50271 3.89212 6.53754 
172.509 175.291 174.994 174.064 166.244 150.661 176.098 172.135 171.027 158.572 -184.549 250.222 -12.2545 -209.897 212.389 -56.137 -212.039 192.892 -55.2397 -213.962 185.101 -40.9698 -210.411 182.886 -10.2426 -196.351 239.713 29.9788 3.55099 3.74253 5.98558 
172.632 174.951 174.811 174.306 168.809 151.745 176.033 172.529 171.227 159.539 -186.174 249.443 -15.4577 -213.175 212.298 -58.9301 -216.029 193.069 -58.1319 -216.867 184.795 -43.5541 -212.801 182.147 -12.6473 -197.984 239.549 27.3103 3.53825 3.78578 5.44081 
172.758 174.862 174.523 174.106 168.727 152.408 175.649 172.064 171.172 159.778 -187.464 247.754 -18.3117 -215.305 211.528 -61.5443 -218.59 192.37 -60.5304 -219.314 183.846 -45.6642 -214.554 181.512 -14.7318 -199.457 239.26 24.6691 4.12585 3.59049 5.24304 
169.852 173.805 173.517 174.701 174.447 151.625 173.856 170.405 170.783 163.777 -185.874 237.007 -35.5622 -220.188 207.886 -76.5093 -224.94 187.096 -72.8626 -224.88 178.506 -57.2931 -216.903 177.781 -28.4837 -199.987 235.878 7.99909 6.28494 3.36241 5.01868 
168.808 173.393 173.537 174.897 175.736 151.003 173.685 170.389 170.749 163.57 -183.427 234.36 -38.8153 -219.999 207.234 -79.5711 -224.631 185.814 -75.5687 -223.824 176.976 -60.0255 -214.35 176.525 -31.4561 -198.001 234.512 4.54866 7.1996 3.47183 5.14586 
168.019 172.814 173.511 175.015 177.04 150.559 173.573 170.284 170.424 162.995 -180.746 232.603 -42.4894 -219.668 206.822 -82.5459 -224.015 184.635 -78.2342 -222.152 175.307 -62.7402 -211.067 175.347 -34.484 -195.353 233.079 0.985841 8.28211 3.71754 5.49645 
167.064 172.603 173.496 175.453 177.578 149.658 173.592 170.05 170.076 162.188 -177.75 230.757 -46.1187 -218.594 205.757 -85.5225 -222.354 183.077 -80.9645 -219.556 173.415 -65.5669 -207.192 173.839 -37.6173 -191.753 231.488 -2.80393 8.94717 3.9216 5.90768 
165.227 172.316 173.113 175.965 177.599 148.824 173.672 169.471 169.81 161.679 -174.891 230.432 -50.7028 -216.014 203.685 -88.6677 -218.541 180.564 -83.8201 -214.995 170.66 -68.573 -201.748 171.139 -41.0308 -186.607 229.204 -6.97869 9.05264 3.92208 6.55546 
165.31 172.277 173.025 176.147 177.421 148.556 174.055 169.45 169.486 161.235 -169.511 229.45 -54.8051 -211.378 201.514 -91.3565 -213.129 177.775 -86.2872 -208.735 167.48 -70.9631 -194.743 168.173 -44.0738 -179.599 226.69 -10.7115 9.25605 4.02625 7.12336 
165.41 172.381 173.105 176.047 177.687 148.962 174.346 169.718 169.307 161.302 -163.812 231.282 -58.9107 -204.708 199.771 -93.707 -205.942 175.793 -88.7672 -200.79 165.291 -73.5197 -186.707 165.895 -47.2548 -171.23 224.686 -13.9615 8.79881 4.09319 7.23552 
166.818 172.55 173.431 176.107 177.853 149.738 174.721 170.342 169.592 162.042 -155.113 233.5 -62.8567 -195.35 198.354 -96.1279 -196.274 174.11 -91.2966 -190.612 163.469 -76.0373 -176.565 163.951 -50.1618 -161.083 223.233 -16.8801 8.29424 4.02039 7.18467 
168.884 172.793 174.405 177.055 179.241 151.428 175.28 171.908 171.315 165.176 -143.892 237.849 -66.7884 -182.724 196.911 -98.5343 -183.967 172.656 -93.8642 -178.409 162.076 -78.611 -165.208 161.575 -52.8654 -148.726 221.789 -19.5085 6.65997 3.5329 6.54414 
170.7 173.263 174.728 177.112 178.911 152.66 175.961 172.885 172.11 167.09 -129.953 240.804 -70.3662 -167.365 195.139 -100.814 -168.53 170.878 -96.3617 -163.043 160.66 -81.276 -151.492 159.474 -55.5811 -134.493 220.39 -21.9033 4.77934 3.40237 6.23369 
173.314 174.844 175.54 177.023 178.34 154.34 177.587 174.796 173.378 169.189 -112.349 243.691 -73.2419 -148.807 193.244 -102.378 -149.978 168.785 -97.9135 -144.078 158.607 -82.6107 -134.376 157.36 -56.7943 -117.63 219.443 -23.4843 3.1246 3.61321 6.01549 
175.954 179.29 175.99 176.579 177.445 156.416 179.491 176.439 174.159 170.298 -92.0783 245.742 -75.603 -127.704 191.08 -103.557 -128.517 166.196 -98.891 -121.643 155.821 -83.1302 -113.545 154.993 -57.2543 -98.9465 218.442 -24.3776 2.21635 4.24173 6.06298 
176.206 179.499 175.622 175.619 175.893 158.104 179.641 176.852 174.524 171.052 -68.5981 245.837 -76.6644 -103.233 188.548 -104.039 -102.962 163.242 -99.4056 -95.6382 152.088 -82.7238 -88.9312 150.939 -56.4062 -77.1085 216.464 -24.1401 1.34198 4.67077 6.61713 
175.758 174.329 173.315 173.351 172.973 160.128 176.622 174.368 172.037 168.268 -44.2728 247.777 -76.5711 -77.0627 185.752 -103.836 -74.1862 160.309 -98.9593 -67.065 147.847 -81.1244 -61.854 146.046 -53.9756 -54.2138 214.186 -23.1794 1.54346 4.72395 7.70761 
169.051 173.325 172.118 172.432 171.195 158.476 173.756 171.982 170.164 166.48 -14.771 247.068 -72.1189 -47.0249 185.214 -100.582 -43.1971 160.257 -96.0683 -37.1652 146.483 -76.9509 -33.7146 143.702 -48.7962 -27.3559 213.761 -18.353 3.24497 4.56803 7.55142 
161.479 173.957 173.633 172.539 171.505 155.003 172.356 171.976 170.325 167.396 15.1279 248.906 -62.6531 -13.8364 184.229 -93.7046 -10.9132 160.432 -89.8395 -6.90373 146.135 -70.1983 -5.84226 142.596 -40.3537 0.00011009 214.77 -10.4518 5.47795 4.07786 5.89863 
157.247 176.285 175.798 174.795 173.414 153.51 175.423 175.95 172.583 169.371 44.8472 242.343 -55.2655 14.3851 180.878 -88.9458 16.6203 158.982 -84.2999 20.9357 144.289 -63.5033 19.362 143.066 -33.6538 24.7882 215.072 -3.58448 5.42613 5.05716 4.63126 
160.782 177.642 176.531 174.689 174.995 152.878 175.548 175.475 172.596 170.564 74.4595 231.385 -54.406 52.0361 172.243 -87.3725 51.8253 151.102 -83.4189 51.6141 137.129 -62.3248 47.5414 136.938 -32.2843 49.8093 210.369 -3.18235 5.24238 3.99777 2.45397 
161.795 177.331 176.911 175.692 176.037 151.238 173.836 175.408 173.835 172.6 108.089 224.311 -46.7248 92.7059 164.878 -79.4609 89.7949 145.09 -78.5281 85.0249 131.919 -57.9428 77.7421 132.811 -28.8221 76.1757 206.928 0.0422844 5.23131 3.82479 2.09488 
159.907 177.85 178.11 176.575 177.114 145.113 174.212 175.574 174.975 173.811 137.946 219.581 -33.8782 131.328 163.167 -67.5704 130.469 144.649 -66.9002 122.929 133.531 -49.1849 112.119 135.353 -22.6717 104.441 206.399 7.15212 5.82458 3.23392 3.29957 
157.09 177.581 178.396 177.971 177.862 139.493 174.351 175.179 175.372 172.679 164.847 216.676 -18.2507 165.984 160.49 -51.6529 167.552 143.547 -51.3294 158.944 133.958 -35.552 145.528 136.815 -11.9071 130.085 204.207 17.3203 6.60669 3.25912 4.97825 
154.376 178.702 178.846 179.712 178.424 135.459 175.971 175.73 176.41 173.758 190.178 217.657 -2.41005 200.093 162.326 -34.3677 203.106 146.178 -34.0255 193.888 137.163 -20.1031 177.969 139.518 0.627045 155.161 204.312 28.9052 7.62239 3.56916 5.76653 
152.605 176.714 179.715 178.773 179.442 132.219 178.953 177.575 178.412 176.292 213.706 221.563 14.1184 232.244 166.557 -16.452 237.544 151.546 -15.4325 226.58 142.621 -3.58662 207.885 143.75 13.98 178.869 206.269 41.0673 8.66167 4.3452 6.79059 
153.916 175.701 179.9 179.017 178.84 133.067 178.617 179.001 178.954 176.991 236.917 228.181 31.5582 261.917 173.746 4.20968 266.847 158.98 4.74773 255.117 149.496 15.6837 234.015 149.251 30.3212 199.53 209.635 54.3079 9.03814 3.68791 6.82482 
154.25 178.959 179.911 179.859 177.522 134.066 179.046 178.867 178.914 177.458 256.69 231.775 52.2184 285.375 180.003 26.0249 289.788 164.298 25.6176 277.011 153.503 34.7819 254.079 151.213 47.3158 215.703 211.111 67.3645 8.39212 3.53245 6.3394 
154.701 174.27 178.881 178.478 176.145 135.891 178.388 179.233 179.407 178.447 275.042 235.604 73.5638 305.073 186.21 45.9121 309.62 170.098 45.994 295.64 157 53.0785 270.275 152.962 62.8905 231.335 213.676 80.3391 8.70657 3.57442 5.93779 
153.97 174.27 177.276 176.383 176.202 139.139 178.341 178.688 177.849 178.469 289.808 235.339 91.2416 322.806 190.367 66.1644 325.72 172.948 63.2111 310.758 158.252 67.4014 283.52 151.44 75.026 244.237 213.362 90.189 9.29929 4.69954 6.08692 
154.051 174.27 176.665 173.338 173.759 143.543 177.953 176.076 175.725 177.486 300.105 234.446 108.495 333.822 193.294 87.2557 336.729 174.772 80.2615 320.652 157.885 80.7973 292.43 149.422 86.0083 253.156 212.877 99.2735 9.81276 6.76078 8.89533 
154.622 178.501 174.323 170.89 170.342 147.563 173.521 173.175 172.346 173.993 302.069 229.666 126.431 335.078 195.27 109.189 342.082 174.284 95.8389 326.728 155.772 92.8128 297.568 144.593 95.9019 256.221 208.038 106.081 10.0468 7.95474 15.4445 
154.173 122.498 173.11 170.035 170.222 149.973 160.71 169.595 169.952 171.115 300.353 224.639 136.871 328.072 194.252 127.111 344.106 173.575 108.896 330.258 153.097 102.982 301.647 140.317 104.609 256.818 201.629 110.287 9.56498 9.67162 24.4391 
158.057 159.329 166.782 169.001 165.216 161.856 163.552 159.683 163.006 162.378 295.227 226.659 149.552 327.801 201.404 146.964 344.943 179.764 132.428 334.591 154.606 123.488 307.102 135.875 121.639 256.768 192.385 115.618 10.5142 11.6786 21.6431 
160.523 171.073 167.304 167.801 164.507 165.009 147.854 160.194 159.996 159.655 294.881 230.544 159.601 325.981 208.759 161.947 348.887 186.445 147.981 339.54 161.666 140.348 313.661 140.323 136.111 261.326 192.181 122.334 10.8034 9.66096 23.9412 
162.526 154.183 166.113 166.914 165.4 166.13 138.326 160.453 159.949 160.193 298.497 236.768 162.646 327.732 214.798 165.419 353.27 191.146 151.277 343.555 166.104 144.829 318.055 143.903 140.716 264.977 195.599 125.715 10.9286 8.74258 25.071 
162.403 152.14 166.276 166.751 166.385 166.082 137.915 161.774 160.751 161.502 301.66 242.214 161.925 333.548 216.495 166.124 358.085 193.786 153.165 347.988 169.022 148.368 323.074 146.909 144.404 268.749 197.722 128.478 10.4205 7.58144 22.6895 
161.44 152.402 166.219 166.828 166.241 165.184 134.626 161.21 160.336 161.088 303.15 245.455 161.861 335.297 219.403 166.954 360.543 196.135 154.487 350.509 171.256 150.61 325.928 149.088 146.858 271.06 199.2 130.163 10.1679 7.20442 22.7596 
161.164 151.453 166.416 167.544 166.843 164.413 131.62 161.313 160.845 161.583 305.29 247.296 162.717 337.001 221.641 167.969 363.491 198.072 155.409 353.59 173.214 152.027 329.286 151.153 148.507 273.703 200.643 131.656 9.87511 7.00018 23.6078 
156.67 145.198 169.494 168.266 166.862 155.76 126.033 159.779 161.324 162.05 316.861 239.337 155.534 339.182 218.395 165.314 366.668 192.169 147.834 356.727 169.285 142.933 332.055 152.807 141.149 278.73 202.803 130.71 7.66925 8.45253 30.6918 
156.268 148.332 169.621 167.877 166.539 155.208 129.362 159.48 160.921 161.481 315.028 236.406 151.922 338.45 215.308 161.677 363.116 189.023 144.658 352.876 166.518 139.632 328.125 150.804 137.852 275.647 201.17 128.483 7.5833 8.53144 28.7103 
157.985 152.48 167.125 166.187 164.67 157.468 131.539 158.83 159.76 159.901 309.988 236.721 150.018 334.928 212.757 156.151 357.913 186.785 139.931 346.939 164.484 135.333 321.934 148.823 133.74 269.802 199.728 124.781 7.61379 8.14494 26.6288 
158.126 155.827 165.916 165.021 162.79 158.088 124.537 157.522 158.791 158.41 307.698 235.109 146.555 328.183 215 153.679 353.769 185.486 135.181 342.766 163.666 130.066 317.615 148.291 128.438 266.14 199.354 121.144 7.84302 8.42687 31.315 
157.509 149.749 164.749 163.977 161.895 159.314 123.471 156.718 158.161 157.721 304.94 235.006 142.009 324.948 214.632 150.229 350.648 184.341 131.422 339.62 162.18 126.788 314.312 146.331 125.353 263.032 198.068 118.489 8.3014 8.42466 32.0164 
157.608 147.158 164.786 164.675 162.613 159.161 132 157.656 159.054 158.273 303.288 235.02 137.583 327.507 212.565 144.588 348.784 183.211 127.126 337.248 161.175 123.108 311.698 145.786 122.03 260.631 197.897 116.108 8.23956 8.14186 27.6659 
156.722 149.596 164.428 164.658 162.671 158.802 137.74 156.706 158.8 158.057 300.633 232.588 134.594 325.448 214.632 141.573 345.321 182.897 124.286 334.411 160.395 119.227 308.982 144.823 118.302 257.81 196.692 112.94 8.42438 9.20695 28.0689 
153.955 160.566 164.199 164.995 163.577 156.101 119.337 156.083 159.115 158.097 296.803 228.206 129.021 311.471 212.031 142.656 341.474 180.741 119.853 330.27 158.346 114.477 304.855 144.028 113.924 253.941 195.613 109.951 7.99125 9.64172 38.9968 
153.985 153.837 164.109 165.041 163.611 156.221 115.463 155.322 159.189 157.824 295.711 227.429 127.34 305.747 213.729 141.668 339.139 181.456 117.771 328.503 158.816 111.084 303.091 144.667 110.898 252.297 196.197 107.626 7.81223 10.7368 43.1545 
154.69 153.334 162.695 165.759 165.061 155.32 111.673 153.787 160.002 158.613 295.113 226.121 126.06 299.53 215.856 140.85 336.998 181.83 114.615 326.072 158.769 106.766 300.522 146.131 107.153 250.542 197.961 105.951 7.61062 12.1611 49.2417 
155.589 153.335 161.437 164.892 165.394 155.627 111.908 152.816 159.496 158.687 295.526 224.904 125.852 296.659 218.072 139.438 335.046 183.257 111.382 323.72 158.636 102.418 298.127 146.806 103.202 249.55 199.663 104.123 7.95546 14.1185 52.3747 
156.115 154.533 159.68 164.677 166.811 155.301 111.341 150.27 159.807 159.891 294.039 223.263 125.128 292.623 219.106 137.241 331.308 185.065 109.268 320.362 158.25 97.7783 294.729 146.932 98.7845 247.359 200.688 101.754 8.42902 17.3203 53.6097 
157.125 156.43 157.697 163.099 166.312 156.361 111.928 144.253 158.678 159.662 294.819 222.866 124.893 291.899 220.017 135.038 328.446 187.421 108.413 317.878 158.381 94.3547 292.16 147.504 95.6951 246.637 202.77 99.919 8.86147 20.7732 51.8824 
156.879 157.655 156.152 162.803 166.857 155.53 111.384 140.566 158.893 160.074 293.277 223.605 121.188 290.058 221.793 131.354 324.431 188.888 105.921 313.707 158.627 90.5542 288.171 148.913 92.6968 244.003 204.937 98.0271 8.81428 22.9784 50.6044 
157.545 160.623 157.207 163.407 167.203 153.71 107.778 145.213 159.301 160.091 292.022 225.238 117.155 290.103 221.189 126.568 323.155 186.186 100.664 310.097 159.146 88.2706 284.718 151.235 90.879 241.937 208.176 96.7742 8.88038 19.8094 50.45 
157.565 157.437 156.222 164.964 168.342 152.584 105.392 145.628 161.01 161.788 290.685 226.845 113.375 289.775 219.541 122.162 320.138 185.905 96.734 306.023 159.444 84.8238 280.425 152.57 88.1204 239.702 211.158 95.3726 9.04244 19.7011 48.1821 
157.64 151.289 157.302 167.672 169.979 152.006 103.159 151.09 163.902 164.212 289.4 229.282 109.917 290.94 218.18 116.884 318.701 184.385 91.552 303.192 160.402 81.876 277.375 154.294 85.9212 237.978 214.527 94.4692 9.00943 17.2886 45.5159 
157.127 133.229 163.697 169.368 170.944 151.126 105.441 156.06 166.794 167.131 287.241 231.325 108.075 291.579 216.285 110.373 315.764 183.482 85.8044 298.539 160.792 78.1663 272.408 155.134 83.1562 235.19 217.63 93.4798 9.17625 15.877 41.3171 
155.875 124.907 171.117 168.075 169.719 151.402 114.99 160.352 166.901 167.782 281.948 238.02 104.94 290.33 221.231 105.266 311.9 188.205 79.0524 293.857 165.619 74.791 267.181 158.109 80.9991 229.626 221.945 90.3327 9.48742 14.0745 39.6802 
154.885 120.541 172.021 168.307 169.725 150.432 115.762 162.744 167.83 168.355 277.849 241.524 101.139 287.524 223.207 101.735 308.561 189.21 75.405 290.654 167.698 72.8022 264.296 160.215 79.8102 226.08 224.087 88.9911 9.27118 12.8355 39.2899 
154.877 120.485 174.658 167.865 168.598 149.985 123.215 164.977 167.281 167.105 268.975 246.408 97.152 283.276 226.055 95.4338 302.044 193.992 70.1753 285.086 173.488 70.2228 259.26 165.144 77.9793 218.121 227.624 85.8229 8.65478 10.5771 35.228 
153.354 115.665 175.96 168.523 168.777 148.849 125.257 166.609 167.981 167.334 262.788 248.628 93.2453 279.07 226.572 91.6282 297.831 195.812 67.2064 281.709 175.605 68.2428 256.14 166.925 76.297 213.34 228.432 84.0052 8.39637 9.65317 33.68 
152.695 130.212 179.822 168.875 168.881 147.721 148.259 170.549 168.175 167.039 252.68 254.016 85.6343 277.48 224.035 80.5156 288.353 198.98 60.8166 273.661 180.559 64.0575 248.64 171.805 72.9373 204.508 232.236 81.1059 8.11477 7.51192 24.4705 
152.63 144.905 180 168.878 168.714 147.196 161.755 170.904 168.041 166.624 245.4 255.125 82.6446 275.246 220.807 71.9438 282.58 200.565 58.9372 268.641 182.669 62.7236 243.854 173.434 71.3132 198.348 232.623 79.5034 8.07143 6.59879 16.5838 
152.144 155.034 178.741 168.584 168.339 146.686 164.339 170.12 167.568 165.965 239.569 257.138 78.6986 271.331 220.903 66.8322 277.295 202.607 57.4365 263.626 184.771 61.3155 239.133 175.456 69.7919 193.224 234.046 78.0084 8.09641 6.49745 13.081 
151.865 162.259 173.157 168.356 167.595 146.623 164.691 169.945 167.144 165.121 230.589 261.352 73.8397 263.231 222.71 59.9181 268.274 205.752 54.0873 254.735 188.106 58.0596 230.396 178.695 66.4466 184.719 237.278 75.3736 8.04356 6.19005 9.80159 
154.003 160.174 168.661 169.245 168.689 145.412 154.673 167.519 166.95 165.344 219.733 262.796 69.9627 250.452 226.758 58.1094 256.806 208.341 49.6508 243.75 190.811 53.6421 219.808 181.602 62.7907 173.148 238.736 72.2181 7.9651 6.52231 12.0478 
154.269 163.316 168.279 169.266 168.658 144.562 153.22 165.739 166.61 164.938 214.203 265.098 65.6068 245.205 227.932 54.9045 251.348 209.315 46.8738 238.182 191.63 51.5453 214.319 183.03 61.4603 167.858 239.789 70.9575 7.67467 6.5232 11.5341 
155.532 167.874 169.146 170.243 169.622 144.037 151.859 164.455 166.988 165.37 203.307 268.363 60.3353 234.353 230.611 50.8497 240.531 211.675 42.5544 227.125 193.66 47.9 203.518 185.977 58.625 157.164 242.245 68.6976 7.3246 6.70846 11.5895 
155.458 169.064 169.535 170.326 169.811 143.745 154.762 164.226 166.925 165.423 196.895 270.144 57.4758 229.191 230.769 47.3331 235.065 212.613 40.6881 221.637 194.625 46.3192 198.024 187.009 57.2153 151.54 243.076 67.5838 7.1939 6.51528 9.98934 
155.642 170.99 169.709 169.801 169.752 142.589 154.571 163.227 166.055 164.975 186.033 271.55 53.9878 217.818 230.881 44.237 224.321 213.86 37.0959 211.203 196.548 43.0684 187.854 189.179 54.2148 141.069 244.315 64.9394 7.03283 6.06011 10.74 
155.777 170.087 169.779 169.631 169.731 142.676 154.719 162.893 165.68 164.768 179.597 273.446 51.3526 212.124 232.307 42.4809 219 215.689 35.5149 206.278 198.507 41.6591 183.168 190.915 52.9314 135.497 245.146 63.6336 6.96418 5.87161 10.719 
156.095 170.882 168.231 168.598 168.949 143.605 148.42 160.254 164.132 163.644 174.554 274.735 49.4845 206.579 236.975 44.8938 213.676 218.079 34.8612 201.127 200.128 40.2468 178.237 192.135 51.5784 130.129 245.806 61.8646 7.0576 6.75646 13.3449 
155.735 168.877 166.978 167.735 168.52 143.929 144.698 158.355 162.888 162.872 169.638 275.545 48.3853 200.082 238.795 45.0629 207.822 219.374 34.1806 195.478 201.162 39.114 172.621 192.95 50.3044 124.693 246.636 60.3631 7.33016 7.21673 14.5609 
155.747 167.237 167.233 167.694 168.685 144.128 145.64 158.362 162.686 163.001 163.805 278.295 46.9559 194.601 241.553 43.349 202.584 222.357 33.1417 190.419 204.182 38.2493 167.688 195.674 49.4841 119.332 249.038 59.639 7.44256 7.12856 14.0069 
155.307 167.337 166.459 167.198 168.397 145.057 144.712 156.523 161.685 162.448 158.618 280.985 46.5533 188.4 245.605 43.9968 196.765 226.414 32.873 184.954 207.512 37.2686 162.529 198.292 48.5857 113.595 251.44 58.5722 7.70192 7.97586 15.2727 
155.442 166.736 164.186 165.807 167.359 147.97 137.384 152.978 159.291 160.736 148.042 284.98 46.1021 174.097 253.552 46.388 184.628 232.693 32.5971 173.768 212.226 36.0766 151.674 201.333 47.2862 101.484 253.934 56.1695 8.19658 9.1312 18.8519 
156.117 167.957 165.133 166.034 167.466 149.2 140.458 153.161 158.911 160.603 135.257 289.454 46.3408 161.244 258.928 44.3233 172.385 239.517 31.5752 162.162 218.402 35.2492 140.498 206.484 45.9748 88.5977 257.397 55.048 8.54414 9.09577 17.8645 
155.786 167.879 164.416 165.491 166.985 150.014 140.478 152.543 158.307 160.139 127.849 292.527 46.6393 154.307 262.577 44.0287 165.853 244.108 31.616 156.348 222.141 35.2373 134.9 208.96 45.603 81.7326 258.885 54.6312 8.93631 9.25248 17.5761 
155.667 164.473 163.098 164.293 165.985 150.46 140.325 151.364 157.126 159.113 120.422 294.935 46.3015 147.71 265.086 42.775 159.16 247.615 31.6295 150.225 224.982 35.2945 128.891 210.783 45.1326 74.9906 259.888 54.0049 9.35972 9.31123 16.3544 
