177.097 163.949 167.41 166.743 166.008 171.272 149.591 158.091 158.345 154.311 -117.901 266.643 -63.2557 -146.483 261.736 -113.171 -170.686 257.182 -126.077 -193.149 253.226 -116.12 -211.451 251.328 -91.7608 -174.586 289.002 -38.2972 5.22153 4.30812 7.89429 
177.325 164.795 167.726 167.348 166.852 171.265 152.505 159.438 159.567 156.212 -118.364 266.231 -65.4941 -148.367 263.082 -116.931 -172.565 258.065 -128.56 -195.046 254.184 -118.363 -213.506 252.182 -94.0317 -174.831 288.841 -40.1015 5.62305 4.35532 6.85892 
177.422 165.888 168.302 168.303 167.782 171.057 156.336 161.639 161.69 158.727 -119.031 265.782 -67.9535 -151.199 265.938 -121.663 -175.66 260.568 -131.883 -198.042 256.444 -121.243 -216.261 253.731 -96.5411 -175.204 288.65 -41.984 5.95533 4.35738 5.9811 
177.318 167.607 168.885 169.188 168.168 170.741 159.536 163.178 163.285 160.004 -119.904 265.534 -70.7109 -154.317 269.206 -126.229 -178.852 263.21 -135.048 -200.946 258.875 -124.063 -218.53 255.275 -98.9156 -175.807 288.595 -44.081 5.95456 4.25013 5.19494 
177.8 169.822 168.972 169.261 168.287 170.915 161.305 163.189 162.698 158.818 -123.219 266.539 -77.2994 -160.756 272.736 -133.084 -184.574 266.826 -140.131 -205.885 262.339 -128.548 -222.126 257.964 -103.3 -178.17 289.572 -48.9331 5.37894 3.89187 4.1254 
177.808 170.68 169.222 169.657 168.485 170.871 162.452 164.057 163.506 159.306 -125.271 266.686 -80.3787 -163.824 273.751 -136.089 -187.888 268.636 -142.812 -209.135 264.46 -130.906 -224.962 259.724 -105.382 -179.534 290.042 -51.3882 5.48458 3.99926 4.29467 
178.274 171.138 169.467 169.653 168.664 171.215 163.703 164.675 163.392 158.735 -127.113 267.052 -83.7561 -168.006 276.109 -139.701 -191.909 270.575 -145.539 -212.351 265.485 -133.053 -226.985 260.146 -107.22 -180.944 290.619 -53.9678 5.13072 3.56207 3.82811 
178.536 170.689 168.377 168.552 167.638 171.392 163.027 162.915 161.023 156.267 -130.974 267.824 -90.944 -174.692 278.476 -145.701 -198.215 272.263 -149.918 -217.488 266.814 -136.743 -230.878 261.737 -110.795 -183.533 292.057 -59.357 4.66568 3.03991 3.23043 
178.636 170.547 167.373 167.618 166.799 171.362 162.451 161.112 158.796 153.865 -134.734 268.854 -98.84 -181.281 281.698 -151.473 -204.739 275.014 -153.977 -223.24 269.172 -139.739 -235.281 264.698 -113.51 -185.579 294.117 -64.8242 4.27089 3.13825 3.19363 
178.22 171.127 167.387 167.626 166.509 170.981 162.961 161.014 159.036 153.965 -136.204 269.745 -103.329 -184.488 283.469 -154.68 -208.069 276.18 -156.414 -225.961 270.429 -141.935 -237.323 266.098 -115.302 -186.229 295.134 -67.8826 4.2372 2.8886 3.47289 
177.198 172.39 167.2 167.325 165.897 169.823 163.795 160.907 159.343 153.807 -138.28 272.329 -111.722 -189.817 287.49 -160.481 -213.669 279.265 -160.988 -230.247 273.584 -146.018 -240.036 269.597 -118.797 -186.653 297.712 -73.8964 3.9022 2.40362 4.11084 
177.613 172.668 167.726 167.685 166.108 169.937 165.781 161.696 159.345 153.364 -138.403 274.092 -115.606 -192.73 291.909 -163.544 -216.009 282.674 -163.384 -231.885 275.959 -147.755 -240.689 272.141 -120.514 -186.137 299.191 -76.7762 3.47212 2.87384 4.64145 
177.439 171.082 166.882 166.982 165.245 169.419 164.23 160.147 157.189 150.634 -138.476 276.705 -119.717 -194.198 295.148 -165.911 -216.858 285.394 -165.371 -232.047 277.85 -149.126 -239.87 274.699 -122.084 -185.317 301.411 -79.7684 2.70177 3.46406 4.94927 
177.318 170.473 166.552 166.809 164.953 169.17 164.144 160.248 157.004 150.075 -137.534 279.605 -123.974 -195.25 299.505 -168.942 -217.578 289.725 -168.159 -232.34 281.371 -151.502 -239.244 277.776 -124.383 -183.929 303.69 -83.0272 2.4782 3.96515 4.99845 
176.827 169.309 165.701 165.927 164.194 168.47 162.528 158.916 155.151 147.337 -135.922 282.854 -128.389 -195.023 302.641 -171.731 -216.806 292.715 -170.641 -230.787 283.544 -153.573 -236.452 279.899 -126.566 -181.736 306.207 -86.5202 1.86429 4.49026 5.01383 
175.743 168.873 164.456 163.266 161.427 167.522 161.391 157.163 153.124 144.186 -133.553 285.884 -132.833 -193.737 305.437 -174.453 -214.998 295.461 -173.041 -228.478 285.98 -155.764 -233.127 281.945 -128.695 -178.787 308.487 -90.1262 1.85967 4.6477 5.01765 
175.165 169.006 163.302 161.548 159.804 166.869 160.6 156.201 152.327 142.483 -129.74 288.866 -136.567 -190.791 308.488 -177.041 -212.099 298.283 -175.3 -225.061 288.157 -157.957 -228.643 283.002 -130.693 -174.615 310.523 -93.257 2.60343 4.81292 5.00012 
174.194 168.681 162.302 159.811 157.773 166.177 159.338 155.206 151.337 140.717 -125.01 291.822 -140.349 -186.56 310.948 -179.977 -208.03 300.787 -177.92 -220.661 290.266 -160.434 -223.385 284.317 -132.959 -169.667 312.641 -96.5646 3.34001 4.94893 4.84714 
172.28 167.989 160.748 157.622 155.561 164.78 157.307 153.55 149.792 138.619 -119.385 294.189 -143.696 -180.703 312.895 -182.865 -202.132 302.475 -180.577 -214.271 291.403 -163.093 -216.271 284.7 -135.475 -163.574 314.444 -99.8759 4.16746 5.13032 4.80949 
170.668 166.226 158.34 154.965 152.363 163.586 154.989 151.774 148.277 136.195 -112.245 295.29 -147.213 -173.114 314.563 -186.067 -194.917 304.423 -183.498 -207.083 293.06 -165.963 -208.588 285.531 -138.056 -156.222 315.635 -103.396 5.08485 5.29992 4.71286 
169.265 165.453 157.075 154.818 151.5 162.459 154.751 151.596 149.06 136.71 -104.236 296.39 -151.055 -164.673 316.737 -190.022 -186.789 306.545 -187.225 -199.168 295.223 -170.057 -200.467 286.508 -141.788 -147.73 316.493 -107.208 5.838 4.93714 4.82909 
169.049 167.805 158.458 156.484 153.629 162.275 156.807 153.28 151.025 139.232 -94.3537 297.355 -154.668 -154.96 318.977 -193.996 -177.482 308.439 -191.089 -189.935 296.601 -174.066 -191.108 286.656 -145.583 -137.663 316.829 -110.681 6.46142 4.96771 5.10204 
168.479 170.705 159.995 157.459 156.159 161.835 158.971 154.639 152.224 141.942 -83.1773 298.363 -158.447 -143.5 321.281 -198.302 -166.049 310.113 -195.503 -178.469 297.572 -178.507 -180.044 286.857 -150.087 -126.208 317.205 -114.435 6.63349 5.20469 5.45244 
167.64 171.586 160.494 158.072 158.282 161.156 159.589 155.383 153.176 144.471 -70.4932 298.724 -161.768 -129.876 322.498 -202.456 -152.71 311.074 -199.982 -165.262 298.117 -183.247 -167.516 286.924 -155.001 -113.457 317.308 -118.156 6.65085 5.27238 5.6083 
166.631 172.398 161.158 159.097 160.205 160.44 160.454 156.281 154.374 147.035 -56.2562 297.934 -164.869 -113.902 323.007 -206.648 -137.26 311.717 -204.628 -150.302 298.657 -188.188 -153.484 287.236 -160.079 -98.9791 316.766 -121.821 6.53027 5.26719 5.74193 
167.624 171.682 163.718 160.861 163.095 160.481 161.074 158.253 155.675 150.738 -39.9017 297.064 -167.703 -95.876 323.074 -210.578 -119.622 312.335 -209.601 -133.082 298.579 -193.427 -137.85 286.953 -165.943 -83.0648 315.614 -125.315 6.19234 5.60391 5.38211 
168.714 171.377 166.195 163.08 165.134 160.233 161.945 160.478 157.833 154.618 -21.8812 296.307 -169.316 -75.1313 322.345 -213.759 -99.3392 312.44 -214.106 -113.6 298.502 -198.418 -120.199 286.675 -171.443 -65.6199 313.909 -127.793 5.99375 5.57158 4.98896 
168.406 170.481 167.503 164.989 166.433 159.173 162.053 161.725 159.526 157.7 -2.57709 295.297 -170.188 -53.0883 321.024 -216.517 -77.1228 311.052 -218.217 -91.9446 297.049 -203.065 -100.114 285.257 -176.534 -46.9443 312.246 -129.858 5.84057 5.43271 4.80645 
167.61 169.529 169.018 166.575 167.536 157.654 162.549 163.586 161.721 161.071 18.3807 294.378 -169.846 -28.7948 318.823 -218.42 -52.4145 309.133 -221.827 -68.024 295.393 -207.421 -78.0657 283.705 -181.329 -26.856 309.975 -131.002 5.64291 4.92452 4.22274 
167.549 169.355 170.173 168.327 169.168 156.567 163.846 165.362 164.004 163.979 41.1646 293.971 -167.694 -2.61541 316.366 -218.721 -25.6719 306.923 -223.699 -42.1696 293.753 -210.194 -54.2074 282.265 -184.567 -5.42751 307.808 -130.689 5.66909 4.32449 3.72981 
167.418 169.328 170.938 169.577 169.624 156.232 164.622 166.611 165.509 165.09 66.3618 293.744 -163.706 25.66 313.353 -217.115 3.28758 304.488 -223.715 -14.1488 291.968 -211.246 -28.2445 280.613 -186.15 17.1744 305.638 -128.993 5.87407 3.82113 3.18141 
167.66 170.522 172.014 171.327 170.861 155.729 166.346 168.086 167.674 166.956 93.1127 293.472 -156.724 56.1471 309.228 -212.837 34.4721 300.82 -221.058 15.966 289.436 -209.847 -0.298765 278.799 -185.513 41.4144 303.437 -125.012 5.93879 3.28946 2.82517 
167.842 171.887 173.054 172.823 172.425 155.094 168.37 169.796 169.461 168.875 120.875 292.796 -148.418 87.9562 306.296 -207.517 67.4235 297.985 -217.519 48.2566 287.235 -207.752 29.875 277.386 -184.562 66.5721 301.147 -120.15 5.76141 2.85046 2.45319 
166.622 171.455 172.927 173.133 172.096 154.068 168.408 170.256 170.329 169.033 149.8 290.562 -138.04 120.842 300.918 -200.005 101.229 292.332 -211.127 81.2225 281.858 -202.809 60.9824 272.094 -180.632 92.5441 297.446 -114.237 5.99324 2.87036 2.42356 
166.261 171.099 173.2 173.849 172.412 153.906 167.906 170.2 170.86 169.146 179.164 287.947 -123.332 154.946 296.397 -187.918 136.418 287.302 -200.328 115.473 276.811 -193.689 93.2625 267.138 -173.071 119.09 294.396 -105.33 6.31527 3.15474 2.5004 
165.581 169.528 172.612 173.391 171.77 153.991 167.053 168.819 169.489 167.084 207.738 285.304 -104.443 189.163 290.494 -171.338 172.07 280.374 -184.744 150.353 269.704 -179.618 126.251 261.14 -160.957 145.513 292.172 -93.1979 6.36077 3.51395 2.52999 
165.171 168.29 169.977 171.574 171.119 154.647 165.824 166.798 167.511 165.448 235.39 283.899 -81.6045 222.409 287.052 -150.646 207.161 275.918 -164.891 185.142 265.124 -161.632 159.295 257.49 -145.697 171.635 290.693 -77.8995 6.36083 3.59726 2.49154 
164.238 167.538 168.892 170.601 170.618 154.686 165.093 165.568 166.141 164.388 260.106 282.21 -56.5567 253.962 284.419 -126.989 241.276 272.675 -141.836 219.312 261.713 -140.727 192.157 254.666 -127.941 196.503 288.998 -60.2687 6.1074 3.52732 2.20561 
162.884 167.583 168.709 170.576 171.078 154.047 164.532 165.316 165.716 164.645 282.33 280.085 -30.7702 283.903 281.573 -101.831 273.118 269.657 -117.587 251.148 258.778 -118.579 222.536 252.655 -109.059 219.996 287.417 -41.6636 6.30786 3.52422 2.16635 
161.313 168.743 170.059 170.777 171.775 153.122 165.992 166.288 165.949 165.401 302.209 279.581 -3.81181 312.85 280.506 -74.1383 303.88 268.126 -90.8166 281.958 256.957 -93.854 252.118 251.988 -88.095 242.162 286.873 -21.5955 6.53072 3.83432 2.69298 
160.623 170.379 170.589 170.507 171.885 153.481 168.397 167.604 166.269 166.754 317.949 279.412 24.3563 339.195 281.367 -43.4562 332.322 268.43 -61.0469 311.034 256.206 -66.5018 280.617 251.188 -65.2578 261.489 286.718 -0.518317 6.88089 4.33247 3.0607 
161.318 171.763 172.161 171.784 172.582 154.121 170.978 169.731 168.169 167.653 331.074 278.296 51.658 361.668 281.114 -11.7847 357.582 268.523 -30.1416 337.382 256.548 -38.619 307.238 251.012 -41.4409 279.32 286.725 19.8465 6.64332 4.19941 2.87891 
163.19 173.721 174.442 174.037 174.13 155.275 173.718 172.324 170.923 169.806 339.814 275.69 79.6651 379.491 280.57 21.8979 378.062 268.977 1.79424 359.104 257.823 -10.1279 329.419 252.657 -16.8469 293.252 286.809 41.3873 6.32786 4.12392 2.65437 
163.724 172.338 173.294 174.155 172.666 156.612 172.269 171.478 167.989 169.845 342.392 269.196 104.826 390.597 280.057 55.6457 390.743 270.505 32.0743 371.637 257.908 17.8702 344.714 255.358 8.11776 302.972 288.192 61.0771 4.38113 6.90961 4.04643 
162.39 173.092 173.579 173.931 170.329 157.893 174.668 171.367 165.643 165.433 342.954 261.943 126.096 398.506 278.36 87.4368 401.459 271.889 62.2267 383.409 260.238 44.6059 357.82 259.11 30.6639 311.954 289.487 79.5886 4.80856 8.18916 4.73246 
161.457 172.187 165.163 175.423 168.04 159.348 175.36 171.878 161.649 162.724 337.257 250.596 142.437 397.013 269.88 113.214 402.284 263.197 89.2106 385.781 253.277 68.8013 364.66 256.972 48.2471 314.555 284.726 94.6086 8.319 9.27464 5.10296 
160.584 90.0001 160.711 168.068 166.589 161.835 151.609 166.781 156.384 160.4 333.569 244.193 155.139 379.389 253.416 133.439 402.902 259.192 113.089 389.629 252.044 89.6918 372.052 258.896 65.6629 318.085 284.324 108.26 10.6499 8.65016 16.0804 
162.518 90 155.764 142.819 165.944 164.363 141.043 164.93 152.103 159.249 329.521 237.249 171.447 372.79 247.279 164.451 401.083 253.802 146.684 384.712 242.663 123.555 377.748 253.627 91.6706 320.049 280.606 127.885 19.543 14.2298 19.7085 
162.723 110.066 156.759 138.366 163.052 163.942 132.225 161.357 145.97 159.773 330.125 236.168 177.476 374.283 247.643 175.613 400.162 252.327 159.455 382.61 238.368 135.296 378.395 248.78 102.445 319.589 277.38 135.094 20.8713 16.5803 15.4552 
162.094 138.168 160.088 132.461 164.78 163.097 137.892 162.37 144.895 162.387 330.759 237.23 183.993 377.05 248.361 186.529 400.171 252.579 168.504 383.127 237.489 143.027 378.636 245.863 111.352 319.029 275.144 141.013 19.0747 16.4376 13.5594 
161.928 160.862 161.615 136.001 165.65 163.383 141.549 161.768 144.604 162.454 333.087 240.535 192.325 381.129 250.699 194.379 401.923 253.349 175.275 385.759 237.462 148.969 379.735 244.102 119.12 320.463 274.713 146.568 16.2076 16.131 11.5511 
162.592 172.996 163.595 143.218 163.643 163.886 145.036 162.13 151.276 162.112 336.654 246.302 199.673 385.28 253.778 199.039 404.794 255.727 180.386 392.376 242.011 153.84 382.172 245.284 124.682 322.148 276.028 151.612 12.9182 12.2178 10.4008 
163.851 168.762 163.971 150.809 164.81 164.247 151.6 161.562 154.015 160.362 339.145 249.329 204.632 390.851 259.664 203.386 406.711 257.975 184.363 396.049 244.683 157.876 382.943 245.482 130.289 323.713 277.65 156.077 9.87641 11.0454 6.22189 
163.722 168.983 163.659 156.858 164.032 162.855 155.206 162.311 159.364 160.204 341.775 253.532 208.741 394.724 262.893 205.394 408.93 259.653 186.667 400.85 248.598 159.668 384.575 246.818 133.379 324.95 278.451 159.347 8.09985 9.0018 4.35045 
162.593 160.111 164.913 163.811 167.096 160.522 156.545 161.518 155.577 157.969 341.016 253.212 210.73 393.046 266.129 207.998 406.55 261.871 188.745 396.554 250.766 163.661 379.729 249.664 136.762 321.811 282.297 166.514 9.66566 8.33178 4.1895 
163.434 157.145 164.145 163.661 167.565 161.277 154.255 161.115 155.546 158.113 339.273 250.926 208.757 390.769 265.436 208.062 404.85 261.783 188.098 394.877 250.958 162.712 377.838 250.005 135.402 320.304 282.963 166.404 10.2356 8.42933 5.27455 
162.363 156.844 164.702 162.168 166.251 161.106 155.079 162.422 154.259 156.281 335.245 250.611 206.763 388.404 268.141 206.344 401.908 263.805 185.231 389.949 250.743 160 372.209 248.898 133.044 316.291 283.691 164.778 10.2728 10.1311 5.56464 
163.077 157.997 163.475 161.658 162.43 161.563 154.821 160.264 152.061 150.347 330.554 249.299 203.286 384.054 266.66 202.12 396.046 261.402 181.492 383.738 248.193 156.697 364.502 246.057 131.067 311.62 283.392 161.32 8.94815 10.472 4.39549 
162.128 157.887 163.074 160.949 161.04 160.812 154.715 159.486 150.192 148.371 328.391 249.762 201.463 382.32 266.018 198.469 393.521 260.486 178.318 380.131 247.014 154.247 361.407 245.767 128.704 309.354 282.828 158.869 8.62369 11.1082 3.47893 
163.625 157.685 162.779 159.998 161.544 162.252 154.897 158.844 147.862 147.557 326.94 252.638 201.468 380.563 266.536 196.004 391.2 260.79 175.576 376.502 247.017 151.639 359.146 247.685 125.772 307.346 283.736 157.116 8.77593 12.366 3.47303 
162.831 155.795 161.022 156.266 161.014 161.743 152.974 156.155 143.102 145.876 324.141 252.404 199.184 377.755 265.814 192.836 387.588 259.7 172.332 371.448 246.129 148.898 355.853 248.894 122.714 304.993 284.386 154.931 9.36195 13.3604 3.57381 
159.638 156.183 160.062 154.75 162.275 159.412 153.679 154.943 141.783 149.43 320.758 253.179 196.063 374.955 265.521 188.34 383.84 258.848 168.215 367.726 246.409 144.968 354.769 252.569 118.334 301.699 284.003 152.095 11.8345 12.9126 3.7129 
156.14 156.301 160.224 159.764 163.594 156.483 156.421 154.208 143.784 150.025 313.635 250.641 187.604 368.908 264.1 180.35 376.859 257.157 159.959 361.974 246.093 136.991 348.656 252.832 111.153 295.136 282.657 145.377 11.7408 11.372 4.07755 
153.318 159.911 161.455 158.733 164.92 153.928 157.899 153.707 142.704 149.836 309.829 249.312 182.289 365.992 263.207 175.673 373.243 256.528 155.346 358.571 246.858 132.281 345.831 255.265 106.898 291.897 282.523 142.195 12.8039 10.7491 4.23637 
151.869 159.375 163.846 159.811 165.963 151.979 157.741 155.272 146.569 152.587 306.089 248.882 177.756 362.419 262.568 170.728 369.818 256.019 151.078 356.366 247.466 127.958 342.552 255.288 103.259 287.718 281.303 138.407 12.2409 8.96251 3.48061 
152.29 162.249 164.92 160.995 169.132 151.28 160.214 156.781 149.313 155.09 302.63 247.714 173.038 359.597 261.732 166.972 367.066 256.323 146.778 354.34 249.212 123.536 339.672 257.224 99.5154 284.583 281.772 135.447 11.8009 7.83496 2.8794 
154.84 158.674 170.618 168.84 171.475 152.461 155.918 159.759 158.499 162.175 300.426 251.889 169.143 354.057 261.007 159.295 363.641 258.174 140.114 353.49 254.448 116.519 337.042 262.326 93.4374 279.855 283.249 130.126 11.3458 4.99568 1.34198 
157.708 159.622 170.646 170.987 168.86 154.823 155.896 159.663 158.349 159.9 298.265 252.923 167.233 350.148 259.188 155.967 359.695 256.206 136.665 349.053 251.804 113.456 332.353 259.158 89.8233 276.076 282.788 126.999 11.0091 5.07931 1.78347 
158.372 162.406 172.53 169.578 168.52 154.846 157.937 161.439 159.391 162.462 296.811 254.679 165.015 348.271 259.536 151.374 357.933 257.51 132.617 347.385 254.523 109.969 330.686 262.959 87.1365 273.921 284.775 124.963 11.2493 4.14929 2.2979 
159.722 162.578 171.652 168.487 167.524 155.746 156.986 161.5 158.58 161.353 293.356 254.536 162.389 343.862 258.703 148.005 354.057 257.563 129.212 342.986 254.121 106.648 325.757 261.974 84.0199 269.685 284.844 122.243 10.5355 4.38658 3.41262 
160.516 169.843 175.404 171.805 168.03 155.858 163.208 164.351 162.191 161.148 287.504 255.902 157.459 339.274 261.513 141.104 347.675 259.123 121.67 335.992 255.216 100.419 318.072 263.039 78.7551 262.774 286.666 117.915 9.58117 4.16386 1.60145 
160.624 171.401 176.378 169.665 165.183 156.138 163.343 163.962 157.027 157.552 283.483 255.72 155.055 335.101 262.561 138.445 342.751 258.902 119.558 329.008 252.463 98.9247 312.625 262.381 75.9231 258.544 287.402 115.916 11.7437 6.63538 0.244984 
161.455 172.993 170.868 167.016 166.721 156.767 166.057 163.743 157.522 156.396 274.082 254.308 150.356 328.834 267.372 134.47 334.268 260.616 113.78 318.969 252.169 94.1028 301.158 259.739 72.1834 249.164 288.693 112.056 9.38713 7.89701 3.11313 
162.407 172.708 169.78 167.369 166.863 157.662 166.166 162.305 157.606 155.884 268.299 252.293 148.04 323.515 268.15 133.129 328.117 259.632 112.273 313.591 251.515 91.5158 294.624 257.188 70.3552 243.025 287.385 109.741 7.75724 7.21842 4.57952 
162.6 168.835 168.456 162.162 165.797 158.634 167.854 164.697 145.392 154.309 264.573 252.404 145.634 319.922 270.123 130.979 324.039 259.751 110.355 302.73 246.778 90.9544 289.8 258.329 68.1681 239.722 289.094 108.814 13.2436 14.4933 6.63785 
162.886 168.707 168.874 161.384 165.562 159.435 166.486 162.993 145.61 153.514 260.381 252.986 144.149 315.669 271.647 130.229 318.897 259.678 108.742 297.576 246.392 89.5769 283.943 257.127 67.3859 235.155 289.908 107.566 12.0843 14.4365 8.04186 
163.927 166.831 167.202 161.838 167.606 160.404 163.266 163.69 150.596 152.06 252.575 256.445 143.613 307.709 276.024 129.93 311.809 265.531 106.179 292.553 252.351 87.4257 272.624 255.813 69.0463 226.256 292.923 105.685 4.31636 11.6629 6.67922 
163.834 164.236 167.888 166.013 168.881 160.641 162.095 162.958 154.257 152.863 240.681 254.773 139.687 294.832 273.534 126.367 299.162 263.125 102.619 281.516 251.53 83.239 260.106 254.545 66.8602 214.454 292.718 102.842 2.15537 9.98437 6.43339 
164.827 163.874 167.502 165.05 167.634 162.437 161.645 161.79 152.194 152.114 237.068 255.594 138.757 289.798 274.688 126.027 294.538 264.378 101.829 276.278 251.914 82.3597 255.49 255.304 65.5998 210.02 293.762 101.626 2.45291 10.9381 6.64933 
165.295 164.725 166.131 164.057 166.927 163.043 159.847 160.536 152.749 151.664 233.601 258.835 138.693 285.085 276.806 124.985 290.156 267.162 100.731 272.919 255.189 81.2815 250.745 256.86 64.8454 205.162 295.403 100.3 2.54876 9.50699 6.08088 
165.178 165.969 165.904 164.368 166.237 162.719 159.701 160.4 155.133 152.572 229.058 260.764 137.573 280.336 278.129 122.937 285.211 268.531 99.3966 269.432 257.622 79.3977 245.745 257.393 63.2911 199.517 295.677 98.6354 3.25439 7.67258 5.40115 
165.353 167.666 167.171 166.498 167.362 162.749 160.978 161.87 157.783 154.727 223.429 260.815 135.331 274.76 278.881 120.627 279.88 269.629 96.3432 264.788 259.615 76.1889 240.194 258.327 60.3603 193.369 295.512 96.7329 3.8637 6.69475 5.75288 
165.922 167.575 167.35 167.873 170.334 163.125 160.471 162.152 159.176 155.419 219.112 263.279 134.143 269.217 279.32 117.997 274.593 271.845 93.3119 260.13 263.207 73.1779 234.628 261.528 59.0313 187.759 297.094 95.2888 3.52648 5.56703 5.46391 
165.446 165.128 166.362 166.907 166.467 162.565 157.418 160.255 157.728 152.124 214.614 264.724 132.493 263.667 278.868 114.82 269.044 272.631 90.664 254.323 264.718 70.4662 228.169 263.309 57.1936 182.847 299.023 93.9346 3.5977 5.3103 4.82623 
164.034 165.197 166.406 166.444 164.835 160.336 157.572 160.219 157.377 151.1 204.54 265.02 127.649 253.212 279.245 108.331 258.397 274.147 84.9902 243.206 266.176 65.2652 216.771 264.755 52.7852 171.526 298.838 90.3887 3.13694 5.20351 3.98281 
163.461 165.551 165.953 165.874 163.453 159.522 157.625 159.653 156.204 148.521 199.403 264.842 125.242 248.152 279.362 104.713 252.866 274.726 81.58 237.02 266.745 62.7046 210.282 265.605 51.0291 166.151 299.095 88.5839 3.2181 5.21662 3.69906 
162.991 165.329 166.238 165.111 162.227 158.738 157.852 159.382 155.034 148.694 194.856 265.454 123.133 243.591 280.087 101.395 247.838 275.168 78.9924 231.419 266.531 60.709 205.456 265.995 48.4563 160.902 298.845 86.5908 1.97492 5.56979 2.9671 
163.549 166.559 167.255 166.372 162.846 158.713 159.255 160.272 156.069 149.756 189.777 266.513 121.865 238.549 280.68 98.3239 242.346 275.233 76.2092 225.66 265.792 58.0103 199.382 264.678 45.7376 154.735 297.982 84.5068 2.37396 5.95414 2.63481 
164.167 168.308 168.595 167.616 163.672 158.305 161.837 161.899 157.244 150.664 180.692 268.023 117.667 229.738 283.719 92.1822 232.783 278.26 70.1091 215.489 268.048 52.6189 188.904 266.417 40.5511 144.051 298.481 81.0129 2.6266 6.423 2.46247 
163.803 168.686 168.496 167.48 164.348 157.808 161.576 161.281 156.426 150.486 176.356 269.333 115.397 224.571 283.889 89.0704 227.325 278.602 67.5609 209.609 267.314 51.8248 183.563 266.502 38.1894 138.885 298.756 79.236 3.00736 7.11584 1.95089 
