177.726 168.666 169.139 169.118 168.306 170 164.601 164.498 164.691 162.087 -154.358 134.348 20.2184 -134.491 129.741 -48.0841 -110.365 126.117 -65.8222 -79.6148 123.895 -64.6546 -49.8092 120.922 -46.9013 -80.2078 143.108 27.6913 8.11454 7.13163 6.38399 
177.789 168.842 169.223 169.2 168.347 169.814 164.871 164.842 164.986 162.365 -154.808 134.572 20.3965 -135.174 130.141 -48.0135 -111.153 126.498 -65.8066 -80.4769 123.907 -64.6016 -50.6374 120.774 -46.8767 -80.6354 143.12 27.8067 8.10944 7.0614 6.34239 
177.837 169.095 169.27 169.246 168.37 169.59 165.136 165.165 165.232 162.644 -155.283 134.754 20.6541 -136.047 130.617 -47.8175 -112.174 126.94 -65.6834 -81.5746 123.935 -64.4774 -51.6873 120.637 -46.8541 -81.1361 143.173 27.9954 8.09503 6.99162 6.28426 
177.894 169.245 169.203 169.188 168.297 169.379 165.208 165.323 165.317 162.799 -155.732 134.982 20.9651 -136.97 131.096 -47.4546 -113.326 127.297 -65.3771 -82.8092 123.817 -64.2162 -52.8984 120.3 -46.7516 -81.6679 143.249 28.2423 8.06242 6.93543 6.1808 
177.882 169.127 169.109 169.123 168.172 169.227 164.956 165.303 165.235 162.803 -156.173 135.169 21.3383 -138.045 131.553 -46.9038 -114.773 127.542 -64.9028 -84.3802 123.578 -63.9222 -54.4648 119.792 -46.7815 -82.2573 143.312 28.4224 7.98205 6.8715 6.00679 
176.674 170.018 168.773 168.549 167.755 168.953 163.754 164.546 164.755 162.641 -157.379 135.365 21.9172 -140.598 132.174 -45.4525 -118.083 128.583 -64.0872 -87.8098 123.784 -63.7176 -57.0872 118.86 -47.2824 -83.4355 143.369 28.3465 8.56992 6.88709 5.94983 
175.895 170.063 168.397 168.201 167.458 168.959 162.629 163.907 164.277 162.32 -158.25 135.67 22.529 -142.387 132.23 -44.204 -120.602 128.93 -63.3426 -90.4028 123.445 -63.518 -59.2258 117.761 -47.6558 -84.1783 143.342 28.1229 8.88292 6.94118 5.92436 
175.402 169.39 168.237 168.115 167.336 168.936 161.745 163.671 164.047 162.082 -158.973 135.948 23.025 -143.528 131.739 -43.3575 -122.507 128.594 -62.785 -92.4872 122.447 -63.2441 -61.2001 116.241 -47.6921 -84.7521 143.081 27.9084 8.92842 6.9027 5.81584 
174.979 168.467 167.924 167.841 167.1 168.778 160.836 163.086 163.346 161.334 -159.426 136.212 23.4188 -144.106 130.886 -42.6737 -123.66 127.64 -62.2027 -93.866 120.895 -62.7861 -62.6407 114.406 -47.4632 -85.1038 142.542 27.7295 8.89235 6.845 5.73852 
174.693 167.234 167.633 167.596 166.838 168.764 160.069 162.602 162.822 160.743 -159.769 136.686 23.9893 -144.439 130.345 -42.0924 -124.44 126.831 -61.6011 -94.8506 119.639 -62.2114 -63.6086 113.068 -47.024 -85.3784 142.21 27.7933 8.88242 6.75922 5.53442 
174.427 165.98 167.236 167.316 166.612 168.784 159.356 162.051 162.301 160.207 -159.787 137.25 24.7492 -144.449 130.168 -41.4264 -124.821 126.281 -60.875 -95.3761 118.754 -61.5547 -64.0872 112.209 -46.5302 -85.3106 142.069 28.0269 8.87651 6.71147 5.27623 
174.219 164.738 166.768 167.003 166.377 168.832 158.732 161.483 161.798 159.685 -159.62 137.86 25.4114 -144.21 130.058 -40.9545 -124.892 125.762 -60.2939 -95.5757 118.001 -61.0482 -64.265 111.507 -46.1613 -85.0431 141.879 28.1951 8.84911 6.66625 4.98694 
174.073 163.853 166.438 166.809 166.226 168.885 158.286 161.068 161.443 159.31 -159.234 138.356 25.8903 -143.925 129.893 -40.6702 -124.924 125.286 -59.9388 -95.7533 117.383 -60.8357 -64.4214 110.968 -46.155 -84.6052 141.616 28.149 8.77836 6.59492 4.72144 
173.973 163.641 166.275 166.734 166.157 168.889 158.125 160.794 161.205 159.022 -158.496 138.906 26.2398 -143.431 129.615 -40.5198 -124.725 124.714 -59.6726 -95.7392 116.738 -60.7221 -64.4549 110.48 -46.2769 -83.8748 141.398 27.994 8.61235 6.47992 4.45899 
173.969 164.33 166.595 167.15 166.474 168.751 158.521 160.995 161.49 159.263 -157.155 139.44 26.1588 -142.478 129.12 -40.6147 -124.137 124.065 -59.5905 -95.3612 116.214 -60.8285 -64.1597 110.255 -46.6437 -82.8022 141.232 27.7061 8.38525 6.31676 4.14338 
174.081 165.081 166.924 167.678 166.786 168.791 159.015 161.195 161.856 159.573 -155.412 139.977 25.9014 -141.193 128.805 -40.7912 -123.118 123.697 -59.6104 -94.3706 116.15 -61.1707 -63.1611 110.506 -47.2457 -81.3804 141.259 27.2674 8.27114 6.28618 3.88601 
174.012 165.143 166.819 167.854 166.841 168.612 159.277 161.104 161.845 159.401 -153.09 140.903 25.648 -139.558 128.407 -41.0512 -121.623 123.164 -59.8697 -92.9186 115.558 -61.7452 -61.8246 109.947 -48.1114 -79.3031 140.849 26.4765 8.12458 6.31807 3.85521 
174.24 165.937 167.01 168.09 166.948 168.745 160.242 161.257 161.925 159.252 -150.236 141.705 25.4607 -136.792 127.763 -41.7661 -118.765 122.189 -60.272 -89.9507 114.639 -62.0816 -58.9748 109.195 -48.3255 -76.4588 140.543 25.9609 8.01306 6.36537 3.66466 
174.379 166.896 167.404 168.615 167.297 168.646 160.686 161.583 162.215 159.339 -146.444 141.951 24.9151 -133.46 126.957 -42.0814 -115.536 121.682 -60.6225 -86.7824 114.445 -62.5923 -55.9928 109.263 -48.973 -72.9842 140.427 25.3005 7.75049 6.28977 3.67279 
174.538 167.873 167.686 168.864 167.459 168.736 161.494 161.835 162.342 159.273 -142.142 142.555 24.232 -129.578 126.783 -42.8712 -111.451 121.192 -61.2319 -82.6028 114.004 -63.1945 -51.9169 108.897 -49.4999 -68.7585 140.417 24.5389 7.63941 6.33998 3.6595 
174.887 168.683 168.042 169.256 167.673 169.074 161.788 162.208 162.723 159.285 -137.129 143.186 23.4744 -124.318 125.85 -43.3709 -105.848 120.685 -61.841 -76.7453 113.746 -63.5965 -46.223 108.724 -49.3822 -63.6911 140.58 24.1745 7.55504 6.4636 3.9883 
176.394 169.444 168.203 168.968 167.236 169.361 162.454 162.891 162.674 158.126 -125.353 141.733 21.8544 -110.816 123.784 -44.9918 -91.1835 119.794 -63.4908 -62.0877 114.959 -64.3111 -32.5134 111.67 -49.1031 -52.2053 141.503 23.8288 6.63915 6.05445 4.40402 
176.556 170.597 167.538 167.103 166.15 167.251 160.906 161.41 161.229 155.71 -115.787 138.922 18.2658 -102.388 122.648 -46.3007 -81.929 119.135 -64.645 -53.1152 115.423 -65.0683 -24.7811 112.874 -49.1342 -44.6585 141.906 22.8487 5.45511 5.73057 4.74329 
173.161 171.965 165.462 164.755 164.645 164.104 159.535 159.006 159.095 152.263 -105.342 135.444 14.4369 -93.5477 121.164 -48.0974 -72.1155 117.986 -66.0415 -43.3331 115.499 -66.2496 -16.3593 113.311 -49.2486 -36.6164 141.563 21.4126 4.39618 5.69525 5.10764 
171.017 172.467 165.118 164.199 164.459 161.383 158.564 157.164 157.382 150.281 -94.0137 132.688 10.0223 -84.3663 121.92 -50.5664 -62.4278 117.597 -67.5592 -33.8572 115.614 -67.5025 -7.90024 113.857 -49.9774 -28.1287 141.631 19.8754 3.55771 5.54169 4.98638 
167.716 173.699 164.999 163.005 163.775 158.329 157.941 154.403 154.792 147.723 -81.4755 130.613 5.17864 -74.3608 123.203 -53.3915 -51.5758 116.84 -68.7355 -23.4591 115.596 -68.4203 1.56903 114.748 -50.6418 -18.9022 142.231 18.0082 2.71718 5.26079 5.596 
166.092 175.234 162.622 160.491 161.946 156.42 157.891 150.264 151.387 144.233 -68.1792 128.467 0.396104 -63.6311 124.033 -56.0855 -39.1887 114.584 -68.7471 -12.0657 114.648 -68.4627 11.8534 115.212 -50.6656 -9.02562 143.009 16.0879 1.86909 4.72475 8.07887 
166.373 174.608 158.123 157.462 159.756 156.147 157.693 145.025 147.576 140.972 -54.249 125.521 -4.55021 -51.8365 123.726 -58.5705 -25.4088 110.264 -66.9761 0.219438 112.556 -67.2893 22.7653 115.829 -50.5291 1.40343 143.383 14.2974 0.281899 4.33826 12.5001 
167.5 169.204 154.341 155.371 159.073 156.944 153.598 140.009 144.446 139.725 -40.7537 122.956 -8.60607 -39.3091 121.248 -58.5309 -12.1322 107.084 -64.5437 12.0771 111.7 -66.1243 33.8091 117.783 -51.1515 12.0351 144.008 12.9615 2.03983 5.08208 14.0734 
168.839 165.905 153.286 155.3 159.442 158.444 149.321 137.817 143.408 139.721 -26.7033 118.227 -11.9478 -26.2421 117.851 -58.0386 0.620087 104.218 -63.3288 24.0423 110.254 -65.7773 45.4378 118.119 -51.6558 23.2061 144.717 11.4943 3.26716 5.98101 13.6353 
171.201 164.789 153.422 155.656 158.978 161.667 146.64 137.032 143.381 141.181 -13.8686 113.246 -14.6317 -13.6656 114.384 -58.0759 13.0605 101.409 -63.2323 36.1908 108.953 -66.6105 58.31 118.81 -53.6913 34.754 144.815 9.80796 5.26838 7.29133 12.8772 
172.862 158.634 153.147 155.357 157.153 164.762 141.902 137.518 144.208 142.965 -1.52274 107.529 -14.4719 -0.409654 109.914 -56.3696 25.0459 100.257 -64.2387 48.4227 109.048 -68.2672 72.3156 120.059 -55.9058 46.4316 144.219 9.088 7.00581 8.30662 9.42338 
172.491 150.063 151.568 155.832 158.302 166.12 135.797 138.534 145.555 146.681 11.7005 103.147 -14.0834 13.6569 107.019 -54.3974 36.5295 100.979 -66.0644 61.9258 110.082 -70.3041 87.9012 121.62 -58.3129 58.5135 143.875 8.51028 9.13111 9.21287 5.09152 
176.447 146.58 154.402 157.986 162.73 170.885 131.61 142.163 147.987 152.209 23.2198 102.288 -18.2233 28.6903 105.26 -56.5154 50.8999 102.439 -72.0123 77.658 110.897 -74.4373 105.144 124.344 -61.9423 70.6796 142.44 6.66807 12.4314 8.91334 4.70744 
178.456 146.262 154.863 159.679 164.57 174.115 131.71 142.994 151.905 157.843 33.6965 102.542 -22.312 43.6838 103.664 -60.3884 66.0234 102.197 -75.9163 93.7014 112.703 -79.3226 123.574 126.75 -64.6689 82.8317 140.586 4.52774 15.2211 11.3756 5.26458 
177.738 143.99 154.758 164.768 166.086 177.105 132.848 143.886 157.856 160.519 43.5574 103.211 -25.214 58.2186 103.825 -64.3243 82.1799 103.189 -79.1901 111.944 116.574 -83.3359 141.207 128.263 -65.0392 94.7549 138.697 3.42307 14.4418 14.5819 6.15112 
178.936 143.314 154.074 167.865 167.429 177.133 135.956 146.742 162.215 162.822 53.7575 102.2 -26.4414 71.5196 104.688 -68.1143 98.0835 105.117 -82.5896 129.204 119.57 -85.1073 158.168 128.549 -64.0164 106.265 136.271 2.93139 14.1467 15.6958 7.82886 
179.523 148.188 154.913 168.685 167.834 177.496 141.943 149.456 163.285 162.014 65.1328 103.274 -27.5506 86.5099 108.634 -73.305 114.061 108.244 -85.414 146.088 121.219 -84.9558 174.411 127.449 -61.5939 118.41 134.686 3.00348 13.799 15.0355 7.12379 
177.952 154.187 157.133 168.373 167.029 178.425 146.136 152.754 162.973 159.342 75.6905 104.513 -28.4928 101.042 112.251 -77.2048 129.287 111.507 -87.9701 161.265 121.481 -84.103 188.305 124.536 -59.0505 129.887 133.143 3.15713 12.8118 13.2679 6.90777 
178.755 159.339 158.595 168.101 166.91 177.98 147.931 153.666 161.57 156.661 85.6556 105.449 -28.9893 113.856 114.889 -79.0645 142.458 113.62 -88.7641 174.124 121.087 -82.559 199.883 121.72 -56.5613 140.145 132.114 3.59138 12.042 12.0589 6.73571 
179.978 161.434 160.418 167.692 168.13 176.647 148.096 151.717 158.76 153.35 94.9182 107.329 -30.7838 124.848 116.586 -80.6419 153.004 112.908 -88.8065 184.382 118.541 -81.2821 208.842 117.908 -54.8039 149.096 131.061 3.45701 11.3353 11.4629 6.13117 
179.398 164.084 161.918 167.452 168.907 175.754 146.353 149.112 155.671 151.086 103.7 109.969 -32.4001 135.848 117.625 -81.0036 163.466 112.551 -88.081 194.064 116.201 -78.8883 217.298 114.924 -52.4009 157.694 130.48 3.77158 10.7618 10.6268 5.72242 
179.004 163.726 163.064 167.038 169.976 174.849 140.088 144.859 152.342 148.294 112.062 113.017 -33.6819 145.69 116.342 -78.8392 171.747 111.574 -86.1356 201.943 114.479 -76.4729 224.369 112.615 -50.163 165.943 130.554 4.2736 10.3987 10.728 4.31957 
177.933 160.31 162.899 164.851 170.068 173.451 130.786 139.595 146.216 143.2 121.049 117.322 -34.1143 154.967 115.399 -73.5643 179.55 111.566 -82.569 208.47 112.717 -72.6019 230.489 111.123 -46.7458 174.421 131.874 5.93593 10.2758 9.86375 4.2538 
177.443 162.228 161.983 163.385 168.871 172.211 128.726 134.425 140.953 139.031 128.587 121.265 -34.3161 162.349 115.641 -70.7026 184.274 109.988 -77.9686 212.289 110.477 -68.6314 233.957 109.772 -44.0456 181.506 133.079 7.41287 9.93877 9.7043 2.48759 
177.149 162.438 160.704 161.027 168.23 171.224 127.643 133.01 138.358 134.954 135.099 124.204 -34.0629 168.507 116.389 -67.9091 188.716 110.1 -74.8743 214.655 109.332 -65.7296 235.29 108.986 -42.2143 188.026 134.283 8.85904 8.65541 8.34162 2.63684 
176.99 157.79 157.641 159.676 165.688 170.107 127.935 133.224 137.826 133.023 139.569 125.37 -33.6436 173.483 116.715 -66.411 193.453 109.293 -72.5318 217.508 107.975 -63.1945 236.626 108.104 -39.76 192.106 134.061 10.1664 7.42986 7.15364 1.93073 
176.613 156.943 156.279 158.09 163.971 169.242 127.959 132.887 137.84 133.209 145.754 127.645 -33.5173 178.478 117.626 -64.9804 197.885 109.54 -70.6331 221.177 107.89 -61.5797 240.302 108.531 -38.6621 197.309 134.914 11.1749 8.00369 7.04208 1.8923 
176.298 155.404 154.667 157.108 160.99 168.189 129.833 133.623 138.091 133.794 151.092 128.972 -33.184 183.432 119.317 -64.5413 202.47 109.678 -69.0345 224.3 107.368 -59.6038 243.055 108.771 -37.0542 201.159 135.351 12.2946 8.37569 6.05648 0.509722 
176.601 152.306 152.999 155.877 156.738 167.974 128.954 134.666 139.206 134.38 154.715 128.757 -33.0312 186.421 119.426 -63.1013 206.486 110.045 -68.2694 227.744 107.191 -58.4113 245.097 107.712 -35.0994 203.807 135.11 13.0753 6.88369 5.62917 1.64882 
176.918 149.243 151.196 153.414 149.033 167.652 127.902 133.472 138.068 132.068 159.351 130.051 -32.643 190.116 120.576 -61.6768 209.788 110.507 -66.4958 230.9 107.601 -56.4028 247.022 107.475 -32.4045 206.926 135.377 14.0521 5.84025 5.96894 1.42236 
176.343 154.181 148.349 148.145 143.415 167.073 128.974 131.446 135.451 130.871 163.452 131.333 -32.2258 194.47 122.549 -62.2348 213.783 110.123 -64.5048 234.99 107.91 -53.9059 251.827 108.829 -30.2808 209.824 135.653 14.9765 8.17274 6.76252 1.64971 
176.205 156.81 147.127 145.236 140.349 166.911 130.214 130.976 134.781 133.686 166.22 131.372 -31.5154 197.279 123.439 -62.0724 217.172 110.188 -63.3887 238.996 108.635 -52.5105 257.23 110.052 -29.0573 212.235 135.764 15.8905 10.5817 7.71382 2.6966 
177.056 156.693 147.711 145.225 145.042 167.37 130.997 132.109 136.224 139.532 167.413 130.478 -31.0088 198.746 122.979 -61.6684 219.766 110.334 -63.5075 242.343 109.42 -52.3234 261.589 110.565 -28.6636 213.71 135.439 16.465 11.7988 8.54639 2.68971 
178.169 156.591 147.375 143.908 151.801 167.833 132.319 133.162 137.063 143.068 167.503 129.168 -29.9913 199.557 122.293 -61.3957 221.82 109.964 -63.1979 244.657 109.352 -51.3481 263.66 110.125 -27.4492 214.181 134.608 17.2113 11.6042 8.73974 3.42922 
179.243 154.794 146.661 139.119 144.188 168.232 131.167 131.663 133.627 140.679 167.514 127.986 -29.113 199.855 121.483 -60.5597 222.155 108.565 -61.7254 243.918 107.739 -49.0195 261.897 108.219 -25.0128 214.211 133.678 17.8395 10.1374 7.80066 3.85122 
179.931 151.175 145.146 135.765 154.972 168.519 129.201 130.13 131.654 138.36 167.194 126.756 -28.4877 200.09 120.826 -59.6306 222.338 107.471 -60.4802 243.801 106.748 -47.4088 261.166 106.621 -23.5984 213.814 132.597 18.3773 9.17072 7.68294 4.13902 
179.233 147.447 144.828 135.562 160.667 169.038 127.175 129.943 131.721 137.257 167.155 125.821 -27.9279 200.658 120.326 -58.5939 223.269 107.299 -60.1089 245.001 106.659 -46.8763 261.664 105.863 -22.8437 213.799 131.935 18.9236 8.40725 7.94613 4.01949 
179.211 145.823 145.483 137.664 151.409 169.888 128.642 129.886 131.946 136.054 167.116 123.787 -26.8146 201.905 121.279 -58.8495 224.226 106.943 -59.5652 246.279 105.988 -46.3951 262.525 105.107 -22.1617 214.431 131.391 19.8252 8.039 7.87314 5.07986 
179.95 147.155 145.501 137.613 148.857 169.86 130.065 129.29 131.049 134.78 166.94 122.795 -26.1736 202.05 121.874 -59.3529 223.75 106.454 -59.1214 245.647 105.13 -46.0488 262.218 104.545 -22.1782 214.604 131.154 20.1389 8.31236 7.48339 6.12062 
178.682 150.52 146.035 138.926 149.121 169.956 132.454 129.273 131.028 134.008 165.918 121.358 -24.8976 201.678 122.586 -60.179 223.052 105.92 -58.6424 244.88 104.092 -45.6978 261.628 103.655 -22.0075 214.553 130.692 20.7671 8.20196 7.01042 7.79487 
178.216 151.362 146.753 139.811 147.93 170.134 133.272 129.697 131.059 132.091 165.469 121.063 -24.2783 201.586 122.865 -60.3854 222.8 105.856 -58.5811 244.293 103.591 -45.5167 260.531 102.969 -21.5259 214.638 130.625 21.0872 7.24463 6.41733 8.26682 
178.339 151.736 147.54 141.403 147.526 170.482 133.926 130.788 132.251 131.849 165.014 121.001 -23.842 201.247 122.921 -60.4065 222.731 106.046 -58.8647 244.17 103.614 -45.7697 259.94 102.793 -21.4124 214.511 130.506 21.3682 6.56936 6.23232 8.18944 
179.079 151.602 148.208 142.143 147.558 171.115 133.907 131.447 132.798 131.281 164.25 121.085 -23.6254 200.698 122.64 -60.1723 222.431 105.998 -59.0015 243.691 103.421 -45.811 259.089 102.441 -21.2033 214.176 130.278 21.559 5.96417 5.96057 7.97132 
179.704 152.023 148.7 142.98 149.515 171.878 134.237 132.431 134.041 132.565 163.292 121.128 -23.4554 200.111 122.281 -60.0369 222.362 105.982 -59.2648 243.748 103.503 -46.0047 259.142 102.386 -21.2014 213.668 129.965 21.7322 5.96871 6.05924 7.73994 
178.335 152.743 149.019 143.634 153.985 172.559 134.464 133.38 135.32 135.323 162.34 121.253 -23.4287 199.523 121.968 -59.9295 222.305 105.937 -59.5358 243.92 103.68 -46.1469 259.78 102.663 -21.3974 212.926 129.571 21.885 6.77632 6.34766 7.58198 
176.946 153.896 149.257 144.256 162.346 173.122 134.726 133.79 136.04 138.575 161.616 121.487 -23.6082 198.989 121.653 -59.8534 222.021 105.578 -59.5525 243.823 103.699 -46.1024 260.528 103.166 -21.6592 212.019 129.14 21.9795 8.14042 6.71548 7.63359 
175.82 155.642 149.162 144.573 170.309 173.585 134.758 133.907 136.571 141.686 160.948 121.816 -23.8191 198.459 121.14 -59.7513 221.674 105.118 -59.4817 243.815 103.745 -46.051 261.492 103.84 -21.8334 211.188 128.739 22.0343 9.70161 7.25997 7.59841 
175.294 158.903 149.297 145.122 178.435 173.73 135.098 134.569 137.346 144.964 160.564 122.107 -24.0213 198.271 120.891 -59.8477 221.779 104.936 -59.6482 244.037 103.959 -46.0481 262.461 104.703 -21.8554 210.388 128.41 22.0846 11.0504 7.56199 7.6095 
175.299 161.567 149.622 146.242 178.09 173.65 135.606 135.609 138.574 147.341 160.166 122.102 -24.1715 197.882 120.548 -59.9714 221.903 105.001 -60.0605 244.309 104.302 -46.3176 263.082 105.322 -21.839 209.619 128.09 22.1106 11.7582 7.77683 7.44518 
177.136 173.892 151.729 149.334 178.669 172.194 142.244 137.23 140.039 148.215 160.096 122.859 -23.5722 196.629 121.769 -61.7241 219.665 104.409 -60.0748 242.005 103.858 -46.4287 260.572 105.41 -21.8227 207.537 127.838 22.907 11.5105 7.55126 9.17329 
177.217 174.16 151.28 148.462 174.406 171.69 142.733 136.269 139.106 146.433 159.916 122.94 -23.1726 195.638 122.25 -61.7864 217.961 104.273 -59.5257 240.193 103.433 -46.2613 258.566 104.766 -22.0303 207.214 128.044 23.1602 10.8461 7.33376 9.69623 
177.322 172.08 150.853 147.878 175.809 171.143 142.194 135.91 139.134 146.558 159.392 122.7 -22.9903 194.146 122.142 -61.6498 216.368 104.527 -59.5336 238.791 103.483 -46.6171 257.159 104.397 -22.5239 206.654 128.071 23.1773 10.4367 7.41493 9.31043 
177.559 170.191 150.247 146.689 175.945 170.657 140.831 134.969 138.16 145.318 158.721 122.441 -22.8246 192.6 122.18 -61.2952 214.52 104.849 -59.4977 236.772 103.313 -46.8759 255.279 103.81 -23.0584 206.196 128.203 23.0435 10.0825 7.12455 8.86352 
177.769 168.067 149.642 145.64 176.741 170.117 139.442 134.398 137.635 144.607 157.93 121.896 -22.5399 190.834 122.079 -60.8075 212.835 105.185 -59.5809 235.099 103.231 -47.1976 253.874 103.385 -23.6422 205.659 128.253 22.8965 10.015 6.98622 8.30557 
177.729 165.423 148.601 142.954 174.983 169.354 138.299 134.485 136.842 144.071 156.229 121.348 -22.4731 189.151 122.055 -60.6274 211.648 105.444 -59.8334 233.519 103.016 -46.9862 252.21 103.152 -23.6867 203.896 127.806 22.6529 10.1344 6.48423 8.14405 
177.24 161.929 148.496 143.479 171.228 169.419 136.59 135.497 137.838 143.878 155.119 120.944 -22.5535 188.599 121.416 -60.073 212.221 105.949 -60.3912 233.976 103.352 -47.1906 252.021 103.031 -23.291 203 127.427 22.4956 9.59403 6.33471 7.37788 
176.364 157.737 148.727 144.562 168.318 169.799 134.985 136.633 139.029 143.219 154.039 120.835 -22.4994 188.574 120.627 -59.3521 213.244 106.488 -60.749 235.005 103.874 -47.1493 252.133 103.03 -22.4382 202.344 127.244 22.5808 8.73696 6.28053 6.72392 
175.59 153.275 149.692 146.227 159.56 170.251 133.742 138.437 140.882 144.039 153.176 121.087 -22.5029 188.95 119.891 -58.6365 214.603 107.304 -61.3424 236.577 104.923 -47.2645 253.104 103.781 -21.644 201.782 127.178 22.6999 8.51701 6.47735 6.14281 
174.977 148.862 150.783 147.215 155.344 170.641 132.915 139.799 142.04 145.724 152.539 121.607 -22.6687 189.743 119.462 -58.1989 216.079 107.934 -61.7522 238.212 106.008 -47.1106 254.683 105.082 -20.9553 201.226 127.118 22.7851 9.17338 6.76685 5.91934 
175.829 145.202 150.497 147.884 151.072 171.219 130.337 137.896 140.904 143.827 152.641 123.55 -22.9481 190.989 119.678 -57.0723 216.539 108.585 -60.812 239.028 107.443 -46.3621 255.582 106.517 -20.1517 201.291 127.964 23.1006 9.66182 7.52703 4.99332 
176.949 145.684 150.144 147.051 148.733 171.257 129.101 135.558 138.608 141.524 153.477 124.903 -23.1551 191.171 120.236 -56.5652 215.701 108.775 -59.8909 238.214 107.702 -45.9097 255.379 106.968 -20.207 201.876 128.85 23.2373 10.153 7.71318 4.45673 
178.176 147.658 149.745 146.441 147.55 171.008 129.207 133.625 136.829 140.383 154.515 125.793 -23.2282 191.247 120.967 -56.4537 214.769 108.74 -58.9267 237.426 107.759 -45.4481 255.579 107.524 -20.2967 202.505 129.666 23.4842 11.1475 7.96589 4.30857 
179.432 150.002 149.753 146.458 146.553 170.514 129.946 132.162 135.532 139.059 155.908 126.619 -23.1 191.472 122.023 -56.5651 213.889 108.757 -58.0457 236.685 107.845 -45.1623 255.694 108.152 -20.4725 203.387 130.623 23.7964 11.9545 8.16218 4.60931 
174.885 162.553 152.073 144.122 143.586 172.616 142.625 141.313 141.879 144.529 147.572 123.934 -17.9596 188.683 124.677 -58.476 216.103 111.964 -59.322 238.996 110.622 -43.7445 255.965 110.543 -17.4377 200.166 130.959 26.4701 10.1994 7.09171 7.99895 
175.304 163.396 152.126 144.388 141.123 172.46 142.865 140.192 141.219 143.131 147.424 124.406 -17.9437 189.083 125.41 -58.6985 215.651 111.698 -58.8148 238.577 110.646 -43.3968 255.219 110.574 -17.0287 199.999 131.174 26.5553 9.89476 7.26676 8.24019 
175.511 162.941 151.058 143.894 137.741 172.356 142.759 138.81 140.302 141.677 147.31 124.856 -18.0593 189.532 125.921 -58.807 215.225 111.348 -58.127 238.196 110.628 -42.9089 254.503 110.624 -16.4638 199.793 131.292 26.5998 9.67876 7.50846 8.57343 
175.458 162.188 150.18 143.995 134.9 172.408 142.941 137.239 139.104 139.624 147.484 125.351 -18.163 189.763 126.455 -58.8608 214.561 110.967 -57.3502 237.68 110.572 -42.4928 253.827 110.562 -15.9489 199.672 131.628 26.6264 9.69593 7.90618 8.96034 
177.991 160.728 149.388 145.486 133.692 171.365 141.609 134.918 137.385 135.866 148.634 126.254 -18.6203 190.042 127.138 -58.5825 213.273 110.99 -56.2508 236.456 110.791 -42.1008 252.35 110.794 -15.6287 199.642 132.478 26.7464 9.16715 8.11194 9.16176 
179.508 160.792 149.388 145.798 133.738 170.659 140.925 133.449 136.079 133.638 149.641 126.741 -18.8506 190.099 127.631 -58.4081 212.412 110.925 -55.4662 235.547 110.827 -41.7178 251.454 110.915 -15.4749 199.698 133.043 26.8405 8.97421 8.17642 9.54954 
