157.466 172.62 170.282 170.707 171.939 138.235 176.549 170.791 166.459 154.57 -85.7541 177.462 10.3229 -66.5444 188.068 -55.2878 -49.6228 181.761 -64.3089 -32.8905 176.014 -52.6557 -19.1361 175.413 -28.0495 -47.3971 195.082 32.3056 6.48714 6.17387 6.58546 
157.216 172.681 170.306 170.502 171.411 138.243 176.358 170.727 166.36 153.645 -87.0692 178.062 10.6177 -67.9966 189.559 -55.3184 -50.8452 182.902 -64.4881 -34.1507 176.411 -52.741 -20.3108 174.858 -27.7859 -48.3313 195.039 32.3505 6.79368 6.48972 6.61601 
156.857 174.327 173.902 171.956 159.46 137.139 175.316 172.122 166.576 149.954 -92.2426 186.573 14.3117 -68.6289 194.054 -54.96 -53.187 185.694 -65.803 -37.5587 176.375 -54.9248 -20.2277 171.857 -29.791 -45.5548 193.229 31.9896 4.91486 7.28453 7.09318 
156.688 174.675 174.112 171.072 156.868 137.15 175.301 171.993 166.304 147.865 -90.4136 186.963 14.6266 -66.9551 193.723 -54.8162 -51.5013 185.223 -65.7309 -35.6523 175.5 -54.6836 -18.1152 170.798 -29.1323 -43.5723 193.185 31.9841 5.50575 7.68484 7.27381 
156.375 174.503 174.432 170.659 154.588 137.071 175.381 172.098 166.397 146.355 -88.1848 187.811 15.332 -65.1173 193.639 -54.533 -49.5365 185.067 -65.5519 -33.4734 175.232 -54.5443 -15.6399 170.521 -28.8001 -41.0567 193.287 32.0564 5.82492 7.90009 7.36559 
156.124 174.107 174.657 170.48 152.07 137.101 175.286 171.784 166.593 145.412 -81.7857 189.428 16.1843 -59.9543 194.107 -54.1154 -44.591 185.293 -65.2889 -27.9873 176.126 -54.7042 -9.49073 171.872 -29.0375 -34.4448 194.421 32.004 5.719 7.57952 7.73601 
155.547 170.91 170.293 164.905 159.316 135.537 173.273 168.083 161.85 143.632 -69.2979 188.593 15.4532 -52.1722 192.486 -54.0311 -36.3065 182.774 -64.2473 -18.2175 173.409 -53.0753 -1.00249 171.149 -28.7619 -24.4863 196.024 31.2063 6.29698 8.05314 8.20963 
155.829 169.999 168.503 164.371 161.904 135.206 172.881 166.94 161.034 144.947 -62.1893 188.367 15.1982 -47.039 192.04 -53.7837 -31.1816 181.879 -63.6626 -12.6782 172.906 -52.7348 4.27815 171.841 -29.4321 -18.3215 196.802 30.9447 5.93682 7.83381 8.52341 
155.687 169.601 167.332 164.658 164.132 134.476 172.952 166.426 160.854 145.923 -53.7192 187.622 14.9176 -40.8964 191.943 -53.762 -25.0567 181.547 -63.4612 -6.21389 173.032 -52.8375 10.5897 172.913 -30.2004 -11.2599 197.746 30.4835 5.96645 7.69798 8.86953 
156.348 169.4 166.448 165.591 166.768 134.079 173.09 166.286 161.055 147.252 -43.9984 186.872 14.3123 -33.4903 192.289 -53.5973 -17.9845 181.801 -63.1185 0.991092 173.775 -52.8365 17.589 174.586 -30.8066 -3.24666 199.287 30.1174 6.20817 7.55988 9.21475 
157.018 169.163 166.015 166.682 169.007 133.937 173.291 166.661 161.977 149.108 -33.3319 185.294 14.2904 -25.2621 191.88 -53.0265 -10.1089 181.884 -62.487 9.10176 174.968 -52.7628 25.7438 176.857 -31.4155 5.68787 201.07 29.9451 6.32476 7.16514 9.33663 
158.341 172.751 168.098 167.954 170.415 135.852 172.601 164.827 161.195 149.671 -22.1451 182.75 13.4535 -14.7534 190.736 -52.2867 -0.774096 181.029 -61.0524 18.1185 176.118 -52.1655 34.9631 179.081 -31.6349 15.7404 203.008 29.7293 6.26036 6.16832 9.97596 
159.593 175.258 169.347 168.572 170.436 138.582 170.477 161.727 159.478 149.464 -10.4122 179.712 11.7549 -3.43922 188.525 -51.6855 9.58105 179.493 -59.7765 28.1784 176.767 -51.7952 45.1486 180.825 -32.0203 26.6147 204.294 29.1255 6.17852 4.89443 10.1531 
160.47 176.664 170.127 168.422 170.675 141.219 168.571 160.587 158.301 150.06 1.41902 177.555 9.80935 8.14959 186.385 -51.8389 20.5314 178.882 -59.9395 39.11 177.389 -52.1891 56.0495 182.802 -33.1799 38.1839 205.474 28.012 6.26513 4.36958 9.47243 
161.387 174.886 169.837 167.39 169.92 144.026 164.59 160.399 156.766 149.851 13.4303 176.54 7.90318 20.7009 184.837 -51.3905 32.6613 180.656 -60.8199 51.1213 179.373 -52.7921 68.0458 185.648 -34.3507 50.6516 206.759 27.1436 6.48964 4.39537 7.56561 
161.446 173.781 170.572 166.023 168.259 146.146 162.529 162.946 157.074 150.729 25.8912 175.164 6.95381 33.5457 183.936 -51.2055 45.5786 184.045 -62.5995 63.9452 182.756 -54.262 81.103 189.216 -36.1705 63.824 207.389 26.5367 6.51582 4.46502 6.02196 
161.424 173.504 175.129 168.604 169.888 147.922 163.705 169.574 162.569 155.305 38.8305 174.469 5.73629 47.32 183.717 -52.5366 60.4577 188.618 -66.1032 78.4668 188.28 -58.013 95.9975 193.643 -39.2963 77.5322 207.092 25.8139 5.8814 3.84312 5.99179 
161.129 173.666 177.083 171.646 172.612 148.717 165.908 173.359 166.881 160.689 52.8727 176.396 4.84975 62.2879 185.531 -54.4445 76.8296 192.481 -68.6834 95.2261 193.479 -60.9861 113.273 198.894 -42.2395 92.5772 207.807 25.1642 5.55829 2.79797 6.02517 
160.886 173.13 177.666 172.466 172.714 149.335 167.486 174.569 167.147 162.273 67.357 178.668 3.3485 78.1802 187.992 -57.0562 93.4683 195.156 -71.2408 112 196.102 -63.1206 130.42 202.162 -44.3664 108.155 208.486 24.0557 5.9481 2.59132 5.60821 
161.28 173.551 177.867 176.137 176.572 149.783 169.329 175.581 171.609 169.305 82.2813 181.571 2.17576 95.3592 189.2 -59.2312 111.139 195.878 -73.2666 130.733 199.656 -66.15 149.786 207.12 -47.1902 125.146 209.35 23.2245 7.24775 2.10826 5.01043 
162.113 173.313 178.02 177.249 176.66 150.956 170.067 177.015 174.936 172.39 96.5103 182.059 1.96292 112.243 188.993 -59.7864 129.059 196.759 -74.3716 149.801 202.613 -67.7545 168.998 209.973 -47.7902 141.579 208.812 23.3027 7.49708 3.38278 5.46547 
162.944 174.472 178.238 178.443 177.265 152.054 171.347 178.679 178.371 175.504 110.997 181.829 1.94427 129.224 188.277 -60.0999 147.27 197.151 -75.2044 169.366 204.807 -68.6882 188.486 211.894 -47.4793 157.786 207.496 23.6218 7.6796 4.89358 6.06069 
162.93 173.282 178.651 178.612 177.891 152.385 167.378 179.116 178.819 176.134 128.731 184.39 0.370505 149.255 189.803 -60.1704 169.177 200.533 -75.776 191.989 209.073 -68.5688 210.779 215.648 -46.2731 176.054 208.074 23.7752 8.00827 5.91872 7.55468 
163.316 175.896 180 178.772 177.509 151.187 173.172 179.995 179.094 176.303 146.97 188.446 -1.77348 172.914 195.297 -64.639 192.323 203.117 -76.3697 214.71 211.865 -68.9217 232.921 218.351 -45.3755 194.206 208.191 23.2929 8.5051 6.23156 4.45233 
164.04 177.778 180 179.216 177.462 150.096 176.809 179.989 179.454 176.022 164.308 192.46 -2.30681 195.459 200.222 -66.5261 215.266 204.914 -75.2073 234.324 213.373 -67.0125 253.48 219.747 -42.7783 210.412 207.542 24.4176 8.97394 5.9304 1.70776 
164.852 178.161 180 177.977 175.741 149.089 177.459 179.985 177.944 174.245 180.729 194.552 -1.22911 215.528 203.854 -65.64 237.561 207.046 -73.4594 251.801 212.707 -64.1248 274.209 220.114 -39.1317 225.922 207.241 26.1282 11.1193 5.39484 0.428986 
162.079 178.778 180 174.372 168.878 144.534 179.568 179.976 178.106 169.575 199.2 194.469 1.49982 236.527 207.172 -63.4274 257.659 206.493 -69.7201 266.623 215.281 -60.7522 292.481 218.045 -35.8966 239.533 206.407 28.1926 10.7006 9.72016 3.26786 
164.102 175.059 180 174.27 170.626 145.53 175.697 179.953 178.05 169.711 217.052 197.247 3.45982 258.259 209.133 -58.5058 275.87 207.398 -65.01 266.463 210.261 -57.1906 311.914 217.364 -31.38 252.946 206.846 31.2318 27.0928 22.3115 5.34835 
178.026 163.427 173.824 171.023 179.238 172.942 168.083 171.704 168.398 173.63 251.494 199.475 3.64686 335.527 217.591 -39.482 305.8 211.869 -54.4234 274.253 210.168 -48.8887 309.643 234.069 -19.2247 276.499 215.759 39.5994 44.4252 7.74228 7.89639 
160.97 174.27 173.519 171.165 168.526 137.864 178.12 174.154 170.34 163.771 323.169 257.817 33.5066 356.596 223.913 -24.2659 322.081 212.111 -48.3247 293.31 211.52 -43.1299 300.924 233.461 -22.6875 287.929 216.117 45.0299 26.259 5.5961 19.2048 
162.487 170.837 175.303 174.075 114.626 143.749 176.772 172.494 172.22 145.39 347.721 277.631 47.0059 371.794 232.836 -21.7965 351.187 226.407 -42.844 328.674 220.921 -40.5768 293.359 228.229 -18.8664 315.03 224.575 52.2068 12.5263 2.33119 5.69956 
164.436 174.977 174.549 174.172 169.194 148.477 172.139 169.471 171.272 128.951 360.532 279.468 50.346 380.381 235.853 -25.0233 366.301 228.86 -39.1076 344.186 224.148 -37.8814 306.575 235.739 -13.006 326.948 227.815 53.4798 16.7818 1.663 2.10208 
160.477 172.073 174.529 173.081 125.252 150.993 167.2 170.92 169.714 152.5 373.5 273.063 42.5403 393.736 239.53 -21.2161 379.413 232.457 -37.5692 357.375 228.593 -35.5407 325.087 236.748 -12.8512 342.329 231.195 55.9827 10.7294 1.13457 2.13869 
160.837 171.469 174.826 172.18 145.925 147.017 167.36 170.654 168.612 161.143 377.214 272.026 41.7232 398.458 240.991 -20.4597 385.501 233.823 -36.6645 362.958 229.882 -34.4451 331.889 236.565 -16.0524 348.959 232.732 56.4067 8.58284 1.40316 3.04077 
156.485 170.985 175.158 172.314 155.384 145.718 167.827 171.136 168.917 166.461 381.434 272.284 41.0221 403.388 243.666 -19.1384 391.478 235.911 -35.3384 368.085 231.39 -33.7921 337.847 237.38 -17.0206 354.646 233.873 56.839 7.48428 2.21802 4.21028 
156.752 171.789 176.983 173.855 170.199 139.99 170.098 172.429 169.926 166.18 384.928 271.244 43.8166 409.156 243.641 -17.4844 395.576 236.513 -34.4847 371.913 232.408 -32.9389 342.946 238.82 -16.0837 358.532 234.393 57.6951 6.84003 2.19531 3.12605 
166.57 169.86 177.256 171.152 178.51 137.538 171.089 174.875 170.262 160.463 387.328 269.838 44.333 413.458 242.314 -16.5913 401.885 234.97 -32.4814 374.787 230.672 -32.2858 346.049 238.101 -14.5727 361.791 234.709 58.3938 7.38722 4.38146 3.92742 
158.827 170.151 173.005 170.697 177.297 144.619 168.042 173.704 169.104 160.792 389.716 274.757 46.6356 416.781 243.65 -15.6149 403.763 234.359 -31.2104 377.68 231.252 -31.1736 346.218 237.969 -13.3916 364.126 234.216 59.6058 8.65236 3.38593 4.64391 
153.767 170.919 175.099 172.602 179.879 145.611 166.942 172.869 169.615 161.615 393.927 274.576 49.0701 418.621 242.462 -16.3997 405.365 232.962 -31.1384 382.009 231.751 -30.0388 351.47 238.998 -12.5373 367.162 231.932 60.2881 8.41727 0.944933 5.26616 
146.287 166.304 171.912 171.073 178.334 147.879 162.948 171.093 167.958 160.57 393.396 276.912 49.5994 420.169 244.06 -14.5489 406.386 232.196 -30.8457 382.215 231.385 -29.5279 350.996 238.932 -12.5028 368.492 230.796 60.5952 9.68589 1.63888 6.95548 
148.58 167.691 170.343 169.807 174.27 147.405 163.601 169.916 166.46 159.489 395.822 274.683 49.442 421.089 242.091 -15.2507 406.69 231.24 -30.691 382.922 231.309 -28.3913 353.319 238.726 -10.8189 370.055 229.703 60.946 8.88822 1.64831 6.09884 
147.836 168.491 171.823 170.409 174.27 145.949 162.897 169.221 167.446 160.731 398.431 273.566 48.6483 423.26 241.721 -15.0124 409.105 230.965 -30.4847 385.032 229.934 -29.2633 355.291 237.073 -11.1187 372.711 229.19 60.7937 8.26287 1.55513 6.3444 
148.919 166.939 170.876 172.036 174.27 145.764 161.962 170.458 168.119 161.757 398.832 270.175 46.6995 426.705 239.211 -14.814 411.774 228.094 -31.4201 386.723 226.835 -30.5834 357.54 234.477 -11.8065 374.915 226.733 59.9936 8.27581 2.37812 6.61891 
156.636 169.664 176.89 174.82 178.234 147.768 165.042 173.38 170.073 166.444 403.843 266.67 46.5639 427.717 235.572 -15.712 410.868 225.433 -32.061 386.725 224.567 -30.5374 358.854 229.902 -12.672 375.474 225.532 60.156 5.02945 1.61735 5.72769 
154.897 170.943 176.925 174.382 179.79 146.368 166.058 173.81 170.182 165.605 406.495 265.252 47.8415 426.475 232.948 -17.3824 410.038 223.318 -33.0614 386.263 222.709 -31.1153 357.342 228.304 -13.6614 375.498 224.194 59.9017 5.89065 1.29417 5.18493 
147.871 170.425 175.911 173.098 178.404 147.145 165.64 173.393 168.821 162.286 405.137 267.032 47.899 425.721 230.591 -18.355 410.171 221.76 -33.22 385.988 221.294 -30.9986 356.551 228.024 -13.6592 375.101 222.555 59.285 7.1869 1.5286 4.56954 
147.834 170.255 174.856 171.772 178.61 146.229 165.844 173.216 167.925 161.469 403.147 263.215 46.2891 423.542 228.668 -19.6758 408.149 220.017 -33.5768 383.653 219.797 -30.9948 354.016 225.593 -14.4825 373.773 220.745 58.8248 7.04906 1.81131 4.39238 
146.501 170.735 174.095 169.926 179.409 148.128 166.496 173.268 166.674 161.486 399.063 260.844 44.4171 420.286 226.399 -20.8358 405.049 218.666 -33.7403 380.028 218.872 -30.5483 351.347 223.831 -14.1994 371.61 218.674 58.7182 6.34508 2.3737 3.62834 
144.8 171.454 174.081 170.555 178.653 145.411 167.372 172.783 166.584 162.834 395.463 257.158 43.3437 416.951 224.974 -21.7772 401.872 217.888 -33.8564 377.075 218.107 -30.1417 348.945 221.51 -13.8235 370.159 217.252 59.2366 5.31382 2.28614 3.305 
131.993 172.338 178.79 173.471 176.386 148.048 167.716 172.729 166.793 160.082 400.903 259.579 46.4335 414.066 224.28 -22.0457 399.627 217.508 -32.8454 375.606 218.873 -28.4207 348.211 223.004 -10.5535 369.784 216.657 60.0172 5.27108 2.38537 3.77624 
127.385 172.209 180 173.251 173.038 149.563 167.956 172.775 165.834 157.318 400.764 260.106 46.0513 410.667 223.02 -22.4913 396.905 216.589 -32.6085 372.051 219.224 -27.6389 344.519 223.459 -8.23139 369.009 215.82 60.4322 6.24424 3.72946 4.1581 
128.424 171.553 180 174.68 174.122 149.08 167.352 172.839 166.828 159.589 400.093 258.079 45.1305 408.135 221.875 -22.6437 394.599 215.368 -32.4624 369.081 218.27 -27.0217 341.621 220.671 -7.33538 368.255 215.331 60.9253 5.36084 4.18593 4.54938 
170.92 170.571 180 178.414 170.63 154.475 168.558 177.237 169.473 154.11 401.508 252.519 44.0509 403.817 218.693 -24.0018 390.549 211.475 -32.0822 366.137 215.696 -27.2459 335.633 218.122 -5.91369 366.504 215.028 61.8887 8.78668 5.07032 4.84456 
138.336 166.988 180 178.999 170.664 156.716 170.391 177.582 166.454 151.331 398.633 254.691 47.365 397.564 218.791 -27.1566 390.367 212.116 -32.4375 363.507 215.923 -27.1862 334.708 219.776 -5.1896 365.396 214.971 61.1323 8.15065 6.09418 9.63629 
129.245 168.351 180 178.464 174.72 151.552 174.422 179.348 167.447 150.389 395.172 256.212 48.3553 386.462 217.46 -30.2337 390.178 212.467 -32.8452 360.533 215.843 -27.1782 331.15 219.968 -4.67431 363.598 214.862 60.3217 9.185 7.63097 18.324 
134.478 172.537 180 177.54 172.109 152.309 176.9 179.553 167.436 151.821 392.002 257.073 46.0981 381.262 216.494 -30.4582 385.447 212.797 -33.2576 355.852 215.704 -26.9413 326.874 220.03 -4.86895 360.575 214.5 60.6117 9.3483 7.49008 18.5699 
132.27 175.201 180 179.48 174.464 152.874 178.818 179.945 170.272 154.212 389.92 256.269 46.4275 376.017 213.837 -31.5463 383.298 213.696 -34.845 352.63 215.222 -28.0938 322.399 215.968 -5.41688 358.972 215.67 60.4301 9.98054 7.75325 21.2009 
168.415 175.862 180 178.784 175.135 152.169 178.597 179.918 172.894 151.663 377.194 253.615 41.3163 365.034 213.863 -33.3962 375.091 215.388 -37.0637 346.712 216.998 -29.1545 311.599 218.07 -4.78411 354.675 217.744 60.6126 15.7214 6.03344 22.9911 
159.706 177.139 180 174.758 173.491 150.142 178.27 179.881 167.72 165.698 381.519 254.672 47.8758 353.231 217.924 -36.9318 368.99 216.179 -37.5582 339.699 221.333 -27.6297 311.916 222.917 -6.17642 350.737 220.681 62.4509 8.32974 8.00968 25.1786 
163.616 177.513 180 173.45 174.996 152.685 177.942 179.87 168.496 168.269 378.619 253.56 47.9926 346.189 219.587 -38.668 365.609 215.275 -38.0223 333.838 221.977 -27.6949 306.603 221.944 -5.7242 346.694 221.213 62.5491 8.19588 10.4324 26.8113 
162.134 177.427 180 174.245 174.853 151.379 177.856 179.876 169.239 169.56 377.763 252.795 50.0341 343.216 220.872 -38.4769 360.823 215.103 -37.5501 329.357 221.907 -27.5623 303.445 221.256 -5.31548 343.009 221.733 62.8504 7.31151 10.0743 25.6803 
164.336 177.15 180 174.366 176.036 153.519 177.857 179.861 170.81 172.376 374.272 252.141 50.2379 337.71 221.529 -37.7778 356.272 213.705 -37.8801 325.099 221.527 -28.6114 298.595 219.315 -6.16727 338.8 222.312 62.521 8.23133 10.5309 26.3766 
163.291 176.771 180 174.847 174.953 153.982 178.011 179.861 171.093 171.595 372.913 253.187 52.4339 336.011 219.877 -36.6487 352.753 214.069 -37.2212 322.061 221.56 -29.3526 295.689 220.973 -7.68089 334.208 221.988 62.4227 7.52068 9.57906 25.8154 
164.15 177.192 180 174.915 175.324 154.27 177.835 179.858 172.26 171.755 368.955 255.295 54.0874 330.574 220.92 -38.8846 349.178 212.739 -37.5441 318.138 221.719 -29.7679 291.242 221.091 -8.17061 330.252 222.826 62.2246 8.00784 10.4597 26.4998 
164.207 176.631 180 174.804 174.93 154.905 178.093 179.872 172.05 168.895 359.711 256.672 53.506 324.933 221.259 -37.8463 340.016 212.775 -37.4223 309.919 222.646 -29.886 282.814 223.65 -8.2668 321.586 223.296 61.4039 7.81497 10.3833 24.89 
163.898 175.076 180 178.484 173.504 154.353 178.339 179.888 171.326 163.423 352.401 257.745 50.1771 324.687 220.012 -33.2962 333.517 213.115 -36.9669 304.831 225.4 -29.5588 280.422 230.826 -8.00289 317.638 222.809 60.4862 6.14582 10.9718 21.9586 
163.575 175.34 180 176.572 173.587 154.189 179.052 179.973 169.164 163.315 343.77 258.706 47.6628 328.161 217.898 -34.9351 321.09 213.161 -37.2681 292.28 226.599 -29.1815 268.417 230.794 -6.99486 309.285 222.678 60.1582 6.11882 12.0662 9.92527 
163.969 175.521 180 175.984 173.955 153.94 175.378 179.985 169.392 164.251 339.121 259.605 47.5541 325.84 221.546 -36.6467 315.264 212.665 -38.217 286.41 223.932 -29.4623 261.455 225.784 -6.35989 304.964 222.755 59.5974 7.15468 11.111 7.75589 
162.268 174.68 179.903 174.547 174.356 151.703 173.774 175.505 166.419 162.447 328.948 254.86 42.0936 321.621 218.084 -35.1335 304.712 215.509 -39.5581 275.314 225.474 -28.3784 254.006 228.328 -5.92532 294.974 221.033 59.2396 3.89018 10.1581 2.47936 
162.386 174.074 179.774 173.47 172.514 150.809 170.361 172.92 164.281 161.706 319.598 252.62 40.4251 312.164 217.968 -31.7939 293.085 218.264 -37.626 263.971 226.649 -25.4249 244.719 228.173 -3.44676 285.108 220.9 61.3334 2.12098 9.33267 2.53284 
162.844 172.692 179.698 175.645 174.327 150.624 170.355 173.996 169.881 167.693 315.538 255.484 43.6313 309.452 217.199 -29.8267 290.809 217.027 -36.2273 261.52 224.09 -25.9211 238.958 223.407 -2.60581 281.957 221.915 63.2213 6.55111 8.37272 2.08427 
162.833 172.294 179.592 177.361 174.846 151.522 170.366 173.492 170.566 167.523 312.154 254.039 42.9152 303.093 217.112 -28.3711 284.401 217.272 -35.3974 255.372 223.193 -25.0574 234.244 222.599 -1.51392 276.929 222.251 64.417 5.59093 7.79224 2.44253 
163.351 171.941 179.637 177.314 174.443 151.695 170.132 173.371 170.237 167.193 306.495 252.837 42.5335 296.429 217.84 -26.378 278.08 218.465 -33.2626 249.536 223.484 -23.3908 229.586 222.926 0.132088 271.825 222.549 66.1999 4.5413 7.27805 3.16436 
164.45 172.121 179.663 176.91 174.023 152.57 170.437 173.43 169.899 167.066 300.138 251.159 42.2238 290.183 217.613 -24.5847 271.847 219.366 -31.2853 243.237 223.881 -22.1323 223.782 223.015 1.3842 266.026 222.535 67.8163 4.16613 7.21448 4.21033 
164.99 172.811 179.601 176.36 173.741 153.132 171.12 173.013 169.312 167.236 294.219 249.71 41.4607 284.34 217.562 -23.4753 266.065 220.85 -29.6735 237.47 225.138 -20.9292 218.899 223.254 2.43546 260.688 222.941 69.1344 4.28034 7.15568 5.50927 
165.17 173.312 179.416 175.506 173.539 153.347 171.637 173.082 168.449 167.307 289.005 248.173 41.8462 278.85 217.886 -22.2132 260.596 222.523 -27.9073 231.816 226.546 -19.6623 213.976 222.979 3.66129 255.131 223.666 70.5902 5.15274 7.23549 6.74378 
165.493 173.773 179.524 174.868 173.71 153.711 172.249 173.534 168.019 168.061 283.678 247.239 42.1366 273.571 218.405 -21.0519 255.425 223.715 -26.5506 226.052 227.661 -18.4211 208.553 222.477 5.05487 249.899 224.843 72.0203 6.51341 7.62973 7.37504 
166.159 174.163 179.496 174.412 174.156 154.256 173.054 174.716 168.528 169.347 278.963 245.871 43.0076 268.195 219.47 -19.7117 249.657 224.09 -25.6598 220.231 227.905 -17.2775 202.178 221.758 6.49756 244.482 225.976 73.4753 7.62943 7.61923 6.82164 
165.865 174.328 179.558 174.058 174.207 153.442 173.695 175.264 168.846 169.796 274.533 245.923 44.7526 261.822 220.457 -19.1927 242.434 223.919 -24.9619 214.42 228.134 -16.6174 195.956 221.052 7.60515 238.28 226.552 74.4506 8.38677 6.84615 5.97577 
166.087 174.458 179.483 174.064 174.613 153.424 173.989 175.553 169.251 170.464 268.226 245.614 44.7824 255.53 221.148 -18.8324 235.981 224.062 -24.5019 207.918 227.901 -16.0054 189.064 220.688 8.52578 231.727 226.856 74.9718 8.73748 6.76827 5.5065 
166.462 174.794 178.583 175.014 174.836 153.892 174.55 175.317 170.763 171.55 260.882 247.07 43.6767 248.657 221.804 -18.9752 227.405 223.308 -23.8379 200.513 225.649 -15.5453 180.964 219.137 9.7786 225.283 227.288 75.2787 8.63036 5.67184 4.82878 
166.914 175.324 179.254 175.76 175.135 154.148 175.021 176.051 171.643 172.069 252.851 245.333 42.8298 241.125 222.395 -18.8168 219.104 222.034 -23.2547 192.873 223.795 -14.5886 173.106 217.512 11.6655 218.48 227.488 75.8439 8.84287 5.2069 3.90739 
167.107 175.396 179.626 177.29 174.408 154.026 175.09 176.675 171.47 171.225 244.794 244.077 41.5767 232.566 223.415 -19.2887 210.679 221.316 -24.1684 185.702 222.125 -14.3107 166.492 216.208 12.7399 211.908 228.124 75.6197 8.43649 4.36655 3.07643 
167.925 176.159 179.662 179.098 174.516 154.844 175.509 177.059 171.962 171.346 235.357 243.174 39.3043 224.91 224.868 -21.1009 202.448 220.595 -25.2866 179.256 220.801 -14.8731 160.385 215.644 13.0734 205.432 229.236 74.7116 7.94067 3.18662 2.41161 
172.465 179.08 179.901 176.99 174.278 162.811 178.452 173.737 170.995 165.585 183.944 236.754 40.7525 201.996 231.925 -22.672 182.853 217.412 -22.5235 165.605 210.143 -13.9708 153.33 201.807 15.9436 190.831 233.329 72.8264 3.90532 2.76688 3.48263 
173.854 174.269 175.545 175.067 175.42 168.442 177.978 174.709 174.88 173.64 171.524 220.719 25.089 159.02 219.533 -30.4959 175.715 214.641 -39.1308 194.508 216.4 -30.247 216.379 213.502 -7.25545 184.577 231.403 59.9974 4.61663 1.65653 5.37363 
153.011 179.758 179.223 166.854 177.024 162.681 174.279 176.434 172.796 177.658 163.538 252.396 28.0569 143.857 234.89 -34.6792 169.85 232.176 -44.8718 182.83 224.847 -35.2528 163.13 205.75 -3.08682 171.242 233.272 56.5942 36.6734 5.86169 4.46253 
151.27 176.31 180 172.477 176.055 145.095 179.002 180 173.391 179.465 130.14 235.046 24.6682 146.419 225.615 -41.5959 168.083 231.072 -49.3957 183.492 227.463 -38.4633 172.195 225.462 -11.6054 166.003 235.394 51.7167 27.0981 3.40895 4.02945 
157.514 175.645 179.649 175.061 172.522 145.834 178.909 179.409 177.06 174.983 112.203 223.547 21.561 140.691 222.176 -40.5439 161.204 227.919 -50.339 180.418 229.159 -40.028 186.934 231.75 -15.8441 159.243 235.351 49.9418 11.7134 2.5888 4.95596 
161.367 174.883 178.849 175.449 170.708 147.499 177.894 178.321 178.045 171.458 100.107 214.775 21.311 133.843 217.136 -37.7473 153.486 225.64 -49.5579 174.4 232.348 -40.1477 189.113 237.41 -15.9592 152.011 234.749 49.1578 8.3432 5.78327 6.9344 
