169.004 164.154 166.793 165.267 163.263 159.661 151.723 158.37 156.67 149.211 -90.8305 227.162 -81.2533 -93.7337 234.297 -124.904 -72.1392 235.7 -141.955 -47.6861 228.43 -135.922 -28.0989 223.51 -115.077 -48.9875 255.281 -54.7702 6.10359 4.98137 6.8735 
168.42 164.471 167.142 166.223 164.159 158.502 152.344 158.453 157.268 150.318 -94.751 228.198 -81.1985 -98.1641 234.987 -125.147 -77.2659 235.854 -142.074 -52.7654 229.078 -136.678 -32.7232 224.519 -116.398 -52.7566 255.724 -55.1823 5.46319 4.58465 6.15487 
167.592 164.247 166.918 165.911 164.123 157.585 152.24 158.186 157.004 150.156 -96.6206 228.157 -80.4592 -100.365 235.345 -124.533 -80.0226 236.201 -141.562 -55.5113 229.369 -136.571 -35.3445 224.523 -116.625 -54.1558 255.467 -55.1322 5.45402 4.46455 6.04136 
167.358 163.974 166.242 165.354 163.513 156.992 152.053 157.198 155.987 149.308 -98.6524 228.396 -79.9069 -102.402 235.428 -124.128 -82.3331 235.975 -140.893 -57.9578 229.472 -136.193 -37.4761 225.146 -116.756 -55.8787 255.667 -55.1734 5.06413 4.26262 5.58481 
165.718 162.495 162.762 161.822 161.662 158.443 148.475 151.106 148.843 141.317 -99.7425 224.017 -73.2574 -106.68 232.798 -115.945 -88.1341 231.97 -133.531 -64.1035 225.121 -130.492 -42.125 222.691 -113.52 -54.506 255.075 -54.6061 5.02339 4.56838 5.17517 
164.994 161.251 163.061 160.524 160.029 158.299 146.775 149.726 146.306 138.855 -95.8236 223.199 -73.0593 -103.747 232.024 -114.88 -85.2674 230.876 -132.414 -61.2541 224.18 -129.402 -38.9062 222.712 -113.162 -50.8773 254.759 -54.6355 4.38898 4.71167 4.89982 
164.667 160.707 162.901 159.517 158.477 158.389 146.456 148.518 145.038 137.812 -90.652 221.681 -72.7086 -99.4594 231.382 -114.431 -80.7155 229.13 -131.245 -56.7959 222.682 -128.473 -34.3008 222.021 -112.727 -45.9726 254.025 -54.4631 3.88556 4.65268 4.20349 
164.794 160.542 162.618 159.143 157.652 158.957 146.794 147.637 144.423 137.506 -84.8677 220.052 -72.8206 -94.4455 230.587 -114.312 -75.2024 226.987 -130.258 -51.3395 221.022 -127.868 -28.7495 221.142 -112.617 -40.2785 253.072 -54.395 3.36197 4.42988 3.94072 
164.826 160.358 161.86 158.754 156.717 159.338 147.255 146.296 143.795 137.086 -77.8738 217.894 -73.0043 -88.2699 229.486 -114.511 -68.1924 223.88 -129.098 -44.5276 218.667 -127.076 -21.8814 219.742 -112.336 -33.5866 251.72 -54.3453 2.74033 3.9829 4.69828 
165.155 160.229 160.777 158.456 155.975 159.983 147.924 144.941 143.414 136.931 -70.009 215.958 -73.3542 -80.7819 228.259 -115.093 -59.5937 220.414 -128.145 -36.17 216.29 -126.562 -13.5261 218.347 -112.261 -25.7838 250.469 -54.5175 2.12933 3.29551 6.56755 
165.883 160.179 159.671 158.498 155.626 161.046 148.421 143.5 143.163 136.892 -61.1554 213.723 -73.8243 -71.9792 227.115 -115.766 -49.4417 216.65 -126.964 -26.4349 213.7 -125.851 -3.98273 216.756 -111.896 -16.8714 249.029 -54.5635 1.59717 2.46647 9.20179 
166.593 160.077 158.666 158.409 155.657 162.17 148.461 142.218 142.81 136.915 -51.3964 211.567 -74.7 -61.8773 225.471 -116.766 -38.5177 213.046 -126.158 -15.6423 211.334 -125.513 6.69114 215.369 -111.912 -7.19622 248.035 -55.152 1.05711 1.90357 11.2191 
167.859 158.979 157.056 158.301 155.809 164.061 146.205 140.474 142.387 136.709 -40.3213 207.525 -74.8962 -48.868 219.874 -116.36 -25.6302 207.471 -124.529 -2.83592 207.048 -124.522 18.937 212.053 -110.959 3.9786 246.003 -55.7406 1.19649 1.81185 11.1232 
169.075 157.561 157.033 158.902 156.683 165.847 144.371 140.433 142.969 137.169 -27.9778 203.177 -74.2165 -34.521 213.939 -115.301 -11.6903 202.828 -123.612 11.3457 203.675 -124.001 32.7663 209.539 -110.215 16.0977 244.049 -55.9568 1.19907 2.38375 9.76585 
170.049 155.292 156.879 159.133 157.292 167.174 141.841 140.505 143.255 137.217 -14.8708 199.894 -74.3064 -18.8934 208.862 -114.989 3.26306 199.502 -123.832 26.7206 201.308 -124.237 47.7532 207.876 -110.038 28.9582 242.637 -56.6053 1.15015 3.01218 7.86392 
171.763 155.453 158.215 160.376 157.887 169.067 142.281 142.163 144.598 137.156 -0.940072 196.107 -74.2884 -2.64878 203.797 -115.845 19.5987 194.604 -124.347 43.427 197.011 -124.097 63.7686 204.254 -108.646 42.9697 240.483 -57.26 1.87136 3.24361 7.49054 
173.468 155.87 160.177 161.853 159.216 171.3 142.058 144.817 146.449 138.467 14.1282 192.165 -73.148 14.8576 199.005 -115.089 36.4749 191.899 -125.21 60.8822 194.877 -124.015 81.2301 202.638 -107.761 57.9533 238.416 -56.7613 1.65827 3.57864 5.22295 
176.351 158.026 162.87 164.507 159.713 174.601 143.463 146.752 149.4 140.798 43.5535 186.271 -73.6293 50.1157 191.137 -116.082 72.1507 183.774 -124.822 96.9035 189.832 -123.996 116.794 200.759 -107.725 87.2941 233.637 -56.0607 1.41831 5.32749 5.14361 
176.925 158.993 163.068 164.742 161.502 174.491 144.026 148.095 150.451 143.014 61.5919 186.091 -74.6006 72.0268 189.317 -117.581 94.3238 182.398 -125.986 119.113 188.794 -123.731 138.983 200.27 -107.155 106.114 231.538 -54.9669 2.96787 5.37396 4.77249 
176.404 160.575 163.184 164.57 162.273 173.363 146.312 149.841 151.098 143.515 79.5148 185.903 -76.0753 93.3958 189.055 -120.447 116.573 182.257 -127.78 141.097 188.036 -123.185 160.776 199.699 -105.57 124.538 229.379 -53.7193 3.99598 4.73795 5.27359 
175.822 162.431 162.548 163.092 164.997 172.368 148.267 149.512 149.965 145.3 97.8052 186.215 -76.7142 115.398 189.4 -122.285 139.16 182.449 -127.569 163.164 187.64 -121.465 183.496 200.478 -104.309 143.255 227.796 -52.2166 6.98452 4.36532 6.01327 
174.672 163.264 162.197 161.153 166.149 170.895 148.086 146.649 147.367 144.349 117.36 187.692 -76.8958 138.067 191.04 -122.737 162.035 181.931 -124.454 185.567 186.948 -117.542 206.668 201.438 -100.672 162.563 226.992 -49.7188 10.1455 4.39448 8.36329 
173.717 165.93 160.287 158.609 164.354 169.815 148.544 143.816 144.331 141.691 136.823 189.391 -77.1059 161.874 192.624 -123.094 185.704 182.085 -121.476 208.632 186.932 -113.157 230.091 202.572 -95.8202 181.935 226.12 -47.196 12.7069 4.30148 10.3551 
172.77 166.246 159.415 157.826 163.204 168.835 148.145 142.195 142.923 140.422 156.298 190.246 -76.1087 185.853 192.976 -120.773 209.416 182.181 -117.765 231.786 187.431 -108.14 253.327 203.621 -89.3457 200.796 225.104 -43.5824 14.8241 4.67959 10.411 
169.814 169.296 158.336 156.914 161.589 166.589 146.514 140.965 141.904 138.83 177.969 192.521 -73.4797 209.803 194.823 -116.886 233.621 183.835 -112.682 255.417 189.667 -101.688 276.483 205.463 -80.9568 219.868 225.244 -38.786 16.088 5.25657 10.5497 
166.925 169.176 158.481 156.361 156.732 164.96 144.982 141.265 141.586 134.481 198.703 195.605 -68.2511 233.365 197.572 -111.469 258.369 186.93 -106.394 279.567 192.846 -93.3865 297.906 206.894 -70.1577 239.437 227.004 -32.734 14.3592 5.47947 10.4934 
166.481 167.655 158.752 156.19 154.61 165.039 145.122 140.842 141.302 131.393 217.058 197.088 -62.3562 254.064 197.792 -103.132 278.672 189.319 -98.5101 299.905 195.445 -84.1052 315.703 207.483 -58.8549 256.7 228.272 -25.3751 12.4669 6.37857 7.83234 
166.688 164.519 162.456 157.262 155.32 164.702 141.902 142.443 142.021 129.71 233.068 198.373 -54.1613 272.925 198.133 -93.4815 299.006 192.536 -90.1572 319.982 198.337 -73.6698 333.294 208.608 -46.2131 272.675 229.967 -17.07 10.9119 6.75698 5.90716 
168.935 162.215 162.948 158.429 158.183 165.454 139.231 143.569 143.358 129.982 247.934 199.453 -46.2945 290.239 199.06 -84.2179 317.64 196.658 -81.8915 338.397 201.566 -63.3466 348.452 208.682 -33.6236 287.291 231.637 -8.70074 8.51024 7.29368 6.03786 
168.88 157.267 162.888 155.973 155.959 164.06 135.783 143.569 143.88 132.402 263.513 201.448 -40.0556 307.773 198.033 -74.4804 336.311 198.709 -72.1388 355.728 204.083 -52.7314 363.283 209.76 -22.0758 300.718 233.464 -0.765066 7.99528 7.52249 8.27753 
163.547 155.917 161.475 159.902 174.283 158.09 129.159 140.703 144.866 128.921 279.107 201.48 -31.8703 322.716 201.054 -65.3594 352.003 201.32 -61.9526 371.044 205.468 -41.9722 374.613 209.696 -10.941 313.667 236.828 6.36903 5.89298 7.78683 9.55877 
162.414 150.724 145.926 165.74 174.27 155.738 123.518 131.837 139.65 118.82 295.436 203.204 -25.5744 336.524 204.534 -56.5614 361.781 202.043 -49.9112 380.682 204.329 -31.134 381.418 207.469 0.73328 325.657 240.27 12.9563 6.21271 7.79858 6.4918 
162.285 145.659 150.053 162.794 174.27 156.427 122.583 132.593 136.695 112.007 309.021 205.37 -19.537 348.702 208.596 -48.5713 371.857 203.946 -41.7393 387.296 203.099 -20.9669 384.222 206.767 11.3535 336.108 243.977 20.2809 7.76643 5.39413 4.84269 
164.074 144.144 152.804 179.856 121.997 158.105 125.201 130.984 137.437 101.039 328.484 210.682 -11.3963 368.607 212.953 -36.3148 383.335 204.434 -25.955 394.924 200.599 -6.04251 387.723 208.79 31.3095 351.158 248.465 32.4115 14.1333 2.74522 3.09556 
166.3 143.764 161.629 158.298 127.982 159.643 127.252 132.47 130.226 101.01 334.24 212.579 -7.67289 374.874 216.252 -31.592 387.275 205.589 -20.0037 391 199.956 2.66993 387.032 208.302 38.6955 355.351 250.647 38.1973 12.8415 6.21545 5.52758 
169.419 141.553 180 165.408 116.786 160.698 127.324 134.002 134.197 101.833 340.333 214.933 -3.24689 380.669 218.259 -26.8094 395.345 207.919 -15.1325 397.73 201.462 8.38527 392.308 209.98 45.6 359.722 252.021 43.0652 14.2083 7.57566 4.41931 
168.483 139.457 180 177.271 122.07 160.284 130.92 139.336 140.788 104.993 343.903 218.107 0.461047 385.348 220.78 -24.1549 400.141 209.745 -13.0013 402.974 202.856 10.3977 396.373 210.313 49.0109 363.635 253.919 47.2495 15.5717 7.25058 4.70391 
168.457 134.925 161.4 175.407 122.706 161.011 136.061 138.917 145.33 113.736 344.795 220.742 2.60938 388.623 224.176 -23.3128 400.611 209.941 -10.1032 406.325 204.046 12.1926 400.8 209.825 49.9204 366.217 254.954 50.3569 14.0102 4.80469 9.15668 
167.164 128.972 156.745 143.573 127.499 158.213 143.826 142.111 154.632 122.366 350.652 221.914 9.01974 393.927 229.129 -21.6978 403.145 211.464 -7.08634 408.928 206.052 14.2837 402.241 209.177 50.0226 368.25 255.777 54.5381 13.5039 3.87334 13.5223 
166.191 137.604 156.907 152.597 139.45 157.876 145.353 144.604 158.466 130.109 351.161 221.62 10.7481 395.016 230.58 -22.4682 404.023 211.52 -7.65751 411.838 206.752 13.6386 405.771 207.779 48.4183 368.418 255.722 55.5926 11.9323 2.50382 14.2814 
166.642 166.124 156.71 162.3 124.795 161.038 148.36 139.57 142.51 118.031 346.025 220.393 8.71451 391.49 231.209 -24.7366 399.905 210.649 -8.86143 411.177 208.027 13.2321 404.765 210.629 48.9479 365.258 254.009 55.8786 10.5855 3.82631 15.2084 
166.536 166.348 153.701 155.983 115.657 161.279 147.022 138.073 140.3 108.055 344.644 220.344 8.08868 390.452 231.53 -25.3168 397.905 210.766 -9.07538 406.65 206.817 13.2902 400.674 212.592 48.5911 364.646 253.676 55.1072 9.70217 2.5036 16.2058 
166.889 165.831 155.345 158.441 126.014 161.747 145.593 138.832 141.559 107.553 342.901 220.426 7.2204 388.34 230.753 -25.8147 396.584 210.806 -10.7795 406.188 206.92 11.1947 399.907 212.014 46.9472 363.917 253.441 54.2454 10.6454 2.53457 15.075 
167.071 163.894 156.767 163.519 107.068 161.588 143.109 140.951 143.508 107.844 341.103 220.155 6.75496 386.201 231.285 -27.1443 394.957 210.738 -13.0199 406.39 207.66 9.36836 399.768 213.745 45.5804 362.478 252.681 53.4658 10.045 3.56835 15.5779 
166.809 164.183 156.084 159.852 109.498 161.54 144.257 138.881 141.266 104.695 338.887 219.081 5.16562 385.723 231.403 -28.864 392.956 210.359 -14.3105 404.583 207.629 7.90693 398.363 213.27 44.3704 360.664 251.46 52.0946 10.1028 3.51718 17.0637 
167.068 163.8 154.525 154.274 111.198 161.33 143.591 138.485 138.457 105.483 337.098 217.295 3.68451 383.704 230.838 -30.398 391.016 210.054 -15.7991 402.055 206.003 7.70166 396.84 211.152 43.149 358.688 250.197 50.5498 9.49026 4.20434 16.8413 
166.935 164.573 152.588 157.319 118.262 161.409 145.356 138.801 145.598 95.7848 334.942 215.85 1.35843 384.269 231.53 -32.9877 392.96 211.54 -19.7249 406.618 208.224 2.8 393.795 209.834 41.9451 357.003 248.867 47.4498 18.8246 5.37272 15.5572 
167.089 163.608 152.719 153.801 131.832 161.66 146.317 138.901 142.025 89.8485 334.77 216.807 -0.534014 385.589 232.451 -33.8634 394.12 212.216 -20.7202 404.582 207.775 1.55315 389.458 209.017 41.248 356.88 248.739 45.9106 23.8986 3.27685 15.8787 
164.615 161.052 166.496 142.661 140.527 160.183 153.337 143.069 132.342 90.0263 332.455 217.737 -6.80501 387.429 234.337 -38.4034 395.734 212.826 -24.8751 396.671 203.422 0.146917 380.326 204.592 38.6683 353.939 247.911 40.3395 29.1347 9.49181 16.4394 
163.533 158.885 179.036 128.424 136.617 159.465 154.461 142.524 122.896 90.3183 331.528 217.009 -8.01513 386.767 234.241 -39.3857 393.73 211.918 -25.5168 391.18 202.65 2.57024 378.849 204.144 37.8375 352.599 247.533 39.0356 25.2179 13.0292 17.7029 
163.239 157.846 180 127.703 134.175 158.958 155.329 140.736 126.729 91.1602 330.759 216.403 -8.71335 384.953 233.833 -40.8098 391.376 211.139 -26.1023 391.608 202.945 0.491792 377.925 203.887 36.9098 351.176 247.388 38.0385 26.5089 10.1093 18.356 
163.486 156.899 177.265 139.429 123.652 158.872 155.076 140.165 131.947 92.7246 330.055 215.983 -10.1537 382.838 233.27 -42.1391 389.584 210.858 -27.504 392.937 203.248 -3.26914 379.172 204.267 35.2361 349.98 247.247 36.867 25.4739 6.86671 17.912 
163.365 155.52 173.795 139.11 124.849 158.383 153.857 138.623 131.297 97.4789 329.268 215.476 -10.5696 380.036 232.295 -42.877 386.265 209.694 -28.1063 391.076 203.18 -4.20427 379.407 203.314 33.2104 348.734 247.364 36.0619 22.6918 5.462 18.275 
163.721 154.786 168.863 142.689 126.727 158.366 152.032 138.762 136.076 99.5193 327.534 215.203 -11.1026 375.729 230.77 -43.6165 383.336 209.33 -29.4513 391.093 203.608 -6.92728 377.494 202.591 31.7371 346.771 247.261 35.3136 24.5946 3.23398 16.4723 
163.418 153.872 165.962 142.105 129.703 158.059 149.896 138.15 134.331 101.913 325.722 214.264 -11.4664 372.239 229.26 -44.1444 380.569 208.731 -30.5454 388.468 203.219 -7.63297 376.144 201.773 29.9271 344.972 247.119 34.2579 23.1208 3.33392 15.2315 
162.918 154.364 164.205 144.258 131.124 157.834 148.751 138.067 134.55 103.803 323.536 213.298 -12.2144 369.725 228.38 -44.8866 379.098 208.837 -31.8195 387.116 203.208 -8.90376 375.246 201.235 28.2713 342.555 246.624 33.2041 22.1015 3.35931 13.9057 
162.997 157.407 161.096 153.696 152.315 157.511 148.639 139.783 138.54 116.028 320.47 212.57 -12.7145 366.027 227.628 -45.7908 378.438 211.06 -33.3682 387.2 204.713 -11.1719 377.743 201.199 24.093 338.319 247.293 32.2762 16.3591 3.21224 9.97094 
163.42 158.4 158.493 156.259 158.276 158.238 148.836 140.475 139.665 118.762 319.092 213.443 -14.4964 365.86 228.088 -46.4735 379.605 213.507 -34.2748 388.254 206.771 -11.9443 379.048 203.344 22.7141 336.72 248.022 31.4793 14.4215 3.45492 8.02017 
163.23 159.785 158.472 158.679 150.749 157.769 148.413 142.258 139.932 120.771 315.859 213.119 -14.2829 362.273 227.328 -47.0028 377.694 214.578 -35.7628 385.761 206.904 -12.6102 377.351 203.87 22.2316 334.275 248.719 30.7662 13.9608 4.46448 5.87034 
164.307 160.575 158.099 158.757 143.372 158.505 147.644 142.623 138.358 118.994 312.666 213.701 -15.5184 359.141 226.792 -47.1798 375.06 214.848 -36.5813 382.409 207.014 -12.8026 374.507 204.864 22.0747 332.124 249.627 29.976 13.9081 5.09431 4.98518 
164.883 161.454 158.235 159.591 139.618 158.863 146.923 142.712 138.367 118.101 311.259 215.078 -16.784 357.301 227.224 -47.664 373.573 216.074 -37.7191 380.923 208.222 -13.7821 372.668 206.473 21.0782 330.697 250.894 29.076 13.9747 5.23541 4.08034 
165.605 161.842 158.432 160.424 137.445 159.278 146.491 143.295 140.738 122.675 309.127 215.692 -18.4694 354.544 227.397 -48.1389 371.009 216.794 -39.3463 379.658 209.615 -15.837 372.211 207.419 18.7626 328.385 251.47 28.0212 12.6972 4.52728 3.12836 
166.716 162.715 159.822 161.456 143.162 160.041 145.179 143.515 142.175 127.462 306.124 217.698 -20.9667 349.869 227.135 -48.3678 366.563 217.849 -41.098 376.597 212.19 -18.0661 370.755 210.989 14.7613 324.786 253.63 26.2296 9.521 3.91023 1.80061 
166.589 162.502 159.896 158.865 140.614 159.569 143.789 142.148 139.198 124.332 304.929 218.924 -20.9702 346.895 227.58 -48.5683 362.632 217.552 -41.3101 372.192 212.48 -18.1476 368.235 213.094 14.1744 323.354 255.47 25.5185 7.92838 3.67328 2.85568 
166.333 162.767 160.202 156.21 139.936 158.196 143.002 142.246 137.213 121.375 304.029 219.97 -22.2723 343.29 230.001 -50.4943 357.405 218.816 -42.9535 365.162 213.765 -19.5157 361.503 216.014 11.3682 319.213 258.261 23.0714 6.85505 3.70345 4.60739 
166.009 163.334 160.452 157.694 140.958 157.456 143.961 143.484 139.706 122.964 303.822 220.778 -23.129 341.098 231.695 -52.2048 355.481 220.847 -44.8618 363.365 215.509 -21.8613 358.662 217.435 8.87813 316.645 259.552 21.6832 7.35724 3.4488 4.20637 
166.106 162.97 161.092 159.652 145.231 157.34 144.036 144.792 141.715 127.082 301.952 221.493 -23.7839 337.498 232.511 -52.7712 351.967 221.777 -46.2566 360.065 216.548 -23.8208 356.433 218.541 6.21553 313.889 261.29 20.5192 6.1621 3.04376 3.95683 
166.104 163.134 161.245 159.639 146.111 157.181 144.379 145.486 142.253 127.734 300.14 222.038 -24.3169 334.099 233.901 -54.003 348.456 223.144 -47.6688 356.141 217.521 -25.1361 352.424 219.29 4.95114 311.013 262.951 19.2891 6.81314 3.37883 3.98042 
166.146 163.457 161.721 160.734 148.362 157.55 144.863 146.302 144.068 131.026 298.151 222.839 -25.6357 330.419 234.857 -55.1766 344.968 224.405 -49.0591 353.678 219.448 -27.1069 350.794 221.207 2.40902 307.913 264.48 18.0041 5.51224 2.56956 3.68174 
166.257 163.514 161.794 160.723 148.246 157.523 146.355 147.897 145.547 134.328 295.559 223.373 -26.3238 326.671 235.738 -56.7734 341.195 225.581 -50.8371 349.542 220.426 -28.7435 346.508 221.651 0.5764 304.474 265.734 16.7401 6.17452 2.75952 3.60966 
166.111 162.815 162.391 161.539 148.465 157.718 147.834 149.975 147.64 134.843 289.679 224.977 -27.9916 318.85 237.274 -59.0987 333.174 227.046 -53.6987 341.769 222.574 -32.1613 338.717 223.676 -2.25082 297.289 268.073 13.9956 6.95827 2.17555 3.93713 
166.416 162.696 162.911 162.613 148.786 158.519 147.423 150.852 149.258 135.857 286.05 225.324 -29.5772 313.669 236.886 -59.3816 328.493 227.293 -55.024 337.866 223.664 -34.2646 334.869 224.92 -4.28822 293.5 269.024 12.6923 7.0206 1.34874 3.56266 
166.554 162.72 163.763 164.018 151.324 159.278 145.79 152.173 151.696 138.164 278.304 226.942 -32.0104 302.31 235.74 -60.1635 319.264 228.221 -57.8249 329.793 225.475 -37.8968 326.707 226.846 -7.84987 285.602 270.934 10.2553 7.33166 0.97626 3.12368 
166.398 161.915 163.492 163.018 152.451 159.277 144.012 151.692 150.996 138.528 274.173 228.1 -33.0863 296.092 235.886 -60.269 313.802 228.285 -58.2436 324.199 225.563 -38.7109 322.071 227.442 -9.23727 281.439 272.013 9.2133 6.5658 0.638073 3.05296 
166.399 161.514 163.06 162.849 154.811 159.488 141.352 150.791 151.312 140.906 265.299 229.654 -35.8485 283.001 235.719 -61.4074 302.98 229.391 -59.9493 315.067 227.499 -41.4341 314.379 229.69 -13.2064 272.211 273.535 7.0023 4.79627 1.69391 4.11035 
166.18 161.499 162.459 162.655 155.217 159.097 140.088 150.394 151.545 141.599 260.562 230.076 -37.1328 276.586 236.766 -62.7225 297.816 231.138 -61.6075 310.296 228.807 -43.242 309.766 230.471 -15.3416 266.804 273.682 5.92745 4.43716 1.94033 5.11359 
166.094 160.257 161.698 162.075 155.767 159.125 137.709 149.757 151.051 141.351 255.615 230.66 -38.7006 270.053 237.663 -63.4654 292.401 232.335 -62.9875 304.95 229.646 -44.9178 304.916 231.228 -17.5012 261.854 274.134 4.75908 3.9839 1.82779 6.10112 
166.136 159.634 161.265 161.821 156.279 159.312 136.496 149.156 150.906 141.446 250.166 230.769 -40.1717 263.8 238.371 -64.3789 286.468 233.301 -64.4646 299.581 230.584 -46.6185 300.017 232.032 -19.39 256.527 274.381 3.76741 3.58578 2.15026 6.56413 
166.051 158.247 161.209 162.143 156.616 159.504 135.296 149.001 151.093 141.318 244.856 231.024 -41.5748 257.722 238.837 -64.7913 280.832 234.136 -65.8495 294.192 231.428 -48.2032 294.639 232.823 -20.9758 251.144 274.542 2.87644 3.70585 2.21915 7.30576 
166.275 158.874 161.444 163.033 158.235 160.117 136.195 148.558 151.413 141.899 238.517 232.08 -42.0981 250.726 238.632 -64.7517 273.598 234.288 -66.1229 288.376 232.145 -48.9425 289.317 233.526 -21.8168 245.685 275.054 2.47301 3.76425 3.14501 7.47805 
166.338 158.687 161.31 163.09 158.593 160.685 137.645 147.906 151.13 142.14 231.285 232.698 -42.2752 244.459 238.601 -65.2817 266.704 234.436 -66.2719 282.728 233.159 -49.3387 284.535 234.844 -22.3187 239.924 275.42 2.28369 3.3545 3.96863 6.7441 
166.386 158.954 161.049 162.915 158.52 161.051 139.193 147.092 150.618 141.634 224.296 233.108 -42.5319 239.225 239.367 -66.8 260.743 235.092 -66.9 277.476 234.371 -50.0643 279.648 236.16 -22.8759 234.368 275.862 1.85424 3.4387 4.34439 5.43353 
166.427 159.338 160.786 162.525 158.639 161.331 140.777 146.452 150.028 141.465 217.478 233.467 -43.0839 234.4 240.614 -68.7779 255.129 235.938 -67.8926 272.292 235.637 -51.1243 275.231 237.76 -24.0397 228.907 276.208 1.28264 2.81936 4.53694 3.89615 
166.526 160.421 160.774 162.509 159.041 161.421 141.861 146.322 149.652 141.421 210.589 233.742 -43.4618 228.885 241.625 -70.1786 249.683 237.26 -69.2806 266.88 236.837 -52.3331 270.397 239.109 -25.3049 223.355 276.548 0.74731 2.41424 4.30816 3.70232 
166.984 161.905 161.174 162.779 159.668 161.833 143.106 146.435 149.698 141.777 203.235 234.498 -44.0468 223.311 242.095 -71.0559 243.744 237.916 -69.9501 261.153 237.982 -53.1899 265.305 240.733 -26.3598 217.578 276.776 0.677446 1.706 4.42558 3.20967 
167.471 163.032 161.671 163.117 160.347 162.195 143.952 146.706 150.004 142.025 196.068 235.487 -44.973 217.673 242.176 -71.795 237.543 237.963 -70.4987 254.828 238.321 -54.0661 259.228 241.498 -27.3888 211.78 276.885 0.495582 1.58359 4.25568 2.65067 
167.952 162.994 161.92 163.138 160.435 162.558 143.917 146.639 149.785 141.825 188.899 236.298 -45.861 212.048 242.595 -72.2301 231.408 238.329 -71.1511 248.393 238.651 -55.0008 253.213 242.227 -28.5152 206.06 277.136 0.217537 1.43492 3.84577 2.44929 
168.379 162.624 161.856 162.683 159.867 163.059 143.764 146.09 149.172 140.919 181.171 236.759 -46.8666 205.913 242.975 -72.9348 224.843 238.589 -71.666 241.64 238.792 -55.7015 246.761 242.684 -29.2537 200.135 277.215 -0.0896354 1.48044 3.4867 2.05656 
168.581 162.054 161.708 162.373 159.316 163.211 142.83 146.237 148.9 140.525 173.764 236.641 -47.3225 199.357 242.881 -72.8321 218.787 239.664 -72.8648 235.282 239.365 -56.7973 240.789 243.296 -30.3155 194.197 277.168 -0.403726 1.37491 2.86743 3.22794 
169.566 159.672 162.413 162.724 159.565 164.349 140.762 147.515 149.656 142.013 165.334 235.403 -47.4437 192.051 240.335 -70.3446 212.37 240.581 -74.3422 229.616 240.735 -58.065 236.284 245.04 -31.6368 187.748 276.624 -0.328057 0.85352 3.34557 7.47363 
