155.06430444841467 179.28451703802907 173.34331404143128 173.6303498326346 171.33828992277438 162.5527908168087 178.75671790375975 179.80014993852916 179.93840892288966 176.75402224269553 0.33780124 -0.27775105 0.524377 0.40084824 -0.18060073 0.558517 0.43026111 -0.16919295 0.553948 0.45971256 -0.17466253 0.552095 0.49053213 -0.19464253 0.546011 0.44309917 -0.29808748 0.549027 7.910551628063897 7.38155629434981 7.49409021729984
166.38332768982013 179.39256930933718 170.24988808291417 176.3502953503845 177.96091157557174 165.16416369843537 178.96277855826114 174.78489821876602 178.22653246360287 179.76411030324542 0.3409348 -0.26578165 0.51848 0.39756773 -0.17864579 0.554058 0.41667905 -0.16403945 0.536003 0.43900024 -0.16840356 0.531492 0.47970769 -0.19048408 0.534293 0.44317793 -0.29518496 0.549433 13.824049465806484 2.9838968631100453 12.171415431138259
162.77272652762875 178.0158063964227 163.25492822159754 167.40159587449577 179.465139257425 179.36377028227105 178.7389651101775 175.76000200572324 166.61080835111997 179.07133407804187 0.3535548 -0.26735876 0.534578 0.39867837 -0.18082727 0.554113 0.41634608 -0.16818033 0.527107 0.43734692 -0.18006449 0.522922 0.46076379 -0.20506664 0.526448 0.4465915 -0.29898561 0.553348 7.093397633459683 11.266360199490071 22.210296907957655
164.09968775691303 167.05175288705004 168.78926158095112 169.51927774795703 179.33522560404273 175.5089264770695 177.8873363809957 173.14315315235038 145.9514315531055 174.26277682363292 0.34787421 -0.26729068 0.528256 0.39388076 -0.17864964 0.548233 0.41547352 -0.17049591 0.523805 0.43566 -0.19324504 0.517356 0.45842255 -0.2218147 0.522947 0.44785045 -0.29965655 0.555297 21.508944102324932 31.92945590658807 21.474499547212204
172.3894234025453 175.95531905033747 137.97693640296768 174.23088085858492 179.46765929424234 173.20950590876268 179.57396550947885 164.8972675948536 149.33804306033863 174.77315822100334 0.35357443 -0.26714701 0.535123 0.38694681 -0.17627235 0.542671 0.40943205 -0.18497144 0.505865 0.42960465 -0.19053523 0.510125 0.45497021 -0.22024689 0.51896 0.44909115 -0.30030381 0.557194 18.75966881897291 3.1400732015421884 48.73793544757618
155.6536687305013 176.99046066448346 124.46014939964762 140.00729044578452 179.44799807581916 175.5262179371167 177.795052656465 155.51625631269332 95.7256862420102 177.18881972544173 0.35320792 -0.26783732 0.536589 0.36390661 -0.17198658 0.514724 0.40798906 -0.1973474 0.509886 0.43778744 -0.22854229 0.514784 0.45325037 -0.2323708 0.52208 0.44946709 -0.30032151 0.558199 78.95164647910929 59.876497987482495 42.02923448670294
165.29374858141017 175.46825207763024 136.92102858347602 92.97739310012706 165.16132699892466 171.60687824675574 177.44234436835893 127.63552108109367 107.08065596419262 111.69536909530817 0.35568522 -0.27448544 0.544389 0.33420019 -0.17528169 0.483076 0.37488794 -0.20405062 0.472251 0.41149823 -0.23785706 0.491659 0.42554723 -0.23010449 0.485018 0.44480994 -0.29669407 0.551845 49.5570266951842 60.06300530582355 61.5822505067701
167.74205872761505 90.85926018716161 100.04265799701552 96.73073265391677 156.57025364476132 172.9119975815977 113.45240749589108 115.27815817085065 108.08013305321074 112.7664104384163 0.36396579 -0.27845945 0.551999 0.37939615 -0.24695847 0.502789 0.39249468 -0.25414961 0.493243 0.41944667 -0.25211952 0.500175 0.43384354 -0.24253487 0.493634 0.45039417 -0.29953029 0.557472 46.411834495620425 19.601854164944996 24.16810043100328
168.48362640706293 94.67215343879518 105.49514036994496 100.0726063918371 97.03870167430775 169.18796017252512 126.04527399046223 133.25513742035224 121.03707883256689 120.09459501414395 0.38086494 -0.27986358 0.554033 0.37880926 -0.25568924 0.485334 0.38854619 -0.26132411 0.472871 0.41548321 -0.25912374 0.48121 0.44570411 -0.26033954 0.491929 0.46998979 -0.3098903 0.559238 4.580457484127803 18.89428327643119 26.383001728902588
166.27465385439052 136.20051677544618 94.6200718218343 106.22302800904362 104.44075140670479 173.39096332132732 179.8532010251515 122.51445104673704 125.55000195836489 124.93348409188259 0.39411111 -0.30056354 0.558055 0.33365382 -0.23206487 0.48789 0.39152187 -0.26607079 0.477792 0.40941288 -0.26913269 0.480243 0.4408959 -0.268421 0.489268 0.4672849 -0.30763208 0.552869 11.768448312173838 11.791309438815022 86.64889974643145
170.51638776606524 110.31769737194857 93.86671599061889 99.17494280420414 96.18530769592019 170.7297875932015 133.49918281051882 138.2304935165409 166.71859169431085 127.84580582878192 0.40719891 -0.28212374 0.548146 0.34968847 -0.24869759 0.504403 0.38203262 -0.27416338 0.470361 0.39035264 -0.28735093 0.477204 0.43310576 -0.27458572 0.482089 0.46602855 -0.30964457 0.550861 43.03790413198083 24.45819530474481 71.49151951029785
164.8270096113439 118.99835542219392 81.07429911693389 99.87197917910431 101.24429564815004 172.07113152003487 96.34434385631606 138.7718320149102 153.37457401964548 121.574201708083 0.40710237 -0.29936318 0.548902 0.36969056 -0.27083584 0.52799 0.38106135 -0.27782514 0.481248 0.39788787 -0.29628346 0.486103 0.43603214 -0.2858984 0.484428 0.46855674 -0.31647942 0.543663 46.468280174639666 12.498983818683513 65.94473694268596
164.15597274343915 133.41159202658397 95.6594033782477 98.49480098876406 105.35466706179739 172.9520348736441 81.19631573769576 126.93230786319847 138.59250758111386 114.16052005085604 0.40481597 -0.30763727 0.545314 0.37674054 -0.28608604 0.537473 0.37623285 -0.28278371 0.486543 0.40663425 -0.30202703 0.490544 0.437902 -0.29721631 0.486477 0.4636186 -0.32311322 0.53759 33.074727294474535 20.617565670194377 62.11978818319394
166.6826972026061 177.72373960879926 76.96726501077403 99.64645576872626 94.54290179882253 164.7305760465814 60.02346298803395 151.95240510801852 126.85610953897958 125.89932467987128 0.35600201 -0.29555312 0.494413 0.33952635 -0.29159222 0.493847 0.34875314 -0.28112544 0.449159 0.37898191 -0.28242329 0.456793 0.40447078 -0.2791843 0.466507 0.43362141 -0.31556554 0.515886 9.097244729510203 21.43281135798291 69.67373767101141
164.50608294924032 175.65229043910844 90.10947691853428 112.76902079482313 97.68356347999433 178.6948359823636 68.39939652473954 144.75200236941782 118.89990347265794 124.09133240652577 0.35877039 -0.31053193 0.486834 0.35720642 -0.32247596 0.507903 0.37319068 -0.30842966 0.468514 0.40268088 -0.30687289 0.474383 0.42150232 -0.29489065 0.478816 0.43505307 -0.31786822 0.515049 9.340330823934766 15.288197755062727 46.38675292115838
163.0892168213482 168.37674897340804 84.3467352331536 101.95089755605332 87.11086509307033 169.73891656295805 76.20893221920673 152.57624523632887 131.56558334265677 137.9780533717958 0.39009899 -0.31454968 0.503492 0.34468673 -0.327729 0.490177 0.35255429 -0.30416083 0.440952 0.38293483 -0.30151425 0.447942 0.40119902 -0.29065707 0.453779 0.43842014 -0.32456725 0.515795 11.748583725631283 22.199824123989856 62.274742632190545
162.49361874744855 168.5230047229099 86.61944568621365 102.36368039128456 120.83310821849767 175.4863892221972 86.6270817439332 154.56741483265165 126.21849654027388 177.33381521146967 0.36353195 -0.31626903 0.510441 0.3386193 -0.33304604 0.481408 0.34135021 -0.29946072 0.422797 0.37305117 -0.2957696 0.429455 0.37213464 -0.3079751 0.433602 0.43702597 -0.32764451 0.512369 65.6718986353008 32.22705354653535 73.04302830995452
163.72234157853353 163.9487790931626 85.42256532904058 99.4751354185689 123.91675710211447 175.9856444719308 92.14190228741707 159.13257670635215 134.3813617917672 176.9183507190859 0.35602957 -0.31332528 0.499926 0.33594362 -0.33694335 0.469294 0.331956 -0.29383702 0.410383 0.36538321 -0.29068979 0.417967 0.37247314 -0.31064646 0.42552 0.43410481 -0.32666058 0.508156 59.117323783421476 29.138497941874235 85.78725081804099
161.2677240475533 161.8525187354478 89.50116821589624 103.0185930351054 139.2320634633531 172.19635659221643 93.34605624598238 157.48561190633902 133.96606661693824 177.6813500328744 0.35392713 -0.31679211 0.49432 0.33136268 -0.33479614 0.461594 0.32677431 -0.29428111 0.40184 0.36165985 -0.2912033 0.409369 0.36608875 -0.30816343 0.416859 0.43439256 -0.33419109 0.501395 63.60345809412899 32.61871444626288 89.39534298356668
166.2451529778612 172.08826501443176 87.09863370006285 82.85475260661293 86.31332086215598 178.52993041350996 82.6340341800846 156.09322992873305 144.39615758643663 179.3608344024961 0.33445315 -0.31300974 0.47536 0.33242278 -0.33695455 0.454409 0.32823401 -0.29577592 0.398708 0.35886927 -0.29205947 0.405746 0.36102697 -0.29816567 0.411311 0.4180572 -0.32625184 0.481012 51.11828536788445 28.452360340223134 71.0712185904678
166.92540355223574 174.9165329671962 88.66389335614964 86.5821439249871 78.53231233127151 178.5357996325463 62.79781870752144 149.3250570998734 152.85932541701513 179.95000653270108 0.33131689 -0.3028381 0.464092 0.34218418 -0.32595503 0.449982 0.34054668 -0.29001861 0.400327 0.36640941 -0.28638184 0.408286 0.37826591 -0.28916413 0.418175 0.4159412 -0.32265419 0.47739 35.1999434269636 10.24621385659168 63.04078087030866
166.02249774684026 175.58543893235424 98.05851925648219 100.89593821574886 75.77007518524583 172.68441817068094 52.42354972413097 156.14137308155009 146.30914963905437 179.5977154368457 0.32235206 -0.28991991 0.457328 0.34980702 -0.31146272 0.446074 0.34174112 -0.29002555 0.399754 0.3680258 -0.28845417 0.408091 0.39576063 -0.29501698 0.420104 0.41325659 -0.32200006 0.474392 11.042286066511359 7.51430034091297 71.20512645538649
171.74556317433547 174.40745231489183 57.92733050712773 60.67267948169276 94.3141499530903 166.84505275520146 66.36167311581261 147.34292676367983 148.1792229574637 138.66732241620682 0.32200399 -0.28659929 0.447838 0.33664269 -0.30305463 0.428823 0.33722432 -0.25757983 0.379987 0.36156911 -0.25964873 0.38724 0.37332092 -0.25914343 0.394658 0.40608015 -0.30332656 0.450474 40.12446048913821 12.97811280288175 76.5648963864945
165.89272837423593 76.1986533238849 101.85450665162809 67.14127081125173 173.3586994753769 170.6324109231828 179.8957336879521 131.0253500140706 179.88866577826306 53.994193406029176 0.33488683 -0.29179841 0.45844 0.31755261 -0.25954916 0.386476 0.33186742 -0.25535615 0.377495 0.34392787 -0.25459878 0.386162 0.42621625 -0.30828953 0.436835 0.41576468 -0.32075151 0.478075 128.2651814526087 24.283036405482612 17.46704317357059
166.21512850417906 67.48851207292955 106.77431067444692 100.25394680439622 104.38432328672131 177.87804668779904 179.9421572523009 135.07160989626755 126.31089837006462 128.43288620250803 0.32900706 -0.26227362 0.456474 0.31817413 -0.23302181 0.392045 0.33227745 -0.25100644 0.384713 0.35846951 -0.25097891 0.393812 0.38807853 -0.25986672 0.40742 0.41283463 -0.30503405 0.478274 3.987509861538917 14.750373082693645 24.825626680251162
167.06192446220157 68.85808312193628 103.60037619643019 100.85928784970673 80.82412096545853 175.99663622310987 179.9376553784164 146.33100705286114 127.25084581210783 122.77022608018615 0.33182808 -0.24918733 0.454814 0.31825219 -0.22189874 0.392069 0.33352846 -0.24907824 0.386122 0.36000507 -0.24236888 0.395557 0.39927329 -0.23045265 0.419991 0.4121331 -0.29335365 0.478233 9.482823067989559 14.998861820212566 21.836316091641574
166.12951976847205 93.69125217122128 111.14588221061278 126.70032448969246 161.38422882067846 173.47680358331883 179.98709511788923 137.26375399364883 133.14827852575277 131.83627935263672 0.33506774 -0.23684521 0.458081 0.30753069 -0.20237371 0.380709 0.31763899 -0.20262766 0.373473 0.3464582 -0.22570657 0.383662 0.38258542 -0.23728132 0.401726 0.41266701 -0.28272545 0.480277 39.27910320984976 8.66900684914903 24.78783470335117
158.30678844649236 99.94999984720556 114.81195403770126 128.27504327119243 155.66079779592383 166.69263855478528 173.8141981355143 140.29878396297408 137.42167683887283 113.57227030638057 0.34064346 -0.23253516 0.466696 0.30717028 -0.20125563 0.379156 0.32618491 -0.19305603 0.373917 0.35310343 -0.21746834 0.384862 0.40298994 -0.22506432 0.409395 0.41493667 -0.27254592 0.484615 34.56302213583312 10.270966297588178 19.823451674277845
167.1702304522315 98.11844087226919 8.350947740749852 84.72796129135243 136.5713874265867 171.34548247258493 150.056958388963 165.91682146053898 164.83411323598943 170.74871981138352 0.34560388 -0.22426969 0.464288 0.36076975 -0.2220384 0.416308 0.37256268 -0.21654505 0.408366 0.39967255 -0.2315509 0.417116 0.40167209 -0.23485845 0.429677 0.4512749 -0.26374064 0.495041 30.93138416792706 16.609172083199773 34.277164134354855
167.73387199529256 110.19232834208393 95.93366038973656 95.71844669684457 153.5508103776042 179.41285273448244 120.63720005985829 145.63500373030774 146.9186237171844 167.5958757349845 0.37300718 -0.23204901 0.483661 0.35680113 -0.18479343 0.422245 0.37115679 -0.21282834 0.407502 0.39481066 -0.21911444 0.412265 0.40376336 -0.22683959 0.424786 0.46462127 -0.25633016 0.503021 46.170436432370764 6.699473674780615 17.678053390468037
165.97471052453733 85.34551537176503 115.3026896821957 113.8791071353257 141.88119142722448 176.11308630690232 138.17848940758344 151.44057197982724 149.78299454673672 170.10756446211718 0.37760859 -0.21704239 0.487869 0.36555042 -0.16642791 0.432508 0.37841364 -0.21013947 0.413991 0.4010466 -0.21999276 0.416697 0.41189283 -0.22793105 0.432233 0.4696182 -0.25521698 0.508052 37.608354112210534 10.648785893049224 10.186794322416805
169.09975172635825 141.25540421519003 94.86894834432684 104.79512581826079 140.37391453192615 175.71636194289295 179.95896061916432 144.8054279917786 145.40477823085868 168.17235273654885 0.38449256 -0.20764516 0.495042 0.36199143 -0.12619892 0.43193 0.39297078 -0.20205492 0.426758 0.41464537 -0.21252516 0.428241 0.42404307 -0.21818045 0.443296 0.47589443 -0.24351221 0.513136 42.96968044032233 11.27452027514615 65.78614331861627
168.1819584352474 141.43130099585179 142.99650141210967 131.72472294845258 152.40873111896082 173.43342302801233 179.91731196686433 157.3614011725377 156.600811187582 171.52107365788794 0.39178428 -0.19231315 0.490771 0.37682628 -0.11463112 0.440026 0.3917728 -0.19814732 0.424041 0.42029133 -0.2135428 0.43338 0.43070689 -0.21898512 0.449773 0.48810776 -0.23806468 0.523493 29.271222446055095 10.871341296959509 57.728915977822126
166.81389176435613 139.57439994940384 157.30410551060191 135.3861348643099 159.2470212304414 172.9666402057484 176.69587654014413 156.85736957579326 157.99047848648297 173.57529261282033 0.39917813 -0.18163931 0.498273 0.38724876 -0.10358617 0.453755 0.39366388 -0.18691789 0.424035 0.42095963 -0.2027057 0.43354 0.43011275 -0.20684832 0.448597 0.49340248 -0.22743814 0.525397 28.41849990998344 11.33710098414158 62.50571355170269
172.3741044619408 138.76403427906482 157.61105615503146 137.06338719758466 159.52199100872676 178.0148266706537 175.3106674913756 156.11387075619692 157.49699763207872 173.35998471530425 0.4015245 -0.17943304 0.500266 0.39950469 -0.10013116 0.460718 0.39541702 -0.18635485 0.426281 0.42242193 -0.20250542 0.435803 0.43151976 -0.20674293 0.450928 0.49485554 -0.22753604 0.52792 27.915394004446483 10.815992027104164 67.9638812407315
168.46623165828498 143.1551833541695 125.30309421291575 136.41851368861145 143.24469270143285 179.52025269125932 177.41513258480668 146.99700284335418 147.40026733382814 170.05878722097094 0.41148091 -0.16599182 0.509368 0.41153782 -0.085747159 0.472457 0.41788466 -0.17670871 0.445012 0.44159853 -0.17457277 0.45411 0.45397252 -0.19621077 0.467866 0.50591829 -0.21143924 0.536543 8.79069413371846 11.533773440357294 81.9383451438544
169.63500310400875 152.2738004444117 122.88529095543842 131.55756355342115 139.4445450801402 177.16994300510967 179.06902361855734 143.3645867252971 141.36904875051502 165.76699954193123 0.41704336 -0.15705775 0.514225 0.42785876 -0.077891314 0.485236 0.435403 -0.17431642 0.458891 0.4582457 -0.17214693 0.468194 0.47279318 -0.1941659 0.483471 0.51256048 -0.20719249 0.545339 8.45376225090827 12.100137351836448 93.24261449193065
169.07592685140668 159.5951095540195 118.11678396964422 122.89431419689092 133.57781150103258 175.47459895679492 179.69478181782867 136.70333228778992 134.1609763099051 162.73945712129182 0.42364076 -0.1492074 0.518511 0.44003538 -0.069942037 0.494851 0.44960261 -0.16812005 0.470396 0.47177315 -0.16639319 0.479338 0.48590148 -0.18770532 0.493784 0.51817897 -0.20017274 0.549366 9.802501072186665 12.070474058286763 104.51916334704146
169.1756174615997 171.8818516092671 105.84221661358396 87.1163809884089 103.9538851989899 171.22520702931376 173.26075443649876 110.35828886531948 134.74922979678064 163.31647164848417 0.44625218 -0.15369586 0.539444 0.44483077 -0.061769782 0.503631 0.454465 -0.14378439 0.486302 0.48108678 -0.17043475 0.493174 0.48716476 -0.18848991 0.49884 0.52776718 -0.1971205 0.557485 21.86907615042903 11.075710754378518 111.70284117971235
168.9789717961383 179.18921852209564 106.84079069336327 100.09906529840205 116.7960507547591 175.44715671817812 172.2471904029778 108.95515759774725 130.75803100514912 161.43019645789772 0.45060335 -0.14638515 0.548585 0.44761763 -0.055541188 0.510534 0.45715426 -0.13503309 0.492817 0.47915303 -0.16154532 0.499483 0.48490636 -0.17856729 0.504267 0.52965908 -0.19049416 0.564134 20.91386586972458 5.927341362502556 108.73585208911034
170.99967974424158 177.19364182247247 107.42622285396999 105.98739542280516 112.00250981129359 177.8909837905971 171.5705905858374 109.48466661226543 123.6348000670139 166.07437009693302 0.45509963 -0.14491319 0.552351 0.44569577 -0.058732325 0.508393 0.45679048 -0.13478245 0.493562 0.4788575 -0.15911931 0.500233 0.48560207 -0.17597826 0.504953 0.53010023 -0.19031226 0.56586 23.964048699762685 8.980043029945508 104.03026484513055
168.85068407632852 179.0263030162249 104.71763870279317 106.21935128597089 116.17174621143215 176.79553360126673 170.97514329289294 111.98242462264378 124.05639990412722 158.8523061633312 0.46127811 -0.14255192 0.558211 0.44518929 -0.057140322 0.510403 0.4573378 -0.13436886 0.495377 0.47816509 -0.15597413 0.502044 0.48545378 -0.17583516 0.506602 0.53273259 -0.1907004 0.569566 18.26546426222358 6.434630885331499 101.44618034267219
169.6253175450914 175.79313025858602 107.20508641653346 99.11801233466616 115.0461442046854 175.31842008668465 170.5710997524274 107.43188898538924 131.58898008360129 165.63914754577235 0.46427516 -0.1429875 0.561833 0.44940799 -0.057016061 0.51719 0.46364077 -0.13160003 0.5043 0.48681373 -0.158207 0.510942 0.49150796 -0.17707363 0.515695 0.5373355 -0.18987226 0.574813 21.08665250994632 4.436541479087038 107.36074399913622
168.16163589045829 179.00775206874286 98.7902920093293 99.92332387060553 114.10904955850373 174.73076628800942 171.18605545277154 106.50269117382237 119.08073109471925 158.9818828690268 0.46715937 -0.14371959 0.568107 0.46147858 -0.051844053 0.536277 0.46774919 -0.12789141 0.510988 0.48779315 -0.15208025 0.516647 0.48890059 -0.16885506 0.517909 0.53827566 -0.18504713 0.575424 27.843352478236465 7.9463024158896 120.7991774804548
168.62068106117502 179.063992041016 102.12592470559598 106.84237964129325 113.21333332707982 175.09980888288257 171.91867643763536 105.1876575571285 113.39772956313266 159.37842387093892 0.46646897 -0.14538418 0.569943 0.46350197 -0.053881349 0.53884 0.47012696 -0.12852041 0.51398 0.49119678 -0.15106477 0.519556 0.49247117 -0.17023045 0.520604 0.53903365 -0.18723311 0.576976 26.204687659776752 10.351054465018958 118.93693929360738
162.66060047899248 178.5056139410154 100.10994522270572 101.5420541282529 107.39765884309276 173.12353518284596 168.07158716084908 99.24350204961226 111.55730173723595 161.15908032400336 0.44957411 -0.13902564 0.555932 0.45227657 -0.052339276 0.526765 0.47046169 -0.12849235 0.51397 0.49203354 -0.15359816 0.518839 0.49123964 -0.17382356 0.518112 0.52626313 -0.18042771 0.565726 27.547717607106964 11.936448059222837 119.77438708246976
166.01400777369582 179.2937904204951 104.50344549565011 104.6359721359838 114.7552858704475 174.5274025083567 168.2394194142344 109.02844357934693 120.39259208569456 163.59442543949947 0.45650574 -0.1408973 0.565858 0.4594803 -0.053051549 0.535654 0.46756431 -0.12762989 0.510581 0.49037636 -0.15295357 0.517013 0.49338716 -0.17486215 0.520888 0.53968498 -0.18475755 0.581217 25.059268292080013 10.015638671370017 109.6135013059363
166.4732337165431 167.30601681422 98.36535206952745 105.31165415425151 126.7948034293137 172.56320223895375 178.13695043311196 112.50700059036234 120.2556810611309 148.4583816847971 0.46511193 -0.14364854 0.577462 0.44623801 -0.053764148 0.524 0.46589184 -0.12760903 0.513451 0.47912282 -0.14593721 0.518746 0.488778 -0.17211818 0.518245 0.54130526 -0.18553832 0.585828 3.987563192321199 10.095408646029066 104.96666064173571
168.84571478768905 178.72159769983202 94.10940686294178 106.8486707180143 122.70044286867773 172.98922149521132 178.12800312401492 117.40134256992835 122.24406156286061 150.39903623827064 0.46337718 -0.14405232 0.578678 0.44029223 -0.059429363 0.523165 0.46251203 -0.12866403 0.511988 0.47737502 -0.14630732 0.517394 0.48803284 -0.17297913 0.517236 0.53913651 -0.18601716 0.586536 3.084686659592949 10.791027361202158 95.28929851400392
163.936847289044 156.46065188686538 106.99311384756793 107.76057126070812 120.8241937259519 171.6895753693484 178.57515848687888 117.18954184281858 121.10201917290316 151.6001918619996 0.46158817 -0.15107555 0.581226 0.44216517 -0.064437118 0.530154 0.45892766 -0.13320559 0.512966 0.47827123 -0.14769418 0.518598 0.49042489 -0.17430398 0.519189 0.5412248 -0.18815955 0.589377 2.999742520189712 7.548279314844035 102.591246801179
165.2389475676651 158.33944370166438 108.1030269622538 111.66402263994378 124.99155334825097 172.04527448084937 178.25724899909284 117.89080426603635 125.61912475662987 152.33292174172772 0.46211768 -0.15278876 0.58218 0.441185 -0.065679842 0.529747 0.4581192 -0.1338304 0.511891 0.47599074 -0.15235461 0.517702 0.48888849 -0.17279274 0.518882 0.54202959 -0.18954238 0.590619 6.662376919458253 7.374040504196686 100.16542592064987
156.98375050319834 156.5716617924222 101.34563305631421 112.39213883199987 124.35111521307141 170.54879857646765 179.67801996547232 124.61997551502311 129.0737004714442 158.93905135104367 0.45793766 -0.15589443 0.580894 0.43942329 -0.069201611 0.529774 0.45919617 -0.14011149 0.513503 0.47582567 -0.15636739 0.51999 0.48289393 -0.17139499 0.523523 0.5426749 -0.19467861 0.594414 18.37104170171166 10.131071818912487 95.41093604310088
160.46397895090251 155.6357539640824 107.75105541065746 111.749580248459 124.7408210097491 171.82505006521305 178.7210520640785 124.64189499320662 130.96825289537463 157.50895213990853 0.45627483 -0.15608338 0.580203 0.43800573 -0.071173064 0.528209 0.45774129 -0.14543506 0.512997 0.47494323 -0.15751053 0.519675 0.4832721 -0.17155688 0.523886 0.54243854 -0.19535438 0.594767 17.286886251643363 8.376730637509601 97.75133925339554
173.77767310319533 161.4522709738962 104.02552953827959 105.80014892556825 124.18065675427145 166.92719876824728 171.8928329731567 118.08183677740801 126.73503426770742 143.95356382249358 0.45085532 -0.15737375 0.578206 0.43714635 -0.076361237 0.527187 0.4599577 -0.14794265 0.516427 0.47630804 -0.16127104 0.523346 0.48637388 -0.17448299 0.528559 0.5350282 -0.20431776 0.596277 14.841795716689317 8.304381780719822 92.71443862719549
169.16207245275152 165.14420177480858 103.12849423727917 114.43915715781525 123.01540117494918 172.0761492265015 177.94713460939593 119.30926852503242 124.23036955527236 149.82310925706773 0.44450031 -0.1601893 0.575139 0.43582821 -0.081113027 0.525901 0.4593052 -0.14893465 0.516572 0.47467604 -0.16284595 0.523499 0.48634489 -0.17410558 0.528814 0.53751586 -0.20065932 0.595126 16.10132072362932 9.526584661453851 93.61318705440426
170.711852351389 155.77896242329996 104.1037412483721 107.43367824595065 119.7740384155542 171.7768619495348 175.97460275490232 118.22200130743313 128.96590952231213 144.74839111566249 0.43584594 -0.16554242 0.565442 0.43254857 -0.086817109 0.524015 0.45847812 -0.15261079 0.518399 0.47610951 -0.16399498 0.525578 0.48936682 -0.17540614 0.532208 0.5325105 -0.20433783 0.593382 15.499479078480386 8.166496239918768 98.20669621004605
174.4907870451809 162.66148293485907 98.08268899676102 108.41311559474305 119.3900626015866 166.80782859710857 158.29325896272942 120.6775403413168 117.619094849517 146.06442919609594 0.43604054 -0.16957629 0.567701 0.44492051 -0.080976909 0.538439 0.45861703 -0.15443749 0.519949 0.47636811 -0.16500983 0.52688 0.48735733 -0.18453022 0.532681 0.5296023 -0.21624934 0.592393 14.655989158393853 9.193070736501397 124.23228667721163
169.2894149840751 179.92101233517016 95.95872338248554 85.85639272082904 117.60208525629359 176.0744125667254 145.49287292216414 124.86099979327346 130.79011044965242 148.8412669098983 0.43549904 -0.18316172 0.568623 0.4461857 -0.097422747 0.542969 0.45952008 -0.16645392 0.521201 0.48000425 -0.1658648 0.528037 0.48688959 -0.19909187 0.533642 0.52872598 -0.22618964 0.591428 3.4549520944191077 12.445042869206342 125.98535659987733
163.05621414391499 177.15319885149805 94.03662642172996 91.76053406374307 111.45755175095746 177.23410894407013 143.13367020960678 121.45910781872003 132.29709135596374 151.48394147262192 0.4352013 -0.18687219 0.568224 0.44679611 -0.100447 0.543908 0.45980271 -0.16793262 0.521315 0.48105846 -0.17394333 0.527931 0.4868832 -0.20086965 0.532777 0.52715369 -0.22941028 0.589696 10.730612382636307 10.012492495286859 129.24058808912264
159.12537147742523 176.17782098556438 26.270143347733246 63.88142917796811 108.63917607557885 178.63379453782983 157.83434976142252 159.70427407034953 140.72184133335085 137.91381757475077 0.43220496 -0.18680942 0.566637 0.44856725 -0.10302335 0.546898 0.46702045 -0.13096397 0.533294 0.48928923 -0.16805788 0.538441 0.49339783 -0.20308441 0.538799 0.5221722 -0.22879515 0.58567 12.084480600527103 70.55081268063651 62.646750234719036
