159.44658669956726 176.36766442049247 95.5768353872446 98.38943523171575 103.97079852356067 164.7683619008516 179.3804245081336 114.76984460115537 141.2674714808263 160.8149707827319 0.43691477 -0.3107145 0.578712 0.43566606 -0.18925754 0.567576 0.44200316 -0.27989403 0.53812 0.46836105 -0.30117237 0.545086 0.48330826 -0.31071121 0.55035 0.51695066 -0.33428731 0.609775 20.43258921317875 9.724525304732818 148.1731600275605
147.40321570455237 178.13072249769104 100.71859508639554 151.00128188491416 100.48433298298104 175.2559859827435 179.31751230803005 115.79819228277034 62.614381716799414 173.84463135292856 0.45550846 -0.31012005 0.584594 0.43335014 -0.18725654 0.564763 0.43762141 -0.27390305 0.533887 0.49671459 -0.31900361 0.586469 0.48588184 -0.32353045 0.550463 0.5172229 -0.33680882 0.614901 84.57155674530242 74.91458230887017 133.87780701099155
160.0616646323592 179.04765891593735 108.00346299567843 155.1812461861592 138.47893429077558 163.45428424284194 179.8902655223469 133.29928867144514 69.10045798329057 150.97547392939612 0.42591159 -0.28924214 0.563407 0.43494989 -0.17639811 0.567292 0.42526572 -0.26446953 0.51771 0.48775555 -0.31169797 0.577473 0.47327253 -0.28333022 0.545996 0.51043403 -0.32938492 0.61643 102.48260712426021 81.54897249723065 129.76821399517448
158.70623150876426 179.09496744955953 105.14559389937293 155.48639839939347 134.700988138511 163.4349953684712 179.94119744088317 130.92321202110682 67.50343174148544 149.01643855171483 0.4242818 -0.27669008 0.557917 0.43537731 -0.16627933 0.56877 0.4296978 -0.25358904 0.521932 0.48811638 -0.30027066 0.580574 0.47552307 -0.27455969 0.54965 0.50737521 -0.31757318 0.613845 100.22252150959105 80.4976847216969 134.07252118110287
159.85683869466035 179.1221373239542 105.67908954271209 155.42672577072565 135.36670896343125 160.6111849261864 179.94610591875568 130.60711202424042 67.43672710778641 148.45796625014216 0.42185077 -0.26514296 0.558402 0.43538573 -0.15610472 0.568781 0.42934709 -0.24372278 0.521506 0.48784397 -0.29000399 0.58025 0.47529727 -0.26456917 0.549389 0.50725619 -0.30727799 0.613701 99.91914880508027 80.46778789970739 134.48855211509007
160.792384692825 179.83907757722054 104.33306192791042 147.8746632687885 133.57294625333924 163.40321996500694 179.72697725116691 131.93753488499294 52.0235818288663 148.81024339702964 0.41896463 -0.25392022 0.557724 0.44793669 -0.14555129 0.580621 0.42700387 -0.23319256 0.519485 0.4888203 -0.26092345 0.577529 0.4714538 -0.25281118 0.545349 0.50589828 -0.29411064 0.612248 99.7998141148968 81.7998245098682 148.93979319855558
159.84155467201404 179.84826045412655 109.62226985914671 151.98804526673695 128.8827765726158 166.02123241084035 179.76546138977605 132.3398236086867 45.372012400266 148.7852074813147 0.41943545 -0.24559946 0.559424 0.45108459 -0.13685115 0.582385 0.42858335 -0.23089737 0.522108 0.49032525 -0.2519861 0.581474 0.47429854 -0.25187808 0.550423 0.50417284 -0.28791877 0.617566 93.69103727555837 77.21106309179567 150.07730076206968
160.844415933581 179.84535212550205 106.87294039022908 152.11119533605662 136.0248340099944 161.32015005643117 179.756216242436 132.33454585954723 45.0801876118543 149.23024928264468 0.4213353 -0.23889694 0.563091 0.45364184 -0.13006228 0.585392 0.42929464 -0.22039484 0.524632 0.49227552 -0.24385947 0.583149 0.47381874 -0.24042368 0.551202 0.50814539 -0.27990271 0.618783 97.42259062852008 79.97356439906314 147.87020651104353
162.69609207844553 175.23378527536678 111.12212759936729 157.7671430991172 133.6144127731198 162.65549990699176 179.757650046259 132.43911806955913 45.28167296520198 148.77815818352053 0.42350084 -0.2357221 0.564644 0.45711328 -0.12742095 0.588089 0.43175391 -0.2178007 0.526605 0.49511896 -0.24130553 0.585517 0.47672424 -0.23812878 0.553711 0.51166511 -0.27789291 0.622151 91.58324964159954 75.50941807543032 148.79620222038
162.41163576136256 176.1409431511275 103.30610393391316 157.19215905307317 132.21447213318166 161.63257453750776 179.77888717805482 129.25915151396816 43.81365464751237 148.45965151411076 0.42281894 -0.23399373 0.563465 0.45733956 -0.12611269 0.587154 0.43426098 -0.21182607 0.529248 0.49650756 -0.24095282 0.58679 0.47762325 -0.23767416 0.554525 0.51039568 -0.27608479 0.620121 92.63193544156316 74.66888071003397 150.00699228478933
164.30841751670567 165.82174617169926 106.25273891777059 154.14786044464518 127.40892197988144 163.92416996999359 178.65373820079512 131.15096056757773 54.67648787820182 157.77787749205825 0.42786654 -0.22510842 0.572039 0.45867709 -0.12079976 0.585428 0.4330895 -0.20448008 0.528234 0.49583733 -0.2400169 0.586143 0.47732626 -0.23291065 0.553235 0.51430208 -0.27095713 0.622952 95.12482054952592 78.33418178383555 139.98436537989193
147.9091231752529 174.57258020610715 101.86159239669809 160.8915098068226 121.26566408715559 149.08401555957894 177.20612825223938 122.0238587206803 53.76036238232175 146.22885421810219 0.45973318 -0.20892193 0.602165 0.46186826 -0.11302451 0.588038 0.45405791 -0.21325011 0.553673 0.51014769 -0.24660392 0.603271 0.49118839 -0.23837631 0.569218 0.51494762 -0.264866 0.622961 82.31723135355428 64.42745413338474 149.29562421921563
143.7279333843668 176.96140021040065 90.23090322076013 159.6917364027964 119.62471966091543 143.21746073696033 177.98716793322995 120.06411499285234 54.466424793904245 144.65267250883144 0.46397909 -0.20780719 0.605973 0.4632119 -0.11279154 0.590204 0.45776611 -0.19488083 0.557864 0.5118634 -0.2457379 0.605222 0.49306962 -0.23513057 0.570932 0.51374838 -0.26353475 0.621735 83.28912433553495 67.67217826069499 146.281056727335
141.2698037251153 168.81151717222525 90.73937103388754 155.92187408097786 121.44749981811232 140.84063895503866 174.94576027144817 120.18971072338901 59.65755193895912 141.71683059902978 0.47197655 -0.20610656 0.612416 0.47261457 -0.11208003 0.598499 0.46068964 -0.19477002 0.560065 0.51405433 -0.24671009 0.608181 0.49533391 -0.23496517 0.572759 0.51680749 -0.26401247 0.625007 83.0694660887101 70.50622086557037 145.09094884522847
148.46212625941877 172.22686164307981 74.61524422716057 151.9642923371561 131.78087253360837 145.73565818512665 175.74801614745286 148.53842868644026 62.693535522500135 142.52390361555015 0.46355537 -0.20197115 0.599345 0.47052044 -0.11156063 0.594054 0.44509408 -0.17148266 0.538461 0.5008826 -0.24072479 0.592305 0.48274279 -0.22858403 0.55756 0.51598668 -0.26330148 0.623732 93.5612272885783 104.96081660292523 118.65348279631947
154.54410673561526 179.8721735442196 70.00330835205902 148.8812296465157 127.9613943376424 147.78007145122666 177.68215831152386 146.4404142270862 62.966351583110736 147.96466518669675 0.4648659 -0.20175326 0.600814 0.47466866 -0.11168356 0.595491 0.44847186 -0.16230953 0.541829 0.50332024 -0.24173916 0.594652 0.48459264 -0.2295376 0.559612 0.51733724 -0.26341116 0.624665 92.8904493797413 109.39801254448186 114.11970864500518
166.82226320693107 179.9060660693716 79.92554021294322 148.75546414513235 131.50522092169712 150.13428889464006 179.84218869770254 150.98392794064327 67.59114272584937 147.67695596541714 0.46963229 -0.2004535 0.606826 0.48001002 -0.10505873 0.601982 0.44723972 -0.1605082 0.542286 0.50440819 -0.2422741 0.595436 0.48458448 -0.22953056 0.559574 0.52415419 -0.25518093 0.630935 93.22907641872727 111.81986733502025 109.68177845972961
165.94219733453 166.78891333530572 95.9297366680755 144.70220800087 136.3653104423255 162.8566390581841 176.33399723073242 151.67124030063582 70.06176405458562 159.3773587604082 0.47330859 -0.20247905 0.609515 0.48066189 -0.10311558 0.597623 0.44095091 -0.15990286 0.536706 0.50161407 -0.24098722 0.592069 0.48194109 -0.22884121 0.556429 0.53157029 -0.25711111 0.637468 101.53365199711226 113.04105830109563 96.95703668511698
155.48468642992034 178.59516768468524 106.82555565431446 138.27848314606982 140.0337503048516 162.61298850856818 176.93824199258057 151.43149847956622 66.39371426114398 158.24923895492415 0.4800218 -0.19056618 0.606997 0.48860031 -0.090077657 0.595957 0.44427028 -0.15730452 0.536598 0.50645304 -0.21754963 0.593932 0.48391809 -0.23023245 0.559316 0.53346554 -0.24680144 0.639653 90.84013600508769 105.60027116813264 103.30338922021615
154.7656168447818 179.28258456566581 95.01912057099763 138.57568670070827 136.57797491658124 161.83445379550557 177.9541307405204 153.06359255460296 66.30788557315459 157.85881570892744 0.48067235 -0.1892778 0.607429 0.48976235 -0.090393977 0.597327 0.44979112 -0.15280065 0.538647 0.50687218 -0.21875716 0.595741 0.48543355 -0.23090572 0.561086 0.53259674 -0.24687917 0.639725 91.13137060541474 109.51574339798827 103.10388242419006
154.38170826826075 177.3850383461586 88.09930766024087 144.17183232701788 131.7733277878245 160.09294119252803 175.93750009236786 152.28401160574617 63.0883933975743 156.8663558772036 0.48322296 -0.19121787 0.611046 0.49296774 -0.094351912 0.60305 0.45482772 -0.14930349 0.544366 0.51022448 -0.22183674 0.600243 0.48801803 -0.2343995 0.565144 0.53459485 -0.25102221 0.641118 92.40889259149168 115.194789350525 102.1235745392171
153.81532965367938 172.88717122369252 91.98287934685477 137.43152892988837 125.68144838226529 159.77921147211538 178.8065352635082 150.21417277948404 66.25504305850056 159.567305442661 0.48510746 -0.19245155 0.614435 0.49415534 -0.09358109 0.602637 0.45762657 -0.14661395 0.548522 0.51219856 -0.22328269 0.603253 0.4884662 -0.23681077 0.567665 0.53559742 -0.24955783 0.642898 91.42396304708812 118.93883498531827 95.39668430521542
141.06952668420436 177.20987562430463 95.15640033082937 163.7507136063862 120.59954583883116 168.08574640928435 177.29125682426542 151.04893129359212 21.422867791563036 155.65947735837884 0.48313249 -0.19179895 0.613656 0.49791607 -0.088547998 0.611714 0.45902551 -0.14831746 0.552537 0.5273481 -0.17333067 0.605433 0.49352699 -0.23580451 0.572256 0.53642123 -0.24248929 0.646406 78.09921259199513 110.14775884309093 100.55198126932143
156.61223460162202 177.23599942325106 98.40857101913295 156.34166587239997 122.01552414759563 165.7041005363998 177.31905104245703 146.05710589281867 28.388575787082022 155.48515855668245 0.47535265 -0.18713929 0.611688 0.49774071 -0.086795594 0.612175 0.45885698 -0.14777909 0.553324 0.5258684 -0.17032388 0.603351 0.49500802 -0.23213336 0.573193 0.5378864 -0.24085184 0.647348 76.57778764473814 102.69109372846123 104.94611507639534
162.03956766771995 177.2765786683001 98.89938422189098 128.68694214427344 127.39563472439117 169.0284782883197 177.36558531241727 145.72954342839955 56.43999047550255 155.540926891458 0.47165085 -0.17283651 0.612474 0.49414902 -0.075090316 0.612025 0.45369889 -0.14668749 0.552478 0.51999212 -0.15649935 0.598163 0.49496567 -0.21924685 0.573597 0.54028908 -0.22984616 0.650282 71.61176335181179 88.85216066043635 110.09563700481428
160.42175967867908 176.91856235872757 107.084351992623 100.88526855400548 128.50638864102586 173.13921552615324 177.01049959106894 146.51756500761533 82.57035531210828 150.70968313833498 0.47431874 -0.17597138 0.617027 0.49553974 -0.074373094 0.614751 0.44507297 -0.13664419 0.554826 0.5129847 -0.15371099 0.594504 0.48519007 -0.20881699 0.572218 0.5398649 -0.22819352 0.650192 65.21776721435923 86.48179940149195 102.03580862825856
159.84950593064542 176.79787485577006 107.64558812337954 91.02795339687553 129.03850463762464 174.42870490049975 176.89494585371668 146.74227154344808 96.43960257811055 151.28580655481045 0.47464654 -0.1768135 0.617817 0.49582644 -0.074107651 0.61544 0.44527994 -0.13670773 0.555084 0.50782255 -0.15193822 0.589986 0.48537152 -0.20889509 0.572432 0.54046926 -0.22795851 0.65106 53.896354651744545 74.87566814822561 101.6991392021608
158.2544490538532 171.85372476907966 106.43631564227529 103.03277309804163 128.54518921012377 167.73845205614103 176.6682340541468 147.31814697088979 94.96402912647157 151.5273855023769 0.48287288 -0.16838299 0.623532 0.49305863 -0.071456742 0.615265 0.44875024 -0.12884875 0.55852 0.50263247 -0.14950475 0.587575 0.48910141 -0.20075149 0.575009 0.5449219 -0.22007829 0.653317 40.965112761002416 63.662125181970154 97.47983479834299
158.0946963048283 179.90876317550746 107.93584727707167 127.18806904769268 132.84370087900334 168.24060019247142 177.75237964585943 145.00335055548982 66.44051587972064 161.53531090608007 0.48426352 -0.16586947 0.625893 0.49309765 -0.060471248 0.620933 0.4432521 -0.12818293 0.553964 0.50839079 -0.15121205 0.595661 0.48644148 -0.19649155 0.571098 0.54752107 -0.21103878 0.653586 67.53192189588022 82.53979846342698 109.35365485965715
160.4054065809375 179.9267987193613 115.09859857962805 138.9588313611784 133.06042062998304 171.7792185169322 176.8731064883858 150.86787115941118 49.37784413679699 162.3755708492749 0.48466163 -0.15436073 0.63244 0.49514982 -0.051024012 0.623019 0.4354371 -0.13535013 0.556735 0.5155443 -0.15453386 0.60914 0.48131604 -0.16946838 0.57248 0.54910442 -0.2027858 0.656421 98.84511261670457 95.88850860517488 112.33104668989627
159.56799257950476 178.15456026177787 113.16434938467363 145.03786846236332 131.0861809094535 174.0564853159113 176.9205778927979 148.25742856475685 48.052368307235604 161.85792612222437 0.48415624 -0.15204425 0.629847 0.49112194 -0.052994641 0.619455 0.43765157 -0.13794005 0.558036 0.51401484 -0.15625095 0.611665 0.48223813 -0.16911291 0.575336 0.54608074 -0.20194896 0.656493 96.62033890619614 91.36106309896111 113.50953161401837
158.23574589384012 179.89568063594342 115.10776272300332 146.0882119695769 137.6225658363025 170.7210495413816 179.8274669402345 148.9944398168761 60.86325683861553 161.87652347574047 0.48280588 -0.13763933 0.627207 0.49419411 -0.041317118 0.627399 0.44563146 -0.1310381 0.561306 0.51767338 -0.16603811 0.617103 0.48383659 -0.16081384 0.581751 0.54667819 -0.192532 0.660541 103.49588866856078 97.16324454063142 121.59065972719725
158.68488374240223 179.87271736332576 111.81306743199777 146.45919785239587 137.1530565253771 171.82973067443524 179.80513983150806 148.97679758670404 60.46621993892526 161.733047768344 0.48273589 -0.13874447 0.626309 0.49393395 -0.042366831 0.628609 0.44390492 -0.1329807 0.56191 0.51787138 -0.16665319 0.617676 0.48407485 -0.16143786 0.582329 0.5465997 -0.19321705 0.660782 103.26144330014176 96.43258667994617 122.3108529543571
160.34501502277348 179.8721393697636 109.92474763971413 150.31711487590348 135.38653906913692 172.5152765308544 179.79091250384874 148.485456494382 55.57371735691422 160.8017203345382 0.48183969 -0.13581847 0.628893 0.49586324 -0.04261022 0.630859 0.44328874 -0.13442556 0.563881 0.51754355 -0.16603184 0.618792 0.48353054 -0.16079472 0.58307 0.54607668 -0.19280537 0.661152 103.01291911199952 95.76370805614658 124.11457154719243
164.56481485363983 174.19730360149975 106.40130432886396 147.66468903698 138.21339427273082 172.34331503189463 170.14531113208147 151.98786892231632 59.35837775420645 155.3882368667312 0.48035609 -0.13415574 0.631726 0.49267431 -0.048405429 0.6238 0.44542046 -0.13685151 0.566218 0.51975431 -0.16691925 0.621768 0.48597305 -0.16157288 0.586402 0.54771037 -0.19363233 0.663588 98.80460124143869 94.32582127354468 121.24322486688811
165.35230963165068 178.20989829683026 104.14285654039612 152.03223739647336 125.89154275153375 168.9520811989523 171.3415169082813 117.75923601479533 51.26423989125414 155.99380167291116 0.47893949 -0.1337788 0.632121 0.49143472 -0.043047322 0.626428 0.46505153 -0.13428218 0.578564 0.52587459 -0.1663247 0.630104 0.4922304 -0.16378852 0.594193 0.54524816 -0.19270625 0.661152 91.84916856156569 75.03041651651556 137.2306841423881
165.87023453581983 172.59806790717792 103.1364924209278 153.6879388046774 123.9718884177168 168.47987872885895 179.7415088562497 116.10813093589574 49.34014256512828 156.29105382244924 0.47735544 -0.13346501 0.63135 0.49062278 -0.042784752 0.626203 0.46686576 -0.13491194 0.581107 0.52793677 -0.16588443 0.632264 0.4939983 -0.16448001 0.596548 0.5450414 -0.19261048 0.661326 92.09192578589915 74.66339538988115 140.19685514936617
165.7538543856953 171.93760889833143 102.73356217483227 159.02049847648075 157.1679819670441 167.43815339559754 170.258117799198 116.85211913080758 48.60681268287313 66.67023688627776 0.47532201 -0.13293262 0.629317 0.49960004 -0.042864146 0.636486 0.46790112 -0.13583365 0.583067 0.53060933 -0.16608978 0.63515 0.53184547 -0.16792661 0.635432 0.54514907 -0.19210256 0.662408 11.407861591342561 74.62306903074588 155.70862992811837
165.78535039100615 175.77540185978268 105.02936927981752 156.96309795385153 166.64142941262992 164.7649014158255 178.33016655189 111.19268035036716 47.89229755574456 72.4712948283986 0.47416634 -0.13351786 0.630543 0.49873507 -0.042427769 0.636706 0.47104213 -0.13351064 0.586885 0.53123672 -0.16599744 0.635619 0.52463912 -0.17231802 0.633419 0.5418119 -0.19042514 0.65935 19.99250988937499 69.55679944674328 158.79615567690303
166.15306864769386 177.5461260810291 104.88015069049744 156.3765947617613 165.5666384329793 165.60358359139187 178.83691042765918 112.40328901647635 48.66520737138536 73.19773172052979 0.47401242 -0.1340007 0.631183 0.49801398 -0.042124379 0.636669 0.46999907 -0.13190752 0.585876 0.53105101 -0.16573381 0.635196 0.52427974 -0.17191518 0.633191 0.54268727 -0.19035924 0.660602 20.61179091408098 71.93126190964358 155.39677482761604
165.1172908698875 167.25842999601028 100.30907716636567 162.91030674795374 165.12010714609633 166.58787196641595 168.84097674041044 117.59612472773931 44.01656928351518 74.07581173541254 0.47612976 -0.13430651 0.6337 0.4861979 -0.042346321 0.628719 0.46701452 -0.13247231 0.582601 0.52929026 -0.16484721 0.6335 0.52320791 -0.17303621 0.632269 0.5449487 -0.19142391 0.662546 20.646288264757704 76.13117726100813 136.7076830168269
165.44556879604897 175.93139494712338 101.85658886001497 155.81569188489797 161.9125074241975 166.45161254729155 177.06532106714815 118.34759195429993 49.67210367353832 75.94622293510058 0.47716579 -0.13443386 0.635109 0.48266057 -0.042821321 0.630011 0.46583698 -0.13237148 0.581535 0.52875281 -0.16558724 0.633068 0.52256702 -0.17271795 0.632149 0.54491816 -0.19114817 0.663741 21.43087547027897 78.18850161320383 134.6090400580327
168.75999149721795 172.4633848139037 103.06809514254782 163.67688868542515 160.94638930830047 167.1761394416074 177.7592949130867 119.11257901638868 42.90598208838651 76.95642252394514 0.47789854 -0.13439662 0.636775 0.4819056 -0.042884781 0.629697 0.46445598 -0.13218029 0.580248 0.52748838 -0.16376354 0.632354 0.52166122 -0.17219691 0.631714 0.54542352 -0.19135938 0.664619 21.527521646114764 77.19018996318806 134.94882168237154
168.63290741290467 172.42035260083173 104.00941850660945 162.0164367841172 159.98353775720693 167.0462939403619 177.87256060778893 119.58473389578855 43.53102181070859 77.494181338278 0.4788782 -0.13438667 0.637976 0.48174724 -0.042935944 0.629826 0.46368532 -0.13211745 0.579625 0.5269214 -0.1629271 0.632054 0.52135984 -0.17210597 0.631544 0.5457425 -0.19142657 0.665466 21.54613272380314 77.73121881289352 134.2314094600161
168.66712238568874 172.39131275892478 104.84851769378177 161.44945933757919 159.0036954269752 166.6180681513162 178.00917577734805 119.99582785222648 43.94463974248027 77.98653577544547 0.47963743 -0.13437153 0.638904 0.48165729 -0.042967085 0.62991 0.46306798 -0.13206669 0.579125 0.52639622 -0.16267306 0.63187 0.52105165 -0.17191838 0.631516 0.54600877 -0.19133073 0.666269 21.400337903805337 77.96696378721388 133.5390613079217
165.59317893320045 179.13860694985365 100.62349120618073 161.56810911596241 155.55927293364385 164.83662384934527 176.46910754351913 121.69651477341215 43.28672061915864 77.65712388131828 0.48002813 -0.13470921 0.639195 0.48393406 -0.043397403 0.620465 0.46269008 -0.13140994 0.579986 0.52661941 -0.162767 0.632882 0.52288863 -0.17147099 0.632854 0.54554616 -0.19125013 0.666026 19.516883637620957 76.69789322088432 134.82219997618387
165.743713484281 179.67219064957652 101.56208032480704 161.43199210426167 153.0455819674424 165.09517420666486 176.6059089622077 122.99663474404588 43.72344779970851 78.4055869625115 0.48054841 -0.13503544 0.63958 0.47919706 -0.046607817 0.616303 0.46136416 -0.13094625 0.578838 0.52574909 -0.16251681 0.632535 0.52306798 -0.17122658 0.633064 0.54621612 -0.19155811 0.667129 18.91628803394878 77.98365006032886 128.77465191270343
166.19439081388694 174.0809591510125 93.84727722918906 162.6768964822613 153.8701532217758 163.29407749993538 177.2879344100849 130.8780081333408 41.726089742425096 78.2136427040455 0.48152064 -0.13696762 0.640242 0.47913432 -0.048117663 0.616581 0.46337108 -0.12741028 0.582214 0.52669237 -0.16296281 0.634354 0.52314797 -0.17222065 0.633845 0.54521003 -0.19197181 0.665991 18.850483938974545 77.39124074858302 128.92017561501484
164.81954378875292 168.28584496728902 102.91303078919732 162.72971874234773 155.78192725776165 163.6492662947682 167.91104669555182 123.79356532893155 42.77413786283946 77.41570270006851 0.4828985 -0.1372712 0.640623 0.48984082 -0.043279135 0.628343 0.46218805 -0.13021503 0.580667 0.52507198 -0.16254736 0.633165 0.52240002 -0.17204886 0.632672 0.54571091 -0.19270606 0.666909 18.48648745185791 76.63357723513528 141.61008180623264
158.4905073782935 179.29310263413575 106.80268909573105 164.544350466288 160.28624178593478 167.6531976444541 178.38022289551466 113.090766641194 37.1445346300022 82.85476838949222 0.48341776 -0.14837514 0.639622 0.48617738 -0.047871738 0.623361 0.46298181 -0.13377249 0.580712 0.52415346 -0.16211366 0.632811 0.52024345 -0.18243963 0.631942 0.54550446 -0.1958642 0.666616 20.07685483647168 74.9048416152518 137.33719389877794
156.965515481442 178.08616883249772 106.4732092818087 161.1336308723756 163.46605348632977 163.8148470371906 179.49823302890434 117.27613591224706 43.620661985618916 78.74761529891124 0.48125364 -0.14800101 0.638919 0.48218643 -0.049278396 0.619463 0.46193475 -0.13249515 0.581172 0.52399643 -0.16270296 0.632901 0.52007321 -0.18175543 0.631797 0.54501145 -0.19404288 0.66597 20.019586554713946 76.90499625393916 132.49643929891067
155.81123060869308 174.42149129967683 105.74154685952891 152.96104336612888 163.60005187241535 163.8548815308709 179.3522560325905 118.11270579429831 48.03699874789815 78.22922018660499 0.48032427 -0.14782137 0.638823 0.47914809 -0.050240871 0.616812 0.46141143 -0.13267331 0.580896 0.52362058 -0.16300938 0.632569 0.51995708 -0.1813451 0.631426 0.54478037 -0.19444069 0.665564 22.894739960461873 80.36132178019926 129.123272694416
154.83886177067072 173.63442366400685 106.28661317177512 152.99707478936838 163.2533064412214 163.62818356191534 179.6172947601393 116.0287483515544 48.188674185662265 77.87609861053035 0.48058357 -0.14745307 0.638206 0.47813294 -0.050158656 0.615503 0.46077918 -0.13255282 0.580375 0.52332036 -0.1636948 0.63194 0.51959438 -0.18109794 0.630736 0.54417167 -0.19466713 0.664674 22.825281002383598 79.73239812371708 129.35731621864238
153.53548163378065 161.6060921948029 106.1107163106571 152.99311321700372 164.32099128328474 170.06892777508608 179.26787513366045 113.75308273065359 51.30086160973259 79.69774853394733 0.48016547 -0.14841216 0.637295 0.48137291 -0.051756363 0.617573 0.45896816 -0.13214561 0.578302 0.52308605 -0.17331568 0.629675 0.51902187 -0.18838657 0.628137 0.54440621 -0.20175207 0.663654 22.612686460714787 80.42545551856598 130.47937395397958
152.5131779436563 179.6087883910698 113.02477220884913 154.12505402797655 161.40636985729788 172.28535234838924 174.73334842115935 116.54804899676569 55.610005024130515 80.52318051653245 0.48344483 -0.16032881 0.634255 0.47864732 -0.061026979 0.610733 0.45339836 -0.14134505 0.569658 0.51867322 -0.18602565 0.62368 0.51574818 -0.19678313 0.623907 0.54328774 -0.20722859 0.663398 21.949249822129644 80.59859594414577 126.98409781969977
154.36854909059997 178.21606798869868 113.85576707991633 153.69281293195934 160.82492612477057 171.97479154255356 174.16431866017916 117.0049877986633 56.160671495561964 81.27243680870991 0.48264051 -0.15709473 0.636811 0.48350615 -0.058699894 0.614489 0.45221466 -0.14059887 0.568305 0.51730965 -0.1852954 0.62192 0.51400095 -0.19589099 0.621678 0.54274468 -0.20808519 0.662952 22.11526384106635 81.05137218140831 130.66649220342774
152.86109771571032 178.33805222695926 112.17624273810804 154.70718212824164 160.59904781025324 171.12593722393956 174.21063164304945 116.74890779182341 55.40871753620002 70.9783729017387 0.481575 -0.15667379 0.635318 0.48292983 -0.06045627 0.613431 0.45325262 -0.14073911 0.569387 0.51863709 -0.18555507 0.622995 0.51796117 -0.18631987 0.622944 0.54170753 -0.20798832 0.66161 19.929838841728856 80.45787943284013 130.68990539885826
151.38404234155914 179.06517780919867 109.37546723885144 157.38197291027976 174.5664357113807 163.16324909608304 174.62705070925063 115.51071025722116 54.699169180228026 64.67507107169416 0.48083119 -0.15869166 0.633273 0.48503849 -0.059826712 0.615387 0.45518269 -0.14188584 0.572125 0.51973664 -0.18732454 0.624432 0.51936806 -0.18780682 0.623703 0.53988699 -0.20927683 0.658613 18.08265975686651 78.09630583607351 136.52790309651982
148.8418866901539 165.66503030258 108.72879253208687 160.32601234046092 158.9000673913119 163.45011198002092 176.87286664324162 117.26989429787186 56.96635283400665 73.28718679258624 0.4805146 -0.16417581 0.630578 0.48150075 -0.071951352 0.611482 0.45407993 -0.14525509 0.5708 0.51832455 -0.19390592 0.623331 0.51755302 -0.19466969 0.622888 0.54047998 -0.21325702 0.656929 17.994653694275275 77.74124171240541 129.90833014416665
154.2451418650967 172.067169155994 115.14483411963302 157.55091518114213 160.26251346710342 164.0656097460788 172.59750987660757 118.32169915192 65.38536295601737 78.48018199154883 0.47980624 -0.16853544 0.629707 0.48279184 -0.07424211 0.612318 0.44928574 -0.15676414 0.563637 0.51336328 -0.2060525 0.617972 0.51637305 -0.20564872 0.618543 0.54089096 -0.21879522 0.657126 16.151883493861753 77.71724712117859 133.96683318869978
154.3262115901537 176.69595415585317 117.6149089311259 156.03174605541497 159.16540537652617 164.257199841441 174.9268146088654 119.51714089226913 66.8205664150959 81.39882824893478 0.48043349 -0.169722 0.631807 0.48183373 -0.073168152 0.61168 0.44678137 -0.15610269 0.56128 0.51100198 -0.20540633 0.616037 0.51288114 -0.20523031 0.616723 0.54186666 -0.2201085 0.658588 18.224714445230113 79.07614231032444 133.00951258954933
151.76015295821338 176.63083107669726 115.35272779912529 155.89090577479135 166.18121712797338 162.64354121167796 168.70584757939696 118.14546671766323 65.71295846013422 80.65724378866187 0.48104512 -0.17122971 0.632226 0.46947772 -0.07543799 0.606461 0.44721102 -0.15732715 0.562801 0.51143987 -0.20512551 0.616555 0.50932357 -0.20620509 0.616556 0.53939248 -0.22000983 0.656059 22.67843960647633 78.133705119084 126.39706014197797
151.97075140853948 172.3323777575733 119.54553811087169 152.85734004671846 162.67301097485975 165.50220248512494 172.74555319842239 126.66943579486421 66.8308844037998 82.95687305300143 0.48065268 -0.1772475 0.629166 0.47441343 -0.075810783 0.607028 0.44318685 -0.1689099 0.558057 0.50951184 -0.20448934 0.614187 0.50872911 -0.2066048 0.616137 0.54053369 -0.22245832 0.657438 23.64103307687351 78.95407288860753 132.9672604321503
150.3729268743328 174.21741611515864 119.41068352626229 147.66532340047203 160.02401153865898 167.43234941396423 172.53538540590225 123.71721851291365 67.12577641055714 82.94539082744556 0.48196119 -0.17879512 0.629699 0.46971113 -0.083660025 0.604448 0.44164972 -0.17047212 0.556194 0.50794266 -0.20475105 0.611916 0.50613501 -0.20804875 0.613422 0.53965985 -0.22477823 0.655866 25.55610506271392 81.91190067721173 126.47184487782442
155.14822656610787 172.72066868206784 118.41628166238975 155.65239763242838 164.9410255248473 164.75902304382276 175.79696205019303 122.99905811588476 65.70335206397174 79.96063235266689 0.48149179 -0.18091778 0.627068 0.47544141 -0.087391439 0.60854 0.45440575 -0.1787113 0.561154 0.51479 -0.21320616 0.617365 0.51520717 -0.2152996 0.619624 0.54451959 -0.23280297 0.658151 24.41614767530335 76.23001212439517 133.20552833192548
154.16554620326258 173.65867068105368 117.67256200413028 157.85991259065005 166.29447317110052 163.1759509083366 178.2854063858953 123.61910046348478 64.0331495369081 79.01282915594585 0.48119854 -0.17944336 0.627285 0.48779302 -0.07793572 0.618542 0.45703858 -0.18172416 0.563317 0.51642126 -0.21388681 0.61887 0.51714143 -0.21541335 0.620613 0.54463048 -0.23287554 0.658231 22.705793172716866 74.1007963711725 147.2922477860832
157.17204583733334 179.3103622697665 117.7574930053178 154.6913019356251 165.69033688634474 163.19254674940424 177.6764270051444 125.84513298359009 63.846397231977015 78.65855916606803 0.48355978 -0.1808081 0.627761 0.4917608 -0.085839154 0.622286 0.4575676 -0.18329471 0.564077 0.51745489 -0.21478846 0.619953 0.51884431 -0.21621966 0.622057 0.54529118 -0.23383248 0.659075 21.99269047825227 75.50642313505266 149.04846652057904
139.994441556394 179.01469633508924 115.32782436509649 160.13955506679036 167.88296996729136 159.64467048935077 178.8583472564717 119.78320805526465 50.44132121803599 76.62012601780086 0.49375706 -0.18412091 0.632275 0.49417119 -0.088837881 0.624823 0.46079838 -0.18491333 0.568336 0.53288014 -0.21495129 0.622661 0.52056532 -0.21743179 0.623723 0.54457005 -0.23606049 0.657858 31.966255763439857 77.46647883047969 154.57562739205463
152.17649204056 178.96369708106323 114.02139533879975 159.42572522337088 168.01001284981294 161.36082574689044 177.66668769239476 119.23266456572617 50.59669613875967 75.21995548396329 0.48903656 -0.18351204 0.632597 0.49531801 -0.092959226 0.627256 0.46158312 -0.18583315 0.569853 0.53319735 -0.21596773 0.623964 0.52156715 -0.21850478 0.624962 0.54459695 -0.23834468 0.658202 30.8711427306372 77.45642756106798 155.68506901717402
151.83433714361382 179.80811282733873 109.71966448119336 161.47261420383128 168.61452050690053 162.11399797414796 177.64527381057252 109.10678189784605 47.77617448792292 67.05251425554584 0.49152893 -0.19753779 0.633187 0.49633294 -0.10747993 0.630265 0.46456417 -0.18576522 0.575663 0.53563951 -0.22812506 0.62792 0.52377984 -0.21985118 0.627967 0.54268939 -0.25148955 0.657121 31.99231264138876 76.09837998025081 159.48303932066554
148.8462388890494 179.3174292341764 90.55193405687776 162.70038764471445 172.93071704911628 160.48525449648645 177.04963813517202 122.52211831139766 46.41153247824305 64.32151162021749 0.49204664 -0.19780765 0.635559 0.49390223 -0.10862094 0.630159 0.46297275 -0.17990729 0.577544 0.53674359 -0.22773736 0.628655 0.52346992 -0.21977755 0.62779 0.54310934 -0.25139167 0.656791 31.255140768222148 76.5302821318132 156.44545669742925
144.25868851142235 179.5018682622704 100.60984919771262 162.54960598010675 172.7672346937537 161.0944539832825 177.05631366061445 104.54982168643423 49.70861627781669 69.97424379738626 0.48740058 -0.20921863 0.632713 0.48008286 -0.11620464 0.616111 0.46661694 -0.18761234 0.577154 0.5342092 -0.23867757 0.627949 0.51931981 -0.231633 0.626903 0.53978475 -0.25961655 0.655468 32.919552500592566 72.5354131580922 146.39443820353466
144.31616509163695 179.49790970226573 91.09220431248569 162.4858542711759 173.03623809907774 156.15373154270955 177.02835813486786 114.9424976494751 49.99144876442802 69.97688958858261 0.48717641 -0.21773438 0.632422 0.48002442 -0.12446683 0.616036 0.46527185 -0.19343407 0.577477 0.53442188 -0.24704162 0.628199 0.51954762 -0.24030215 0.627178 0.53960276 -0.2677273 0.655247 32.74787522224955 75.55897171784896 142.96230023728654
153.33456806707247 179.91739689968043 98.41738810156653 160.98255103909378 171.2717839384057 162.8174017210338 174.68228133277808 115.73034895353528 52.12693863054362 75.03361248620784 0.4892994 -0.23145077 0.635182 0.48601529 -0.13769204 0.622207 0.46378841 -0.20749985 0.57543 0.53357822 -0.25888371 0.627552 0.52108462 -0.25680393 0.627145 0.54464045 -0.28018027 0.658478 31.836734799172504 75.26858147225737 146.94782176059863
154.94478993085275 179.97561686865072 98.27805880009205 160.7425854486266 153.75795389480388 163.56477036841093 174.35841682632392 116.02458648634762 52.303482981391944 84.71986741972519 0.48834817 -0.23379774 0.637364 0.48678713 -0.13993274 0.625282 0.46293733 -0.20950825 0.576505 0.53302907 -0.26071526 0.628478 0.51943719 -0.25986084 0.627871 0.54486649 -0.28222298 0.659758 32.10335802793355 75.38962007857239 148.25871649143832
157.3057567960472 179.96570507557368 98.92060692285308 159.5075872707306 166.38674913698483 172.51009513233444 173.98586333896628 117.95765352924433 53.19687026648886 80.91122777741967 0.48722639 -0.24671472 0.639329 0.48758918 -0.15238305 0.628393 0.46048748 -0.22047407 0.575584 0.53142396 -0.27221601 0.628158 0.51703221 -0.2728281 0.627649 0.54632033 -0.29505601 0.662529 32.617475695598905 77.63985236839656 146.8829285150216
158.7606320109763 179.9752939340499 96.22791976969793 158.6692222393089 164.8149193366178 168.72021762201106 173.48441324514926 124.06755231324627 53.97390293488177 82.24935124526723 0.48405689 -0.25757581 0.641344 0.48706351 -0.16284735 0.628764 0.45668914 -0.22796818 0.574724 0.52986705 -0.2820317 0.627227 0.51525018 -0.28278976 0.626454 0.54669799 -0.30552791 0.663204 32.84434007543541 82.38267809202237 141.6471276970041
156.91211996762027 177.76648578271335 100.12409384798376 157.5178254384058 164.42015329989505 172.71647657285337 179.4895840016239 125.71789466872478 60.28609885543295 82.45046644267009 0.4715078 -0.2681635 0.638852 0.48459133 -0.16307005 0.624781 0.45495008 -0.23462502 0.572673 0.52770677 -0.29118148 0.625 0.51468769 -0.29112428 0.623808 0.54639503 -0.30882721 0.663758 30.281884840638906 84.2189193072841 137.16653815171782
158.70926254329515 175.8476807158447 101.02245579953693 153.71568692000713 166.34099640799002 172.72431736211078 179.9238517235483 126.40068349843727 49.9301308346203 80.76327345588415 0.46680937 -0.27801763 0.637404 0.4837469 -0.16730147 0.624809 0.45285456 -0.24470861 0.573053 0.51613896 -0.28478264 0.625016 0.51396053 -0.29976838 0.623622 0.54356459 -0.31453506 0.662468 19.22538917319646 77.2107973202131 140.5450749102374
156.03862731098582 179.91159204024507 102.94522229689113 151.86015376311275 166.0551849025706 169.7285058864374 179.86838602878487 127.15392793780615 53.59250820838773 80.06425610302969 0.46795869 -0.28169738 0.638674 0.4796785 -0.17921925 0.622292 0.45114088 -0.25353829 0.570644 0.51504548 -0.29421859 0.62332 0.51452054 -0.30792156 0.622377 0.54418257 -0.32662601 0.662721 18.179739077125777 77.841555304495 136.31781300250867
153.57058518737475 179.69295209787242 104.78550506612874 148.83493497436146 166.29742330482216 171.9427557260686 179.3824523808144 126.41579924070054 60.79107609220553 77.83590905654661 0.47057921 -0.29031462 0.630626 0.47578293 -0.17865379 0.621746 0.44965214 -0.25469844 0.569038 0.51494446 -0.29727762 0.623184 0.51705512 -0.30860704 0.623631 0.54283021 -0.32274616 0.661823 23.166233061809606 83.47747602958232 137.28335191470617
156.73231991247377 179.29946509015346 106.97618357208762 153.8175436994857 163.55412630291997 170.89831408904098 178.65027851498033 125.5476692554509 61.54074256245804 72.92995229924297 0.4678339 -0.29917205 0.626947 0.47183298 -0.18824519 0.621136 0.44891859 -0.26600912 0.568386 0.51441361 -0.31009824 0.622528 0.5174502 -0.3105742 0.622956 0.54258487 -0.33450276 0.661294 22.585612044055004 80.05670445390601 136.57461215064924
157.16418955085544 179.94008593531646 107.56152943571574 153.47056680143103 166.8905094525807 172.84892974285373 179.9035547259639 125.98794635242989 62.36163792181377 73.70116464541765 0.46340245 -0.31030083 0.626327 0.47643878 -0.1970838 0.621091 0.44667653 -0.27562693 0.568078 0.51199434 -0.31981392 0.621872 0.51638993 -0.32516117 0.621912 0.5407861 -0.34428333 0.66134 21.268171192404058 80.27541836208971 139.44020486102514
173.85944749686445 179.98958575254485 111.28573861577286 159.20639146380924 167.4161103085027 172.45959897183553 179.9906432178092 128.46884517589632 66.1683282428194 76.73384586807923 0.47067656 -0.29755586 0.626362 0.47724468 -0.19771955 0.619794 0.44853446 -0.28388771 0.565472 0.51038249 -0.32809261 0.621228 0.51876571 -0.33497938 0.623314 0.53744503 -0.34579245 0.659532 15.455338775014695 77.05688363183847 143.41898766846157
164.45994712698922 179.97487740357758 113.37423186089774 157.90971253002812 165.27115409044717 175.33631783923758 179.9641066734988 127.81281974904687 65.28771116332722 78.14089575629235 0.47452132 -0.30975813 0.627019 0.47810174 -0.20949253 0.618149 0.44640764 -0.29194668 0.562284 0.50895198 -0.33713212 0.619259 0.51770899 -0.34450523 0.622259 0.53907601 -0.35858415 0.660676 16.290725490913914 79.37911433270735 140.96730619752438
166.19994243055646 179.69976964956555 90.24312784124133 162.16205854199245 73.43285678579272 173.84778644614883 179.53871110530443 123.69845261837702 66.45551409059293 167.69397029428092 0.46846186 -0.31564223 0.620167 0.46755675 -0.21673646 0.605205 0.45202011 -0.27774945 0.571037 0.51387971 -0.35035953 0.626224 0.5001612 -0.28043857 0.592808 0.53500179 -0.3594301 0.656273 131.45138478875378 77.78354325256255 129.78669607938048
166.71328480045926 179.69267826436726 100.77624257601238 163.05466677952305 69.91686885348241 174.38449987636756 179.52976841039137 113.90855160914201 66.92153301881407 168.55998952776258 0.46584276 -0.31588699 0.617016 0.46681525 -0.21758274 0.604396 0.45257968 -0.2805023 0.570523 0.51309656 -0.35210176 0.625589 0.50171451 -0.29379296 0.592029 0.53414476 -0.36347112 0.655788 118.70237965358618 73.8010257696992 132.73458287970718
167.75986579303597 177.8866511603696 97.00210695696714 159.6739282330096 97.7400657851908 176.19439666059338 179.52097492565287 118.0865363433391 67.67157290048799 161.29756330789053 0.46421886 -0.31694756 0.611743 0.46632256 -0.21791101 0.601588 0.45534175 -0.28942323 0.564251 0.5107881 -0.35211316 0.622036 0.50311622 -0.29476973 0.589763 0.53421362 -0.36530113 0.656179 122.75117189254222 74.52267298852794 133.02321326574662
167.4571989852723 179.71412426513746 105.76713922032125 162.45976930866973 81.29031511390961 177.58244174117613 179.58741983847358 123.93734958457904 66.8028258465951 170.15888813265687 0.4551903 -0.32158354 0.605028 0.46431032 -0.22053117 0.595798 0.45255161 -0.29421021 0.556488 0.50763573 -0.35180435 0.615791 0.50786104 -0.31094481 0.583738 0.53513013 -0.3673342 0.654854 104.30789495283393 78.59852509172728 125.13052203536861
166.65605797643022 179.82798187663832 99.41347039579884 166.2124565636983 76.05484663741312 174.94510067563252 178.7928213905879 125.69210862897769 66.72291223594871 170.6116127170066 0.45391872 -0.32065124 0.604118 0.46222095 -0.22028997 0.592246 0.45211005 -0.29044671 0.557612 0.50891288 -0.35484276 0.615638 0.50631151 -0.30777336 0.582918 0.53310287 -0.36492719 0.652152 104.17475679310117 75.13369753873185 124.29541472934683
168.0105487799851 178.036669810414 101.28245886268975 166.39651799674937 108.28423192037205 176.9843325141127 178.13771219092564 125.77540060500506 67.85882278237986 163.68980447293046 0.45361215 -0.32043123 0.603199 0.46091337 -0.22022027 0.590351 0.45225227 -0.29056456 0.557772 0.50974682 -0.35608305 0.616507 0.50339037 -0.32994022 0.584361 0.53454733 -0.36599862 0.653611 86.15448629833558 75.56906456467857 120.91636957826486
167.99307850002594 176.14091155713353 98.46487341991946 164.31317209214805 109.78214475608927 172.64696507069218 178.9548307015605 133.6801643868492 69.01407211149048 168.83671020576585 0.4583301 -0.32721999 0.598417 0.45857095 -0.22055514 0.586859 0.44784073 -0.29429748 0.551364 0.50585465 -0.35505598 0.611665 0.49822275 -0.33041733 0.5803 0.53423582 -0.36566931 0.652692 92.55842835274319 83.91570555080432 109.90803184103244
