175.841 170.146 170.448 134.534 164.103 177.533 168.519 170.36 120.611 90.3423 17.5307 291.843 -0.888848 47.8591 267.16 -83.9789 88.8517 266.228 -90.7481 105.159 279.185 -21.1818 101.782 330.529 2.22212 75.0591 346.377 -28.3408 53.3345 53.4712 15.7005 
175.819 170.131 170.45 134.111 164.052 177.602 168.488 170.303 120.375 90.358 17.1985 291.902 -0.88569 47.8252 267.015 -83.8368 88.8222 266.157 -90.6448 105.287 279.08 -22.0346 101.851 330.456 2.20766 75.0337 346.288 -28.3529 54.0472 52.6952 15.711 
175.683 170.136 170.492 133.648 164.07 177.627 168.475 170.37 120.06 90.2427 17.043 291.818 -0.925004 47.8809 266.821 -83.74 88.933 266.089 -90.5649 105.472 279.202 -22.4981 101.864 330.472 2.12104 75.0219 346.173 -28.3713 54.4799 52.3124 15.7622 
175.355 170.113 170.517 133.575 164.069 177.642 168.432 170.473 119.86 90.137 17.0937 291.677 -1.02211 47.9892 266.656 -83.6206 89.0407 266.026 -90.4975 105.564 279.288 -22.537 101.861 330.476 2.05279 75.0359 346.084 -28.3708 54.5324 52.2748 15.7686 
174.901 169.989 170.578 134.309 164.078 177.582 168.236 170.689 119.333 89.9611 17.3647 291.442 -1.05183 48.1514 266.401 -83.2917 89.1051 265.894 -90.3461 105.247 279.489 -21.8069 101.834 330.477 1.94816 75.0578 345.976 -28.3421 53.8396 52.9018 15.7047 
174.462 169.893 170.712 136.067 164.05 177.427 168.074 170.962 118.66 89.7196 17.7315 291.29 -1.09722 48.3244 266.18 -82.967 89.1851 265.726 -90.1683 104.8 279.754 -20.3712 101.825 330.551 1.86891 75.1467 345.908 -28.2942 52.6281 54.1057 15.6372 
174.221 169.837 170.824 136.478 163.933 177.297 167.955 171.209 118.155 89.4372 18.055 291.198 -1.1866 48.5827 265.963 -82.6756 89.3852 265.566 -90.001 104.491 280.141 -19.2806 101.883 330.636 1.84627 75.3109 345.818 -28.213 51.7825 55.0551 15.588 
174.431 169.829 170.919 137.478 163.68 177.319 167.927 171.47 117.833 89.1526 18.4006 291.009 -1.19185 48.9573 265.787 -82.4656 89.7097 265.483 -89.9005 104.391 280.406 -18.0621 102.032 330.773 1.85724 75.5249 345.717 -28.091 50.9049 56.1139 15.5514 
173.938 169.74 170.967 138.713 163.304 176.944 167.78 171.732 117.267 88.8793 19.0746 290.988 -1.3955 49.3635 265.882 -82.339 89.98 265.584 -89.8557 103.92 280.927 -16.4357 102.158 330.804 1.94677 75.8626 345.782 -27.9091 49.4553 57.5781 15.4329 
173.578 169.698 170.913 139.933 162.983 176.561 167.635 171.719 117.213 88.7288 19.5462 291.186 -1.5134 49.63 266.177 -82.4381 90.2308 265.696 -89.8775 103.411 281.159 -14.7676 102.261 330.714 2.20554 76.2578 345.911 -27.6808 48.049 58.9481 15.3778 
172.728 169.484 170.396 140.518 162.876 176.118 167.254 171.232 117.857 88.6644 20.0058 291.155 -1.62732 49.8698 266.148 -82.3608 90.3961 265.571 -89.742 103.224 280.558 -13.8035 102.386 330.344 2.68409 76.6749 345.781 -27.3963 47.5569 59.3853 15.2951 
172.033 169.352 170.091 140.855 162.854 175.734 167.085 170.782 118.334 88.8021 20.146 291.195 -1.49162 50.0538 266.189 -82.6178 90.6521 265.301 -89.6836 103.035 279.795 -13.2435 102.516 329.81 3.24612 77.1275 345.535 -27.1557 47.4551 59.5256 15.2966 
171.03 169.262 169.977 142.031 162.803 175.164 166.975 170.606 118.506 89.0709 20.6237 291.443 -1.29278 50.2888 266.403 -82.7609 90.983 265.147 -89.5299 102.588 279.578 -11.7663 102.638 329.431 3.84329 77.6658 345.521 -26.8671 46.4672 60.4559 15.3134 
170.318 169.183 169.57 142.218 162.551 174.705 166.94 170.126 118.892 89.2635 20.8645 291.747 -0.892693 50.6076 266.562 -82.8437 91.3247 265.003 -89.2205 102.739 279.193 -11.0988 103.049 328.907 4.31105 78.1345 345.442 -26.6387 45.9917 60.6332 15.3096 
169.896 169.208 169.331 142.045 162.559 174.388 167.088 169.987 119.429 89.5001 21.3803 291.942 -0.199921 51.1025 266.665 -82.6692 91.7968 265.037 -88.8458 103.629 278.928 -10.8329 103.805 328.789 4.73209 78.6773 345.469 -26.3756 46.055 60.4636 15.3054 
169.179 169.259 169.255 141.739 162.725 174.073 167.291 170.211 119.913 89.7222 21.9803 292.271 0.566452 51.5349 266.69 -82.1769 92.1532 265.062 -88.2969 104.656 278.897 -10.5763 104.566 328.853 4.99561 79.1468 345.595 -26.1726 46.1458 60.2593 15.2749 
168.493 169.244 169.539 141.658 162.807 173.816 167.382 170.76 120.035 89.6374 22.5014 292.749 1.37865 51.9585 266.528 -81.4129 92.4461 264.934 -87.6608 105.545 279.365 -9.94427 105.294 329.388 5.0694 79.641 345.791 -26.0875 46.1509 60.4372 15.201 
168.275 169.235 169.905 142.364 162.852 173.775 167.372 171.248 119.574 89.4277 23.2826 292.976 1.90557 52.6491 266.355 -80.6541 92.9745 264.934 -87.1546 105.832 280.407 -8.68314 105.989 330.124 4.98465 80.1222 346.05 -26.0365 45.2369 61.4296 15.1061 
168.402 169.169 170.02 142.479 163.043 173.908 167.359 171.474 119.526 89.2599 23.7116 293.075 2.37453 53.2478 266.212 -80.1331 93.3301 265.075 -86.8567 106.652 281.023 -8.27065 106.591 330.749 4.84881 80.4747 346.204 -26.0258 45.1653 61.7677 14.9662 
168.611 169.29 170.129 142.619 163.245 174.13 167.463 171.69 119.756 89.1915 24.1636 293.207 2.54391 53.8236 266.268 -79.9456 93.6814 265.355 -86.7871 107.329 281.407 -7.99551 106.995 331.315 4.78412 80.8178 346.465 -25.9759 45.2138 61.9834 14.8114 
168.845 169.527 170.32 143.009 163.348 174.276 167.632 171.895 119.974 89.2055 24.5708 293.258 2.47852 54.4318 266.403 -80.1365 94.1502 265.661 -86.9921 107.74 281.746 -7.61482 107.216 331.836 4.80774 81.148 346.718 -25.9473 45.1787 62.3959 14.6865 
168.696 169.726 170.502 143.306 163.449 174.254 167.773 172.009 120.241 89.3931 25.1329 293.29 2.24494 54.9822 266.668 -80.4474 94.7201 265.99 -87.1777 108.022 281.998 -7.20473 107.29 332.152 4.90329 81.5024 346.957 -25.9335 45.0638 62.8022 14.6771 
168.523 169.945 170.668 143.962 163.436 174.16 167.967 172.083 120.732 89.6826 25.5141 293.37 1.95257 55.3696 266.972 -81.0136 95.1752 266.205 -87.5159 108.082 281.968 -6.63333 107.241 332.264 5.04504 81.8056 347.14 -25.9781 44.7945 63.3177 14.6839 
167.958 170.166 170.757 144.338 163.434 173.874 168.164 172.061 121.372 90.0099 25.8506 293.575 1.57629 55.6596 267.225 -81.6017 95.5 266.262 -87.7969 107.899 281.677 -6.13545 107.089 332.188 5.2651 82.0742 347.287 -26.0252 44.5838 63.6356 14.6464 
167.969 170.311 170.805 144.34 163.501 173.888 168.289 172.046 121.782 90.2042 25.9553 293.947 1.2518 56.0371 267.639 -82.179 95.9126 266.571 -88.1671 108.002 281.746 -6.02758 107.131 332.358 5.3265 82.3591 347.6 -26.1085 44.4984 63.7948 14.626 
167.637 170.418 170.825 144.547 163.508 173.792 168.322 171.95 122.11 90.4188 26.1628 294.186 0.813281 56.3521 267.978 -82.7139 96.2219 266.834 -88.5585 107.976 281.811 -5.80401 107.087 332.424 5.40138 82.5704 347.853 -26.1998 44.2471 64.0736 14.5788 
167.54 170.59 170.984 144.656 163.559 173.684 168.459 172.047 122.163 90.5761 26.3213 294.521 0.35299 56.6196 268.202 -83.1496 96.5039 266.953 -88.8975 107.572 282.093 -5.43799 107.009 332.597 5.43746 82.7852 348.11 -26.3301 43.855 64.5414 14.5334 
167.215 170.713 171.156 144.527 163.618 173.485 168.488 172.045 122.176 90.6507 26.4656 294.765 -0.0786437 56.7645 268.361 -83.5106 96.6772 267.01 -89.1881 106.945 282.235 -5.25107 106.815 332.632 5.47103 82.9119 348.283 -26.4427 43.545 64.8456 14.4995 
167.007 170.806 171.266 144.44 163.738 173.289 168.527 172.108 122.095 90.6655 26.6775 294.873 -0.476169 56.8986 268.374 -83.7881 96.8475 266.977 -89.4099 106.503 282.43 -5.07782 106.663 332.676 5.42113 83.005 348.372 -26.5775 43.2699 65.149 14.4824 
166.887 170.896 171.366 144.318 163.783 173.139 168.569 172.142 122.104 90.7449 26.8983 294.895 -0.662506 57.0241 268.323 -83.898 97.0301 266.908 -89.4997 106.231 282.57 -4.89193 106.542 332.716 5.44117 83.0537 348.43 -26.6522 43.067 65.3587 14.4923 
166.816 170.962 171.379 144.214 163.806 173.008 168.618 172.084 122.213 90.8755 27.0169 294.932 -0.744002 57.127 268.25 -84.0635 97.1785 266.814 -89.5747 106.216 282.612 -4.74984 106.486 332.68 5.46719 83.1081 348.44 -26.7413 42.9431 65.4915 14.5038 
166.798 171.006 171.315 144.047 163.823 172.927 168.677 172.001 122.354 90.97 27.0842 294.937 -0.649083 57.1802 268.225 -84.1603 97.2704 266.775 -89.5857 106.36 282.566 -4.68056 106.469 332.623 5.57178 83.1226 348.431 -26.7249 42.9696 65.4963 14.5211 
167.065 171.026 171.33 143.838 163.876 172.965 168.715 172.038 122.411 91.0099 27.0847 294.962 -0.673239 57.2432 268.225 -84.2242 97.3297 266.747 -89.6016 106.443 282.539 -4.75103 106.479 332.581 5.57729 83.1574 348.435 -26.7535 43.0301 65.4282 14.5091 
167.626 171.04 171.281 143.527 163.91 173.179 168.791 172.075 122.469 90.9815 26.9807 295.085 -0.713722 57.2717 268.363 -84.2597 97.3548 266.908 -89.6285 106.688 282.513 -5.18342 106.592 332.671 5.47486 83.1444 348.547 -26.8113 43.2998 65.0895 14.517 
168.337 171.041 171.152 143.323 163.866 173.503 168.859 171.972 122.574 90.9613 26.6888 295.073 -0.720462 57.2288 268.43 -84.3438 97.3074 266.998 -89.6611 106.994 282.163 -5.84414 106.734 332.632 5.45242 83.1063 348.535 -26.8399 43.8282 64.4934 14.5288 
168.726 171.016 171.001 142.955 163.811 173.672 168.898 171.802 122.751 91.0107 26.5766 295.009 -0.83758 57.1591 268.548 -84.5431 97.2367 267.13 -89.7871 107.384 281.903 -6.51037 106.802 332.57 5.41083 83.0393 348.554 -26.9147 44.3064 63.9515 14.543 
168.957 171.003 170.889 142.587 163.784 173.746 168.91 171.623 122.884 91.0753 26.5198 294.844 -0.818247 57.0612 268.525 -84.6249 97.0725 267.155 -89.8405 107.677 281.647 -7.10865 106.878 332.494 5.39316 82.9566 348.508 -26.9663 44.7355 63.4473 14.5126 
169.515 171.049 170.781 142.256 163.801 173.956 169.036 171.492 123.055 91.1617 26.4352 294.711 -0.784697 56.9685 268.576 -84.7368 96.9376 267.265 -89.9574 108.078 281.323 -7.86276 106.989 332.436 5.34426 82.8621 348.483 -27.0091 45.2795 62.8669 14.5066 
170.017 171.044 170.598 141.905 163.817 174.176 169.114 171.294 123.158 91.239 26.2244 294.597 -0.830369 56.7464 268.659 -84.8501 96.6839 267.398 -90.0449 108.309 280.941 -8.77826 107 332.311 5.30775 82.6955 348.445 -27.0517 45.9135 62.1464 14.5124 
170.405 171.049 170.482 141.538 163.925 174.319 169.16 171.148 123.122 91.2065 26.1507 294.219 -0.946069 56.5527 268.6 -85.0327 96.4865 267.45 -90.224 108.66 280.65 -9.58966 107.017 332.136 5.24559 82.5342 348.29 -27.0669 46.4574 61.5923 14.5335 
171.015 171.039 170.397 141.252 164.036 174.544 169.249 171.051 123.179 91.2217 25.9914 293.815 -1.01787 56.2737 268.501 -85.2054 96.2705 267.457 -90.3981 108.985 280.276 -10.4145 106.957 331.949 5.13179 82.3334 348.096 -27.1375 47.0708 61.0345 14.6061 
171.966 170.959 170.301 140.997 164.157 174.953 169.255 170.934 123.026 91.1603 25.7824 293.357 -0.978424 56.0876 268.331 -85.1216 96.0712 267.479 -90.4331 109.428 279.984 -11.4437 107.047 331.902 4.99617 82.1593 347.885 -27.1783 47.8745 60.2847 14.6448 
172.645 170.905 170.254 140.64 164.275 175.337 169.277 170.869 122.858 91.0771 25.6118 292.896 -1.04173 55.9496 268.134 -85.0968 95.9544 267.462 -90.5419 109.87 279.647 -12.5665 107.125 331.777 4.87666 82.0255 347.645 -27.1898 48.7353 59.4773 14.6935 
173.223 170.874 170.309 140.656 164.369 175.636 169.304 171.005 122.536 90.8872 25.4795 292.571 -1.09883 55.9054 267.976 -85.1295 95.9435 267.426 -90.6734 110.222 279.626 -13.0021 107.21 331.737 4.71384 81.979 347.46 -27.2064 49.0608 59.289 14.7381 
173.48 170.825 170.42 141.246 164.421 175.753 169.27 171.111 122.094 90.679 25.5276 292.235 -1.1901 55.9309 267.884 -85.2041 95.979 267.43 -90.8435 110.263 279.72 -12.9135 107.231 331.637 4.53872 81.9387 347.313 -27.208 48.8085 59.5656 14.7558 
173.616 170.78 170.484 141.539 164.444 175.831 169.237 171.157 121.905 90.5189 25.5786 291.897 -1.28348 55.9356 267.794 -85.2953 96.0251 267.396 -90.9867 110.353 279.643 -12.9238 107.222 331.439 4.40358 81.8882 347.136 -27.2009 48.6611 59.6934 14.7955 
173.681 170.721 170.579 141.614 164.423 175.852 169.207 171.382 121.794 90.3416 25.4762 291.831 -1.26886 55.7858 267.728 -85.2682 95.9193 267.323 -91.0524 110.304 279.577 -12.9881 107.226 331.346 4.2761 81.8492 347.046 -27.2064 48.636 59.7129 14.8298 
173.693 170.662 170.767 141.7 164.37 175.957 169.173 171.638 121.624 90.1489 25.4076 291.667 -1.41268 55.5701 267.597 -85.2795 95.8565 267.205 -91.1782 110.48 279.506 -13.2493 107.289 331.243 4.07188 81.8326 346.906 -27.286 48.7552 59.6153 14.9533 
173.127 170.624 171.002 142.325 164.336 175.765 169.11 171.872 121.258 90.0791 25.4918 291.757 -1.46464 55.4596 267.579 -85.1814 95.8396 267.086 -91.1178 109.939 279.731 -12.6935 107.142 331.297 3.99849 81.8196 346.938 -27.3392 48.2253 60.0879 15.014 
172.657 170.591 171.213 142.686 164.26 175.59 169.041 171.992 121.081 90.0627 25.7401 291.633 -1.48939 55.4645 267.567 -85.149 95.8697 267.033 -91.1285 109.683 279.862 -12.3329 107.032 331.266 3.93459 81.7964 346.912 -27.365 47.8418 60.44 15.0315 
172.542 170.547 171.353 143.086 164.203 175.514 168.954 172.101 120.98 90.0182 25.8468 291.466 -1.58808 55.4876 267.435 -85.1293 95.8244 266.911 -91.2208 109.411 279.931 -11.9728 106.945 331.2 3.774 81.7275 346.831 -27.4693 47.3625 60.8535 14.98 
172.596 170.575 171.664 144.127 164.106 175.487 168.93 172.414 120.457 89.8456 25.9112 291.278 -1.76293 55.4891 267.192 -85.0914 95.8474 266.704 -91.3925 108.682 280.323 -11.0604 106.806 331.225 3.49211 81.6362 346.736 -27.6101 46.2761 61.8875 14.9839 
172.993 170.58 171.944 144.353 164.031 175.554 168.917 172.737 120.17 89.6952 25.7068 291.307 -1.914 55.4787 267.101 -85.1279 95.8118 266.698 -91.601 108.492 280.855 -10.6558 106.694 331.409 3.14502 81.5236 346.766 -27.8142 45.7307 62.5461 14.9639 
173.046 170.549 172.175 144.362 163.978 175.535 168.832 172.923 119.963 89.6522 25.6175 291.332 -2.0605 55.3367 267.056 -85.1518 95.6174 266.712 -91.8137 108.037 281.231 -10.4818 106.487 331.448 2.78377 81.3818 346.813 -28.0632 45.2174 63.0211 14.9282 
173.16 170.515 172.083 143.996 164.116 175.541 168.745 172.836 119.986 89.694 25.3645 291.369 -2.31377 55.083 266.985 -85.1701 95.2597 266.627 -91.9158 107.585 281.16 -10.7176 106.261 331.205 2.53701 81.1862 346.776 -28.2786 45.008 62.9661 14.8547 
173.19 170.45 171.889 143.624 164.299 175.597 168.651 172.681 120.056 89.7963 25.0532 291.408 -2.50567 54.8208 266.8 -85.0355 94.7749 266.437 -91.858 107.391 281.039 -11.0888 106.146 331.034 2.34055 80.996 346.703 -28.4975 45.0685 62.6718 14.7085 
172.996 170.338 171.558 142.895 164.661 175.614 168.508 172.341 120.161 90.0857 24.8295 291.519 -2.63233 54.5192 266.78 -84.8985 94.3103 266.387 -91.6984 107.296 280.892 -11.8549 106.023 330.856 2.16579 80.7754 346.719 -28.7298 45.3692 62.0029 14.6237 
172.489 170.288 171.428 142.071 164.809 175.528 168.372 172.028 120.186 90.115 24.8801 291.511 -2.91686 54.272 266.853 -84.9706 94.0804 266.409 -91.658 107.071 280.984 -12.4253 105.752 330.798 1.87066 80.5824 346.782 -29 45.5105 61.5961 14.6569 
172.127 170.266 171.484 141.595 164.866 175.461 168.294 171.874 120.119 90.1323 24.9033 291.639 -3.02103 54.0172 266.973 -84.9751 93.9164 266.461 -91.5718 106.826 281.29 -12.6208 105.541 330.8 1.53032 80.3926 346.907 -29.2576 45.3024 61.5301 14.7434 
171.95 170.216 171.183 140.288 165.075 175.489 168.158 171.314 120.317 90.4784 24.6309 291.681 -3.19928 53.6865 267.068 -85.187 93.6261 266.487 -91.533 106.536 280.972 -14.07 105.445 330.609 1.32099 80.1722 346.959 -29.5805 45.9398 60.3098 14.7986 
171.629 170.213 171.042 139.331 165.211 175.492 168.146 170.93 120.51 90.6808 24.2879 291.952 -3.30318 53.4071 267.386 -85.5533 93.5047 266.724 -91.6063 106.778 281.065 -15.0997 105.33 330.727 1.07782 79.9647 347.178 -29.8703 46.5538 59.5233 14.9353 
171.423 170.274 171.034 138.89 165.119 175.502 168.199 170.632 120.667 90.6981 23.9524 292.183 -3.45033 52.9956 267.743 -86.0764 93.3827 266.926 -91.852 106.944 281.21 -15.5762 105.113 330.723 0.801662 79.7402 347.346 -30.1216 46.7322 59.3001 15.1555 
171.409 170.367 170.947 138.666 164.941 175.56 168.34 170.364 120.845 90.6599 23.3617 292.454 -3.57553 52.5464 268.156 -86.7351 93.3637 267.214 -92.252 107.001 281.262 -15.9448 104.886 330.729 0.641895 79.5524 347.493 -30.3024 46.9025 59.2214 15.4718 
171.433 170.425 170.852 138.301 164.756 175.601 168.538 170.318 120.929 90.5363 22.7857 292.618 -3.73985 52.1269 268.326 -87.2511 93.3227 267.333 -92.6716 107.048 281.289 -16.3273 104.753 330.779 0.502737 79.3652 347.513 -30.4736 47.1734 59.1735 15.7416 
171.414 170.522 170.856 137.758 164.596 175.581 168.726 170.387 120.768 90.277 22.3733 292.671 -3.92452 51.8195 268.394 -87.7061 93.3761 267.365 -93.0664 106.782 281.357 -16.6605 104.626 330.794 0.351018 79.254 347.48 -30.5842 47.324 59.1929 15.9811 
171.288 170.569 170.803 137.273 164.419 175.539 168.854 170.477 120.702 90.0729 21.9491 292.875 -4.02161 51.5717 268.386 -87.9524 93.294 267.33 -93.2943 106.67 281.39 -16.939 104.566 330.821 0.249726 79.1678 347.465 -30.6806 47.552 59.1277 16.0776 
171.134 170.614 170.68 136.922 164.218 175.559 168.933 170.356 120.829 89.9965 21.5876 292.907 -4.03994 51.3824 268.308 -88.2008 93.2376 267.237 -93.4853 106.648 281.121 -17.3118 104.52 330.687 0.301257 79.0994 347.36 -30.6961 47.9171 58.8624 16.1507 
170.91 170.594 170.453 136.549 164.028 175.601 168.931 170.135 121.011 90.0654 21.2973 292.81 -4.03777 51.1887 268.118 -88.3475 93.1155 267.008 -93.5833 106.56 280.53 -17.9804 104.503 330.341 0.412052 79.0323 347.134 -30.7051 48.453 58.2501 16.1878 
170.644 170.569 170.321 136.077 163.898 175.644 168.938 170.027 121.152 90.1051 21.0942 292.776 -4.13083 51.0442 267.989 -88.4314 93.0338 266.839 -93.635 106.529 280.116 -18.6225 104.477 330.139 0.506787 78.9989 346.993 -30.7003 49.0352 57.6384 16.2163 
170.324 170.561 170.289 135.793 163.752 175.643 168.927 169.954 121.211 90.1082 21.0276 292.725 -4.27931 50.9772 267.894 -88.4983 93.0114 266.701 -93.6593 106.431 279.867 -18.9332 104.415 329.943 0.582026 78.9872 346.898 -30.6661 49.2763 57.3028 16.2282 
170.067 170.493 170.203 135.68 163.657 175.598 168.851 169.905 121.175 90.1711 21.0208 292.658 -4.38017 50.9935 267.718 -88.332 92.9769 266.543 -93.5323 106.356 279.719 -18.9718 104.366 329.712 0.667025 78.9553 346.771 -30.6055 49.2629 57.1561 16.185 
169.862 170.467 170.194 135.518 163.56 175.591 168.818 169.915 121.101 90.1564 21.0062 292.671 -4.44255 51.0144 267.621 -88.1964 92.962 266.461 -93.4375 106.309 279.673 -19.0505 104.284 329.64 0.739527 78.9418 346.717 -30.5507 49.4123 57.007 16.1491 
169.644 170.39 170.072 135.343 163.404 175.559 168.698 169.69 121.024 90.2929 20.9502 292.632 -4.40043 51.0062 267.467 -87.9266 92.919 266.19 -93.1509 105.99 279.132 -19.6142 104.264 329.227 0.920993 78.9169 346.536 -30.4441 49.7957 56.2545 16.1179 
169.636 170.337 170.078 135.074 163.349 175.574 168.634 169.757 120.833 90.195 20.9621 292.54 -4.3637 51.0591 267.251 -87.6055 92.9374 265.964 -92.9067 105.946 278.978 -19.7551 104.242 329.011 0.97908 78.9202 346.349 -30.3266 49.9771 55.9829 16.0933 
169.718 170.334 170.074 134.939 163.278 175.619 168.617 169.788 120.855 90.1441 20.8999 292.416 -4.29214 51.0818 267.082 -87.4321 92.8924 265.758 -92.785 105.995 278.701 -19.8711 104.243 328.757 1.0379 78.9181 346.156 -30.2119 50.1309 55.7623 16.0401 
169.838 170.324 170.193 135.325 163.33 175.596 168.56 169.87 120.432 90.0675 20.8137 292.376 -4.21619 51.2199 266.898 -87.27 92.9909 265.551 -92.6147 105.822 278.796 -19.393 104.206 328.666 1.07791 78.991 345.982 -30.1522 49.8386 56.1318 16.01 
169.67 170.277 170.236 135.929 163.474 175.463 168.429 169.791 120.107 90.1583 20.898 292.171 -4.10998 51.4524 266.594 -87.0893 93.0808 265.208 -92.3069 105.579 278.752 -18.7329 104.125 328.473 1.22602 79.0674 345.732 -30.0827 49.4291 56.5229 15.9057 
169.597 170.271 170.384 137.778 163.661 175.32 168.368 169.948 119.228 90.0477 21.2692 291.97 -3.91184 51.8642 266.342 -86.8494 93.4367 265.065 -92.0579 105.456 279.299 -17.24 104.23 328.644 1.25846 79.2562 345.602 -29.9959 48.345 57.8175 15.8759 
169.47 170.258 170.51 138.269 163.838 175.2 168.296 170.032 118.742 89.9392 21.625 291.751 -3.72022 52.3282 266.165 -86.7281 93.8227 265.03 -91.8694 105.862 279.928 -16.4104 104.446 328.896 1.23134 79.4699 345.529 -29.9511 47.8191 58.5759 15.8399 
169.52 170.273 170.601 138.212 163.974 175.196 168.234 170.036 118.399 89.687 21.9833 291.601 -3.58873 52.849 266.035 -86.4646 94.1916 265.068 -91.562 106.158 280.453 -15.9685 104.685 329.279 1.21909 79.7067 345.536 -29.8561 47.6765 58.8961 15.7514 
169.866 170.292 170.92 139.059 163.953 175.244 168.165 170.35 117.477 89.2137 22.5171 291.409 -3.56001 53.52 265.912 -86.1469 94.723 265.196 -91.3297 106.145 281.593 -14.6889 105.011 329.889 1.05574 79.9935 345.611 -29.76 46.6148 60.1857 15.672 
170.394 170.267 171.097 139.012 164.065 175.331 168.007 170.505 116.733 88.8489 22.9532 291.211 -3.60743 54.1707 265.684 -85.6934 95.1045 265.266 -91.0339 106.264 282.686 -13.8237 105.305 330.388 0.862618 80.2017 345.634 -29.7227 45.8123 61.1208 15.5065 
171.179 170.243 171.342 139.49 164.064 175.423 167.854 170.787 115.898 88.5684 23.2827 291.136 -3.64669 54.7481 265.527 -85.3358 95.3928 265.353 -90.8881 106.201 283.903 -12.6678 105.521 330.883 0.680061 80.3952 345.708 -29.707 44.696 62.4414 15.313 
172.223 170.25 171.418 139.647 164.038 175.632 167.771 171.01 115.274 88.3566 23.4056 291.078 -3.76302 55.2342 265.451 -85.1636 95.6249 265.506 -90.8964 106.161 285 -11.7178 105.663 331.307 0.553541 80.5331 345.804 -29.6912 43.7199 63.6234 15.1362 
173.068 170.322 171.485 139.622 164.05 175.787 167.799 171.166 114.985 88.3374 23.4218 290.996 -3.89377 55.5551 265.351 -85.1686 95.7759 265.509 -90.9417 106.034 285.669 -10.9762 105.683 331.467 0.520575 80.5909 345.813 -29.6882 42.9426 64.513 15.003 
173.993 170.351 171.536 139.44 164.037 175.983 167.809 171.328 114.791 88.2096 23.2193 290.972 -3.958 55.6508 265.259 -85.186 95.7043 265.534 -91.0739 105.91 286.199 -10.511 105.705 331.626 0.415684 80.5978 345.807 -29.7229 42.4245 65.2073 14.8772 
174.666 170.404 171.659 139.509 163.917 176.093 167.836 171.489 114.743 88.193 23.1379 290.895 -3.94959 55.6915 265.153 -85.2201 95.6761 265.488 -91.2358 105.66 286.561 -9.88789 105.64 331.647 0.373563 80.6006 345.766 -29.7342 41.7789 65.9967 14.8147 
175.121 170.458 171.789 139.295 163.746 176.138 167.87 171.608 114.864 88.2363 23.1063 290.832 -3.95817 55.6297 265.078 -85.2208 95.6022 265.402 -91.3187 105.254 286.719 -9.37882 105.511 331.568 0.422674 80.5867 345.724 -29.7013 41.2513 66.5546 14.7875 
175.613 170.48 171.871 139.181 163.642 176.178 167.848 171.736 114.682 88.3097 23.1642 290.76 -4.03821 55.6584 265.014 -85.196 95.5771 265.359 -91.4406 104.88 287.161 -8.80658 105.453 331.495 0.426026 80.6177 345.705 -29.7039 40.4778 67.3142 14.7366 
176.419 170.502 172.02 139.106 163.484 176.336 167.832 171.937 115.329 88.3604 23.1542 290.587 -4.09029 55.6642 264.853 -85.1205 95.4274 265.233 -91.5326 104.607 287.078 -8.141 105.351 331.368 0.403839 80.5881 345.599 -29.6905 39.8898 67.9053 14.6143 
176.639 170.533 172.134 138.914 163.316 176.336 167.922 172.165 115.395 88.2829 23.261 290.625 -4.01955 55.6486 264.894 -85.1309 95.4354 265.321 -91.6495 104.618 287.461 -7.71688 105.434 331.449 0.362507 80.6297 345.682 -29.6749 39.4353 68.4475 14.625 
176.77 170.595 172.286 138.847 163.062 176.301 168.04 172.396 115.117 88.2912 23.3591 290.645 -4.00574 55.5298 264.94 -85.1754 95.4863 265.325 -91.8007 104.399 288.039 -7.08059 105.463 331.334 0.384334 80.6303 345.718 -29.6422 38.5571 69.3011 14.7317 
176.758 170.611 172.377 138.76 162.921 176.281 168.079 172.47 115.545 88.3109 23.4308 290.609 -4.04942 55.4441 265.036 -85.2531 95.4937 265.403 -91.871 104.409 288.036 -6.7245 105.422 331.265 0.41674 80.5981 345.759 -29.6126 38.2593 69.5792 14.7955 
176.603 170.658 172.46 138.981 162.846 176.209 168.168 172.575 116.345 88.3909 23.6054 290.559 -3.98939 55.35 265.09 -85.2776 95.4586 265.44 -91.8938 104.586 287.725 -6.33918 105.406 331.242 0.509826 80.5552 345.798 -29.5367 38.1935 69.6752 14.8349 
176.188 170.703 172.458 139.175 162.829 176.13 168.24 172.481 117.519 88.5826 23.5553 290.685 -3.95427 55.2245 265.285 -85.3469 95.4291 265.557 -91.8706 104.809 287.014 -6.19022 105.316 331.215 0.728696 80.5144 345.896 -29.434 38.5598 69.3362 14.8966 
175.995 170.671 172.267 139.452 163.013 176.218 168.26 172.16 118.477 88.8439 23.1678 290.841 -3.86253 55.0492 265.544 -85.416 95.3327 265.763 -91.7579 105.085 286.016 -6.63259 105.317 331.092 0.953521 80.4517 345.964 -29.3234 39.2885 68.4264 14.9695 
175.637 170.585 172.036 139.383 163.127 176.282 168.239 171.911 119.403 89.0659 22.7496 291.042 -3.75052 54.7125 265.745 -85.2885 95.0976 265.833 -91.5225 105.286 284.923 -7.21389 105.234 330.855 1.19673 80.3229 345.987 -29.1794 40.1398 67.3347 15.0582 
174.951 170.53 171.969 139.157 163.164 176.193 168.224 171.797 120.178 89.3666 22.7327 291.017 -3.41781 54.4243 265.869 -85.1189 94.8863 265.793 -91.3082 105.377 283.975 -7.62051 105.182 330.541 1.49065 80.2366 345.952 -28.9918 40.7476 66.5055 15.1197 
174.691 170.466 171.854 139.042 163.255 176.271 168.236 171.762 120.64 89.4973 22.4492 291.126 -3.06359 54.0816 265.963 -84.9168 94.6487 265.812 -91.1348 105.664 283.322 -8.03432 105.161 330.402 1.73706 80.1061 345.944 -28.8083 41.438 65.8012 15.2085 
174.425 170.373 171.886 139.171 163.273 176.333 168.187 171.779 120.833 89.5757 22.2383 291.215 -2.7356 53.8852 266.055 -84.6495 94.5299 265.8 -90.923 105.841 282.916 -8.13916 105.157 330.224 1.97058 80.0567 345.931 -28.5942 41.7494 65.4071 15.2715 
174.056 170.274 171.789 139.241 163.37 176.348 168.169 171.599 121.345 89.8269 21.9021 291.334 -2.37535 53.5949 266.087 -84.3747 94.2779 265.669 -90.5462 106.131 282.03 -8.61642 105.129 329.937 2.3235 79.959 345.822 -28.3931 42.575 64.4687 15.3163 
173.643 170.162 171.614 139.229 163.489 176.382 168.13 171.379 121.817 90.0626 21.7725 291.359 -1.96712 53.4101 266.137 -84.1778 94.1161 265.607 -90.2694 106.786 281.313 -9.13815 105.229 329.707 2.66681 79.9306 345.741 -28.1615 43.4223 63.5811 15.3522 
173.455 170.011 171.31 139.303 163.585 176.536 168.06 171.108 122.134 90.2356 21.6226 291.238 -1.70376 53.2525 266.021 -83.8911 93.9661 265.419 -89.9589 107.322 280.445 -9.82981 105.318 329.43 3.03771 79.8933 345.527 -27.9249 44.4367 62.5432 15.379 
173.255 169.875 171.222 139.39 163.636 176.632 168.017 171.075 122.161 90.2716 21.5063 291.231 -1.33072 53.1093 265.866 -83.5277 93.926 265.195 -89.6185 107.846 280.081 -10.0763 105.421 329.35 3.34604 79.8955 345.354 -27.6972 45.1487 62.0043 15.4713 
172.946 169.732 171.164 139.574 163.685 176.671 167.945 171.056 122.043 90.2946 21.5129 291.177 -1.01437 53.0508 265.717 -83.2742 93.9591 264.986 -89.3792 108.322 279.941 -10.1991 105.629 329.312 3.5204 79.9356 345.226 -27.5553 45.4983 61.6944 15.5555 
172.719 169.649 171.227 139.576 163.709 176.718 167.901 171.18 121.719 90.024 21.5665 291.138 -0.727257 53.0425 265.502 -82.9261 93.9779 264.786 -89.1437 108.658 280.039 -10.2737 105.871 329.48 3.56478 79.9941 345.123 -27.4173 45.8237 61.5273 15.59 
172.683 169.524 171.392 139.633 163.698 176.845 167.837 171.331 121.114 89.6467 21.6533 291.093 -0.598484 53.1003 265.378 -82.5808 94.0552 264.718 -88.8797 109.053 280.488 -10.308 106.113 329.796 3.47273 80.0546 345.08 -27.3347 46.0306 61.4933 15.6398 
172.789 169.45 171.513 139.588 163.699 176.986 167.799 171.508 120.481 89.2397 21.6256 291.016 -0.517734 53.1569 265.124 -82.2035 94.1354 264.571 -88.6178 109.296 280.818 -10.3711 106.298 330.008 3.36542 80.0819 344.93 -27.2449 46.2532 61.4612 15.687 
172.871 169.443 171.75 140.279 163.558 177.052 167.814 171.908 119.309 88.7826 21.802 290.993 -0.451117 53.2707 265.073 -81.954 94.3129 264.598 -88.5526 108.915 281.706 -9.74132 106.444 330.337 3.18956 80.1161 344.962 -27.1482 45.5213 62.2791 15.745 
172.868 169.458 171.941 140.546 163.422 177.062 167.829 172.222 118.442 88.4626 22.0519 290.851 -0.537907 53.3626 264.998 -81.894 94.4462 264.585 -88.6734 108.645 282.4 -9.41961 106.589 330.557 2.94755 80.1502 344.948 -27.1751 44.9322 62.927 15.7856 
172.871 169.472 172.055 140.579 163.342 177.027 167.857 172.37 117.934 88.2391 22.146 290.819 -0.582766 53.3979 264.972 -81.8613 94.4944 264.598 -88.7079 108.594 282.874 -9.20818 106.642 330.733 2.86938 80.171 344.948 -27.1544 44.7141 63.3077 15.8002 
172.744 169.51 172.141 140.727 163.286 176.932 167.876 172.408 117.622 88.117 22.24 290.753 -0.696833 53.4258 264.906 -81.8516 94.4592 264.494 -88.6679 108.377 283.09 -8.96568 106.569 330.801 2.86573 80.1527 344.91 -27.1329 44.5511 63.5662 15.7437 
172.511 169.562 172.155 140.848 163.233 176.823 167.924 172.39 117.744 88.1046 22.2257 290.701 -0.859624 53.3631 264.808 -81.886 94.377 264.319 -88.5729 108.115 282.737 -8.97183 106.412 330.652 2.94047 80.0992 344.805 -27.1056 44.6906 63.3918 15.7117 
172.393 169.578 172.075 140.966 163.227 176.78 167.959 172.29 117.953 88.1383 22.2657 290.597 -0.965333 53.3004 264.776 -81.9297 94.3077 264.237 -88.4792 108.069 282.189 -9.37059 106.386 330.473 2.98428 80.0695 344.727 -27.0742 45.0715 62.8288 15.7061 
172.353 169.682 172.084 140.948 163.239 176.769 168.097 172.339 118.27 88.2631 22.3235 290.536 -1.05399 53.2668 264.799 -82.0988 94.3404 264.17 -88.5065 108.039 281.776 -9.57051 106.309 330.323 3.03891 80.0644 344.697 -27.0693 45.2811 62.5196 15.7416 
172.384 169.787 172.199 141.099 163.223 176.756 168.209 172.48 118.327 88.4335 22.4751 290.383 -1.10622 53.2975 264.822 -82.2628 94.4355 264.133 -88.6217 107.763 281.626 -9.50975 106.235 330.195 3.05823 80.0696 344.674 -27.0779 45.0744 62.6029 15.7753 
172.526 169.853 172.334 141.442 163.183 176.724 168.265 172.619 118.149 88.4548 22.615 290.31 -1.03331 53.352 264.816 -82.2807 94.5417 264.092 -88.6667 107.517 281.797 -9.10364 106.201 330.221 3.08134 80.1007 344.672 -27.0493 44.6831 63.0268 15.8035 
172.564 169.858 172.426 141.531 163.182 176.626 168.257 172.71 117.993 88.3969 22.6696 290.28 -0.984509 53.3832 264.84 -82.2998 94.5316 264.094 -88.7036 107.214 281.95 -8.85338 106.14 330.264 3.06353 80.1028 344.675 -27.0553 44.4049 63.3327 15.7706 
172.535 169.852 172.497 141.539 163.213 176.555 168.237 172.707 118.111 88.5015 22.6435 290.327 -0.853334 53.4228 264.871 -82.3063 94.5019 264.087 -88.7309 107.122 281.891 -8.75723 106.094 330.238 3.12414 80.1154 344.688 -27.0578 44.3512 63.4003 15.7118 
172.567 169.858 172.458 141.452 163.23 176.523 168.254 172.715 118.352 88.5491 22.5654 290.353 -0.800874 53.3617 264.861 -82.3468 94.4175 264.082 -88.8192 107.044 281.619 -8.9146 106.082 330.131 3.09733 80.1034 344.661 -27.0964 44.4244 63.2653 15.693 
172.664 169.898 172.453 141.42 163.214 176.516 168.281 172.759 118.356 88.5492 22.449 290.354 -0.795521 53.3241 264.811 -82.4108 94.3362 264.044 -88.9682 106.924 281.606 -8.89326 106.038 330.052 3.06296 80.0805 344.635 -27.1374 44.2956 63.3769 15.6477 
172.596 169.942 172.492 141.494 163.217 176.446 168.286 172.742 118.403 88.6364 22.3739 290.369 -0.816546 53.2891 264.793 -82.5358 94.2488 263.966 -89.0799 106.772 281.616 -8.72125 105.938 329.928 3.05427 80.0385 344.622 -27.1978 44.0354 63.5747 15.5918 
172.567 169.977 172.491 141.371 163.2 176.455 168.338 172.766 118.533 88.6179 22.2145 290.525 -0.870756 53.2146 264.907 -82.68 94.1295 264.07 -89.2171 106.835 281.64 -8.81495 105.908 329.964 3.01054 79.9962 344.711 -27.2338 44.0782 63.5444 15.5505 
172.695 169.952 172.35 141.237 163.157 176.565 168.269 172.465 118.825 88.6795 22.0056 290.58 -0.972293 53.2233 264.998 -82.8235 94.0154 264.14 -89.2827 106.968 281.387 -9.17666 105.912 329.89 2.99324 79.947 344.755 -27.2873 44.2988 63.1618 15.4619 
172.653 169.911 172.215 141.081 163.213 176.537 168.195 172.211 118.963 88.7414 21.8547 290.506 -1.13251 53.1372 265.07 -83.0876 93.9103 264.235 -89.3987 107.022 281.257 -9.47056 105.757 329.771 2.94442 79.838 344.745 -27.3757 44.4501 62.9487 15.4545 
172.541 169.882 171.954 140.915 163.163 176.526 168.191 171.976 119.325 88.8964 21.5072 290.55 -1.20434 52.7841 265.067 -83.1999 93.6123 264.224 -89.4367 106.916 280.767 -9.86252 105.588 329.474 3.01414 79.662 344.693 -27.4064 44.7119 62.4994 15.4954 
172.549 169.921 171.732 140.649 163.121 176.539 168.256 171.694 119.792 89.1207 21.155 290.581 -1.21109 52.4504 265.158 -83.5131 93.3736 264.209 -89.5886 106.957 280.205 -10.3617 105.459 329.121 3.09847 79.4988 344.644 -27.4403 45.0446 61.9934 15.5565 
172.284 169.896 171.561 140.365 163.068 176.487 168.264 171.512 120.18 89.3809 20.9206 290.738 -1.28027 52.1058 265.319 -83.712 93.2344 264.276 -89.6788 106.912 279.879 -10.6849 105.26 328.85 3.15975 79.3605 344.691 -27.4857 45.2046 61.6584 15.7024 
172.034 169.85 171.366 140.226 162.988 176.409 168.249 171.372 120.387 89.5926 20.6498 290.81 -1.3543 51.8141 265.438 -84.0117 93.106 264.313 -89.8796 106.81 279.689 -10.8545 105.054 328.605 3.21223 79.2346 344.702 -27.5453 45.2278 61.563 15.8068 
171.954 169.869 171.317 140.215 162.935 176.384 168.346 171.38 120.65 89.8085 20.4556 290.88 -1.30173 51.5805 265.538 -84.303 93.059 264.342 -90.1005 106.863 279.514 -10.8852 104.949 328.385 3.2596 79.1531 344.703 -27.5748 45.1747 61.605 15.9292 
171.836 169.983 171.311 140.225 162.949 176.363 168.53 171.395 120.995 90.0116 20.4054 290.953 -1.34062 51.4169 265.675 -84.6371 93.0815 264.381 -90.3409 106.739 279.25 -10.9113 104.802 328.229 3.32528 79.0987 344.755 -27.6024 45.1404 61.6113 16.0394 
171.59 170.008 171.291 140.157 163.003 176.278 168.595 171.457 121.2 90.1809 20.3762 291.063 -1.35069 51.2385 265.786 -84.792 92.9731 264.401 -90.5056 106.403 279.053 -10.9469 104.622 328.082 3.36963 79.0341 344.809 -27.6412 45.0734 61.6225 16.0681 
171.449 170.037 171.301 140.077 163.081 176.222 168.66 171.562 121.277 90.3008 20.228 291.251 -1.31283 51.1377 265.873 -84.8974 92.8993 264.409 -90.6158 106.192 278.965 -10.9651 104.471 327.977 3.40454 78.9943 344.851 -27.6792 45.0667 61.6528 16.0668 
171.199 170.046 171.227 139.866 163.179 176.156 168.687 171.529 121.376 90.3933 20.1724 291.373 -1.37156 51.042 265.972 -84.9626 92.8349 264.459 -90.6541 105.886 278.734 -11.2586 104.322 327.85 3.44866 78.9419 344.894 -27.693 45.2193 61.3805 16.0778 
171.038 170 171.003 139.637 163.259 176.103 168.637 171.282 121.455 90.4828 20.0954 291.453 -1.46967 50.9843 266.102 -85.1062 92.7733 264.543 -90.7194 105.729 278.375 -11.9116 104.284 327.647 3.4552 78.9036 344.923 -27.724 45.544 60.8004 16.0709 
170.974 170.012 170.851 139.238 163.374 176.061 168.626 171.087 121.513 90.5549 19.9808 291.55 -1.59188 50.8283 266.22 -85.2183 92.6709 264.584 -90.7565 105.442 277.997 -12.6085 104.133 327.476 3.53039 78.8573 344.947 -27.7274 46.0499 60.1496 16.0958 
170.996 170.054 170.792 138.878 163.446 176.05 168.652 171.083 121.508 90.5929 20.0148 291.6 -1.63275 50.7435 266.248 -85.2197 92.5885 264.619 -90.8092 105.387 277.912 -13.0375 104.064 327.445 3.50801 78.8355 344.989 -27.7591 46.3653 59.819 16.0885 
170.986 170.022 170.62 138.432 163.496 176.047 168.6 170.904 121.536 90.6551 19.9235 291.625 -1.66832 50.599 266.323 -85.2855 92.4177 264.708 -90.8893 105.389 277.763 -13.7671 104.022 327.405 3.46572 78.7525 345.038 -27.8172 46.8524 59.2423 16.0708 
170.898 169.991 170.461 138.064 163.564 176.041 168.561 170.735 121.45 90.694 19.7779 291.663 -1.68442 50.3419 266.411 -85.3394 92.2175 264.785 -90.9485 105.294 277.492 -14.6205 103.92 327.271 3.49401 78.6561 345.049 -27.8081 47.4855 58.5243 16.1104 
170.866 169.947 170.335 137.558 163.666 176.018 168.502 170.659 121.364 90.685 19.6648 291.711 -1.69639 50.1451 266.48 -85.388 92.0803 264.855 -91.0212 105.281 277.411 -15.2515 103.817 327.211 3.46175 78.5933 345.062 -27.8298 47.9671 58.0513 16.1556 
170.775 169.933 170.194 137.225 163.679 176.008 168.461 170.571 121.44 90.7317 19.6299 291.77 -1.7578 49.9069 266.563 -85.3748 91.8545 264.903 -91.0562 105.104 277.23 -15.6921 103.628 327.132 3.53306 78.4995 345.107 -27.7994 48.3502 57.6443 16.1574 
170.808 169.901 170.04 136.894 163.707 176.036 168.447 170.527 121.462 90.7567 19.5388 291.882 -1.84076 49.731 266.644 -85.3986 91.7255 265.012 -91.1237 105.19 277.132 -16.2826 103.565 327.126 3.531 78.4496 345.168 -27.8135 48.8411 57.1645 16.1934 
170.785 169.839 169.939 136.761 163.678 176.067 168.375 170.555 121.4 90.7436 19.473 291.974 -1.84585 49.6049 266.67 -85.3586 91.6238 265.081 -91.2114 105.206 277.154 -16.5514 103.513 327.172 3.53845 78.4362 345.231 -27.812 49.0998 56.9834 16.2028 
170.954 169.847 169.951 136.732 163.675 176.101 168.371 170.662 121.272 90.6645 19.3165 291.982 -1.83532 49.5447 266.652 -85.433 91.5602 265.123 -91.413 105.216 277.187 -16.7558 103.489 327.25 3.49164 78.4482 345.223 -27.834 49.3137 56.9576 16.1914 
171.22 169.84 169.956 136.735 163.709 176.206 168.319 170.768 121.025 90.5614 19.2838 291.994 -1.90709 49.6221 266.579 -85.326 91.549 265.135 -91.4812 105.154 277.321 -16.7874 103.516 327.362 3.45747 78.5119 345.229 -27.828 49.3543 57.0156 16.1237 
171.371 169.846 170.051 137.003 163.715 176.23 168.286 170.913 120.634 90.5337 19.2819 292.11 -1.92235 49.7401 266.632 -85.2354 91.6748 265.228 -91.4584 104.98 277.676 -16.4567 103.508 327.551 3.4698 78.567 345.327 -27.8059 49.0768 57.3568 16.1279 
171.509 169.825 170.124 137.03 163.734 176.253 168.23 171.012 120.209 90.4642 19.2875 292.207 -1.96156 49.8029 266.617 -85.0799 91.8057 265.243 -91.347 104.593 277.998 -16.1099 103.46 327.681 3.48892 78.6369 345.36 -27.7908 48.7692 57.6906 16.1834 
171.601 169.838 170.137 137.257 163.762 176.233 168.16 170.889 119.911 90.5061 19.3329 292.216 -2.03691 49.9272 266.622 -85.0109 91.9539 265.237 -91.2262 104.245 278.182 -15.6874 103.36 327.637 3.55549 78.6764 345.349 -27.7435 48.3328 58.0385 16.2033 
171.732 169.913 170.137 137.462 163.819 176.163 168.161 170.822 119.665 90.5683 19.3436 292.135 -2.11153 50.0556 266.543 -85.044 92.1268 265.16 -91.1999 103.856 278.238 -15.3632 103.216 327.519 3.59765 78.6917 345.271 -27.7371 47.9463 58.3454 16.2273 
171.774 169.918 170.194 137.77 163.794 176.079 168.144 170.813 119.555 90.5803 19.4372 292.019 -2.07411 50.2598 266.422 -84.9756 92.2914 265.035 -91.0915 103.742 278.334 -14.8564 103.206 327.471 3.61361 78.7092 345.178 -27.7231 47.5069 58.7542 16.1974 
171.685 169.936 170.272 138.486 163.819 175.954 168.133 170.908 119.363 90.5535 19.6183 291.85 -2.09074 50.427 266.231 -84.9213 92.4094 264.861 -91.0314 103.547 278.484 -14.0758 103.196 327.451 3.58707 78.725 345.061 -27.7406 46.8361 59.449 16.1589 
171.595 169.983 170.438 139.085 163.735 175.822 168.121 171.122 118.674 90.4071 19.8637 291.764 -2.20425 50.6945 266.174 -84.8861 92.58 264.824 -91.034 102.986 279.192 -13.0137 103.201 327.583 3.51227 78.7952 345.068 -27.7513 45.7032 60.5886 16.0778 
171.412 170.025 170.588 139.516 163.678 175.635 168.1 171.292 118.321 90.2973 20.2236 291.533 -2.33453 50.9501 266.021 -84.8566 92.7461 264.749 -91.0592 102.63 279.673 -12.1498 103.216 327.668 3.43064 78.8394 345.009 -27.7799 44.7957 61.5174 16.0079 
171.429 169.953 170.574 139.51 163.679 175.563 167.988 171.275 118.275 90.1491 20.2963 291.382 -2.41583 51.1368 265.862 -84.7382 92.7816 264.686 -90.9721 102.61 279.857 -11.7975 103.273 327.697 3.36388 78.8416 344.921 -27.7869 44.4599 61.8397 15.9058 
171.656 169.964 170.665 139.378 163.653 175.578 167.974 171.378 118.213 89.9551 20.2392 291.352 -2.53934 51.2498 265.815 -84.6884 92.8183 264.703 -90.9132 102.602 280.082 -11.6002 103.289 327.809 3.23973 78.8293 344.897 -27.8155 44.2738 62.0617 15.8601 
171.745 170.019 170.742 139.206 163.592 175.599 168.03 171.483 118.206 89.7853 20.171 291.431 -2.64926 51.3159 265.853 -84.7045 92.8857 264.763 -90.8832 102.591 280.276 -11.4963 103.288 327.975 3.14369 78.8343 344.948 -27.846 44.2147 62.1828 15.8633 
171.831 170.075 170.717 139.033 163.571 175.68 168.116 171.514 118.379 89.6854 20.0667 291.481 -2.77763 51.3353 265.943 -84.8413 92.9219 264.898 -90.9685 102.772 280.267 -11.7099 103.35 328.066 3.01171 78.7923 345.023 -27.9055 44.3263 62.0298 15.8774 
171.585 170.119 170.651 138.88 163.48 175.671 168.213 171.522 118.724 89.5981 19.9009 291.704 -2.8936 51.1995 266.135 -84.932 92.7859 265.091 -90.9928 102.759 280.11 -12.0439 103.237 328.173 2.91275 78.6679 345.185 -27.9597 44.6202 61.6688 15.8772 
171.304 170.164 170.721 138.511 163.392 175.617 168.216 171.549 118.73 89.5178 19.7501 291.935 -3.11732 51.0692 266.37 -85.1736 92.6648 265.33 -91.2126 102.552 280.386 -12.2296 103.071 328.391 2.76638 78.5521 345.414 -28.0813 44.6358 61.6845 15.8687 
170.962 170.255 170.822 138.191 163.218 175.556 168.268 171.553 118.956 89.5509 19.5493 292.182 -3.35678 50.8541 266.632 -85.4708 92.5168 265.546 -91.4504 102.209 280.481 -12.3372 102.861 328.44 2.6753 78.4338 345.634 -28.1777 44.4935 61.7081 15.8955 
170.648 170.265 170.803 137.944 163.182 175.484 168.242 171.41 119.488 89.7217 19.3694 292.325 -3.48163 50.6481 266.75 -85.6853 92.2865 265.583 -91.5787 101.902 280.141 -12.5553 102.663 328.343 2.71175 78.3332 345.725 -28.2476 44.6101 61.4555 15.8574 
170.354 170.34 170.93 137.572 163.126 175.407 168.276 171.343 119.654 89.9231 19.3974 292.412 -3.55566 50.5366 266.871 -85.8761 92.2513 265.648 -91.6847 101.596 280.153 -12.6816 102.497 328.373 2.78259 78.3105 345.857 -28.2843 44.6478 61.3774 15.8894 
170.422 170.374 170.855 137.408 163.111 175.498 168.265 171.006 120.018 90.1299 19.244 292.426 -3.74764 50.4151 266.985 -86.1218 92.1734 265.716 -91.791 101.507 279.684 -13.3396 102.441 328.199 2.82067 78.2725 345.899 -28.3291 45.0346 60.7308 15.9144 
170.307 170.393 170.701 137.094 163.064 175.511 168.243 170.513 120.462 90.4053 19.1885 292.397 -3.8325 50.3288 267.061 -86.303 92.1426 265.66 -91.7581 101.507 278.977 -14.2558 102.44 327.861 2.94914 78.248 345.891 -28.3169 45.6432 59.7036 15.9424 
170.115 170.424 170.66 136.757 163.116 175.42 168.262 170.36 120.618 90.546 19.2353 292.464 -3.88438 50.2973 267.171 -86.4794 92.1746 265.67 -91.7927 101.356 278.858 -14.5372 102.358 327.845 3.05118 78.2586 345.976 -28.3155 45.8505 59.4029 15.9693 
169.922 170.448 170.653 136.956 163.09 175.35 168.243 170.286 120.438 90.6264 19.3732 292.274 -3.93406 50.2838 267.123 -86.5874 92.2092 265.581 -91.8661 101.016 278.939 -14.2185 102.239 327.716 3.12827 78.244 345.928 -28.2803 45.4363 59.7321 15.986 
169.717 170.408 170.653 137.557 163.09 175.181 168.207 170.349 120.276 90.6514 19.5563 292.146 -3.82102 50.2205 267.143 -86.6085 92.0884 265.558 -91.9206 100.651 279.102 -13.5805 102.088 327.74 3.24184 78.1988 345.932 -28.2026 44.9372 60.3191 15.9323 
169.527 170.42 170.739 137.806 163.065 175.035 168.212 170.492 120.269 90.6743 19.7442 292.042 -3.72996 50.1746 267.066 -86.5825 91.9882 265.459 -91.9831 100.425 279.196 -13.0762 101.944 327.753 3.32335 78.14 345.906 -28.1559 44.6143 60.7829 15.8726 
169.537 170.393 170.658 137.92 163.091 174.98 168.227 170.479 120.435 90.5692 19.7662 291.844 -3.69803 50.0658 266.952 -86.642 91.8375 265.333 -92.0827 100.376 278.857 -13.1762 101.908 327.613 3.2967 78.0654 345.749 -28.1493 44.7448 60.7047 15.8395 
169.538 170.372 170.661 137.883 163.111 174.942 168.224 170.553 120.51 90.4211 19.8508 291.746 -3.70329 49.9775 266.943 -86.6179 91.7253 265.329 -92.1392 100.385 278.758 -13.226 101.854 327.636 3.27168 78.0073 345.698 -28.1177 44.8922 60.6776 15.825 
169.528 170.323 170.657 137.869 163.117 174.904 168.188 170.616 120.542 90.3009 20.0215 291.618 -3.77062 49.9399 266.789 -86.4615 91.6851 265.198 -92.0745 100.426 278.665 -13.1414 101.841 327.609 3.27369 77.9987 345.581 -28.0934 44.964 60.7034 15.8294 
169.642 170.302 170.696 137.992 163.146 174.882 168.203 170.719 120.505 90.1465 20.0146 291.62 -3.79999 49.9377 266.696 -86.3637 91.6659 265.113 -92.0227 100.524 278.722 -12.9031 101.826 327.656 3.26129 77.9843 345.529 -28.0594 44.9257 60.8632 15.8145 
169.487 170.225 170.683 137.961 163.088 174.823 168.155 170.751 120.527 89.9601 20.0877 291.527 -3.76749 50.0142 266.617 -86.2695 91.7351 265.09 -91.9844 100.818 278.714 -12.8685 101.933 327.63 3.20454 77.9912 345.464 -28.015 44.9352 60.8552 15.8155 
169.52 170.153 170.614 137.76 163.038 174.86 168.085 170.66 120.46 89.8308 20.1388 291.358 -3.79679 50.1143 266.532 -86.2288 91.8421 265.087 -91.9468 101.069 278.709 -13.0288 102.025 327.581 3.15723 77.9872 345.371 -27.9757 45.0416 60.7187 15.832 
169.561 170.134 170.554 137.407 163.066 174.864 168.071 170.581 120.333 89.8038 20.0432 291.381 -3.7388 50.1282 266.499 -86.2308 91.9029 265.061 -91.9073 101.133 278.696 -13.3163 102.076 327.531 3.17215 78.0092 345.326 -27.9646 45.2713 60.475 15.8652 
169.483 170.061 170.481 137.122 163.086 174.818 167.992 170.542 120.232 89.8057 20.0098 291.395 -3.65437 50.2055 266.428 -86.1541 91.9421 265.023 -91.8557 101.263 278.782 -13.3844 102.133 327.543 3.22168 78.0409 345.294 -27.9406 45.3836 60.4078 15.8369 
169.719 170.116 170.699 137.279 162.949 174.86 168.031 170.856 118.838 89.6917 19.9439 291.46 -3.54902 50.3314 266.402 -86.095 92.1239 265.043 -91.8962 100.992 280.047 -12.557 102.221 327.816 3.20822 78.0938 345.351 -27.9224 44.4753 61.5449 15.8685 
170.156 170.193 170.853 137.074 162.88 175.009 168.115 171.088 118.444 89.6431 19.7652 291.528 -3.4456 50.3882 266.363 -86.11 92.2501 265.028 -91.9874 100.946 280.562 -12.1693 102.285 327.985 3.20875 78.126 345.36 -27.9212 44.1401 62.1038 15.907 
170.381 170.216 171.017 137.052 162.852 175.079 168.128 171.287 118.074 89.5853 19.6628 291.558 -3.38884 50.522 266.285 -86.0332 92.408 265.03 -92.0024 101 281.046 -11.7165 102.356 328.111 3.20871 78.1618 345.342 -27.8981 43.7491 62.6652 15.9249 
170.591 170.256 171.192 136.993 162.765 175.154 168.14 171.53 117.08 89.5937 19.579 291.56 -3.4822 50.605 266.133 -85.9408 92.5188 264.908 -92.043 100.675 282.009 -10.9036 102.331 328.148 3.23732 78.2092 345.282 -27.9076 42.8295 63.7525 15.9333 
170.579 170.273 171.232 136.389 162.741 175.175 168.136 171.602 116.548 89.6314 19.547 291.555 -3.66482 50.689 266.082 -85.9059 92.6383 264.852 -92.0113 100.516 282.581 -10.6178 102.36 328.082 3.25036 78.2569 345.249 -27.9235 42.3087 64.2087 15.9562 
170.606 170.264 171.263 135.974 162.695 175.255 168.117 171.633 116.514 89.6647 19.4788 291.643 -3.74761 50.8481 266.077 -85.7665 92.8065 264.857 -91.884 100.573 282.793 -10.4246 102.453 328.015 3.26409 78.3349 345.256 -27.9013 42.0086 64.3671 15.9678 
170.815 170.312 171.414 135.434 162.63 175.332 168.186 171.832 115.676 89.6392 19.4087 291.758 -3.77108 51.0323 266.057 -85.6465 93.0642 264.842 -91.8135 100.597 283.685 -9.95473 102.602 328.047 3.27411 78.457 345.268 -27.886 41.3369 65.0726 16.021 
170.909 170.328 171.462 135.057 162.628 175.348 168.204 171.942 115.58 89.5425 19.4649 291.731 -3.72236 51.2066 265.849 -85.3794 93.2237 264.675 -91.6041 100.659 283.859 -9.6136 102.723 327.992 3.29008 78.5696 345.141 -27.8545 41.0835 65.3608 16.0191 
170.951 170.351 171.477 135.103 162.697 175.403 168.245 171.91 116.303 89.4906 19.5163 291.777 -3.63401 51.3024 265.817 -85.1135 93.2641 264.631 -91.2954 100.878 283.297 -9.69265 102.831 328.006 3.29419 78.6345 345.102 -27.8165 41.4797 64.9088 16.003 
170.952 170.305 171.422 134.912 162.701 175.4 168.196 171.863 116.74 89.3682 19.6874 291.727 -3.60848 51.4497 265.804 -84.89 93.291 264.681 -91.1335 101.051 282.971 -9.93485 102.97 328.077 3.22691 78.6975 345.1 -27.8143 41.8154 64.5103 15.94 
171.198 170.343 171.5 134.904 162.68 175.455 168.269 172.027 116.78 89.1866 19.7285 291.807 -3.62149 51.5632 265.871 -84.8426 93.3807 264.842 -91.1148 101.278 283.184 -9.8564 103.061 328.385 3.1285 78.7498 345.199 -27.8301 41.9142 64.6169 15.9365 
171.48 170.379 171.541 134.819 162.68 175.583 168.336 172.032 117.197 89.0882 19.5812 291.998 -3.61604 51.6208 266.082 -84.9411 93.4606 265.077 -91.1478 101.615 283.109 -10.0035 103.149 328.578 3.01371 78.7862 345.341 -27.8663 42.1684 64.4342 15.9648 
171.554 170.417 171.633 134.802 162.659 175.628 168.405 172.129 117.494 89.0323 19.4171 292.156 -3.48501 51.581 266.206 -84.9657 93.4379 265.201 -91.157 101.719 283.047 -10.0063 103.141 328.745 3.01182 78.7762 345.439 -27.845 42.3646 64.3703 15.9779 
171.484 170.421 171.596 135.017 162.691 175.652 168.431 172.117 118.141 89.0448 19.3329 292.293 -3.45284 51.5376 266.302 -85.0245 93.321 265.267 -91.163 101.865 282.664 -10.0725 103.113 328.827 2.99807 78.771 345.522 -27.867 42.6597 64.1186 15.9243 
171.286 170.474 171.644 135.806 162.666 175.609 168.55 172.301 118.547 88.9607 19.3507 292.425 -3.35527 51.5308 266.436 -85.1407 93.2602 265.385 -91.2413 102.009 282.602 -9.62657 103.102 329.003 2.944 78.7847 345.636 -27.8684 42.5217 64.4409 15.8817 
171.025 170.397 171.539 136.154 162.668 175.552 168.482 172.236 118.995 89.0003 19.3732 292.453 -3.18552 51.507 266.419 -85.0455 93.1543 265.332 -91.1664 102.05 282.254 -9.49931 103.085 328.923 2.97444 78.7802 345.624 -27.8499 42.5579 64.3609 15.8239 
170.806 170.337 171.456 136.337 162.649 175.467 168.43 172.287 118.751 88.9425 19.5131 292.434 -3.09694 51.4995 266.418 -85.0084 93.0584 265.341 -91.2031 101.923 282.457 -9.28524 103.072 328.987 2.99755 78.8128 345.643 -27.8331 42.4014 64.6398 15.757 
170.807 170.31 171.403 136.205 162.61 175.476 168.411 172.334 118.287 88.8414 19.6038 292.295 -3.08635 51.5183 266.343 -85.0126 93.0712 265.295 -91.2442 101.912 282.715 -9.25663 103.161 328.97 2.99013 78.8552 345.569 -27.8109 42.2779 64.8265 15.754 
170.544 170.224 171.373 136.681 162.595 175.35 168.311 172.38 117.727 88.8136 19.9505 292.083 -3.09261 51.7601 266.141 -84.8479 93.1567 265.127 -91.0993 101.937 283.126 -8.7526 103.321 328.924 2.97137 78.9638 345.459 -27.7914 41.6997 65.3395 15.648 
170.433 170.177 171.409 136.892 162.577 175.267 168.291 172.478 117.659 88.6927 20.2955 291.893 -2.9933 52.0255 266.023 -84.75 93.236 265.071 -91.029 102.284 283.282 -8.53767 103.533 329.007 2.8727 79.0717 345.396 -27.7849 41.5756 65.5395 15.5232 
170.131 170.13 171.35 136.977 162.57 175.075 168.242 172.494 117.561 88.5192 20.6397 291.802 -2.88743 52.2456 265.86 -84.5408 93.2547 264.972 -90.8346 102.532 283.367 -8.46239 103.766 329.084 2.75933 79.1975 345.329 -27.799 41.5578 65.5521 15.3962 
169.941 170.058 171.326 136.846 162.577 174.966 168.115 172.473 117.262 88.3952 20.9053 291.686 -2.79325 52.4372 265.625 -84.1762 93.2616 264.815 -90.5678 102.781 283.606 -8.44435 103.982 329.17 2.633 79.2591 345.237 -27.8376 41.5183 65.5571 15.2902 
169.905 170.028 171.368 136.679 162.575 174.935 168.059 172.453 117.058 88.3345 21.1537 291.56 -2.74634 52.6342 265.535 -83.9717 93.3361 264.788 -90.4304 103.099 283.734 -8.67616 104.207 329.245 2.47061 79.2991 345.196 -27.8941 41.6187 65.3897 15.2262 
170.055 169.969 171.359 136.634 162.534 174.994 167.968 172.481 116.946 88.234 21.3446 291.46 -2.60314 52.8341 265.416 -83.6427 93.368 264.776 -90.2743 103.536 283.917 -8.74863 104.479 329.387 2.30205 79.3495 345.174 -27.9189 41.6418 65.3412 15.1389 
