162.448 177.008 180 174.781 176.488 148.268 176.875 180 178.269 177.234 101.469 202.808 -2.29389 132.557 214.217 -57.2878 151.825 219.643 -68.0362 170.423 225.886 -56.0734 184.373 226.529 -29.9962 142.75 220.143 33.3713 6.91562 6.36667 4.94128 
162.059 178.435 180 174.446 176.51 147.868 177.215 180 178.144 177.596 94.5877 202.162 -3.78554 124.79 213.894 -58.9647 143.846 218.809 -69.4255 162.089 225.217 -57.7087 176.207 225.526 -31.694 135.017 219.223 31.9084 6.73564 6.58843 4.62808 
162.043 179.87 180 175.15 176.735 147.635 178.154 180 178.379 177.33 87.431 201.756 -4.72962 116.855 215.017 -60.4881 135.654 218.566 -70.6445 153.503 224.497 -59.2681 167.654 224.548 -33.4181 127.566 219.151 30.6404 6.48768 6.34414 3.77409 
161.973 179.145 180 175.377 177.086 147.355 178.844 180 178.444 177.594 79.9141 201.061 -6.0587 108.824 215.081 -62.4721 127.188 217.473 -72.3007 144.645 223.281 -61.2636 158.895 223.495 -35.5504 119.728 218.954 29.0191 6.45302 6.30329 3.25498 
162.802 177.701 180 175.798 177.907 147.558 179.19 180 178.568 178.084 64.6667 199.984 -8.40221 93.017 214.967 -65.2964 110.321 215.318 -74.4789 126.885 220.858 -64.0051 140.888 221.724 -38.6413 103.951 218.523 26.8382 6.3605 6.02347 2.98771 
163.366 179.209 180 176.486 178.456 147.634 178.821 180 178.805 178.066 55.4576 199.353 -9.72884 83.507 212.739 -66.3694 100.371 213.64 -75.4686 116.304 218.852 -65.3374 130.359 220.01 -40.2233 94.6499 217.784 25.526 6.39785 5.91751 3.36308 
163.056 178.476 180 176.644 178.764 146.984 179.048 180 178.86 178.189 46.1594 197.866 -10.5885 73.775 211.592 -67.8159 90.1916 211.948 -76.8922 105.669 216.963 -67.1575 119.73 218.376 -42.3617 85.3514 216.924 23.9541 6.40641 5.87538 3.53649 
162.896 178.153 180 177.683 179.203 146.581 178.049 180 179.217 177.596 36.7386 196.286 -11.0084 63.8624 209.503 -68.3569 79.846 210.338 -77.8051 95.0174 215.144 -68.4075 109.072 216.542 -43.7958 75.8563 216.366 22.8164 6.11553 5.74492 3.93428 
161.808 178.048 179.432 179.168 179.814 145.457 177.083 179.179 179.725 176.818 27.3973 194.064 -11.2372 53.4121 207.636 -68.6587 68.9649 208.725 -78.5639 83.8569 213.579 -69.5979 97.9127 214.542 -45.2016 66.0236 215.596 21.6205 5.63283 5.82469 4.35395 
162.083 177.319 178.799 178.308 178.922 145.263 176.215 178.186 179.422 176.219 17.4732 192.457 -11.6294 43.0742 206.405 -68.9708 58.4303 207.316 -79.1058 72.9478 211.69 -70.4188 86.9808 211.959 -46.0667 55.9889 214.889 20.632 5.00947 5.67113 4.54562 
162.62 176.19 177.92 177.336 178.312 145.242 175.619 176.651 177.902 175.729 7.69484 190.821 -12.0721 32.6833 205.142 -69.4458 48.2513 205.291 -79.392 62.4189 209.042 -70.9739 76.3037 209.008 -46.6665 45.8763 214.126 19.6963 4.60952 5.36147 4.34113 
162.225 175.126 176.868 176.064 178.154 144.23 175.475 175.618 176.96 173.64 -1.8803 189 -12.054 21.9238 203.785 -69.9862 37.7649 203.43 -79.7813 51.7199 206.709 -71.6178 65.1498 205.822 -47.0604 35.6477 213.009 18.7685 4.73889 5.17123 4.18857 
161.159 172.554 175.64 175.029 179.734 142.831 174.545 174.151 175.66 171.747 -11.1087 188.57 -11.6078 11.7255 203.987 -70.3631 27.378 202.649 -79.9764 41.0887 205.04 -72.0784 54.4352 204.189 -47.9171 25.3863 212.102 18.3758 4.85906 5.04858 4.52429 
159.946 171.637 174.528 173.966 176.784 140.844 174.011 173.334 174.676 170.39 -21.0879 189.139 -11.4553 1.02262 204.174 -71.0414 16.0792 202.158 -80.7387 29.5579 203.64 -73.0783 43.193 203.103 -49.5392 14.7828 211.177 17.5748 4.86642 5.0792 5.07353 
158.762 171.429 173.759 173.135 173.659 138.747 173.593 172.571 173.143 167.79 -31.9523 190.056 -11.4629 -10.2997 204.382 -71.5335 4.4722 201.534 -81.3571 17.5381 201.495 -73.7774 31.4755 200.907 -50.723 3.88082 209.68 16.7189 4.92254 5.18817 5.47564 
157.245 172.315 173.179 172.198 171.206 136.478 174.295 172.299 172.054 166.303 -43.5836 192.408 -11.2901 -22.1984 206.236 -72.34 -7.37878 202.102 -82.1927 5.36345 200.501 -74.584 19.7318 199.736 -52.0033 -7.13597 208.679 15.9451 4.8678 5.34671 5.78964 
158.723 175.03 174.682 173.52 171.186 136.022 176.722 173.681 172.044 165.262 -57.0836 197.553 -12.1975 -33.5894 209.281 -74.6887 -18.1749 203.366 -84.6889 -6.2456 199.087 -76.5979 8.10174 196.755 -53.6355 -18.0919 207.569 14.3886 4.49644 5.84637 5.69829 
158.601 175.823 175.482 175.055 173.202 135.479 177.516 174.841 172.89 166.44 -71.4053 200.073 -12.2754 -46.6104 211.087 -76.0323 -31.1916 204.515 -86.6241 -19.5281 199.021 -78.5247 -4.5943 195.822 -55.8076 -30.2472 206.099 13.113 4.10804 6.00206 5.6361 
157.736 178.172 175.949 176.487 174.653 135.657 178.854 175.9 174.032 166.827 -85.0671 203.32 -12.2609 -58.5316 213.652 -77.5006 -43.0071 206.29 -88.7364 -31.2076 199.612 -80.6092 -15.8081 194.707 -57.7916 -41.1768 205.032 11.6155 3.35322 5.87057 5.65883 
157.366 179.773 176.229 177.668 176.277 135.81 179.434 177.074 176.136 168.583 -98.7818 205.969 -10.3973 -72.0249 216.493 -77.1795 -55.4683 208.551 -89.0433 -43.1728 201.123 -80.9697 -27.3309 194.671 -58.1896 -52.7364 204.699 11.7822 2.64583 5.45231 5.1774 
156.579 179.613 176.627 178.627 177.615 135.422 179.643 177.828 177.847 170.71 -111.091 207.748 -9.1459 -85.2913 218.353 -77.4215 -68.2697 210.255 -89.8317 -55.545 202.377 -81.6763 -39.2509 194.988 -59.2131 -64.3081 204.125 11.5727 2.23155 5.0634 4.73701 
154.768 178.517 176.737 179.216 178.358 134.319 179.039 178.39 179.134 172.612 -123.507 208.995 -7.04278 -98.7513 219.788 -76.3612 -81.9908 212.258 -89.5535 -68.7225 204.28 -81.6271 -51.1292 196.449 -59.9172 -76.1025 204.386 11.9482 1.65461 4.66546 4.31683 
151.624 178.16 176.417 178.984 177.816 132.68 177.589 178.457 179.653 173.333 -135.683 208.729 -5.09958 -113.34 219.828 -75.3744 -96.1377 212.505 -89.2465 -82.1183 204.433 -81.7079 -63.2234 196.229 -60.6603 -88.05 204.063 12.025 1.61138 4.13285 3.79868 
148.833 178.44 175.662 177.918 177.275 131.446 176.282 178.158 179.361 174.349 -148.155 208.334 -2.7379 -127.149 218.377 -74.0441 -109.8 210.755 -88.177 -94.7747 203.217 -81.0465 -75.1232 194.868 -60.3263 -99.9977 203.694 12.8696 1.95628 3.28023 3.57682 
147.174 179.897 175.911 174.27 177.041 130.651 175.809 178.282 178.235 175.751 -159.726 207.969 -1.41413 -140.687 217.33 -73.3753 -123.688 209.392 -87.7763 -107.928 202.545 -80.9848 -87.3632 194.118 -60.6832 -111.519 202.898 13.0728 2.64116 2.75488 3.5128 
147.395 178.774 175.971 174.27 177.018 131.15 175.284 177.79 178.252 176.368 -171.898 208.654 -0.711007 -154.436 217.585 -72.4936 -138.11 209.114 -87.0795 -122.447 202.599 -80.2886 -100.998 194.71 -60.6255 -123.456 203.165 13.4949 3.46927 2.98505 3.77787 
150.445 177.643 176.744 174.27 177.156 133.022 175.206 177.869 178.284 176.514 -184.362 209.543 -1.06258 -167.897 217.397 -72.1771 -152.216 208.64 -86.549 -137.341 202.135 -79.9999 -115.085 194.713 -61.3114 -135.54 203.483 13.435 4.03104 3.62346 3.88576 
153.842 177.102 176.992 174.27 176.896 135.89 174.654 176.948 178.369 175.746 -197.824 210.462 -1.17948 -181.616 216.826 -71.6592 -166.347 207.616 -85.8513 -151.749 201.909 -79.1737 -128.789 194.198 -61.507 -147.633 204.249 13.6073 4.13136 4.1192 3.96061 
152.024 179.97 175.892 177.31 175.912 140.383 175.775 176.095 178.565 174.707 -216.524 214.247 1.02698 -201.241 218.313 -71.1408 -184.859 208.496 -85.5839 -168.343 202.071 -80.116 -143.634 195.275 -62.6867 -160.857 205.578 12.9208 5.37224 2.59643 3.69127 
152.724 179.145 175.809 176.733 175.657 144.24 176.065 175.708 177.64 174.616 -233.181 217.821 3.28842 -218.326 221.222 -70.319 -201.866 210.959 -85.1418 -184.292 204.122 -80.827 -158.736 197.394 -63.7375 -174.197 207.286 12.5743 5.61833 1.74061 4.07788 
153.172 178.951 176.342 176.949 175.792 144.784 176.424 175.714 177.333 174.733 -246.69 219.635 4.80989 -234.211 224.268 -69.1679 -218.073 213.944 -84.5139 -200.012 206.926 -81.0962 -173.846 200.111 -64.6587 -187.043 208.981 12.3274 5.68575 1.39196 4.24216 
148.346 179.159 177.388 177.377 175.869 142.269 177.196 176.776 177.484 175.099 -256.687 218.903 5.30453 -248.348 225.865 -67.8706 -233.046 216.437 -83.5119 -214.523 209.046 -80.7721 -187.508 201.514 -65.0837 -198.769 210.077 12.4286 5.8625 1.03258 3.44889 
147.873 174.327 179.999 178.88 176.282 139.681 178.03 179.961 178.915 176.23 -266.68 217.977 5.40628 -261.221 229.889 -66.6552 -250.031 221.801 -81.5438 -230.579 213.386 -79.4844 -202.67 205.058 -64.9478 -210.268 211.232 12.8181 5.9053 0.187778 3.58215 
146.708 174.27 180 174.388 176.81 139.453 177.979 179.971 178.083 177.918 -279.932 221.123 8.24442 -276.871 232.841 -63.662 -265.283 224.369 -79.257 -244.268 218.007 -78.4042 -217.404 209.346 -64.0334 -224.005 214.262 14.5515 5.154 2.08395 3.26238 
146.097 174.375 180 174.296 176.695 140.41 178.037 179.976 178.051 178.64 -293.407 223.99 11.5084 -290.415 235.641 -60.8006 -278.155 226.231 -77.3773 -256.771 219.698 -77.2021 -229.701 211.253 -63.2605 -237.174 216.872 16.1002 5.66749 2.22512 3.57927 
145.578 174.27 180 174.27 177.727 140.627 178.148 179.981 178.042 179.083 -306.509 226.511 13.6542 -304.802 238.842 -58.3645 -292.136 228.928 -75.9282 -270.536 222.396 -76.281 -243.068 213.865 -63.0212 -250.313 219.612 16.8188 6.06346 2.39338 3.86728 
144.92 174.27 180 174.27 178.423 140.275 178.345 179.986 178.058 179.363 -318.926 228.473 15.9069 -318.196 241.565 -56.0067 -305.187 231.402 -74.4545 -283.539 224.882 -75.1314 -255.866 216.224 -62.3223 -262.961 222.277 17.8019 6.30038 2.46044 4.06731 
143.539 174.27 179.999 174.27 174.27 139.83 178.584 179.989 178.07 177.684 -330.157 230.356 18.3303 -330.714 244.349 -53.4916 -317.22 233.926 -72.9178 -295.313 227.154 -74.0207 -266.52 219.593 -61.5521 -274.727 224.406 18.9498 7.82498 2.488 4.51504 
141.683 174.389 180 174.27 179.731 139.78 179.03 179.989 178.085 179.769 -340.739 231.995 21.2115 -342.028 247.44 -50.7227 -328.268 236.621 -71.0866 -306.257 229.273 -72.6896 -277.96 219.849 -60.6636 -286.193 226.653 20.6383 6.89598 2.38972 5.09882 
142.267 179.002 179.999 174.27 177.965 140.764 179.142 179.99 178.096 179.045 -352.111 234.039 24.613 -352.935 249.127 -48.1842 -339.06 238.849 -69.0446 -316.969 231.292 -70.9051 -288.602 221.043 -59.1526 -297.045 229.248 22.7036 6.89314 2.43079 4.66747 
142.418 175.614 179.999 174.27 174.664 142.926 177.628 179.991 178.103 177.696 -363.231 235.096 29.0977 -364.604 251.97 -44.6823 -349.571 241.892 -66.8778 -327.026 233.619 -69.3322 -298.258 221.668 -58.1135 -306.772 231.202 24.4961 7.27938 2.70706 5.23168 
143.68 173.521 180 174.27 171.618 144.497 176.181 179.992 178.138 176.492 -374.606 237.198 32.0756 -375.836 254.786 -42.6703 -360.553 245.195 -65.4845 -337.725 236.097 -68.3882 -308.844 222.966 -57.5889 -316.943 233.647 25.4447 7.58178 2.97691 5.23578 
144.527 172.451 177.366 176.882 169.609 145.982 174.479 179.113 179.019 175.343 -385.704 238.923 36.3561 -387.266 257.963 -39.241 -371.997 248.659 -62.6178 -348.847 239.101 -66.1567 -319.399 225.201 -55.9537 -326.795 236.254 27.1708 8.21314 3.33663 5.4498 
144.785 172.643 175.98 179.062 169.355 147.528 172.812 178.111 179.705 174.726 -396.952 241.786 40.2617 -400.284 261.766 -35.2437 -384.781 252.528 -59.5657 -361.101 242.65 -63.9893 -330.879 228.153 -54.6036 -337.251 239.592 28.9097 8.93421 3.89222 6.11285 
147.318 172.99 175.744 175.728 169.972 148.538 171.91 176.651 178.541 174.028 -407.773 243.839 43.1997 -411.725 265.694 -32.9298 -397.234 256.589 -57.2738 -373.696 245.92 -62.3349 -343.563 231.532 -53.8015 -347.254 242.515 29.589 8.65 4.04 5.77619 
147.676 173.246 175.45 173.54 170.445 150.283 171.816 176.146 177.61 173.752 -419.293 247.02 47.7238 -424.099 270.569 -29.0257 -409.75 261.442 -54.0695 -385.731 250.022 -60.1693 -354.914 234.974 -52.6879 -357.688 245.843 31.2566 9.40547 4.75875 6.332 
148.752 172.235 174.182 172.075 169.923 152.69 170.747 175.17 176.32 172.59 -429.168 247.724 52.7321 -434.68 274.757 -24.6689 -420.563 265.27 -50.362 -395.81 252.676 -57.8397 -364.518 236.65 -51.6401 -366.436 248.28 32.9033 10.2898 5.94569 7.13262 
150.327 172.736 173.945 172.258 170.553 154.582 170.55 174.926 175.764 172.68 -437.653 249.392 56.5166 -443.903 277.998 -20.9373 -430.049 268.143 -47.0176 -405.297 255.052 -55.2727 -373.64 238.407 -49.8068 -374.331 250.248 34.7904 10.7752 6.31546 7.65181 
161.579 172.258 173.314 171.986 170.771 160.868 169.878 174.882 175.625 172.216 -447.723 250.901 63.1191 -456.254 280.444 -13.6687 -441.638 271.951 -41.6743 -414.998 257.81 -52.3667 -381.554 239.191 -48.3561 -382.386 252.101 36.9766 13.2401 8.52594 8.88598 
168.357 171.487 172.734 172.268 171.392 164.894 169.439 174.505 175.105 171.636 -455.999 249.07 67.6349 -465.583 282.115 -9.09484 -450.799 273.774 -37.9419 -423.708 259.411 -49.7059 -389.465 240.172 -46.7467 -389.813 253.454 38.8237 14.2765 9.24841 9.75764 
170.182 170.378 171.687 171.615 170.429 166.326 168.876 174.041 174.708 171.187 -463.282 249.521 71.6391 -474.771 284.26 -3.72625 -459.893 276.504 -33.2786 -432.393 261.981 -46.0141 -397.607 242.135 -43.7667 -397.16 255.395 41.752 14.9938 9.84389 10.2347 
169.066 169.835 170.945 170.987 169.474 166.817 168.96 173.602 174.314 170.645 -468.913 247.679 75.3857 -483.036 285.956 1.6341 -468.354 278.542 -28.6227 -440.373 263.888 -42.6697 -404.833 243.403 -41.3392 -403.531 256.663 44.172 15.9607 10.6225 10.7603 
169.851 167.214 169.759 170.748 169.594 166.364 167.089 172.27 173.469 169.729 -475.197 245.835 75.8282 -492.196 286.921 6.2994 -478.192 280.189 -24.1898 -450.586 266.02 -38.7748 -415.256 246.162 -38.42 -411.234 258.836 46.1908 15.4847 10.4523 10.6807 
168.636 165.738 169.514 171.478 170.557 166.177 165.248 171.48 173.122 169.775 -480.878 243.758 75.8771 -500.99 288.617 11.5859 -487.794 282.916 -19.1933 -460.536 269.093 -34.3892 -425.008 249.354 -35.211 -418.707 261.749 48.8507 15.5664 10.3565 10.5085 
165.413 165.619 170.165 173.043 172.084 164.471 163.294 170.649 172.517 169.462 -485.702 243.243 75.0399 -508.43 289.635 15.9231 -496.787 284.34 -14.263 -470.104 270.738 -29.7554 -434.514 251.48 -31.5641 -425.581 264.646 51.3949 15.4267 10.0845 9.59905 
164.103 163.1 168.378 171.323 170.53 163.112 159.922 167.997 169.65 167.617 -492.418 244.925 75.9605 -517.193 290.636 19.3487 -506.242 286.205 -10.614 -479.993 272.134 -26.4427 -444.084 253.582 -28.9664 -433.544 267.941 53.242 15.4698 10.1608 9.20003 
164.221 161.952 166.978 170.042 169.63 162.023 159.045 166.749 168.453 167.298 -497.591 246.204 78.6423 -524.242 292.993 23.3547 -513.85 288.735 -6.65732 -487.928 274.426 -22.9875 -451.566 256.113 -26.3368 -439.73 270.67 55.7797 15.7536 10.2343 9.1243 
161.674 161.038 168.867 169.703 169.815 162.17 159.249 168.62 168.135 167.75 -502.001 247.419 79.6365 -530.683 293.839 27.1043 -520.442 290.908 -3.02317 -495.034 276.239 -19.7748 -458.338 258.45 -23.6513 -445.447 273.186 58.2528 15.7461 10.3028 9.27387 
160.739 160.056 167.199 168.26 168.885 158.563 159.867 166.72 166.705 166.821 -504.915 248.733 79.7541 -535.604 296.456 28.1129 -526.266 291.85 -0.904955 -501.211 276.618 -17.3876 -464.506 259.114 -21.2716 -450.708 275.694 60.0714 15.6359 10.2025 8.22835 
157.922 161.822 167.137 168.29 169.396 153.412 160.674 167.07 167.601 167.99 -506.459 250.849 79.3444 -539.26 297.409 28.8143 -530.75 292.588 0.627506 -506.363 277.863 -15.2204 -470.164 261.253 -19.0512 -454.645 277.157 61.5615 14.7035 9.29701 7.18294 
153.374 161.336 167.113 169.004 170.254 151.062 159.915 167.074 168.256 168.93 -509.045 253.022 79.4866 -542.43 298.86 29.7664 -534.883 294.441 2.41286 -511.183 280.166 -13.0817 -475.576 264.317 -16.8078 -458.501 279.159 62.9738 13.7304 8.59739 6.10677 
150.358 165.451 168.515 170.947 172.7 149.954 164.36 171.028 169.629 170.685 -509.712 254.207 79.4649 -542.225 299.796 28.8549 -536.492 295.656 3.39559 -514.334 281.951 -10.8153 -479.588 267.231 -14.2713 -460.159 279.871 64.0919 12.2231 6.97556 3.72377 
151.014 168.971 169.048 170.945 172.54 150.38 166.079 170.728 170.036 170.923 -510.448 254.777 81.3884 -542.693 301.213 29.8212 -537.676 296.854 5.15593 -515.844 282.864 -8.93459 -481.361 267.581 -12.4297 -460.876 280.75 65.694 12.0601 6.80293 2.85939 
154.377 175.719 169.595 171.295 172.694 153.901 169.159 170.472 170.354 171.453 -513.565 256.784 84.3085 -544.412 303.031 30.4834 -539.77 298.212 7.15936 -517.821 284.097 -7.02006 -483.226 268.245 -10.7658 -462.307 282.643 67.303 12.4154 6.89558 1.92872 
156.6 174.907 169.768 171.476 172.618 157.248 170.251 170.098 170.633 172.097 -516.019 258.879 86.9266 -546.096 303.714 32.1388 -541.396 299.426 9.10437 -519.257 285.281 -5.22926 -484.38 268.963 -9.13834 -463.419 284.578 68.9115 12.9165 7.06246 2.04214 
155.623 172.775 167.683 170.569 172.435 160.378 152.88 170.256 169.727 171.588 -515.795 258.025 88.525 -548.224 294.164 43.4869 -542.642 300.313 13.2641 -521.045 286.983 -1.62424 -486.111 270.23 -6.36455 -463.154 286.17 70.4133 13.1605 6.82668 13.5637 
153.297 174.27 171.061 170.824 172.977 161.839 155.745 171.308 169.502 171.488 -516.437 260.114 89.7941 -546.704 293.634 44.0653 -543.527 301.79 16.1747 -522.15 288.577 0.616972 -487.751 272.439 -4.20063 -463.215 287.582 71.4591 12.3586 7.05699 14.118 
153.175 174.27 172.599 169.936 172.548 163.581 151.979 170.38 169.076 171.059 -517.809 262.132 90.9458 -546.519 291.025 46.2871 -544.923 302.826 18.5159 -523.216 289.928 2.08346 -489.074 274.272 -2.65257 -464.093 289.438 72.3878 11.9701 7.67614 17.6808 
152.732 174.27 170.268 169.139 170.877 161.301 153.062 169.071 168.164 169.934 -517.465 264.401 91.3976 -547.189 293.365 46.3678 -544.983 302.941 18.7716 -522.815 289.185 2.47391 -488.157 273.247 -2.22032 -464.059 290.736 73.3282 12.5894 8.05015 15.7212 
154.437 174.27 173.046 170.638 171.525 160.648 166.462 170.219 169.646 170.592 -515.595 265.182 92.0065 -549.645 300.213 48.8507 -544.084 304.124 19.9779 -522.088 290.177 3.2415 -487.951 273.687 -0.933105 -462.833 292.017 74.2738 12.0608 8.25825 12.6587 
154.168 174.27 172.114 170.711 170.99 159.114 175.991 168.838 168.807 169.684 -512.748 265.771 91.4871 -547.76 305.281 47.175 -542.54 304.548 21.116 -520.463 289.884 4.62858 -486.115 273.025 0.173961 -460.923 293.176 75.2717 12.5054 8.38717 8.12988 
158.924 174.27 170.697 171.068 170.925 160.304 176.096 168.517 168.698 169.562 -514.285 272.309 93.7192 -545.831 309.512 44.1229 -541.047 303.999 20.8441 -518.794 289.158 5.34581 -484.317 272.81 1.03426 -460.125 294.492 76.3147 12.5846 8.06208 3.44377 
154.977 174.472 168.417 168.843 169.007 159.162 177.29 165.873 166.509 167.529 -512.31 275.294 95.4872 -544.461 312.29 46.2777 -539.951 305.175 24.137 -517.525 289.851 8.2425 -483.08 272.815 3.42146 -458.115 296.759 77.9519 13.0696 8.52575 2.65338 
153.282 167.742 167.258 167.563 167.398 159.468 169.915 164.206 164.653 165.446 -512.016 281.314 99.4583 -542.511 316.92 47.5659 -538.268 308.192 26.3294 -515.851 291.325 10.7186 -481.514 273.457 5.62624 -456.2 299.449 79.7768 13.5426 8.91872 2.31845 
151.93 170.521 167.613 167.827 167.544 159.426 167.888 164.832 164.947 166.143 -510.283 287.738 101.223 -539.98 320.431 49.2729 -535.247 310.903 27.0676 -512.982 293.595 11.9875 -478.493 275.389 6.55699 -453.356 301.597 81.188 13.9791 8.74712 3.38696 
152.687 167.548 166.856 167.717 167.094 160.432 166.883 165.452 165.743 166.397 -508.646 294.712 105.017 -536.16 325.521 49.8509 -531.076 313.824 26.9604 -508.896 296.165 12.1104 -474.315 277.573 6.85043 -450.328 303.293 82.6815 14.2707 8.78927 5.22173 
157.106 166.105 167.561 168.355 167.324 163.273 165.899 165.637 165.941 166.567 -505.637 297.072 108.001 -531.826 328.369 51.5276 -526.661 316.297 27.9432 -504.76 298.223 12.7049 -470.063 278.893 6.56324 -445.61 303.986 83.0113 14.9002 8.95208 5.93713 
160.601 166.793 167.57 168.519 166.946 164.683 164.409 165.012 165.435 166.346 -500.965 297.599 109.378 -525.84 327.827 50.8491 -520.625 315.963 26.7955 -498.417 297.439 11.6568 -463.584 277.844 5.49378 -439.627 303.535 82.87 15.0896 9.23488 6.02084 
164.491 167.283 168.146 169.36 167.374 166.787 163.509 164.089 164.673 166.389 -496.602 299.141 111.188 -519.453 327.957 50.2775 -513.913 315.5 26.7325 -491.725 296.86 11.7826 -456.496 277.087 5.35651 -433.447 303.625 83.5602 15.5894 9.24747 6.15593 
167.563 167.422 167.671 169.313 167.49 167.963 163.879 164.407 165.394 167.027 -489.678 299.577 113.173 -511.641 327.177 49.1551 -505.583 313.639 25.633 -483.308 294.962 10.9328 -447.611 275.415 5.02658 -425.842 302.333 83.927 15.7242 9.22494 6.81082 
169.706 165.378 167.006 169.605 168.75 168.785 162.464 163.959 165.665 168.409 -482.954 301.257 115.541 -503.067 327.094 49.8887 -497.133 312.902 26.2776 -474.981 294.144 11.6022 -439.158 274.471 5.49715 -418.45 301.64 85.0947 16.1804 9.26586 7.2523 
171.213 164.88 167.753 169.707 168.901 169.807 161.012 163.935 165.318 168.293 -475.805 301.514 116.587 -495.232 324.209 49.6346 -488.918 310.156 25.5394 -466.645 291.208 10.9663 -430.553 271.489 4.75694 -410.725 299.61 84.4578 16.6354 9.42297 7.40074 
173.915 167.163 167.856 167.715 166.413 173.254 158.182 163.62 164.164 166.155 -466.775 300.562 119.144 -487.461 319.288 53.5435 -479.271 306.903 26.3135 -456.827 287.127 11.511 -420.423 266.25 5.53589 -400.433 296.321 84.4052 17.2734 9.93135 8.7979 
176.384 166.56 167.476 166.735 165.624 174.499 157.638 162.818 163.097 164.834 -455.671 298.105 119.467 -476.348 313.059 54.4944 -467.757 300.712 26.9201 -444.929 280.361 12.2772 -408.562 259.321 7.17763 -388.452 292.214 84.6891 17.1388 10.2996 9.14669 
178.385 168.907 168.56 167.062 165.604 175.538 159.906 163.549 163.381 164.023 -442.398 295.329 117.583 -463.807 306.648 54.0287 -455.313 293.824 26.1015 -432.587 273.051 12.1666 -396.659 251.749 8.06373 -375.409 286.382 84.0252 16.5812 10.0857 9.40209 
177.522 169.251 169.251 167.781 165.65 173.343 161.52 163.988 163.326 162.651 -427.276 286.819 113.858 -449.271 298.504 51.3439 -441.384 285.18 24.856 -419.116 264.207 11.7261 -384.276 243.719 9.11179 -361.258 279.061 82.6391 14.9809 9.67417 8.28545 
177.335 170.394 170.225 169.039 167.6 172.398 162.928 165.295 164.786 163.679 -411.627 279.58 111.548 -434.164 289.362 50.0875 -426.592 275.566 24.1671 -404.822 255.39 11.7025 -371.394 236.113 10.1634 -346.356 271.394 82.0021 13.0137 8.76082 7.83121 
172.537 170.91 171.704 170.721 169.35 164.415 164.911 167.256 166.673 164.384 -392.456 269.886 103.706 -417.117 279.089 46.4308 -411.019 265.401 22.4966 -390.083 246.208 11.5381 -358.883 229.565 12.0686 -330.887 263.322 81.373 9.29219 7.28535 5.71615 
167.807 175.208 172.407 171.75 171.142 159.492 168.54 168.262 167.902 165.65 -374.642 261.154 100.744 -398.672 267.562 43.3537 -395.174 255.388 22.6505 -374.944 237.199 12.7037 -344.796 222.009 14.2635 -315.252 255.626 81.921 7.47114 6.09435 1.8259 
159.46 176.477 173.763 172.785 173.021 152.637 170.995 169.289 169.018 167.356 -357.045 251.253 96.9176 -381.026 256.173 39.3083 -378.725 243.723 21.5117 -359.532 227.745 13.3642 -330.36 214.918 15.8548 -300.613 247.812 82.1717 5.72316 3.98972 1.31945 
156.642 175.493 173.624 172.896 173.841 150.517 170.445 169.036 169.059 167.966 -342.355 244.819 96.4382 -367.056 247.576 40.2719 -365.238 235.23 23.0255 -346.426 220.132 15.179 -317.839 208.465 17.7024 -287.31 241.163 82.9383 4.97691 3.31063 1.85832 
154.796 174.521 173.69 173.299 174.448 147.24 170.186 169.073 169.584 168.909 -327.564 238.803 95.3057 -353.208 238.889 40.7311 -351.884 227.285 24.4358 -333.332 213.448 16.9579 -305.383 203.438 19.7684 -274.258 235.749 84.2188 4.34278 2.57231 2.90128 
154.128 174.473 174.527 174.428 175.392 145.143 171.657 170.476 171.069 170.321 -312.189 232.745 94.5899 -338.511 231.047 40.4163 -337.287 219.895 24.6718 -318.99 206.91 17.7245 -291.672 197.873 21.0484 -259.939 229.649 85.1605 3.80775 1.9441 3.47627 
153.676 174.103 174.824 175.081 175.648 143.347 172.456 171.212 172.094 171.461 -297.529 228.093 94.1909 -325.596 224.446 41.3273 -324.284 213.617 25.7079 -305.827 201.637 18.4128 -278.573 193.693 21.4399 -246.807 224.24 86.4458 3.97701 1.83259 3.66544 
154.093 173.848 174.857 175.275 175.342 143.018 172.428 171.416 172.388 171.297 -284.844 225.123 94.4865 -313.397 218.83 42.2822 -311.57 208.68 26.4782 -292.763 197.408 19.0209 -265.564 190.368 22.1138 -234.687 219.998 87.9272 3.95135 1.82156 3.64063 
155.1 173.87 175.2 175.692 175.176 142.948 172.742 171.907 173.156 171.628 -270.683 220.928 95.2415 -299.053 212.222 42.6984 -297.102 202.764 26.9686 -278.178 192.346 19.4655 -251.045 186.257 22.6886 -220.695 214.439 89.2408 4.23771 1.74699 3.90019 
154.239 172.728 174.397 174.935 174.16 143.987 171.529 171.507 172.417 170.607 -257.752 218.008 99.9629 -283.874 207.096 44.9163 -280.875 197.214 28.7212 -261.481 186.878 21.4629 -233.589 181.068 25.0023 -206.256 210.326 92.3705 4.33604 1.8221 3.31649 
153.747 170.813 173.322 173.633 172.039 144.373 169.387 170.47 171.114 168.866 -244.014 214.475 103.414 -268.692 201.484 47.198 -264.632 190.989 30.4923 -244.805 180.701 23.3603 -216.356 175.771 27.0201 -191.718 205.743 95.0122 5.12756 2.08508 2.60532 
154.433 164.085 170.75 171.152 168.284 145.575 164.923 168.842 169.565 166.749 -229.634 210.811 106.713 -252.722 195.268 50.8791 -247.077 183.851 32.7702 -226.135 173.651 25.4065 -196.49 169.325 28.7533 -176.204 200.872 98.3301 6.41221 2.91879 1.1742 
155.071 157.243 169.309 170.658 169.078 146.998 163.074 169.292 170.126 168.437 -213.713 206.051 109.909 -233.359 186.395 53.1163 -226.442 175.053 34.3456 -204.658 165.895 27.3837 -174.533 163.481 30.9311 -158.679 195.864 102.283 7.62017 3.26983 0.396726 
