160.77622661470159 179.95267962527817 179.92223828350564 179.58617601596356 179.96610022329273 175.68052341252937 179.89601869371816 179.93478174584678 178.67986127865498 179.9516430513564 0.361515406 -0.263816027 0.547268 0.392280173 -0.175070967 0.527194 0.43127787 -0.165641459 0.521494 0.445783492 -0.173422473 0.519969 0.48641955 -0.202973645 0.520822 0.434437486 -0.279762993 0.536083 15.505770636149204 2.952655978669627 11.781724783067794
161.28095714771428 179.89965640334347 176.26798870372068 174.68979733431595 179.9329235104536 179.49476890096247 179.93857100783077 179.9361074506004 179.130432048934 179.40740286285342 0.361857602 -0.263633219 0.547255 0.393178461 -0.175693163 0.528145 0.430559989 -0.165753134 0.519887 0.443352689 -0.17345382 0.517185 0.475318573 -0.210166395 0.514587 0.432430309 -0.278903294 0.533929 9.258158875385925 2.160162321487724 12.37418944845403
161.47140379658302 179.7800318641609 176.8551140320213 175.19925771642986 179.93670392627436 178.5300776934336 179.94171017051062 179.93825240332018 179.13249238624678 179.40816762072424 0.362018014 -0.263505368 0.54707 0.393460532 -0.176260806 0.528345 0.430639165 -0.166379375 0.520053 0.443319367 -0.174049661 0.517365 0.475234517 -0.210129229 0.514496 0.432111217 -0.279444019 0.533796 9.42339778088613 2.279743600751233 12.19612833308571
167.2208918375901 170.86965633143936 170.8090731562211 179.46188057303587 175.83086357896798 168.60608340713205 179.95433956462006 179.0218227680983 179.28821812537325 179.1359673817171 0.362433291 -0.263753911 0.546832 0.394327856 -0.183054956 0.52971 0.428454402 -0.172706059 0.519875 0.440385678 -0.17951263 0.516752 0.464510603 -0.214922865 0.512582 0.43045156 -0.28608233 0.533884 4.413904427510301 5.450284216395233 9.72862054633129
166.9210390499527 172.8348842062594 172.8020284556075 179.1579119591266 175.8103584910354 169.3307818820049 179.95581613156216 179.32148371763145 179.36767033455783 179.3937570951179 0.363052454 -0.264150865 0.546902 0.393810406 -0.184248688 0.529832 0.427546485 -0.173554368 0.519727 0.439799868 -0.180197265 0.516614 0.464038464 -0.214704412 0.512061 0.430467503 -0.286945628 0.533923 4.55458011278099 4.684395883926122 9.792824016272842
162.02972117232216 163.9813149361015 146.88135521147666 179.69013554832063 179.46284164777458 173.61762028658524 173.96688919041935 177.4519612234214 176.2539867282713 149.61571833229547 0.363440363 -0.264191928 0.546855 0.390380169 -0.183027457 0.525373 0.419498852 -0.173541867 0.515503 0.423064742 -0.176319364 0.507696 0.441338224 -0.219124096 0.504171 0.431258498 -0.282352916 0.533885 24.218239220490993 16.535616468324584 14.480448188588458
156.4295021411942 172.64147540923946 179.84774483803696 179.901070431301 168.21955140812213 166.63695286942882 176.5697171756285 177.67364557214728 179.85676905301648 139.85151319595866 0.365634702 -0.26584242 0.550239 0.381765161 -0.183520175 0.515073 0.396763754 -0.171287924 0.497943 0.404959847 -0.177431918 0.496204 0.41916017 -0.224735016 0.490907 0.423756743 -0.285458569 0.532571 34.04743075373344 3.5083817634899632 5.349725111288997
148.95597252781067 179.45634988109316 179.29917744754727 179.85104301532593 160.2935780914448 168.33093480929162 176.11011470988777 178.9765842156943 169.02904988574372 155.30813540509195 0.381123575 -0.269708954 0.564157 0.382085921 -0.200516328 0.513884 0.395473113 -0.196364421 0.497259 0.413785605 -0.194021941 0.506144 0.420704144 -0.236712836 0.49333 0.421122552 -0.298335613 0.535914 34.647139933590054 18.968809478542042 3.6811340639909833
164.22792145155378 179.4988930073983 178.73911049823312 148.4728105045083 158.91296455104168 165.6741766278764 179.1490139630679 176.67250318663525 125.7480532509264 153.3926104286578 0.388685711 -0.264737805 0.555401 0.37311339 -0.218219706 0.508516 0.373541193 -0.217633728 0.485181 0.377829391 -0.261488313 0.486133 0.418245808 -0.256107543 0.491357 0.424777281 -0.313958804 0.54133 52.32088597275101 52.284650847645494 5.558949651801047
171.3646542428665 147.31621246628774 143.28066440649792 93.10260485205404 140.7330251155681 170.51275712622686 156.96489090375817 136.848844803654 136.74970434970558 150.95656447922738 0.408659685 -0.255597521 0.541175 0.336837361 -0.216994366 0.472927 0.327483448 -0.262353885 0.457876 0.348197529 -0.2703524 0.447381 0.347395033 -0.271634938 0.452675 0.421036134 -0.293767926 0.521865 37.953712990152766 23.891866921527395 38.07044382539776
171.2405531814499 148.16148792086466 134.1921484693295 82.56465788728948 150.14798460848039 156.02867070403735 155.27248268275292 135.42662416063814 136.70479297353813 149.46220307496264 0.407045789 -0.264893946 0.539044 0.339783358 -0.218564868 0.47252 0.329131458 -0.273343388 0.459336 0.34975549 -0.281932302 0.44723 0.346242757 -0.273658143 0.450178 0.415288301 -0.299940897 0.514588 52.30062606897602 28.71943529546059 48.06520080362056
172.35969448235056 134.4345490236813 144.73662603620272 93.77573670056188 143.43074119505562 162.3546609483757 157.3833579886233 139.9554100496546 142.90562672816736 151.93068681524096 0.405097553 -0.263043669 0.534782 0.341364742 -0.22366187 0.472434 0.32340813 -0.269498295 0.450488 0.34208962 -0.27651416 0.436329 0.345956183 -0.277846008 0.448114 0.420422459 -0.303413786 0.519125 34.91723854662852 23.85839908950074 37.63916044582518
147.0084495988077 171.8696727284983 171.14119945575575 138.2086340654449 149.91665920024877 158.61922398525203 147.4990878779272 169.33629917309506 179.7099034516097 164.08943004570656 0.377836687 -0.319598574 0.513962 0.326520703 -0.233908469 0.446037 0.288181836 -0.25220398 0.428765 0.299607426 -0.265336438 0.430461 0.315960407 -0.296761379 0.428271 0.41669821 -0.313414328 0.499366 10.368371093661791 2.1022932238890846 1.0480151557634272
144.2594994344792 176.20952203204817 176.52243353176084 169.88165224628696 160.18321360148073 147.38251879048872 170.02557192457976 144.98775104297135 166.27450019931206 179.6559231883762 0.40702765 -0.296301383 0.506316 0.344659739 -0.227260191 0.433749 0.3285158 -0.241508195 0.415349 0.312277069 -0.263455466 0.417223 0.326137444 -0.26747485 0.424399 0.425594386 -0.325796833 0.489942 17.583335050258633 2.2611508314979862 8.561912198045325
152.77171380844788 96.9101927551708 99.42956850088378 91.0605134808743 127.79753414596081 134.49616989842784 104.46484413082062 103.96826198243087 116.02116840525272 179.89728303629758 0.409247653 -0.349078318 0.526724 0.383707395 -0.323980736 0.475962 0.360983565 -0.306016934 0.448283 0.365054969 -0.306760388 0.433927 0.339926703 -0.283533398 0.423703 0.427815502 -0.32037792 0.474762 94.13057501405453 12.264207527430274 30.52045676843588
162.8174809194332 119.79137077120056 119.4965552399813 112.93266324578063 166.87297296854342 165.3205526285148 163.64475893620468 161.66353677474652 163.962180876689 178.61355780753223 0.390479498 -0.305500805 0.467226 0.364739164 -0.258163626 0.418853 0.338112188 -0.264141903 0.39096 0.340394541 -0.280361713 0.395431 0.319219908 -0.297418338 0.405204 0.443622545 -0.330867092 0.478996 29.48147719046549 11.494941437517044 12.523039990663545
161.48576373316192 73.60346496731682 152.556004330967 169.50182659317926 161.0227588103468 172.0511110109952 117.19420275988357 163.2438609866037 175.67802710291005 174.99904204592713 0.475895383 -0.262693068 0.517017 0.399568198 -0.275647071 0.436734 0.335991676 -0.250320294 0.385423 0.323772006 -0.263715408 0.390337 0.326534065 -0.297668056 0.404017 0.451592109 -0.321653053 0.475963 6.756867979010391 13.567257661002195 137.9292849931349
166.71538717100637 63.65316689985701 161.60844913164257 172.06342613829761 168.60450591695684 167.7149434161107 134.70221141950614 174.1635997108692 167.21557983051824 177.3645300005765 0.47244571 -0.241718813 0.492446 0.402871358 -0.273505695 0.43373 0.344965832 -0.246862703 0.379122 0.348859211 -0.267027764 0.385565 0.344501663 -0.295763069 0.402629 0.471742468 -0.320563614 0.47522 2.132879713428422 5.878135480272411 119.81283247280156
167.0216184334955 64.54377773894959 164.2751201537871 173.69753362702005 169.0595335263696 167.86244544320593 134.24491318036738 173.26837194662852 166.15227689849885 177.30656518599667 0.493644934 -0.241716875 0.492405 0.423865294 -0.273797003 0.434117 0.363642658 -0.246894702 0.379099 0.369045926 -0.267186962 0.385659 0.363765313 -0.295727207 0.402557 0.494323731 -0.320859298 0.47546 2.5368280712562012 5.310823634182558 117.7140112266077
167.3702155124031 78.96616364101942 167.00892072265023 175.04125771890426 169.90726148429752 166.88083946402642 118.91867260073218 173.01043976884992 166.0340275428924 177.40475626116458 0.505183508 -0.237788994 0.484486 0.437480721 -0.27027851 0.428307 0.372666706 -0.241529235 0.37054 0.379879567 -0.261903874 0.377651 0.372417664 -0.288280496 0.391882 0.506004164 -0.314601547 0.466337 4.071967289652124 5.117379784876464 128.83926130498628
166.96019142140597 171.24108912516581 174.21254063703594 172.81410545972122 170.6923821221218 167.3007703717761 38.34992789978245 166.4508991181754 166.7572988597875 165.3200736266077 0.529938265 -0.259787333 0.514957 0.512069259 -0.310095815 0.491427 0.439899856 -0.293060954 0.441959 0.448199758 -0.316758029 0.451317 0.468692488 -0.347487039 0.476731 0.539687681 -0.349209454 0.52846 0.6190294590987924 2.120869073167079 117.17045624894419
127.37995618000288 108.21613174114759 142.35805817145757 169.0559152645129 172.08172113428083 142.4805921775792 167.66314973796096 179.83586465330296 174.94814780345192 161.61971886449948 0.539083014 -0.250015171 0.51168 0.504096169 -0.301173613 0.439359 0.48644529 -0.301111595 0.42714 0.50573828 -0.311668916 0.438562 0.460421776 -0.332855857 0.480133 0.53932557 -0.330498728 0.525213 25.70350315613201 11.365608011857326 36.888906100912685
151.1932856281767 179.77757250508054 135.33444049957586 170.15223537183545 170.98244075759604 176.17734408719352 164.28102998047484 173.66761095183693 141.3688521048278 165.44107646989778 0.527197752 -0.258744184 0.515337 0.513414503 -0.276625761 0.440425 0.491931786 -0.300078113 0.431418 0.492422815 -0.310945656 0.439902 0.458822647 -0.333291753 0.476705 0.551624962 -0.347236225 0.534114 22.179793169372765 12.493306221543575 19.68824763930846
153.63290074903955 179.49257901518465 119.43706425344084 165.88624328590706 171.2419074202659 167.77190388248118 165.68959855592925 179.7058909583656 119.6407211326879 164.05560338344674 0.548219873 -0.255299786 0.530508 0.543609023 -0.273362983 0.450789 0.560464729 -0.308058551 0.456266 0.517495904 -0.324716261 0.457726 0.483336676 -0.344938536 0.490074 0.565350216 -0.345816267 0.540012 22.35096998629121 42.85455495915574 9.683824808760537
169.52935650583504 178.7512743709785 114.88306067586792 119.75945949757838 166.13939243055458 154.48407931089326 143.59325860060514 179.39461798725023 131.28684254232547 165.8340190028382 0.54680637 -0.25408949 0.532616 0.566230699 -0.270723879 0.468439 0.575694302 -0.302437973 0.467256 0.581531625 -0.346195882 0.486159 0.496697804 -0.353463547 0.501188 0.570812631 -0.346229249 0.545248 38.157531694791885 38.85877942002282 3.375695572597591
160.68906456922699 178.0136810062601 113.51692923681439 93.6929243583838 157.85878541872387 157.28602807393216 156.90210209711137 179.50440332800127 145.34803967411807 166.49053715915556 0.548420786 -0.256490182 0.541527 0.588473622 -0.263018074 0.486868 0.599988327 -0.291478805 0.482923 0.606439119 -0.338372923 0.499715 0.509939791 -0.359035271 0.507997 0.576717337 -0.345068554 0.550511 49.852652805619904 49.51347900796617 9.18002723780298
164.4075093126794 179.46081678971402 179.45829463151134 158.86827397781374 115.46878106545077 144.42330811453243 179.22447287634907 179.22436702540145 179.78326328680197 161.6218656075705 0.551249733 -0.257901977 0.546717 0.60232749 -0.248554132 0.494047 0.61902085 -0.257878501 0.490664 0.627509653 -0.280272616 0.495191 0.62552389 -0.329205002 0.514008 0.586072991 -0.330013525 0.551323 36.998605239921815 7.187067530400724 4.425275129520004
164.07763060909826 179.4335345097467 179.40675025312495 178.38814280907332 163.32017685608858 165.6093106259155 178.59137513418415 174.55082052869298 177.80828472327528 169.3060244519789 0.531678762 -0.259159676 0.546294 0.597973955 -0.238041859 0.500826 0.613488934 -0.241393015 0.497912 0.632156953 -0.264852955 0.503537 0.633211971 -0.31889991 0.520404 0.587442078 -0.329810886 0.555354 21.937822049547893 3.2690745466083198 6.111475693964614
167.16271534194163 179.9079144775102 179.30288449645985 179.7521987760801 178.78372982796785 175.69960702277888 174.83197505082285 172.34784866155616 177.3633612699545 167.92275048018672 0.533667291 -0.262934419 0.552839 0.597904039 -0.231552337 0.509402 0.613591867 -0.23764703 0.506764 0.62166064 -0.249390776 0.510383 0.634415918 -0.306311941 0.524808 0.588001822 -0.33041455 0.557806 15.812592332011977 8.026231955979972 5.091013465699054
167.35614946327365 178.49255313823494 131.48510792706003 169.6637219101267 159.55616821162675 176.53045140311002 177.127915422312 114.58574489325483 177.7176338906439 176.95204976725933 0.52126543 -0.261111913 0.553576 0.594807475 -0.22680736 0.510607 0.578221846 -0.26891028 0.508851 0.621318442 -0.248084759 0.511989 0.637293432 -0.297007673 0.528062 0.586242857 -0.328007409 0.559693 5.539090766986357 88.22122077988499 93.68934848839903
167.51430726287504 178.5035594986348 175.63172453642963 163.6717961264572 171.7682311720199 169.72655812059523 177.44566676257404 179.02813739850046 179.32864041019224 177.97819692604548 0.51433024 -0.284505207 0.553365 0.592427647 -0.241112175 0.529438 0.611505732 -0.241651583 0.526354 0.616290996 -0.2568703 0.529135 0.636346889 -0.300327885 0.538072 0.580665367 -0.341873557 0.566032 6.762546179581907 7.762381006778513 4.9171751688239675
161.33945321531087 179.7846708673696 162.14563571417833 178.88432789830043 175.57339694487032 166.42977573749636 179.6833760201946 179.78246149550378 179.74686684521592 179.07973790750154 0.514284462 -0.275763486 0.563178 0.592618835 -0.236532622 0.54214 0.606253637 -0.242483222 0.538268 0.622459033 -0.249168819 0.538339 0.634454721 -0.292614884 0.54485 0.572379557 -0.335052653 0.569549 5.571983385557117 4.86381940090797 7.470020052338503
161.89767709173285 179.90214258422938 173.54013262872326 178.93607805443455 178.04004311600323 177.0718437138479 178.1049541407613 176.70505021910856 177.52284764709972 176.60549019797125 0.51233198 -0.275168018 0.570734 0.587735528 -0.227987272 0.543927 0.613737312 -0.24225688 0.543542 0.614204972 -0.242663318 0.542361 0.627407866 -0.284814649 0.547759 0.571175659 -0.333628327 0.570041 3.593841597516241 13.694350029217826 5.250490076400726
161.18131397805655 166.04112108146114 166.2387157324924 165.41212261997129 160.6993617033523 177.38545542603825 179.25263575708126 173.31933299225489 179.43749615245454 179.93828151539373 0.50814228 -0.272982984 0.568393 0.588446852 -0.22766808 0.547988 0.615021625 -0.239062539 0.546266 0.615550941 -0.241925535 0.547026 0.629292177 -0.284229749 0.552356 0.568324768 -0.331026883 0.571218 5.246322561656741 15.554060869623799 5.709896333104851
157.5914309600442 76.0554156250159 179.87529983114624 179.82949399040754 178.91435933375965 173.88687168209083 156.4657657660503 179.79848185645815 176.96802778923416 151.9888240703663 0.49302371 -0.276675208 0.562515 0.56230318 -0.247877469 0.559839 0.598829192 -0.219088988 0.554041 0.61167433 -0.228723139 0.555448 0.629804571 -0.281230111 0.562219 0.568630791 -0.328135742 0.57411 23.15504637232261 2.7091274304956063 28.931869929521696
160.59993764225973 175.882104783723 175.36622431052885 179.85950852596054 156.16415908927237 173.3083408669363 164.73416015824867 176.83014865677404 176.87374381181357 167.285247583092 0.482720425 -0.276987528 0.563795 0.56767135 -0.225562641 0.558385 0.592078673 -0.220335842 0.557512 0.610875483 -0.230275214 0.558408 0.627032261 -0.278926471 0.561948 0.566160663 -0.326735814 0.57351 19.617489666354363 0.6332223692728145 7.092390326522958
159.9446041452401 179.56066243373456 179.90371239440722 176.9923988807623 179.67046208761184 173.67270946126632 177.75006885140886 179.58989554685454 175.96970245859643 169.89989829265764 0.481213807 -0.274788839 0.564041 0.561543131 -0.21419278 0.559309 0.587343547 -0.212903865 0.558885 0.600500311 -0.224861046 0.559571 0.629223389 -0.267073323 0.571034 0.560059348 -0.321518538 0.573603 16.254139061618865 1.1560418147417024 1.8297385409201887
