152.7411088976746 176.30014118389624 160.02014442018788 170.25696673177154 175.74909616884543 173.61359941501522 174.3740083287082 163.66641417234655 173.54215678199037 175.92857666789118 0.60209499 -0.36458744 0.664948 0.61103475 -0.27091723 0.622632 0.61139597 -0.27972854 0.590024 0.62365903 -0.28447124 0.576054 0.64421964 -0.30224701 0.576485 0.63811292 -0.41160198 0.637821 12.912387267571315 10.36063616698129 27.930778963641266
167.80845617616475 177.707920178579 159.8581280921465 170.21346030443675 170.80144013111106 173.79513876398704 179.93113333319576 163.68010913437303 173.8871122808593 174.39561723438166 0.59668657 -0.3619809 0.661226 0.61025572 -0.27242943 0.623672 0.60976572 -0.27938913 0.589388 0.62168977 -0.28384498 0.575055 0.6364819 -0.30859624 0.575818 0.63677353 -0.41160821 0.63738 3.9815984387066714 10.301744440376917 27.39825149086652
165.7417478487988 177.9706350264038 160.45186745965572 169.37829100045943 175.97132351950881 168.4963330926656 136.22840526340886 163.23098741956198 170.5697019029546 172.24883528216566 0.59871518 -0.36220637 0.661215 0.62607972 -0.27607955 0.636987 0.60478867 -0.2781926 0.585895 0.61668487 -0.2858237 0.573768 0.63452287 -0.30975926 0.575576 0.63625226 -0.4130907 0.638312 6.431150317125167 6.429939441667877 68.38037413555898
167.8696662996454 177.86902270495096 176.66390594503707 164.37628541829324 172.9527219886671 178.85117590284932 147.98864601228266 166.8764427630542 169.35858668586613 171.97880116908996 0.59496489 -0.36505678 0.658696 0.61452556 -0.27708446 0.629571 0.60027091 -0.27878838 0.583497 0.60636444 -0.29697285 0.570064 0.62588929 -0.3189377 0.57224 0.63286961 -0.41571998 0.638736 8.114822739915173 7.989935788491464 48.057798532816946
167.61702034827107 178.3754191370885 172.06655517623315 163.27079834698358 171.6640319349689 165.2644717224855 177.7451994737261 167.08870495480247 168.74901205912334 170.98670895967703 0.59414833 -0.36494892 0.658173 0.61662084 -0.27867104 0.63169 0.58850701 -0.276443 0.574834 0.5925364 -0.30169921 0.564983 0.6137074 -0.32452639 0.57031 0.63211407 -0.41853057 0.63941 6.866034777764937 10.853323582666569 42.01297460802384
162.19099940673908 177.19431971267358 167.5115606249075 166.66195361977358 179.87096613593584 152.6648104149575 175.96957886835523 162.15409056443315 171.05728869131494 116.254083077024 0.62087299 -0.37042565 0.678739 0.62302753 -0.28417501 0.619216 0.55779243 -0.29256578 0.555524 0.55977226 -0.32122953 0.559648 0.60281066 -0.35491441 0.569986 0.63239573 -0.42708785 0.646156 15.964458583751911 3.5324508629568636 55.05641899665741
165.4043369913085 177.2037980201873 167.66941307857056 166.8439107651666 179.87698109102087 159.1768386272187 175.98867756590312 162.3452116972652 171.16374043888672 116.63968163702786 0.61350717 -0.3666979 0.673429 0.62214614 -0.28377299 0.61834 0.55688173 -0.29208811 0.554617 0.5590121 -0.3207933 0.558888 0.60285191 -0.3549387 0.570025 0.63174963 -0.42823209 0.646932 15.831172741107649 3.470801465458015 54.27744118180318
164.53915644053828 179.79028651414555 179.99376391841747 162.82636357666343 165.42138962773424 165.28993034153294 179.7665202869149 142.5681188312331 179.84655690814338 122.13914027880504 0.61289931 -0.34639034 0.634091 0.57748628 -0.27433505 0.570489 0.55773177 -0.30896568 0.551273 0.56159833 -0.33793483 0.556826 0.5889491 -0.38153744 0.567745 0.63066144 -0.41588623 0.64635 33.92227210223988 7.2904933408426915 35.30055530134907
165.05798243461305 179.74582462235625 179.96720274777388 161.05864088780714 99.44880983357601 164.49670804427163 133.4336049055435 143.27396729521382 177.41762710442745 117.05405019566237 0.61575266 -0.34959419 0.638071 0.60859497 -0.28926574 0.602572 0.55203414 -0.31615311 0.555569 0.56217919 -0.3416477 0.56044 0.60116157 -0.38950537 0.580186 0.63094021 -0.41661697 0.646821 54.25882905314706 7.875023091065135 83.88689831941616
164.3144698505739 179.37762315475274 179.94547485380232 160.89786128095355 96.16889714468503 153.00107569592646 128.84397295357454 143.75856771182052 174.558972622319 117.56477809837604 0.6234169 -0.35649873 0.636771 0.62266914 -0.29080511 0.606816 0.56633498 -0.31599697 0.559511 0.57100287 -0.34368074 0.563775 0.61271468 -0.39018277 0.581782 0.63968315 -0.41595472 0.644361 55.90660536279116 4.3772447975684114 88.88157928040475
168.35010618694557 179.5961223616012 175.81825210109474 161.6135242503459 153.12220489709725 152.49119595949273 168.4439173823057 127.71215135033648 147.92893558474097 175.96024747531948 0.63543694 -0.36040818 0.64522 0.59122893 -0.28017497 0.582059 0.55650669 -0.30520055 0.548866 0.55038028 -0.32863194 0.54662 0.55772188 -0.35494064 0.561411 0.63394307 -0.41166464 0.637127 16.855563417803335 0.47630862084066866 32.39115053508771
166.90984347773332 175.52976839057487 170.93025367887387 170.03436097340517 179.87026815362134 173.49218924163137 177.29639684259857 177.76362720205967 121.85343055027131 179.79858273530786 0.60457982 -0.35454574 0.627735 0.5298256 -0.27628571 0.534873 0.51669926 -0.269914 0.520975 0.53408759 -0.30897879 0.517172 0.53060409 -0.32245995 0.525028 0.64059851 -0.40397888 0.618974 29.640400088551637 32.87300233801749 4.163142446966457
164.38067198106685 174.7657090593127 164.7545109986151 167.86135995047445 179.85882896326444 167.05862782663914 178.4276364951637 154.62221019050045 120.69865049427312 179.7758732254964 0.61039149 -0.34701367 0.620938 0.54008407 -0.26531995 0.533352 0.52291579 -0.2813962 0.515967 0.54770806 -0.30102031 0.514909 0.54038489 -0.31777577 0.520531 0.65229429 -0.39551365 0.613661 29.236332280972913 16.76716191706766 23.13270329703811
162.83874433025494 179.96382294068707 174.1487997723796 179.99409454196388 179.8917543935461 160.8842115964673 177.3466648286844 138.7392649472391 150.90601392503598 179.83131916481258 0.62292501 -0.36944475 0.598106 0.54045087 -0.26178165 0.515706 0.52857012 -0.27567469 0.499215 0.54279897 -0.28332218 0.503985 0.55400657 -0.31666494 0.507729 0.65439242 -0.38256114 0.599275 9.412360883006732 8.771451387507451 28.515509675578308
163.3298451395162 179.94932911154098 175.72663598830238 179.94002106130128 179.85390867045166 159.23807645036788 179.8578313325316 137.98010566291566 147.33351015065543 179.77135434854455 0.65861331 -0.36767134 0.59899 0.56130471 -0.26137682 0.519309 0.54565986 -0.27440387 0.499857 0.55990852 -0.28297059 0.504255 0.56508798 -0.31923751 0.506499 0.67168104 -0.37933923 0.597395 9.427107434289155 6.838151709516929 28.773866115173906
163.1189742157903 179.89300102866628 175.29221355589235 179.98887890172975 179.91496834804548 150.27747373345767 179.48141653951947 136.6887233368365 146.6138395048008 179.8667047039315 0.7089259 -0.38709521 0.612095 0.62043375 -0.27647055 0.537261 0.60085117 -0.28980436 0.517815 0.61623338 -0.29849915 0.522077 0.61655058 -0.33557075 0.524186 0.71340308 -0.4013066 0.612547 9.051301437085451 7.752290764040458 31.18810793424802
162.5070680999964 179.7480390792917 175.30787513564883 179.99245288005005 179.91715551654903 149.60673052769476 177.14517767415435 136.7488935908696 146.7558250186653 179.86957426711461 0.73011017 -0.38603212 0.610414 0.6515034 -0.27162807 0.539072 0.62114614 -0.2898413 0.517881 0.63727026 -0.29857233 0.522205 0.63787935 -0.33587868 0.524667 0.73454156 -0.4013125 0.612556 8.97019415913853 7.793762134123809 38.183096651352145
162.49665036942557 179.71692402330814 175.32492060412255 179.9936538544405 179.9182125840741 149.35117879237 176.7060549119646 136.82741459360003 146.87130491298186 179.8737762546653 0.75190374 -0.38534659 0.60933 0.67310379 -0.27186591 0.539544 0.6413595 -0.28983906 0.517877 0.6582041 -0.29859406 0.522243 0.65896005 -0.33604064 0.52492 0.75577318 -0.40136753 0.61264 8.896513144325063 7.823563427634018 38.82314248301265
143.51473519246161 125.04002618028271 106.41973966656732 138.00812033545373 120.18479427714867 124.87057680097024 125.21277376569513 95.864118951298 89.94258826049396 83.57092979102683 0.78861482 -0.42153724 0.688497 0.73192498 -0.28102441 0.613712 0.72185366 -0.34618833 0.590351 0.71251617 -0.34780004 0.573805 0.72001745 -0.33763018 0.562059 0.78189692 -0.36940446 0.61044 15.807831559604706 6.393740162341333 116.79933432120745
158.28896255872135 81.9785800182681 108.14285954098541 123.91692793284153 66.74131155703816 156.83987810054313 104.45826156946228 94.90866262474393 80.08704949168957 111.21881696016301 0.78777056 -0.42918099 0.684135 0.80946975 -0.32064177 0.658572 0.80981308 -0.36667066 0.626103 0.83384321 -0.3644667 0.625954 0.82352828 -0.31791251 0.609897 0.85142273 -0.38497617 0.645309 7.763902505773384 9.123637682635078 59.833691766337836
166.87259655059017 166.7877796274076 85.87021211239073 92.11384441436965 70.98341623850973 174.80374553991768 59.01590541701852 144.15218881208196 137.0794577933637 118.15826316549723 0.87612085 -0.33129454 0.68381 0.85082276 -0.36945951 0.666285 0.80042099 -0.35275083 0.615258 0.82947118 -0.3599988 0.61623 0.83772066 -0.31732553 0.603016 0.8717827 -0.37346559 0.652687 11.374402004321247 21.73206616008716 57.70448037799481
169.65912486563437 68.87659201947231 109.293376090575 125.97364998727562 92.1082606000135 177.56523976702522 170.96558071064464 141.64174841998988 176.06885352611025 149.14651183856733 0.88004452 -0.31504439 0.683064 0.89889951 -0.29025683 0.654185 0.82544087 -0.36365084 0.632881 0.87974281 -0.29179048 0.618845 0.83623818 -0.37641553 0.629097 0.90220766 -0.39525208 0.684412 68.36575806730474 78.16911638264784 93.53270306257293
166.05841044480033 92.01739798876152 101.01320488495625 81.14937891554015 86.19283345284207 170.1916847918671 177.40177394136282 110.52982787234573 176.63458246012672 141.65108578930574 0.88813225 -0.3011248 0.687815 0.97644718 -0.31128224 0.696108 0.91006647 -0.37750324 0.687884 0.95237366 -0.36346545 0.669484 0.93328214 -0.39620009 0.687424 0.93234495 -0.39821077 0.710827 55.13094573906555 60.115260663118875 164.3683344985299
165.86627264267645 96.42810591169547 101.25172850173091 91.86291129654683 88.09885734107819 176.0045923392015 179.25357116728503 113.32768683926253 177.0205742498647 140.45649220299097 0.89816103 -0.29631768 0.696509 0.98205603 -0.30229387 0.696019 0.90911863 -0.37501977 0.685787 0.94733458 -0.361563 0.667513 0.93215499 -0.39594787 0.686623 0.93635001 -0.39736934 0.714371 51.37782433259684 56.823945983983464 171.2725622232137
132.5221320488771 124.84750408981671 90.18512222696691 47.364841712166665 87.3323668423101 169.3431037719978 177.65815976748308 55.03872168805905 175.93259022050503 96.3090540373543 0.92212068 -0.30757002 0.72553 1.0268465 -0.32746847 0.718535 0.95694167 -0.39027911 0.717898 0.99210458 -0.39071587 0.702131 0.96803504 -0.41874938 0.719927 0.93946763 -0.39377422 0.727115 74.81682206223284 72.08845511765718 140.12845910513948
168.13637519979474 125.2747899815156 87.75776985211033 80.15968210630841 86.52619751350082 174.69947250276243 178.22724998765716 47.12670882852394 170.0275565604595 92.99100157852406 0.87227936 -0.29916183 0.688006 1.0116631 -0.32576559 0.715382 0.95221391 -0.39077373 0.717328 1.0096917 -0.39932867 0.721792 0.96906068 -0.41785958 0.720958 0.93898298 -0.3967168 0.723777 104.496894067196 89.25271791610867 132.62658478297604
134.2693188161445 99.95232551889748 81.22263549813707 81.97468981236553 93.11414514236563 155.8759297812582 53.522860969777796 46.400706083786915 175.6425067226253 72.3131610587371 0.91196208 -0.32421696 0.719582 0.92607 -0.36039726 0.720599 0.95268544 -0.39500422 0.724041 1.0023263 -0.4047625 0.727542 0.96085011 -0.43355731 0.727476 0.92517485 -0.40224956 0.728464 95.17149777256003 80.89393769967381 20.672133112447316
146.4070211932512 100.0790594107937 90.6524004245118 74.68612908619554 92.97378353482874 153.20735402220137 59.36104303680613 53.07434909855792 175.58686369265502 78.13655641483741 0.90272099 -0.32476664 0.720802 0.91352883 -0.35979459 0.719394 0.93425204 -0.39189785 0.722592 0.98885289 -0.40408544 0.726325 0.94903679 -0.43315979 0.726809 0.91618451 -0.40300164 0.729826 95.39351894169043 91.47498173516598 10.552759862684796
147.5395238711418 100.40912576917746 90.89997340326009 70.69809596782304 93.02487031890661 144.78297261035485 64.00796739969384 57.8655295979097 175.2927945133827 82.45797296686263 0.90697062 -0.33414447 0.721866 0.9114449 -0.369049 0.717534 0.93291848 -0.40157861 0.721099 0.98790742 -0.4139648 0.725106 0.94951928 -0.44278747 0.726434 0.9179113 -0.41339976 0.730685 95.15558637414217 90.79857181247178 10.755362634329348
175.16385802979391 104.6757928071302 61.41637256886889 146.8407078060159 139.12093543794518 125.81735082563283 179.75238277341828 161.8788681643189 25.445095744274973 16.131337740977497 0.87573527 -0.35792007 0.735924 0.89734946 -0.30151999 0.726688 0.9096014 -0.30289878 0.714264 0.94447688 -0.37451435 0.713565 0.94595546 -0.37085089 0.699295 0.8893404 -0.38887964 0.702535 3.2186050987903627 58.8354549663909 34.33760156553728
168.33314715301637 126.27593313090716 136.52793505220407 165.41473396214565 154.4743068178902 134.93426218397326 178.9556358476822 132.68098508597149 60.65185935378754 27.136478878375502 0.87038452 -0.36031537 0.740849 0.90468992 -0.30791438 0.742099 0.91657397 -0.30897487 0.728592 0.94774767 -0.37180466 0.725783 0.94301142 -0.37414418 0.705505 0.87043021 -0.3852274 0.695937 2.450238318882056 46.435606803268314 30.831978717881636
148.98108439146142 86.12931930344469 106.24161471919824 64.35455598198992 172.6957181658941 136.68743117010848 174.4982390980938 162.83660063734914 104.34480987273706 27.666009461252543 0.83350047 -0.32642872 0.706728 0.84055363 -0.2612986 0.683767 0.89974633 -0.28032209 0.704265 0.88206882 -0.32758762 0.678342 0.89465514 -0.39183014 0.702302 0.85909869 -0.38073233 0.701358 22.074815168753034 81.78098287669278 38.06212982595116
148.20976460073618 87.02338233183777 98.0187832851894 66.1312882899391 171.824519405147 135.89686499749388 174.7659278409126 163.43809801395756 100.908480508417 28.37810227141095 0.81228262 -0.32653004 0.707024 0.82112674 -0.26200518 0.685616 0.87551215 -0.28498308 0.703327 0.86199504 -0.3282613 0.679737 0.87222709 -0.39167448 0.702023 0.83655749 -0.38005649 0.700113 20.88583798227527 75.07336231398747 43.65532193459034
167.68296645701653 161.14083874051562 104.53107249812842 108.69765945957846 122.51103151211038 153.55719801564004 179.9839077985286 164.21640619645393 178.03592235383047 169.07854614492376 0.70530553 -0.30402364 0.654059 0.81139257 -0.25358241 0.707676 0.86895609 -0.29068687 0.716721 0.89786047 -0.2988049 0.714189 0.89476077 -0.30162866 0.706567 0.80655914 -0.37427903 0.695454 17.845628996790644 8.441933278670525 66.06519526985008
152.97446334208328 153.66028383321847 131.33821268375797 154.46913742917448 112.43198621620726 145.9777993746945 67.48623906068934 179.00340994482858 179.82768137534373 165.66294041676224 0.77594298 -0.34094149 0.723035 0.84080439 -0.36097861 0.74779 0.86976737 -0.26759364 0.74173 0.87602963 -0.27093067 0.726479 0.89687066 -0.30842509 0.719669 0.80704231 -0.37330238 0.694768 45.677732857255684 12.464343496614818 85.94866836902933
154.53105848827235 153.47881749521633 130.41984319503078 171.15487609882567 109.71365824476396 156.59342603142548 65.39228223944586 176.55502118145148 178.95351272807218 163.0665770509865 0.75069135 -0.34109897 0.721467 0.81617065 -0.36162417 0.748108 0.84366433 -0.26709794 0.741018 0.8710523 -0.28098959 0.741657 0.87029026 -0.30698643 0.718213 0.78621215 -0.3722775 0.694296 36.54437276404639 3.153107405086887 88.35582471280352
163.98531658819093 123.08149932132541 120.48462063844285 174.30664132432017 114.43415383493507 157.36770964766143 34.47765198104355 179.6320201528035 179.34731587139387 176.5596963590646 0.80022251 -0.30744058 0.730972 0.79687529 -0.34400141 0.747292 0.84462038 -0.26628365 0.735062 0.83616732 -0.2711218 0.716686 0.85470949 -0.30138989 0.713823 0.77946344 -0.36504791 0.704794 41.880860809676136 28.467429281496266 105.70197640013085
147.56063387489473 145.50190154319333 102.47948322056183 175.55775628334328 103.02942435339007 163.83537726412706 170.06949983690853 179.6122309431334 179.6512406002231 65.16635373855691 0.67499553 -0.32728452 0.67728 0.7561768 -0.29310018 0.729322 0.74422249 -0.25122351 0.684608 0.75066457 -0.24576678 0.663627 0.7817283 -0.34208932 0.673333 0.74822469 -0.37416045 0.682025 169.637888997425 32.71729881779044 46.37006334557922
138.58794761776102 97.52570653480242 99.387165015318 168.17289877363964 65.68056559971379 159.5887188171304 179.64828677531844 178.63159859573435 176.53628770872308 179.94011218779772 0.67199679 -0.34914954 0.700477 0.69355105 -0.26639655 0.68734 0.72803148 -0.24697287 0.680873 0.75502584 -0.26791093 0.680139 0.76023314 -0.28594006 0.675892 0.73787438 -0.37688555 0.684767 19.596040335315553 14.782127236062687 11.59677166968567
145.53412757248475 102.28966608691547 178.96812316498068 179.9199669233974 75.56763979869253 157.0696528912138 179.77572454824008 179.82219496821475 176.07793298888984 177.44070085041088 0.66509495 -0.34610738 0.706196 0.68107131 -0.26676628 0.695152 0.69796489 -0.23892305 0.667126 0.72073354 -0.24135794 0.665916 0.76048498 -0.28136952 0.674501 0.71925139 -0.37482369 0.683371 37.78908866274531 5.519720668616021 34.47159141721566
115.38684876442223 151.43097007387834 177.81380390091638 172.12846867805126 118.54563314410926 169.9290070048464 179.76734696784996 178.69494027575638 174.57519540582308 166.89517003649328 0.65375265 -0.3462293 0.70055 0.67797695 -0.26213026 0.702667 0.71393661 -0.24675626 0.687381 0.72769151 -0.24295786 0.673402 0.76431732 -0.27774546 0.677511 0.70940862 -0.37136808 0.676798 47.827207078704966 4.890937466079046 14.607249097041418
159.30006697525644 179.8594656558667 179.96832896431403 177.49185573057287 165.16051042998137 173.82541507485686 175.84892743906633 179.95433223185935 178.44414709022442 179.8534193876093 0.62197794 -0.33257922 0.687868 0.66258302 -0.26037961 0.695865 0.70259459 -0.24619303 0.686589 0.71114921 -0.247043 0.671221 0.75017937 -0.2837111 0.673847 0.67662137 -0.37483245 0.672096 34.07742823897154 5.10910558997475 19.75818894654396
163.06765797932098 170.52217037372216 179.95631949991986 177.30055451126486 179.99548929336106 170.94622682771558 179.9857559082118 177.2503622532547 176.9569921217848 178.8187163863707 0.61158671 -0.33512848 0.68655 0.65065687 -0.25791997 0.686551 0.67702964 -0.24312011 0.667631 0.68573013 -0.2495235 0.657021 0.72019796 -0.27940832 0.655579 0.66801638 -0.38133873 0.671884 20.6605218803848 2.4858447983361343 7.179224459928031
148.5906733906632 179.89909758771196 176.39858051150486 172.94154125002666 179.98487065577172 174.91655448992412 178.855333030989 178.06594362442144 179.8285175362359 179.8046257082562 0.60761142 -0.33570796 0.683239 0.63521711 -0.26326204 0.682041 0.66110453 -0.24594336 0.662509 0.67976758 -0.24896953 0.654121 0.70337403 -0.2750329 0.644713 0.66150984 -0.38069528 0.666753 5.22240811091876 7.505758664547984 9.537945101739803
129.07610536889084 172.29754192057663 179.97675155367128 175.13289996826364 169.69876821148227 172.03217879416556 179.9832155402777 161.475307132814 169.96371554338964 178.3344734936976 0.60151685 -0.33841192 0.681683 0.63520328 -0.26568184 0.685822 0.6576734 -0.26367317 0.670665 0.68948006 -0.25403197 0.664492 0.70443946 -0.27282014 0.647504 0.65543877 -0.38067411 0.665055 8.737652382117343 19.764773566253552 9.515697293648532
141.75697012196264 156.78319152897365 179.9406440051138 179.99710211344646 174.79803101617688 156.1046675034159 174.439672696007 178.71057773264084 179.0116007088057 179.99762652116027 0.60048771 -0.33966402 0.681909 0.62549413 -0.26270555 0.681727 0.6505994 -0.24063636 0.665013 0.67706774 -0.24344644 0.661215 0.70057811 -0.26650035 0.646648 0.65274433 -0.37762056 0.662411 8.709968163686888 8.11721579522272 9.233059847901943
140.46468119332494 160.90729789160633 179.95341080214908 179.9988134962431 176.75086749102908 155.98047325697362 175.84806641029903 178.45809893280202 179.00400537445685 179.99498195302502 0.60029309 -0.34046936 0.682384 0.624609 -0.26188359 0.681631 0.65088312 -0.2407413 0.665303 0.67704624 -0.24343871 0.661194 0.70072978 -0.26582646 0.647081 0.65156967 -0.37619573 0.661264 8.193412250612962 7.866633709361939 9.26800239561068
133.59371157445221 176.7678818491335 179.95683792668504 179.4723097627762 178.2046875525889 161.53555672750124 179.87703378550006 179.00831400872744 179.40676265685892 169.52540007413216 0.59805136 -0.34228833 0.683041 0.62000379 -0.26069305 0.679989 0.65008291 -0.2403927 0.662711 0.67584351 -0.24473972 0.661534 0.6909219 -0.27038271 0.641697 0.64817396 -0.37485417 0.659683 8.232124903694888 8.870315813068459 10.724239121660815
120.75269595520163 176.58175571459353 179.85426794350136 175.25203432498995 166.10861309940432 160.35938375538842 179.48600268900333 173.69856733017437 174.78282764097153 178.44422493306737 0.59569764 -0.34110018 0.681401 0.61967539 -0.26060108 0.678012 0.64622566 -0.23928026 0.659759 0.67358132 -0.24438327 0.659427 0.6833373 -0.26793286 0.634912 0.64303288 -0.37238664 0.655125 11.01174315126683 8.049652223557379 11.99093768846341
146.63095269018888 179.0199865052787 179.9448271320056 178.75931322939448 149.99253514657795 169.04547577206898 159.84282139644773 177.70221173206838 175.95929757812738 179.515968979661 0.58229549 -0.33803688 0.67382 0.62062113 -0.26082648 0.679213 0.63530375 -0.23696628 0.652861 0.6702859 -0.24340118 0.656342 0.67718729 -0.26601053 0.62965 0.64184485 -0.37207057 0.654433 15.594847373462663 14.155049111872707 19.76932254220328
136.37015925451547 177.07369223360482 177.94667166646644 167.4113327482853 176.34397457782947 168.666361155885 157.61625014361584 178.32442218144033 179.99888259999614 159.99693367014154 0.58529689 -0.34932528 0.674407 0.60946065 -0.26230507 0.67188 0.62596546 -0.23733798 0.645163 0.65701616 -0.24150479 0.644584 0.66469662 -0.27764911 0.625332 0.63113502 -0.37707795 0.646525 24.916817031131064 13.96454907183076 21.294088395682994
