171.246 159.226 157.133 156.481 151.919 161.203 145.622 143.247 142.245 133.398 125.192 175.421 24.2713 159.722 162.372 -19.3887 176.433 152.956 -20.7654 199.51 153.643 -11.4147 216.799 159.354 11.459 183.783 200.871 57.3718 1.04182 3.92554 4.00104 
172.53 160.492 158.619 158.28 153.429 162.455 147.391 145.491 144.821 135.4 115.833 174.667 25.5745 151.326 162.151 -20.1485 168.511 153.325 -22.4646 191.822 154.344 -13.0207 208.901 159.801 10.6546 175.393 200.714 57.7001 0.65842 3.94288 3.47216 
174.279 161.68 160.15 159.949 154.526 164.189 148.725 147.336 147.077 137.254 105.587 174.181 26.4291 142.441 161.517 -20.9273 159.895 153.282 -24.114 183.383 154.678 -14.8123 200.63 159.964 9.39993 166.566 200.253 57.6439 0.899483 4.02637 3.00725 
175.851 162.463 161.464 161.43 155.953 165.778 149.701 148.914 148.906 139.176 95.5651 173.99 26.8682 133.368 161.565 -21.7946 151.072 153.792 -25.853 174.511 155.145 -16.5058 192.019 160.218 7.99387 157.576 199.956 57.5194 1.1637 3.85138 2.56164 
177.499 163.272 162.835 163.115 157.789 167.335 151.394 150.84 150.893 141.511 84.5938 173.181 28.6565 122.839 161.58 -22.5128 141.237 153.93 -27.3819 164.781 155.275 -18.0581 182.937 160.247 6.53599 148.106 199.393 57.6875 1.6126 3.6657 2.27651 
178.942 164.147 164.177 164.507 159.306 168.83 152.969 152.718 152.761 143.625 73.7363 172.795 30.4837 111.861 161.248 -22.9599 130.945 153.763 -28.8372 154.542 154.99 -19.6595 173.354 159.835 4.92196 138.456 198.551 57.7682 1.99129 3.43468 1.97961 
178.917 163.941 164.799 164.985 159.962 169.125 153.928 154.012 153.771 144.699 63.2088 172.275 31.5163 100.487 162.108 -24.0311 120.223 154.184 -30.6983 143.918 154.902 -21.4095 163.258 159.626 3.12744 128.53 197.583 57.6219 2.20056 3.22221 2.21158 
179.203 163.931 165.043 165.209 160.424 169.774 154.189 154.434 154.221 145.477 52.5574 171.771 32.5115 89.2614 161.996 -24.2683 109.191 154.178 -31.5875 133.334 154.9 -22.6629 153.304 159.944 1.49289 118.545 196.7 57.5437 2.49491 3.41723 2.22475 
178.711 164.752 165.165 165.998 162.297 170.249 155.116 155.014 154.902 147.424 41.844 170.555 32.895 77.0044 161.676 -25.1524 96.9007 153.245 -32.5448 121.393 153.179 -23.8886 142.254 158.939 -0.670231 108.295 195.893 56.8561 3.00403 3.38304 2.77103 
178.255 164.235 164.944 166.09 163.479 170.736 154.654 155.432 155.456 148.688 31.1153 169.907 33.5027 63.5795 161.045 -24.8495 84.2663 152.632 -33.4276 109.389 151.869 -25.0906 130.837 157.679 -2.40133 98.1925 195.677 56.1807 3.15481 3.63662 2.70537 
177.189 162.531 163.964 165.147 163.169 170.976 152.832 154.69 154.575 148.242 20.5773 168.772 34.1099 50.8143 161.476 -24.0779 72.4981 153.075 -33.8664 97.897 151.155 -25.3937 119.567 156.695 -2.98732 88.2126 195.769 55.7528 2.99625 3.7682 3.08338 
174.734 160.926 161.652 163.169 162.137 169.803 150.045 152.742 152.946 147.458 10.8234 166.398 35.5933 38.4634 159.921 -21.5969 60.9764 152.645 -32.7577 86.8681 150.371 -24.7943 108.646 155.661 -2.87674 78.2037 195.611 55.5916 2.84788 4.12537 3.44213 
171.423 159.049 159.265 161.159 161.124 167.65 146.942 150.531 151.026 146.455 1.61881 164.083 36.958 26.2965 158.46 -19.017 49.1898 152.222 -31.6852 75.2743 149.446 -24.2295 97.0513 154.307 -2.83641 68.3316 195.437 55.3865 2.49588 4.26497 4.18462 
168.988 156.985 156.466 158.584 158.592 165.957 142.939 147.369 147.469 143.05 -7.67502 161.613 36.8001 15.0572 156.926 -17.2634 37.5861 152.089 -31.1631 63.4957 148.185 -23.2483 84.9254 152.606 -2.05809 58.3936 195.314 54.3492 1.77475 4.34374 4.84364 
166.711 156.184 154.756 156.769 157.321 164.058 140.467 145.514 145.337 140.963 -16.9975 157.932 36.0356 3.26734 153.742 -16.1942 25.2797 151.024 -31.9847 51.2416 146.907 -24.2531 72.7863 151.067 -3.25634 47.761 194.427 52.2795 1.65652 4.42944 6.29482 
166.042 156.486 154.823 156.722 157.332 163.03 139.861 144.605 144.59 140.125 -26.0707 154.631 35.8599 -7.56096 149.704 -14.8444 13.8871 147.812 -31.3787 39.6646 144.343 -24.2584 61.2211 148.58 -3.33958 37.0385 193.04 51.0817 1.80226 4.14838 6.89593 
165.889 157.312 155.781 157.526 158.071 162.384 140.325 145.003 145.224 140.621 -35.4529 153.591 36.3594 -18.3746 147.242 -13.5059 2.77332 146.157 -31.0467 28.5654 142.949 -24.4736 50.1129 146.902 -3.30071 26.6131 192.491 50.6604 2.32479 4.06994 7.71798 
165.116 158.523 156.568 158.236 159.336 160.868 141.657 146.465 146.888 142.848 -45.1253 153.979 36.4637 -29.8332 146.068 -13.1967 -8.86749 146.145 -32.1364 16.8882 142.725 -26.0775 38.7546 146.162 -4.95546 16.059 192.009 50.2049 2.50789 3.99889 8.94305 
163.672 159.544 157.489 159.154 161.164 158.549 143.264 147.796 148.598 145.599 -54.5533 155.039 36.8998 -40.3945 145.527 -13.4067 -20.096 145.856 -32.4414 5.46662 142.464 -27.0538 27.7307 145.81 -6.51695 5.39725 191.544 49.9824 2.28551 3.82761 9.12324 
162.107 158.867 158.102 159.151 161.833 156.683 142.736 147.497 148.559 146.499 -64.6625 157.033 37.3199 -50.9365 145.662 -12.643 -31.9491 145.71 -31.805 -6.29068 142.384 -27.1204 16.7549 145.526 -7.58109 -5.18976 191.351 49.7295 2.406 3.89223 9.23687 
161.552 158.285 158.653 159.258 161.651 155.732 141.462 147.834 148.537 146.703 -75.8565 159.349 36.9323 -61.9586 147.792 -12.7601 -43.8006 148.716 -33.3474 -18.2331 143.835 -28.3072 5.04845 146.051 -9.29433 -15.7604 191.137 49.5161 2.43434 4.03455 10.4456 
163.138 158.647 159.535 159.895 161.773 156.597 142.16 148.287 148.864 146.789 -88.2369 163.455 36.2612 -73.4404 151.595 -14.4111 -55.6396 152.273 -34.9788 -30.2624 145.81 -29.8255 -6.98104 147.064 -11.2458 -26.3277 191.584 48.7972 2.32524 4.29377 10.1434 
165.748 157.942 160.447 159.94 161.772 157.941 141.884 148.541 148.566 146.529 -100.346 168.032 36.2514 -84.6516 155.34 -14.8054 -67.2254 155.761 -35.5122 -42.0798 147.444 -30.1232 -18.5832 147.821 -12.1517 -36.6324 192.264 48.5168 2.42384 4.82694 10.1937 
167.711 157.685 160.886 160.185 162.024 159.417 142.413 148.842 148.704 146.991 -112.197 171.699 37.5879 -96.1777 159.026 -14.7982 -78.4389 158.773 -35.5542 -53.6133 148.549 -29.799 -29.4641 148.144 -12.3633 -46.909 193.154 48.842 3.00804 5.55351 10.0052 
169.106 159.646 163.533 161.075 162.597 160.239 144.042 150.773 149.65 148.256 -122.419 171.55 38.9767 -107.015 161.466 -14.6882 -89.287 160.929 -35.6475 -64.7607 148.428 -29.1153 -40.2877 147.588 -12.1364 -56.8814 193.537 49.7486 3.26287 6.69297 9.95482 
170.022 162.167 165.992 161.885 163.139 160.909 145.741 152.481 150.867 149.786 -132.57 170.539 39.6007 -119.622 163.328 -15.1475 -101.85 161.354 -36.1692 -77.0247 147.134 -29.9904 -52.161 145.575 -13.4226 -67.1624 193.197 49.0828 3.58319 7.46091 9.40874 
169.63 163.54 166.699 162.682 163.733 160.869 146.1 152.834 151.763 151.038 -142.215 168.59 39.8726 -132.057 164.61 -14.4776 -114.714 162.474 -36.0711 -89.9115 147.413 -31.0687 -64.944 145.285 -15.354 -77.6366 193.222 48.0465 3.47005 7.63205 9.70297 
168.952 165.355 166.899 163.934 164.698 160.572 147.875 153.432 153.246 152.607 -151.386 166.939 41.3815 -144.395 166.602 -13.2013 -127.294 163.603 -34.3629 -102.157 148.272 -30.6157 -77.1077 145.369 -15.3677 -88.3245 193.516 48.8695 3.53092 7.64096 8.99805 
169.595 166.371 167.546 165.219 165.922 160.686 150.234 154.703 155.044 154.355 -161.084 166.792 42.4851 -156.693 169.166 -12.5867 -139.323 164.195 -32.7446 -113.951 149.838 -30.1154 -88.7075 145.931 -14.651 -99.3161 194.212 50.2584 3.89116 6.92579 7.48216 
174.206 166.739 167.72 166.057 166.552 164.274 151.605 155.399 156.287 155.53 -174.053 168.646 43.7421 -168.007 169.769 -12.6209 -150.373 163.5 -32.0558 -124.331 150.298 -30.221 -98.62 145.659 -14.3944 -109.83 194.555 50.7308 4.57666 6.54031 6.68603 
175.869 167.218 167.984 166.743 167.175 167.24 152.91 156.068 157.23 156.573 -186.145 170.783 45.5875 -177.614 169.509 -12.3094 -159.768 161.876 -30.508 -133.168 149.803 -28.7026 -106.867 145.18 -12.3415 -119.899 195.225 52.3187 5.29185 6.35138 5.72121 
175.932 166.547 167.578 166.613 167.097 169.061 153.133 156.264 157.386 156.873 -197.817 172.026 46.6725 -187.53 169.054 -12.3172 -169.717 160.528 -29.512 -142.745 149.406 -27.4789 -115.735 145.192 -10.8858 -130.376 195.856 53.1573 5.91945 6.26181 4.90828 
175.063 165.557 166.889 166.093 166.671 169.543 152.783 156.322 157.245 156.732 -208.747 171.004 46.8762 -197.838 167.794 -12.9683 -180.305 158.86 -29.6333 -153.247 148.298 -27.4892 -125.809 144.179 -10.7405 -140.803 195.255 52.5325 6.28861 6.15147 4.42626 
175.296 164.356 164.514 164.937 165.845 169.783 151.625 153.884 155.472 155.558 -219.128 169.137 46.3047 -208.265 166.409 -13.9267 -191.461 156.415 -28.503 -164.782 146.713 -27.1138 -137.257 143.839 -11.407 -151.74 194.96 51.024 5.96061 5.77445 2.72487 
173.237 161.855 162.205 163.183 164.371 168.389 147.598 151.278 153.428 154.207 -229.758 168.445 46.7265 -220.143 166.722 -12.212 -203.778 156.995 -27.1739 -176.74 147.333 -26.566 -148.566 145.147 -12.168 -163.107 195.149 50.1042 6.36028 6.1685 2.85611 
171.617 159.815 160.581 162.065 163.397 166.714 145.021 149.508 152.051 153.364 -239.934 167.786 47.8903 -232.225 167.322 -10.1942 -216.061 157.683 -25.4473 -188.741 148.45 -25.6263 -159.928 146.999 -12.3361 -174.567 195.708 49.9988 6.80421 6.42035 2.97462 
169.713 157.834 159.295 161.051 162.412 165.194 142.915 147.936 150.593 152.33 -249.757 167.95 48.9786 -243.994 168.026 -8.10729 -228.08 158.194 -23.6075 -200.858 149.366 -24.334 -171.594 148.443 -12.1392 -185.496 196.254 50.2758 7.09568 6.35052 2.99077 
166.621 156.392 158.233 159.941 160.952 163.176 141.008 146.053 148.545 150.317 -259.7 168.499 49.2495 -255.412 167.867 -6.69874 -239.948 157.842 -22.0396 -213.154 149.631 -22.9917 -183.78 149.507 -11.845 -196.621 196.68 50.1401 7.03653 5.91255 2.55128 
169.735 154.805 156.833 158.655 159.192 167.262 140.552 143.838 146.204 147.064 -285.665 173.371 53.3197 -279.178 170.106 -5.36602 -263.959 159.3 -20.0604 -237.295 151.053 -21.6235 -207.563 150.363 -11.2656 -218.994 198.011 49.8437 7.13217 5.87027 2.00217 
170.761 156.081 157.217 158.523 159.362 167.411 141.551 143.35 145.033 145.593 -295.804 174.676 55.0544 -290.78 172.882 -4.50077 -275.082 161.412 -19.0812 -248.48 152.458 -19.9659 -218.933 151.528 -9.93288 -229.356 199.281 50.5524 6.86002 5.87156 2.51399 
170.995 156.538 157.479 158.403 159.279 166.544 141.697 142.786 143.737 143.936 -304.869 175.211 56.1671 -301.86 175.113 -3.00233 -285.986 163.31 -17.8508 -259.451 153.876 -18.1926 -230.023 152.849 -8.48157 -239.531 200.452 51.5039 6.62686 5.93226 2.94322 
169.688 156.916 157.5 158.124 159.168 165.124 142.101 142.503 142.752 142.758 -313.487 176.06 57.028 -312.744 177.228 -1.60342 -296.76 165.133 -16.6387 -270.285 155.229 -16.4869 -240.951 154.15 -7.1748 -249.436 201.609 52.5084 6.42344 6.07071 3.31109 
165.36 157.074 157.591 158.24 159.386 162.681 142.532 142.407 142.596 142.477 -321.457 176.436 58.6768 -323.076 178.766 0.877123 -307.042 166.785 -14.4335 -280.495 156.958 -14.519 -250.878 155.276 -5.20035 -259.546 203.369 54.3888 6.8756 6.05284 3.29228 
163.33 156.681 157.724 158.288 159.529 159.634 141.934 142.593 142.604 142.569 -328.527 176.551 60.0353 -333.947 180.949 3.90462 -318.044 169.177 -12.3339 -291.397 159.183 -12.625 -261.446 156.7 -3.37961 -269.862 205.511 56.2607 7.38536 6.13063 3.49579 
162.08 156.512 158.571 159.127 160.272 158.265 141.382 143.511 143.39 143.537 -336.48 177.594 62.4981 -344.024 183.192 7.23301 -328.27 171.607 -10.1987 -301.472 161.295 -10.5496 -271.343 158.197 -1.18092 -279.701 208.032 58.608 7.73829 6.29679 4.02177 
160.008 157.11 159.245 159.562 160.74 156.372 142.076 144.721 144.653 144.991 -343.072 178.26 64.6316 -353.402 185.945 9.42322 -337.986 174.259 -8.47345 -311.234 163.526 -9.12492 -280.882 159.504 0.350232 -288.458 209.854 60.7375 8.09367 6.34593 4.18667 
156.35 158.101 160.544 160.449 161.52 154.54 142.703 146.471 147.096 147.805 -350.044 179.016 65.9151 -365.053 189.436 12.0982 -349.801 178.393 -7.17526 -322.663 166.925 -8.53669 -291.518 161.544 0.957201 -298.64 212.577 62.5332 9.02133 6.85691 5.1682 
153.266 157.599 160.387 159.965 161.608 151.101 142.709 146.815 147.533 148.801 -352.802 178.196 67.3942 -373.536 192.509 14.358 -358.618 181.101 -4.98132 -331.566 169.063 -6.71625 -300.308 162.903 2.49779 -306.512 214.259 64.5418 9.32655 7.02354 5.208 
149.378 157.598 160.972 160.445 161.968 148.233 143.597 147.716 148.856 150.232 -358.155 179.284 69.1269 -385.058 198.393 17.3261 -370.586 186.665 -2.61426 -343.683 173.553 -5.24773 -311.675 165.667 3.56484 -315.774 217.116 66.5812 10.2072 7.33967 5.60209 
148.559 158.262 161.536 160.743 162.259 146.536 145.209 148.376 149.8 151.717 -363.947 180.089 70.7381 -395.532 203.171 19.742 -381.469 190.754 -0.0299525 -354.736 176.873 -3.40955 -322.242 167.786 4.63197 -324.346 219.577 68.3574 10.8407 7.54815 5.51258 
147.859 157.691 161.555 160.462 162.005 144.82 145.453 148.41 150.039 152.531 -368.794 180.928 71.9781 -404.974 207.417 22.431 -391.469 194.462 2.69166 -364.98 179.959 -1.47134 -332.039 169.981 5.62844 -332.157 221.561 70.0334 11.4061 7.71935 5.47933 
147.263 158.169 162.172 160.747 162.333 143.472 146.982 149.458 150.988 153.912 -373.717 182.282 73.6793 -414.524 212.281 25.3385 -401.651 198.464 5.65276 -375.643 183.101 0.874384 -342.19 172.021 6.697 -339.627 223.343 72.053 12.0217 7.75121 5.34398 
147.213 157.119 161.161 159.154 161.171 142.089 145.304 148.104 149.386 152.965 -380.251 184.852 75.6521 -421.896 214.642 27.7712 -409.342 200.686 8.25444 -383.52 184.951 3.64334 -349.999 173.603 9.03304 -346.773 225.128 73.9646 12.3074 7.77142 5.27355 
145.981 156.055 160.06 157.521 159.446 141.594 144.244 147.36 147.88 151.259 -387.585 188.427 77.2414 -429.148 217.154 30.2178 -417.258 203.723 10.61 -391.677 187.521 6.15944 -358.361 175.745 11.1179 -353.389 226.405 75.5577 12.232 7.7391 5.02117 
145.631 154.744 159.488 156.789 158.038 146.702 142.242 146.234 146.304 149.205 -400.659 194.652 79.6386 -436.249 219.238 33.3043 -425.511 206.789 13.512 -400.316 190.51 8.71102 -367.286 178.562 13.047 -360.064 227.941 76.7116 11.9398 7.56978 4.75054 
149.143 152.364 159.403 158.051 159.188 147.496 140.315 147.096 148.125 150.505 -408.887 199.738 80.3571 -443.783 222.165 38.4085 -433.705 211.638 16.4555 -408.549 195.539 10.2446 -375.583 183.067 13.9731 -366.743 229.888 79.0262 11.8824 7.75409 6.30041 
144.535 147.706 157.112 155.091 156.37 146.128 134.705 143.816 144.768 147.119 -417.505 205.099 83.8583 -449.307 223.526 42.5132 -439.753 213.58 19.8761 -414.579 197.594 13.2558 -381.668 185.118 16.755 -373.035 231.731 80.9315 12.0445 7.96542 7.0549 
142.643 144.976 155.319 151.582 154.426 147.459 129.582 140.469 140.459 144.396 -424.932 207.445 87.7135 -453.602 224.13 46.0802 -444.758 215.181 23.273 -419.717 199.111 17.3061 -386.844 187.044 19.2844 -378.298 233.287 82.3602 12.6508 7.86406 7.90283 
141.363 142.694 153.453 148.489 152.766 150.609 125.64 138.558 138.252 142.655 -432.971 210.442 92.8874 -457.483 223.915 49.912 -449.461 216.274 26.348 -424.039 200.355 20.1371 -391.51 188.747 21.4633 -382.991 234.333 83.8447 12.6681 8.22489 9.30197 
143.726 138.847 152.45 150.479 153.87 153.782 119.411 139.109 141.187 144.033 -438.382 211.605 96.8623 -459.074 221.759 56.7085 -453.314 216.274 29.2392 -427.872 201.237 21.2033 -395.151 189.346 23.5411 -386.381 235.401 85.5625 12.3798 8.63476 14.0911 
145.503 139.573 152.023 151.067 153.706 155.952 118.084 138.957 142.021 143.098 -441.905 212.153 99.4467 -460.796 219.997 60.3884 -456.197 215.785 31.5949 -430.778 201.419 22.3404 -398.122 189.253 25.5488 -388.819 235.86 86.4316 11.9404 8.95749 16.4318 
149.651 142.961 153.413 152.652 154.903 158.255 118.305 139.069 142.891 143.292 -445.386 212.817 100.628 -462.629 218.163 63.2519 -459.429 215.229 33.927 -434.056 201.527 23.446 -401.185 189.401 26.7198 -391.114 236.223 86.9514 11.8097 9.30738 18.1791 
150.144 143.499 152.394 150.591 154.092 157.614 117.03 137.64 141.237 142.445 -447.36 212.843 101.086 -464.922 217.74 65.8982 -462.384 215.136 35.5918 -437.122 201.65 24.9631 -404.51 190.167 27.5229 -393.862 236.866 87.4237 11.4992 9.20064 19.4689 
149.135 144.037 152.745 150.659 153.453 155.204 116.542 136.959 140.289 141.374 -447.582 211.436 100.2 -467.054 218.112 68.3497 -465.298 215.472 37.0661 -440.486 201.986 26.321 -408.127 190.44 28.6342 -395.994 237.429 87.5399 11.1177 8.91147 20.5351 
147.341 142.547 152.406 150.468 153.379 152.964 115.733 135.805 138.827 140.359 -448.044 211.848 99.8922 -470.268 220.235 71.1428 -469.758 217.443 40.2084 -445.692 203.875 29.1395 -413.467 192.33 30.0007 -398.981 238.662 88.1702 11.0562 8.50152 20.3776 
144.066 140.463 152.59 151.201 154.242 150.082 115.135 135.26 138.92 140.304 -448.21 212.434 99.3855 -473.569 222.562 73.6707 -474.501 219.739 43.3572 -451.618 206.402 31.7577 -419.156 194.466 30.8097 -402.022 239.813 88.5562 11.4518 7.82207 19.9219 
142.691 139.721 152.217 150.184 153.959 148.386 115.548 134.132 137.15 139.255 -450.089 215.184 98.6661 -477.088 225.15 75.7715 -478.88 221.664 46.9994 -456.593 208.148 35.1792 -424.875 196.542 32.484 -404.98 241.246 88.9561 11.0084 7.41811 18.3973 
143.235 142.113 153.401 150.824 153.98 148.431 116.24 134.321 136.492 138.05 -452.501 216.604 98.6572 -480.07 226.74 77.7361 -482.645 223.292 49.3165 -460.795 209.603 37.6522 -429.859 198.194 34.4845 -407.482 242.501 89.0705 9.96987 6.90451 18.2234 
144.11 142.277 153.683 151.443 153.533 149.311 116.3 135.528 137.268 137.281 -454.846 219.245 99.0666 -481.546 227.763 78.1642 -484.839 224.634 49.7515 -463.236 210.84 38.146 -432.586 199.462 35.5553 -408.762 243.202 89.2666 8.93317 6.55918 18.0483 
145.227 144.396 154.891 152.088 153.984 151.009 117.955 137.518 138.689 138.194 -457.294 220.899 100.636 -482.809 228.032 78.3931 -486.361 225.753 49.272 -464.786 211.903 37.9072 -434.293 200.4 35.7596 -409.544 243.738 89.2579 8.38376 6.31098 18.8492 
145.643 143.895 154.93 151.866 154.078 153.094 118.652 138.639 139.65 138.671 -459.521 223.386 102.837 -482.726 228.123 78.6982 -486.856 226.576 49.1593 -465.329 212.609 38.0439 -435.069 200.991 36.5234 -409.783 244.251 89.2693 7.80497 6.18464 19.941 
146.939 143.887 156.346 153.525 155.952 154.19 122.886 141.738 143.477 141.893 -460.602 225.488 104.222 -483.907 229.057 78.0806 -487.605 228.048 48.123 -466.149 214.389 36.2622 -435.678 202.08 35.3722 -409.854 244.787 89.505 7.86036 6.41096 19.8988 
146.394 148.786 157.768 156.751 158.698 153.572 128.288 144.018 147.502 145.51 -460.259 227.261 104.298 -486.362 230.142 78.6265 -489.19 229.613 48.9031 -467.889 216.392 35.1372 -437.066 203.767 34.0997 -410.333 245.455 90.0004 8.04955 7.21444 19.1048 
147.606 153.993 158.348 157.873 159.404 153.635 129.393 144.759 148.41 146.693 -460.364 226.509 103.66 -487.277 230.847 78.5888 -489.963 230.356 48.4166 -468.624 216.886 34.4901 -437.686 204.005 33.7205 -410.663 246.33 89.9165 8.15999 7.39754 19.3018 
150.303 156.3 159.374 159.32 160.332 154.47 132.179 146.314 149.976 148.18 -459.901 226.096 103.56 -487.456 231.73 77.5207 -489.283 230.452 47.2836 -467.826 216.599 33.3319 -436.618 203.195 33.2049 -409.63 246.634 89.8854 8.45816 7.57305 18.4352 
152.145 156 159.04 159.544 160.319 155.248 133.329 147.152 151.058 149.277 -459.094 225.945 103.149 -486.845 232.478 75.9273 -487.787 230.595 45.2121 -466.063 216.349 31.5462 -434.779 202.451 32.638 -408.586 247.185 89.9649 8.63274 7.76445 18.2483 
152.311 154.556 158.308 159.344 160.017 153.9 135.174 148.034 151.801 150.087 -456.051 224.901 102.345 -485.337 234.461 72.7944 -485.054 231.258 42.8929 -463.171 216.328 29.9575 -431.98 201.981 32.0183 -406.52 247.634 90.0791 8.7813 7.69831 16.5655 
151.197 151.557 157.781 159.456 159.935 152.66 136.994 148.425 152.574 151.044 -452.399 223.754 101.014 -483.006 235.64 70.4624 -481.583 231.23 40.9339 -459.61 216.086 28.3323 -428.23 201.638 30.943 -404.185 247.997 89.8366 9.12979 7.77914 15.6953 
149.147 148.891 157.992 159.189 159.879 151.996 137.441 149.53 153.175 151.925 -448.329 223.715 101 -479.326 236.138 68.6776 -477.2 231.59 38.9504 -455.117 216.289 26.9901 -423.825 201.597 29.7747 -400.387 247.656 89.4452 9.27041 7.56674 15.5036 
149.124 149.188 159.193 160.004 160.323 152.162 140.126 150.553 153.272 152.314 -444.923 224.16 100.127 -477.241 237.591 66.8121 -474.263 231.681 37.8716 -451.797 215.777 26.2554 -420.224 201.048 28.8124 -397.003 247.46 89.2228 9.55897 7.63523 13.5289 
148.924 148.57 159.007 159.31 159.587 151.825 142.751 150.036 151.946 151.17 -439.464 223.304 99.006 -473.074 237.371 64.297 -469.152 230.121 37.1382 -446.603 213.907 26.1053 -415.073 199.761 28.3025 -391.693 246.389 88.1147 9.3098 7.45065 11.2895 
150.13 148.163 159.618 159.164 158.295 151.887 140.905 148.328 149.54 148.868 -435.256 222.125 97.2283 -468.169 235.404 62.1485 -463.972 227.556 35.915 -441.173 211.459 25.5139 -409.542 197.939 27.6225 -387.215 245.248 86.7668 9.29014 7.25791 10.1583 
150.783 149.313 159.611 158.702 157.934 150.622 141.857 147.753 148.117 147.65 -428.699 219.101 95.2319 -462.608 235.033 57.6947 -457.431 225.295 33.6813 -434.479 208.558 24.7745 -402.976 195.574 27.2562 -381.494 244.305 85.2271 9.08336 7.09203 7.61304 
152.074 150.545 159.668 157.961 157.305 150.332 143.172 146.452 146.036 145.981 -423.707 217.599 93.0905 -457.53 235.853 52.9266 -451.102 223.573 31.7489 -428.109 206.253 24.2485 -396.767 193.406 27.0382 -376.137 243.652 83.7233 9.10216 7.04616 4.81296 
154.557 152.805 159.578 157.69 156.327 153.989 141.101 143.797 143.602 144.201 -421.288 217.336 93.9088 -450.445 234.089 49.2323 -443.314 220.3 30.2732 -419.969 203.041 23.1861 -388.422 190.601 25.9832 -369.873 242.344 81.9925 9.51595 7.24211 3.35174 
155.009 152.535 159.472 158.796 159.231 154.349 140.807 144.522 145.804 147.797 -415.427 216.436 93.5211 -444.81 234.141 48.5785 -437.101 220.227 28.8722 -413.621 202.799 21.1489 -381.762 190.004 23.7373 -363.935 242.304 81.4991 10.113 7.60707 4.32045 
155.346 151.686 157.578 157.331 158.916 154.331 139.464 142.765 144.647 148.643 -408.991 216.729 94.0073 -437.479 235.002 47.0502 -428.99 219.474 28.7852 -405.344 201.868 21.308 -373.233 189.197 23.3469 -357.367 242.476 81.816 10.8911 7.89852 4.02384 
156.922 154.987 157.227 158.478 159.422 154.826 141.661 141.64 143.795 147.513 -402.215 215.156 91.7667 -430.157 234.399 42.7577 -421.565 217.033 27.8956 -398.015 199.188 20.8797 -365.963 187.103 22.9642 -350.218 241.521 80.1732 10.635 7.82749 3.66594 
159.857 158.112 159.596 160.814 160.875 156.207 145.095 144.331 145.945 148.362 -394.867 214.686 89.689 -422.667 233.913 40.0004 -414.291 215.717 25.7771 -390.807 197.561 19.4084 -358.842 185.663 22.1322 -342.356 240.82 79.114 10.0955 7.62158 4.13816 
160.833 160.326 161.544 162.502 162.027 155.861 148.323 146.674 147.973 149.764 -384.866 212.667 88.0049 -413.871 233.863 37.8912 -405.62 214.492 24.1276 -382.443 196.022 18.1591 -350.484 183.845 21.0367 -332.93 239.605 78.0826 9.94527 7.40087 5.02503 
161.338 162.057 162.873 163.855 163.266 155.371 150.869 148.659 150.196 151.609 -374.208 211.2 86.0147 -405.194 234.17 37.2789 -397.015 214.085 23.2246 -374.164 195.336 16.8349 -342.387 182.978 19.5355 -323.29 238.491 77.2585 9.64487 7.34544 5.54489 
160.573 162.185 163.201 163.951 163.28 155.471 150.76 148.802 150.096 151.534 -363.065 208.84 84.0892 -393.605 231.536 35.217 -385.674 211.212 21.5619 -362.787 192.222 15.5709 -331.093 180.384 18.1685 -312.15 236.136 75.7234 9.44739 7.40374 5.64459 
159.468 162.656 163.348 164.087 163.362 155.322 151.111 148.951 150.405 152.006 -351.595 206.246 81.702 -382.265 229.078 33.0284 -374.139 208.153 19.8138 -351.096 189.003 14.0224 -319.211 177.695 16.5769 -301.284 234.042 74.4719 9.56182 7.54445 6.08922 
158.222 163.354 163.017 163.993 163.565 155.334 151.835 149.055 150.875 152.841 -341.608 205.501 80.6394 -371.059 228.204 30.8645 -362.511 206.587 17.9641 -339.289 187.473 12.3466 -307.092 176.499 15.0993 -291.045 233.049 74.1032 9.89891 7.64221 6.77952 
158.863 164.224 163.377 164.573 164.134 156.291 153.65 149.862 152.265 154.168 -330.525 204.537 79.4731 -358.61 226.878 28.3348 -349.155 203.981 15.7881 -325.725 184.972 10.2986 -293.354 174.342 13.805 -279.363 231.538 73.7752 10.0111 7.70018 7.92567 
160.035 164.981 163.907 165.168 164.842 157.925 155.452 151.3 153.694 155.206 -320.323 204.204 79.464 -345.566 224.837 26.0713 -335.574 201.423 13.4422 -311.959 182.71 8.23927 -279.528 172.371 12.4903 -266.993 229.444 73.445 9.90446 7.59435 8.48406 
159.106 165.313 164.237 165.415 165.069 157.669 156.486 152.019 154.345 155.22 -308.014 202.18 77.9389 -331.489 221.527 22.9855 -320.912 197.959 10.7427 -297.262 179.84 5.98078 -264.963 170.203 11.1809 -254.088 226.604 72.6118 9.52634 7.28564 8.89881 
158.506 166.951 165.954 167.076 166.064 155.945 157.748 154 156.13 154.999 -284.65 198.629 73.7088 -308.754 219.067 19.4626 -297.627 196.161 5.91427 -274.426 178.35 1.6253 -242.313 169.425 8.1035 -233.581 224.321 70.6893 8.97332 7.02764 9.00561 
158.358 165.317 165.655 166.351 166.039 154.848 156.601 153.926 155.522 154.338 -271.16 196.165 71.4746 -293.7 215.793 17.9368 -282.098 194.15 3.27319 -258.634 176.716 0.417394 -228.129 168.999 7.76432 -220.926 222.495 70.0731 7.47804 7.14383 8.22293 
157.872 168.174 166.114 166.695 166.542 152.941 159.267 154.617 155.452 153.702 -256.834 193.44 69.6291 -278.328 213.525 14.9902 -266.083 191.666 0.931967 -242.547 175.202 -0.393925 -213.389 169.157 8.08562 -207.925 220.631 69.9713 5.81799 6.94654 9.01239 
