158.04760786182982 130.09835424410065 94.37096788198416 149.714862624748 101.90660677641425 168.64362818682147 135.6974826504101 97.64648043380967 80.80692939034103 114.8784393120997 0.171061443 -0.248479072 0.412908 0.151461654 -0.231842393 0.404887 0.18541108 -0.22031848 0.403367 0.223333122 -0.265384988 0.420347 0.221825673 -0.232883691 0.388388 0.234983747 -0.250266545 0.40517 16.233026113052798 23.955807558357165 57.178302503683945
157.58631278434675 127.57696937257971 98.6411823099036 145.47312078315193 143.21500216874364 163.27594582862935 137.3398724457781 97.42880042374928 88.07090324270892 82.2625840318485 0.161007417 -0.274536128 0.416877 0.137224006 -0.259010122 0.404552 0.167573896 -0.239528559 0.403409 0.210838953 -0.274971766 0.418359 0.215135439 -0.247316842 0.400359 0.224335411 -0.256126384 0.403757 3.2354293189900085 20.773203585704007 56.4955930681403
163.58663193813527 171.85422488415873 170.26399313433728 143.07875705562563 164.9749240390936 141.14754956775508 179.7927915476462 179.83794047758278 60.87841030358202 82.18387618818709 0.145814211 -0.257966856 0.416271 0.0922767036 -0.206874269 0.397322 0.0866516815 -0.188235887 0.384676 0.175086588 -0.241726749 0.411346 0.206249266 -0.251650532 0.393465 0.199288332 -0.252985251 0.39574 5.9106842356082065 146.89925228479865 5.104478187151251
158.57200038706702 100.6971828074359 154.65666612436561 153.5002732579833 168.73819506550285 167.41153452905644 178.98778367877654 175.3382013212017 49.78235866646007 90.2166143963962 0.155239934 -0.273716951 0.441061 0.106061005 -0.272680103 0.397772 0.0788614912 -0.214196206 0.397595 0.184561136 -0.258044365 0.421141 0.201572069 -0.267588576 0.407503 0.200479932 -0.259255222 0.401384 16.72728605849201 137.23019775153938 39.466536029446154
152.14329438690058 85.57641952450918 174.69486713111615 157.63769695435275 172.48326177135723 158.8060611585179 177.41932640245636 154.36346747070652 38.063682789752285 76.32314034188408 0.163500097 -0.272540728 0.435891 0.117907759 -0.272315823 0.381348 0.079447129 -0.21471514 0.394847 0.189372943 -0.253444834 0.412468 0.206548749 -0.262642075 0.402066 0.20084395 -0.261352594 0.398729 14.63213357596136 131.05513081596135 54.915735664456186
157.5803072334477 125.40221931814479 137.82104790786303 160.97079695739214 162.42575385417007 162.65937800981573 145.2960985475963 70.4401060365011 32.02274791594144 84.38373853574836 0.177153479 -0.272877322 0.432992 0.118940781 -0.250011431 0.402766 0.164804133 -0.263608541 0.414479 0.211137319 -0.250478474 0.402181 0.210362853 -0.255624442 0.391096 0.222331319 -0.263323513 0.399021 23.253408279510555 26.95400726411212 82.01696933279334
165.21538037768303 177.87672618744233 152.7135086006896 170.4992328385622 168.22802573855404 160.1374221706176 137.65371861872163 41.32086211041698 16.387807016997797 67.3559941106236 0.191871456 -0.275259294 0.419444 0.117299724 -0.237738895 0.378972 0.189683917 -0.259323562 0.400291 0.232331886 -0.248180414 0.395168 0.237564082 -0.258501967 0.388567 0.235092961 -0.262193091 0.389642 21.303495182187188 14.963593775311088 112.40214109376666
166.3573341100422 160.73533907692433 51.25292595877531 120.65554603553481 158.2367186864566 170.5908169322242 40.79693097611241 147.1939253532677 179.4662362262062 37.09687509222014 0.359431336 -0.376748501 0.443412 0.251780649 -0.308419511 0.385608 0.17786914 -0.246930402 0.338307 0.147556178 -0.227769658 0.33117 0.266025688 -0.23176249 0.371533 0.278087214 -0.258785884 0.382721 156.91662295475896 81.54352172788359 64.57941478152057
163.37146283116047 167.89372632608269 47.62636934166333 146.26149756417513 166.69263268715463 168.26966169401663 27.23175457832928 152.01462378179983 179.6685899921563 26.30379670497355 0.379128159 -0.385090321 0.439747 0.284904271 -0.299331457 0.368915 0.207294105 -0.238104597 0.316208 0.165976522 -0.211469021 0.316241 0.300258924 -0.233065812 0.36885 0.309156902 -0.267889076 0.387255 172.86638347278284 91.97284993402893 89.88428133056188
155.57387307545073 170.2842371807999 95.6771187388604 170.12212734486025 167.3517182128037 170.32053315302954 23.412806476122817 114.5414042928598 179.97183361811526 52.59659679806981 0.257644424 -0.281313298 0.346463 0.277489619 -0.281935714 0.34892 0.226971466 -0.222900304 0.304744 0.179190554 -0.198710657 0.305679 0.329999149 -0.24684011 0.37463 0.311339685 -0.276314683 0.382983 171.8428931897739 102.09719347084403 77.41797303208462
173.8133381902694 174.72949110415078 53.77552185710377 54.95513061061761 175.96548878650157 179.4691167111918 23.79903065893523 154.28523162273638 178.92492364657576 57.277752207983575 0.292224078 -0.293784111 0.362616 0.317756615 -0.298870884 0.366832 0.293848133 -0.241750194 0.326684 0.31074609 -0.238438889 0.336084 0.373598291 -0.27063419 0.390513 0.341399787 -0.282815748 0.392228 59.74552518887081 43.63529532779302 96.09479513875921
173.43939394514248 175.26142280559523 39.955795349593615 56.60570716548784 172.36222570574213 179.11224053235946 24.714530430828322 159.86115754473934 176.6167706607897 64.0493984992029 0.316003475 -0.293834209 0.362986 0.342738143 -0.299135557 0.368029 0.313790397 -0.24255525 0.327614 0.335237163 -0.238183641 0.336858 0.407464441 -0.259850964 0.390447 0.363808444 -0.282986312 0.392254 53.39928424500416 50.19570183742597 101.05658303336882
170.4558620422665 176.5771644880627 26.001351017438132 64.30657239950726 175.73720225550855 179.67331950586853 22.018376953536908 175.04407646776514 167.84655030394183 70.62811993169184 0.326845534 -0.282691761 0.350251 0.36377163 -0.289889757 0.364202 0.336139922 -0.241592368 0.327588 0.355047728 -0.220774876 0.335769 0.42486822 -0.257378759 0.383109 0.374333493 -0.272606402 0.379461 52.871637745662454 46.132294614225096 93.10501726001439
171.16470412033598 173.8545462244934 153.03911232229663 69.89224769557528 169.38128178901906 177.42398861943656 22.69020328577855 55.45011880931376 159.1140029577207 61.440722148664626 0.351476619 -0.285042895 0.352911 0.369799286 -0.279519762 0.351484 0.392677785 -0.266820106 0.361787 0.358018873 -0.210988633 0.322503 0.430691759 -0.271383978 0.3821 0.40036419 -0.277002786 0.385362 82.00995840325194 82.43420415039071 10.450332906371727
169.4770685799398 173.08651824344759 154.1601651063696 77.49489388836109 167.30909058385058 176.45554843779016 26.609171914406488 65.80917984779612 161.6265169173255 36.21449815224709 0.357820943 -0.282755751 0.348971 0.38026037 -0.280269934 0.350765 0.405670657 -0.266578647 0.362683 0.373918277 -0.217484127 0.323762 0.423051539 -0.253467407 0.385022 0.40509686 -0.27731868 0.386631 79.7813066617069 73.57921425204054 7.575773025671276
165.10481695483458 169.63694209187386 155.4651758044692 100.25466273701879 159.79992201368532 140.22590957159846 70.31308881699216 64.18849076247231 176.4747987755919 45.40631366342443 0.356817187 -0.283720018 0.351132 0.406376228 -0.243323552 0.34229 0.408865928 -0.255957015 0.359299 0.384115896 -0.195992047 0.325163 0.438095655 -0.250124828 0.392564 0.416271966 -0.278947845 0.392457 111.11228530633535 105.04683462816635 22.002098734227836
167.10567688360265 172.01638539015678 156.39929327920444 94.99519970037231 163.15788222430396 141.01240130018047 66.05048490442228 62.340465874099756 176.5724679134141 38.437511459158316 0.356080028 -0.284540419 0.35341 0.401390382 -0.244903522 0.348023 0.416305406 -0.260337236 0.366075 0.389459474 -0.201227231 0.332803 0.438016672 -0.254358428 0.397752 0.416866935 -0.279190406 0.393463 103.2017186847693 94.2655555009489 18.90872364970723
172.85427414967518 170.73440229464197 151.53745417274467 95.73110842164313 160.1173910399475 142.24952836116725 67.82736854749977 67.18373455443246 174.3877267416949 41.74971266849076 0.356471094 -0.273551436 0.353511 0.400015007 -0.24073388 0.346314 0.415352263 -0.257339986 0.365284 0.388120499 -0.199736119 0.333262 0.435812143 -0.249912006 0.397728 0.416223446 -0.277412893 0.393094 100.03166490628678 91.81156834090848 19.983307869680072
144.03640984007077 171.4590408911491 170.0479254563296 88.48558288390494 168.30262856585796 138.8900254723466 55.03951827962626 58.14316914736178 165.50915973590534 166.07479110441042 0.36715489 -0.275541579 0.372593 0.408908755 -0.261847972 0.371604 0.429139507 -0.258929818 0.385311 0.39987661 -0.207738663 0.349612 0.398251595 -0.212395379 0.358129 0.415923746 -0.265982437 0.396196 67.58952585450564 57.40786020970945 5.970678655097927
141.63563876187308 172.41260307783864 166.98081132454374 87.55577209134115 167.22823581409946 138.0318665016834 56.23801675495419 44.89768544848159 164.5874367943164 170.4679204069328 0.358696875 -0.27196356 0.374666 0.404334524 -0.259138444 0.375264 0.414439148 -0.258347916 0.390814 0.392383077 -0.20487122 0.357993 0.393688258 -0.208634625 0.365236 0.411601008 -0.264713995 0.395235 65.68961289261013 59.302574106892955 7.813216224654952
142.2332452262162 173.7887648162681 168.25778462026452 89.50241922506534 165.59722477288668 136.6206964682492 57.33176675563974 45.17161602461916 163.03228425489573 169.1808138986752 0.349171226 -0.276483338 0.376581 0.398499986 -0.260334207 0.381386 0.409896152 -0.260762315 0.398131 0.387508052 -0.206523712 0.368014 0.387739738 -0.209990088 0.373537 0.398859727 -0.263491856 0.396367 66.53181201122747 55.60045530822006 8.189844349871294
143.43190386667513 168.66049320016626 173.91397514951538 102.6135165489633 165.79580815657462 139.77484121683705 54.48863082327675 30.950154093730823 139.08571006320494 157.6627948132442 0.35082297 -0.278255443 0.380342 0.401187084 -0.265093062 0.384234 0.406438164 -0.260452501 0.396819 0.392926839 -0.217009261 0.36364 0.382170862 -0.209061568 0.365048 0.397055674 -0.261182027 0.395496 77.15070020218062 36.80907298201885 4.740106126356997
160.7799894309074 170.65352350486364 167.95296661256376 103.87647842406518 154.1025109469023 123.20116434361553 45.99574961118858 28.52146649794066 125.6267073831251 161.2512173320422 0.421348697 -0.330734612 0.424987 0.401439701 -0.266379753 0.386675 0.394275777 -0.25500899 0.389975 0.375382507 -0.209643149 0.350073 0.363196132 -0.199065142 0.347459 0.396873301 -0.248719817 0.399382 65.55984184344646 45.42057242270636 4.070661296264405
159.63890471377118 170.90733405492932 168.9118835307576 88.50468678469802 166.950772451467 114.77469801988524 32.15739210171744 25.55723188285908 150.565836930327 161.33261892331166 0.416837538 -0.33109717 0.429586 0.384136849 -0.265522276 0.389754 0.382116452 -0.256702118 0.39338 0.364057076 -0.211912312 0.3554 0.347022318 -0.199563833 0.350062 0.384737832 -0.245982017 0.396418 78.50949351654663 40.17334507671478 8.73573182709252
154.0399747386644 171.8753162729623 173.3066361669818 78.6340642026959 99.52534933802278 107.086834952982 20.44553064141215 16.41556041566426 149.29391276654707 178.01716063363952 0.416371649 -0.331056685 0.429984 0.37621724 -0.267145971 0.397492 0.378075171 -0.259535188 0.405119 0.353924744 -0.216201949 0.371607 0.339047443 -0.199998851 0.366029 0.376125822 -0.245022866 0.398582 81.07867155212139 33.22976402591872 8.201318131580782
144.4663885072261 168.6124042606687 174.80221966609793 124.40772648854559 155.9512868406399 114.79836781151513 21.13506859369391 13.001970496368276 110.08132195811679 119.44614022165125 0.410424834 -0.329913509 0.428922 0.380544952 -0.269478684 0.412493 0.384221346 -0.263161137 0.422266 0.376022376 -0.232143202 0.394324 0.338191085 -0.206196444 0.386044 0.376942633 -0.24715168 0.40454 85.44135055167331 21.02190860331092 8.009665368237982
