138.542 149.258 145.548 142.403 142.263 128.715 78.5302 78.0198 80.5622 80.0034 11.1292 343.96 -198.94 12.8606 373.295 -175.089 0.436149 369.726 -175.262 -11.5814 369.899 -175.938 -22.6891 370.756 -184.582 -3.50967 392.309 -197.875 13.1396 10.1026 9.66576 
138.372 149.391 145.507 142.161 141.819 128.586 78.6659 78.1682 80.6406 80.0657 11.4181 343.828 -198.914 13.3216 373.057 -174.933 0.996655 369.35 -175.134 -11.0342 369.434 -175.883 -22.119 370.295 -184.528 -3.22755 392.07 -197.726 13.2236 10.0619 9.70129 
138.34 149.179 145.638 142.234 141.494 128.49 78.6291 78.1766 80.6558 80.0951 11.758 343.439 -198.865 13.9724 372.655 -174.668 1.64041 368.764 -174.81 -10.3474 368.637 -175.558 -21.4383 369.392 -184.185 -2.99606 391.441 -197.367 13.3244 10.0873 9.63349 
137.96 148.73 145.613 142.317 141.144 128.037 78.2609 77.8642 80.3588 79.9403 12.3698 343.287 -198.689 14.792 372.613 -174.475 2.37412 368.448 -174.558 -9.57023 367.999 -175.285 -20.6542 368.434 -183.853 -2.79416 390.765 -197.014 13.47 10.1409 9.46922 
138.242 148.444 145.275 142.019 140.64 128.045 78.2119 77.694 80.1601 79.8914 13.0007 342.624 -198.11 15.3456 372.044 -174.26 3.14061 367.724 -174.214 -8.91278 366.975 -174.914 -20.0393 367.175 -183.303 -2.65883 389.948 -196.583 13.4864 10.002 9.66737 
138.278 148.649 144.936 141.845 140.492 128.086 77.9876 77.3411 79.9058 79.9251 13.4491 342.244 -197.428 15.5459 371.722 -174.202 3.64981 367.487 -173.989 -8.52466 366.535 -174.627 -19.7559 366.489 -182.842 -2.57611 389.471 -196.328 13.3785 9.8699 10.0956 
138.663 149.079 144.76 142.08 140.701 128.272 77.6391 76.8244 79.4999 79.7922 13.8504 342.178 -197.241 15.7415 371.816 -174.294 4.02757 367.645 -174.001 -8.18479 366.533 -174.536 -19.5436 366.209 -182.614 -2.51395 389.255 -196.264 13.2946 9.85595 10.3717 
138.734 149.334 144.418 142.079 141.159 128.536 77.351 76.5497 79.3171 79.6125 14.0808 341.979 -196.872 15.6224 371.932 -174.129 3.81461 368 -173.77 -8.38168 366.973 -174.206 -19.7587 366.461 -182.304 -2.46522 389.101 -196.264 13.2487 9.91576 10.3819 
139.33 149.514 144.072 141.928 141.4 128.86 77.4171 76.5292 79.2645 79.5567 14.465 341.748 -196.397 15.6063 371.889 -173.966 3.82254 368.185 -173.6 -8.44401 367.277 -174.037 -19.8682 366.646 -182.122 -2.22244 389.016 -196.389 13.1013 9.85562 10.4706 
138.77 149.445 143.657 141.902 141.729 128.724 77.1507 76.2297 78.9672 79.124 14.5645 341.491 -195.993 15.431 371.548 -173.77 3.44454 368.151 -173.536 -8.82205 367.473 -173.972 -20.3111 366.893 -182.144 -2.01362 388.794 -196.309 12.9863 9.91298 10.3444 
138.529 149.331 143.241 141.868 142.189 128.768 76.9884 76.083 78.7683 78.7905 14.6996 341.142 -195.655 15.1797 371.26 -173.484 2.94922 368.182 -173.416 -9.29011 367.81 -173.885 -20.8283 367.371 -182.149 -1.87395 388.639 -196.235 12.8905 9.99325 10.1251 
138.464 148.999 143.023 142.126 142.753 128.813 76.7635 75.8358 78.4126 78.3213 14.9999 340.858 -195.246 14.8914 370.866 -173.49 2.61417 368.151 -173.473 -9.7112 368.075 -173.954 -21.3324 367.779 -182.249 -1.74847 388.592 -196.197 12.7624 9.95047 10.184 
139.174 148.575 142.695 142.285 143.124 129.069 76.687 75.7366 78.3034 78.2357 15.1483 340.656 -195.21 14.7974 370.471 -173.626 2.67745 368.076 -173.524 -9.70353 368.06 -173.967 -21.3815 367.776 -182.224 -1.65893 388.538 -196.173 12.6955 9.90367 10.4655 
139.61 148.439 142.681 142.709 143.502 129.16 76.5277 75.5114 78.0104 77.8875 15.2907 340.369 -195.372 14.653 369.872 -173.616 2.48667 367.698 -173.603 -9.9569 367.821 -174.047 -21.6771 367.647 -182.327 -1.58354 388.292 -196.009 12.6331 9.86591 10.4687 
140.364 148.611 143.052 143.078 143.62 129.495 76.3979 75.3505 77.7976 77.6993 15.5458 340.047 -195.672 14.6278 369.358 -173.768 2.49795 367.224 -173.767 -10.018 367.432 -174.213 -21.7362 367.313 -182.489 -1.44415 388.114 -195.928 12.6202 9.80515 10.5553 
140.814 148.368 143.338 143.417 143.757 129.82 76.2431 75.1517 77.6082 77.5086 15.7141 340.262 -196.248 14.5657 369.069 -174.295 2.51426 367.102 -174.216 -10.0973 367.447 -174.597 -21.8128 367.459 -182.863 -1.34767 388.375 -196.028 12.6246 9.74086 10.7647 
141.463 148.412 143.572 143.534 143.928 130.109 76.4743 75.2979 77.5916 77.3733 16.1181 340.222 -196.355 14.5893 368.904 -174.524 2.5895 367.032 -174.419 -10.1541 367.52 -174.834 -21.8191 367.619 -183.094 -1.1658 388.613 -196.2 12.619 9.59598 10.8411 
142.181 148.3 143.569 143.314 143.845 130.799 76.8264 75.6124 77.7223 77.3991 16.615 340.038 -196.325 14.8005 368.578 -174.627 2.95662 366.852 -174.389 -9.90857 367.405 -174.876 -21.5447 367.525 -183.123 -0.908054 388.725 -196.284 12.5827 9.44574 11.0625 
142.553 148.399 143.523 143.142 143.688 131.135 77.0811 75.7094 77.7983 77.5071 16.8928 339.697 -196.326 15.0615 367.964 -174.52 3.35227 366.195 -174.306 -9.58252 366.608 -174.815 -21.218 366.701 -182.994 -0.709846 388.354 -196.139 12.5474 9.33011 11.1696 
142.873 148.639 143.555 143.083 143.747 130.962 77.2985 75.9688 77.9973 77.5973 16.8626 339.733 -196.346 15.3228 367.905 -174.182 3.63679 365.996 -174.081 -9.2796 366.349 -174.675 -20.8452 366.438 -182.923 -0.432119 388.197 -196.08 12.5876 9.31212 11.0754 
142.536 148.786 143.571 142.826 143.405 130.321 77.3988 76.2439 78.2097 77.7752 16.9761 340.186 -196.423 15.9156 368.272 -174.163 4.26789 366.019 -174.089 -8.62139 366.193 -174.77 -20.1804 366.221 -183.035 -0.222758 388.298 -196.204 12.6404 9.30636 10.9784 
142.291 149.026 143.724 142.749 143.298 130.101 77.6344 76.7253 78.6577 78.1809 17.0393 340.37 -196.796 16.3497 368.447 -174.128 4.74698 365.915 -174.022 -8.08615 365.976 -174.749 -19.5993 366.038 -183.035 -0.0719262 388.325 -196.288 12.7183 9.32012 10.9005 
142.183 149.37 144.021 142.803 143.191 129.738 77.8602 77.165 79.0858 78.5745 16.8718 340.391 -196.989 16.858 368.531 -174.064 5.29548 365.708 -173.912 -7.50161 365.62 -174.669 -18.9803 365.695 -182.961 0.0957678 388.22 -196.339 12.7894 9.30559 10.8204 
141.606 149.417 144.177 142.896 143.218 129.07 77.9087 77.4601 79.3843 78.9423 16.5873 340.571 -197.299 17.2198 368.802 -174.037 5.56923 365.743 -173.901 -7.1327 365.621 -174.671 -18.5196 365.733 -182.987 0.262897 388.209 -196.413 12.9263 9.3946 10.627 
141.142 149.478 144.402 142.981 143.132 128.57 77.7329 77.4191 79.3964 78.9922 16.3398 340.497 -197.363 17.4299 368.898 -173.974 5.62335 365.685 -173.88 -6.94098 365.553 -174.639 -18.2662 365.675 -182.996 0.422914 388.008 -196.365 13.0425 9.55334 10.4239 
140.69 149.692 144.771 143.109 142.903 128.183 77.7244 77.4248 79.4551 79.041 16.2069 340.371 -197.329 17.8514 368.862 -173.845 5.92834 365.46 -173.786 -6.54661 365.212 -174.546 -17.8644 365.37 -182.917 0.616084 387.711 -196.25 13.126 9.63191 10.2312 
139.942 149.61 144.787 143.189 142.733 127.619 77.3868 76.9769 79.1436 78.7887 16.3977 340.677 -197.596 18.135 369.01 -174.01 6.16508 365.581 -174.037 -6.2676 365.285 -174.71 -17.5951 365.409 -183.09 0.833816 387.634 -196.198 13.1984 9.72901 10.2003 
139.321 149.527 144.838 143.336 142.805 127.185 76.9002 76.5847 79.0581 78.7915 16.52 341.363 -197.901 18.5973 369.645 -174.023 6.46917 366.113 -174.058 -5.82404 365.663 -174.581 -17.1737 365.685 -182.981 0.992636 387.695 -196.092 13.2759 9.91482 10.0227 
139.025 149.405 144.975 143.285 142.772 127.178 76.9777 76.5509 79.2082 78.9758 16.4346 341.072 -197.36 18.5966 369.288 -173.778 6.48347 365.896 -173.738 -5.70336 365.482 -174.172 -17.0353 365.544 -182.591 1.21151 387.394 -195.842 13.2785 10.0388 10.1184 
139.349 149.321 145.14 143.491 142.971 127.425 77.2669 76.658 79.3567 79.0614 16.4934 340.331 -196.442 18.4841 368.882 -173.411 6.42111 365.691 -173.326 -5.76148 365.392 -173.73 -17.0646 365.478 -182.205 1.41161 387.122 -195.685 13.2571 10.0423 10.2342 
139.415 149.44 145.297 143.685 143.267 127.615 77.6131 76.8309 79.5801 79.1678 16.5014 339.61 -195.38 18.5354 368.675 -172.789 6.45176 365.682 -172.74 -5.71344 365.464 -173.169 -16.9987 365.515 -181.754 1.73204 386.798 -195.524 13.1977 10.0423 10.2214 
139.918 149.498 145.365 143.71 143.449 128.343 78.1371 77.1887 79.961 79.5057 16.5138 338.474 -194.284 18.4589 368.079 -172.199 6.51995 365.356 -172.059 -5.654 365.274 -172.506 -16.893 365.358 -181.146 2.04406 386.371 -195.31 13.154 9.99986 10.4365 
140.251 149.425 145.15 143.552 143.427 128.583 78.2121 77.349 80.1534 79.6708 16.7249 338.248 -193.99 18.8278 368.128 -172.045 7.01427 365.386 -171.789 -5.12265 365.293 -172.2 -16.3204 365.27 -180.86 2.37643 386.234 -195.302 13.2227 10.0402 10.5769 
140.695 149.316 145.341 143.596 143.216 128.908 78.4253 77.4224 80.2194 79.7439 16.7845 337.901 -193.549 19.2517 367.719 -171.867 7.59453 364.982 -171.507 -4.65821 364.795 -171.907 -15.855 364.765 -180.498 2.71266 386.061 -195.064 13.2027 9.88162 10.7698 
140.996 148.887 145.213 143.149 142.699 129.371 78.5228 77.5296 80.2692 79.8773 17.4809 337.624 -193.667 19.6458 367.029 -172.234 8.13697 364.238 -171.766 -4.27376 364.07 -172.181 -15.4477 364.253 -180.642 3.12741 386.117 -195.062 13.1866 9.68547 10.9707 
141.072 148.224 144.617 142.372 142.46 129.774 78.841 78 80.7054 80.218 18.3679 337.185 -193.61 19.8988 366.366 -172.017 8.30248 363.58 -171.563 -4.103 363.555 -172.025 -15.2341 363.966 -180.508 3.53841 385.918 -194.935 13.1376 9.65257 10.8384 
141 147.478 144.24 141.749 142.133 129.927 79.109 78.4067 81.012 80.4943 19.2691 336.309 -192.881 20.0734 365.281 -171.537 8.37569 362.532 -171.125 -4.10271 362.69 -171.708 -15.1658 363.338 -180.204 4.03167 385.337 -194.58 13.0424 9.53617 10.7213 
141.399 147.309 144.321 141.505 142.083 129.995 79.326 78.8757 81.3546 80.8086 19.8805 335.645 -192.429 20.3813 364.705 -170.976 8.61492 361.866 -170.53 -3.83589 362.15 -171.233 -14.8393 362.895 -179.779 4.48375 384.833 -194.25 13.0351 9.52751 10.6052 
141.804 147.223 144.165 141.193 141.969 130.293 79.1819 79.0303 81.3694 80.8166 20.7943 335.585 -192.43 20.8156 364.624 -170.938 9.03136 361.781 -170.336 -3.44434 362.18 -171.095 -14.4712 362.928 -179.635 4.94643 384.787 -194.156 12.9974 9.5058 10.6387 
141.728 147.113 144.042 141.38 142.008 129.964 78.7558 78.6841 80.9843 80.4311 21.3889 336.36 -193.858 21.4821 365.015 -171.233 9.53223 362.107 -170.658 -2.77269 362.52 -171.33 -13.8459 363.267 -179.876 5.35967 385.052 -194 13.1226 9.7579 10.4631 
141.64 147.116 143.443 140.867 141.526 129.887 78.6544 78.459 80.7651 80.19 22.1016 336.416 -194.527 22.2092 364.75 -171.328 10.2898 361.867 -170.899 -1.97704 362.176 -171.606 -13.1393 362.939 -180.138 6.03095 384.961 -193.831 13.0494 9.79897 10.4775 
141.135 146.318 142.634 139.524 140.349 129.539 78.9299 78.6423 80.9051 80.4781 21.5677 336.752 -195.797 24.037 365.551 -171.232 12.0383 362.107 -171.026 0.14259 361.984 -171.984 -11.4438 362.679 -180.472 6.84769 385.149 -193.796 12.7655 10.1598 10.1214 
141.145 146.544 142.902 140.042 140.332 129.383 79.2506 78.66 80.928 80.4415 22.2203 336.242 -195.651 24.9489 365.143 -170.858 12.7259 361.601 -170.908 0.741364 361.341 -171.904 -10.7633 362.201 -180.371 7.58735 384.789 -193.587 12.8345 10.0117 9.74758 
141.609 146.923 143.755 140.811 140.389 129.092 79.4737 78.6044 80.8024 80.2868 23.025 335.863 -194.708 25.9083 364.808 -170.371 13.699 360.964 -170.484 1.46103 360.477 -171.446 -10.0149 361.241 -179.765 8.21677 384.339 -193.083 12.8473 9.69217 9.64374 
141.6 147.808 144.075 140.77 140.14 128.691 79.5746 78.4153 80.6934 80.1641 23.8721 335.72 -193.772 26.9414 364.909 -169.97 15.0599 360.681 -170.27 2.53186 359.829 -171.305 -9.01983 360.599 -179.485 9.05182 384.228 -192.757 12.7719 9.30397 9.86652 
141.248 146.383 143.479 139.905 139.285 128.335 79.3982 78.8406 81.2865 80.9949 24.0044 336.204 -193.433 29.2588 366.448 -169.765 17.5232 361.375 -169.748 5.24511 359.97 -170.858 -6.57286 360.433 -178.986 10.1107 384.632 -192.509 12.6528 9.50025 9.80507 
140.4 147.603 144.594 141.875 141.017 127.612 78.9147 78.0995 80.6594 80.8235 24.495 336.083 -191.933 30.0664 367.031 -168.858 18.1638 361.961 -168.815 5.77348 360.491 -169.71 -5.8191 360.476 -177.788 11.0199 384.059 -192.014 12.9338 9.42213 9.66136 
140.275 145.152 144.394 142.539 141.697 126.937 78.3253 78.6772 81.7148 82.2177 25.0103 336.513 -190.909 32.9975 369.573 -168.293 21.2324 363.418 -167.525 9.33125 361.101 -168.21 -2.48596 360.299 -176.265 12.1062 384.21 -191.484 12.8895 9.78372 9.3939 
139.457 144.299 143.362 141.625 141.845 126.574 78.1221 78.71 81.5136 82.23 26.6444 336.933 -191.1 34.5776 370.061 -168.377 23.4287 363.786 -167.496 11.7326 361.44 -168.414 -0.309734 360.511 -176.46 13.6834 384.578 -191.21 12.7675 10.0522 10.1054 
139.272 144.037 142.995 141.688 141.809 126.262 77.6624 78.3867 81.1213 81.9022 29.0059 337.416 -190.92 36.7348 370.759 -168.312 26.0146 364.153 -167.321 14.3618 361.582 -168.196 2.08942 360.312 -176.166 15.3698 384.708 -190.623 12.6303 10.1136 10.4599 
137.475 145.517 143.632 142.981 142.829 125.836 77.3754 77.6418 80.8796 81.6502 31.3032 337.405 -189.163 38.4311 369.87 -167.19 27.4234 363.735 -166.246 15.5678 360.961 -166.87 3.31908 359.609 -174.884 17.2296 383.839 -189.603 12.5417 9.84898 10.3285 
137.661 144.555 143.065 142.465 142.806 126.337 77.3062 77.9289 81.0234 81.8199 34.017 337.188 -188.494 40.8491 370.413 -166.629 30.1192 364.087 -165.476 18.5027 361.143 -166.277 6.15108 359.527 -174.37 19.5024 383.707 -189.165 12.4869 10.0689 10.5738 
138.239 143.557 142.712 141.755 142.499 126.809 77.6779 78.5515 81.3258 82.0803 36.8167 336.338 -186.855 43.5958 370.472 -165.508 33.0976 364.109 -164.272 21.5897 361.148 -165.482 9.2531 359.49 -173.77 22.4732 383.566 -188.616 12.4529 10.146 10.8033 
138.956 141.851 141.686 140.902 142.104 127.186 78.2453 79.4888 82.3411 83.0605 39.5532 335.676 -185.565 46.8149 370.594 -164.64 36.7433 364.088 -163.28 25.4303 360.988 -164.633 13.1746 359.334 -173.07 25.5812 383.55 -188.188 12.5488 10.237 11.1084 
138.355 139.065 140.025 139.534 140.433 127.371 78.6504 79.4476 81.8432 82.5907 42.6151 335.377 -184.432 50.1723 370.057 -163.663 40.0886 363.575 -162.565 28.6542 360.624 -164.1 16.4168 359.083 -172.477 28.6722 383.355 -187.163 12.6323 10.1873 11.0287 
139.88 137.119 139.004 139.716 139.496 128.041 79.1292 80.2799 82.8685 83.4237 45.7474 334.454 -181.956 54.2304 370.628 -162.222 44.2549 363.652 -160.89 33.0105 360.259 -162.271 20.9647 358.62 -170.716 31.9965 383.051 -186.121 12.9441 10.1765 10.7615 
141.243 137.647 139.167 139.668 139.81 128.267 79.5215 80.9049 83.5034 83.9706 48.9262 334.9 -179.763 58.6053 372.152 -161.067 48.3094 364.841 -159.404 37.1338 361.282 -160.597 25.3018 359.128 -169.052 35.5783 383.377 -185.576 13.1508 10.1431 10.0594 
143.634 136.515 138.117 139.68 140.86 128.885 80.5128 82.0884 85.0915 86.1522 55.8786 335.743 -175.547 66.4363 374.725 -157.873 57.0155 366.552 -155.744 46.1626 362.205 -156.533 34.5196 359.384 -164.672 42.2949 383.673 -182.764 13.4091 10.1084 10.2325 
144.44 137.585 138.634 137.608 139.763 130.849 81.6466 83.1587 86.4892 88.2407 59.6748 334.709 -172.201 69.5694 375.239 -155.212 60.5326 367.683 -152.138 49.7987 363.243 -152.395 38.9699 358.774 -160.291 45.4775 381.774 -181.081 13.8752 10.0768 10.5509 
145.863 137.207 139.133 137.638 139.798 132.419 81.5533 83.1277 86.6607 88.7977 64.1443 334.355 -167.825 73.8583 376.217 -153.301 64.1295 368.868 -149.284 53.3505 364.037 -148.713 42.8595 358.017 -155.915 48.2399 379.923 -179.022 13.9519 9.79626 9.52523 
146.877 137.788 139.518 137.614 140.071 134.201 81.9498 83.2853 87.0656 89.5944 67.9792 334.13 -164.41 77.0216 376.137 -151.506 67.3621 369.662 -146.977 56.3593 364.827 -145.697 46.2964 358.034 -152.313 51.1431 378.852 -177.339 14.1969 9.43303 9.8741 
147.46 139.507 140.48 137.819 140.461 134.383 82.648 83.3805 87.0146 89.6136 71.0086 334.218 -161.146 79.1649 374.313 -148.837 69.6187 368.962 -144.314 58.0831 364.547 -142.832 48.1539 357.67 -149.138 54.1062 377.49 -175.383 14.2529 9.01859 10.6329 
151.007 139.879 139.812 135.985 139.077 135.48 83.5493 83.6593 87.3027 89.9492 74.5154 333.875 -157.282 81.3801 372.185 -145.337 71.7812 368.214 -141.014 59.6495 364.089 -139.516 49.6926 357.216 -145.486 56.9531 375.896 -173.032 14.0314 8.4789 11.3223 
151.426 139.499 139.07 134.88 138.282 135.789 83.8327 83.5072 87.3945 90.2242 78.1276 333.02 -151.829 83.7025 369.615 -141.508 73.827 366.704 -137.547 61.3022 362.741 -136.014 51.2852 355.716 -141.666 59.6358 373.459 -170.279 13.764 8.10827 11.6434 
151.322 138.808 138.18 133.618 137.345 135.759 84.7412 83.8248 87.8801 90.448 80.7601 333.101 -147.709 85.7841 368.455 -138.167 75.6442 366.277 -134.691 63.0252 362.73 -133.39 53.1357 355.721 -139.159 62.8808 372.378 -168.336 13.7028 8.14498 11.8565 
151.682 138.711 138.104 133.15 137.956 136.386 85.4642 83.877 88.5759 91.6887 82.0142 331.932 -142.754 87.7965 367.069 -134.38 77.7344 365.722 -131.502 65.2763 362.157 -130.283 55.3471 354.865 -135.936 65.6436 370.69 -165.884 13.5298 8.2688 12.3839 
150.927 137.722 138.037 132.497 138.029 136.797 87.2126 84.675 88.8313 91.7937 83.677 331.559 -137.451 89.2371 365.034 -129.789 78.8414 364.209 -127.708 66.1922 361.14 -127.495 56.2225 354.34 -133.61 68.7418 369.724 -163.547 13.3894 8.26287 12.2573 
150.742 135.69 136.974 131.666 139.582 137.598 88.5615 85.7714 89.9944 93.3284 86.5423 331.873 -132.122 90.4281 363.165 -125.342 79.7936 362.733 -123.625 67.3166 359.8 -123.894 57.1766 353.412 -130.189 70.9263 368.521 -160.987 13.0613 8.41534 12.0948 
150.991 134.98 136.415 131.434 139.366 139.869 89.1414 86.411 90.2005 93.0791 88.4844 331.768 -126.294 90.5025 361.893 -120.76 79.6313 361.749 -119.527 66.8566 359.777 -120.78 56.5978 353.951 -127.708 72.9043 368.237 -158.218 12.7389 8.26868 11.8892 
153.516 134.66 136.613 131.314 140.28 142.482 89.9773 87.8015 91.0403 94.2496 88.8865 330.101 -121.199 90.3553 360.634 -116.288 79.4997 360.354 -115.06 66.6662 359.137 -117.304 56.6966 353.935 -124.585 74.7901 367.294 -155.109 12.6301 8.2181 11.6904 
154.098 134.673 137.841 132.577 141.696 143.798 90.2499 88.7123 91.3478 95.0576 89.6144 330.161 -116.865 90.4925 359.471 -112.819 79.687 359.159 -111.242 66.8422 357.916 -114.079 56.7981 353.103 -121.559 75.8133 366.447 -152.569 12.425 8.06762 11.7324 
155.2 135.676 139.963 134.54 142.978 144.167 89.4184 88.4704 90.4949 94.6187 88.2444 329.088 -113.734 89.6069 358.167 -110.086 78.6169 357.896 -108.513 65.7837 357.146 -112.105 56.145 352.711 -119.765 76.9682 365.286 -150.193 12.5858 8.0329 11.7263 
155.577 135.75 141.143 134.989 142.527 144.729 87.785 87.182 88.7761 93.1775 87.9674 327.927 -111.396 89.9569 356.821 -108.732 78.8018 356.704 -107.074 65.7802 356.646 -111.155 56.1419 352.238 -118.706 77.7651 363.96 -148.497 12.7045 8.04473 11.855 
154.5 137.246 143.793 136.184 140.86 144.362 85.6367 84.8339 86.5723 90.4326 88.704 327.344 -109.729 89.3827 356.463 -107.987 78.0107 357.267 -106.834 64.9644 357.214 -111.005 55.3169 352.176 -118.546 78.2202 362.423 -146.923 12.8936 8.05481 12.3526 
153.766 137.117 145.06 136.978 139.672 143.828 83.1509 82.4853 84.075 87.5245 90.2409 327.955 -109.137 89.507 356.946 -108.448 77.8589 358.122 -107.556 64.6692 358.462 -111.872 55.0078 352.961 -119.178 78.8216 361.925 -146.148 13.1768 8.13456 12.5428 
153.473 136.328 145.816 137.229 138.528 143.037 80.9171 80.6301 82.1407 85.2435 90.7849 327.913 -108.842 89.6914 357.08 -108.751 77.6608 358.73 -108.095 64.4338 359.287 -112.59 54.8303 353.401 -119.682 79.3802 361.194 -145.312 13.455 8.24879 12.7088 
154.014 135.331 145.505 136.923 137.643 143.141 79.866 79.7137 81.2884 83.8549 91.7652 327.556 -108.406 90.0338 357.621 -108.848 77.6625 359.391 -108.599 64.5345 360.145 -113.261 55.0268 354.086 -120.394 80.294 361.017 -144.748 13.5507 8.37883 12.4321 
153.039 134.523 144.777 136.61 137.089 142.263 78.9324 78.9507 80.4695 82.1942 93.841 328.366 -107.837 91.0543 358.597 -108.879 78.3218 360.282 -108.844 65.1631 360.718 -113.35 55.5161 354.426 -120.465 81.042 360.779 -144.113 13.4437 8.31416 12.0143 
152.521 134.135 144.585 136.41 136.753 141.663 78.8835 79.0629 80.5007 81.5498 96.1962 329.248 -107.617 92.6099 359.289 -108.881 79.8212 360.879 -108.45 66.5085 361.063 -112.533 56.5783 354.598 -119.512 81.4022 360.848 -143.663 13.309 8.22402 11.8578 
152.732 133.98 144.528 136.197 136.644 141.151 79.1393 79.2177 80.6258 81.3959 96.8008 328.565 -107.068 93.4906 358.894 -108.246 80.8198 360.446 -107.59 67.3856 360.668 -111.47 57.2812 354.187 -118.367 81.5888 360.454 -142.821 13.2152 8.19443 11.9006 
153.549 133.535 144.599 136.305 136.843 140.903 79.42 79.6059 81.0749 81.722 96.0066 327.759 -106.387 93.523 358.683 -107.088 80.8355 360.358 -106.394 67.4945 360.742 -110.24 57.3265 354.28 -117.187 81.6285 360.269 -141.721 13.1418 8.28868 11.8235 
153.368 133.118 144.301 136.047 136.516 140.34 79.617 79.7175 81.0114 81.1746 96.213 328.614 -105.431 93.6133 358.623 -105.881 81.0179 360.662 -105.151 67.4335 361.043 -108.975 57.0269 354.696 -115.987 81.3982 360.463 -140.701 12.9683 8.00549 12.058 
152.766 132.989 143.785 135.93 136.337 139.766 79.332 79.1306 80.2003 80.2667 96.0065 329.287 -104.495 93.0754 357.545 -104.257 80.4724 359.97 -103.835 66.5541 360.528 -107.935 55.9484 354.708 -115.158 81.1971 360.523 -139.492 12.7369 7.56698 12.2679 
152.378 133.456 143.642 136.151 136.251 139.807 79.1422 78.3944 79.5854 79.7052 93.3539 328.731 -103.683 91.1618 355.767 -102.185 78.7216 358.742 -102.454 64.7735 359.863 -107.064 54.3287 354.64 -114.759 80.9412 360.215 -138.078 12.7064 7.41492 12.7171 
151.167 134.008 143.394 137.282 137.304 139.069 78.8218 77.5157 78.8771 79.1326 86.7901 326.755 -103.099 86.9548 353.085 -100.211 74.7241 356.401 -101.735 61.4264 359.174 -107.719 51.5987 354.74 -116.477 80.8707 359.842 -136.792 12.6899 7.8939 12.8354 
150.072 134.171 143.407 138.368 138.081 138.721 77.9822 75.9706 77.5527 77.9939 83.2962 325.656 -103.584 84.536 350.889 -99.1562 72.6394 354.679 -101.591 59.6457 358.326 -108.211 50.1018 354.405 -117.491 80.7361 359.209 -135.722 12.6514 8.12393 13.3479 
149.549 135 143.602 139.245 138.659 138.698 77.4425 74.8721 76.6889 77.3935 81.7598 324.981 -104.068 83.1447 349.879 -98.4942 71.4077 353.863 -101.648 58.6906 357.919 -108.503 49.3516 354.239 -118.033 80.729 358.924 -135.015 12.7395 8.31042 13.4321 
149.871 135.115 143.166 139.338 138.7 138.862 77.3085 74.2849 76.1438 76.9681 80.7294 324.677 -103.712 81.9223 349.059 -97.7403 70.2421 352.98 -101.38 57.8012 357.478 -108.492 48.5642 354.133 -118.296 80.6091 358.646 -134.451 12.6883 8.49009 13.1879 
150.044 135.128 142.988 139.608 139.221 138.9 77.5769 74.5626 76.4458 77.399 79.1062 323.868 -102.893 80.6947 348.234 -96.8535 68.9568 351.796 -100.729 56.916 356.753 -108.113 47.8744 353.627 -118.266 80.5926 358.12 -133.777 12.5991 8.74117 12.6327 
149.679 135.227 142.549 140.159 139.811 139.908 77.7154 75.1343 76.4612 77.1325 75.6772 322.299 -102.936 77.0627 346.959 -97.0421 65.7808 350.479 -101.381 54.7578 356.476 -110.043 46.8877 353.964 -121.234 80.715 358.263 -133.44 12.8079 9.07542 12.6584 
149.46 135.45 142.938 140.554 140.162 140.331 78.0771 75.5383 76.8608 77.6248 75.8077 322.083 -102.027 76.6066 346.825 -96.2325 65.2233 350.285 -100.578 54.3463 356.146 -109.186 46.4559 353.567 -120.452 80.6087 357.854 -132.872 12.7841 9.03466 12.4419 
149.11 135.742 142.164 140.501 140.251 141.525 77.3305 75.8789 76.7678 77.1247 73.7433 320.571 -101.755 74.2831 346.131 -96.7876 63.0431 349.344 -101.375 52.9715 356.01 -110.898 46.1027 353.841 -122.846 80.683 358.01 -132.481 12.9992 9.27851 12.3233 
149.134 136.411 143.19 141.186 140.769 141.611 77.5778 75.7801 76.6597 77.2583 74.0161 320.406 -100.952 74.5406 346.317 -96.0628 63.2327 349.535 -100.664 52.9871 355.687 -109.992 45.9361 353.326 -121.76 80.5497 357.691 -131.935 13.0967 9.05235 12.2675 
150.165 136.433 142.309 140.635 141.097 142.812 76.6266 76.1865 76.8648 77.3178 72.0763 319.813 -100.554 73.2781 346.713 -96.4265 61.7746 349.241 -100.981 52.0219 356.251 -110.99 45.6662 354.329 -123.139 80.593 358.418 -131.637 13.0781 9.26075 11.891 
150.141 136.516 143.068 140.726 141.3 142.673 77.3838 76.2329 77.127 77.6804 72.9968 320.574 -99.1801 73.7638 347.608 -95.4178 62.3209 350.362 -99.9237 52.1343 356.391 -109.502 45.369 354.197 -121.429 80.4238 358.452 -131.043 12.9328 8.7828 12.0214 
150.558 136.415 143.261 140.506 141.172 142.955 77.9875 76.3695 77.5242 78.0403 74.1756 321.144 -97.8154 74.1249 348.362 -94.4854 62.865 351.515 -98.9015 52.3281 356.663 -108.05 45.258 354.141 -119.789 80.2596 358.422 -130.415 12.8372 8.46378 12.4116 
150.788 136.908 143.369 140.684 141.147 143.366 77.8807 76.1207 77.3173 77.7892 74.752 321.081 -96.8198 73.7332 348.952 -94.0222 62.6482 352.456 -98.5622 52.0841 357.113 -107.534 45.0555 354.41 -119.153 79.9662 358.334 -129.736 13.0518 8.36945 12.7066 
150.33 137.903 144.459 141.011 141.171 143.316 77.3036 75.0847 76.6143 77.3402 75.8201 322.044 -96.1213 74.5509 349.983 -93.6822 63.623 353.723 -98.1369 52.6075 357.884 -106.645 45.2817 354.925 -117.823 79.7689 358.629 -129.21 13.326 8.24327 13.2079 
149.957 138.788 144.806 141.151 141.055 142.92 76.8374 74.0174 75.7616 76.8036 76.1172 322.35 -96.041 74.9655 349.951 -93.1194 64.3227 354.064 -97.6462 52.9128 358.06 -105.919 45.3603 355.028 -116.764 79.46 358.682 -128.58 13.5522 8.08654 13.838 
149.56 139.322 145.794 141.385 140.465 142.771 76.683 73.1612 75.0739 76.3971 78.634 323.316 -96.1536 76.2391 350.668 -92.6324 65.7554 355.41 -97.2328 53.862 358.809 -104.883 45.6733 355.357 -115.203 79.1705 359.13 -128.195 13.6699 7.97637 14.5232 
149.028 140.362 146.196 141.512 140.69 142.232 77.0184 73.1929 75.0021 76.4346 77.2373 322.482 -96.5338 74.8428 349.883 -91.9349 64.6385 355.091 -97.0025 52.9633 358.213 -104.829 45.085 354.88 -115.324 78.737 358.697 -127.536 13.7869 7.97555 14.7993 
149.468 140.119 146.063 141.476 141.104 142.269 77.6464 73.7976 75.4194 76.8466 76.0902 322.122 -96.0465 73.454 349.684 -91.3553 63.4068 355.122 -96.6421 52.0452 358.296 -104.75 44.4069 355.097 -115.478 78.3699 358.836 -127.091 13.7183 8.01529 14.7512 
149.744 139.612 145.616 141.391 141.469 142.314 78.2186 74.5571 75.7736 76.961 73.5416 321.108 -95.634 71.027 349.04 -91.0415 61.1225 354.667 -96.7377 50.4506 358.046 -105.417 43.351 355.139 -116.689 77.9543 358.66 -126.58 13.6442 8.14035 14.4003 
149.339 139.289 145.562 141.494 141.744 142.189 78.8309 75.1921 76.209 77.3148 72.3397 321.093 -94.9746 69.9356 348.713 -90.3503 60.0757 354.376 -96.0851 49.6658 357.968 -105.062 42.8166 355.225 -116.549 77.7503 358.732 -126.006 13.5299 8.12353 14.2992 
148.995 138.845 145.598 141.432 141.827 142.066 78.8636 75.228 76.3305 77.5151 72.116 321.629 -94.6995 70.1206 349.211 -89.7968 60.1941 354.92 -95.4487 49.704 358.505 -104.278 42.7266 355.741 -115.666 77.6004 359.089 -125.551 13.4859 8.16284 14.3323 
147.606 138.534 146.511 141.574 141.948 140.854 78.3768 75.0684 76.3375 77.781 72.9717 323.106 -94.5837 72.1237 350.531 -88.9637 61.6786 356.003 -94.2159 50.6347 359.036 -102.498 43.153 355.967 -113.392 77.5495 359.522 -124.962 13.5072 8.06354 14.1698 
147.158 138.709 147.024 142.164 142.335 140.399 78.1331 74.6734 75.8526 77.219 71.0189 322.611 -95.6455 70.4594 349.945 -89.0163 60.2167 355.828 -94.7587 49.624 358.945 -103.372 42.5931 356.23 -114.698 77.3663 359.812 -124.455 13.5124 8.19664 14.2717 
146.896 138.781 147.194 142.78 142.916 140.308 77.6209 74.3566 75.7186 76.9333 70.6481 322.238 -95.6318 70.2688 349.994 -88.6089 59.9626 355.977 -94.5095 49.2819 358.886 -103.01 42.2889 356.189 -114.427 77.141 359.677 -123.741 13.4597 8.16304 14.1903 
146.828 138.971 147.601 143.12 143.166 140.385 77.1511 73.9547 75.4797 76.6954 70.8752 322.13 -95.113 70.537 350.146 -88.0871 60.148 356.144 -93.986 49.3013 358.829 -102.268 42.2109 356.071 -113.587 76.95 359.599 -123.06 13.4819 8.19223 14.245 
147.533 139.66 147.48 143.179 143.032 140.94 77.3468 74.0278 75.3942 76.5035 70.7724 321.591 -93.9429 69.8233 349.662 -87.3813 59.5688 355.726 -93.3588 48.8928 358.641 -101.852 41.9305 355.938 -113.275 76.7045 359.498 -122.34 13.4914 8.20644 14.3439 
147.977 139.863 147.225 142.753 142.643 141.235 77.9532 74.2516 75.6686 76.8566 70.9909 321.989 -92.6606 69.4529 349.594 -86.4358 59.3584 355.76 -92.404 48.7564 358.69 -100.826 41.7151 355.911 -112.252 76.511 359.783 -121.656 13.4148 8.34189 14.6078 
147.244 139.973 146.845 142.641 142.593 141.187 78.2351 74.4932 75.8925 77.0265 71.4508 322.411 -91.573 69.1193 349.797 -85.6665 59.0387 355.857 -91.5791 48.4486 358.734 -99.94 41.4094 355.906 -111.366 76.2166 359.919 -120.98 13.4124 8.38742 14.5597 
148.206 140.195 146.614 142.549 142.301 141.959 77.606 74.175 75.5995 76.7144 71.4835 322.747 -90.2028 69.0982 350.383 -85.1456 58.9276 356.338 -91.0607 48.4258 359.609 -99.5463 41.4744 356.792 -110.975 76.1594 360.679 -120.344 13.5516 8.4416 14.4514 
148.828 139.783 146.193 142.292 141.968 142.641 77.776 74.1567 75.7637 76.9525 72.9047 323.559 -88.6701 70.2393 351.226 -84.0166 60.0248 357.15 -89.7192 49.1869 360.455 -97.8961 41.8263 357.388 -109.021 76.1154 361.212 -119.668 13.5413 8.40538 14.5853 
148.471 139.999 146.18 142.378 142.111 142.519 77.556 73.8384 75.4724 76.6124 72.6411 323.674 -88.0878 69.9794 351.499 -83.2752 59.8996 357.373 -89.1186 49.1766 360.654 -97.3078 42.037 357.632 -108.49 76.1106 361.322 -118.689 13.745 8.52977 14.6334 
148.419 139.527 145.716 142.064 142.169 142.603 77.3211 73.931 75.4527 76.375 72.3439 323.913 -86.7888 69.5828 351.569 -82.6452 59.4875 357.392 -88.4799 49.0264 360.896 -96.9042 42.1552 357.975 -108.269 76.2216 361.571 -117.72 13.7254 8.65967 14.6092 
148.005 139.101 145.782 142.263 142.28 142.609 77.1223 73.7192 75.3707 76.3641 73.2104 325.01 -85.3365 70.2414 352.436 -81.7242 60.0975 358.272 -87.4678 49.4165 361.632 -95.7108 42.3274 358.523 -106.878 76.2766 362.035 -116.773 13.7287 8.59553 14.7164 
148.744 139.937 145.654 142.064 141.907 142.868 76.2908 73.2093 74.9089 75.805 73.4825 325.313 -84.074 70.3308 353.351 -81.1302 60.0342 358.935 -86.9993 49.46 362.435 -95.2293 42.4214 359.359 -106.392 76.2265 362.581 -115.846 13.8468 8.74972 14.3418 
149.027 140.694 146.518 142.48 142.22 142.918 76.1001 73.2723 74.76 75.6034 73.4251 325.478 -83.1521 70.3919 353.56 -80.1802 59.8814 358.975 -85.9026 49.3009 362.502 -94.2681 42.3291 359.55 -105.456 76.1761 362.778 -114.846 13.8684 8.65294 14.1351 
148.854 140.776 146.889 143.047 142.793 142.667 76.2692 73.5233 74.9393 75.6607 74.0243 325.341 -81.9852 70.4648 353.329 -79.0191 59.8341 358.627 -84.6672 49.1681 361.956 -92.9946 42.2295 358.989 -104.219 76.1495 362.401 -113.717 13.8496 8.54511 13.9785 
149.065 140.949 146.998 143.107 142.946 142.634 75.7 73.4089 74.8126 75.4642 74.1963 325.226 -80.5178 70.6611 353.332 -78.4074 59.82 358.482 -83.95 49.1799 361.79 -92.303 42.3409 358.883 -103.557 76.2175 362.333 -112.844 13.8767 8.56674 13.8312 
148.927 140.488 147.187 143.169 143.325 142.494 74.7422 72.9496 74.5457 75.2207 74.2886 325.843 -79.1504 71.0915 353.969 -77.9562 60.0027 359.017 -83.4109 49.3461 362.18 -91.6195 42.6644 359.348 -102.843 76.303 362.598 -111.947 14.03 8.674 13.7779 
149.034 140.334 147.745 143.336 143.161 142.367 74.0815 72.2596 74.0582 74.9853 75.6685 327.223 -77.9895 72.8204 355.172 -77.3644 61.5445 360.325 -82.587 50.5269 363.188 -90.2923 43.3228 360.037 -101.101 76.4268 363.315 -111.343 14.093 8.76147 14.0491 
149.239 140.144 148.005 143.548 143.461 142.021 73.766 72.1528 73.9687 74.9259 76.7403 327.812 -77.1004 73.7314 355.731 -76.7983 62.2681 360.768 -81.8442 51.0367 363.183 -89.3325 43.6763 359.954 -100.029 76.6763 363.521 -110.609 14.0101 8.68159 14.0145 
149.319 139.928 147.893 143.468 143.815 141.873 73.873 72.4502 74.1423 75.076 76.6993 327.591 -76.3163 73.2345 355.687 -76.358 61.7153 360.496 -81.4554 50.7734 362.851 -89.1191 43.7056 359.83 -100.04 76.8919 363.664 -109.848 13.9201 8.8224 13.7601 
149.779 139.578 148.002 143.655 144.125 141.858 73.9464 72.5277 74.2589 75.2445 77.5175 328.188 -75.3707 73.7013 356.428 -75.7455 62.0436 361.017 -80.8117 51.0352 363.184 -88.3358 43.8777 360.069 -99.1857 77.0349 364.023 -109.236 13.8488 8.8448 13.5191 
149.728 139.44 148.337 143.908 144.673 141.387 73.8461 72.5364 74.3928 75.4141 79.2307 329.505 -73.7456 74.9478 357.73 -74.9292 62.9835 361.795 -79.6997 51.6263 363.52 -86.8205 44.1532 360.055 -97.3376 77.1304 364.191 -108.365 13.7634 8.77407 13.2085 
149.206 138.84 148.332 143.692 144.629 141 73.6731 72.8548 74.6737 75.7678 79.1681 330.394 -72.7309 75.2313 358.593 -74.1423 63.0054 362.3 -78.5997 51.5702 363.876 -85.7373 44.0925 360.238 -96.1291 77.1081 364.408 -107.478 13.7423 8.67482 12.9846 
148.278 139.404 148.259 143.734 144.67 140.363 73.4117 72.7787 74.5734 75.7934 79.4909 330.89 -71.7787 75.4453 358.703 -73.481 63.072 362.053 -77.697 51.5019 363.561 -84.8297 44.0556 359.879 -95.0924 76.9123 364.21 -106.745 13.85 8.57864 12.8905 
147.465 139.457 148.259 143.472 144.219 140.201 72.7797 72.2239 74.3489 75.6886 80.3754 331.765 -70.7184 76.1534 359.393 -73.1449 63.5681 362.469 -77.0789 51.7509 363.795 -83.7039 44.1594 359.992 -93.6783 76.4893 364.113 -106.097 14.0259 8.68606 12.822 
146.734 139.282 148.294 143.176 143.817 140.57 72.2011 71.6343 73.9882 75.4494 80.8974 332.243 -70.4787 76.2412 359.785 -73.1791 63.6642 362.897 -77.0689 51.7671 364.084 -83.4253 44.3027 360.363 -93.3008 76.1501 364.252 -105.784 14.375 8.80135 13.0107 
145.89 138.519 148.709 143.173 143.764 140.952 71.3384 71.0351 73.709 75.3329 81.4132 333.356 -70.4478 76.723 360.819 -73.3767 64.0589 364.009 -77.154 51.9777 364.921 -83.104 44.3565 361.088 -92.7773 75.7981 364.751 -105.576 14.4858 8.86962 13.1111 
145.539 138.62 148.894 143.214 143.835 141.206 70.912 70.7215 73.4581 75.196 80.2196 333.258 -70.8385 75.8279 360.922 -73.3784 63.2318 364.205 -77.2955 51.2463 365.221 -83.3748 43.7751 361.561 -93.1481 75.3464 364.987 -105.413 14.5826 8.92423 13.1422 
146.714 139.308 148.281 142.895 143.934 142.052 71.4481 70.778 73.301 74.8536 78.5168 331.677 -70.8888 73.4823 359.944 -73.0573 61.2733 363.45 -77.6795 49.7208 364.735 -84.3114 42.795 361.5 -94.5519 74.8162 364.986 -105.307 14.7344 9.0494 13.1492 
147.145 139.908 147.866 142.907 144.153 142.866 71.9124 70.7638 72.8969 74.1973 76.8522 330.639 -71.199 71.0258 359.261 -73.1267 59.2496 363.066 -78.516 48.2558 364.579 -85.7787 41.9452 361.765 -96.5579 74.3536 365.245 -105.383 14.8922 9.21745 13.1987 
148.345 140.454 147.135 142.55 143.981 143.96 72.4385 70.9409 72.7551 73.5574 74.9338 329.207 -71.5934 68.4568 358.486 -73.4404 57.1752 362.578 -79.6095 46.8962 364.471 -87.5203 41.3481 362.097 -98.9303 73.9695 365.746 -105.613 15.0327 9.42834 13.0909 
149.284 140.477 146.951 142.62 144.216 144.897 72.9508 71.0549 72.6329 73.186 73.6425 328.44 -71.9764 66.6905 357.935 -73.8227 55.8032 362.455 -80.4493 45.9566 364.613 -88.7155 40.7812 362.542 -100.477 73.5556 366.321 -105.92 14.9867 9.5362 13.2629 
150.196 140.569 146.756 142.981 144.349 145.661 73.5099 71.0327 72.4941 72.7735 73.2248 328.312 -72.3376 65.6258 357.882 -74.1309 55.1126 362.904 -81.0389 45.4115 365.214 -89.3821 40.2845 363.206 -101.33 73.1594 367.08 -106.288 14.9354 9.59084 13.5782 
150.298 140.136 146.714 143.162 144.456 145.474 73.4563 70.7678 72.3373 72.4203 72.785 329.19 -72.6692 65.4184 358.679 -74.6723 55.0307 363.844 -81.5838 45.2603 366.137 -89.8461 39.97 364.087 -101.907 72.9078 368.217 -106.721 14.7538 9.61129 13.7795 
150.575 139.413 146.634 143.044 144.311 145.032 73.9654 71.1995 72.5526 72.3868 71.5328 329.73 -73.4611 64.4048 358.897 -75.078 54.1012 364.235 -82.0241 44.5777 366.732 -90.5264 39.3188 364.831 -102.857 72.6141 369.32 -107.098 14.3806 9.5848 13.8085 
151.143 139.034 146.546 143 144.32 145.054 74.7935 71.6834 72.8802 72.564 70.8683 330.119 -74.2119 63.388 359.126 -75.3366 53.1967 364.565 -82.2904 43.8596 367.281 -90.8554 38.4655 365.513 -103.346 72.112 370.268 -107.486 13.9849 9.62996 13.739 
151.605 139.208 146.402 143.011 144.314 145.145 75.5447 71.8722 72.8935 72.5404 70.6661 330.392 -74.7064 62.2705 359.206 -75.5014 52.2804 364.822 -82.5946 43.1321 367.775 -91.188 37.6464 366.133 -103.758 71.4615 371.006 -107.808 13.8215 9.74364 13.7626 
152.306 139.385 146.468 143.159 144.414 145.591 76.1553 72.2149 73.0055 72.5085 68.9072 329.906 -75.9081 60.6891 358.693 -75.9898 50.8889 364.764 -83.3316 42.1348 368.23 -92.1308 36.8341 366.878 -104.924 70.8463 371.785 -108.232 13.6597 9.83951 13.7841 
151.907 139.024 146.214 142.967 144.22 145.649 76.8677 72.7683 73.3901 72.8313 66.5731 330.542 -76.9623 58.7548 359.098 -76.6102 49.2835 365.356 -83.9684 40.8641 369.208 -93.1172 35.7677 368.05 -106.197 70.1646 373.099 -108.585 13.3236 9.73616 13.9464 
151.28 139.488 146.063 142.974 143.937 145.515 77.4261 73.0036 73.5797 73.0215 65.4267 331.24 -77.6335 57.4863 359.514 -76.7523 48.2232 365.794 -84.1768 39.8301 369.656 -93.4203 34.7112 368.449 -106.576 69.3352 373.907 -108.777 13.1481 9.65947 14.0382 
150.978 139.431 145.513 142.486 143.609 145.462 77.9794 73.4864 73.9756 73.2803 63.582 331.408 -78.3831 55.3884 359.487 -77.0412 46.4251 365.895 -84.6694 38.4199 370.079 -94.0631 33.4634 369.16 -107.497 68.4122 374.484 -108.905 12.7885 9.72569 13.8372 
150.922 139.362 145.09 142.063 143.312 145.317 78.8519 74.4598 74.5324 73.646 60.8072 331.156 -79.1871 52.4307 359.155 -77.7678 43.9004 365.88 -85.6966 36.7374 370.659 -95.4927 32.4149 370.21 -109.313 67.6161 375.158 -108.96 12.5193 9.79837 13.5797 
149.886 139.481 145.568 142.036 143.093 144.51 79.3217 74.7902 74.7373 74.0416 59.567 331.682 -79.5361 51.5247 359.325 -77.6505 42.9855 365.87 -85.6219 35.8143 370.564 -95.5744 31.3554 370.06 -109.406 66.8437 375.41 -108.951 12.2764 9.63191 13.3956 
149.138 139.454 145.625 141.8 142.924 143.941 79.9398 74.8562 74.7531 74.1482 59.2819 332.322 -79.8028 50.3844 359.201 -77.7661 42.1279 366.064 -85.87 35.0748 370.795 -95.8299 30.48 370.378 -109.73 66.1434 375.782 -109.098 12.044 9.67766 13.5423 
148.346 139.135 146.325 141.912 142.963 143.558 79.8823 74.2435 74.1934 74.1158 59.1859 333.825 -80.9585 49.9979 359.683 -78.0599 41.9145 367.198 -86.2663 34.751 371.927 -96.2271 29.7331 371.408 -109.959 65.5826 376.846 -109.371 11.9075 9.65378 14.1093 
148.006 138.667 146.281 141.765 142.825 143.293 79.6568 73.8399 73.8887 73.8995 59.6678 335.259 -81.1804 50.2551 360.597 -78.1159 42.0797 368.287 -86.2211 34.6257 373.111 -96.0698 29.1938 372.453 -109.645 65.0393 378.047 -109.684 11.8379 9.63515 14.4039 
148.181 138.29 145.737 141.49 142.641 143.225 79.4667 73.7222 73.8788 73.5975 59.4517 335.791 -81.5798 50.3677 361.216 -78.0226 42.0371 368.999 -86.0206 34.2479 373.676 -95.7695 28.5929 372.952 -109.336 64.4268 378.518 -109.861 11.7757 9.47584 14.4919 
147.672 137.742 144.988 140.624 141.974 143.026 79.6652 74.0696 74.1709 73.5467 57.7453 336.077 -81.8633 48.9274 361.579 -78.5482 40.7979 369.18 -86.4909 33.2668 374.106 -96.4146 27.8981 373.742 -110.257 63.8162 379.037 -110.047 11.5202 9.4113 14.2615 
147.668 137.387 144.863 140.378 141.817 143.05 79.715 74.131 74.2148 73.5819 55.9744 336.427 -82.3954 47.6276 361.891 -79.1623 39.7461 369.68 -87.0862 32.4411 374.906 -97.1386 27.2363 374.811 -111.106 63.2456 379.7 -110.321 11.3673 9.37835 14.3499 
147.94 136.927 144.606 140.002 141.793 143.046 80.3362 74.7086 74.7408 74.1427 54.7597 337.08 -83.1654 46.0666 362.513 -79.9704 38.4565 370.584 -87.8814 31.4719 376.023 -97.9671 26.4502 376.207 -112.053 62.6416 380.69 -110.835 11.1559 9.42838 14.3805 
148.792 136.905 144.612 139.519 141.421 143.313 81.5322 75.8697 75.5618 74.6887 52.8927 336.97 -84.0788 44.1225 362.319 -80.8231 36.6623 370.547 -88.6812 30.2542 376.365 -98.8948 25.7875 377.064 -113.206 62.0838 381.431 -111.231 10.9872 9.5046 14.1814 
149.315 137.009 144.457 139.122 141.228 143.571 82.5238 77.0241 76.6335 75.6021 51.6279 336.605 -84.3214 42.9761 362.138 -80.9522 35.4321 370.249 -88.6519 29.131 376.246 -98.8897 24.8442 377.166 -113.259 61.4361 381.551 -111.515 10.8398 9.40247 13.9048 
149.228 136.535 144.302 138.793 140.975 143.489 83.3416 77.8598 77.3244 76.1908 49.6433 336.692 -84.8327 41.5699 361.836 -81.2894 34.1202 370.079 -88.8889 28.0863 376.477 -99.2977 24.1294 377.605 -113.761 60.8746 381.953 -111.629 10.7333 9.3133 13.9442 
149.488 136.388 143.995 138.643 140.824 143.592 83.2512 77.8964 77.449 76.35 49.3784 337.069 -84.7063 41.9367 362.124 -80.8563 34.1846 370.227 -88.2969 27.7935 376.797 -98.6106 23.5267 377.723 -112.891 60.3076 382.215 -111.82 10.8273 9.30517 13.9661 
149.549 136.643 143.887 138.349 140.53 143.445 83.4631 78.2233 77.7063 76.4375 47.5063 336.979 -85.5232 40.2058 362.204 -81.2096 32.4913 370.243 -88.675 26.3446 377.011 -98.9712 22.3169 378.206 -113.351 59.1458 382.545 -111.799 10.7537 9.34505 13.6969 
149.185 137.087 144.518 138.455 140.632 143.208 82.4892 77.805 77.4335 76.1491 46.8828 336.692 -86.6431 40.0899 362.433 -81.7161 32.0733 370.242 -89.3446 25.9597 376.734 -99.5747 22.0852 378.192 -114.005 58.8133 382.612 -111.756 10.6452 9.33237 13.2387 
148.79 137.175 144.788 138.417 140.357 143.035 82.3406 78.0215 77.5921 76.0708 45.4609 336.36 -87.9593 39.1708 361.98 -82.5087 31.0646 369.797 -90.33 25.2763 376.453 -100.642 21.9227 378.299 -115.224 58.498 382.803 -111.722 10.5676 9.29825 12.8677 
148.014 137.815 145.287 138.657 140.355 142.301 82.5129 78.3744 77.807 76.2007 44.9935 336.141 -88.3988 38.5436 361.417 -82.5756 30.2958 368.936 -90.4634 24.643 375.575 -100.836 21.5062 377.591 -115.489 58.0791 382.554 -111.566 10.5694 9.24721 12.4834 
147.099 137.903 145.76 138.767 140.367 141.933 82.28 78.2564 77.6361 76.1775 45.5481 336.587 -88.0149 38.7484 361.942 -82.1831 30.1739 368.952 -90.0289 24.3055 375.43 -100.374 20.8804 377.365 -114.919 57.5464 382.716 -111.564 10.5838 9.21751 12.1528 
146.417 137.492 145.748 138.546 140.379 141.667 82.411 78.4157 77.8462 76.4875 45.1513 336.795 -88.1593 38.2847 362.217 -82.0745 29.6848 369.247 -89.9063 23.8074 375.656 -100.185 20.3014 377.64 -114.691 57.0859 382.813 -111.478 10.5283 9.21196 12.0319 
145.125 137.344 145.541 138.557 140.527 140.833 82.5355 78.3727 77.9616 76.7244 45.2274 337.786 -88.1861 38.3864 362.787 -81.3852 29.7466 369.686 -89.1054 23.519 375.916 -99.331 19.6561 377.683 -113.742 56.6125 382.948 -111.433 10.5251 9.10427 12.0684 
143.992 136.941 145.275 138.375 140.701 140.221 82.6202 78.6644 78.3495 77.1175 44.6929 338.519 -88.1699 38.0965 363.507 -81.2089 29.4305 370.233 -88.8235 23.1238 376.186 -99.0687 19.2575 377.838 -113.486 56.2959 383.125 -111.386 10.5224 9.02829 12.0501 
144.037 136.721 145.139 138.133 140.562 140.647 83.1791 79.4052 78.9475 77.4749 43.7597 338.787 -88.1606 36.9638 363.67 -81.6086 28.3944 370.362 -89.2044 22.4084 376.458 -99.5963 19.0081 378.318 -114.141 56.0026 383.781 -111.352 10.475 8.99971 12.0408 
144.068 136.101 145.293 138.129 140.385 141.15 82.6166 79.1276 78.809 77.1962 43.9382 339.276 -87.7823 37.3819 364.612 -81.3355 28.5412 371.251 -88.8328 22.3022 377.055 -99.1608 18.7314 378.764 -113.716 55.6547 384.21 -111.368 10.5059 8.97629 12.0407 
144.935 135.221 145.387 138.408 140.738 141.708 81.2304 78.2753 78.2749 76.5376 44.7927 339.641 -87.2544 38.8163 365.937 -80.7412 29.4232 372.162 -88.1387 22.5499 377.647 -98.3273 18.5582 379.142 -112.783 55.2852 384.576 -111.347 10.5706 8.83493 11.7611 
145.835 134.836 145.226 138.562 140.905 142.032 80.2767 77.7033 77.9248 76.0541 44.8716 339.798 -86.9138 39.6512 366.788 -80.3465 29.9201 372.82 -87.6267 22.6102 378.049 -97.7056 18.3679 379.362 -112.096 54.9301 384.755 -111.247 10.6797 8.71945 11.6436 
147.103 135.104 144.926 138.723 141.071 142.656 79.7153 77.204 77.5957 75.6995 46.2593 339.909 -85.8448 40.9555 367.35 -79.5979 30.9418 373.134 -86.5812 22.998 378.1 -96.4456 18.2553 379.109 -110.645 54.637 384.867 -111.138 10.8503 8.59208 11.7257 
147.776 135.959 144.784 139.051 141.251 143.166 79.6056 76.8805 77.3815 75.2831 46.5563 339.789 -85.4671 41.2936 367.231 -79.0708 31.325 373.063 -85.8998 23.0142 378.044 -95.6654 18.0741 378.979 -109.822 54.3283 384.785 -110.948 10.9405 8.4418 11.9307 
147.867 136.032 144.594 139.185 141.132 143.146 78.9376 75.9414 76.6182 74.539 46.64 339.829 -85.1015 42.0925 367.338 -78.5383 32.0945 373.113 -85.2649 23.321 377.992 -94.8622 17.9495 378.721 -108.874 53.9999 384.461 -110.731 11.0285 8.34316 12.0976 
147.899 136.181 144.53 139.391 141.147 143.026 78.4172 75.3522 76.0618 73.9473 46.0077 339.909 -85.3412 42.4011 367.417 -78.4603 32.4333 373.222 -85.1335 23.4969 378.298 -94.7258 18.0006 379.042 -108.687 53.9194 384.538 -110.614 11.0803 8.24966 12.2119 
148.24 136.489 144.309 139.336 140.969 142.645 78.6631 75.426 75.9086 73.7545 44.6707 339.838 -85.5797 41.419 366.989 -78.6252 31.6714 372.977 -85.3776 23.0195 378.453 -95.176 17.7769 379.456 -109.223 53.7992 384.717 -110.472 11.0745 8.22954 12.3049 
148.398 137.402 144.509 139.495 140.886 142.476 79.1321 75.8407 76.0488 73.7892 43.9509 339.492 -85.728 40.5818 366.408 -78.7878 30.9524 372.537 -85.6559 22.6621 378.301 -95.5828 17.7191 379.509 -109.731 53.7516 384.722 -110.39 11.1095 8.31655 12.2235 
148.558 137.724 144.585 139.705 140.952 142.315 79.4891 76.1618 76.1679 74.1219 43.1768 339.235 -85.6368 39.9563 365.831 -78.8822 30.5006 372.169 -85.6812 22.3888 378.241 -95.8397 17.617 379.508 -109.986 53.7981 384.756 -110.204 11.1177 8.21064 12.4942 
148.535 137.944 144.843 139.914 140.966 142.366 79.8717 76.4972 76.3146 74.3468 42.8145 338.892 -85.3814 39.6628 365.403 -78.7693 30.2357 371.777 -85.4711 22.2694 378.102 -95.7095 17.5827 379.413 -109.851 53.8397 384.676 -109.951 11.1451 8.23316 12.5822 
148.59 137.482 144.896 139.875 140.991 142.398 79.9676 76.6268 76.4628 74.6673 42.6991 339.102 -85.2123 39.8397 365.804 -78.5187 30.3429 372.061 -85.2051 22.4098 378.427 -95.3938 17.7207 379.699 -109.458 53.965 384.956 -109.718 11.1894 8.32212 12.5147 
148.563 137.234 145.077 139.858 141.23 142.319 80.2945 76.9448 76.7919 75.2107 42.1667 339.412 -85.4893 39.5894 366.158 -78.0779 30.0993 372.338 -84.8947 22.2876 378.79 -95.0947 17.6583 380.11 -109.108 54.0466 385.214 -109.354 11.1369 8.35116 12.2782 
148.207 136.125 145.596 139.908 141.619 142.106 80.0908 77.1455 77.0419 75.7255 40.8945 339.846 -85.9142 39.3928 366.776 -77.8874 29.774 373.009 -84.7139 22.1268 379.506 -95.0058 17.6877 380.927 -108.992 54.1853 385.724 -108.864 11.1255 8.30185 12.1664 
148.268 134.659 145.544 139.786 141.596 142.107 79.6049 76.8774 76.9517 75.9347 41.2473 340.834 -85.1456 40.3212 367.992 -77.2415 30.4174 374.229 -83.892 22.53 380.622 -94.0046 17.7775 381.794 -107.786 54.2716 386.488 -108.401 11.2372 8.36232 12.2287 
147.632 133.786 146.223 140.118 142.402 141.463 78.4702 76.0708 76.4721 76.1249 41.9523 342.696 -84.6327 42.1237 370.046 -76.2032 31.7136 375.98 -82.7163 23.2266 381.924 -92.6051 17.7976 382.598 -105.967 54.2946 387.307 -107.929 11.4057 8.24783 12.0125 
147.81 133.061 146.805 140.491 143.401 140.728 77.507 75.2231 75.9531 76.5046 42.9119 345.07 -83.6331 43.8945 372.667 -74.2753 33.2196 378.48 -80.5716 24.1557 383.869 -90.1612 17.903 383.944 -103.018 54.3627 388.507 -106.622 11.5458 8.20701 12.1274 
147.947 132.227 147.231 140.964 143.511 140.232 76.0324 73.9385 75.3685 76.5706 46.6903 347.301 -82.4508 48.268 375.415 -72.4791 36.8308 380.808 -78.0793 26.2335 385.027 -86.6096 18.4944 383.948 -98.4373 54.1074 389.002 -106.028 11.8889 8.00159 12.1456 
149.956 131.908 147.041 140.44 142.454 140.779 75.2211 73.5343 75.2689 76.6139 50.343 348.677 -80.334 51.6163 377.335 -71.2962 39.4789 382.132 -75.9974 27.9935 385.6 -83.5439 19.3337 383.66 -94.5103 53.8486 389.237 -105.396 12.1643 8.04451 12.1013 
150.358 131.795 146.667 139.905 141.432 140.799 74.9661 73.4176 75.3808 76.6126 52.9799 349.683 -79.0244 54.1332 378.459 -70.4144 41.6174 382.862 -74.4493 29.5114 385.718 -81.1303 20.2423 383.207 -91.4504 53.5882 389.025 -104.802 12.2748 8.05806 12.0686 
151.188 131.303 146.081 139.282 140.691 141.199 74.6071 73.4011 75.4063 76.4664 53.9783 350.598 -78.3845 54.8923 379.629 -70.0479 42.2676 383.924 -73.7601 29.9105 386.643 -80.2038 20.4369 384.032 -90.3195 53.2807 389.442 -104.448 12.2606 7.95101 12.0292 
152.513 131.637 146.171 139.544 140.69 141.634 73.9547 72.955 74.8413 75.8216 53.3741 350.21 -78.529 54.3386 379.707 -69.9904 41.6857 384.079 -73.8507 29.3605 387.031 -80.5334 20.054 384.714 -90.8243 52.9918 389.861 -104.121 12.3777 7.84289 11.8833 
152.834 133.669 146.882 140.418 142.977 143.032 73.8849 74.3173 75.2855 76.2315 50.9963 349.185 -78.6759 51.3724 378.734 -69.9614 38.5172 383.808 -74.1324 27.2092 387.717 -82.1446 19.0149 386.454 -93.3609 52.933 391.035 -103.78 12.4309 7.81702 11.5344 
153.994 136.05 147.444 140.877 144.845 144.688 74.1204 75.6565 75.9352 77.076 49.1994 348.705 -78.5393 49.3651 378.335 -69.9873 36.2912 384.034 -74.2614 25.8424 388.686 -83.0242 18.498 388.139 -94.6709 52.9538 392.323 -103.536 12.5845 7.88794 11.366 
153.779 136.799 146.825 140.655 143.937 144.517 75.34 76.0285 76.3818 77.3252 49.4107 348.25 -77.5319 49.7257 377.446 -68.8534 36.9745 382.665 -72.8323 26.251 387.522 -81.4045 18.7594 386.945 -93.0537 52.988 391.908 -102.798 12.5322 7.87127 11.651 
151.975 137.441 146.003 140.224 142.78 143.165 76.1518 75.8118 76.4519 77.4251 51.2749 349.234 -75.7527 52.0124 377.789 -67.3846 39.3874 382.406 -70.9273 27.9266 386.775 -78.723 19.6262 385.588 -89.8505 52.9196 391.262 -102.11 12.5163 7.93668 11.852 
150.514 137.556 145.145 140.093 142.049 142.126 76.3123 75.2173 75.9036 76.5907 50.8326 349.765 -75.2943 52.3249 378.051 -66.8029 39.9515 382.277 -70.5005 28.3577 386.769 -78.1824 19.9204 385.49 -89.2808 53.0058 391.106 -101.586 12.5277 8.01122 11.851 
148.081 137.514 145.341 140.39 141.714 140.424 76.089 74.5463 75.293 76.2431 50.768 350.801 -75.4447 53.2349 378.408 -66.3609 40.8013 382.204 -70.0309 29.0107 386.518 -77.5041 20.3669 384.973 -88.2839 53.2243 390.878 -101.067 12.6594 8.07917 11.795 
146.968 137.033 146.227 141.205 142.085 139.718 75.7013 74.0774 74.8033 76.0087 49.285 351.026 -76.0251 52.5717 378.221 -66.0502 40.1806 382.056 -69.8854 28.4979 386.443 -77.6265 20.1139 384.938 -88.4536 53.3526 390.814 -100.429 12.86 8.00659 11.9113 
147.284 136.629 146.703 141.323 142.059 139.774 75.4837 73.9425 74.7859 75.9888 50.6643 351.126 -74.6073 53.5135 378.436 -65.4934 40.822 381.96 -69.0248 28.8689 386.029 -76.4447 20.243 384.288 -87.0579 53.2872 390.502 -99.8616 12.8689 7.9716 11.7446 
147.306 135.743 146.656 141.069 141.476 139.702 75.2575 73.7366 74.8974 76.0314 52.8349 351.996 -72.8214 55.1963 379.195 -64.806 42.289 382.427 -67.8989 29.8651 385.915 -74.6969 20.7435 383.682 -84.9173 53.1627 390.214 -99.3075 12.7934 7.90284 11.7072 
147.508 135.097 146.08 140.816 141.007 139.718 75.2894 73.3935 74.8317 75.7682 54.6164 352.329 -71.7325 55.8535 379.229 -64.3165 43.0423 382.513 -67.3568 30.3276 385.636 -73.667 20.8641 383.201 -83.6814 52.8603 389.822 -98.9141 12.6933 7.84682 11.8563 
