152.53 148.732 152.379 150.235 156.628 144.763 92.9218 98.404 101.906 108.881 -26.8656 313.398 10.2303 -32.5573 334.706 37.6598 -28.3453 326.377 37.7265 -13.0566 323.996 34.2703 -3.15431 328.354 28.8185 -10.6813 367.982 20.1791 13.1283 4.96809 15.0584 
152.891 148.821 152.011 149.454 155.714 145.203 93.2368 98.333 101.787 108.964 -26.7734 313.36 10.0579 -32.0753 334.241 37.5454 -27.4667 325.988 37.3036 -12.2208 324.049 33.9507 -2.5343 328.523 28.4497 -10.8113 368.202 20.2911 13.2057 5.02615 14.7727 
153.053 148.975 151.72 148.815 154.862 145.301 93.3643 97.8363 101.309 108.656 -26.4914 313.334 9.92227 -31.9393 334.081 37.4661 -26.9582 326.077 37.0824 -11.7822 324.351 33.8665 -2.21755 328.716 28.2268 -10.9441 368.325 20.3415 13.2408 5.10708 14.499 
153.339 149.125 150.796 147.524 153.452 145.545 93.5674 97.1852 100.464 108.03 -26.0965 313.265 9.7478 -31.711 333.822 37.2876 -26.1556 326.158 36.6323 -11.0437 324.746 33.4646 -1.65761 329.046 27.7584 -11.115 368.543 20.3825 13.3306 5.20898 14.05 
153.571 149.37 149.449 145.894 151.989 145.57 93.3385 96.0487 99.4568 107.03 -25.7684 313.315 9.30017 -31.3148 333.728 36.9562 -25.2441 326.602 36.1736 -10.2335 325.444 33.1706 -1.04768 329.769 27.4203 -11.3254 368.715 20.3389 13.5004 5.3568 13.7759 
153.611 149.669 147.969 144.147 150.548 145.526 93.0902 94.8098 98.2138 105.843 -25.3216 313.539 9.19923 -31.2316 333.726 36.4761 -24.527 327.352 35.8056 -9.57769 326.434 33.0007 -0.53862 330.731 27.313 -11.5277 369.06 20.2742 13.6649 5.49609 13.4213 
153.533 149.887 146.324 142.407 148.866 145.299 92.4165 93.0241 96.2699 103.78 -24.8313 313.963 9.06971 -30.9454 334.095 36.0853 -23.4796 328.709 35.6921 -8.65065 328.223 33.2329 0.194931 332.318 27.3618 -11.8145 369.505 20.1757 13.9025 5.77507 13.1178 
153.521 150.188 145.758 141.599 147.906 145.213 92.0255 91.7238 94.9356 102.614 -24.8369 314.366 9.08259 -31.2798 334.558 35.7345 -23.3219 329.754 35.4399 -8.67719 329.39 33.2169 0.125476 333.241 27.3345 -12.0937 369.892 20.0536 14.0307 6.08138 12.8813 
153.432 150.329 145.263 141.142 147.105 145.187 91.4562 90.2279 93.5213 101.347 -24.9332 314.939 8.89286 -31.6581 335.195 35.3083 -23.3029 331.095 35.2367 -8.82993 330.806 33.2925 -0.0806363 334.346 27.2998 -12.511 370.342 19.868 14.1765 6.39541 12.8588 
153.246 150.393 144.65 140.705 146.339 145.178 90.8973 89.1336 92.4938 100.394 -25.1907 315.525 8.55733 -31.9924 335.756 34.7648 -23.4254 332.099 34.856 -9.03169 331.944 33.2362 -0.294956 335.301 27.1762 -12.854 370.76 19.6688 14.301 6.62853 12.934 
152.937 150.301 144.015 140.853 145.845 145.068 90.3216 88.0641 91.4192 99.2399 -25.4952 316.135 7.98897 -31.8977 336.18 34.3961 -23.1505 333.179 34.7263 -8.85885 333.462 33.5719 -0.21149 336.553 27.1692 -13.3484 371.081 19.4474 14.4431 6.98724 13.1417 
152.543 150.153 142.958 140.478 146.031 145.154 89.8717 87.2895 90.5495 98.6363 -26.4115 316.442 7.67048 -31.9422 336.357 34.0811 -22.9456 333.828 34.4634 -8.81632 334.673 33.8529 -0.395055 337.378 27.2122 -13.8896 371.209 19.1832 14.7046 7.49715 13.1269 
152.208 149.988 142.459 139.617 146.01 145.135 89.7459 86.564 89.366 98.1401 -26.9534 316.953 7.32261 -32.0346 336.418 33.4329 -22.6122 334.476 33.8913 -8.61249 335.898 33.4586 -0.52834 338.268 26.8863 -14.52 371.623 18.8906 15.0711 7.87277 12.9962 
152.177 149.964 141.8 138.367 146.381 145.425 90.1961 86.807 89.5153 99.0193 -27.9388 317.769 6.73502 -32.545 336.734 32.9855 -22.8291 334.809 33.1073 -9.0014 336.707 32.9225 -1.26861 339.035 26.5904 -15.4155 372.405 18.5445 15.3114 8.25398 12.5493 
152.317 150.42 142.431 138.733 147.453 145.899 90.55 86.9829 89.7157 99.669 -29.8468 319.677 5.70257 -33.9653 338.244 32.3305 -24.1519 336.308 32.3658 -10.4052 338.406 32.3706 -3.02738 340.797 26.2268 -17.1263 374.101 17.9561 15.6066 8.43742 12.4187 
151.982 150.376 143.4 139.957 148.483 145.768 90.0065 86.8165 89.8563 100.009 -31.3128 320.786 5.44063 -34.8716 339.696 32.2832 -25.4194 337.426 32.3285 -11.556 339.119 32.166 -4.07496 341.336 25.9619 -17.8373 374.976 17.6957 15.4627 8.15197 12.7139 
152.057 150.458 143.862 140.344 149.281 145.632 89.6532 86.8347 89.7319 100.149 -32.4113 321.573 5.42022 -35.6141 340.687 32.2752 -26.4339 338.174 32.2436 -12.3623 339.789 31.7941 -4.83217 341.84 25.5409 -18.6976 375.779 17.5884 15.3623 7.82035 12.9173 
152.565 150.175 144.456 141.011 150.323 145.919 89.7382 87.3254 90.1844 100.623 -34.0083 322.08 5.42254 -36.4406 341.234 32.3041 -27.461 338.439 32.2851 -13.255 339.895 31.6698 -5.61895 341.888 25.3965 -19.4145 376.287 17.3498 15.2051 7.51592 12.9756 
152.446 150.069 145.173 142.13 150.944 145.849 89.5858 87.4235 90.3602 100.27 -34.8004 322.518 5.24611 -37.1588 341.677 32.2133 -28.2909 338.95 32.4867 -14.0935 340.468 31.9522 -6.25799 342.51 25.3873 -20.2224 376.64 17.1188 15.0529 7.5196 13.182 
152.585 150.551 146.612 143.094 152.01 145.521 89.6795 87.8396 90.9926 100.648 -35.9297 323.419 5.23368 -38.5761 343.074 32.6054 -29.9425 339.839 32.8221 -15.7417 340.865 32.053 -7.65882 342.939 25.4642 -21.0376 377.437 16.9962 14.7765 7.33294 13.2005 
152.35 150.374 146.91 143.53 152.032 145.324 90.2008 88.5073 91.6642 100.885 -36.6124 323.672 5.90555 -39.8544 343.668 33.0005 -31.3499 340.018 33.0515 -17.242 340.764 32.148 -8.88963 343.051 25.6562 -21.8378 377.931 17.0073 14.5044 7.29738 13.0522 
152.172 150.261 147.61 144.555 151.953 144.928 90.2508 89.0465 92.027 100.428 -37.8915 324.649 6.46443 -40.9473 344.632 33.2633 -32.6219 340.355 33.1146 -18.3975 341.173 32.4208 -9.644 343.727 25.9058 -22.4465 378.724 17.2058 14.2043 7.25939 12.9412 
152.639 149.694 147.993 144.997 152.77 145.067 91.3166 91.183 93.9695 101.718 -38.666 324.632 7.30877 -42.009 344.688 34.0892 -34.0934 339.387 33.5959 -19.6948 340.233 32.8997 -10.7408 343.385 26.6398 -23.1013 379.066 17.5534 13.958 6.9872 12.8275 
152.631 149.574 150.652 147.287 153.377 145.09 92.2682 93.2629 95.8035 102.61 -39.383 325.219 8.11997 -43.3661 345.105 34.6946 -36.1824 338.527 33.8531 -21.3868 339.246 33.1333 -12.0052 343.134 27.1241 -23.7508 379.655 18.0021 13.602 6.52538 13.0784 
152.594 148.937 151.693 147.957 153.514 145.171 93.0304 94.4924 96.8565 103.414 -39.4161 325.494 9.18247 -44.7164 345.11 35.2167 -38.1445 338.1 34.331 -23.0022 338.52 33.2975 -13.3873 342.875 27.6558 -24.4925 380.088 18.6949 13.463 6.03387 13.4429 
152.875 149.197 152.785 148.117 152.972 145.404 93.2865 95.1811 97.8089 104.217 -39.4518 325.539 9.32446 -45.2724 345.208 35.714 -39.0336 338.091 34.861 -23.7393 338.024 33.0095 -14.0962 342.781 27.4734 -25.4028 380.51 19.1809 13.3505 5.49213 13.7491 
153.128 149.232 153.88 148.438 152.442 145.66 93.3949 95.6773 98.6007 104.783 -40.0431 326.054 9.61532 -45.9305 345.487 35.9866 -39.6354 338.084 34.9491 -24.5043 337.985 32.9515 -14.8095 343.213 27.596 -26.2566 381.171 19.7362 13.3074 5.55814 13.6568 
153.195 149.379 154.982 149.835 152.336 145.587 94.01 96.7276 100.141 105.579 -40.7142 326.182 10.436 -47.1762 345.782 36.7387 -41.2094 337.703 35.3728 -26.1045 336.901 33.1773 -16.0303 342.614 28.0676 -26.7203 381.333 20.3168 13.1307 5.38521 13.6714 
153.252 149.905 154.537 149.713 152.292 145.219 94.0664 96.7947 100.355 105.741 -40.7497 326.096 11.1452 -48.0285 346.397 37.8357 -42.1445 338.3 36.6697 -26.9852 336.949 34.1975 -16.9728 342.428 28.8554 -27.1792 381.347 20.8624 13.2095 5.22103 13.6599 
153.886 150.267 153.887 148.849 152.033 145.536 94.5965 97.19 100.873 106.698 -40.568 326.34 11.8382 -48.9251 347.038 38.8129 -43.1298 338.621 37.2315 -28.152 336.767 34.2062 -18.0259 342.331 29.2671 -27.7185 381.918 21.491 13.1508 5.32542 13.5571 
154.14 150.433 153.383 148.63 152.389 145.515 94.4787 97.1466 101.466 107.573 -40.5641 327.076 11.936 -49.7216 347.77 39.2037 -44.1033 339.207 37.3769 -29.3189 336.756 33.9614 -19.0199 342.395 29.2721 -28.2002 382.549 22.0301 13.0286 5.50186 13.6468 
154.283 150.366 152.029 148.781 152.899 145.286 94.294 96.6084 101.406 107.631 -40.4441 327.185 12.5499 -50.3228 348.091 39.8172 -44.8197 339.846 38.1037 -30.1513 336.592 34.107 -19.5787 342.011 29.3196 -28.59 382.637 22.4895 12.7067 5.73962 13.7731 
153.93 150.339 150.965 149.106 153.308 145.22 93.9347 96.0497 101.146 107.674 -40.494 327.212 12.4087 -50.2205 348.032 40.0585 -44.7287 340.059 38.3028 -30.1037 336.625 34.1068 -19.6258 341.929 29.1589 -29.0404 382.585 22.7613 12.6444 5.86602 13.9359 
153.642 149.89 149.647 148.497 153.206 145.038 93.4521 95.318 100.326 107.013 -40.5603 327.186 12.2281 -49.8736 347.697 40.111 -44.0572 340.089 38.3916 -29.3794 336.999 34.4505 -19.1544 342.192 29.3419 -29.4014 382.359 22.985 12.7472 5.78735 13.8495 
153.22 149.89 149.222 148.576 153.738 144.976 93.2612 95.0615 100.066 106.708 -41.0898 326.918 12.3804 -50.1451 347.529 40.391 -44.2259 340.161 38.9172 -29.5662 337.195 35.2827 -19.4122 342.219 30.0022 -29.7364 381.964 23.1318 12.7933 5.75279 13.8329 
153.817 149.649 148.337 148.274 153.514 145.209 94.132 95.668 100.737 106.721 -41.4683 326.149 13.1128 -50.6929 346.364 40.4303 -44.5918 339.007 38.8523 -30.0269 335.764 35.0162 -19.5647 341.209 30.0732 -29.8243 381.446 23.4409 12.5996 5.90299 13.5178 
154.318 149.577 148.555 149.016 154.313 145.34 94.9805 96.9596 102.41 107.8 -41.3924 325.466 13.6104 -51.0793 345.472 40.7213 -45.2879 337.797 39.1217 -30.7074 334.14 34.9574 -20.0057 340.058 30.2885 -29.9195 380.975 23.7157 12.4408 5.97035 13.6385 
154.658 149.919 148.767 149.406 155.353 145.093 95.0537 97.049 102.17 107.942 -41.33 325.24 14.2274 -51.5696 345.595 41.2924 -45.8935 337.942 39.9869 -31.2806 334.181 35.8782 -20.7013 339.704 31.0409 -29.967 380.673 23.9443 12.5757 5.90052 13.6802 
154.331 149.948 148.576 149.752 155.272 144.586 94.1721 95.8429 100.471 106.219 -41.322 325.292 14.3645 -51.6662 346.018 41.3756 -45.6795 338.935 40.6732 -31.073 335.621 37.2214 -20.6722 340.548 31.7036 -30.004 380.506 24.1178 12.7745 5.72365 13.6086 
154.424 150.037 147.567 148.408 155.268 144.417 93.8544 95.079 99.155 105.541 -41.4988 325.357 14.5675 -51.9022 346.267 41.3458 -45.7615 339.523 40.6943 -31.1038 336.477 37.3173 -20.9181 340.998 31.8793 -30.0663 380.613 24.2962 13.0036 5.69633 13.554 
154.167 149.847 146.718 147.617 155.241 144.349 93.1472 93.9588 97.5754 104.672 -41.9791 325.621 14.5325 -51.976 346.837 41.1879 -45.7253 340.498 40.7079 -31.0269 337.929 37.779 -21.0509 341.815 32.1679 -30.1738 380.817 24.399 13.1746 5.66733 13.6591 
154.278 149.676 145.914 146.659 154.942 144.647 93.1342 93.4708 96.8255 104.318 -41.929 325.444 14.5314 -51.8079 346.613 41.0898 -45.3111 340.607 40.5733 -30.6444 338.402 37.7929 -20.7565 342.04 32.1631 -30.2023 380.844 24.5504 13.1935 5.75667 13.5392 
154.28 149.667 145.75 146.547 154.64 144.736 93.2711 93.2694 96.5838 104.067 -42.0018 325.104 14.7658 -51.8383 346.426 41.1906 -45.2946 340.574 40.6963 -30.6916 338.399 38.0199 -20.6978 341.84 32.2705 -30.1482 380.627 24.6601 13.0924 5.83927 13.5194 
154.36 149.706 145.666 146.506 154.282 144.794 93.2232 93.1253 96.3643 103.789 -42.1658 324.796 15.0147 -51.857 346.293 41.2714 -45.2875 340.489 40.8358 -30.6921 338.272 38.1509 -20.5886 341.551 32.2886 -30.0873 380.384 24.7097 12.9954 5.85974 13.5128 
154.156 149.766 145.896 146.83 154.356 144.602 93.2505 93.1173 96.2738 103.548 -42.3794 324.645 15.2699 -52.0808 346.183 41.3795 -45.4521 340.388 41.0829 -30.8939 338.065 38.4531 -20.7257 341.252 32.5607 -30.0031 380.063 24.7318 12.9836 5.89006 13.4416 
153.95 149.942 146.466 147.374 154.656 144.516 93.4022 93.4888 96.5715 103.703 -42.4106 324.691 15.2126 -52.0611 346.042 41.2919 -45.5194 340.04 40.9108 -30.8923 337.78 38.2535 -20.7508 341.242 32.4876 -29.9849 380.064 24.7016 13.053 5.81574 13.4345 
153.762 150.159 146.669 147.409 154.578 144.41 93.2792 93.2798 96.2315 103.366 -42.0861 324.795 14.9539 -51.763 346.026 41.3314 -45.1842 340.18 41.0155 -30.5128 338.06 38.3295 -20.5027 341.505 32.4605 -29.9969 380.062 24.7278 13.1691 5.79126 13.4837 
153.5 150.192 146.976 147.475 154.685 144.229 93.1571 93.2613 96.0962 103.243 -42.0536 325.134 14.6565 -51.6284 346.28 41.5364 -45.0469 340.41 41.2474 -30.359 338.26 38.4119 -20.4759 341.658 32.4875 -30.0274 380.082 24.6854 13.2721 5.76722 13.4866 
153.274 150.377 147.515 147.664 154.877 144.027 93.4326 93.7578 96.3969 103.533 -42.1672 325.359 14.6759 -51.9651 346.363 41.744 -45.4193 340.264 41.4382 -30.6619 337.857 38.308 -20.7922 341.275 32.4797 -30.0136 380.009 24.6133 13.2931 5.66936 13.3688 
153.016 150.431 147.374 147.464 154.493 143.751 93.1062 93.2949 95.7343 102.881 -42.3563 325.595 14.6354 -51.9672 346.592 41.8031 -45.2856 340.628 41.5986 -30.5137 338.319 38.602 -20.6776 341.454 32.603 -29.9616 379.929 24.5621 13.3384 5.67425 13.3147 
152.861 150.946 147.8 147.846 154.655 143.868 92.3695 92.1372 94.2218 101.459 -42.3944 325.66 14.5189 -51.9529 346.622 41.863 -44.948 341.02 41.8091 -29.9688 338.92 38.9179 -20.1329 341.662 32.6924 -29.8339 379.608 24.51 13.406 5.55793 13.1821 
152.521 150.781 147.414 147.404 154.138 143.656 92.3 91.6361 93.5457 100.611 -42.3473 325.539 14.5768 -52.02 346.407 41.7067 -44.7553 341.195 41.8675 -29.8054 339.299 39.2387 -19.9539 341.846 32.9161 -29.7409 379.337 24.3907 13.4541 5.64691 13.0903 
152.703 150.698 146.865 146.798 153.636 143.68 92.5272 91.4952 93.2624 100.16 -42.5199 325.103 14.5565 -51.9383 346.072 41.6338 -44.4573 341.065 41.8504 -29.6907 339.363 39.4416 -19.7996 341.797 33.1281 -29.6865 378.994 24.2348 13.4262 5.88729 12.9481 
153.155 150.645 146.271 145.878 153.111 143.924 92.9521 91.4107 93.1431 100.077 -42.631 324.718 14.5631 -52.1608 345.514 41.2941 -44.4757 340.706 41.4244 -29.8471 339.231 39.2538 -19.8505 341.696 33.1437 -29.7035 378.835 24.0793 13.3242 6.10358 12.7611 
153.405 150.49 146.056 145.399 152.866 144.145 93.2833 91.4824 93.1326 100.064 -42.7259 324.167 14.5299 -52.1307 344.851 41.1164 -44.3155 340.194 41.22 -29.801 338.961 39.1616 -19.8315 341.417 33.0679 -29.8433 378.506 23.9146 13.3089 6.27691 12.6769 
153.875 150.513 145.974 144.464 152.541 144.538 94.0763 92.1095 93.7889 100.803 -42.8894 323.866 14.4363 -52.5243 344.083 40.9032 -44.6466 339.309 40.7255 -30.1542 338.096 38.5196 -20.2126 340.926 32.8145 -30.172 378.4 23.7501 13.2766 6.25194 12.4495 
154.448 150.616 145.904 143.945 152.53 145.037 94.7811 92.8252 94.5245 101.704 -43.0664 323.553 13.9368 -53.0078 343.569 40.6278 -45.1239 338.603 40.0507 -30.7166 337.503 37.5335 -20.9202 340.762 32.1431 -31.1827 378.557 23.3655 13.2987 6.26279 12.2728 
154.572 150.652 145.832 143.974 152.593 145.192 94.4155 92.4841 94.4209 101.799 -43.111 323.584 13.4983 -52.941 343.809 40.2414 -44.9541 338.982 39.6875 -30.6233 338.205 37.4483 -21.0848 341.404 31.7824 -31.749 378.876 23.0875 13.4731 6.4283 12.3298 
154.645 150.251 145.36 143.592 152.332 145.313 93.8951 91.8013 93.6503 101.473 -43.6325 323.591 13.1081 -52.8816 343.897 39.8939 -44.7417 339.342 39.31 -30.4616 339.026 37.2736 -21.1883 341.956 31.3514 -32.3733 379.003 22.8209 13.6517 6.64149 12.3743 
154.693 150.13 146.079 144.053 152.198 145.35 92.7577 90.1561 92.6105 100.765 -44.1579 323.956 11.8568 -52.9461 344.483 39.5274 -44.6361 340.749 39.4915 -30.5474 340.245 37.4299 -21.5467 342.673 30.9846 -33.0918 378.951 22.4768 13.8932 6.82573 12.8307 
154.852 149.745 145.237 143.358 151.708 145.727 92.0155 88.9701 91.4834 100.193 -44.4828 323.773 10.8733 -53.1145 344.646 39.2422 -44.5624 341.695 39.6623 -30.615 341.376 37.7772 -22.0043 343.182 30.9896 -33.8639 378.634 22.075 14.2825 7.10486 13.171 
155.235 149.947 144.751 141.989 150.465 146.343 91.5413 88.2252 90.2795 99.5418 -44.9925 323.627 10.1037 -53.4067 344.729 38.6219 -44.5834 342.409 39.4323 -30.5846 342.635 37.6482 -22.2814 344.063 30.8285 -34.7005 378.715 21.5767 14.635 7.25482 13.3887 
155.118 150.104 144.39 141.178 149.966 146.767 91.4369 87.7773 89.2531 98.1559 -45.7169 323.811 9.07765 -53.4614 344.312 37.7004 -44.3351 342.891 39.0942 -30.2958 343.988 37.6034 -22.2696 345.487 30.7497 -35.6077 378.771 21.0168 15.0243 7.52766 13.731 
154.531 149.328 144.538 141.246 149.169 147.045 90.603 86.8904 88.4092 97.4038 -47.7877 323.837 8.41035 -54.6028 344.441 36.7371 -45.39 343.347 38.4541 -31.2881 344.377 36.99 -23.3826 345.795 30.2655 -36.752 378.53 20.237 15.2344 7.50343 14.0575 
154.226 148.225 144.264 140.884 147.719 147.436 90.6481 85.9925 87.4492 96.3768 -49.3373 323.313 7.82605 -55.5514 343.612 35.3808 -45.9096 343.209 37.0569 -32.11 344.336 35.4244 -23.9942 345.948 28.8026 -38.1817 378.316 19.3138 15.0757 7.74985 13.9841 
154.237 148.153 143.829 140.739 146.899 146.923 89.9749 85.2664 86.6371 95.4582 -50.8412 323.238 7.07837 -56.8745 343.869 34.563 -47.1784 343.74 36.206 -33.2802 344.973 34.4691 -25.1761 346.491 27.6809 -39.9047 378.321 18.3494 15.1671 7.66377 14.085 
153.771 148.626 144.635 142.278 147.666 146.426 89.3097 84.7254 86.6143 95.0324 -53.6058 323.985 6.24129 -59.1721 345.098 33.6704 -49.6275 344.471 35.1156 -35.8162 345.332 33.717 -27.488 346.861 26.8816 -41.5872 378.581 17.2762 15.032 7.84704 14.0279 
153.422 148.815 145.352 143.305 147.65 146.087 88.4883 83.6814 85.7086 93.9589 -56.2502 324.566 5.24696 -61.5396 346.067 32.5408 -51.7125 345.732 34.2094 -38.0419 346.435 32.993 -29.6997 347.458 25.8411 -43.5903 378.796 16.1457 15.1286 8.15616 14.244 
153.424 149.119 145.076 142.588 146.596 146.084 88.5214 83.9583 85.4588 93.934 -59.0227 325.116 4.08126 -63.8225 346.231 31.2389 -53.96 345.494 32.52 -40.091 346.597 31.2318 -31.8843 347.758 24.2805 -45.9851 379.215 14.8403 15.2272 8.07268 13.811 
152.083 148.625 145.737 143.355 146.467 145.177 87.5748 83.6162 85.2537 93.0605 -62.2247 325.772 3.11888 -66.3193 347.382 30.3237 -56.5494 346.536 31.8544 -42.6298 347.387 30.4698 -34.2248 348.165 23.044 -48.2914 379.286 13.415 15.0756 7.97961 14.0448 
151.291 148.833 145.672 143.486 146.297 144.288 87.1217 83.125 84.5212 91.8269 -64.3203 326.595 1.51376 -68.1299 347.614 28.6606 -58.1342 347.04 30.0404 -44.2269 348.482 28.6943 -35.7975 349.398 21.0123 -51.0287 379.854 12.0207 15.0902 8.13738 13.8801 
149.328 148.602 145.289 142.986 144.817 143.069 85.4859 80.8485 82.8114 89.3989 -67.0142 327.278 -0.614724 -71.1339 348.462 25.8005 -60.8663 348.176 26.7738 -47.3549 349.551 25.5826 -38.5451 350.835 17.8353 -54.1205 380.627 10.3459 14.9097 8.7049 13.8977 
148.809 148.026 145.268 142.537 143.63 142.302 84.5935 80.1813 82.2742 88.1817 -69.8276 326.937 -1.99289 -73.3872 347.768 24.2304 -62.9754 347.893 25.3909 -49.4103 349.216 24.0328 -40.3345 350.387 16.0049 -56.947 379.68 8.6438 14.5989 8.53726 14.0774 
147.115 147.671 145.921 144.298 144.147 141.575 83.6249 79.4334 81.5953 86.2528 -72.4886 327.065 -3.64086 -76.2831 347.676 22.4146 -65.709 348.029 23.7502 -51.9712 349.605 22.6696 -42.5963 350.697 14.1629 -60.1286 379.071 6.61851 14.3834 8.56116 14.1701 
145.788 146.979 146.544 144.571 144.154 141.516 83.3714 79.7468 81.9063 86.0514 -77.4915 327.726 -4.77866 -80.503 348.724 21.4963 -69.9432 348.478 22.8787 -56.1137 349.573 21.5961 -46.6489 350.127 12.767 -63.6187 378.703 4.6197 14.2083 8.44732 14.1163 
143.584 145.938 146.342 144.846 144.561 141.165 82.3521 79.0708 81.4566 85.5 -82.2022 328.595 -6.24904 -84.0056 349.325 19.7214 -73.4099 348.966 20.9755 -59.4274 350.045 19.7056 -49.8064 350.423 10.7693 -67.1793 378.716 2.59827 14.0723 8.31334 14.0297 
141.096 145.609 146.294 144.339 143.841 139.902 81.4105 78.254 80.1438 83.4134 -86.0795 328.563 -8.92966 -88.099 349.875 17.3147 -77.248 349.196 18.1966 -63.4878 350.278 16.5227 -53.9426 350.975 7.42224 -71.134 378.399 0.314954 14.2931 8.62508 13.7675 
140.045 145.618 146.727 144.431 143.989 138.743 79.6934 77.22 78.9133 81.1488 -90.1393 328.89 -12.3619 -91.461 351.202 15.1061 -80.2844 350.079 15.4182 -66.8027 351.361 13.4154 -57.195 352.693 4.09203 -75.2317 378.481 -2.00076 14.2612 8.92349 13.1995 
138.966 145.84 147.4 144.812 144.173 137.272 78.3794 76.3162 77.7499 79.0441 -93.1877 328.837 -15.0653 -95.1416 352.316 13.5711 -83.5638 350.946 13.5712 -70.3399 352.097 11.3246 -60.4826 353.585 1.90483 -78.9605 377.877 -4.38133 14.1516 9.14927 12.637 
137.877 147.181 148.021 145.593 145.214 137.072 77.3173 75.3922 76.1341 76.1778 -96.8306 328.417 -18.6479 -98.0885 351.334 12.0353 -85.9188 350.117 11.487 -72.5528 351.711 8.9524 -62.536 353.697 -0.522321 -82.3765 375.836 -6.67788 14.167 9.00511 11.7693 
137.648 146.768 148.816 147.051 146.948 136.27 75.4858 74.0331 74.5022 74.2338 -100.921 328.842 -22.8249 -102.274 351.316 9.88554 -89.7504 349.647 8.6432 -76.1617 351.276 5.66244 -65.9397 353.642 -3.83992 -86.5468 374.583 -8.93171 13.8988 8.78696 11.1666 
137.715 146.028 147.953 145.907 145.916 135.562 75.3465 74.41 74.4891 73.4546 -104.921 328.978 -26.2607 -106.6 351.365 8.13957 -93.842 349.314 6.27794 -80.4145 350.992 2.64983 -70.1962 353.709 -7.31769 -91.0868 374.1 -11.5244 13.6405 8.70728 10.405 
137.694 145.243 146.884 144.333 144.301 134.361 75.7547 75.3048 75.1865 73.3929 -108.185 328.178 -29.492 -110.68 350.37 6.63619 -97.6759 348.093 4.04961 -84.603 350.04 -0.0784912 -74.4267 353.432 -10.498 -95.3572 373.149 -13.8854 13.4152 8.81832 9.45871 
137.54 145.217 146.297 143.193 142.875 133.249 75.8164 75.7862 75.8049 73.5487 -111.755 327.037 -31.1325 -114.022 350.577 5.05243 -102.204 347.578 2.60541 -89.3269 349.034 -1.8829 -79.0121 352.15 -12.7869 -99.3501 372.012 -16.3644 13.1928 8.83473 10.5693 
136.194 145.286 145.801 142.273 141.655 132.646 75.419 75.9411 76.2529 74.1243 -115.514 327.575 -34.8885 -116.208 350.736 2.37039 -106.591 346.823 -0.0183849 -94.1348 347.845 -5.08196 -84.0982 351.098 -16.3363 -103.863 371.324 -18.8091 13.2384 8.96516 13.0691 
136.498 144.829 144.999 141.088 140.519 131.412 76.3499 77.3804 77.7611 75.4161 -117.937 324.894 -36.094 -119.448 350.152 0.709463 -110.965 345.604 -1.46242 -99.0355 346.246 -6.91713 -89.3709 349.193 -18.6408 -108.223 369.856 -21.7758 13.4857 9.24805 14.085 
137.43 144.692 145.181 141.19 141.144 130.504 76.4967 77.2498 77.9341 76.057 -120.098 322.814 -38.4644 -122.439 348.959 -1.44559 -114.712 344.43 -3.59087 -103.011 344.748 -9.27447 -93.4869 347.278 -21.1582 -112.367 367.848 -24.7156 13.4233 9.3617 14.9587 
137.958 144.241 144.646 140.694 141.304 129.998 77.5456 78.1901 78.8605 76.931 -121.45 320.993 -41.8971 -124.869 346.286 -4.18193 -117.167 342.143 -6.53063 -106.03 343.128 -12.2925 -96.8711 346.338 -24.3809 -116.345 366.379 -27.4886 13.4687 9.81593 14.9647 
138.343 142.558 143.847 139.931 140.536 128.543 76.6411 78.134 79.0894 77.402 -124.04 319.699 -44.8019 -128.471 345.24 -7.14084 -120.485 340.618 -9.54984 -109.999 341.28 -15.3295 -101.006 344.377 -27.5475 -119.809 364.856 -30.3169 13.6591 10.5062 14.7223 
138.707 142.273 143.429 139.218 140.22 127.709 77.5084 79.0365 80.1873 78.4848 -125.658 316.936 -47.5936 -130.801 342.481 -9.89207 -122.725 337.929 -12.2531 -112.951 338.674 -18.0024 -105.003 341.955 -30.4521 -123.293 362.45 -33.1437 14.7256 11.1034 14.6696 
139.097 141.534 143.413 139.511 140.538 127.643 76.8914 78.6606 80.1885 78.81 -127.497 315.796 -51.6518 -133.692 340.722 -13.2776 -125.451 336.388 -15.6309 -115.936 337.264 -21.2497 -108.202 340.776 -33.6728 -126.716 360.881 -36.0303 14.837 11.4101 14.7618 
139.383 141.499 143.772 140.272 141.791 128.035 76.9874 78.8221 80.5918 79.4323 -129.7 314.314 -55.1795 -136.365 338.689 -16.3634 -127.938 334.79 -18.6841 -118.773 335.802 -24.2632 -111.098 339.753 -36.62 -129.923 359.543 -38.7679 14.6814 11.7349 14.7024 
140.489 141.412 143.574 139.746 141.539 128.913 77.8091 79.927 82.0328 80.8979 -132.686 312.628 -58.7739 -139.08 336.627 -19.1844 -130.685 332.645 -21.2463 -121.669 333.588 -26.679 -114.282 337.657 -39.0206 -132.924 357.988 -41.4608 14.8555 11.7951 14.7966 
141.82 140.455 142.916 138.713 141.129 129.878 79.3917 81.317 83.1967 81.6778 -135.581 309.872 -62.2942 -140.94 333.015 -22.039 -132.336 329.392 -24.0855 -123.691 330.739 -29.4608 -116.647 335.228 -41.8116 -135.927 355.489 -44.1453 14.8456 11.9844 14.5434 
142.435 140.96 142.581 138.201 140.838 129.98 79.9262 81.7813 83.8905 82.5018 -138.879 307.407 -64.7519 -143.655 331.022 -24.2062 -134.966 327.339 -26.3895 -126.37 328.579 -31.5796 -119.71 332.696 -43.981 -138.838 353.157 -46.9212 15.1929 12.0214 14.2696 
142.687 140.59 142.079 137.212 140.007 130.123 80.1311 82.3079 84.6408 83.5104 -142.355 304.807 -67.0274 -146.61 328.856 -26.5863 -137.889 324.828 -28.7562 -129.425 325.881 -33.8827 -122.928 329.77 -46.2437 -141.737 350.715 -49.578 15.3283 12.1308 14.1992 
142.547 140.585 141.754 136.868 139.643 130.015 80.6563 82.8174 85.0621 83.6571 -146.104 302.651 -69.5169 -149.348 326.843 -29.0999 -140.374 322.834 -31.5014 -132.046 323.985 -36.6064 -125.777 327.963 -49.0179 -144.848 348.769 -52.3646 15.4087 12.1895 13.7889 
143.204 140.543 141.252 136.063 138.788 130.343 81.2172 83.546 85.8118 84.4145 -149.04 299.512 -71.3131 -151.85 323.96 -31.1252 -142.898 319.843 -33.5355 -134.688 321.052 -38.6648 -128.615 324.969 -51.1405 -147.659 345.944 -54.785 15.4933 12.2103 13.7429 
142.849 140.406 141.274 136.173 138.797 130.454 81.308 83.647 85.9099 84.6421 -151.885 297.363 -73.2224 -154.377 321.78 -33.5256 -145.346 317.797 -35.9617 -137.036 319.211 -41.0733 -131.027 323.243 -53.476 -150.4 344.038 -57.1278 15.4349 12.0842 13.6792 
142.46 140.612 141.309 135.509 138.008 130.614 80.8003 83.1226 85.3087 84.3088 -155.552 295.815 -75.8405 -156.922 320.295 -35.9004 -147.824 316.168 -38.6488 -139.623 317.598 -43.8711 -133.835 321.491 -56.2635 -153.341 342.158 -59.3433 15.5665 12.1866 13.6141 
142.248 140.463 141.425 135.686 138.137 130.945 81.2394 83.6882 85.838 84.77 -158.466 293.986 -78.4698 -159.107 317.778 -38.4351 -150.145 313.701 -41.1937 -142.007 315.395 -46.5002 -136.341 319.679 -58.9197 -156.099 340.295 -61.6007 15.455 12.1064 13.7973 
141.997 140.743 141.315 135.804 137.852 130.869 80.9634 83.1075 85.2037 84.2077 -161.666 291.896 -79.9572 -161.753 316.167 -40.1974 -152.613 312.341 -43.204 -144.348 313.979 -48.5873 -138.619 317.998 -61.0479 -158.569 338.291 -63.8184 15.3501 12.0064 13.414 
141.372 140.897 141.769 136.309 137.931 130.806 80.9387 83.0909 85.1283 84.1863 -164.469 290.478 -82.3285 -164.238 314.465 -42.7583 -155.305 310.565 -45.7276 -147.078 312.303 -51.1817 -141.356 316.436 -63.715 -161.302 336.689 -66.219 15.2937 12.0092 13.692 
141.551 141.353 142.129 136.297 137.675 130.923 80.869 82.6976 84.6286 83.6925 -166.6 287.642 -83.7034 -165.995 312.491 -44.3575 -156.952 308.776 -47.4085 -148.822 310.469 -52.9237 -143.156 314.263 -65.5553 -163.444 334.036 -68.3395 15.3115 12.1085 13.5437 
140.599 141.87 142.504 136.944 137.867 130.398 80.6431 82.287 84.07 83.2188 -168.88 286.38 -85.8851 -168.091 310.699 -46.7091 -159.006 307.126 -49.9912 -150.74 309.065 -55.5394 -145.115 313.006 -68.1491 -165.597 332.472 -70.5115 15.3162 11.9846 13.4162 
141.128 142.125 142.675 137.136 137.915 130.744 80.7416 82.0243 83.6327 82.5407 -170.205 282.856 -87.1636 -169.334 308.004 -48.343 -160.048 304.846 -51.7104 -151.809 306.935 -57.2706 -146.167 310.823 -69.9653 -167.128 329.578 -72.5548 15.3002 12.0091 13.1396 
140.98 142.577 143.099 137.602 138.066 130.237 80.0949 81.4375 83.1863 82.3092 -172.271 281.388 -88.4766 -171.959 307.305 -50.3783 -162.533 304.03 -53.6927 -153.898 305.974 -59.2263 -148.105 309.514 -71.8951 -168.88 328.322 -74.9339 15.3519 11.7381 12.9723 
141.628 143.878 143.535 138.338 138.557 130.827 79.7008 80.8022 82.4104 81.9112 -173.106 278.357 -89.3721 -173.378 304.998 -52.2885 -163.615 302.16 -55.6669 -154.741 304.451 -61.143 -148.753 307.841 -73.7817 -170.087 326.048 -77.0675 15.3139 11.5859 12.6252 
140.829 144.317 144.061 138.689 138.942 130.457 79.4129 80.4415 82.0855 81.6312 -174.908 277.307 -91.2675 -175.326 304.3 -54.6229 -165.62 301.406 -57.9481 -156.742 303.61 -63.4695 -150.729 306.946 -76.1225 -172.136 324.97 -79.3786 15.3184 11.6036 12.7859 
141.56 143.847 143.501 138.486 138.983 130.15 80.0035 80.8487 82.4422 81.9018 -175.887 274.918 -92.1966 -177.152 302.623 -56.2407 -167.536 299.962 -59.3492 -158.516 302.114 -64.8845 -152.469 305.14 -77.57 -173.723 323.266 -81.5545 15.3579 11.4397 12.7868 
141.213 143.792 143.481 138.531 139.157 130.257 80.4199 80.9543 82.4571 81.6565 -177.084 272.837 -94.1179 -177.92 300.601 -57.9264 -168.199 298.187 -61.1668 -159.198 300.435 -66.6761 -153.324 303.433 -79.3599 -175.103 321.173 -83.3277 15.3381 11.399 12.5989 
142.23 144.705 144.157 138.92 139.352 129.514 80.0082 80.9067 82.8164 82.1897 -177.186 270.253 -94.3539 -180.018 299.58 -59.2744 -170.537 296.697 -61.994 -161.401 298.419 -67.3842 -155.137 300.918 -80.1082 -176.145 319.065 -85.3391 15.3372 11.4259 13.0128 
142.27 144.65 144.259 138.846 139.621 129.401 80.0618 80.9861 83.0455 82.4672 -177.666 267.762 -94.9798 -181.61 298.24 -60.4214 -172.104 295.27 -62.8506 -162.918 296.648 -68.1204 -156.528 298.665 -80.771 -177.221 316.767 -87.1282 15.4271 11.4605 13.0096 
141.473 145.236 144.505 138.992 139.871 128.545 80.0696 80.9867 83.1168 82.3944 -178.058 266.082 -96.2713 -182.611 296.917 -61.9446 -173.15 293.782 -64.2838 -164.036 294.961 -69.4968 -157.725 296.798 -82.166 -178.401 314.668 -88.9369 15.5878 11.5506 13.1017 
141.738 145.072 144.525 139.086 140.342 128.285 80.146 81.0919 83.3758 82.7592 -178.095 264.316 -96.8637 -184.055 296.009 -63.1648 -174.709 292.832 -65.2404 -165.618 293.779 -70.3605 -159.135 295.325 -82.983 -179.597 313.038 -90.6335 15.5804 11.6322 13.2728 
141.484 145.528 144.506 139.229 140.861 127.549 80.7289 81.6349 83.9333 83.2038 -178.767 260.897 -98.8352 -186.007 292.972 -65.9282 -176.88 289.812 -67.7549 -167.778 290.759 -72.8186 -161.252 292.246 -85.4414 -181.734 309.753 -93.7926 15.6171 11.589 13.5359 
141.853 144.898 143.999 139.103 141.168 127.671 81.0753 82.1801 84.5318 83.7975 -178.96 259.788 -99.3238 -187.483 292.453 -66.8566 -178.177 289.321 -68.4855 -169.033 290.212 -73.4107 -162.362 291.507 -85.9274 -182.807 308.822 -95.2805 15.5503 11.5559 13.3113 
142 144.674 143.594 139.075 141.354 128.033 81.4397 82.4134 84.6555 83.7827 -180.211 259.017 -100.656 -188.762 291.841 -68.4092 -179.282 288.957 -70.144 -170.112 290.056 -75.065 -163.431 291.5 -87.5707 -184.402 308.366 -97.0253 15.43 11.4812 13.077 
141.433 145.238 144.379 139.923 141.596 128.19 80.7636 81.8355 83.9698 83.2005 -181.471 258.235 -101.96 -189.78 290.902 -70.0183 -180.2 287.909 -71.6555 -170.912 289.076 -76.5625 -164.216 290.395 -89.1314 -185.216 307.126 -98.4109 15.59 11.4439 13.1218 
141.341 145.216 144.264 139.942 141.561 128.177 80.5757 81.6599 83.9028 83.3008 -182.89 257.538 -102.931 -190.977 290.415 -71.2956 -181.3 287.432 -72.8766 -171.953 288.46 -77.657 -165.207 289.57 -90.1004 -186.057 306.387 -99.6716 15.6192 11.458 13.0155 
141.053 145.328 144.441 140.13 141.561 128.434 79.9402 81.1059 83.4544 83.0424 -184.007 257.104 -103.815 -192.384 290.628 -72.6688 -182.662 287.567 -74.1816 -173.36 288.376 -78.8854 -166.466 289.252 -91.257 -187.088 305.978 -100.999 15.629 11.6184 13.0369 
140.957 144.92 144.25 139.951 141.608 128.789 80.1757 81.2347 83.474 83.0265 -185.146 256.761 -105.438 -193.156 290.171 -74.0883 -183.478 287.223 -75.6782 -174.264 288.164 -80.485 -167.489 289.215 -92.8946 -188.422 305.803 -102.319 15.5874 11.6378 13.1109 
141.385 144.495 143.951 139.692 141.522 128.836 80.6776 81.8501 83.9841 83.37 -185.435 256.043 -106.537 -193.522 289.288 -75.1307 -183.86 286.436 -76.6666 -174.73 287.589 -81.5284 -168.029 288.816 -94.0119 -189.23 305.292 -103.455 15.5272 11.6156 13.1502 
141.972 144.201 143.883 139.536 141.588 128.75 81.1102 82.4834 84.5899 83.8214 -185.635 255.389 -107.279 -194.056 288.691 -75.7873 -184.397 285.752 -77.1333 -175.297 286.913 -81.9452 -168.627 288.102 -94.4408 -189.75 304.689 -104.283 15.5391 11.5989 13.1704 
142.338 144.18 143.715 139.263 141.334 128.63 81.2211 82.7258 84.8724 84.2057 -186.5 255.424 -107.622 -195.29 288.826 -76.4361 -185.541 285.815 -77.6979 -176.255 286.992 -82.4333 -169.513 288.059 -94.8133 -190.474 304.841 -105.091 15.5096 11.4279 13.0118 
142.688 144.245 143.496 139.091 141.084 128.7 81.0389 82.6629 84.8957 84.3812 -187.796 255.878 -107.819 -196.817 289.634 -77.0426 -186.867 286.54 -78.2413 -177.41 287.559 -82.8513 -170.505 288.344 -95.1 -191.18 305.311 -105.901 15.493 11.334 12.7195 
143.077 144.195 143.156 138.861 140.713 128.928 80.882 82.5296 84.7707 84.3936 -189.39 256.389 -108.097 -198.461 290.505 -77.719 -188.306 287.371 -78.9137 -178.685 288.3 -83.4124 -171.596 288.844 -95.5234 -192.016 305.963 -106.731 15.453 11.2509 12.3987 
143.172 144.121 142.941 138.651 140.312 129.075 80.5158 82.1955 84.471 84.248 -190.908 256.979 -108.3 -199.777 291.626 -78.2664 -189.421 288.362 -79.4664 -179.737 289.074 -83.8534 -172.531 289.296 -95.8333 -192.615 306.605 -107.308 15.4779 11.2859 12.1158 
143.163 144.104 142.677 138.457 139.915 129.131 80.2055 81.7792 84.0799 83.9583 -192.084 257.372 -108.59 -200.753 292.34 -78.7547 -190.198 289.102 -80.0296 -180.48 289.668 -84.3055 -173.19 289.628 -96.1894 -193.019 306.997 -107.79 15.5559 11.3481 11.829 
143.105 144.118 142.603 138.512 139.797 129.176 79.9727 81.3583 83.6476 83.509 -192.901 257.926 -109.293 -201.267 292.877 -79.3409 -190.604 289.795 -80.7338 -180.892 290.353 -84.9533 -173.589 290.243 -96.8149 -193.464 307.469 -108.264 15.6073 11.4141 11.7003 
142.803 144.052 142.715 138.656 139.942 129.082 79.8442 81.0664 83.3789 83.2171 -193.462 258.702 -110.367 -201.575 293.357 -79.9791 -190.933 290.417 -81.5065 -181.294 291.001 -85.7475 -174.048 290.982 -97.6297 -194.15 308.061 -108.721 15.5897 11.4942 11.7536 
142.43 144.104 142.984 138.787 139.952 128.954 79.5901 80.7931 83.2278 82.9796 -194.094 259.685 -111.34 -201.947 294.093 -80.5237 -191.33 291.195 -82.115 -181.736 291.736 -86.3661 -174.571 291.834 -98.2949 -194.842 308.825 -109.041 15.5878 11.5381 11.8431 
142.074 143.985 143.141 138.769 139.924 128.965 79.5578 80.7561 83.3026 82.931 -194.663 260.543 -112.321 -202.221 294.649 -81.0164 -191.653 291.806 -82.6191 -182.099 292.323 -86.8846 -175.033 292.566 -98.8664 -195.46 309.532 -109.351 15.577 11.5498 11.959 
141.586 144.131 143.464 139.002 140.17 128.841 79.6056 80.6688 83.2283 82.7078 -194.885 261.482 -113.404 -202.131 295.065 -81.4973 -191.615 292.39 -83.2146 -182.13 293.021 -87.5529 -175.224 293.522 -99.6152 -196.076 310.255 -109.597 15.5538 11.5701 12.0801 
141.181 144.307 143.822 139.197 140.305 128.769 79.5641 80.5805 83.1499 82.5798 -195.481 262.665 -114.436 -202.262 295.847 -82.0601 -191.784 293.221 -83.8507 -182.322 293.948 -88.2583 -175.556 294.656 -100.343 -196.769 311.281 -109.875 15.5057 11.5501 12.1971 
140.725 144.419 144.183 139.366 140.255 128.629 79.3946 80.4678 83.0528 82.4521 -196.381 264.104 -115.2 -202.753 296.954 -82.5752 -192.301 294.309 -84.3702 -182.817 295.087 -88.8435 -176.132 295.952 -100.948 -197.547 312.584 -110.09 15.4519 11.4965 12.3151 
140.325 144.829 144.596 139.572 140.189 128.458 79.0883 80.195 82.8528 82.2415 -197.249 265.587 -115.81 -203.372 298.304 -82.9044 -192.952 295.513 -84.7236 -183.411 296.205 -89.2091 -176.808 297.055 -101.318 -198.201 313.782 -110.221 15.4848 11.4538 12.3905 
139.881 145.145 145.033 139.834 140.024 128.314 78.5257 79.7039 82.4245 81.8634 -198.567 267.293 -116.485 -204.108 299.821 -83.3284 -193.683 296.841 -85.1882 -184.073 297.416 -89.6731 -177.543 298.23 -101.772 -198.794 315.128 -110.321 15.5765 11.4335 12.4406 
139.701 145.122 145.202 139.825 139.712 128.098 78.281 79.5538 82.2785 81.6932 -199.523 268.739 -116.767 -204.825 301.177 -83.6358 -194.478 298.038 -85.4173 -184.816 298.488 -89.9396 -178.35 299.24 -102.06 -199.325 316.383 -110.475 15.6717 11.3881 12.5677 
139.425 144.997 145.456 139.821 139.31 127.834 77.9881 79.4299 82.1275 81.619 -200.635 270.323 -116.858 -205.767 302.693 -83.9032 -195.543 299.278 -85.5466 -185.831 299.527 -90.1305 -179.404 300.166 -102.251 -199.899 317.762 -110.567 15.7742 11.344 12.7432 
139.452 144.926 145.573 139.82 139.083 127.355 77.6963 79.3657 82.1158 81.787 -201.713 271.756 -116.672 -206.897 304.283 -84.0388 -196.795 300.495 -85.5095 -187.022 300.421 -90.0646 -180.59 300.801 -102.145 -200.288 318.99 -110.701 15.9406 11.3146 12.8356 
139.477 145.095 145.791 139.86 138.999 126.908 77.5997 79.3782 82.1187 81.8766 -202.296 272.932 -116.671 -207.504 305.542 -84.1154 -197.556 301.471 -85.4829 -187.815 301.154 -90.052 -181.445 301.366 -102.142 -200.534 319.958 -110.796 16.1249 11.3418 12.9473 
139.672 145.318 145.959 139.894 138.981 126.452 77.4352 79.32 82.0541 81.9682 -203.034 273.989 -116.381 -208.28 307.04 -84.1258 -198.404 302.657 -85.4414 -188.661 302.073 -89.9931 -182.302 302.018 -102.042 -200.771 320.93 -110.986 16.2945 11.3508 12.8937 
139.773 145.563 146.253 140.114 138.962 126.257 77.2285 79.1386 81.8285 81.8859 -203.854 274.977 -116.403 -208.942 308.29 -84.3925 -199.12 303.698 -85.6964 -189.35 302.939 -90.2437 -182.986 302.709 -102.271 -200.955 321.885 -111.288 16.4396 11.3457 12.8534 
139.816 145.931 146.545 140.435 139.132 126.074 77.1411 78.9512 81.6405 81.7619 -204.308 275.878 -116.758 -209.265 309.091 -84.7174 -199.496 304.459 -86.0752 -189.716 303.638 -90.6047 -183.362 303.389 -102.651 -201.034 322.676 -111.578 16.5799 11.3641 12.8482 
139.84 146.124 146.831 140.702 139.239 125.988 76.9242 78.7152 81.4491 81.6805 -204.459 276.671 -117.027 -209.499 309.89 -85.0938 -199.784 305.2 -86.4281 -189.976 304.291 -90.9047 -183.6 303.981 -102.931 -200.947 323.377 -111.875 16.6916 11.3799 12.8876 
139.858 146.143 147.07 140.888 139.41 125.952 76.9593 78.7727 81.6089 81.8894 -204.032 277.073 -117.33 -209.546 310.263 -85.4631 -199.95 305.559 -86.6701 -190.171 304.611 -91.0566 -183.772 304.295 -103.089 -200.85 323.752 -112.215 16.7678 11.4376 13.045 
140.042 145.966 147.039 141.04 139.593 126.125 76.9287 78.7942 81.7561 82.1632 -203.715 277.294 -117.758 -209.612 310.408 -85.9022 -200.019 305.705 -87.0154 -190.211 304.747 -91.2419 -183.723 304.401 -103.224 -200.522 323.959 -112.598 16.7995 11.4699 13.0533 
140.195 145.652 146.701 140.937 139.741 126.352 77.0411 78.8145 81.8901 82.4068 -203.13 277.142 -118.154 -209.377 310.05 -86.2937 -199.711 305.519 -87.391 -189.783 304.626 -91.4631 -183.262 304.253 -103.35 -200.025 323.793 -112.993 16.8217 11.4032 12.976 
140.037 145.47 146.46 141.103 140.035 126.736 76.9543 78.6189 81.7244 82.367 -202.776 277.305 -119.037 -209.038 309.74 -86.9292 -199.236 305.417 -88.1208 -189.201 304.692 -92.1277 -182.619 304.444 -103.929 -199.662 323.901 -113.439 16.739 11.3493 12.8852 
139.884 145.492 146.013 141.028 140.231 126.955 76.9684 78.472 81.6597 82.3108 -202.348 277.304 -119.802 -208.717 309.5 -87.4915 -198.68 305.439 -88.8627 -188.635 304.824 -92.798 -182.079 304.589 -104.561 -199.48 323.803 -114.076 16.7147 11.3744 12.6198 
140.135 145.362 145.316 140.68 139.975 127.401 76.947 78.3999 81.5359 82.2166 -202.812 277.167 -120.265 -208.84 309.448 -88.1 -198.527 305.439 -89.6221 -188.438 304.822 -93.5285 -181.795 304.494 -105.225 -199.283 323.74 -114.829 16.624 11.3532 12.2221 
140.258 145.19 145.106 140.545 140.027 127.809 77.0056 78.4993 81.6302 82.4143 -203.408 277.497 -121.096 -209.039 309.858 -89.0521 -198.734 305.808 -90.5908 -188.638 305.155 -94.5439 -181.908 304.833 -106.175 -199.486 324.174 -115.853 16.4508 11.3154 12.1987 
140.154 144.728 144.606 140.128 139.735 127.784 77.1841 78.8019 82.0406 82.8991 -203.472 277.427 -121.515 -209.369 309.905 -89.9267 -199.145 305.805 -91.3264 -189.033 304.967 -95.2603 -182.303 304.452 -106.877 -199.548 324.045 -116.98 16.4529 11.2527 12.2375 
140.077 144.574 144.537 140.319 140.226 127.742 77.4752 79.0787 82.3784 83.268 -203.097 277.679 -122.731 -209.338 309.89 -90.9996 -199.152 305.851 -92.3852 -189.067 305.062 -96.2829 -182.34 304.576 -107.897 -199.746 324.127 -118.183 16.3624 11.2576 12.2709 
139.799 145.079 144.662 140.792 140.585 127.756 77.3804 78.8154 82.0908 82.9535 -202.805 277.977 -124.28 -209.18 309.607 -92.2247 -198.858 305.726 -93.7943 -188.707 305.074 -97.6864 -181.919 304.711 -109.31 -199.678 324.144 -119.283 16.2588 11.2282 12.1289 
139.777 145.342 144.758 141.057 141.089 127.832 77.3547 78.6547 81.9297 82.6922 -202.684 278.299 -125.862 -209.052 309.635 -93.4324 -198.665 305.87 -95.1698 -188.58 305.263 -99.0965 -181.778 304.993 -110.755 -199.833 324.193 -120.519 16.1679 11.2982 12.0421 
140.327 145.709 144.989 141.308 141.572 127.91 77.0952 78.5159 81.9163 82.8596 -203.021 278.682 -126.912 -209.677 310.585 -94.6089 -199.239 306.598 -96.3118 -189.199 305.733 -100.198 -182.381 305.254 -111.824 -200.015 324.549 -121.872 16.2577 11.351 11.9204 
140.85 145.306 144.774 141.386 141.996 127.92 77.3923 78.8395 82.2517 83.1655 -203.193 279.236 -128.502 -209.996 310.982 -96.0245 -199.58 306.989 -97.6952 -189.593 306.147 -101.562 -182.771 305.725 -113.219 -200.355 325.101 -123.373 16.2213 11.3799 11.9141 
140.986 145.167 144.743 141.728 142.356 127.883 77.6896 79.1544 82.4945 83.3163 -202.962 279.916 -130.371 -209.872 310.874 -97.4777 -199.459 307.041 -99.1511 -189.458 306.468 -103.042 -182.65 306.37 -114.775 -200.532 325.825 -124.564 16.1234 11.3483 11.9889 
141.214 144.946 144.445 141.871 142.467 127.656 77.9135 79.3467 82.5832 83.3625 -203.028 280.413 -131.718 -209.83 310.735 -98.6989 -199.429 307.062 -100.431 -189.41 306.702 -104.349 -182.639 306.796 -116.156 -200.556 326.417 -125.581 16.1325 11.3286 12.0007 
141.229 144.484 144.016 141.843 142.356 127.477 78.1108 79.5058 82.5936 83.2261 -203.199 281.012 -133.153 -209.882 310.621 -99.9356 -199.447 307.147 -101.697 -189.395 307.011 -105.64 -182.658 307.306 -117.492 -200.759 326.958 -126.594 16.1164 11.293 11.9896 
141.587 144.536 144.014 141.974 142.252 127.419 77.9358 79.2347 82.209 82.8449 -203.722 281.596 -133.917 -210.311 311.289 -100.845 -199.694 307.893 -102.665 -189.645 307.756 -106.576 -182.865 307.931 -118.43 -200.81 327.584 -127.455 16.1876 11.3576 11.7721 
142.061 144.348 143.873 142.013 142.123 127.573 77.8628 78.959 81.7525 82.3163 -204.935 282.424 -134.934 -210.73 311.994 -101.873 -199.925 308.764 -103.803 -189.858 308.71 -107.711 -183.003 308.9 -119.544 -201.074 328.507 -128.3 16.1363 11.3974 11.5797 
142.047 144.131 143.905 142.141 141.892 127.605 77.5214 78.6174 81.3195 81.7917 -206.014 283.454 -135.944 -211.104 313.013 -102.929 -200.167 309.742 -104.871 -190.148 309.641 -108.762 -183.336 309.798 -120.62 -201.338 329.446 -129.064 16.2324 11.4996 11.5012 
142.119 144.053 144.003 142.248 141.846 127.73 77.2583 78.3178 81.0143 81.4617 -206.957 284.589 -136.774 -211.611 314.38 -103.75 -200.565 311.04 -105.708 -190.606 310.846 -109.542 -183.832 310.881 -121.367 -201.783 330.496 -129.762 16.2913 11.613 11.4161 
141.996 143.958 144.05 142.175 141.466 127.767 76.9918 77.9665 80.6293 81.0219 -207.78 285.594 -137.459 -211.934 315.518 -104.494 -200.779 312.116 -106.473 -190.827 311.829 -110.256 -184.124 311.739 -122.042 -201.997 331.369 -130.319 16.3954 11.6819 11.3475 
141.7 143.858 143.995 141.933 140.783 127.777 76.8139 77.8008 80.4452 80.789 -208.548 286.343 -137.949 -212.151 316.368 -105.218 -201.065 312.824 -107.14 -191.095 312.417 -110.936 -184.447 312.278 -122.728 -202.088 332.103 -130.851 16.5005 11.674 11.4656 
141.186 143.794 144.083 141.769 140.272 127.911 76.7266 77.72 80.4067 80.6582 -208.852 286.962 -138.524 -211.999 316.911 -105.776 -201.04 313.267 -107.614 -191.041 312.771 -111.414 -184.477 312.68 -123.2 -202.067 332.634 -131.157 16.5552 11.6361 11.6892 
140.776 143.653 144.208 141.692 140.072 128.06 76.6013 77.6745 80.5107 80.7086 -208.796 287.41 -139.006 -211.744 317.314 -106.266 -200.921 313.618 -107.979 -190.976 313.04 -111.734 -184.466 313.006 -123.539 -202.016 332.998 -131.419 16.581 11.6912 11.958 
140.477 143.788 144.363 141.653 139.817 128.153 76.3035 77.5108 80.3669 80.5319 -208.696 287.743 -139.269 -211.578 317.818 -106.705 -200.7 314.056 -108.312 -190.715 313.451 -112.042 -184.201 313.439 -123.824 -201.777 333.415 -131.633 16.6098 11.6716 12.0182 
140.117 143.797 144.502 141.52 139.522 128.174 76.1052 77.4414 80.3498 80.4474 -208.546 288.135 -139.491 -211.368 318.369 -107.135 -200.552 314.541 -108.602 -190.585 313.9 -112.332 -184.071 313.947 -124.134 -201.628 333.9 -131.87 16.6419 11.6862 12.2077 
139.902 143.77 144.676 141.486 139.408 128.146 75.9097 77.2904 80.2283 80.2038 -208.34 288.703 -140.006 -210.905 318.842 -107.647 -200.008 315.059 -109.109 -190.038 314.501 -112.824 -183.547 314.691 -124.646 -201.374 334.455 -132.159 16.651 11.7066 12.2342 
139.49 143.515 144.624 141.21 138.944 127.944 75.8102 77.3399 80.3487 80.3006 -208.149 289.106 -140.167 -210.54 319.265 -108.02 -199.692 315.355 -109.389 -189.687 314.753 -113.123 -183.241 315.016 -124.954 -201.011 334.909 -132.363 16.6781 11.6506 12.362 
139.274 143.357 144.652 141.167 138.9 127.733 75.8089 77.4742 80.6122 80.7917 -207.861 289.516 -139.978 -210.587 319.689 -108.109 -199.861 315.63 -109.366 -189.771 314.902 -113.094 -183.323 315.109 -124.894 -200.665 335.338 -132.469 16.7397 11.5367 12.4774 
139.183 143.346 144.68 141.231 139.027 127.503 75.6645 77.4668 80.7291 81.1589 -207.552 290.057 -139.837 -210.648 320.344 -108.266 -199.971 316.094 -109.44 -189.847 315.177 -113.133 -183.377 315.248 -124.901 -200.229 335.804 -132.656 16.7992 11.4957 12.4832 
139.039 143.334 144.704 141.439 139.173 127.382 75.5249 77.1729 80.402 80.9657 -207.19 290.662 -140.01 -210.411 320.755 -108.589 -199.706 316.634 -109.795 -189.553 315.711 -113.484 -183.019 315.73 -125.243 -199.719 336.351 -132.839 16.8055 11.5148 12.4964 
139.128 143.85 145.193 142.048 139.56 127.955 74.9497 76.3943 79.5729 80.1336 -207.181 291.439 -140.884 -210.033 321.415 -109.201 -199.09 317.569 -110.529 -188.961 316.726 -114.2 -182.305 316.823 -125.934 -199.383 337.114 -133.064 16.723 11.6461 12.4359 
139.079 143.809 145.261 142.275 139.61 128.201 74.6991 76.0643 79.2373 79.7755 -206.824 292.037 -141.444 -209.542 321.824 -109.723 -198.491 318.154 -111.062 -188.392 317.381 -114.698 -181.687 317.539 -126.449 -198.885 337.7 -133.31 16.7189 11.7403 12.4548 
138.651 143.855 145.393 142.327 139.683 128.255 74.4493 75.8739 79.1273 79.6676 -205.971 292.448 -141.516 -208.931 322.571 -109.985 -197.915 318.867 -111.268 -187.955 318.032 -114.87 -181.254 318.127 -126.652 -198.419 338.131 -133.557 16.775 11.9096 12.5554 
138.758 143.91 145.702 142.552 140.205 128.4 74.1609 75.8257 79.3248 79.9419 -205.216 293.258 -141.915 -208.375 323.917 -110.433 -197.434 320.045 -111.631 -187.634 319.131 -115.144 -180.876 319.249 -126.929 -198.141 339.076 -134.033 16.7097 12.0863 12.6735 
138.516 144.062 146.171 142.925 140.537 128.243 73.906 75.8126 79.431 80.0627 -204.523 294.499 -142.649 -207.972 325.167 -111.106 -197.127 321.128 -112.23 -187.403 320.216 -115.737 -180.6 320.47 -127.584 -197.947 340.217 -134.582 16.6699 12.1596 12.8365 
137.815 143.522 145.581 142.461 139.921 128.096 74.4445 76.7041 80.3519 80.7767 -203.696 294.957 -143.076 -206.791 325.018 -111.585 -196.184 320.77 -112.496 -186.421 319.96 -116.071 -179.624 320.592 -127.976 -197.296 340.618 -134.847 16.4194 11.981 13.1925 
137.717 144.372 145.883 142.579 139.961 127.688 74.0167 76.5096 80.3213 80.7066 -201.213 296.045 -144.146 -204.519 325.872 -111.992 -193.931 321.521 -112.989 -184.14 320.723 -116.613 -177.383 321.513 -128.49 -195.601 341.254 -135.133 16.32 11.927 13.3389 
137.766 143.449 145.435 142.032 139.464 127.425 74.2555 77.079 80.8632 81.1446 -199.36 295.825 -143.862 -203.575 325.775 -111.806 -193.007 321.395 -112.602 -183.246 320.701 -116.249 -176.464 321.474 -128.202 -194.739 341.205 -135.138 16.2583 11.8935 13.3949 
137.837 143.268 145.486 142.032 139.73 127.278 74.3617 77.1375 80.9331 81.2227 -197.423 295.928 -144.113 -202.598 325.713 -111.96 -192.205 321.495 -112.649 -182.265 320.952 -116.333 -175.239 321.883 -128.191 -193.937 341.248 -135.375 15.9679 11.6907 13.6783 
138.321 142.32 144.861 141.296 139.275 127.129 74.3785 77.8911 82.0407 82.6111 -196.153 295.904 -142.872 -202.759 327.035 -111.632 -192.549 322.062 -111.914 -182.559 320.978 -115.445 -175.324 321.342 -127.234 -193.022 341.476 -135.742 15.9168 11.5536 13.5941 
138.734 141.714 144.366 141.167 139.992 127.33 75.1627 78.5498 82.275 82.6659 -195.121 296.16 -143.087 -202.175 327.206 -111.898 -191.817 322.435 -112.12 -181.972 321.632 -115.664 -174.686 322.047 -127.528 -192.438 341.937 -136.306 15.9422 11.6893 13.3047 
139.081 141.835 144.631 141.365 140.364 127.256 75.2308 78.4234 82.0797 82.5195 -194.114 296.633 -143.364 -201.688 327.904 -112.312 -191.253 323.295 -112.545 -181.353 322.59 -116.027 -174.069 322.932 -127.77 -192.016 342.634 -136.697 15.9391 11.6735 13.2315 
139.331 142.196 144.853 141.581 140.44 127.102 74.9845 77.907 81.477 81.9857 -193.287 297.402 -144.025 -200.98 328.082 -112.762 -190.328 323.774 -113.149 -180.195 323.251 -116.596 -172.879 323.631 -128.184 -191.268 343.168 -136.819 15.8643 11.5126 13.0978 
139.449 142.921 145.256 141.783 140.467 126.964 74.4728 77.3768 80.9121 81.4418 -192.547 297.839 -144.027 -200.521 328.708 -112.675 -189.453 324.476 -113.211 -179.199 323.926 -116.572 -171.871 324.088 -128.062 -190.298 343.456 -136.78 15.9694 11.4682 12.6052 
139.359 143.734 145.825 142.243 140.688 126.831 74.054 76.8158 80.314 80.7457 -192.019 298.856 -144.785 -199.778 329.395 -113.044 -188.552 325.301 -113.707 -178.219 324.81 -117.049 -170.87 325.087 -128.501 -189.681 344.126 -136.907 15.979 11.4467 12.5116 
139.162 144.664 146.81 143.377 141.161 126.87 73.2715 75.7377 79.1597 79.5728 -191.497 300.136 -145.979 -198.929 330.037 -113.65 -187.564 326.202 -114.585 -177.215 325.846 -117.92 -169.778 326.318 -129.331 -189.076 344.874 -136.993 15.964 11.5652 12.5309 
138.941 146.04 148.013 144.76 141.692 127.567 72.6921 74.704 78.1994 78.6988 -191.025 301.632 -147.218 -198.194 330.618 -114.056 -186.805 327.244 -115.322 -176.331 327.04 -118.639 -168.778 327.695 -130.016 -188.553 345.697 -137.126 15.9148 11.5461 12.5913 
139.011 146.522 147.936 144.732 141.451 127.703 72.7302 74.5621 78.0003 78.3191 -190.891 302.359 -147.501 -197.617 331.218 -114.283 -186.088 327.997 -115.648 -175.531 327.867 -118.906 -168.004 328.509 -130.302 -187.93 346.383 -137.338 15.9929 11.4893 12.3875 
139.898 145.431 148.258 145.875 142.466 127.338 71.4982 73.5774 77.4424 78.3031 -191.798 303.857 -148.006 -197.812 332.175 -115.403 -185.632 328.835 -116.815 -174.682 328.399 -119.837 -166.948 329.155 -130.821 -187.17 347.532 -137.505 15.7011 11.2083 12.0515 
138.719 144.562 146.709 144.759 142.106 127.366 72.6852 74.278 77.8907 78.0685 -191.446 304.12 -147.805 -196.846 331.751 -115.251 -184.739 328.871 -116.715 -173.704 328.735 -119.738 -166.14 329.697 -130.816 -186.605 347.828 -137.556 15.7308 11.058 12.0165 
138.962 144.085 146.02 144.326 142.171 127.989 72.9453 74.3604 77.9228 77.6901 -191.281 304.416 -147.915 -196.148 332.033 -115.027 -183.807 329.5 -116.679 -172.761 329.501 -119.665 -165.205 330.476 -130.823 -186.052 348.205 -137.623 15.6378 11.0489 11.6293 
138.808 143.743 145.648 144.098 141.962 128.306 73.1791 74.365 78.0148 77.5098 -190.475 304.557 -148.151 -195.047 332.091 -115.009 -182.836 329.773 -116.743 -171.876 329.844 -119.677 -164.384 330.886 -130.967 -185.363 348.318 -137.718 15.6916 11.1503 11.7051 
138.474 144.25 145.826 144.236 141.893 128.684 72.7507 74.045 77.8052 77.3888 -190.446 305.248 -148.329 -194.646 333.278 -115.103 -182.404 330.673 -116.964 -171.539 330.552 -119.86 -164.004 331.386 -131.177 -184.85 348.851 -137.994 15.7187 11.2941 11.5399 
