158.788 170.962 180.0 148.446 155.838 178.597 157.943 167.175 83.3345 91.3922 135.488 286.927 -177.818 88.1846 261.873 -244.342 54.4707 241.962 -247.246 60.6699 261.719 -143.174 48.2625 263.961 -139.305 53.5154 298.039 -162.76 10.4146 98.3903 13.8014
158.552 170.963 180.0 147.808 156.122 177.993 158.233 167.264 83.3074 91.8834 136.032 287.46 -177.748 88.3786 261.875 -244.333 54.8443 241.72 -246.915 60.73 261.207 -143.857 48.5542 264.017 -139.205 53.7304 298.26 -162.77 10.7054 96.8698 13.8333
158.364 170.987 179.782 147.525 156.471 177.379 158.591 167.489 82.7853 92.6468 136.516 287.949 -177.64 88.5288 261.826 -244.285 55.0572 241.501 -246.629 60.7725 260.648 -144.8 48.8848 263.913 -138.962 53.9619 298.357 -162.688 11.0015 95.3189 13.9024
158.416 171.02 179.205 147.17 156.805 176.979 158.861 167.432 81.9365 93.4479 136.854 288.349 -177.5 88.7063 261.85 -244.136 55.463 241.366 -246.142 60.7282 260.038 -146.095 49.2588 263.743 -138.828 54.1991 298.513 -162.568 11.5505 93.2294 13.9081
158.472 171.045 178.29 145.91 157.066 176.562 158.862 167.258 81.0699 94.2076 137.26 288.758 -177.333 88.9595 261.85 -243.909 55.899 241.246 -245.675 60.726 259.206 -147.993 49.6357 263.777 -138.657 54.4677 298.76 -162.513 12.6911 90.3718 13.9081
158.698 171.059 177.631 144.17 157.199 176.313 158.936 167.119 80.5633 94.8739 137.54 289.012 -177.173 89.2424 261.846 -243.682 56.3673 241.156 -245.27 60.6187 258.436 -149.697 50.0149 263.941 -138.512 54.7116 299.022 -162.485 14.2882 87.6805 13.8776
158.999 171.058 177.58 141.714 157.29 176.067 159.033 167.104 79.5564 95.4492 137.834 289.161 -176.896 89.4568 261.94 -243.439 56.7597 241.165 -244.819 60.293 257.949 -151.396 50.4068 264.042 -138.355 54.937 299.27 -162.398 15.989 85.2039 13.8603
159.461 171.031 177.672 139.084 157.164 176.174 159.346 167.174 78.3232 95.8115 137.924 289.28 -176.789 89.7531 262.221 -243.327 57.1167 241.421 -244.581 59.8869 257.807 -152.826 50.7071 264.097 -138.291 55.1647 299.428 -162.267 17.3839 83.4313 13.8969
159.823 170.917 177.644 136.155 157.136 176.254 159.687 167.274 77.3539 96.1543 138.038 289.384 -176.657 90.0251 262.293 -243.138 57.4846 241.506 -244.305 59.5394 257.236 -154.427 51.0623 263.972 -138.17 55.41 299.432 -162.076 19.2035 81.2067 13.8736
160.172 170.853 176.16 132.254 157.222 176.411 159.842 166.988 76.7842 96.5102 138.101 289.406 -176.58 90.2522 262.346 -242.899 57.8646 241.703 -244.012 60.0075 256.2 -157.855 51.311 264.046 -138.004 55.6645 299.436 -161.853 22.4314 76.7621 13.782
163.767 172.1 174.924 122.79 156.285 178.525 159.493 164.075 78.0276 98.1365 137.199 288.495 -176.466 91.3474 262.603 -241.954 58.8484 241.281 -242.509 59.3956 253.18 -163.933 52.7452 263.724 -137.905 56.2214 299.619 -161.262 30.7229 66.7615 14.3202
166.208 172.83 174.885 113.281 155.189 179.652 159.244 162.949 80.8344 98.4463 136.268 287.377 -176.194 92.1523 262.81 -241.244 59.2714 241.144 -242.027 58.9398 251.086 -167.733 53.5182 263.574 -137.67 56.5246 299.614 -160.779 36.4685 60.7602 14.6122
168.222 173.162 174.577 107.202 154.293 178.246 159.074 162.281 85.351 98.6195 135.557 286.306 -175.836 92.7842 262.933 -240.708 59.6124 241.151 -241.825 58.8418 248.808 -171.053 54.1564 263.343 -137.397 56.7514 299.548 -160.358 41.4018 55.7645 14.7267
169.607 173.664 174.024 104.974 153.47 177.243 158.597 161.598 89.0885 98.4223 135.248 285.675 -175.489 93.356 263.173 -240.234 60.0317 241.328 -241.654 59.5311 247.461 -172.615 54.6544 263.368 -137.172 56.9909 299.515 -159.968 43.7193 53.4835 14.7684
170.764 173.962 173.605 104.541 152.669 176.306 157.998 161.034 91.4199 98.0732 135.03 284.988 -175.091 93.8215 263.402 -239.833 60.4163 241.45 -241.478 60.3543 246.692 -172.646 55.0743 263.408 -137.005 57.1654 299.483 -159.614 44.1042 53.145 14.8025
171.653 174.218 173.399 102.745 151.875 175.419 157.353 160.707 90.996 97.3427 134.805 284.167 -174.654 94.2983 263.623 -239.475 60.8038 241.655 -241.46 61.1308 247.12 -171.306 55.3303 263.519 -136.913 57.3058 299.359 -159.302 42.8092 54.7704 14.7958
169.888 174.308 173.371 111.091 151.615 175.63 156.517 160.913 79.2787 95.0946 135.604 284.367 -174.273 94.1521 263.906 -239.559 60.8357 242.248 -241.737 62.6212 253.593 -161.732 54.8667 264.013 -137.099 57.5202 299.293 -159.257 29.9623 68.8094 14.5158
168.241 173.792 174.864 132.641 151.837 175.769 156.018 161.555 77.0083 92.9808 136.419 284.631 -173.869 94.1871 264.184 -239.62 61.0804 242.6 -241.934 64.8066 259.363 -150.625 54.5661 264.673 -137.132 57.7537 299.372 -159.162 16.4666 84.682 14.3004
166.518 173.422 175.88 139.285 152.651 176.609 155.683 162.134 78.4334 91.2205 137.353 285.378 -173.784 94.3568 264.458 -239.59 61.4277 242.794 -241.938 65.393 261.001 -146.222 54.4006 265.093 -137.022 58.1477 299.445 -158.963 13.5101 89.937 14.1684
164.652 172.891 176.745 142.456 152.954 177.107 155.468 162.664 80.3524 89.9759 138.238 286.363 -173.587 94.7555 264.735 -239.373 62.0157 242.91 -241.826 66.1378 262.626 -142.714 54.3653 265.704 -136.839 58.5545 299.609 -158.706 11.9417 93.781 14.0896
164.337 173.099 177.515 144.297 153.232 176.689 155.245 163.144 81.1947 89.0238 138.818 287.045 -173.307 95.6193 265.257 -238.823 63.068 243.398 -241.66 67.1273 264.232 -140.574 54.7977 266.377 -136.586 59.1303 299.991 -158.3 11.227 96.071 13.8964
164.934 173.325 177.677 145.345 153.396 175.911 155.012 163.13 81.7096 88.2545 139.297 287.64 -173.173 96.5509 265.831 -238.17 64.4879 243.794 -241.15 68.2234 265.529 -139.179 55.4895 267.014 -136.352 59.8124 300.451 -157.87 10.9294 97.0546 13.6276
166.678 173.298 177.585 146.447 153.508 174.692 154.894 163.397 81.8277 87.3233 139.588 288.301 -172.857 97.5574 266.513 -237.204 65.8917 244.513 -240.658 69.2225 267.13 -137.569 56.2137 267.811 -135.863 60.5557 300.972 -157.166 10.8496 98.4784 13.2513
168.655 172.252 177.358 148.221 153.565 173.152 155.159 164.083 82.5673 86.0941 140.04 288.459 -172.097 98.8555 266.904 -236.297 67.3851 244.745 -240.094 70.2077 268.721 -135.077 57.0455 268.718 -135.207 61.4858 301.415 -156.427 11.4648 100.583 13.0849
171.833 171.131 177.245 148.698 153.503 171.758 155.154 164.669 82.6069 85.1011 141.235 288.822 -170.958 100.271 267.41 -235.397 68.9241 244.969 -239.453 71.5824 269.522 -133.641 58.3889 269.321 -134.394 62.5986 301.921 -155.57 11.8648 101.279 12.9954
176.77 168.891 178.252 149.108 153.8 170.03 154.187 165.79 81.0542 84.5084 142.585 289.483 -168.857 102.51 269.107 -233.953 71.0012 245.81 -239.488 72.9588 269.476 -133.048 60.4767 269.265 -133.141 63.9826 302.068 -154.269 12.3587 101.842 13.2709
177.296 167.648 176.76 139.141 154.672 168.248 152.317 165.524 72.4391 84.3962 145.857 291.664 -164.99 107.089 271.89 -230.706 76.0845 247.71 -237.391 78.3058 269.574 -138.998 65.3529 269.096 -130.283 67.2501 302.388 -151.214 9.70331 95.1008 13.3651
175.637 167.837 174.65 133.274 155.523 168.072 150.671 164.029 72.6908 85.7857 147.809 294.042 -162.883 109.682 273.813 -228.682 79.5864 249.204 -235.664 83.2026 266.639 -143.743 68.9744 268.53 -128.773 69.1355 302.759 -149.441 14.8208 85.8784 13.1077
173.879 166.56 172.739 130.119 156.33 167.924 149.579 162.1 71.8956 87.5958 149.738 296.254 -160.706 112.649 275.889 -226.531 83.9497 251.032 -233.499 89.0948 265.244 -151.781 73.1558 267.819 -127.355 71.2499 303.037 -147.477 24.4508 73.5257 12.5741
173.341 165.704 171.576 124.272 156.397 168.174 147.845 159.726 78.8041 89.221 152.09 298.541 -158.693 115.684 277.635 -224.16 88.1098 252.469 -231.028 93.8702 261.253 -157.356 77.0257 267.139 -126.194 73.5623 303.553 -145.624 33.2737 62.4026 12.2407
173.103 165.276 170.597 116.312 155.17 167.983 146.719 158.19 88.6421 90.31 153.996 300.223 -156.365 118.767 279.334 -221.727 92.0937 253.384 -228.346 97.7316 257.051 -159.725 80.7468 266.528 -124.646 75.8332 304.088 -143.518 38.2125 55.2543 12.2589
173.016 165.983 169.493 117.203 154.198 167.531 146.534 156.548 100.288 90.6063 155.659 300.747 -153.857 121.524 279.789 -219.445 96.0427 253.451 -225.145 100.431 251.001 -157.818 83.8399 266.533 -122.633 78.2788 304.582 -141.278 40.1785 52.0707 11.9302
172.339 165.929 169.07 132.597 153.833 167.376 146.108 155.433 108.3 91.4834 157.4 301.986 -151.02 124.108 280.929 -216.651 99.6513 254.195 -221.876 103.837 246.901 -159.161 87.1102 266.525 -120.298 80.4869 305.246 -138.572 43.8841 46.8968 11.7039
174.19 165.794 167.331 136.418 153.371 167.818 146.836 155.186 117.583 92.4785 159.947 303.885 -147.57 127.022 281.035 -213.902 103.289 253.691 -218.714 104.856 242.307 -160.83 90.2801 266.711 -117.174 82.9309 305.668 -135.745 49.6009 41.1984 11.6587
175.516 166.147 167.07 136.572 153.104 168.528 146.953 154.687 116.213 92.3985 161.793 305.044 -144.856 129.221 281.743 -211.245 105.788 254.183 -215.756 106.116 242.696 -158.509 92.4262 266.701 -114.556 84.9864 306.088 -132.89 49.9605 40.2843 11.7213
177.291 165.806 165.966 136.56 153.329 168.933 148.0 154.845 125.064 93.721 164.193 306.484 -141.452 131.478 282.147 -208.653 108.568 254.232 -212.824 106.933 239.508 -160.776 95.208 266.585 -111.476 87.0766 306.385 -129.896 54.888 35.2887 11.6837
179.99 165.852 164.906 141.556 153.702 169.649 149.672 155.391 133.625 94.2095 166.389 307.506 -138.351 133.607 282.045 -206.21 110.768 254.297 -210.348 106.822 237.376 -163.758 97.0167 267.04 -108.064 89.0617 306.611 -127.11 61.0027 30.4275 11.507
178.205 165.689 163.736 139.414 154.976 170.252 150.909 155.819 142.323 95.5312 168.705 308.377 -135.05 135.133 282.179 -203.827 112.096 254.633 -207.968 105.791 235.889 -166.939 99.16 267.321 -104.932 90.9003 306.994 -124.276 66.5472 25.9154 11.4137
176.632 165.54 163.194 137.901 156.199 170.852 152.165 156.483 149.63 96.9687 170.815 309.351 -131.8 136.253 282.85 -201.781 113.243 255.106 -205.865 104.887 235.455 -170.14 101.463 267.629 -102.011 92.5656 307.381 -121.554 71.6556 21.7345 11.4435
176.257 165.378 162.756 140.678 157.277 171.382 153.333 157.549 156.972 98.2735 172.774 309.477 -128.271 137.174 283.997 -199.847 113.829 256.252 -204.305 103.225 235.864 -173.671 103.497 267.973 -99.0826 94.0811 307.764 -118.878 77.2489 18.0005 11.5184
176.053 165.055 162.535 142.931 158.241 172.092 154.84 158.441 163.126 99.2655 174.045 309.472 -125.555 137.659 285.38 -198.294 113.912 257.462 -203.044 101.247 237.246 -176.627 104.741 267.976 -96.786 95.1323 307.83 -116.472 81.949 14.881 11.7865
176.568 165.901 162.405 147.97 158.904 172.667 156.078 158.765 168.008 99.7563 175.031 309.33 -122.96 138.259 285.859 -196.281 113.739 258.2 -200.958 99.2073 239.314 -178.069 104.69 268.781 -94.3597 96.031 308.623 -114.164 85.4878 12.2101 12.0478
176.779 166.119 162.935 157.782 158.894 173.354 156.728 159.167 172.477 99.566 175.997 309.267 -120.838 138.925 286.165 -194.511 113.625 258.643 -199.293 98.9429 241.865 -178.626 104.282 269.996 -92.0782 96.9225 309.39 -112.374 88.2385 10.1678 12.3487
176.993 166.398 163.963 165.039 159.606 174.143 158.181 159.956 174.916 99.6446 177.076 309.361 -118.993 139.785 286.388 -193.08 114.266 258.51 -197.749 99.5198 242.465 -178.743 104.69 270.496 -90.3515 97.9022 309.467 -110.647 89.7802 9.02978 12.6679
176.814 166.959 164.745 168.738 158.907 174.796 158.694 160.243 176.169 99.156 177.883 309.177 -116.945 140.681 285.694 -190.97 114.428 257.884 -195.635 100.62 243.37 -177.209 104.373 270.952 -88.2919 98.7079 309.523 -108.759 90.4062 8.42759 12.9888
175.837 166.784 165.874 170.3 157.887 175.527 158.647 160.786 176.703 98.2866 178.796 308.718 -114.794 141.706 284.204 -188.649 114.601 256.465 -193.568 101.427 242.077 -172.891 103.879 271.271 -85.9056 99.4648 309.19 -106.88 90.0158 9.99813 13.2821
171.562 167.455 166.487 177.33 157.829 175.767 159.704 162.445 165.446 96.9374 178.78 308.088 -113.412 142.881 282.715 -186.197 115.329 255.053 -191.364 104.74 239.079 -161.816 103.214 271.577 -83.2672 99.9105 309.107 -104.778 84.0384 16.8867 13.3742
170.783 168.901 167.522 175.104 157.855 175.349 160.488 163.737 163.845 96.4191 178.972 307.856 -111.661 143.894 281.405 -183.743 116.165 254.046 -189.062 106.381 237.949 -156.158 102.883 271.369 -80.8013 100.187 309.089 -102.677 81.1585 19.4517 13.2305
169.941 170.297 168.657 174.27 158.191 175.23 161.002 165.027 159.156 95.7906 179.588 307.806 -109.995 145.063 280.039 -181.487 117.231 252.765 -186.95 108.32 236.541 -149.543 102.854 271.326 -78.2999 100.58 308.853 -100.842 78.1129 22.7657 13.1525
169.285 172.282 169.527 174.27 158.412 174.945 161.821 166.129 158.264 95.0961 179.949 307.902 -108.003 146.097 279.075 -179.135 118.494 251.875 -184.722 109.741 236.134 -145.583 102.882 271.198 -75.8866 100.863 308.672 -98.8237 76.8716 23.8184 12.9217
168.314 173.767 170.199 174.27 158.435 174.71 162.83 167.319 164.339 93.8857 180.108 307.526 -106.168 146.769 277.722 -176.793 119.237 250.585 -182.26 110.299 234.555 -142.222 102.54 271.575 -73.1641 101.107 308.446 -96.9033 76.9684 24.4946 12.79
167.581 175.403 170.703 163.313 158.305 174.614 164.019 168.193 172.099 92.3576 180.322 307.433 -104.391 147.065 275.894 -174.272 119.99 248.791 -179.402 111.465 233.094 -138.289 102.018 271.887 -70.5667 101.335 308.017 -94.9603 76.5203 25.3405 12.4648
166.901 176.682 170.936 146.435 157.64 174.398 165.101 168.796 168.709 91.0705 180.36 307.378 -102.265 147.303 274.482 -171.603 120.621 247.39 -176.527 113.139 232.854 -130.158 101.59 271.894 -68.0827 101.443 307.615 -92.8017 72.8665 29.2189 12.1925
165.961 176.906 170.692 174.27 157.016 174.404 165.931 169.148 170.662 90.0371 180.645 306.994 -99.75 147.663 273.239 -169.091 121.051 246.013 -173.773 112.135 231.871 -128.456 101.209 271.318 -65.8034 101.552 306.903 -90.7031 74.2037 28.0982 12.253
165.339 177.106 170.655 174.27 156.154 174.561 166.71 169.351 179.104 89.5371 180.933 306.921 -96.9239 148.016 272.521 -166.629 121.657 245.091 -171.192 112.501 232.381 -128.982 101.263 270.66 -63.5462 101.633 306.343 -88.4426 76.2127 25.4433 12.2284
164.26 176.97 170.311 174.27 155.542 174.965 167.234 169.146 178.975 89.2706 181.236 306.92 -93.9039 148.169 271.731 -164.092 121.728 244.058 -168.268 112.263 232.178 -126.719 100.978 269.921 -61.1662 101.615 306.012 -86.1548 76.1957 24.7627 12.4559
163.924 177.083 170.349 174.27 155.053 175.535 168.059 169.34 178.765 88.8757 181.466 306.774 -91.1026 147.863 270.728 -161.759 121.253 242.819 -165.739 111.63 231.434 -123.484 100.347 268.98 -58.7672 101.385 305.369 -83.8416 75.6525 25.1604 12.6653
163.68 176.629 170.067 174.27 154.529 176.335 168.455 168.991 179.572 89.2957 181.684 306.894 -87.8624 147.638 270.21 -159.382 121.068 242.019 -162.943 111.702 228.736 -124.988 100.356 267.207 -56.7349 101.118 304.567 -81.2887 76.5966 22.5741 12.9196
163.272 176.361 170.136 174.27 154.239 177.284 168.865 168.95 179.912 89.2597 181.851 306.671 -84.9258 146.873 268.759 -156.775 120.069 240.351 -159.863 110.6 228.724 -122.084 99.6067 265.685 -54.2417 100.655 303.871 -78.6769 75.7989 21.9941 13.1666
164.058 176.26 170.014 174.27 154.15 178.049 169.475 168.765 179.807 89.8801 181.573 306.247 -82.1184 145.798 267.25 -154.219 118.907 238.883 -156.783 109.397 228.189 -120.191 98.9509 263.758 -51.9319 100.035 303.161 -76.0016 74.8685 20.9507 13.2567
164.227 175.892 169.777 174.27 153.041 178.821 169.651 168.684 162.576 88.9127 181.383 305.55 -79.7109 144.524 264.794 -151.394 117.299 236.524 -153.351 109.744 226.117 -109.371 97.4356 262.011 -49.5333 99.3203 302.184 -73.4319 67.7032 26.768 13.3902
164.813 175.494 169.401 174.27 153.063 179.973 169.72 168.196 153.969 89.8183 181.174 305.291 -77.1093 143.299 263.199 -148.973 116.056 235.097 -150.473 107.749 224.072 -105.052 96.5834 259.499 -47.6314 98.4948 301.213 -70.9153 64.6328 27.8136 13.4155
165.716 174.942 169.182 174.27 152.738 179.161 169.703 168.196 153.588 89.8093 180.586 305.188 -74.9911 141.951 261.379 -146.511 114.872 233.555 -147.84 106.19 222.937 -103.07 95.277 257.066 -45.8099 97.4027 300.102 -68.5391 63.3304 27.0598 13.1472
166.408 174.698 168.831 176.497 152.787 178.474 169.579 167.774 158.556 90.3606 179.928 305.345 -73.1029 140.778 260.226 -144.297 114.064 232.663 -145.418 104.914 221.916 -103.401 94.1452 254.881 -44.6258 96.3514 299.512 -66.4085 62.6375 24.8837 12.8397
166.703 174.291 168.685 168.295 152.861 178.206 169.236 167.392 162.041 90.6557 179.053 304.499 -71.6406 139.532 258.409 -142.32 113.054 231.086 -143.089 103.274 220.769 -102.808 92.7144 253.557 -43.3266 95.3202 299.103 -64.7122 62.0004 23.3112 12.5739
167.522 173.629 168.536 171.6 153.717 178.053 168.739 167.069 163.619 90.9886 177.954 303.219 -70.637 137.831 255.577 -140.365 111.397 228.458 -140.624 101.255 219.095 -101.503 90.7538 252.342 -41.491 94.0513 298.392 -63.3026 61.6892 22.0961 12.3832
168.817 173.234 168.491 168.755 154.151 177.629 168.661 167.035 164.429 91.8741 176.526 302.424 -69.823 135.919 253.099 -138.723 109.426 225.822 -138.473 98.9661 216.684 -100.209 89.0789 249.578 -39.8426 92.3976 296.92 -61.7276 60.6968 21.147 12.4414
169.189 172.925 168.603 168.77 155.305 177.14 168.337 166.943 168.12 92.167 175.147 301.603 -69.2976 133.921 250.635 -137.572 107.563 223.207 -136.9 96.2034 213.432 -101.335 87.468 247.69 -38.5265 90.6723 295.433 -60.6087 61.8848 18.9796 12.3813
169.903 172.539 168.832 170.793 159.057 177.096 167.352 166.479 172.261 93.7358 171.493 298.441 -67.5484 129.707 246.582 -135.765 103.284 219.367 -134.833 90.722 209.927 -102.99 82.4879 244.997 -36.3083 86.8033 293.338 -59.2653 63.8597 16.161 12.2402
170.302 172.077 168.873 174.557 162.298 176.872 166.358 166.207 173.703 94.1446 169.995 296.554 -66.9036 127.799 244.215 -135.177 100.992 217.214 -134.212 88.1731 208.581 -103.397 80.0343 244.706 -34.9361 84.886 292.277 -59.2375 65.8518 15.2722 12.234
170.612 171.731 168.93 174.144 164.393 176.277 165.713 166.018 175.228 95.6532 168.427 295.462 -66.5079 125.46 241.889 -134.503 98.2791 215.155 -133.183 84.2485 206.597 -104.076 77.4434 244.039 -33.6619 82.7527 291.634 -59.2133 67.2851 13.9323 12.2472
170.764 171.408 168.962 172.527 165.533 175.63 164.972 165.648 175.271 97.2074 166.517 294.823 -66.528 123.074 240.487 -134.364 95.5051 213.918 -132.838 80.331 204.863 -104.694 75.032 243.176 -33.2246 80.5371 291.041 -59.3498 67.8782 13.3197 12.3692
170.184 170.952 168.881 172.286 165.757 174.536 164.36 165.284 174.467 98.2444 164.726 294.239 -66.801 120.509 238.35 -134.123 92.4173 211.927 -132.115 76.7867 203.188 -103.413 72.0741 242.15 -32.7671 78.1367 290.186 -59.7419 67.2588 13.6471 12.6313
170.091 170.673 168.954 171.883 165.486 174.014 163.835 165.213 174.492 99.3091 162.327 294.115 -67.6059 117.664 237.379 -134.117 88.8206 211.068 -131.765 73.2006 202.789 -102.214 69.3269 242.139 -32.0421 75.6144 290.042 -60.1012 67.2879 14.1354 12.9993
168.255 170.601 169.113 177.369 164.328 173.353 163.465 165.403 169.558 96.9119 159.773 293.497 -68.9375 114.54 235.514 -134.358 85.2719 209.417 -131.659 72.1955 204.635 -94.8313 66.319 244.515 -31.1182 72.8571 289.639 -60.9837 65.3889 18.7377 13.0955
167.126 170.593 169.252 173.381 164.158 173.477 163.214 165.563 166.742 97.1281 156.985 292.74 -70.4303 111.724 234.614 -135.252 82.0838 208.682 -132.278 69.9265 204.467 -92.884 64.1323 245.838 -30.8647 70.2848 289.561 -62.0844 65.3314 20.584 13.194
165.467 170.785 169.705 177.993 164.441 173.085 163.312 166.042 164.687 96.9573 154.538 292.185 -71.823 108.647 233.066 -135.885 78.6298 207.679 -132.979 67.4807 205.211 -91.1091 61.4378 247.862 -30.8066 67.6118 289.468 -63.4278 65.8857 22.3886 13.0485
165.216 170.782 169.725 163.222 164.552 173.17 163.363 166.206 168.754 97.7137 151.774 292.127 -74.0249 105.612 232.344 -137.011 75.5674 207.137 -133.627 63.9624 204.487 -92.047 59.4909 248.732 -31.0919 65.0687 289.607 -64.6998 67.175 21.9967 12.9944
165.463 171.123 170.063 175.076 156.428 174.063 163.846 167.568 157.967 91.1174 148.659 289.873 -76.5251 102.184 230.439 -138.022 72.3458 205.835 -134.329 64.5779 205.994 -85.7565 55.6645 252.694 -32.3376 62.3306 289.054 -66.174 65.2085 27.7065 12.601
165.732 170.573 170.067 174.27 153.92 174.319 163.887 167.846 148.146 89.8891 145.537 287.797 -78.8057 98.8528 228.946 -138.832 69.0833 204.773 -134.988 62.9666 206.72 -82.9316 52.6635 253.053 -33.8519 59.618 288.403 -67.5145 62.2967 30.7463 12.4172
165.503 170.765 170.267 174.27 152.735 174.49 164.069 168.332 143.15 89.1097 142.673 286.078 -80.9472 95.8172 227.639 -140.01 65.8491 204.05 -136.136 61.2902 207.114 -81.7489 49.2808 254.109 -35.4521 56.9092 287.88 -69.2538 60.8803 33.1887 12.3709
165.764 170.66 170.009 174.27 151.001 174.746 163.851 168.373 139.725 88.779 139.69 284.745 -83.6976 92.7226 227.05 -141.582 62.8099 203.854 -137.576 59.234 207.004 -80.4445 46.4606 254.266 -37.3708 54.1854 287.389 -71.0255 58.5518 35.7522 12.2836
164.991 170.793 169.978 174.27 151.209 175.045 163.815 168.523 132.128 88.6229 136.804 284.159 -86.0112 89.7094 226.604 -143.151 59.835 203.85 -139.216 57.2333 208.804 -78.0574 43.4521 255.452 -39.4859 51.4671 287.048 -73.048 55.8747 39.7708 12.2298
165.001 171.225 169.882 174.27 150.524 175.222 164.073 168.668 118.684 89.0344 134.011 283.4 -88.8279 86.6962 225.994 -145.208 56.8619 203.267 -140.879 55.9655 212.954 -72.6523 41.162 255.043 -41.3477 48.7047 286.282 -75.0457 48.933 46.9324 12.3316
164.55 172.482 170.117 174.27 152.409 175.853 164.551 169.283 93.0983 86.8089 128.198 281.676 -94.3185 80.895 225.663 -149.657 50.8859 202.766 -144.603 53.3185 231.553 -60.1988 35.9677 258.645 -45.474 43.165 285.651 -79.6168 30.9204 69.8159 12.7847
164.688 173.936 169.79 174.27 153.921 177.054 165.053 169.36 89.9499 88.3661 124.749 280.813 -97.4656 78.2346 226.111 -152.34 47.9935 202.904 -146.669 50.259 239.942 -54.1256 34.5363 259.118 -47.5957 40.655 285.601 -82.1017 21.2029 81.849 13.2701
165.146 174.131 169.945 174.27 155.549 178.289 164.742 169.279 85.2244 88.2028 121.444 279.368 -100.669 74.9763 225.922 -154.893 44.9214 202.562 -148.882 47.1798 247.238 -55.0272 32.3226 260.329 -50.182 37.9472 285.212 -84.8485 16.4775 88.9933 13.3393
166.413 174.533 169.735 174.27 156.438 179.617 164.34 168.841 86.1372 89.0347 117.819 278.304 -104.424 71.9601 226.634 -158.162 41.9883 202.948 -151.812 45.7412 251.339 -55.4206 30.8547 259.823 -53.0241 35.1744 284.871 -87.6334 12.6413 94.1985 13.5088
166.661 174.686 169.324 174.27 155.773 179.931 163.793 168.324 85.1347 89.2918 114.483 277.895 -107.751 68.9366 227.121 -161.36 39.0658 203.413 -154.991 43.1246 252.329 -58.8944 28.6866 258.253 -56.4724 32.2767 284.316 -90.3942 11.0987 95.431 13.5401
166.208 174.48 169.225 174.27 156.515 179.84 162.869 168.079 84.5217 88.9265 111.262 277.147 -111.321 65.2399 226.458 -163.83 35.5921 203.215 -157.603 40.4721 254.419 -61.8238 25.8862 258.514 -59.4428 29.2562 283.824 -93.336 9.93148 97.5039 13.1336
166.085 173.17 168.4 174.27 156.477 179.853 161.812 167.478 85.692 89.375 107.815 277.009 -114.517 61.9803 226.511 -166.2 32.4053 203.556 -160.061 37.2072 254.539 -63.8703 23.2139 257.865 -62.664 26.2349 283.805 -96.1877 10.392 97.819 13.0078
165.426 171.888 167.161 174.27 156.198 179.274 160.581 166.59 88.0063 90.2223 104.688 276.968 -117.841 58.3507 225.912 -168.405 28.5769 203.597 -162.21 33.1458 252.965 -65.4797 20.1145 256.784 -65.987 23.137 283.732 -99.2692 11.9281 96.7568 12.9353
164.671 170.849 166.897 174.27 155.802 178.506 159.441 166.361 87.4359 90.7347 101.435 276.741 -121.337 54.6665 225.267 -170.731 24.848 203.516 -164.697 29.7105 252.513 -68.7593 17.2426 255.807 -68.9621 19.945 283.521 -102.276 12.049 96.2216 12.6097
163.984 169.763 166.438 174.27 155.155 177.668 157.951 165.763 85.0902 90.9228 98.0458 276.598 -124.922 50.8022 224.766 -172.745 20.7105 203.685 -167.04 27.0902 251.896 -75.118 13.8105 255.629 -72.3566 16.6851 284.076 -105.484 10.1196 93.0709 12.3135
163.414 169.659 168.574 174.27 155.155 176.838 158.111 165.448 85.154 90.7169 94.0213 275.031 -128.546 46.8345 224.777 -176.858 16.0598 203.34 -170.964 24.8277 248.111 -81.9654 10.614 255.306 -76.0086 13.2372 283.92 -108.94 10.8242 88.0083 12.7864
163.154 169.484 169.963 174.27 155.02 176.223 158.007 164.932 84.7079 90.6546 90.2726 274.029 -132.748 42.9914 225.335 -181.318 11.5895 203.24 -174.596 21.2062 245.046 -88.0596 8.08782 254.85 -79.7234 9.94174 283.905 -112.363 13.7466 83.774 13.5463
162.284 169.775 171.19 137.958 154.782 175.919 157.933 164.757 82.3384 89.828 86.2942 273.549 -137.837 38.8787 225.468 -185.494 7.04935 203.22 -177.99 16.7198 250.619 -90.2773 4.93345 255.101 -83.8619 6.48048 283.949 -116.147 10.6538 89.6625 14.0205
161.55 170.004 172.012 145.151 154.513 175.599 157.856 164.306 84.7653 89.3039 82.6355 272.805 -142.465 34.8904 225.332 -189.346 3.06228 202.989 -181.032 14.644 252.692 -91.4597 1.75897 255.386 -88.0671 3.17909 284.088 -120.05 10.1204 92.378 14.2529
160.709 170.332 172.684 149.035 154.167 175.563 158.206 164.662 86.6459 88.8704 79.2904 272.486 -146.864 31.0463 225.242 -193.225 -0.90492 202.777 -184.487 12.8599 254.17 -93.5096 -0.903575 255.853 -91.8833 0.0870215 284.09 -123.703 10.2888 94.435 14.4005
159.96 170.699 173.204 151.488 154.054 175.798 158.202 164.375 87.5489 88.5215 75.9386 273.207 -151.856 27.6944 225.588 -197.075 -3.98974 203.259 -187.849 10.4754 255.695 -96.5761 -3.8276 256.62 -95.9978 -2.79772 284.556 -127.603 10.527 95.3167 14.3651
