168.213 168.031 171.723 134.584 150.649 176.435 157.099 161.4 77.7016 88.026 88.5171 225.509 -12.2537 35.4599 198.027 -77.6648 2.40156 170.046 -78.2743 10.8882 175.7 23.9191 -0.654351 175.958 32.1138 2.28441 221.21 16.5568 10.3697 86.54 15.745
167.151 169.176 171.991 133.496 150.703 177.266 157.09 161.143 78.2637 87.9829 87.3678 224.029 -12.5241 35.3905 198.602 -78.1098 2.13629 170.092 -78.3842 11.0404 175.522 23.1441 -0.785565 176.192 31.8084 2.05005 221.155 16.387 10.413 85.7597 16.2465
168.845 169.617 173.135 134.948 150.442 178.763 157.801 161.512 77.2702 88.1437 86.3775 223.558 -12.9848 35.6217 199.197 -78.3176 1.93263 170.676 -78.9468 10.7989 175.876 23.2245 -0.380261 176.268 31.9237 1.91473 221.223 16.4007 10.9142 86.5817 16.2858
168.138 170.098 173.341 136.317 150.365 179.612 157.731 161.537 78.1854 87.6363 85.3396 222.044 -13.1813 35.4671 199.504 -78.6119 1.45295 170.645 -78.9213 11.1551 176.076 23.8718 -0.643962 176.745 31.8349 1.62829 221.19 16.2868 10.6419 87.3324 16.7248
169.594 170.388 174.396 137.551 150.215 179.411 158.396 162.071 77.0215 87.8238 84.6723 221.83 -13.3894 35.5364 199.836 -78.7715 1.22134 171.06 -79.4721 10.9224 176.506 24.0597 -0.237616 176.694 32.0461 1.46497 221.113 16.3139 10.9883 88.3769 16.6452
169.29 169.427 173.734 137.778 150.925 179.66 157.286 162.511 76.6859 87.5077 84.5789 222.05 -12.9968 34.9723 199.022 -78.2958 0.912446 171.005 -79.4644 10.2848 176.724 24.7296 -0.921628 176.651 32.3313 1.25002 220.974 16.4194 10.7602 89.273 16.1148
170.948 169.619 174.964 138.81 151.318 179.114 158.434 163.03 75.3004 87.919 84.1495 221.864 -12.9416 35.0466 199.496 -78.4226 0.949328 171.483 -79.8917 10.2476 177.3 24.6446 -0.25722 176.649 32.6495 1.12061 221.022 16.3809 11.0532 90.0666 15.9365
170.217 170.52 174.635 137.696 151.377 178.8 158.56 162.755 75.6913 87.8191 83.5872 220.888 -12.9485 34.7478 199.812 -78.8439 0.600855 171.222 -79.7622 10.3505 177.2 24.2656 -0.465663 176.754 32.5363 0.853486 220.963 16.3192 10.8659 89.4995 16.3897
169.035 171.258 173.927 137.289 151.57 178.472 158.714 162.402 76.3969 87.6171 82.9677 220.359 -13.0791 34.4257 200.057 -79.1402 0.388035 170.901 -79.4389 10.7022 177.257 24.1857 -0.620582 177.038 32.4587 0.569736 221.004 16.2675 10.5846 89.0603 16.7637
168.646 171.332 173.653 138.235 151.218 178.855 159.096 162.476 75.2919 88.2512 83.1363 221.608 -12.9819 34.256 200.214 -79.1762 0.251181 171.185 -79.7118 10.6897 177.802 23.9538 -0.212504 176.996 32.7256 0.481785 221.112 16.3315 10.4782 89.379 16.5884
169.234 171.394 173.857 138.505 151.268 179.423 159.391 162.873 74.4007 88.9883 83.4275 222.892 -12.9339 34.0593 200.289 -79.138 -0.102652 171.502 -80.0071 10.3682 177.902 23.5365 0.0967264 176.871 33.0088 0.384875 221.221 16.4155 10.765 89.3213 16.4423
170.226 171.364 173.788 137.515 151.538 179.947 159.55 163.198 73.6924 89.6444 83.7106 223.863 -12.9356 33.9056 200.139 -79.0551 -0.358277 171.658 -80.2002 9.85332 177.654 22.7634 0.315703 176.8 33.3376 0.309763 221.298 16.4609 11.475 88.5853 16.2581
169.35 171.966 173.809 134.924 151.683 179.816 159.524 162.933 74.6671 89.2425 83.6283 223.57 -12.9417 33.578 199.949 -79.2076 -0.532203 171.027 -79.732 9.75982 177.195 22.5069 -0.149428 176.943 33.2256 0.139623 221.274 16.3986 11.588 87.572 16.5523
170.5 171.979 174.155 133.54 152.462 179.782 160.269 163.454 73.6883 89.4809 83.617 223.735 -12.9173 33.5864 200.091 -79.0558 -0.437617 171.313 -79.8062 9.31002 177.275 22.0781 0.312847 177.056 33.6038 0.113194 221.432 16.3978 12.5654 87.3171 16.26
169.349 172.458 173.794 132.526 152.512 179.884 160.125 163.036 74.79 88.9065 83.2902 223.322 -13.0845 33.2427 199.999 -79.2172 -0.608682 170.839 -79.3642 9.29565 177.067 22.2685 -0.292606 177.295 33.393 -0.109765 221.41 16.3082 12.3554 86.9133 16.5406
167.727 172.75 173.18 133.573 152.29 179.879 160.001 162.751 76.1374 88.3685 82.8904 222.871 -13.2683 32.9639 199.801 -79.3484 -0.863027 170.229 -78.9179 9.55948 176.819 22.8936 -0.850976 177.402 33.1062 -0.35205 221.283 16.2116 11.8208 87.0089 16.916
168.796 172.484 173.431 134.184 151.928 179.53 160.235 163.1 76.0277 88.3932 82.7775 223.356 -13.6077 32.8814 199.768 -79.2811 -1.03062 170.411 -79.1649 9.15382 176.557 23.0378 -0.821841 177.262 33.0643 -0.493226 221.261 16.2007 12.3298 87.2821 16.7153
167.563 171.204 172.722 135.054 151.882 179.337 159.218 163.2 76.6858 87.7929 83.3018 224.147 -13.2014 32.3805 199.02 -78.7974 -1.26384 170.27 -78.9826 8.46606 176.29 23.9395 -1.9687 177.081 32.8968 -0.691212 221.175 16.2155 11.8856 87.9321 16.3333
166.665 169.569 171.979 135.223 151.537 178.254 158.173 163.081 77.439 87.5055 83.8052 224.851 -12.9081 31.9158 198.268 -78.2243 -1.46375 170.218 -78.6871 7.79279 176.017 24.6082 -3.06876 176.864 32.5894 -0.899814 221.122 16.2203 11.5023 88.2945 15.9328
166.33 167.913 171.246 135.061 151.182 177.485 157.034 162.733 78.0352 87.4345 84.1782 225.223 -12.7483 31.3933 197.59 -77.6797 -1.5976 170.172 -78.343 7.21656 175.862 25.006 -3.99623 176.681 32.2458 -1.12756 221.102 16.1921 11.1735 88.3931 15.5135
166.198 166.27 170.533 134.863 150.704 177.017 155.818 162.319 78.4955 87.4793 84.4188 225.47 -12.6192 30.9247 197.08 -77.1657 -1.68884 170.237 -78.0094 6.78257 175.754 25.2719 -4.72739 176.46 31.8677 -1.30233 221.056 16.1639 10.8919 88.4875 15.1378
166.199 164.816 169.42 134.597 150.294 176.639 154.595 161.764 78.7478 87.575 84.7045 225.84 -12.4456 30.5247 196.68 -76.667 -1.68114 170.344 -77.6477 6.52938 175.757 25.3967 -5.21877 176.264 31.5224 -1.43913 221.043 16.1529 10.6465 88.4883 14.7559
166.346 163.531 168.378 133.979 149.796 176.382 153.387 161.121 78.9655 87.7543 84.9056 225.957 -12.3235 30.1328 196.309 -76.18 -1.73543 170.424 -77.2532 6.21298 175.712 25.3477 -5.70356 176.089 31.1817 -1.58415 221.03 16.1339 10.4726 88.2669 14.4482
166.428 162.472 167.359 134.037 149.588 176.194 152.352 160.606 79.084 87.81 85.0714 225.923 -12.1285 29.8332 196.052 -75.7473 -1.83642 170.527 -76.9175 6.04206 175.835 25.4733 -6.06522 176.067 30.9857 -1.74554 221.041 16.1184 10.3239 88.3521 14.2228
166.661 161.56 166.554 134.19 149.4 176.142 151.447 160.188 79.022 87.9031 85.1246 225.811 -12.0137 29.586 195.974 -75.4056 -1.8861 170.744 -76.7001 5.92789 176.068 25.5587 -6.29302 176.057 30.8155 -1.88967 221.084 16.1161 10.2055 88.5102 14.0065
167.019 160.973 165.76 134.312 149.379 176.266 150.79 159.775 78.7991 88.0141 84.9751 225.517 -11.9124 29.3934 195.919 -75.1742 -1.94766 170.889 -76.5416 5.85035 176.295 25.5362 -6.41754 176.036 30.7415 -2.07999 221.089 16.1261 10.0855 88.6113 13.852
166.888 163.468 167.794 136.445 149.525 177.058 152.031 160.132 78.8605 87.3774 83.684 223.751 -12.229 29.5858 197.224 -76.2104 -2.57139 170.822 -77.1461 6.52185 176.592 25.1912 -6.09753 176.553 30.6222 -2.35578 221.156 15.9693 9.90145 88.6526 14.9525
166.743 165.882 168.787 137.495 149.86 177.922 153.408 160.224 78.9861 87.2602 82.5333 222.39 -12.61 29.6826 198.266 -77.1396 -2.95275 170.594 -77.4386 7.19512 176.815 24.8352 -5.6328 176.856 30.6027 -2.6479 221.195 15.8531 9.73922 88.4459 15.8723
166.171 168.318 169.055 138.464 150.398 178.827 154.461 159.988 79.2207 87.2344 81.0266 221.593 -13.2367 29.5089 198.829 -77.7372 -3.38815 169.867 -77.083 7.90808 177.199 24.7054 -5.216 177.217 30.7945 -3.24836 221.242 15.7811 9.49191 88.0213 16.7196
165.703 169.758 168.956 138.982 150.957 179.672 155.402 160.005 79.3288 87.1226 80.1807 221.178 -13.6508 29.7183 199.153 -78.1179 -3.32604 169.427 -76.9112 8.56015 177.58 24.8273 -4.65065 177.658 31.1268 -3.41577 221.304 15.7395 9.50123 88.0067 17.1828
165.225 170.835 168.813 139.159 151.289 179.761 156.094 160.017 79.3701 87.1871 79.5258 221.137 -13.9173 29.7314 199.328 -78.3279 -3.37621 169.038 -76.6608 8.84524 177.899 24.9233 -4.38026 177.988 31.4096 -3.61798 221.415 15.7458 9.50139 87.8796 17.5293
164.89 169.987 167.715 138.189 151.334 179.72 155.713 160.403 78.3221 86.8399 79.669 221.981 -13.6472 29.4016 198.756 -77.9068 -3.40471 168.966 -76.4739 8.03183 178.251 25.2466 -4.86581 177.92 31.8319 -3.70132 221.445 15.885 9.44191 88.3151 17.0724
164.739 168.886 166.743 137.496 151.129 179.08 155.372 160.591 77.798 86.782 79.9391 222.866 -13.4124 29.0395 198.115 -77.4106 -3.60843 168.968 -76.2167 7.1825 178.221 25.4968 -5.42933 177.751 31.9959 -3.80015 221.475 16.0089 9.56221 88.4895 16.6405
164.819 167.783 166.093 136.845 150.994 178.502 154.917 160.477 77.6516 86.7503 80.1773 223.567 -13.3887 28.5633 197.351 -76.9312 -3.82364 168.828 -75.8815 6.40578 177.94 25.6604 -6.01414 177.56 32.0466 -3.90039 221.412 16.0665 9.74981 88.3943 16.2075
164.877 166.79 165.324 135.944 150.691 178.024 154.424 160.14 77.6887 86.839 80.3429 224.241 -13.3795 28.0834 196.663 -76.4198 -4.01001 168.712 -75.4415 5.67912 177.646 25.7045 -6.59891 177.418 32.0079 -4.01658 221.445 16.1254 9.91714 88.0096 15.8079
165.024 165.89 164.449 135.02 150.324 177.724 153.945 159.812 77.8706 87.001 80.3927 224.715 -13.3717 27.7061 196.053 -75.9428 -4.16307 168.633 -75.0465 5.02489 177.279 25.7195 -7.10308 177.272 31.9602 -4.12486 221.488 16.1784 10.1226 87.5698 15.4553
165.302 165.084 163.695 133.834 149.942 177.551 153.469 159.379 78.1344 87.24 80.3381 224.938 -13.4261 27.3365 195.643 -75.5786 -4.31675 168.664 -74.7626 4.35168 176.796 25.4937 -7.61847 177.077 31.7993 -4.23802 221.477 16.1837 10.3302 86.9595 15.1803
165.716 164.397 162.959 132.437 149.632 177.461 152.979 158.888 78.3819 87.4829 80.2386 224.976 -13.5278 26.9888 195.414 -75.3115 -4.43101 168.791 -74.5982 3.73843 176.373 25.0652 -8.07446 176.945 31.5615 -4.35647 221.505 16.1365 10.5181 86.2455 14.9373
166.163 163.761 162.213 131.423 149.033 177.456 152.41 158.237 78.8714 87.7372 80.0789 224.743 -13.6799 26.6508 195.209 -75.1177 -4.5735 168.845 -74.434 3.23134 175.829 24.6516 -8.51508 176.737 31.2163 -4.49805 221.505 16.0711 10.6841 85.4543 14.7761
166.576 163.182 161.746 130.472 148.358 177.587 151.785 157.633 79.3406 88.071 79.8091 224.359 -13.8709 26.3246 195.015 -74.9639 -4.69426 168.86 -74.3099 2.88869 175.306 24.1522 -8.79238 176.462 30.8136 -4.63362 221.515 15.9736 10.8013 84.6338 14.6086
166.804 162.678 161.644 130.237 148.037 177.661 151.251 157.143 79.9099 88.2265 79.5332 224.126 -14.0418 25.98 194.792 -74.7875 -4.80777 168.845 -74.1376 2.56438 174.951 23.9594 -9.11244 176.431 30.5216 -4.79413 221.574 15.8801 10.9667 84.0802 14.4325
166.841 162.276 161.624 129.937 147.621 177.622 150.895 156.806 80.4027 88.408 79.394 224.012 -14.1228 25.6642 194.564 -74.6891 -4.93245 168.697 -73.9683 2.36209 174.604 23.7627 -9.30772 176.347 30.2812 -4.92057 221.588 15.7747 11.0925 83.5855 14.3409
166.92 161.841 161.545 130.068 147.378 177.667 150.529 156.422 80.8705 88.5159 79.2042 223.899 -14.2101 25.3512 194.412 -74.5772 -5.0655 168.636 -73.7942 2.22202 174.361 23.67 -9.48013 176.343 30.0683 -5.07472 221.635 15.6891 11.2023 83.2384 14.2415
167.13 161.496 161.309 129.995 147.026 177.881 150.178 155.95 81.1817 88.6539 78.923 223.653 -14.4491 25.0835 194.312 -74.6163 -5.13393 168.535 -73.7198 2.22011 174.059 23.3187 -9.52169 176.132 29.7088 -5.19902 221.577 15.5295 11.213 82.788 14.1851
167.46 161.064 161.637 130.581 147.987 177.8 150.667 155.974 80.8927 88.342 78.8821 223.487 -14.4625 25.0475 194.375 -74.6744 -4.99621 168.636 -73.7112 2.46149 173.99 23.032 -9.20566 175.95 29.5609 -5.30899 221.59 15.3746 11.2803 82.6275 13.8941
167.567 160.621 161.057 130.785 148.012 177.918 150.243 155.72 81.1028 88.3949 78.6568 223.397 -14.6463 24.8865 194.259 -74.69 -5.16919 168.686 -73.8202 2.44232 173.836 22.7709 -9.25438 175.921 29.3603 -5.46298 221.591 15.234 11.3147 82.4419 13.7701
167.685 160.114 160.377 131.521 148.148 178.127 149.937 155.532 81.1351 88.3533 78.2907 223.125 -14.8436 24.7534 194.248 -74.8032 -5.4711 168.76 -73.9934 2.36245 173.87 22.7236 -9.41437 175.939 29.2055 -5.66119 221.585 15.0938 11.2619 82.6456 13.7948
167.733 159.841 159.742 132.205 148.082 178.365 149.857 155.303 81.1795 88.3452 77.8314 223.014 -15.1695 24.52 194.181 -74.9921 -5.80385 168.655 -74.0772 2.34922 173.898 22.6721 -9.5635 175.862 28.9883 -5.87121 221.604 14.9409 11.1165 82.7364 13.8641
167.373 159.554 158.725 133.022 148.134 178.348 149.834 155.204 81.0829 88.2574 77.5576 223.415 -15.4207 24.3434 194.164 -75.1627 -6.1693 168.563 -74.1407 2.30575 173.978 22.6964 -9.7315 175.756 28.8206 -6.11061 221.579 14.7737 10.9613 83.0095 13.9966
166.731 162.833 159.92 135.226 148.72 178.711 151.122 155.807 81.0901 87.7579 76.6911 222.981 -16.2569 24.2746 195.235 -76.5785 -6.97738 168.157 -74.7837 2.88976 174.136 22.2719 -9.35004 176.08 28.6591 -6.46333 221.584 14.3982 10.9346 83.0567 15.2019
166.075 165.524 160.299 136.859 149.449 179.196 152.234 156.126 81.3858 87.5208 75.7836 222.673 -17.1464 24.0326 195.965 -77.7502 -7.66101 167.801 -75.2422 3.33025 174.437 21.9595 -9.12569 176.595 28.5029 -6.87405 221.702 13.9695 10.9379 83.0613 16.0502
165.559 167.347 160.625 138.123 149.889 179.709 152.922 156.282 81.7484 87.4352 74.9759 222.314 -17.8995 23.7133 196.402 -78.6142 -8.19928 167.411 -75.5047 3.66258 174.752 21.8134 -9.01553 177.035 28.351 -7.26784 221.818 13.5698 10.8996 83.1139 16.6603
165.509 168.593 161.119 139.386 150.366 179.746 153.066 156.142 82.1746 87.4047 74.1543 221.509 -18.6606 23.3644 196.724 -79.2788 -8.68425 167.21 -75.7408 3.74594 175.201 21.7406 -9.16153 177.669 28.1694 -7.65548 222.016 13.1376 10.8917 83.2207 17.0926
165.883 169.564 161.84 140.021 150.585 179.082 153.149 156.108 82.5946 87.5986 73.1525 220.423 -19.3365 22.9784 197.019 -79.7659 -9.27498 167.063 -75.9378 3.56052 175.44 21.6472 -9.40243 178.114 28.0601 -8.09049 222.191 12.8194 10.9833 83.2036 17.4982
166.219 169.957 162.609 140.698 150.674 178.621 153.139 156.099 83.0473 87.7169 72.4004 219.538 -19.8649 22.6673 197.29 -80.2535 -9.71292 167.011 -76.2698 3.37343 175.626 21.5765 -9.66153 178.491 27.8282 -8.50325 222.303 12.472 11.0951 83.3007 17.7803
166.362 170.005 163.038 141.168 150.578 178.311 153.135 155.972 83.3109 87.7546 71.8589 219.047 -20.2101 22.5353 197.574 -80.7063 -9.92332 166.939 -76.5784 3.21581 175.666 21.4314 -9.87423 178.574 27.445 -8.88134 222.217 12.1261 11.1775 83.432 18.0816
166.146 170.019 163.297 140.855 150.651 178.326 153.089 155.818 83.2453 87.9794 71.5987 219.271 -20.3809 22.3712 197.914 -81.0769 -10.0714 167.023 -76.8986 2.97581 175.693 21.0124 -9.96464 178.518 27.1191 -9.2608 222.187 11.8663 11.2737 83.3246 18.2372
165.516 170.214 162.904 139.982 150.789 178.665 153.147 155.564 82.9801 88.2792 71.4073 220.054 -20.5444 22.0331 198.206 -81.3499 -10.4555 167.085 -76.9851 2.54411 175.646 20.4402 -10.0764 178.396 26.9111 -9.68535 222.24 11.7097 11.4241 82.895 18.4189
165.066 170.438 162.236 139.279 150.937 179.031 153.227 155.361 82.8563 88.5624 71.0807 220.665 -20.7481 21.6138 198.264 -81.4745 -10.9769 166.97 -76.8062 1.98996 175.541 20.0845 -10.3496 178.348 26.8983 -10.1154 222.362 11.6063 11.5855 82.4296 18.6324
164.855 170.791 161.604 138.676 150.925 179.231 153.381 155.227 82.8275 88.7134 70.497 220.814 -20.9594 21.1935 198.072 -81.462 -11.5533 166.625 -76.4568 1.29616 175.351 19.9364 -10.8393 178.308 26.9879 -10.5784 222.429 11.5607 11.7437 81.9611 18.88
164.953 170.898 161.131 137.878 151.029 179.285 152.882 154.782 82.982 89.0696 69.8532 220.688 -21.1332 20.6238 197.647 -81.1848 -12.1635 166.477 -76.0838 0.279897 175.04 19.5572 -11.5739 178.33 27.0049 -11.0526 222.634 11.5067 11.9954 81.052 18.8177
165.264 170.957 160.573 137.331 150.845 179.359 152.328 154.302 83.4293 89.398 69.0744 220.122 -21.3089 20.0739 196.935 -80.7697 -12.9341 166.076 -75.5228 -0.89134 174.502 19.3378 -12.5603 178.254 27.0193 -11.6182 222.734 11.4883 12.2367 80.0461 18.848
165.591 171.021 160.025 136.512 150.733 179.359 151.72 153.732 83.8141 89.7023 68.4017 219.878 -21.4182 19.5729 196.477 -80.48 -13.422 165.793 -75.1608 -1.74429 173.75 18.7355 -13.2051 177.904 26.8809 -12.1539 222.669 11.4673 12.5205 78.842 18.7969
165.406 171.055 159.436 136.065 150.707 179.555 151.321 153.211 84.0657 89.7415 67.809 220.138 -21.5714 18.828 196.099 -80.3841 -14.014 165.484 -74.8815 -2.45482 173.193 18.2513 -13.8606 177.569 26.6834 -12.8001 222.495 11.3748 12.6564 78.0423 18.7513
165.362 171.222 158.41 135.327 150.801 179.704 151.082 152.939 84.1448 89.8284 67.0433 220.365 -21.8637 18.0601 195.413 -80.1493 -14.6731 164.95 -74.5271 -3.14994 172.67 17.8372 -14.3953 177.221 26.7184 -13.4938 222.318 11.3065 12.8506 77.2719 18.5927
165.929 171.261 157.667 134.408 150.823 179.521 150.942 152.678 84.4819 90.0727 65.9031 220.14 -22.3152 17.0999 194.747 -79.972 -15.5097 164.402 -74.1574 -4.16905 171.95 17.4151 -15.1724 176.862 26.7695 -14.2523 222.198 11.2722 13.1814 76.2842 18.4941
166.728 171.215 157.239 133.893 151.085 178.975 150.402 152.088 84.9788 90.2907 64.4697 219.08 -22.57 16.1836 194.091 -79.6671 -16.3147 163.934 -73.642 -5.28261 171.286 17.0669 -16.1224 176.695 26.9224 -15.0743 222.223 11.29 13.5205 75.1358 18.3944
167.092 171.169 156.393 133.721 151.173 178.523 149.768 151.241 85.2798 90.0983 63.1178 218.433 -22.7605 15.4483 193.826 -79.5462 -16.9 163.696 -73.3152 -6.21241 170.636 16.4861 -17.0733 176.404 26.6461 -15.8942 221.98 11.1889 13.7627 74.1992 18.4287
166.542 171.039 155.344 133.005 151.1 178.668 149.397 150.592 85.3718 89.9398 62.1427 218.253 -22.8903 14.5382 193.04 -79.3253 -17.5042 162.918 -72.7524 -7.09116 169.756 16.022 -17.8647 175.76 26.5362 -16.6692 221.435 11.1419 14.0195 73.2765 18.4113
166.18 170.947 154.184 132.709 151.342 178.89 149.421 150.112 85.7274 89.8544 61.2659 217.982 -23.0588 13.7512 192.495 -79.2533 -18.3526 162.386 -72.3423 -8.11001 169.085 15.6838 -18.8244 175.491 26.5453 -17.47 221.205 11.0656 14.3221 72.4658 18.5272
166.405 170.699 154.053 132.196 151.534 178.848 149.172 149.789 86.3421 90.0215 60.1491 217.129 -23.1265 12.9775 191.746 -78.839 -19.2162 161.932 -71.8525 -9.37614 168.475 15.4247 -19.963 175.432 26.7393 -18.2817 221.223 11.1047 14.725 71.4197 18.4185
166.333 170.188 152.962 132.224 151.473 178.843 148.555 148.948 86.7111 89.9523 59.0347 215.975 -23.2084 12.2891 191.115 -78.5936 -20.0492 161.56 -71.4337 -10.5664 167.941 15.0126 -21.1815 175.257 26.4551 -19.0489 221.012 10.9152 14.8877 70.6362 18.4833
166.279 169.887 151.036 131.904 151.243 178.625 148.059 147.869 87.0647 89.917 57.9163 215.19 -23.3134 11.6806 190.501 -78.4516 -20.7341 161.062 -70.96 -11.394 167.183 14.4168 -22.0658 174.763 26.0749 -19.7941 220.583 10.7243 15.0354 69.7828 18.6244
166.292 169.76 149.41 131.151 151.347 178.516 147.853 146.975 87.4046 90.0305 56.8437 214.947 -23.5188 11.0764 190.276 -78.383 -21.521 160.933 -70.6514 -12.2734 166.606 13.6628 -22.8277 174.481 25.8611 -20.5676 220.464 10.6062 15.4176 68.8137 18.7331
167.425 169.136 151.298 128.71 152.47 178.009 149.139 147.114 89.7275 91.8123 55.8873 214.686 -23.977 10.1592 188.77 -77.954 -22.8244 160.594 -70.2062 -14.1497 164.829 12.2087 -24.1593 173.548 25.6276 -21.2379 220.783 10.7265 16.0391 66.0615 18.1833
167.868 168.946 152.222 127.182 152.565 177.444 150.199 146.858 92.8478 93.5043 54.6236 213.563 -24.1543 9.36658 187.318 -77.6332 -23.7549 160.052 -69.8137 -15.8114 162.381 10.5069 -25.5027 172.194 25.117 -21.8123 220.765 10.846 16.6429 63.0664 17.7567
168.274 168.804 152.199 125.975 152.258 176.868 150.789 146.129 94.372 94.657 53.3865 212.304 -24.2504 8.71329 186.16 -77.4915 -24.4349 159.681 -69.7424 -17.1115 160.833 9.2683 -26.7096 170.876 24.3391 -22.3748 220.397 10.8191 16.5818 61.4539 17.3636
168.564 169.099 151.412 126.169 151.884 176.345 151.12 145.193 94.9928 95.3349 52.3168 211.236 -24.4231 8.10057 185.335 -77.5666 -25.0349 159.343 -69.743 -17.8162 159.747 8.6125 -27.5752 169.721 23.6213 -22.9035 219.818 10.6612 16.1695 60.9288 17.1819
168.97 169.182 150.813 126.914 151.692 175.788 151.292 144.506 95.332 95.8783 51.2923 210.557 -24.5498 7.36986 184.92 -77.5867 -25.6882 159.386 -69.8611 -18.2793 159.184 8.16883 -28.2306 169.062 23.1028 -23.4221 219.571 10.5635 15.8017 60.7682 16.8936
169.148 168.77 150.222 127.994 151.537 175.468 151.388 144.07 95.147 96.2007 50.5418 210.289 -24.6267 6.65379 184.607 -77.5022 -26.3458 159.477 -69.8913 -18.6671 159.159 8.20493 -28.8616 168.808 22.8536 -23.8942 219.496 10.5113 15.3246 61.0539 16.6303
169.257 168.153 149.715 129.07 151.303 175.192 151.248 143.609 94.0651 96.103 49.9163 210.259 -24.6223 6.10303 184.551 -77.2268 -26.8498 159.908 -69.8872 -18.9538 160.01 8.61113 -29.5008 169.102 22.7656 -24.3388 219.658 10.516 14.6431 61.8226 16.2869
169.204 167.334 149.114 129.56 151.162 175.065 151.11 143.248 92.9476 96.0137 49.4406 210.209 -24.5645 5.65445 184.427 -76.9176 -27.2218 160.137 -69.7521 -19.2223 160.859 9.22059 -30.0236 169.32 22.8347 -24.7014 219.747 10.5639 13.9725 62.6256 16.0245
169.036 166.635 148.47 129.781 150.869 175.03 150.943 142.936 91.8954 95.6228 48.9885 209.847 -24.3494 5.46449 184.178 -76.5289 -27.4716 160.261 -69.5996 -19.5058 161.573 9.90459 -30.4976 169.594 23.0343 -25.0019 219.684 10.66 13.5435 63.479 15.8175
169.068 165.935 147.729 129.717 150.622 174.906 150.609 142.52 90.7278 95.0251 48.6236 209.204 -24.0227 5.45972 183.801 -76.0936 -27.5623 160.235 -69.4635 -19.561 162.149 10.5203 -30.7117 169.702 23.2513 -25.256 219.389 10.7435 13.2199 64.3805 15.595
169.284 165.206 146.959 130.137 150.686 174.724 150.049 141.963 89.9944 94.5695 48.3111 208.485 -23.6685 5.457 183.633 -75.7054 -27.6165 160.448 -69.4382 -19.5729 162.538 10.8578 -30.8296 169.857 23.3656 -25.4966 219.188 10.7999 13.1043 65.0315 15.3413
169.612 164.699 146.558 129.89 150.829 174.567 149.666 141.795 90.0068 94.5513 48.1277 207.876 -23.2641 5.48062 183.465 -75.3379 -27.6083 160.559 -69.4319 -19.5728 162.35 10.8674 -30.7629 169.707 23.5569 -25.6794 218.976 10.9527 13.3087 65.0979 15.0986
169.991 164.755 144.813 129.857 150.713 174.742 148.819 142.097 90.3903 94.0272 47.8058 207.368 -22.777 5.91758 184.456 -75.5747 -27.4998 160.564 -69.3753 -18.9513 161.829 10.763 -29.9653 169.756 24.2344 -25.8622 218.696 11.2037 14.3274 64.9581 15.8286
170.593 164.195 143.318 129.017 150.773 174.755 147.339 142.125 91.3076 93.5758 47.161 206.46 -21.6954 6.30035 185.514 -75.2652 -27.3759 160.718 -69.0323 -18.2908 160.991 10.1852 -29.0994 169.945 25.3969 -26.1912 218.481 11.8765 16.0739 63.9659 16.4257
170.752 164.119 142.854 129.092 150.931 174.943 146.22 142.534 92.6077 93.3948 46.8748 205.858 -21.1609 6.48907 186.108 -75.1508 -27.4238 160.811 -69.0532 -18.1219 159.971 9.47215 -28.6134 170.098 25.9807 -26.2377 218.438 12.1776 17.6632 62.9733 16.7869
171.233 164.482 144.004 128.546 151.639 174.716 146.954 142.821 94.8548 94.6936 46.6714 205.008 -20.6903 6.27174 185.383 -74.7073 -27.8387 160.639 -68.9089 -19.3752 158.139 8.44662 -29.2008 169.19 25.9141 -26.3029 218.346 12.5051 18.6336 61.1676 16.5721
171.683 164.915 144.804 128.652 151.808 174.434 147.464 142.891 96.2222 95.7423 46.5132 204.534 -20.2739 6.07762 184.662 -74.1657 -27.9848 160.499 -68.6398 -20.1603 156.978 7.89921 -29.7092 168.328 25.7708 -26.34 218.267 12.8468 18.8095 60.0092 16.2
172.119 165.282 145.317 129.053 151.851 174.133 147.774 142.963 97.1637 96.5211 46.1884 204.076 -19.9034 5.92328 183.896 -73.5602 -28.1129 160.215 -68.2725 -20.695 156.085 7.8039 -30.1511 167.544 25.725 -26.4427 218.117 13.203 18.6598 59.3213 15.8786
172.584 165.402 145.851 129.208 151.895 173.754 147.951 143.04 98.1167 97.3208 45.8114 203.842 -19.521 5.77596 183.222 -72.9346 -28.2204 159.86 -67.8456 -21.2273 155.195 7.64947 -30.5431 166.763 25.6983 -26.5477 218.0 13.571 18.5912 58.5166 15.6372
172.699 165.29 146.411 129.544 151.927 173.687 148.13 143.161 99.0499 98.068 45.6651 203.907 -19.1106 5.53204 182.428 -72.2821 -28.4432 159.303 -67.2745 -21.7896 154.27 7.77551 -30.9758 165.976 25.8365 -26.6954 217.842 13.9881 18.4648 57.8366 15.4642
172.739 164.771 146.866 130.362 151.922 173.696 148.165 143.283 99.6676 98.5868 45.5094 203.954 -18.7251 5.23616 181.787 -71.6974 -28.8023 158.86 -66.7923 -22.2064 153.613 8.11724 -31.3902 165.375 26.0694 -26.9046 217.746 14.3927 18.1985 57.5101 15.3363
172.727 164.033 147.322 131.038 151.865 173.728 148.157 143.333 100.077 98.9801 45.2314 203.817 -18.3447 4.93461 181.291 -71.2119 -29.2038 158.389 -66.32 -22.6774 153.064 8.40261 -31.8644 164.857 26.316 -27.1695 217.602 14.7589 18.0134 57.1896 15.3551
172.836 163.261 147.516 131.554 151.613 173.499 148.103 143.387 99.571 98.8754 44.66 203.39 -18.0914 4.62948 180.801 -70.795 -29.6298 157.978 -65.9717 -22.9477 153.116 9.07875 -32.3388 164.657 26.6084 -27.4483 217.435 15.0158 17.5402 57.5368 15.346
173.209 162.536 147.663 131.947 151.513 173.18 147.871 143.222 98.984 98.5771 44.1453 203.086 -17.902 4.44051 180.811 -70.538 -29.8816 158.053 -65.9423 -23.0327 153.331 9.25304 -32.5941 164.646 26.7173 -27.7069 217.342 15.2043 17.3543 57.761 15.2747
173.591 161.826 147.608 132.529 151.444 172.855 147.629 143.029 98.5423 98.2494 43.6091 202.788 -17.7403 4.24112 180.941 -70.3298 -30.0378 158.272 -65.9767 -23.0887 153.539 9.33793 -32.8191 164.731 26.8088 -27.9706 217.297 15.3677 17.2802 57.9411 15.1383
173.925 161.258 147.922 133.272 151.536 172.747 147.657 143.11 98.9157 98.1061 43.3103 202.765 -17.668 4.06472 181.115 -70.2604 -30.1311 158.363 -66.0208 -23.1369 153.246 9.06296 -32.8576 164.719 27.0002 -28.1948 217.272 15.5528 17.6711 57.5755 15.0661
