172.537 171.865 163.894 149.649 154.133 177.741 152.569 158.059 86.1961 96.5884 -58.3109 334.929 -51.1202 -28.6526 346.088 -115.75 14.3813 332.225 -124.087 13.2458 327.457 -31.791 24.1206 336.221 -18.8652 10.8083 375.388 -33.6467 15.1011 80.5242 19.8953
172.396 171.891 163.751 148.743 153.898 177.753 152.828 158.119 86.2429 96.4792 -58.489 334.623 -51.4326 -28.5322 345.958 -116.096 14.5545 331.978 -124.182 13.2992 327.287 -31.9463 24.2956 336.02 -19.0661 10.7137 375.101 -33.8253 14.9326 80.5599 19.9919
172.364 171.874 163.567 147.536 153.608 177.844 153.239 158.227 86.3508 96.3194 -58.6629 334.247 -51.3434 -28.5552 345.657 -116.288 14.7227 331.414 -124.13 13.4574 326.893 -31.8267 24.4725 335.679 -19.1143 10.6366 374.73 -33.891 14.8183 80.6893 20.2265
172.385 171.832 163.427 147.285 153.398 178.045 153.583 158.251 86.266 96.1319 -58.7825 333.798 -51.4677 -28.5675 345.488 -116.592 14.6959 330.843 -124.079 13.5167 326.727 -31.4641 24.5663 335.439 -19.1843 10.4945 374.337 -34.04 14.5029 81.1286 20.3892
172.433 171.801 163.259 147.14 153.311 178.162 153.698 157.956 86.4455 96.1503 -58.931 333.525 -51.5997 -28.6208 345.43 -116.844 14.5822 330.59 -124.049 13.528 326.339 -31.7332 24.6096 335.187 -19.2921 10.3367 374.096 -34.1242 14.5887 80.7937 20.4623
172.345 171.835 163.276 147.234 153.237 178.088 153.741 157.793 87.1499 96.3643 -59.1556 333.522 -51.7597 -28.5897 345.273 -116.968 14.6259 330.337 -123.994 13.6238 325.614 -32.0814 24.6106 334.832 -19.4203 10.2211 373.938 -34.1421 14.8505 80.1173 20.5198
172.313 171.733 163.28 147.415 153.174 178.038 153.484 157.476 87.2193 96.4367 -59.4172 333.577 -51.8936 -28.6824 345.149 -116.961 14.4446 330.182 -123.889 13.5527 325.391 -32.3787 24.5005 334.656 -19.5966 10.0499 373.843 -34.2032 14.9425 79.7113 20.5019
172.27 171.574 163.212 147.819 153.103 178.059 153.27 157.33 87.0195 96.3242 -59.7111 333.583 -51.9784 -28.7243 344.887 -116.939 14.3504 329.898 -123.803 13.3641 325.33 -32.1618 24.3364 334.439 -19.6745 9.86617 373.666 -34.2602 14.6623 79.96 20.4736
172.296 171.556 163.338 148.309 152.995 178.133 153.283 157.184 86.9318 96.2737 -59.9294 333.762 -52.0282 -28.9673 345.292 -117.065 14.2787 330.064 -123.85 13.2087 325.407 -32.0424 24.1619 334.427 -19.8288 9.67297 373.72 -34.2674 14.4611 80.1951 20.7026
172.29 171.649 163.258 149.051 152.888 178.191 152.994 156.891 86.6858 96.1428 -60.1807 333.902 -52.0762 -29.1566 345.583 -117.021 14.1066 330.283 -123.779 12.9384 325.728 -31.8108 23.9995 334.562 -19.9894 9.49307 373.8 -34.2733 14.0818 80.5597 20.7898
172.218 171.684 163.404 149.531 152.81 178.117 152.947 157.141 86.5116 96.175 -60.4112 334.11 -52.0426 -29.5318 345.528 -116.752 13.9076 330.638 -123.878 12.6489 326.02 -31.5713 23.8343 334.665 -19.986 9.31073 373.925 -34.2126 13.7648 81.0259 20.7658
172.27 171.788 163.496 149.438 152.58 178.225 153.12 157.424 86.5531 96.1447 -60.5293 334.093 -51.9556 -29.9758 345.598 -116.648 13.8474 330.945 -124.095 12.5094 326.032 -31.5923 23.7924 334.712 -20.043 9.11809 373.943 -34.1634 13.6736 81.272 20.9797
172.288 172.018 163.49 148.139 152.33 178.296 153.386 157.714 86.765 96.053 -60.7644 333.91 -51.9745 -30.2915 345.699 -116.767 13.8145 331.129 -124.426 12.2069 325.695 -31.7688 23.5982 334.36 -20.2299 8.91607 373.699 -34.1153 13.5714 81.4407 21.1308
172.318 172.079 163.573 148.263 152.31 178.319 153.429 157.935 86.4318 95.9226 -60.8709 333.818 -52.0375 -30.4953 345.635 -116.721 13.6693 331.166 -124.539 11.9646 325.883 -31.2691 23.3939 334.272 -20.1354 8.79666 373.507 -34.074 13.2573 82.246 21.1307
172.426 172.27 163.84 149.123 152.302 178.38 153.466 158.141 85.8974 95.7245 -60.9785 333.721 -52.1166 -30.6875 345.727 -116.739 13.6071 331.289 -124.675 11.727 326.524 -30.6354 23.2252 334.578 -20.0831 8.66101 373.532 -34.1002 12.8218 83.2415 21.2054
172.482 172.347 164.027 149.315 152.267 178.28 153.368 158.137 85.7555 95.6878 -61.2974 333.81 -52.0716 -30.7933 345.678 -116.705 13.4712 331.285 -124.7 11.5234 326.861 -30.436 23.0478 334.839 -19.9955 8.52272 373.653 -34.1119 12.7471 83.4623 21.1382
172.46 172.345 164.092 148.712 152.17 178.235 153.64 158.279 86.0836 95.9 -61.6189 333.86 -52.1053 -30.9459 345.662 -116.894 13.2657 331.086 -124.867 11.2159 326.379 -31.0065 22.7357 334.526 -20.0765 8.33412 373.537 -34.1446 13.0624 82.7807 21.0972
172.405 172.258 164.074 147.673 152.198 178.004 153.828 158.228 86.8568 96.3399 -61.9098 333.716 -51.8993 -31.1195 345.389 -116.968 12.9763 330.615 -124.893 11.0473 325.128 -32.3489 22.3299 333.854 -20.0645 8.13883 373.3 -34.0786 14.2119 80.9006 21.0026
172.552 172.189 164.047 147.387 152.311 177.98 153.9 158.168 87.1561 96.5719 -61.9982 333.48 -51.616 -31.3678 345.078 -116.953 12.7014 330.213 -124.862 10.9028 324.593 -32.9147 22.0619 333.597 -19.9696 7.95812 373.245 -34.0777 14.8062 80.0176 20.9616
172.652 172.176 164.174 146.888 152.368 177.89 154.073 158.212 87.5208 96.7617 -62.0769 333.317 -51.3368 -31.7156 344.87 -116.941 12.3654 329.881 -124.851 10.9003 324.097 -33.65 21.8649 333.52 -19.8183 7.76015 373.311 -34.0593 15.6875 78.8705 20.9588
172.764 172.122 164.062 146.45 152.398 177.771 154.309 158.328 88.3049 97.1256 -62.2047 332.93 -51.0385 -31.8963 344.262 -116.926 12.1039 329.302 -124.891 10.8578 323.082 -34.784 21.6615 333.097 -19.6907 7.59953 373.178 -34.0495 16.8429 77.218 20.8026
172.91 172.02 163.965 146.44 152.515 177.546 154.368 158.336 89.4712 97.6573 -62.4906 332.597 -50.834 -31.9541 343.625 -116.943 11.9181 328.674 -124.913 10.8093 321.733 -36.4011 21.4067 332.501 -19.6541 7.43949 372.976 -34.0353 18.3348 74.9652 20.6259
172.96 171.948 163.811 146.535 152.691 177.257 154.463 158.192 90.7131 98.1341 -62.8173 332.199 -50.5095 -32.1248 343.215 -116.997 11.8229 328.121 -124.913 10.8325 320.259 -38.1837 21.1616 331.803 -19.6276 7.29655 372.682 -33.9609 20.0214 72.6344 20.6708
173.106 171.914 163.79 146.918 152.941 177.149 154.395 158.253 91.3032 98.4787 -62.9348 331.814 -50.205 -32.408 342.281 -116.766 11.7918 327.422 -124.749 10.9506 319.462 -39.1349 21.1097 331.489 -19.4424 7.11704 372.533 -33.956 21.0509 71.202 20.7497
173.074 171.851 163.927 146.876 153.014 177.086 154.492 158.351 91.3335 98.427 -63.0284 331.449 -49.9203 -32.6484 341.71 -116.638 11.8475 326.739 -124.49 11.2181 319.086 -38.6406 21.1169 331.258 -19.2934 6.99204 372.351 -33.8821 20.8958 71.2757 20.9854
173.021 171.94 163.991 144.886 153.11 177.087 154.567 158.452 90.9907 98.3165 -63.188 331.198 -49.803 -32.8809 341.24 -116.563 11.9404 326.081 -124.265 11.2715 319.065 -37.6529 21.0716 330.961 -19.1581 6.87417 372.052 -33.8622 20.1445 72.1247 21.2886
172.9 172.024 163.835 143.818 153.315 177.045 154.46 158.461 90.5788 98.3232 -63.3428 330.96 -49.627 -32.9125 340.6 -116.331 12.052 325.535 -123.97 11.2125 318.945 -36.7093 20.9851 330.49 -18.9325 6.82179 371.663 -33.7656 19.4199 72.9856 21.3761
172.809 172.094 163.912 142.317 153.697 177.004 154.284 158.506 89.4951 98.2242 -63.6344 330.976 -49.5711 -32.8714 340.043 -116.151 12.0027 325.127 -123.746 10.9884 319.569 -35.6793 20.7826 330.469 -18.616 6.74081 371.489 -33.7731 18.6542 74.1246 21.2614
172.716 172.143 163.919 143.151 154.008 176.918 154.099 158.532 88.5071 98.1826 -63.8785 331.032 -49.4452 -32.8708 339.561 -115.922 11.8695 324.809 -123.542 10.4965 320.097 -34.5968 20.4973 330.375 -18.3129 6.67814 371.377 -33.7228 17.7098 75.3123 21.0851
172.517 172.165 163.853 145.391 154.252 176.818 153.825 158.446 87.4735 98.1361 -64.0864 331.058 -49.5424 -32.8165 339.124 -115.803 11.5537 324.613 -123.496 9.90001 320.545 -33.9678 20.1886 330.24 -18.1274 6.60432 371.143 -33.7589 17.0158 76.2525 20.7324
172.321 172.216 163.881 147.518 154.362 176.817 153.811 158.599 86.6991 97.942 -64.1566 330.885 -49.7469 -32.6609 338.783 -115.843 11.4106 324.13 -123.409 9.38883 320.834 -32.7826 19.8726 329.987 -17.9473 6.55233 370.735 -33.7794 16.023 77.6758 20.5296
172.026 172.305 163.88 149.125 154.502 176.662 153.746 158.745 85.9939 97.8632 -64.2856 330.763 -49.9255 -32.6156 338.194 -115.708 11.2611 323.687 -123.303 8.94536 321.2 -31.7383 19.5869 329.807 -17.7174 6.49952 370.386 -33.8178 15.1838 78.9721 20.3261
171.946 172.428 164.047 150.235 154.417 176.754 153.941 159.034 85.6034 97.7541 -64.2987 330.543 -50.1268 -32.6435 337.743 -115.723 11.0762 323.303 -123.353 8.46173 321.422 -30.855 19.2921 329.588 -17.611 6.43418 370.036 -33.8892 14.429 80.1839 20.1592
171.969 172.441 164.097 150.994 154.308 176.904 154.003 159.165 85.3651 97.4989 -64.1407 330.02 -50.0346 -32.8716 337.353 -115.636 10.8599 322.879 -123.276 8.10615 321.575 -29.8863 19.0795 329.43 -17.529 6.33634 369.7 -33.8953 13.7188 81.3551 20.1912
172.079 172.465 164.018 151.3 154.152 177.046 154.052 159.214 85.4375 97.3463 -63.9972 329.527 -49.9283 -33.0328 337.008 -115.665 10.7364 322.229 -123.123 7.80826 321.371 -29.1102 18.7952 329.086 -17.4547 6.2294 369.306 -33.9348 13.2965 82.1602 20.3221
172.216 172.532 164.071 151.22 154.157 177.208 154.109 159.281 85.2734 97.2077 -63.8854 329.306 -49.945 -33.0972 336.612 -115.636 10.5629 321.662 -122.928 7.51666 321.414 -28.636 18.5383 328.96 -17.2867 6.13495 369.072 -33.9408 13.058 82.5759 20.2831
172.279 172.535 164.105 150.35 154.189 177.266 154.235 159.33 85.5683 97.2538 -63.8285 328.96 -49.9122 -33.0665 336.098 -115.661 10.4997 320.974 -122.779 7.54467 320.75 -28.8079 18.3972 328.602 -17.0777 6.07012 368.718 -33.9548 13.5186 82.092 20.2558
172.337 172.527 164.182 149.697 154.3 177.343 154.222 159.325 85.8868 97.3865 -63.7415 328.71 -49.9127 -32.9808 335.662 -115.667 10.3713 320.392 -122.632 7.46938 320.199 -29.0607 18.2389 328.364 -16.847 5.99738 368.45 -33.9782 13.978 81.5297 20.1381
172.498 172.512 164.308 148.331 154.384 177.409 154.328 159.329 86.4607 97.6056 -63.606 328.529 -49.8412 -32.9472 335.232 -115.643 10.2572 319.895 -122.558 7.50722 319.237 -30.2258 18.116 328.124 -16.5684 5.94489 368.295 -33.9323 15.2418 79.7991 20.0087
172.465 172.505 164.363 146.875 154.449 177.401 154.45 159.34 86.9212 97.7542 -63.5514 328.483 -49.8638 -32.8572 334.743 -115.619 10.2537 319.343 -122.411 7.61378 318.501 -31.0158 18.1049 327.901 -16.2768 5.93239 368.118 -33.8878 16.2178 78.5061 19.9217
174.198 172.193 163.452 147.095 154.333 177.594 155.78 159.53 85.4754 97.6489 -62.8637 328.15 -49.8942 -32.8521 333.687 -115.691 10.5832 318.362 -122.107 8.18583 318.672 -31.1548 18.0786 327.956 -16.0379 5.86186 368.032 -33.8158 16.7548 77.9314 20.0213
177.378 171.782 162.802 148.179 154.132 177.014 156.896 159.712 84.2793 97.474 -62.01 327.854 -49.8689 -32.7578 332.531 -115.586 10.9078 317.326 -121.769 8.66272 318.528 -31.2344 18.023 327.831 -15.7524 5.81539 367.896 -33.6686 17.3069 77.2896 20.0186
179.564 171.4 162.309 150.184 154.16 176.463 157.523 159.736 82.6714 97.2809 -61.5599 327.785 -49.8293 -32.6729 331.41 -115.391 11.0567 316.282 -121.346 8.86206 318.885 -30.7526 17.8789 327.784 -15.4712 5.73461 367.737 -33.6191 17.1937 77.4959 19.953
179.927 171.038 162.001 151.725 154.141 176.005 157.967 159.769 82.0223 97.2607 -61.3093 327.781 -49.7322 -32.4952 330.296 -115.112 11.1833 315.272 -120.928 9.12088 318.559 -30.7505 17.772 327.538 -15.3189 5.67328 367.56 -33.541 17.524 76.8866 19.8001
179.807 170.718 161.8 153.399 154.334 175.603 158.219 159.767 81.7323 97.4346 -61.1284 327.794 -49.6577 -32.2206 329.384 -114.894 11.4336 314.495 -120.579 9.19503 318.126 -30.7583 17.6166 327.186 -15.1562 5.6618 367.406 -33.4691 17.731 76.3743 19.6648
179.562 170.466 161.441 155.414 154.428 175.319 158.501 159.741 81.2365 97.386 -61.1354 327.638 -49.3815 -32.0079 328.587 -114.762 11.785 313.69 -120.214 9.25105 317.976 -29.9246 17.4969 326.882 -14.8141 5.65516 367.121 -33.3923 17.4434 77.0093 19.7163
179.53 170.306 161.28 156.967 154.58 175.046 158.646 159.769 80.9518 97.3946 -60.8659 327.328 -49.1336 -31.8583 327.837 -114.559 12.084 312.909 -119.824 9.16658 317.748 -29.1923 17.3114 326.531 -14.5398 5.62506 366.844 -33.2718 17.1213 77.4784 19.794
179.36 170.218 161.215 156.994 154.857 174.769 158.784 159.814 80.9464 97.6852 -60.806 327.226 -48.9364 -31.6684 327.282 -114.447 12.2824 312.406 -119.675 9.19075 316.973 -29.6691 17.0954 325.96 -14.3771 5.58649 366.609 -33.1719 17.658 76.6356 19.7274
179.223 170.108 161.095 157.187 155.165 174.558 158.698 159.79 81.2135 97.9613 -60.8367 327.235 -48.8382 -31.4303 326.831 -114.313 12.4274 311.94 -119.444 9.26036 316.061 -30.2208 16.9156 325.408 -14.2612 5.56117 366.359 -33.0803 18.3196 75.608 19.6362
179.032 170.003 160.93 157.299 155.599 174.365 158.531 159.655 81.606 98.1941 -60.844 327.196 -48.7972 -31.2578 326.59 -114.255 12.502 311.692 -119.321 9.3833 315.083 -31.0651 16.7727 324.903 -14.2174 5.56084 366.142 -33.0209 19.2073 74.3378 19.5592
178.965 169.916 160.744 158.261 155.964 174.365 158.392 159.554 81.9593 98.2021 -60.7974 326.963 -48.7732 -30.9952 326.142 -114.168 12.7114 311.367 -119.141 9.50771 314.469 -31.294 16.8419 324.685 -14.1465 5.60253 365.968 -33.0098 19.5533 73.7855 19.488
178.908 169.836 160.675 158.969 156.212 174.431 158.378 159.508 82.0625 98.13 -60.7655 326.721 -48.6831 -30.7989 325.844 -114.096 12.9415 311.134 -118.995 9.65773 314.02 -31.2927 16.9436 324.447 -14.0006 5.69343 365.722 -32.9254 19.7549 73.6145 19.5048
178.841 169.755 160.44 159.744 156.415 174.416 158.433 159.533 82.0048 98.1495 -60.7378 326.409 -48.7094 -30.5294 325.365 -114.144 13.2664 310.798 -119.029 9.85354 313.311 -31.4662 17.0707 323.844 -13.9126 5.82165 365.212 -32.9192 19.9676 73.5131 19.5201
179.134 169.793 160.492 159.894 156.523 174.624 158.406 159.643 81.5586 98.0416 -60.515 326.188 -48.6601 -30.3471 324.844 -113.887 13.3397 310.579 -118.967 9.95289 313.521 -31.1047 17.2792 323.88 -13.6705 5.88973 365.012 -32.9093 19.7766 74.0607 19.3726
179.192 169.76 160.586 159.833 156.621 174.687 158.178 159.503 81.443 97.8234 -60.4377 326.19 -48.6542 -30.3033 324.974 -113.811 13.2693 310.905 -119.047 9.90308 313.692 -31.4369 17.3357 324.23 -13.5875 5.92529 365.091 -32.9229 20.1519 73.8987 19.2648
179.216 169.749 160.757 160.401 156.743 174.75 158.052 159.693 81.1159 97.7259 -60.3583 326.259 -48.6078 -30.2492 324.888 -113.617 13.2957 311.142 -119.126 9.71658 314.216 -31.0387 17.3425 324.584 -13.3735 5.97776 365.198 -32.949 19.8745 74.6405 19.165
179.35 169.782 161.089 160.749 156.752 174.816 158.113 160.072 80.3083 97.5571 -60.2342 326.092 -48.4789 -30.2844 324.732 -113.444 13.344 311.382 -119.352 9.45519 315.14 -30.2628 17.3376 324.954 -13.1332 6.02054 365.222 -32.9591 19.159 76.1049 19.1194
179.466 169.76 161.157 161.46 156.671 174.725 157.881 160.225 80.0916 97.54 -60.1631 325.964 -48.5727 -30.3101 324.706 -113.396 13.1988 311.475 -119.521 8.85311 315.643 -29.4731 17.1118 324.85 -13.2509 6.02222 365.1 -33.0232 18.0234 77.4615 19.0092
179.654 169.833 161.239 161.851 156.679 174.654 157.926 160.441 79.8641 97.5881 -60.0308 325.837 -48.5669 -30.3388 324.479 -113.257 13.0701 311.438 -119.56 8.53465 315.926 -28.8135 16.9596 324.689 -13.1181 6.04044 364.96 -32.9924 17.3568 78.4314 18.8889
179.591 169.931 161.273 162.001 156.71 174.55 157.959 160.618 79.9262 97.798 -60.0109 325.841 -48.6526 -30.2701 324.272 -113.21 13.1209 311.464 -119.637 8.38189 315.833 -28.4445 16.8119 324.363 -13.0069 6.08244 364.747 -32.98 17.0662 79.0609 18.8267
179.623 170.037 161.441 161.613 156.829 174.558 158.067 160.763 80.4038 98.0675 -59.8234 325.898 -48.5846 -30.2419 324.281 -113.104 13.244 311.573 -119.577 8.55255 315.33 -28.7977 16.852 324.225 -12.8887 6.15125 364.789 -32.8872 17.5875 78.4394 18.8794
179.765 170.118 161.764 161.069 156.859 174.626 158.37 161.211 80.9019 98.3301 -59.5359 325.684 -48.2904 -30.329 324.0 -112.897 13.427 311.282 -119.487 8.78031 314.675 -29.0163 16.8997 324.007 -12.6282 6.17989 364.739 -32.7592 18.1758 77.8151 19.0497
179.957 170.319 162.117 161.325 156.881 174.667 158.733 161.59 80.9837 98.3856 -59.1795 325.546 -48.0865 -30.2459 323.745 -112.782 13.7692 310.937 -119.312 8.94754 314.821 -28.3024 17.1015 324.071 -12.3885 6.27776 364.762 -32.6444 17.7723 78.367 19.2246
179.94 170.455 162.283 160.334 156.9 174.676 159.003 161.827 81.5494 98.7949 -59.0076 325.243 -47.7469 -29.9888 322.99 -112.58 14.1404 310.152 -119.004 9.44579 313.717 -28.6663 17.2533 323.356 -12.1814 6.39065 364.481 -32.4573 18.3762 77.2147 19.2628
179.948 170.638 162.507 160.242 156.962 174.759 159.322 162.102 82.2662 99.1064 -58.8811 325.101 -47.4561 -29.7975 322.219 -112.298 14.5113 309.344 -118.584 9.76882 312.711 -28.5034 17.3557 322.78 -11.7819 6.49266 364.207 -32.2249 18.7501 76.6033 19.3545
179.888 170.762 162.853 160.16 157.031 174.715 159.625 162.355 83.2336 99.3269 -58.7215 325.133 -47.1929 -29.7369 322.175 -112.324 14.7578 309.095 -118.544 9.94746 311.664 -28.8037 17.3107 322.384 -11.5823 6.58397 364.11 -32.0156 19.471 75.7655 19.4769
179.941 170.877 163.115 159.954 156.979 174.648 160.005 162.675 84.8443 99.6289 -58.5589 325.105 -46.8366 -29.6035 322.014 -112.275 15.1158 308.666 -118.29 10.4691 309.857 -29.2017 17.2929 321.695 -11.3852 6.68806 363.905 -31.7319 20.6229 74.4085 19.6511
179.848 170.981 163.264 159.852 156.927 174.534 160.14 162.962 85.4238 99.9133 -58.2045 325.036 -46.5709 -29.3418 321.254 -111.784 15.3949 307.825 -117.706 10.5385 309.03 -29.1059 17.2929 321.126 -11.1047 6.80928 363.699 -31.4752 20.7675 73.7182 19.6319
179.864 171.068 163.405 159.515 156.825 174.407 160.228 163.083 86.6359 100.242 -57.9392 324.937 -46.2774 -29.1352 320.698 -111.481 15.7961 306.885 -117.105 10.7963 307.653 -29.3365 17.3722 320.349 -10.9822 6.95064 363.438 -31.2076 21.1722 72.4494 19.816
179.93 171.239 163.725 159.511 156.804 174.291 160.466 163.418 87.2137 100.633 -57.7246 324.891 -45.9788 -28.7662 320.127 -111.254 16.5327 306.031 -116.556 11.0192 307.151 -28.4693 17.5108 319.869 -10.6784 7.13243 363.302 -30.9733 20.6665 72.6249 20.0914
179.972 171.222 163.824 159.826 157.036 174.332 160.532 163.395 88.1783 101.28 -57.742 324.713 -45.7795 -28.2815 319.199 -111.028 16.9406 304.74 -115.93 10.8191 306.119 -28.0791 17.3904 318.942 -10.4495 7.31101 362.891 -30.7895 20.2765 72.1062 20.0522
179.906 171.312 163.918 160.148 157.142 174.373 160.671 163.466 88.4628 101.713 -57.6995 324.673 -45.7627 -27.7454 318.28 -110.863 17.392 303.56 -115.385 10.393 305.789 -27.05 17.2785 318.159 -10.3473 7.50011 362.52 -30.6461 19.0875 72.598 19.9792
179.681 171.344 163.926 160.24 157.252 174.359 160.873 163.456 88.3344 102.069 -57.4056 324.487 -45.6003 -27.2817 317.501 -110.725 17.8096 302.65 -114.892 10.2271 305.736 -26.0918 17.2633 317.583 -10.1781 7.66869 362.246 -30.5101 18.154 73.1901 19.9298
179.607 171.25 164.05 160.417 157.55 174.387 160.945 163.319 88.5002 102.408 -57.267 324.091 -45.4898 -26.7782 316.336 -110.442 18.0384 301.556 -114.443 10.2919 305.024 -26.0098 17.3243 316.839 -9.92592 7.82864 361.728 -30.3665 18.0789 72.6881 19.6662
179.453 171.278 164.155 161.13 157.853 174.498 161.254 163.376 88.2967 102.527 -57.1138 323.749 -45.3174 -26.2784 315.608 -110.458 18.4914 300.519 -113.959 10.2904 305.029 -24.9205 17.3688 316.541 -9.55015 7.98482 361.422 -30.2611 17.4796 73.3517 19.6494
179.94 171.314 164.164 160.723 158.638 174.405 161.26 163.189 85.9639 102.1 -57.0922 323.014 -44.8608 -26.1635 315.211 -110.469 19.1289 300.158 -113.746 10.8736 306.578 -24.1226 17.9167 317.13 -8.92864 8.15531 361.232 -30.3497 17.0576 74.748 20.0788
179.846 171.338 164.09 159.909 158.98 174.335 161.433 163.169 84.5589 101.838 -56.9874 322.445 -44.4907 -26.1201 314.745 -110.372 19.5309 299.729 -113.483 11.611 307.194 -23.8433 18.3783 317.436 -8.34884 8.25768 360.96 -30.3362 17.3293 75.1762 20.3816
179.606 171.27 163.988 159.458 158.926 174.323 161.367 163.002 83.7404 101.506 -57.0932 322.096 -44.3908 -26.0058 314.446 -110.38 19.8912 299.37 -113.311 12.2088 307.554 -23.5345 18.7996 317.592 -8.15175 8.36662 360.699 -30.3817 17.3662 75.6065 20.6258
179.535 171.222 163.963 159.377 158.768 174.407 161.353 162.888 83.1274 101.219 -57.2164 322.018 -44.5262 -25.9079 314.426 -110.56 20.2085 299.215 -113.289 12.4681 307.896 -23.1604 18.9753 317.682 -8.02299 8.45829 360.486 -30.4095 17.2471 76.2438 20.8503
179.466 171.098 163.786 159.394 158.538 174.424 161.03 162.463 83.2851 101.086 -57.3021 321.881 -44.7077 -25.5712 314.139 -110.581 20.3154 298.787 -113.106 12.7184 307.364 -23.47 19.2153 317.298 -8.23332 8.62734 360.116 -30.4137 17.3601 75.6467 20.7627
179.45 170.95 163.672 160.001 158.436 174.613 160.668 162.188 82.6962 100.88 -57.4757 321.876 -44.8981 -25.1943 313.652 -110.333 20.4093 298.431 -112.833 12.6337 307.655 -23.1905 19.3354 317.172 -8.25134 8.77032 359.844 -30.4099 16.8754 76.025 20.5427
179.159 170.561 163.244 160.313 158.465 174.87 160.31 161.61 83.2158 101.064 -57.8849 322.697 -45.1712 -24.9301 314.108 -110.227 20.7103 298.779 -112.331 12.7018 307.091 -23.4326 19.3638 316.882 -8.15946 8.86362 359.805 -30.3119 17.2205 75.5386 20.7079
178.678 170.05 163.055 160.783 158.622 175.101 159.607 160.993 83.6996 101.129 -58.1576 323.445 -45.4019 -24.6217 314.483 -109.931 20.9487 299.23 -111.855 12.7422 306.785 -23.7803 19.4106 316.931 -8.17172 8.95502 359.937 -30.2285 17.6176 74.964 20.7258
178.443 169.893 162.911 161.083 158.526 175.187 159.086 160.911 84.0268 101.264 -58.3546 323.333 -45.3529 -24.5825 314.103 -109.548 20.6939 298.842 -111.747 12.2663 306.264 -24.1471 19.1525 316.479 -8.30749 8.99454 359.649 -30.193 17.5842 74.4239 20.4884
177.92 169.582 162.741 161.225 158.735 175.282 158.523 160.36 84.2045 101.209 -58.5972 323.772 -45.3758 -24.4143 314.366 -109.283 20.9525 299.237 -111.338 12.543 306.127 -24.37 19.3047 316.63 -8.27832 9.0157 359.751 -30.1286 18.0191 74.051 20.6117
177.41 169.358 162.573 161.187 158.732 175.383 158.171 160.052 84.4443 101.176 -58.7544 324.155 -45.4201 -24.3119 314.469 -109.004 21.1713 299.444 -110.973 12.7846 305.914 -24.4646 19.4527 316.656 -8.20998 9.05855 359.781 -30.0512 18.3339 73.7661 20.7337
177.018 169.24 162.448 160.87 158.703 175.464 158.024 159.926 84.8668 101.307 -58.9136 324.556 -45.4531 -24.3132 314.523 -108.775 21.376 299.586 -110.69 13.1175 305.451 -24.686 19.5473 316.535 -8.14401 9.04934 359.779 -29.9781 18.842 73.2857 20.9099
176.817 169.21 162.333 160.664 158.635 175.574 157.905 159.823 85.2038 101.358 -58.9678 324.98 -45.5431 -24.3487 314.636 -108.584 21.5106 299.717 -110.443 13.3754 305.135 -24.765 19.6191 316.487 -8.08342 9.04906 359.814 -29.9014 19.2063 72.9818 21.0708
176.682 169.176 162.241 160.31 158.608 175.643 157.784 159.726 85.6883 101.541 -58.9761 325.319 -45.6003 -24.376 314.652 -108.361 21.5846 299.794 -110.208 13.719 304.578 -25.1666 19.7103 316.322 -7.99788 9.05405 359.823 -29.807 19.8223 72.2091 21.1644
176.661 169.272 161.846 159.868 158.566 175.678 157.922 160.097 85.1211 101.462 -58.9909 324.749 -45.5343 -24.4771 313.954 -108.214 21.3659 299.208 -110.386 13.4123 304.687 -24.9217 19.5893 316.099 -7.83103 9.08511 359.393 -29.8058 19.4673 72.6744 21.0044
176.583 169.297 161.907 159.934 158.695 175.731 157.817 159.968 85.194 101.477 -58.9651 324.905 -45.5617 -24.452 313.972 -108.11 21.5108 299.43 -110.318 13.6912 304.594 -25.0015 19.7319 316.177 -7.78353 9.11119 359.404 -29.7545 19.7543 72.5747 21.0739
176.416 169.283 161.907 159.951 158.732 175.824 157.862 159.976 85.3181 101.49 -58.9052 325.06 -45.5747 -24.4732 314.033 -108.039 21.6282 299.692 -110.287 13.9912 304.474 -25.2108 19.8563 316.317 -7.69052 9.10081 359.495 -29.7284 20.2101 72.3292 21.1486
176.017 169.277 161.976 160.14 158.776 175.958 157.951 160.042 85.4139 101.44 -58.8775 325.117 -45.5517 -24.507 313.983 -107.946 21.6896 299.84 -110.264 14.1117 304.419 -25.3083 19.9196 316.465 -7.58802 9.06786 359.565 -29.6932 20.4914 72.1987 21.1683
175.935 169.333 162.161 160.333 158.794 176.071 158.085 160.196 85.5627 101.42 -58.7931 325.196 -45.535 -24.5318 313.963 -107.881 21.7762 299.956 -110.275 14.2737 304.377 -25.3427 20.0196 316.601 -7.5416 9.05846 359.669 -29.6605 20.6753 72.0989 21.2043
175.699 169.373 162.337 160.438 158.831 176.13 158.225 160.314 85.986 101.47 -58.7976 325.292 -45.518 -24.6238 314.011 -107.882 21.744 300.059 -110.33 14.3611 304.1 -25.6003 20.0206 316.659 -7.50636 9.01106 359.775 -29.6284 21.049 71.6738 21.2164
175.438 169.471 162.185 159.688 158.786 176.251 158.489 160.887 84.4401 101.194 -58.8348 324.44 -45.2723 -24.8436 313.136 -107.685 21.2403 299.201 -110.543 13.7502 305.129 -24.8367 19.9559 316.705 -7.38952 9.00086 359.427 -29.6799 19.8287 72.8817 20.9228
175.474 169.423 162.397 159.953 158.898 176.175 158.479 160.836 84.2825 101.022 -58.8871 324.455 -45.2031 -24.9702 313.204 -107.664 21.2051 299.351 -110.554 13.7333 305.373 -24.7336 19.9596 317.003 -7.31078 8.94172 359.518 -29.6859 19.8978 73.0689 20.9767
175.384 169.404 162.538 160.159 158.917 176.214 158.569 160.82 84.3579 100.851 -58.8636 324.489 -45.158 -25.1105 313.461 -107.756 21.2204 299.55 -110.583 13.7853 305.519 -24.6272 20.0056 317.281 -7.29871 8.89629 359.688 -29.6794 19.9506 73.1683 21.1111
175.263 169.444 162.713 160.299 158.868 176.248 158.707 160.896 84.3935 100.685 -58.9561 324.471 -45.0816 -25.3104 313.572 -107.786 21.0618 299.602 -110.616 13.662 305.611 -24.517 19.9441 317.418 -7.29676 8.79756 359.776 -29.6657 19.9021 73.2587 21.1417
175.579 169.547 162.51 160.432 158.709 176.338 158.763 161.367 82.4755 100.372 -58.8672 323.574 -45.0108 -25.485 312.771 -107.547 20.6728 298.919 -110.811 12.8917 307.164 -23.318 19.7721 317.512 -7.25291 8.7548 359.42 -29.7522 18.0919 75.3077 20.9067
