171.759 174.27 180.0 141.637 142.32 168.626 178.014 172.247 82.1248 85.3118 125.053 390.437 -126.703 70.0258 379.974 -176.125 26.5469 382.945 -165.385 70.4724 384.499 -57.6054 59.7899 376.726 -52.5001 79.7321 349.092 -78.3546 9.69334 100.826 17.0012
169.839 174.27 180.0 140.574 142.386 168.321 178.717 171.536 81.9724 84.6805 127.106 388.421 -127.9 72.7159 379.452 -177.328 29.6816 382.96 -167.121 72.4951 382.551 -58.808 61.5561 374.815 -53.8264 81.8771 347.682 -79.9499 9.47607 100.693 16.6425
168.993 174.27 180.0 139.413 142.585 168.032 178.576 170.675 82.687 83.9548 128.366 387.602 -128.18 75.861 377.781 -178.663 32.9979 382.236 -168.622 74.5854 380.555 -59.1573 63.1831 372.487 -54.7826 84.1399 346.268 -81.1231 9.30301 101.108 16.8989
168.112 174.27 180.0 137.803 142.233 167.29 176.871 171.864 83.5457 83.6621 130.226 384.779 -129.369 79.4351 376.236 -179.632 36.1294 379.864 -170.617 77.2895 379.21 -60.3998 65.5598 370.839 -56.1475 86.5239 344.521 -82.3204 9.07489 101.554 16.694
167.033 174.27 180.0 139.163 142.127 166.722 175.728 171.82 82.0268 83.2563 132.028 384.367 -129.813 83.4904 375.113 -181.115 39.9713 379.521 -171.932 79.7883 376.357 -61.2851 67.7039 368.871 -57.3723 89.1338 343.319 -83.5875 9.146 102.23 17.3288
166.325 174.27 180.0 138.23 141.448 165.605 172.973 171.304 81.3379 83.3017 133.928 382.772 -131.016 87.3213 374.744 -181.762 42.4856 377.244 -172.972 82.2353 374.917 -62.9449 70.041 367.902 -58.8925 91.7337 342.211 -84.8212 9.10813 102.657 17.8473
165.571 174.27 179.346 140.252 141.172 164.708 170.45 171.738 80.6076 83.3012 136.266 382.339 -131.429 91.7282 374.669 -182.368 46.2647 377.347 -174.364 85.08 373.286 -63.8435 72.5543 366.947 -60.1499 94.399 341.374 -86.0055 9.24097 103.208 18.1773
165.528 174.27 179.793 139.481 140.633 163.786 166.654 171.987 80.1519 83.6143 138.486 379.959 -132.35 95.4536 374.466 -181.984 48.7133 374.852 -175.588 87.6731 372.099 -65.6096 75.2285 366.119 -61.391 96.7655 339.768 -86.952 9.00727 103.367 18.2714
163.456 174.27 180.0 139.125 140.067 162.515 164.021 170.79 79.9776 83.561 140.395 379.44 -132.884 98.2714 374.8 -181.889 52.2058 374.168 -176.118 89.8856 371.066 -66.8875 77.4242 365.136 -62.6555 99.3138 338.908 -88.0005 8.90792 103.004 17.7437
162.151 174.27 180.0 138.446 139.309 161.508 160.462 169.685 79.773 84.1434 141.811 377.599 -134.091 101.021 373.631 -182.176 54.9537 372.466 -176.439 91.7978 370.272 -68.8501 79.4917 364.476 -64.0108 101.477 337.584 -88.879 8.61956 101.565 17.9273
160.754 174.27 180.0 138.605 138.449 160.241 159.004 168.137 79.8489 84.4014 143.074 377.359 -134.705 104.933 373.181 -182.745 58.353 371.604 -177.1 93.3569 370.085 -70.0626 81.3204 363.977 -65.1028 103.94 337.097 -89.5638 8.60673 100.504 18.5992
161.521 174.27 180.0 139.495 138.089 159.675 158.001 166.947 79.6495 84.7304 144.579 376.211 -135.789 108.364 371.254 -183.553 61.0219 369.566 -178.036 95.0949 369.825 -71.7119 83.2105 363.546 -66.2921 106.206 336.129 -90.0981 8.39808 99.3566 19.2911
161.872 174.27 180.0 140.037 138.14 159.119 159.435 166.398 79.462 84.7884 145.9 375.015 -136.52 111.501 368.233 -185.107 63.3354 366.725 -179.568 96.7118 369.053 -73.113 84.9924 362.614 -67.5178 108.271 334.983 -90.7249 8.42523 99.3364 20.0667
161.888 174.27 180.0 141.653 138.49 158.633 161.888 165.919 78.8354 84.5413 147.133 373.42 -137.202 113.519 364.641 -186.326 65.3749 364.247 -180.586 98.6326 367.515 -73.3607 87.0091 361.344 -67.858 110.345 333.839 -91.0138 8.63535 100.225 20.2291
162.28 177.641 180.0 140.823 138.881 158.198 163.243 166.768 78.5221 83.8801 148.384 372.208 -137.92 115.611 361.55 -187.296 66.9734 360.395 -182.467 100.588 366.255 -73.9914 88.8182 360.208 -68.7036 112.494 332.869 -91.4051 8.77256 101.859 20.3434
162.808 170.286 180.0 141.922 139.288 157.587 165.326 170.061 78.0264 83.1498 149.616 371.429 -138.516 117.897 359.437 -188.323 67.608 355.759 -184.713 102.69 364.911 -74.1443 90.7463 359.023 -69.3117 114.759 332.127 -91.858 9.06355 104.978 21.0555
163.785 163.698 179.576 142.186 139.457 157.308 165.976 172.163 77.5211 82.8046 151.465 370.18 -139.276 120.711 356.401 -189.281 69.0161 351.257 -186.854 104.955 364.125 -75.7594 92.8909 358.193 -70.4187 117.01 331.057 -92.3472 8.6697 106.084 21.7147
164.999 161.469 178.294 140.332 140.266 156.324 168.048 174.668 76.6555 81.4819 154.065 368.562 -140.177 125.43 349.427 -191.315 72.5269 341.67 -189.017 109.55 362.154 -77.9779 97.3118 356.067 -71.9315 121.764 329.018 -92.8813 8.18851 108.952 22.5964
164.373 165.06 176.538 141.617 141.122 155.608 170.807 176.321 76.0359 81.0149 154.963 368.313 -140.072 126.784 346.269 -192.509 74.2378 336.475 -190.192 111.037 361.054 -78.4355 98.973 354.821 -72.2686 123.767 328.367 -93.0185 8.25195 111.273 22.4268
163.346 166.529 173.507 140.743 141.705 155.111 171.65 177.784 75.8087 80.6418 156.761 367.325 -139.998 128.665 342.609 -193.316 77.1215 331.88 -191.256 113.177 360.1 -79.3047 101.033 353.844 -72.9292 125.789 327.279 -93.1389 8.16169 112.755 21.7834
160.936 168.737 174.428 139.782 142.279 154.84 175.058 178.13 75.3891 80.0548 158.158 367.843 -139.134 130.338 340.018 -193.935 79.3916 328.749 -191.836 114.649 359.334 -79.0924 102.654 352.853 -72.8998 127.933 327.227 -93.0709 8.37957 114.748 21.4149
159.358 170.193 176.95 138.007 142.671 154.357 176.557 178.976 75.5431 79.26 159.498 367.659 -138.371 131.899 337.647 -194.435 81.5759 325.76 -192.061 116.05 358.644 -78.8929 104.102 351.765 -72.927 129.885 326.867 -93.0061 8.51075 116.256 21.1028
157.893 171.454 175.677 137.293 143.113 154.175 177.0 178.551 75.7857 78.5636 160.718 367.368 -137.316 133.227 335.422 -194.239 83.5536 324.255 -191.397 117.132 357.739 -78.5062 105.374 350.126 -72.4752 131.554 326.213 -92.6716 8.38305 116.402 20.8059
156.41 173.56 176.195 137.759 143.469 154.523 177.738 178.724 75.4776 78.0824 162.32 368.231 -136.141 135.163 334.183 -194.278 85.7229 323.403 -191.256 118.2 357.436 -78.0529 106.799 349.367 -72.0209 133.292 326.46 -92.2516 8.54207 116.889 20.8229
157.677 172.837 178.472 138.043 144.013 155.669 177.041 179.487 75.3896 77.8255 164.104 368.309 -135.574 136.489 333.064 -194.166 87.4462 321.829 -190.961 119.127 357.18 -77.7791 107.983 348.843 -71.6063 134.515 326.332 -91.7955 8.62225 117.437 20.7005
160.461 173.875 178.235 138.487 144.496 157.1 175.035 179.408 75.5552 77.8571 165.564 367.604 -135.66 136.987 331.677 -194.043 87.7351 321.116 -190.017 119.84 357.006 -77.8125 108.955 348.458 -71.2694 135.102 325.812 -91.3871 8.6651 116.685 20.9889
163.422 175.031 175.676 139.507 144.697 158.056 173.254 178.551 75.9671 77.8756 166.324 367.217 -135.592 136.994 331.082 -193.756 87.4147 322.119 -188.424 120.546 356.96 -77.1702 109.544 348.283 -70.839 135.433 325.572 -90.8616 8.77218 115.623 21.4931
166.838 175.926 178.059 140.175 144.779 158.853 171.358 177.344 76.4916 77.9052 166.77 367.011 -135.493 137.23 330.994 -193.402 87.7605 323.438 -187.293 121.15 357.162 -76.7921 109.989 348.283 -70.6051 135.661 325.406 -90.4263 8.78748 114.353 21.6529
170.045 176.428 180.0 140.759 144.815 159.173 169.739 176.02 76.8645 77.7836 166.797 367.211 -135.348 137.427 331.158 -193.004 88.2752 324.494 -186.204 121.672 357.531 -76.5659 110.375 348.399 -70.3744 135.842 325.426 -90.0225 8.72115 113.332 21.6569
172.884 177.15 180.0 141.364 144.793 159.349 168.95 174.489 77.1506 77.62 166.698 367.32 -134.969 137.212 331.25 -192.333 88.5135 325.786 -184.934 121.951 357.835 -76.0193 110.54 348.485 -69.8555 135.844 325.531 -89.4806 8.67408 112.427 21.6028
174.607 177.826 180.0 141.968 144.731 159.264 167.989 173.497 77.406 77.5456 165.7 367.297 -134.331 136.875 331.979 -191.414 88.0874 326.776 -183.379 122.084 357.991 -75.0198 110.501 348.553 -68.9772 135.632 325.582 -88.6884 8.64401 111.908 21.85
174.023 178.241 180.0 142.452 144.759 158.591 167.65 173.061 77.4144 77.4546 164.222 368.064 -133.869 136.129 332.861 -190.669 87.7406 327.076 -182.068 121.857 358.691 -74.2902 110.32 349.182 -68.2047 135.427 326.225 -87.9507 8.68138 111.808 21.6965
171.884 178.381 180.0 142.988 144.848 157.731 168.755 173.997 77.3447 77.5209 162.867 369.692 -132.925 135.37 333.43 -189.949 87.1006 326.774 -180.808 121.28 359.754 -73.3157 109.95 350.173 -67.2734 135.236 327.361 -87.0192 8.85728 112.454 21.771
174.018 178.336 180.0 142.907 144.812 158.435 170.34 174.66 76.6088 77.7889 162.405 372.277 -131.394 133.332 335.051 -188.246 85.4878 328.589 -179.362 119.315 361.133 -71.8334 108.583 351.718 -65.5502 134.027 329.281 -85.4961 9.15157 112.228 21.5323
178.982 178.205 180.0 142.414 144.66 160.096 171.076 175.204 76.8886 78.1264 163.868 372.951 -131.247 131.707 336.317 -187.403 83.8414 330.543 -178.935 118.794 362.292 -71.2249 108.165 352.876 -64.7821 133.33 330.1 -84.9366 9.11989 111.463 21.2729
172.018 177.637 180.0 141.426 144.434 161.516 171.361 176.134 76.5753 78.3515 165.088 373.599 -130.963 130.372 337.439 -186.817 82.426 331.753 -178.475 118.113 363.321 -71.2798 107.605 354.13 -64.2561 132.373 330.863 -84.5423 8.92321 111.02 21.1258
167.154 177.347 180.0 141.729 144.419 162.476 172.105 178.252 76.5533 78.2649 165.384 374.796 -130.384 129.099 338.608 -186.252 81.2051 331.715 -177.785 117.125 364.339 -70.5861 106.613 355.068 -63.624 131.405 331.831 -84.0034 8.92258 111.964 21.0637
162.689 176.932 180.0 142.886 144.261 163.513 172.797 178.407 76.4506 78.4167 165.222 375.94 -129.546 127.392 339.582 -185.657 79.2989 332.851 -177.176 115.864 364.861 -69.1707 105.168 355.852 -62.9521 130.207 332.699 -83.3047 9.29269 112.521 21.195
160.981 176.907 180.0 143.59 143.984 163.773 172.498 176.91 76.5518 78.5972 164.019 376.019 -129.309 124.408 340.601 -184.688 77.0287 334.745 -175.936 114.762 365.227 -67.7649 103.784 356.529 -62.0325 128.796 333.244 -82.5361 9.56113 112.012 20.6474
157.197 176.461 180.0 143.326 143.927 164.722 171.678 176.592 76.4611 78.942 163.476 376.163 -129.117 122.4 342.255 -183.801 74.9684 335.879 -174.972 113.357 366.019 -67.2693 102.459 357.626 -61.3995 127.133 333.812 -81.9045 9.64558 111.551 20.5478
156.587 175.723 180.0 143.526 143.903 164.823 172.498 176.92 76.8629 79.2303 161.929 376.891 -128.341 119.94 343.072 -182.973 72.6972 336.672 -174.381 111.297 366.404 -65.9314 100.372 357.947 -60.3944 125.218 334.307 -81.1747 9.77712 111.81 20.3639
156.762 175.025 180.0 143.846 143.721 165.555 173.038 176.024 77.2038 79.2924 160.426 377.399 -127.276 117.196 344.158 -181.648 70.3558 338.684 -173.174 109.33 366.883 -64.2515 98.2552 358.399 -59.181 123.107 334.867 -80.1544 10.0373 111.524 20.0815
163.957 174.944 180.0 143.57 143.686 166.353 173.634 177.113 77.3527 79.4924 158.687 378.554 -126.038 115.709 346.202 -180.604 68.3759 339.487 -172.543 107.24 367.676 -62.7771 96.2595 359.117 -57.7305 120.998 335.735 -78.9963 10.0026 112.265 20.3023
167.559 174.519 180.0 142.828 143.512 167.131 173.52 176.399 78.1314 79.6812 156.905 378.602 -124.543 113.116 347.402 -178.933 65.6453 341.045 -171.047 104.969 367.946 -60.7997 93.8414 359.175 -55.9499 118.507 335.813 -77.5544 9.89939 111.989 20.3305
175.268 174.003 180.0 141.739 143.442 168.018 173.313 175.791 78.2315 79.9374 155.621 379.039 -123.353 111.316 349.886 -177.375 63.9185 343.244 -169.987 102.818 368.833 -59.4575 91.8013 360.013 -54.2488 116.205 336.64 -76.1927 9.56847 111.436 20.1524
172.291 174.008 179.781 140.444 143.652 169.17 174.007 175.978 78.6024 80.0099 153.95 378.714 -121.025 108.567 351.091 -175.028 61.1256 344.784 -168.31 100.242 369.113 -57.2509 89.3899 359.919 -51.6961 113.651 336.799 -74.1446 9.18782 111.065 19.9103
173.297 173.844 179.61 140.05 143.518 170.602 173.53 175.921 77.9281 80.4255 152.664 379.589 -119.317 106.204 353.231 -172.524 59.0732 346.646 -166.146 98.3199 369.549 -55.406 87.496 360.822 -49.3022 111.264 337.335 -72.008 8.93811 110.625 19.5237
169.9 173.93 178.351 140.699 143.762 171.887 172.814 176.424 77.3215 80.7881 151.348 381.015 -116.919 104.644 356.008 -169.904 57.3885 348.279 -164.089 96.3 370.057 -53.2948 85.5121 361.603 -46.8099 108.957 338.096 -69.7871 8.7144 110.743 19.5018
175.831 174.846 177.519 140.588 143.763 173.212 173.048 177.666 77.4755 81.4927 150.643 382.946 -113.77 103.004 358.086 -166.934 55.7563 349.381 -161.839 94.3918 370.95 -51.1484 83.7308 362.485 -43.9414 106.506 338.251 -67.1656 8.36984 110.593 19.3193
178.092 175.005 174.491 142.289 143.988 173.151 172.872 177.855 76.9453 82.1112 148.758 384.902 -110.498 101.752 361.387 -163.603 54.3711 351.523 -159.45 92.208 371.986 -48.4278 81.6459 363.791 -40.9819 104.316 339.297 -64.4284 8.31963 110.653 19.3131
174.743 175.765 175.112 142.192 143.666 174.476 172.036 178.362 77.3792 83.282 148.256 386.315 -106.959 100.606 363.937 -159.867 52.6665 353.111 -156.409 90.1128 374.149 -46.7372 79.8225 365.551 -37.9132 102.023 339.904 -61.2241 7.98126 108.78 19.6929
175.374 175.663 177.688 144.635 143.488 175.432 171.946 177.052 77.364 84.163 146.771 387.632 -103.333 98.528 365.837 -155.854 50.4087 355.23 -152.439 88.0711 375.686 -43.4811 77.9833 367.019 -34.1397 99.7899 340.739 -57.5461 8.02158 107.526 19.7825
174.859 176.878 177.807 145.325 143.168 175.212 172.682 174.849 77.7002 85.0919 145.063 387.648 -99.3682 97.4723 368.101 -151.489 48.5708 357.925 -148.195 86.0887 377.649 -40.862 76.1645 368.86 -30.8489 97.4544 341.315 -53.962 8.25316 105.459 20.3234
168.569 176.902 179.572 147.401 142.621 177.049 172.077 175.115 77.976 85.6491 144.189 387.038 -95.174 94.9553 369.447 -147.174 46.038 360.143 -143.882 83.9348 378.513 -37.1237 74.2078 369.349 -26.6315 94.784 341.359 -49.9805 8.56693 104.012 20.1989
169.364 179.12 180.0 147.106 141.856 175.274 172.472 173.64 78.6981 85.943 141.131 386.662 -91.9152 93.4419 371.007 -142.381 43.3542 360.943 -139.56 82.1385 380.971 -34.6271 72.3556 371.248 -23.2037 92.6093 342.284 -45.8339 8.71447 102.053 21.08
165.888 179.055 180.0 146.504 141.236 174.249 171.931 173.756 79.3894 86.0836 138.525 386.442 -87.2112 91.5887 372.182 -137.948 40.6427 361.261 -135.328 80.3319 382.402 -30.7546 70.0906 372.326 -19.0585 90.2354 342.907 -41.4252 8.38294 101.954 21.8093
165.923 177.325 180.0 146.12 140.587 171.627 171.765 173.63 80.2597 86.4487 135.286 385.076 -82.928 90.3069 372.792 -133.573 38.6663 362.265 -131.097 78.643 383.987 -27.5348 68.1263 373.561 -15.3258 87.7369 343.32 -37.2067 8.59273 100.857 22.2988
170.299 175.643 180.0 144.363 139.903 169.024 170.748 173.659 81.6709 86.7727 131.526 384.038 -78.8387 88.7374 373.718 -129.073 36.7053 363.013 -126.928 76.7227 385.781 -23.9494 65.9708 374.899 -11.36 85.32 343.843 -32.8056 8.71707 99.8452 22.6639
175.809 175.932 180.0 144.527 139.212 167.492 169.552 172.864 82.7122 87.2419 127.936 382.932 -74.4619 86.7472 373.282 -124.761 34.5185 364.091 -121.656 74.464 387.115 -20.1157 64.0492 375.475 -6.7119 82.8073 343.985 -27.99 9.5493 97.9451 22.7343
177.056 174.27 180.0 141.787 138.517 165.441 173.196 171.63 83.5598 86.6675 124.49 381.75 -70.71 83.6507 372.178 -119.853 32.7492 364.167 -117.04 71.7912 388.749 -16.5809 62.0266 376.514 -2.49111 80.6252 344.699 -23.2708 10.7145 96.4167 21.6094
172.66 174.27 180.0 138.285 138.305 164.085 172.482 170.67 84.0172 86.1559 121.648 382.199 -65.5651 82.169 372.562 -115.607 30.6913 365.268 -111.858 68.5184 389.442 -12.0721 59.6093 376.683 2.2778 78.3557 345.065 -18.5745 11.8866 95.2048 22.0841
169.956 175.508 178.97 134.822 138.332 163.465 179.274 170.394 84.0673 85.6537 120.329 382.735 -60.6371 79.8992 371.47 -111.073 29.6978 365.098 -107.862 65.2711 390.329 -8.56838 57.5599 377.209 6.52237 76.3724 345.478 -14.1064 13.6881 94.1359 20.9998
169.578 174.27 177.106 132.564 137.399 163.249 177.986 170.286 84.8408 84.4091 118.285 383.491 -56.4175 76.8025 371.849 -106.339 27.2398 363.725 -103.915 63.0982 390.153 -1.72195 54.584 377.62 10.7077 74.4296 346.217 -9.43966 11.915 97.0811 20.634
169.026 174.27 175.464 130.941 137.056 162.982 177.985 168.886 85.0264 83.4472 116.207 384.303 -52.0225 73.8824 372.083 -101.812 24.5755 363.714 -98.96 60.5019 390.158 4.15694 52.0948 377.942 15.2654 72.3112 346.808 -4.76646 11.8008 98.0115 20.516
168.035 174.27 174.024 129.166 136.871 162.136 177.983 169.404 85.7482 82.9779 114.528 383.274 -47.9702 71.9712 371.183 -97.6692 22.3008 363.063 -94.8756 58.899 391.585 9.07201 50.5219 379.615 19.6127 70.0556 347.725 0.156439 12.1794 99.1705 20.7148
168.461 174.27 173.607 128.512 136.022 162.422 177.981 169.059 85.217 81.881 112.825 383.684 -43.4615 68.7798 370.603 -93.2186 19.8871 362.507 -89.9796 56.9431 391.344 15.1543 47.9753 380.007 24.3895 67.8671 348.415 5.36759 11.6231 100.749 20.057
168.779 174.27 172.78 128.244 135.696 161.694 177.98 169.016 85.0847 81.3189 110.854 382.907 -38.9273 66.5573 369.71 -88.7755 17.4672 362.381 -85.1448 55.3507 391.394 20.9132 45.9593 380.597 29.101 65.4886 348.731 10.4306 11.5793 102.19 20.071
169.918 174.27 171.494 127.85 136.055 162.965 177.979 168.64 85.4142 81.3755 109.732 382.714 -35.5144 63.5959 369.032 -84.604 14.6343 361.579 -80.1179 53.0864 392.628 24.8351 43.7991 381.638 33.4717 63.2699 349.511 15.2592 11.5794 101.83 20.0717
171.247 174.27 170.692 128.926 136.263 163.185 177.981 168.464 85.5455 81.1896 108.09 382.268 -32.0748 60.2906 367.113 -81.0733 11.3038 362.226 -75.3804 51.4545 393.846 29.2487 41.9817 382.959 37.6214 60.8679 350.374 19.6858 11.6018 102.226 19.7599
172.124 174.27 169.143 129.291 136.678 163.692 178.824 167.998 85.5268 81.0868 106.626 381.047 -29.5257 58.2924 362.965 -78.9321 8.38787 362.697 -71.0763 50.3393 395.42 32.4278 40.7237 384.87 40.9088 58.4705 351.422 23.6833 11.7271 102.309 20.5704
173.018 176.504 169.098 129.167 137.152 164.464 178.655 167.707 85.2086 80.9885 105.445 380.359 -27.4663 53.6994 361.457 -76.4027 5.50272 363.626 -67.3266 49.0877 396.79 35.2287 39.4708 386.6 43.9147 56.3812 352.621 27.0759 11.8145 102.315 19.5565
174.152 178.322 168.947 128.879 137.706 165.127 174.868 167.55 84.7464 80.9794 104.192 379.042 -25.4014 52.4285 360.448 -74.5286 3.12187 364.276 -64.1805 47.652 397.143 37.5498 38.143 387.247 46.4717 54.2265 352.935 29.8756 11.9985 102.23 20.8369
174.888 174.162 168.538 128.395 138.184 166.19 171.635 167.648 84.3348 81.5441 103.596 378.708 -23.8189 51.2614 359.791 -72.5202 0.670737 363.708 -61.1901 46.5089 397.5 39.6024 36.7876 388.242 48.4349 52.4774 353.561 32.2789 11.6917 103.017 22.0917
175.476 171.199 168.715 128.216 138.638 167.157 168.309 166.661 83.9 81.8824 102.759 378.902 -22.7993 49.2225 359.699 -70.662 -1.6206 363.448 -58.4227 45.2884 397.478 41.5951 35.4453 388.678 50.2643 50.9585 354.015 34.3147 11.4952 103.38 22.5551
176.218 170.979 169.652 129.366 138.991 167.661 166.24 165.878 83.4493 81.3419 101.497 378.745 -22.1238 47.0731 360.051 -69.1633 -3.59186 363.853 -56.2476 43.4515 397.873 43.2007 33.7816 389.04 51.5947 49.653 354.635 35.8918 11.7671 102.921 22.6186
177.522 169.03 172.073 130.012 139.449 168.764 162.07 164.889 83.2102 81.0099 100.282 379.221 -21.2958 44.9047 363.184 -67.0832 -6.21949 365.762 -54.0962 40.8593 399.546 44.3937 31.4481 390.631 52.7729 47.5817 356.258 37.5448 12.0409 101.683 22.8184
178.257 173.416 173.602 131.497 138.777 169.375 161.386 164.217 83.0311 80.3742 100.023 380.243 -21.2642 43.7601 364.646 -66.7891 -7.10198 368.048 -53.6277 40.131 400.666 44.9987 30.4132 391.8 52.7643 46.8682 357.497 37.8279 12.1628 101.065 22.6937
178.344 175.778 174.313 132.349 137.6 169.419 161.516 163.65 82.2812 79.7084 99.0906 381.883 -21.1203 41.998 366.313 -66.407 -8.41712 370.277 -53.0252 39.6808 401.238 46.2157 29.1384 393.026 53.0005 46.0001 358.874 38.2107 12.0827 101.548 22.3765
178.5 176.898 175.01 133.292 136.659 169.516 162.162 162.793 81.6137 78.9526 97.8817 383.703 -21.1738 40.2939 367.753 -66.3173 -9.40806 373.287 -52.2979 39.2061 402.252 47.2747 27.9021 394.541 53.1673 45.1915 360.671 38.48 12.2202 101.603 22.1968
178.439 177.295 175.976 134.314 135.976 169.845 162.893 161.893 81.3633 78.4173 96.4988 386.281 -21.3017 38.3155 369.799 -66.205 -10.7918 377.058 -51.3077 37.9754 404.434 47.9385 26.1773 396.804 53.2992 44.1343 363.264 38.7028 12.3383 100.824 22.345
179.146 175.995 175.866 134.55 135.063 170.443 163.67 161.986 81.9383 78.6932 95.2572 388.813 -21.6626 36.516 371.683 -66.7917 -12.7292 380.073 -51.3309 36.362 406.789 47.8325 24.3329 398.966 52.8373 42.8615 365.492 38.4038 12.3981 100.037 22.7701
179.077 174.587 176.137 134.849 134.455 170.69 165.441 162.409 81.934 78.6052 93.6853 390.37 -22.188 34.4798 373.49 -67.5412 -14.3829 383.575 -51.3898 35.2577 408.443 48.1358 22.9342 400.82 52.6662 41.5214 367.291 37.9811 12.6295 99.8628 23.0258
178.694 174.326 176.569 135.063 133.763 170.836 167.582 162.295 81.7475 78.4742 92.1547 391.825 -23.1242 32.4775 375.436 -68.5774 -15.793 387.717 -51.5809 34.2042 410.724 47.7809 21.4026 403.517 51.8727 39.9518 369.785 37.2255 12.8327 99.5279 23.4503
178.257 175.44 178.587 135.496 133.361 171.108 169.59 162.343 81.3017 78.0915 90.2761 392.132 -24.3171 29.3486 376.36 -69.7311 -17.1826 391.701 -51.8065 32.7474 411.749 47.1654 19.5094 405.012 50.8138 37.7889 371.251 36.013 13.099 99.0641 23.6955
178.134 174.834 178.823 135.873 133.072 171.606 170.438 160.847 81.2633 78.086 89.0565 393.233 -25.812 26.1921 376.899 -71.0917 -18.4237 395.575 -51.6263 30.9215 413.465 46.1562 17.5134 406.794 49.7576 35.7812 372.992 34.9173 13.1454 97.5049 24.5266
178.308 174.898 179.796 136.521 132.669 171.948 171.193 160.198 81.2345 77.9579 87.3512 393.109 -27.4051 23.937 377.323 -72.6075 -19.1858 398.585 -53.0214 29.3083 414.918 44.3139 15.5121 408.497 47.6756 33.5429 374.354 33.3849 13.2888 96.3323 24.8467
178.336 175.73 180.0 136.679 132.459 172.269 172.014 159.295 81.1224 77.9141 85.7472 394.057 -28.7953 21.3406 378.489 -74.0542 -20.1605 401.464 -53.943 27.4545 416.464 42.7799 13.4956 410.208 46.0561 31.4393 375.876 31.9625 13.3357 95.3517 25.0485
177.734 175.602 180.0 137.212 132.244 172.12 172.451 159.309 81.5643 78.4233 84.1897 393.996 -30.7324 19.1713 380.067 -75.54 -21.4331 403.508 -55.4824 24.868 418.799 40.9889 10.8438 412.342 44.1431 29.3411 377.935 30.3551 13.3291 94.342 25.0915
177.741 176.041 172.069 137.233 131.32 171.743 173.545 161.376 82.1969 78.7649 82.0963 393.563 -31.9491 17.7888 380.942 -77.3467 -23.1502 404.026 -58.3639 22.7606 420.75 39.078 8.5811 414.131 42.0224 26.9568 379.184 28.7157 13.3493 95.105 24.648
177.97 176.259 171.111 137.76 131.229 171.965 173.478 161.762 82.9581 79.0802 80.6001 392.965 -33.6826 15.564 381.921 -79.4995 -24.4832 406.514 -60.2684 20.8315 422.589 36.8165 6.45858 415.74 39.7415 24.4702 380.224 26.7738 13.2522 94.1228 25.0103
177.93 175.996 164.299 137.771 131.068 171.87 172.837 163.096 83.1954 79.1808 78.3921 392.288 -35.4097 13.722 383.776 -81.5367 -25.375 408.266 -62.6115 18.5453 423.347 34.8458 4.10244 416.447 37.6525 21.8181 380.828 24.701 13.2261 93.6767 24.4825
178.184 175.75 159.719 137.71 130.544 171.805 172.615 165.909 83.5018 79.2958 75.6264 392.151 -37.1249 11.7537 385.914 -83.3371 -27.1784 409.134 -65.3745 16.3926 424.454 33.4572 1.95772 417.445 36.1665 19.3798 381.708 23.0255 13.2532 94.3619 23.3585
177.747 176.25 155.352 137.329 130.216 171.448 172.808 165.476 83.6147 79.2862 72.275 392.182 -38.9798 9.13244 388.428 -85.0526 -28.2063 412.21 -66.4885 14.0303 425.482 32.0885 -0.336569 418.433 34.7918 16.6681 382.783 21.1946 13.1774 93.5301 23.2798
177.772 177.411 153.162 136.972 130.112 171.082 173.046 166.409 83.4087 79.1823 68.9944 393.068 -40.8574 6.84347 391.987 -86.9504 -30.1625 414.447 -68.6993 11.3202 425.979 30.7679 -2.71369 418.856 33.397 14.0663 383.737 19.1055 13.23 93.5821 22.3465
177.786 178.434 155.152 136.771 129.891 170.809 173.415 165.146 83.4438 79.2641 66.0238 394.085 -42.5743 4.75783 395.226 -88.7098 -32.2109 416.767 -70.532 8.77925 426.839 29.2886 -5.09577 419.691 31.8802 11.5316 384.712 17.1705 13.1874 93.3033 21.7417
178.067 179.933 156.556 136.459 130.029 170.705 173.784 164.928 82.7737 78.8315 62.904 394.583 -44.4383 2.53517 397.429 -90.6816 -33.676 418.607 -72.8204 6.69664 426.964 27.709 -7.14262 420.257 30.2654 8.87981 385.53 15.1596 13.2363 93.5871 20.9754
178.339 179.247 158.634 136.195 130.219 171.264 174.335 163.586 82.1116 78.2269 60.765 395.084 -46.3025 0.62442 398.627 -92.7671 -35.4345 420.238 -74.7083 4.68341 427.678 25.7522 -9.0778 421.252 28.4135 6.35999 386.53 13.3175 13.327 93.5013 20.9629
178.19 178.986 160.186 136.043 130.627 171.643 175.634 161.894 81.5453 77.6673 58.4096 395.148 -48.1601 -2.44623 399.25 -94.5892 -37.2206 422.296 -75.6879 2.57484 427.925 24.2373 -11.1467 421.708 27.0146 3.82521 387.116 11.6198 13.3286 92.9841 21.3661
178.134 178.675 161.105 135.313 130.556 171.941 176.925 160.128 80.8303 77.2609 56.1926 395.797 -49.905 -5.09864 400.478 -96.597 -38.1916 425.276 -76.976 0.769479 428.035 22.5416 -12.9662 422.352 25.3769 1.21688 387.798 9.64293 13.3271 92.3932 21.798
178.266 178.798 161.658 135.607 131.234 172.042 177.299 159.213 80.0621 76.5957 53.7244 395.579 -51.4561 -8.01492 400.885 -98.0844 -39.0268 426.844 -78.0838 -1.38475 427.395 21.022 -15.0912 421.91 23.9245 -1.26428 387.682 7.93826 13.3636 91.6515 21.8996
