159.931 174.075 139.388 140.034 138.134 147.297 169.872 87.7313 86.5015 83.3533 -95.9163 122.928 13.1855 -115.702 110.412 -56.5377 -105.332 137.947 32.691 -92.4223 146.191 37.4435 -78.5705 147.868 32.0898 -94.5243 171.821 7.42958 13.4873 10.1221 102.268 
159.7 173.986 139.308 140.025 138.199 147.499 169.844 87.7752 86.5087 83.4215 -95.9169 123.11 13.067 -115.977 110.605 -56.838 -105.467 137.998 32.5798 -92.5588 146.296 37.3484 -78.7233 147.931 32.0134 -94.6265 171.902 7.29665 13.487 10.1846 102.41 
159.442 173.897 139.231 140.084 138.257 147.79 169.824 87.8758 86.5635 83.4778 -95.7995 123.229 12.9317 -116.083 110.774 -57.1502 -105.48 137.919 32.4506 -92.5923 146.321 37.2527 -78.7645 147.956 31.9051 -94.7019 171.963 7.15092 13.4868 10.2594 102.495 
159.212 173.846 139.274 140.234 138.393 147.985 169.75 87.969 86.5997 83.5421 -95.6732 123.389 12.7634 -116.172 110.961 -57.4727 -105.549 137.826 32.2645 -92.6683 146.304 37.1034 -78.8229 147.934 31.7732 -94.7626 172.027 6.98339 13.4612 10.3114 102.514 
159.001 173.805 139.217 140.312 138.571 148.163 169.634 88.1157 86.6866 83.6923 -95.5233 123.613 12.6209 -116.328 111.229 -57.8126 -105.675 137.785 32.0693 -92.813 146.395 36.9732 -79.0035 148.03 31.6599 -94.8702 172.172 6.82115 13.4728 10.4202 102.463 
158.801 173.709 139.161 140.331 138.732 148.32 169.492 88.3047 86.795 83.8832 -95.3935 123.824 12.4997 -116.548 111.495 -58.1572 -105.823 137.749 31.8929 -92.9566 146.49 36.8462 -79.1897 148.122 31.5559 -94.9789 172.324 6.66228 13.4723 10.5173 102.395 
158.546 173.495 139.126 140.375 138.902 148.551 169.503 88.4905 86.8818 84.0051 -95.23 124.01 12.3905 -116.713 111.77 -58.5174 -105.905 137.689 31.7752 -93.0341 146.548 36.7461 -79.2963 148.192 31.4594 -95.0916 172.46 6.52975 13.4621 10.5893 102.445 
158.418 173.407 139.206 140.43 139.102 148.683 169.359 88.6794 86.9786 84.1899 -94.9469 124.109 12.2669 -116.87 111.973 -58.8345 -105.922 137.623 31.6552 -93.062 146.609 36.6309 -79.3917 148.251 31.3473 -95.1976 172.561 6.37901 13.4805 10.6721 102.462 
158.395 173.353 139.312 140.507 139.306 148.747 169.238 88.8011 87.0077 84.3004 -94.6723 124.171 12.2056 -117.045 112.122 -59.0637 -105.877 137.543 31.5729 -93.0306 146.664 36.5358 -79.4217 148.308 31.252 -95.301 172.621 6.24941 13.4889 10.7579 102.527 
158.507 173.371 139.436 140.627 139.437 148.754 169.242 88.9041 86.9984 84.3385 -94.3085 124.142 12.1319 -117.076 112.061 -59.204 -105.817 137.395 31.5244 -92.9739 146.662 36.4561 -79.3874 148.294 31.1682 -95.3729 172.572 6.12328 13.4805 10.8287 102.589 
158.669 173.543 139.488 140.64 139.504 148.736 169.278 88.964 86.9739 84.366 -94.1385 124.058 12.0321 -117.194 112.04 -59.3612 -105.853 137.352 31.4615 -93.0034 146.69 36.3511 -79.4437 148.272 31.0663 -95.4478 172.498 5.96801 13.4884 10.8784 102.746 
158.826 173.649 139.557 140.611 139.57 148.708 169.35 88.991 86.9112 84.3585 -94.034 124.001 11.831 -117.443 112.17 -59.6178 -105.925 137.427 31.3845 -93.0565 146.772 36.1887 -79.541 148.297 30.9018 -95.5623 172.472 5.79473 13.5138 10.8829 103.029 
158.946 173.661 139.526 140.547 139.636 148.643 169.467 89.1128 86.8847 84.3888 -93.8804 123.942 11.6164 -117.711 112.319 -60.0148 -105.971 137.389 31.269 -93.0814 146.857 36.007 -79.6382 148.322 30.7008 -95.6988 172.438 5.58977 13.5572 10.9614 103.296 
159.011 173.784 139.472 140.436 139.655 148.656 169.69 89.3246 86.8956 84.442 -93.9324 123.913 11.4464 -118.023 112.441 -60.3222 -106.148 137.432 31.2213 -93.2242 147.041 35.8778 -79.8593 148.431 30.5495 -95.8812 172.462 5.3885 13.6126 11.053 103.51 
159.07 173.75 139.425 140.366 139.665 148.669 169.944 89.5053 86.8656 84.4187 -94.1702 123.936 11.3061 -118.334 112.557 -60.5782 -106.367 137.513 31.1905 -93.3938 147.252 35.762 -80.0762 148.586 30.4136 -96.0987 172.55 5.21198 13.645 11.118 103.683 
159.186 173.727 139.377 140.258 139.592 148.641 170.162 89.6584 86.8564 84.3675 -94.544 123.885 11.116 -118.528 112.566 -60.8283 -106.524 137.61 31.1144 -93.5023 147.41 35.5895 -80.2282 148.724 30.1991 -96.2943 172.629 4.99429 13.6839 11.1095 103.805 
159.409 173.668 139.374 140.061 139.48 148.565 170.172 89.9585 86.977 84.4364 -94.9921 123.758 10.9044 -118.737 112.488 -60.9688 -106.702 137.667 31.0277 -93.6338 147.556 35.4053 -80.4336 148.892 29.9559 -96.5332 172.753 4.74557 13.7361 11.0916 103.668 
159.624 173.447 139.43 139.913 139.359 148.355 170.228 90.231 87.0848 84.4434 -95.5245 123.647 10.6819 -118.845 112.333 -61.0957 -106.868 137.638 30.9393 -93.7476 147.57 35.2229 -80.5838 148.945 29.7116 -96.7435 172.831 4.52259 13.7705 11.0261 103.488 
159.774 173.087 139.658 139.778 139.221 148.189 169.981 90.4766 87.1694 84.4189 -96.1167 123.368 10.4936 -118.842 112 -61.0848 -107.003 137.532 30.794 -93.8402 147.503 34.9795 -80.7051 148.961 29.4154 -96.948 172.868 4.27305 13.8082 10.9288 103.103 
159.822 172.719 139.818 139.592 139.026 148.073 169.763 90.6573 87.2603 84.3782 -96.8372 123.08 10.2275 -118.917 111.728 -61.159 -107.263 137.448 30.5628 -94.0465 147.387 34.6901 -80.9083 148.89 29.0838 -97.1449 172.866 3.9915 13.8331 10.8242 102.733 
159.797 172.434 139.928 139.48 138.766 147.998 169.768 90.8016 87.3313 84.2483 -97.7122 122.753 10.0108 -118.956 111.417 -61.3459 -107.535 137.251 30.3505 -94.2509 147.126 34.4396 -81.0592 148.663 28.7723 -97.301 172.772 3.73698 13.8449 10.699 102.492 
159.724 172.234 140.04 139.369 138.563 147.925 169.738 90.865 87.4379 84.1893 -98.6868 122.473 9.80062 -119.023 111.139 -61.5457 -107.834 137.119 30.1156 -94.5111 146.851 34.1988 -81.2587 148.405 28.4894 -97.4259 172.652 3.47981 13.8509 10.5689 102.324 
159.664 172.079 140.139 139.312 138.364 147.96 169.691 90.802 87.5208 84.1053 -99.6938 122.136 9.57926 -118.986 110.805 -61.7286 -108.071 137.01 29.8436 -94.7411 146.537 33.9428 -81.4021 148.116 28.1923 -97.5234 172.481 3.21583 13.8454 10.4162 102.22 
159.605 171.913 140.296 139.386 138.182 147.938 169.554 90.6815 87.6069 84.0566 -100.538 121.876 9.39943 -118.789 110.455 -61.7805 -108.204 136.872 29.5581 -94.8811 146.172 33.7048 -81.4276 147.804 27.9232 -97.5463 172.319 3.00518 13.8264 10.2312 102.008 
159.509 171.825 140.39 139.395 138.006 147.878 169.476 90.5055 87.6618 84.0331 -101.413 121.694 9.22762 -118.64 110.056 -61.79 -108.317 136.776 29.3181 -95.008 145.849 33.5026 -81.4482 147.522 27.7223 -97.5669 172.133 2.8048 13.7822 10.0649 101.89 
159.458 171.826 140.436 139.391 137.8 147.929 169.411 90.2372 87.6779 84.0038 -102.287 121.551 8.97013 -118.622 109.782 -61.8386 -108.38 136.799 29.0422 -95.1198 145.616 33.2545 -81.4634 147.335 27.474 -97.6312 171.993 2.58283 13.7318 9.91636 101.881 
159.42 171.801 140.39 139.42 137.521 147.962 169.337 89.9218 87.7209 83.9764 -103.084 121.426 8.66383 -118.572 109.509 -61.8559 -108.355 136.772 28.7491 -95.1538 145.281 32.9985 -81.3714 147.083 27.2054 -97.6954 171.827 2.36947 13.6499 9.71951 101.88 
159.441 171.787 140.29 139.442 137.274 148.008 169.26 89.5903 87.7075 83.9074 -103.639 121.286 8.40739 -118.605 109.271 -61.9059 -108.298 136.687 28.4905 -95.1582 144.934 32.7592 -81.2694 146.828 26.9504 -97.7806 171.626 2.20294 13.5765 9.56409 101.954 
159.486 171.778 140.2 139.559 137.127 147.979 169.179 89.2919 87.6813 83.8436 -103.976 121.135 8.19068 -118.674 108.964 -61.9489 -108.275 136.429 28.1981 -95.1924 144.486 32.4992 -81.1822 146.482 26.6871 -97.8754 171.331 2.01456 13.4812 9.45574 101.969 
159.614 171.846 140.022 139.615 136.93 147.933 169.153 88.8869 87.5689 83.729 -104.158 121.052 7.86924 -118.76 108.732 -62.0405 -108.277 136.286 27.8967 -95.2627 144.141 32.2447 -81.1258 146.186 26.4595 -97.9431 171.036 1.84557 13.3872 9.38705 102.108 
159.772 171.877 139.84 139.686 136.73 147.897 169.167 88.47 87.405 83.5662 -104.248 121.023 7.55452 -118.972 108.598 -62.1624 -108.36 136.167 27.5746 -95.4085 143.815 31.9653 -81.1306 145.9 26.2187 -98.0119 170.771 1.68778 13.2852 9.34779 102.235 
160.019 171.96 139.641 139.683 136.613 147.866 169.105 88.108 87.2362 83.4358 -104.249 120.894 7.16578 -119.317 108.531 -62.4449 -108.481 136.078 27.1905 -95.5898 143.581 31.6224 -81.2386 145.671 25.9185 -98.1225 170.505 1.45287 13.228 9.35958 102.406 
160.193 172.014 139.405 139.667 136.664 147.807 169.083 87.8376 87.1234 83.4244 -104.183 120.826 6.77844 -119.695 108.6 -62.8908 -108.623 135.984 26.8159 -95.7798 143.327 31.3018 -81.4132 145.397 25.666 -98.1795 170.264 1.23167 13.2088 9.37487 102.623 
159.186 172.148 139.421 140.376 138.36 146.952 169.739 87.6013 86.9021 83.1992 -104.515 121.438 6.7007 -120.416 108.938 -63.0603 -108.898 136.003 26.3351 -96.1414 143.376 30.8698 -81.6753 145.689 25.5371 -98.4224 170.28 0.968989 12.7198 9.54027 102.389 
158.036 171.918 139.287 140.995 139.772 146.033 170.457 87.3895 86.7198 82.8282 -104.896 122.015 6.76458 -120.973 109.088 -63.1814 -109.152 135.975 25.9008 -96.468 143.373 30.5002 -81.8498 145.944 25.4052 -98.6138 170.241 0.718434 12.2595 9.67244 102.148 
156.946 171.576 139.154 141.567 140.949 145.146 171.184 87.1987 86.567 82.4402 -105.201 122.473 6.85385 -121.357 109.133 -63.3005 -109.341 135.952 25.5333 -96.7168 143.358 30.2008 -81.957 146.137 25.2729 -98.7246 170.14 0.482433 11.9033 9.77723 102 
155.889 171.293 138.974 141.968 142.031 144.259 171.817 87.0267 86.453 82.2002 -105.474 122.87 6.84616 -121.736 109.123 -63.5144 -109.572 135.978 25.1692 -97.0195 143.354 29.9063 -82.1935 146.248 25.1364 -98.8203 169.991 0.216412 11.6821 9.88602 101.933 
155.129 171.114 138.895 142.281 142.97 143.507 172.224 86.9789 86.3995 82.0782 -105.495 123.117 6.87719 -122.209 109.177 -63.7658 -109.884 136.07 24.8455 -97.3672 143.462 29.6372 -82.5374 146.413 24.9817 -98.9434 169.897 -0.0682787 11.5722 9.99607 101.86 
154.59 170.993 138.847 142.502 143.678 142.943 172.629 86.9785 86.3902 82.0044 -105.369 123.261 6.9301 -122.595 109.155 -63.9725 -110.146 136.153 24.625 -97.6542 143.563 29.4455 -82.8299 146.535 24.8561 -99.0486 169.786 -0.31539 11.5082 10.0876 101.861 
154.495 170.926 138.901 142.663 144.197 142.679 172.907 87.0506 86.441 81.9883 -105.111 123.282 6.9295 -122.919 109.15 -64.1143 -110.414 136.308 24.4782 -97.9433 143.762 29.2991 -83.1314 146.747 24.7339 -99.206 169.761 -0.55014 11.4782 10.1623 101.871 
154.558 170.901 138.957 142.688 144.637 142.497 173.045 87.3057 86.6607 82.1886 -104.792 123.259 6.99 -123.289 109.177 -64.2643 -110.791 136.454 24.4045 -98.3359 143.967 29.231 -83.5778 146.938 24.6785 -99.3924 169.784 -0.762627 11.5009 10.2451 101.814 
154.407 170.861 139.004 142.709 144.877 142.332 173.246 87.478 86.7958 82.2665 -104.488 123.278 7.14551 -123.532 109.171 -64.3223 -110.986 136.548 24.3868 -98.5461 144.131 29.1926 -83.827 147.105 24.6161 -99.541 169.789 -0.912756 11.5224 10.3045 101.832 
154.279 170.932 139.013 142.669 145.038 142.288 173.293 87.716 86.9636 82.4302 -104.393 123.273 7.25399 -123.787 109.194 -64.4057 -111.274 136.605 24.3574 -98.832 144.251 29.1508 -84.1605 147.215 24.5684 -99.7096 169.83 -1.04787 11.5625 10.3512 101.752 
154.55 171.039 139.112 142.606 145.072 142.458 173.149 87.9852 87.1649 82.6008 -104.391 123.108 7.22385 -124.1 109.249 -64.5495 -111.546 136.737 24.3477 -99.0831 144.433 29.1054 -84.47 147.361 24.4684 -99.8961 169.916 -1.20626 11.6255 10.375 101.731 
154.888 171.235 139.182 142.488 145.032 142.724 172.982 88.2036 87.2984 82.7389 -104.422 122.89 7.19554 -124.381 109.257 -64.6659 -111.855 136.836 24.3053 -99.3493 144.598 29.0401 -84.7939 147.475 24.3774 -100.087 169.994 -1.36075 11.686 10.3974 101.648 
155.287 171.413 139.2 142.361 144.921 142.986 172.826 88.3918 87.4273 82.8562 -104.394 122.619 7.13118 -124.582 109.206 -64.797 -112.048 136.867 24.2486 -99.5177 144.672 28.9552 -85.0107 147.522 24.2544 -100.235 170.032 -1.51682 11.739 10.4034 101.581 
155.517 171.479 139.261 142.264 144.788 143.212 172.541 88.5679 87.5019 82.9417 -104.486 122.48 7.03487 -124.811 109.289 -64.9808 -112.217 136.887 24.1503 -99.6568 144.764 28.8186 -85.2069 147.604 24.0772 -100.409 170.152 -1.66371 11.7977 10.4247 101.493 
155.888 171.62 139.318 142.112 144.634 143.528 172.291 88.7069 87.5784 83.0636 -104.587 122.257 6.9024 -125.033 109.308 -65.1443 -112.448 136.925 24.0329 -99.8563 144.822 28.6733 -85.4514 147.617 23.9232 -100.568 170.234 -1.82908 11.8453 10.4254 101.39 
156.24 171.652 139.355 141.953 144.398 143.831 172.128 88.8213 87.6142 83.0669 -104.543 122.004 6.77284 -125.206 109.297 -65.3093 -112.579 136.925 23.9473 -99.9522 144.852 28.5297 -85.5714 147.631 23.7345 -100.712 170.269 -1.98606 11.8763 10.4122 101.393 
156.524 171.598 139.446 141.829 144.074 144.168 171.666 89.0816 87.6692 82.9931 -104.562 121.8 6.54753 -125.438 109.348 -65.5349 -112.837 136.885 23.7324 -100.131 144.98 28.2263 -85.7744 147.846 23.3348 -101.055 170.448 -2.27569 11.9041 10.4016 101.217 
156.694 171.581 139.562 141.757 143.798 144.479 171.322 89.1393 87.6334 82.9226 -104.582 121.653 6.30706 -125.479 109.44 -65.6421 -112.867 136.895 23.613 -100.134 145.047 28.0414 -85.7942 147.957 23.1006 -101.232 170.585 -2.39069 11.9172 10.3756 101.144 
156.743 171.524 139.541 141.652 143.535 144.717 171.184 89.1153 87.5839 82.827 -104.819 121.539 6.06016 -125.721 109.576 -65.8359 -112.974 136.88 23.4738 -100.21 144.996 27.8549 -85.8613 147.905 22.8709 -101.406 170.619 -2.50235 11.9147 10.3345 101.205 
156.704 171.534 139.564 141.559 143.328 145.041 171.124 89.0737 87.5384 82.7748 -105.185 121.512 5.82912 -125.959 109.704 -65.9787 -113.055 136.947 23.4013 -100.3 145.031 27.7212 -85.9492 147.942 22.7 -101.614 170.69 -2.5915 11.9099 10.3137 101.35 
156.602 171.487 139.604 141.556 143.128 145.289 171.153 89.043 87.5162 82.6927 -105.501 121.494 5.62328 -126.125 109.81 -66.1198 -113.058 136.926 23.3448 -100.318 144.996 27.5952 -85.9562 147.951 22.4992 -101.837 170.723 -2.68063 11.8964 10.2763 101.549 
156.535 171.42 139.654 141.523 142.964 145.604 171.155 88.9589 87.4764 82.6087 -105.977 121.432 5.3478 -126.366 109.899 -66.2964 -113.073 136.964 23.2818 -100.35 144.977 27.4664 -86.0018 147.953 22.2946 -102.072 170.725 -2.77491 11.9076 10.2346 101.814 
158.036 171.828 139.178 140.672 141.65 146.726 170.866 88.5766 87.1846 82.8918 -106.359 120.786 4.38074 -126.015 109.72 -66.8389 -112.831 136.676 23.0946 -100.068 144.579 27.2648 -85.9558 147.177 22.0132 -102.103 170.363 -2.83793 12.3376 10.1398 102.48 
158.793 172.124 138.698 139.843 140.43 147.5 170.562 88.1889 86.8898 83.046 -106.729 120.311 3.65693 -125.828 109.567 -67.3096 -112.679 136.508 22.8974 -99.8586 144.302 27.04 -85.9489 146.625 21.7074 -102.172 170.063 -2.92673 12.7259 10.034 103.093 
158.269 172.02 138.838 140.132 140.619 147.321 170.592 88.1626 86.9554 83.0254 -107.057 120.558 3.47447 -126.125 109.623 -67.2947 -112.804 136.595 22.8418 -100.05 144.347 26.9351 -86.0601 146.758 21.5639 -102.411 170.104 -3.0339 12.6148 10.0305 103.169 
157.657 171.763 138.939 140.395 140.737 147.076 170.713 88.191 87.0714 82.8625 -107.309 120.828 3.45112 -126.369 109.676 -67.1502 -112.93 136.613 22.7677 -100.234 144.337 26.8207 -86.1042 146.931 21.3815 -102.683 170.195 -3.14425 12.434 10.0052 103.055 
158.213 171.986 138.454 139.727 139.626 147.546 170.421 87.9023 86.9385 83.0562 -107.49 120.445 2.90025 -126.111 109.454 -67.5099 -112.834 136.307 22.4919 -100.122 143.905 26.5735 -86.0976 146.324 21.0745 -102.736 169.933 -3.23873 12.7158 9.90302 103.262 
158.477 172.117 138 139.164 138.693 147.88 170.235 87.6307 86.8089 83.2274 -107.593 120.154 2.47785 -125.936 109.245 -67.8424 -112.719 136.007 22.2826 -99.9858 143.517 26.3866 -86.0567 145.797 20.836 -102.757 169.656 -3.30582 12.9624 9.81474 103.538 
158.627 172.283 137.617 138.684 137.899 148.054 170.102 87.3218 86.6826 83.359 -107.584 120.008 2.03688 -125.937 109.178 -68.182 -112.773 135.876 22.0342 -100.032 143.265 26.1757 -86.1629 145.416 20.5974 -102.836 169.449 -3.39867 13.1614 9.75269 103.817 
158.69 172.458 137.222 138.242 137.282 148.159 170.074 87.0471 86.6074 83.5057 -107.59 119.89 1.68349 -126.039 109.196 -68.5411 -112.88 135.782 21.8052 -100.143 143.031 26.0013 -86.3214 145.065 20.4256 -102.923 169.243 -3.4864 13.3041 9.70508 104.129 
158.682 172.546 136.923 137.936 136.79 148.218 170.002 86.8543 86.5835 83.6419 -107.46 119.905 1.34313 -126.127 109.239 -68.8459 -112.89 135.726 21.6049 -100.181 142.906 25.831 -86.3937 144.888 20.2296 -103.044 169.141 -3.58968 13.4022 9.67935 104.382 
157.827 172.411 137.22 138.728 137.901 147.616 170.311 86.9802 86.886 83.7052 -107.768 120.464 1.39504 -126.674 109.464 -68.6852 -113.336 135.919 21.5459 -100.755 143.069 25.824 -86.7286 145.155 20.287 -103.335 169.249 -3.73114 13.0089 9.78597 104.245 
157.961 172.599 136.65 138.42 137.304 147.733 170.39 86.6278 86.8656 83.8393 -107.577 120.382 0.739 -126.616 109.289 -69.2655 -113.396 135.563 21.0955 -100.888 142.566 25.4974 -86.7959 144.568 19.982 -103.47 168.856 -3.98655 13.024 9.76452 104.589 
158.157 172.846 136.446 138.336 137.081 147.679 170.511 86.3491 86.721 83.8188 -107.058 120.279 0.478489 -126.401 109.018 -69.5004 -113.18 135.288 20.9648 -100.716 142.249 25.4044 -86.6095 144.206 19.914 -103.367 168.471 -4.05215 13.0462 9.77314 104.966 
158.305 173.047 136.312 138.28 136.887 147.662 170.619 86.0431 86.5467 83.7309 -106.792 120.202 0.17966 -126.338 108.883 -69.7829 -113.107 135.191 20.8086 -100.664 142.061 25.2717 -86.5485 143.97 19.7921 -103.338 168.176 -4.14854 13.0823 9.76123 105.403 
157.236 172.628 136.763 139.29 138.416 146.859 171.059 86.0686 86.6351 83.5905 -107.397 120.843 0.30875 -126.821 108.999 -69.5818 -113.486 135.534 20.8043 -101.132 142.392 25.2988 -86.8312 144.376 19.9232 -103.503 168.248 -4.28017 12.7271 9.87123 105.395 
156.136 172.195 137.059 140.079 139.698 146.045 171.701 86.119 86.7202 83.3076 -108.045 121.463 0.442263 -127.153 109.063 -69.4516 -113.792 135.79 20.7514 -101.486 142.619 25.2879 -87.0173 144.753 19.9926 -103.644 168.326 -4.43039 12.401 9.91598 105.308 
154.942 171.598 137.289 140.76 140.752 145.132 172.272 86.0493 86.6902 82.8973 -108.749 122.079 0.608323 -127.383 109.062 -69.3727 -114.005 135.962 20.6256 -101.742 142.775 25.2136 -87.0949 145.084 19.9816 -103.771 168.385 -4.56697 12.101 9.95521 105.196 
153.695 171.139 137.415 141.329 141.665 144.238 172.792 85.9277 86.602 82.5114 -109.608 122.681 0.718903 -127.535 109.071 -69.3393 -114.201 136.099 20.4403 -101.983 142.892 25.0894 -87.1802 145.345 19.9336 -103.871 168.422 -4.70769 11.8585 9.99862 105.083 
152.516 170.671 137.499 141.802 142.395 143.386 173.328 85.7701 86.4751 82.1443 -110.446 123.197 0.755891 -127.577 108.929 -69.3936 -114.324 136.128 20.2172 -102.134 142.902 24.9331 -87.1943 145.473 19.8585 -103.926 168.376 -4.87102 11.6539 10.0151 104.991 
151.399 170.32 137.498 142.196 143.014 142.593 173.759 85.5953 86.3164 81.8401 -111.433 123.704 0.729857 -127.625 108.856 -69.5052 -114.468 136.144 19.9711 -102.308 142.896 24.7583 -87.2733 145.549 19.7682 -103.986 168.346 -5.01915 11.5238 10.0429 104.916 
150.673 170.073 137.507 142.462 143.46 142.07 174.121 85.4707 86.1698 81.6068 -112.295 124.085 0.626614 -127.789 108.899 -69.6977 -114.607 136.245 19.7877 -102.461 142.985 24.5991 -87.3782 145.68 19.6612 -104.072 168.362 -5.16346 11.4477 10.072 105 
149.97 169.981 137.444 142.649 143.813 141.668 174.438 85.269 85.9949 81.4137 -113.326 124.387 0.446131 -127.877 108.852 -69.8659 -114.777 136.31 19.5212 -102.647 142.986 24.3883 -87.5118 145.662 19.5386 -104.106 168.305 -5.32732 11.3892 10.097 104.988 
150.02 169.965 137.385 142.727 144.176 141.36 174.651 85.2006 85.9275 81.4295 -113.932 124.497 0.261732 -128.087 108.99 -70.1623 -115.04 136.489 19.3048 -102.905 143.101 24.2201 -87.787 145.708 19.4592 -104.164 168.325 -5.50494 11.402 10.108 105.077 
149.922 170.119 137.306 142.698 144.425 141.049 174.892 85.157 85.8904 81.4977 -114.458 124.615 0.0790383 -128.384 109.11 -70.5173 -115.35 136.668 19.0843 -103.2 143.202 24.0453 -88.1204 145.697 19.3668 -104.234 168.316 -5.71253 11.4447 10.1178 105.198 
150.137 170.341 137.22 142.628 144.593 140.723 175.05 85.2307 85.9491 81.6693 -114.639 124.614 -0.00651896 -128.723 109.289 -70.8719 -115.636 136.816 18.9089 -103.483 143.311 23.9067 -88.4764 145.701 19.2762 -104.316 168.347 -5.91013 11.5296 10.1454 105.268 
150.307 170.645 137.074 142.459 144.649 140.625 175.063 85.3586 86.1086 81.9621 -115.02 124.673 -0.159901 -129.042 109.482 -71.184 -115.982 137.026 18.7465 -103.836 143.44 23.7855 -88.9108 145.709 19.196 -104.422 168.437 -6.10268 11.6274 10.1606 105.263 
150.668 170.952 137.018 142.333 144.646 140.594 174.977 85.462 86.2195 82.185 -115.151 124.636 -0.260208 -129.301 109.6 -71.4231 -116.226 137.228 18.6295 -104.081 143.609 23.6859 -89.233 145.769 19.1118 -104.527 168.529 -6.28111 11.7131 10.1822 105.286 
151.567 171.235 137.016 142.159 144.597 140.645 174.856 85.6662 86.3807 82.4198 -114.779 124.368 -0.287253 -129.573 109.718 -71.6329 -116.476 137.375 18.5803 -104.304 143.749 23.6184 -89.5429 145.842 19.0335 -104.648 168.612 -6.44054 11.7999 10.179 105.296 
152.407 171.41 137.103 141.977 144.507 139.872 175.199 86.1848 86.5403 82.503 -114.215 124.236 -0.175447 -129.94 109.909 -71.8123 -116.863 137.487 18.5431 -104.572 143.814 23.467 -89.8728 145.78 18.8265 -104.859 168.808 -6.63251 11.8798 10.1106 104.886 
152.978 171.62 137.13 141.875 144.431 140.004 175.026 86.3051 86.6375 82.6741 -113.944 123.979 -0.146923 -130.044 109.857 -71.9484 -117.007 137.55 18.5271 -104.712 143.9 23.4275 -90.0963 145.814 18.7592 -104.975 168.831 -6.7502 11.9674 10.1311 104.933 
153.321 171.769 137.155 141.833 144.362 140.246 174.711 86.3965 86.7252 82.8081 -113.651 123.775 -0.0870886 -130.102 109.756 -71.9986 -117.117 137.565 18.5134 -104.807 143.969 23.3984 -90.2577 145.889 18.6941 -105.1 168.867 -6.84647 12.0351 10.1317 104.934 
153.439 171.929 137.188 141.808 144.267 140.618 174.274 86.4062 86.7343 82.8831 -113.63 123.67 -0.11892 -130.137 109.648 -71.9501 -117.219 137.637 18.4786 -104.899 144.085 23.351 -90.4017 146.019 18.6343 -105.237 168.955 -6.91216 12.086 10.1294 104.846 
153.61 172.056 137.181 141.763 144.196 141.026 173.918 86.464 86.7815 82.9871 -113.727 123.573 -0.182452 -130.221 109.605 -71.9728 -117.409 137.723 18.4492 -105.071 144.195 23.314 -90.6207 146.129 18.5938 -105.38 169.057 -6.97842 12.1357 10.1216 104.782 
153.835 172.195 137.198 141.729 144.13 141.439 173.6 86.4977 86.8241 83.082 -113.709 123.479 -0.259833 -130.379 109.666 -72.0469 -117.544 137.865 18.4085 -105.195 144.338 23.261 -90.7976 146.271 18.5262 -105.516 169.193 -7.05326 12.1877 10.1073 104.78 
154.216 172.254 137.282 141.727 144.044 141.796 173.363 86.5372 86.8601 83.1206 -113.374 123.259 -0.214527 -130.452 109.626 -72.0645 -117.583 137.867 18.4046 -105.217 144.39 23.2373 -90.8438 146.352 18.4763 -105.616 169.255 -7.1049 12.2012 10.0939 104.765 
154.495 172.361 137.408 141.722 143.933 142.222 173.116 86.5952 86.8784 83.1489 -113.163 123.038 -0.218074 -130.538 109.589 -72.0488 -117.646 137.879 18.3962 -105.257 144.471 23.1969 -90.9108 146.45 18.4114 -105.734 169.323 -7.17436 12.2184 10.0895 104.723 
