160.682 169.405 143.006 144.467 146.096 158.149 169.777 84.1246 85.2083 84.6199 -61.0368 169.736 11.1799 -40.9221 150.551 -47.281 -46.9954 153.33 52.825 -41.2766 144.577 59.433 -32.0645 134.438 59.241 -12.8644 160.854 39.8101 12.2287 9.62821 112.187 
161.009 168.76 142.512 143.935 145.229 158.608 169.442 84.0787 85.4278 84.6734 -61.0119 169.767 11.1634 -40.6007 150.713 -47.2769 -46.8288 153.097 52.6352 -41.1308 144.36 59.3331 -31.7561 134.283 59.1691 -12.6223 160.683 39.8112 12.2101 9.61258 112.151 
160.347 169.569 143.39 144.722 146.2 157.343 170.353 84.2292 84.9249 84.5382 -60.5385 170.051 11.4792 -40.697 151.455 -47.3891 -46.7369 153.779 52.9825 -40.9555 144.981 59.3888 -32.0399 134.734 58.9457 -12.5218 161.063 39.8948 12.4787 9.69238 112.178 
160.762 169.265 142.762 144.034 145.963 157.927 169.59 84.1581 85.2009 84.5078 -60.2859 169.881 11.3 -40.4416 151.682 -47.2824 -46.3788 153.754 52.8483 -40.7136 144.966 59.3458 -31.6763 134.786 58.923 -12.2218 161.013 39.8708 12.4696 9.70952 112.087 
161.144 168.722 142.163 143.492 145.521 158.415 169.235 84.1691 85.6923 84.5407 -60.0374 169.777 11.0982 -40.0684 151.968 -47.2982 -46.1408 153.675 52.6401 -40.5697 144.95 59.3349 -31.368 134.814 58.8895 -11.9312 160.942 39.8264 12.4301 9.71921 112.026 
160.173 169.435 143.097 144.36 146.173 157.416 170.18 84.3178 85.2626 84.3445 -59.5929 170.097 11.315 -40.2749 152.754 -47.4718 -46.0001 154.382 53.0036 -40.4012 145.525 59.3947 -31.6074 135.195 58.6604 -11.8355 161.25 39.8126 12.6223 9.74862 112.221 
160.305 168.834 142.424 143.887 145.974 157.876 169.289 84.2633 85.6652 84.2805 -59.0955 169.661 11.0822 -40.0468 152.708 -47.3597 -45.5751 154.329 52.8499 -40.1569 145.479 59.3837 -31.1875 135.161 58.6387 -11.52 161.16 39.7294 12.5563 9.75179 112.093 
160.398 167.448 141.777 143.511 145.654 158.347 168.81 84.2315 86.2241 84.2757 -58.5478 169.516 10.7167 -39.6477 152.48 -47.2063 -45.2267 154.182 52.6264 -39.974 145.418 59.427 -30.8035 135.111 58.6783 -11.2122 161.079 39.6473 12.4617 9.76358 111.924 
159.833 168.512 143.103 144.643 146.205 158.062 169.794 84.4625 85.8475 84.1213 -58.1936 170.197 10.7709 -39.7563 153.083 -47.4342 -45.2105 154.73 52.9723 -39.8729 145.836 59.4966 -31.0216 135.387 58.5185 -11.1203 161.382 39.6657 12.5841 9.741 112.059 
160.194 167.786 142.358 144.239 146.11 158.683 168.955 84.3815 86.1797 84.0466 -57.8101 170.183 10.4778 -39.6141 152.776 -47.2439 -44.8538 154.648 52.8533 -39.6889 145.728 59.5242 -30.6642 135.318 58.5883 -10.8784 161.334 39.616 12.507 9.6967 111.879 
160.64 165.962 141.7 143.93 145.964 159.132 168.315 84.3871 86.7257 84.1255 -57.4858 169.849 10.2285 -39.3355 152.526 -47.0486 -44.6181 154.403 52.6552 -39.5861 145.554 59.5794 -30.312 135.197 58.6863 -10.6192 161.275 39.5924 12.3992 9.67622 111.582 
161.08 164.088 141.211 143.834 145.899 159.579 167.975 84.3499 87.1913 84.1093 -57.12 169.547 9.92815 -38.9348 152.09 -46.7766 -44.3772 154.109 52.4886 -39.4607 145.336 59.6763 -29.9136 135.051 58.8286 -10.3795 161.215 39.6153 12.307 9.64945 111.315 
161.568 162.649 140.74 143.752 145.701 159.946 167.883 84.2782 87.5943 84.1163 -56.8997 169.522 9.72366 -38.6372 151.972 -46.566 -44.2007 154.025 52.343 -39.4209 145.272 59.7684 -29.7036 135.003 58.933 -10.1671 161.18 39.6424 12.2404 9.60122 111.138 
162.138 161.222 140.26 143.616 145.301 160.043 168.647 84.5205 88.3137 84.2454 -56.6491 169.746 9.29647 -37.8479 151.859 -46.3792 -44.0699 153.867 52.0805 -39.4609 145.167 59.651 -29.4866 134.872 58.7233 -9.87019 161.264 39.6543 12.0954 9.62393 110.627 
162.582 160.692 139.979 143.449 144.981 160.199 169.188 84.733 88.9178 84.4317 -56.7441 170.162 9.10605 -37.1651 151.669 -46.324 -43.9835 153.723 51.9466 -39.4927 145.083 59.6112 -29.2747 134.77 58.6736 -9.64181 161.362 39.7087 11.9009 9.65342 110.378 
162.506 161.19 139.914 143.614 145.192 160.547 169.114 84.6784 88.924 84.5244 -57.1141 170.485 9.29885 -36.9715 151.38 -46.3149 -43.86 153.504 52.0093 -39.3306 144.918 59.7681 -28.9972 134.734 59.0062 -9.50633 161.297 39.7889 11.8441 9.62817 110.568 
162.882 161.968 139.928 143.774 145.464 161.099 169.105 84.5908 88.7992 84.6166 -57.3886 170.919 9.39004 -36.7186 151.176 -46.3881 -43.7642 153.209 52.0279 -39.1523 144.679 59.8425 -28.7304 134.677 59.2816 -9.38146 161.218 39.8539 11.8334 9.60945 110.829 
163.147 162.876 139.933 143.656 145.219 161.186 169.723 84.7687 89.0381 84.9164 -57.7744 171.741 9.36312 -36.0408 151.1 -46.6307 -43.7542 153.005 51.9182 -39.133 144.47 59.681 -28.6131 134.567 59.1991 -9.21237 161.237 39.8675 11.742 9.60559 110.925 
163.878 164.298 139.965 143.569 144.702 161.344 170.498 84.9595 89.0554 85.1996 -58.0707 172.707 9.31133 -35.3831 151.157 -46.9327 -43.8 152.873 51.7546 -39.1096 144.3 59.3835 -28.5708 134.44 59.0239 -9.03156 161.251 39.8807 11.6326 9.5974 110.925 
164.397 165.872 140.087 143.472 143.717 161.451 171.278 85.1369 88.9563 85.2978 -58.4146 173.67 9.33888 -34.7739 151.054 -47.2531 -43.8434 152.733 51.6147 -39.0272 144.109 59.1015 -28.4269 134.179 58.8583 -8.8552 161.207 39.8802 11.4329 9.55764 110.974 
164.505 167.51 140.178 143.414 142.656 161.485 171.98 85.308 88.8547 85.1801 -58.8045 174.586 9.48456 -34.1601 150.982 -47.5458 -43.8389 152.596 51.5099 -38.8966 143.945 58.8654 -28.1432 133.886 58.6857 -8.66636 161.205 39.897 11.1951 9.53486 111.052 
164.403 169.045 140.217 143.327 141.921 161.415 172.601 85.4506 88.7039 85.0016 -59.2251 175.456 9.73046 -33.7022 150.935 -47.7828 -43.8743 152.541 51.4316 -38.7846 143.869 58.6732 -27.8856 133.609 58.5587 -8.5196 161.261 39.927 10.9091 9.50359 111.1 
163.953 170.443 140.263 143.25 141.667 161.143 173.08 85.5369 88.5193 84.8493 -59.6995 176.2 10.0787 -33.3709 150.951 -48.0204 -43.8709 152.537 51.4001 -38.6603 143.822 58.5277 -27.6915 133.34 58.4555 -8.40151 161.28 39.9446 10.6592 9.46749 111.222 
159.033 170.277 142.258 143.777 143.612 158.75 173.34 85.2755 87.1212 84.7842 -59.0643 175.79 11.036 -34.1322 151.551 -48.035 -43.8886 153.529 52.0445 -38.3326 144.81 58.8207 -28.3438 134.066 58.4989 -8.56555 161.574 40.0419 11.1779 9.58082 111.735 
159.27 169.458 142.183 143.572 142.989 158.746 172.226 85.245 86.9 84.621 -59.3902 175.857 11.1556 -34.4247 151.266 -47.8856 -43.6018 153.482 52.141 -38.0572 144.654 58.7328 -28.0507 133.873 58.4638 -8.44611 161.463 40.0429 11.1181 9.54489 111.506 
159.666 168.946 142.025 143.348 142.513 158.928 171.94 85.2504 86.8352 84.3611 -59.7323 176.06 11.2234 -34.3588 151.043 -47.8788 -43.4942 153.302 52.1048 -37.9469 144.412 58.5933 -27.7877 133.491 58.3941 -8.36507 161.336 40.0506 10.8827 9.51767 111.413 
159.964 169.021 141.872 143.227 141.933 159.083 171.951 85.2965 86.901 84.0289 -59.9974 176.137 11.2034 -34.0762 150.805 -47.9367 -43.4382 153.098 52.0412 -37.8905 144.182 58.505 -27.5047 133.15 58.3217 -8.28888 161.241 40.0534 10.6847 9.48831 111.438 
160.738 169.56 141.636 143.065 141.802 159.427 172.259 85.3323 87.0041 83.7891 -60.1713 176.374 11.1815 -33.8724 150.851 -48.0489 -43.4328 152.981 51.9636 -37.9023 144.048 58.4082 -27.3083 132.87 58.2291 -8.22481 161.205 40.0549 10.4594 9.48264 111.474 
161.013 170.284 141.426 142.975 141.791 159.625 172.563 85.3612 87.1191 83.548 -60.3756 176.554 11.2025 -33.5716 150.838 -48.1639 -43.3571 152.842 51.8964 -37.8415 143.919 58.3475 -27.0392 132.637 58.1412 -8.1428 161.203 40.0401 10.2917 9.48836 111.575 
161.13 171.117 141.138 142.851 141.911 159.736 172.941 85.4122 87.2396 83.4081 -60.4965 176.898 11.2663 -33.2836 151.019 -48.3092 -43.2631 152.795 51.8304 -37.7495 143.893 58.2994 -26.7999 132.525 58.0593 -8.01527 161.257 40.024 10.1647 9.50038 111.666 
161.352 171.836 140.805 142.722 142.243 159.769 173.279 85.4865 87.3937 83.4239 -60.5419 177.064 11.3351 -33.0484 151.316 -48.4113 -43.1573 152.906 51.7555 -37.6624 144.066 58.256 -26.6282 132.623 57.9711 -7.85562 161.4 39.9934 10.1054 9.55334 111.671 
161.614 172.447 140.532 142.661 142.664 159.847 173.481 85.5145 87.5138 83.5254 -60.4893 177.248 11.3148 -32.7564 151.536 -48.5148 -42.9685 153.021 51.6277 -37.501 144.227 58.18 -26.4327 132.764 57.8739 -7.64785 161.531 39.9315 10.0983 9.58951 111.636 
162.058 172.916 140.335 142.615 142.964 159.962 173.638 85.5447 87.6177 83.5866 -60.3431 177.351 11.1817 -32.418 151.652 -48.576 -42.7292 153.186 51.4957 -37.2836 144.467 58.1062 -26.1679 132.998 57.7804 -7.42412 161.711 39.8536 10.109 9.64577 111.56 
157.475 172.39 142.307 143.295 144.91 157.93 173.717 85.247 86.3825 83.6071 -58.488 176.375 11.509 -33.2441 152.538 -48.4367 -42.5233 154.219 51.9949 -36.7462 145.551 58.3975 -26.6382 134.216 57.7656 -7.45461 162.175 39.841 10.9954 9.75741 111.805 
159.527 171.699 142.049 142.983 143.836 158.445 173.009 85.3203 86.4702 83.4899 -58.2006 176.107 11.0202 -33.2116 152.411 -48.2592 -42.1202 154.401 51.9236 -36.425 145.73 58.2748 -26.2482 134.424 57.666 -7.19081 162.274 39.7307 10.9788 9.78938 111.446 
161.185 171.391 141.747 142.756 143.1 158.946 172.871 85.4367 86.7388 83.362 -57.8353 175.704 10.5279 -32.7809 152.108 -48.2009 -41.8595 154.344 51.7333 -36.2208 145.73 58.1345 -25.8228 134.385 57.5438 -6.94657 162.284 39.627 10.8513 9.81949 111.226 
162.355 171.422 141.39 142.618 142.646 159.323 172.942 85.6034 87.0596 83.2819 -57.2306 175.395 9.97256 -32.283 151.814 -48.171 -41.6602 154.291 51.5201 -36.0671 145.741 58.0099 -25.44 134.363 57.4404 -6.70168 162.309 39.5288 10.7252 9.83209 110.989 
163.08 171.579 141.007 142.493 141.849 159.538 173.08 85.7557 87.4065 83.112 -56.4702 175.142 9.38465 -31.7652 151.729 -48.1595 -41.4733 154.325 51.2747 -35.9678 145.813 57.8642 -25.1174 134.427 57.2279 -6.45123 162.367 39.4204 10.7075 9.84093 110.75 
163.86 171.856 140.654 142.447 140.775 160.012 173.242 85.8558 87.7685 83.0136 -56.0477 175.405 8.88433 -31.2837 151.658 -48.1757 -41.2601 154.272 51.0757 -35.8432 145.794 57.7898 -24.7598 134.583 57.057 -6.24255 162.457 39.3203 10.8349 9.83001 110.623 
164.789 172.419 140.27 142.387 139.336 160.88 173.48 86.1388 88.2927 82.985 -55.3495 176.385 8.17538 -30.5126 151.686 -48.1557 -40.9092 154.292 50.8338 -35.5369 145.849 57.6925 -24.0747 134.953 56.941 -5.80275 162.9 39.2365 10.9074 9.75919 110.244 
165.86 172.876 140.131 142.487 138.917 161.558 173.691 86.2047 88.5168 83.0473 -55.2373 177.147 7.85193 -30.2251 151.645 -48.1404 -40.8462 154.157 50.7123 -35.4899 145.731 57.6518 -23.7916 134.955 56.9931 -5.71193 163.166 39.2352 10.7686 9.71155 110.069 
166.532 173.22 140.126 142.641 139.278 162.319 173.825 86.3144 88.7062 83.2113 -55.3612 178.198 7.68116 -29.8753 151.589 -48.0926 -40.7675 154.011 50.6201 -35.3758 145.615 57.6147 -23.4767 134.938 57.0894 -5.55892 163.492 39.25 10.5945 9.65823 109.903 
167.151 173.572 140.17 142.76 140.257 162.956 173.978 86.4192 88.8461 83.4873 -55.8085 179.152 7.69893 -29.6011 151.573 -48.1164 -40.7478 153.88 50.4846 -35.2993 145.517 57.5185 -23.2988 134.881 57.144 -5.43092 163.734 39.2254 10.4106 9.61951 109.762 
167.364 173.756 140.248 142.89 141.445 163.48 174.107 86.4358 88.9167 83.7099 -56.198 180.196 7.75664 -29.2324 151.549 -48.0917 -40.6258 153.81 50.3551 -35.1396 145.489 57.4334 -23.0339 134.909 57.2229 -5.26553 164.072 39.2299 10.2467 9.59656 109.623 
166.527 173.881 140.411 143.028 142.787 163.555 174.189 86.4851 89.0423 83.9979 -56.554 181.092 8.01673 -28.8136 151.491 -48.0112 -40.4967 153.712 50.2689 -34.9552 145.492 57.4285 -22.7212 135.014 57.399 -5.07598 164.489 39.2987 10.0944 9.59536 109.42 
165.742 173.983 140.57 143.148 144.352 163.423 174.261 86.5543 89.1494 84.4274 -56.9308 181.884 8.37005 -28.4767 151.605 -47.9656 -40.3604 153.759 50.2054 -34.7497 145.642 57.435 -22.4951 135.254 57.5766 -4.86421 164.918 39.3541 9.98828 9.60436 109.242 
164.496 174.264 140.793 143.373 146.118 163.524 173.928 86.3086 88.8992 84.643 -57.4675 181.917 9.01931 -28.4615 151.417 -47.8835 -40.0468 153.627 50.3361 -34.3125 145.698 57.7162 -22.0472 135.511 58.1022 -4.71984 165.195 39.4395 9.99171 9.62941 109.454 
163.347 174.292 141.211 143.655 147.59 163.576 173.516 86.0703 88.6213 84.7495 -57.9261 181.765 9.57314 -28.3739 151.21 -47.806 -39.7508 153.515 50.417 -33.8627 145.773 57.9533 -21.5716 135.783 58.5685 -4.55292 165.465 39.5121 10.0102 9.62897 109.612 
162.085 174.24 141.548 143.823 148.922 163.386 173.163 85.83 88.3466 84.9167 -58.2836 181.572 10.1795 -28.2437 151.216 -47.7952 -39.4761 153.532 50.4522 -33.4805 145.937 58.1076 -21.2482 136.1 58.9222 -4.38123 165.722 39.5745 10.0565 9.64211 109.78 
160.556 174.128 141.886 143.997 149.879 162.995 172.882 85.582 88.1068 84.9635 -58.5381 181.266 10.7016 -28.0439 151.154 -47.8194 -39.2126 153.566 50.4458 -33.15 146.087 58.2017 -20.933 136.364 59.1669 -4.21808 165.968 39.6133 10.0926 9.6525 109.942 
158.927 174.898 140.009 141.293 149.859 164.46 173.95 86.3803 88.8306 86.6273 -60.2663 181.943 11.7819 -27.5287 150.302 -48.4127 -39.4908 153.843 50.6775 -33.0502 146.716 58.7601 -20.9567 137.302 60.1028 -3.9818 166.626 39.739 9.99284 9.55642 110.04 
158.623 174.379 137.298 138.816 149.231 166.027 173.75 87.3266 89.4868 87.9439 -61.998 182.957 12.6967 -27.098 148.438 -48.4308 -39.7781 154.027 50.8348 -32.916 147.191 59.2101 -20.9457 138.105 60.8062 -3.73374 167.041 39.7434 10.0244 9.41867 109.663 
159.17 173.243 134.553 136.753 148.694 167.144 172.71 88.3066 90.0915 89.1471 -63.4392 184.42 13.3622 -27.0851 147.011 -48.5095 -40.1019 154.159 50.8955 -32.8394 147.532 59.5171 -21.0304 138.725 61.3053 -3.49635 167.253 39.6612 10.1 9.26758 109.145 
160.785 172.215 132.126 135.166 148.223 167.438 171.792 89.2667 90.6403 90.1096 -64.4709 185.681 13.7867 -27.1021 145.763 -48.6018 -40.3701 154.203 50.9087 -32.7413 147.745 59.7332 -21.0365 139.202 61.6733 -3.22932 167.347 39.5508 10.1878 9.12166 108.622 
161.889 171.3 129.993 133.893 147.883 167.253 171.094 90.0143 91.0352 90.8967 -65.2608 187.454 14.1284 -27.0792 144.771 -48.7901 -40.5649 154.25 50.8135 -32.6401 147.886 59.8121 -21.0682 139.546 61.8786 -2.96379 167.317 39.3962 10.2902 8.98833 108.263 
162.455 171.892 133.208 136.714 149.111 164.453 172.76 89.7759 91.1228 90.7676 -65.8145 190.646 14.7796 -25.8847 145.045 -50.1186 -40.464 153.702 50.4382 -33.1416 147.214 58.9939 -21.5433 138.81 60.7729 -2.59315 166.699 38.8978 10.5533 9.23355 109.601 
158.728 172.246 135.988 139.512 149.794 162.259 173.751 89.2621 91.2719 90.2589 -65.1233 191.481 14.7167 -25.0758 145.654 -50.8259 -40.4635 153.447 50.0273 -33.8459 146.794 58.2081 -22.0301 138.361 59.6545 -2.50704 166.507 38.5952 10.8101 9.51521 110.338 
152.895 172.543 137.706 141.689 150.349 160.499 174.299 88.9247 91.6233 90.0304 -63.7019 191.588 14.4916 -24.221 146.261 -51.4349 -40.342 153.289 49.5827 -34.3693 146.519 57.49 -22.301 138.069 58.6918 -2.25055 166.465 38.3492 10.9709 9.7948 110.729 
147.051 172.845 139.014 143.575 150.942 159.331 174.664 88.6738 91.9683 89.8928 -62.7216 191.963 14.4463 -23.2922 146.746 -51.9814 -40.162 152.995 49.1561 -34.6898 146.191 56.8788 -22.3614 137.796 57.9016 -1.95048 166.459 38.1748 11.1132 10.0505 110.984 
142.118 172.936 139.994 145.138 151.414 158.837 174.769 88.4449 92.2609 89.7783 -62.2863 193.151 14.556 -22.5086 147.253 -52.4421 -39.9298 152.751 48.77 -34.8887 145.886 56.3352 -22.3243 137.527 57.234 -1.63452 166.459 38.032 11.2028 10.2519 111.137 
137.943 172.733 140.606 146.309 151.778 158.449 174.699 88.2304 92.4841 89.6553 -61.9712 193.901 14.8076 -21.8474 147.778 -52.7998 -39.6203 152.432 48.4269 -34.9136 145.537 55.8884 -22.1553 137.2 56.6735 -1.30417 166.37 37.9171 11.2727 10.4283 111.227 
134.92 172.244 141.061 147.407 152.239 158.271 174.492 88.0399 92.6219 89.431 -61.7312 194.765 14.9229 -20.9772 148.321 -53.0815 -39.2614 152.005 47.9835 -34.7981 145.13 55.3868 -21.8166 136.85 56.1023 -0.922058 166.314 37.8166 11.3265 10.5877 111.201 
134.305 171.799 141.129 147.787 152.353 158.532 174.252 87.9112 92.6364 89.2278 -61.26 195.428 14.7764 -20.4928 148.797 -53.2062 -38.8614 151.954 47.7206 -34.5222 145.096 55.0936 -21.4343 136.729 55.7801 -0.549368 166.345 37.7199 11.2655 10.6894 111.129 
134.467 171.441 141.046 147.998 152.463 159.082 173.976 87.8591 92.7134 89.1102 -60.8197 196.174 14.6659 -20.0423 149.378 -53.3405 -38.4619 151.922 47.5388 -34.228 145.114 54.8814 -21.0335 136.579 55.5308 -0.141578 166.396 37.6792 11.1258 10.8071 111.06 
134.451 171.093 140.947 148.08 152.647 159.38 173.666 87.8856 92.7122 88.9973 -60.418 196.44 14.8077 -19.6522 149.807 -53.393 -38.0372 151.933 47.401 -33.7957 145.239 54.7332 -20.5284 136.499 55.3579 0.296806 166.535 37.6493 10.9684 10.9115 110.896 
134.04 170.689 140.905 148.178 152.885 159.148 173.343 88.0172 92.7998 88.9395 -59.9369 196.015 15.0936 -19.3447 149.736 -53.2406 -37.6504 151.957 47.4025 -33.3843 145.434 54.7578 -20.0073 136.493 55.4046 0.747059 166.702 37.6939 10.7739 11.0175 110.573 
133.511 170.502 141.003 148.356 153.034 158.579 173.196 88.1267 92.8257 88.7888 -59.709 195.322 15.4728 -18.9983 149.314 -53.167 -37.2736 151.943 47.4649 -32.9437 145.592 54.872 -19.48 136.472 55.5044 1.18826 166.753 37.69 10.6617 11.0898 110.454 
132.672 170.38 141.174 148.608 153.119 157.814 173.157 88.1632 92.7886 88.6087 -59.5374 194.591 15.8534 -18.7364 148.556 -53.1739 -36.9505 151.783 47.4779 -32.5557 145.59 54.953 -19.0531 136.399 55.5627 1.5444 166.616 37.5951 10.6553 11.1488 110.423 
131.763 170.231 141.438 148.879 153.21 157.268 173.193 88.1188 92.6404 88.4404 -59.6828 194.289 16.3039 -18.4667 147.557 -53.1648 -36.6546 151.491 47.5461 -32.1653 145.417 55.0762 -18.6723 136.255 55.6866 1.85115 166.329 37.5088 10.7247 11.1691 110.552 
131.268 170.089 141.663 149.188 153.537 156.834 173.223 88.0198 92.4745 88.468 -59.7714 194.173 16.6441 -18.0766 146.557 -53.1207 -36.3574 151.08 47.558 -31.7948 145.076 55.1475 -18.3993 136.113 55.8036 2.16789 165.943 37.4461 10.9032 11.162 110.69 
131.502 169.973 141.911 149.486 153.895 156.697 173.354 87.9926 92.3196 88.7662 -59.7406 194.217 16.6699 -17.6251 145.731 -53.2287 -36.1036 150.634 47.5434 -31.4578 144.663 55.1484 -18.2889 136.026 55.861 2.46827 165.468 37.3164 11.1878 11.1419 110.991 
131.602 169.899 142.065 149.65 154.065 156.582 173.485 87.9812 92.156 88.9255 -59.4749 193.976 16.6006 -17.1628 145.107 -53.3513 -35.8515 150.169 47.4662 -31.1238 144.223 55.0697 -18.1235 135.805 55.8339 2.76689 165.003 37.2057 11.3833 11.1327 111.188 
131.267 169.794 142.264 149.869 154.191 156.606 173.621 88.0421 92.0677 89.0326 -59.0529 193.639 16.4611 -16.6721 144.557 -53.5109 -35.6043 149.658 47.4068 -30.8047 143.738 54.998 -17.9401 135.477 55.7447 3.05275 164.488 37.0764 11.5758 11.1305 111.444 
130.929 169.683 142.471 150.043 154.201 156.923 173.697 88.1178 92.0601 89.0594 -58.4727 192.855 16.1751 -16.1258 144.274 -53.7495 -35.3379 149.128 47.3205 -30.5025 143.227 54.8842 -17.7219 135.058 55.5349 3.32342 164 36.964 11.7589 11.1455 111.715 
130.35 169.611 142.661 150.159 154.314 157.398 173.748 88.2318 92.0345 89.1605 -57.9231 191.986 15.8833 -15.6575 143.954 -53.971 -35.1203 148.582 47.2154 -30.2072 142.7 54.754 -17.5166 134.57 55.347 3.56414 163.523 36.849 11.8689 11.1357 111.883 
129.595 169.541 142.737 150.185 154.397 157.959 173.811 88.3579 92.0131 89.1976 -56.9101 190.423 15.4929 -15.2203 143.92 -54.1528 -34.9221 148.096 47.0884 -29.9032 142.255 54.6139 -17.2337 134.077 55.1451 3.8004 163.195 36.7961 11.886 11.129 111.95 
129.091 169.423 142.844 150.242 154.583 158.938 173.804 88.4769 92.0413 89.1978 -56.3872 190.23 15.0804 -14.8288 143.72 -54.2358 -34.7471 147.638 46.977 -29.6376 141.841 54.5173 -16.919 133.644 54.9921 3.99649 162.958 36.7616 11.8928 11.107 111.898 
128.434 169.404 142.971 150.212 154.634 160.152 173.795 88.6198 92.0175 89.0831 -55.0784 189.022 14.4529 -14.4428 143.656 -54.3324 -34.5757 147.22 46.8314 -29.3422 141.487 54.3642 -16.5248 133.111 54.7949 4.19571 162.754 36.739 11.7578 11.1052 111.784 
131.081 169.304 143.067 150.278 154.683 161.561 173.751 88.6927 92.0326 88.9367 -54.1473 188.368 13.4706 -14.2262 143.609 -54.3896 -34.4407 146.894 46.6717 -29.1463 141.178 54.2166 -16.2298 132.661 54.5668 4.36104 162.549 36.6923 11.7 11.0867 111.644 
134.655 169.25 143.165 150.346 154.706 163.036 173.748 88.7881 92.0482 88.781 -53.4063 188.261 12.4565 -14.0745 143.463 -54.4468 -34.3467 146.661 46.5726 -28.9985 140.969 54.1153 -15.9787 132.285 54.3983 4.50106 162.379 36.6286 11.6239 11.0793 111.559 
139.199 169.237 143.26 150.341 154.583 164.06 173.736 88.842 92.0431 88.5703 -52.2233 187.736 11.3871 -14.0265 143.469 -54.4603 -34.2987 146.644 46.5092 -28.9209 140.957 54.0401 -15.788 132.027 54.2851 4.60587 162.327 36.6063 11.475 11.078 111.466 
145.093 169.182 143.274 150.336 154.417 164.816 173.691 88.8031 91.9687 88.3059 -50.9986 187.308 10.2399 -14.0107 143.469 -54.4442 -34.2125 146.627 46.4118 -28.8196 140.924 53.9429 -15.6075 131.809 54.1389 4.69751 162.286 36.583 11.4068 11.0668 111.341 
151.568 169.281 143.24 150.269 154.188 165.481 173.655 88.782 91.8544 88.0495 -49.9632 187.127 9.2572 -13.9858 143.558 -54.4515 -34.1838 146.654 46.3074 -28.7248 140.961 53.8491 -15.4175 131.628 54.0546 4.76368 162.333 36.5865 11.2493 11.0538 111.197 
157.081 169.282 143.183 150.266 154.097 166.289 173.616 88.7001 91.7711 87.8526 -49.4068 187.783 8.50376 -13.9225 143.706 -54.4763 -34.1225 146.666 46.1671 -28.6607 140.959 53.723 -15.3211 131.548 53.8898 4.8252 162.342 36.5545 11.2532 11.0501 111.125 
161.315 169.305 143.115 150.247 154.111 166.782 173.572 88.6231 91.6731 87.789 -49.1525 188.238 8.10318 -13.8412 143.833 -54.4959 -34.0964 146.705 46.0645 -28.6283 141.014 53.6317 -15.3161 131.597 53.7948 4.83273 162.394 36.5345 11.2917 11.0687 111.127 
164.546 169.411 143.063 150.211 154.155 166.912 173.601 88.517 91.5431 87.7737 -48.8315 188.275 7.74515 -13.7697 143.925 -54.6093 -34.0446 146.735 45.9541 -28.5738 141.062 53.5229 -15.3581 131.68 53.6408 4.82285 162.399 36.4587 11.4198 11.1 111.218 
166.648 169.372 143.047 150.219 154.383 167.204 173.654 88.3619 91.4331 87.8544 -48.804 188.643 7.44288 -13.7702 143.781 -54.6284 -33.9803 146.767 45.9335 -28.5657 141.077 53.4838 -15.4806 131.815 53.5962 4.80351 162.321 36.3772 11.5782 11.1298 111.39 
166.597 169.413 143.135 150.269 154.623 167.441 173.761 88.2828 91.3683 88.0766 -49.1871 189.083 7.47584 -13.7203 143.649 -54.7171 -33.9822 146.798 45.9591 -28.5758 141.119 53.5026 -15.6437 132.006 53.6186 4.7463 162.279 36.2932 11.7328 11.1477 111.677 
164.141 169.434 143.156 150.278 154.848 167.168 173.902 88.2014 91.3274 88.2633 -49.8276 189.416 7.74612 -13.6994 143.657 -54.8766 -34.0215 146.949 45.8991 -28.6565 141.253 53.4205 -15.8519 132.229 53.5409 4.66415 162.255 36.1319 11.8379 11.1735 111.988 
160.075 169.447 143.113 150.23 155.056 166.58 174.045 88.1677 91.3278 88.4074 -50.6688 189.652 8.19056 -13.7128 143.587 -55.0238 -34.1021 147.081 45.826 -28.79 141.343 53.3035 -16.0488 132.359 53.4595 4.5891 162.204 35.9667 11.868 11.1832 112.217 
