161.795 174.039 141.99 129.919 140.885 159.399 173.522 90.0694 86.7023 85.1369 3.10285 182.472 89.0052 24.5754 158.916 20.2913 -0.620154 201.301 112.198 -13.911 214.631 112.298 -26.39 221.007 106.42 -0.912768 236.607 82.7488 10.4699 8.46347 102.915 
161.743 173.949 141.993 129.922 140.706 159.336 173.348 90.3399 86.8446 85.2541 3.15407 182.674 89.0146 24.4774 159.106 20.3943 -0.483984 201.175 112.204 -13.9178 214.454 112.295 -26.4525 220.809 106.447 -1.10693 236.724 82.6622 10.4395 8.39782 102.584 
161.749 173.89 141.918 129.831 140.462 159.281 173.328 90.6085 87.0154 85.3725 3.12923 183.064 89.1313 24.3824 159.491 20.4277 -0.423191 201.206 112.296 -13.9833 214.481 112.401 -26.5715 220.823 106.572 -1.3676 237.022 82.6394 10.4137 8.37198 102.375 
161.828 173.819 141.817 129.828 140.365 159.405 173.271 90.6294 87.1028 85.4217 3.10772 183.019 89.1602 24.2539 159.597 20.5452 -0.612709 201.263 112.249 -14.2652 214.409 112.367 -26.8509 220.74 106.537 -1.65523 237.092 82.5325 10.4241 8.2491 102.293 
161.996 173.777 141.765 129.975 140.568 159.553 173.148 90.7763 87.3327 85.6817 3.03301 183.077 89.0329 24.0267 159.671 20.6888 -0.878057 201.271 112.167 -14.5949 214.382 112.391 -27.1955 220.696 106.602 -1.99604 237.199 82.4104 10.3756 8.21126 102.006 
162.208 173.817 141.567 129.807 140.47 159.762 173.281 90.9034 87.4217 85.7352 2.81079 183.268 88.9052 23.4033 159.937 20.5673 -1.48027 201.416 112.101 -15.1418 214.623 112.35 -27.6821 221.067 106.566 -2.33043 237.503 82.3414 10.3614 8.20225 101.97 
162.432 173.891 141.339 129.799 140.58 160.024 173.436 90.9784 87.5068 85.7765 2.61169 183.28 88.5747 22.9767 160.034 20.245 -1.9824 201.459 111.921 -15.6007 214.71 112.248 -28.12 221.213 106.479 -2.6582 237.599 82.1819 10.3385 8.2024 102.026 
162.647 174.02 141.086 129.843 140.833 160.23 173.699 90.9203 87.5156 85.7675 2.37864 183.243 88.3366 22.6725 160.034 19.9731 -2.29229 201.734 111.848 -15.8501 214.956 112.237 -28.403 221.383 106.477 -3.00929 237.597 82.029 10.3295 8.2779 102.373 
162.787 174.133 140.859 129.775 140.869 160.386 173.925 90.9593 87.5074 85.668 2.01022 183.388 88.1738 22.4364 160.245 19.6414 -2.63799 202.071 111.803 -16.1419 215.371 112.188 -28.7065 221.809 106.397 -3.25851 237.813 81.9214 10.3066 8.33789 102.662 
162.927 174.219 140.558 129.881 140.993 160.534 174.138 90.6804 87.321 85.3456 1.49355 183.351 88.0748 22.1557 160.274 19.2919 -3.27017 202.44 111.679 -16.6617 215.832 112.06 -29.1889 222.28 106.142 -3.48722 237.864 81.7959 10.3225 8.41571 103.259 
163.06 174.295 140.01 129.873 141.046 160.674 174.361 90.4065 87.1639 85.0588 1.04068 183.558 88.0586 22.0173 160.578 18.9585 -3.74459 202.984 111.693 -17.0755 216.377 112.049 -29.6055 222.83 106.016 -3.71936 238.103 81.8222 10.3182 8.4171 103.923 
163.204 174.351 139.92 129.845 141.082 160.827 174.511 90.2202 87.0374 84.9151 0.857696 183.702 88.2499 21.9397 160.656 18.9394 -3.80839 203.297 111.774 -17.2387 216.662 112.097 -29.8193 223.036 106.018 -3.91456 238.242 81.8389 10.3266 8.34735 104.224 
163.218 174.412 139.992 130.052 141.106 160.89 174.622 89.81 86.8242 84.6936 0.341657 183.545 88.3397 21.4271 160.874 18.9112 -4.33919 203.752 111.732 -17.807 216.942 112.014 -30.4417 223.219 105.853 -4.41838 238.246 81.8622 10.3302 8.20818 104.77 
163.039 174.408 140.664 130.391 141.141 160.672 174.5 89.6038 86.7055 84.57 0.14139 183.28 88.3196 21.3604 160.975 18.7244 -4.28776 203.687 111.645 -17.8494 216.671 111.869 -30.5586 222.865 105.67 -4.51498 237.989 81.8503 10.3095 8.06019 105.048 
162.82 174.436 141.061 130.689 141.163 160.408 174.423 89.5012 86.6042 84.4338 -0.329695 183.22 88.2564 21.3634 161.119 18.4395 -4.3826 203.672 111.647 -17.9907 216.553 111.76 -30.7636 222.715 105.485 -4.67545 237.853 81.8665 10.2743 7.969 105.41 
162.597 174.418 141.293 130.804 141.052 160.144 174.304 89.5762 86.4932 84.2854 -0.723278 183.417 88.2869 21.3145 161.269 18.4977 -4.23407 203.637 111.712 -17.9652 216.492 111.718 -30.8146 222.637 105.424 -4.87174 237.903 81.9078 10.2654 7.89511 105.299 
162.47 174.399 141.329 130.824 140.841 159.96 174.194 89.8668 86.5145 84.2884 -0.982796 183.705 88.278 21.2557 161.563 18.507 -4.06178 203.535 111.854 -17.9693 216.366 111.757 -30.8984 222.507 105.487 -5.08905 238.046 81.9718 10.2285 7.77554 105.099 
162.404 174.397 141.567 130.808 140.768 159.801 174.149 90.0747 86.5951 84.3268 -1.29671 183.863 88.3884 21.2791 161.757 18.4578 -4.08127 203.495 112.046 -18.0931 216.266 111.853 -31.0644 222.4 105.571 -5.32639 238.118 82.0663 10.2086 7.67491 105.116 
162.305 174.367 142.042 130.812 140.773 159.72 173.994 90.0649 86.6142 84.3292 -1.59828 183.955 88.325 21.0748 161.79 18.4597 -4.2947 203.561 111.984 -18.3263 216.284 111.779 -31.2957 222.455 105.503 -5.55694 238.21 82.0353 10.189 7.63222 104.962 
162.178 174.349 142.438 130.944 140.968 159.593 173.916 89.7756 86.6021 84.2757 -2.09781 183.9 88.1579 20.7864 161.844 18.3546 -4.64167 203.697 111.794 -18.7001 216.264 111.658 -31.675 222.491 105.391 -5.87189 238.199 82.0159 10.1471 7.50198 104.988 
162.051 174.356 142.98 131.178 141.046 159.471 173.842 89.6155 86.5442 84.1785 -2.57801 183.694 88.117 20.3534 161.711 18.3796 -4.84152 203.646 111.62 -18.9665 216.123 111.496 -31.95 222.419 105.236 -6.13777 238.111 81.9442 10.1377 7.34568 104.826 
161.939 174.419 143.386 131.417 141.173 159.369 173.852 89.5019 86.5104 84.0749 -3.2822 183.701 88.1166 19.7149 161.625 18.4296 -5.19148 203.673 111.566 -19.3412 216.208 111.458 -32.3151 222.638 105.166 -6.44687 238.163 81.9666 10.1138 7.25424 104.719 
161.845 174.471 143.561 131.577 141.267 159.31 173.894 89.3258 86.4297 83.9564 -3.81318 183.65 88.0709 19.1419 161.408 18.4746 -5.44739 203.792 111.471 -19.5654 216.302 111.411 -32.5514 222.779 105.133 -6.72102 238.112 81.8979 10.0944 7.24795 104.714 
161.915 174.515 143.388 131.672 141.443 159.513 173.979 89.1477 86.4267 83.9004 -4.03174 183.607 88.0809 18.5824 161.224 18.775 -5.74441 204.084 111.468 -19.8252 216.612 111.503 -32.8087 223.142 105.219 -6.96597 238.179 81.9016 10.069 7.24432 104.693 
161.953 174.558 143.313 131.756 141.503 159.616 174.019 89.027 86.4189 83.8588 -4.10403 183.767 88.125 18.2778 161.158 19.1412 -5.78365 204.41 111.532 -19.8922 216.903 111.641 -32.9393 223.41 105.377 -7.18818 238.318 81.9349 10.0219 7.24098 104.591 
161.961 174.573 143.28 131.781 141.489 159.636 174.079 88.8772 86.3668 83.8004 -4.14492 184.02 88.3618 18.0553 161.143 19.5729 -5.83259 204.829 111.729 -19.9195 217.306 111.892 -33.0395 223.773 105.652 -7.40626 238.516 82.0674 9.9694 7.30721 104.605 
161.992 174.567 143.06 131.724 141.411 159.648 174.057 88.7373 86.2853 83.6912 -4.00429 184.293 88.5957 18.0231 161.249 19.8548 -5.7985 205.361 111.938 -19.8612 217.759 112.104 -33.0505 224.122 105.858 -7.57762 238.762 82.1919 9.96573 7.3818 104.768 
161.941 174.577 143.116 131.76 141.298 159.599 173.991 88.656 86.2024 83.6021 -3.84242 184.422 88.8607 18.0371 161.311 20.156 -5.70679 205.7 112.094 -19.788 218 112.222 -33.0534 224.24 105.96 -7.71049 238.895 82.2784 9.95781 7.42186 104.813 
161.934 174.54 143.402 132.004 141.47 159.509 173.909 88.5267 86.0706 83.4703 -4.17419 184.522 89.0247 17.6815 161.64 20.2083 -5.98562 206.13 112.164 -20.0088 218.377 112.243 -33.2987 224.522 105.927 -8.02548 239.092 82.3632 9.99321 7.50173 105.038 
161.992 174.5 143.688 132.261 141.655 159.491 173.737 88.5295 85.9912 83.5042 -4.34987 184.504 88.9775 17.5953 161.678 20.4154 -6.01491 206.112 112.144 -20.0884 218.325 112.182 -33.3848 224.383 105.879 -8.15943 239.055 82.3763 10.0235 7.49006 104.875 
161.884 174.416 143.976 132.525 141.812 159.334 173.524 88.4883 85.952 83.542 -4.44017 184.719 89.0789 17.6093 161.98 20.5748 -5.93124 206.17 112.141 -20.1027 218.331 112.212 -33.4049 224.299 105.933 -8.2339 239.182 82.4487 10.0529 7.4698 104.69 
161.787 174.329 144.229 132.693 141.904 159.204 173.288 88.5324 85.9494 83.5922 -4.48371 184.864 89.2167 17.5829 162.136 20.8244 -5.83045 206.107 112.216 -20.1384 218.18 112.267 -33.4592 224.089 106.013 -8.3481 239.222 82.4985 10.0638 7.37511 104.5 
161.745 174.196 144.317 132.901 142.078 159.149 173.019 88.6858 86.0184 83.7136 -4.55945 185.193 89.2114 17.7634 162.382 21.0705 -5.62244 206.098 112.276 -20.0528 218.139 112.36 -33.4472 223.955 106.161 -8.47944 239.369 82.5189 10.0316 7.37416 104.178 
161.654 174.079 144.596 133.062 142.169 159.054 172.733 88.9199 86.1477 83.9233 -4.63846 185.359 89.3801 17.7585 162.513 21.4055 -5.44302 205.893 112.352 -20.0107 217.915 112.457 -33.4273 223.697 106.328 -8.62016 239.449 82.5508 10.0165 7.34511 103.677 
161.609 174.018 144.822 133.27 142.431 159.041 172.521 89.0316 86.1883 84.0637 -4.86032 185.777 89.2724 17.7634 162.837 21.5825 -5.32799 205.81 112.288 -20.015 217.886 112.486 -33.4541 223.631 106.448 -8.74568 239.665 82.5805 10.0014 7.36411 103.187 
161.437 173.944 145.065 133.434 142.524 158.915 172.308 89.1278 86.2718 84.1761 -5.23048 186.05 89.3387 17.6142 163.194 21.7387 -5.42353 205.84 112.218 -20.1974 217.89 112.448 -33.6215 223.683 106.439 -8.90045 239.917 82.5956 9.99284 7.27418 102.815 
161.342 173.847 145.014 133.573 142.606 158.872 172.13 89.0659 86.2326 84.1298 -5.70925 186.25 89.2789 17.4608 163.716 21.8056 -5.64974 206.026 112.06 -20.4935 218.008 112.295 -33.9034 223.867 106.287 -9.06595 240.196 82.6183 9.98666 7.11871 102.633 
161.255 173.717 145.122 133.687 142.65 158.845 171.848 88.9969 86.1987 84.1238 -6.08567 186.272 89.178 17.274 164.088 21.8561 -5.84534 206.14 111.828 -20.773 218.034 112.047 -34.1404 223.952 106.036 -9.19321 240.387 82.5851 10.0152 6.92804 102.378 
161.156 173.633 145.392 133.75 142.603 158.785 171.654 89.1216 86.2361 84.1872 -6.58917 186.453 89.2326 16.9155 164.463 21.8884 -6.11003 206.135 111.711 -21.1213 218.119 111.885 -34.4243 224.158 105.865 -9.31947 240.679 82.5713 10.0272 6.79401 102.064 
161.036 173.609 145.607 133.768 142.587 158.706 171.623 89.1084 86.193 84.1084 -7.02343 186.578 89.2874 16.7025 164.88 21.6429 -6.4964 206.212 111.601 -21.5626 218.219 111.702 -34.7778 224.341 105.633 -9.42306 240.91 82.5483 10.0671 6.65806 102.147 
161 173.574 145.712 133.862 142.627 158.741 171.505 89.001 86.0969 83.9779 -7.47206 186.51 89.2375 16.45 165.066 21.6492 -6.96507 206.258 111.42 -21.9981 218.284 111.463 -35.1034 224.505 105.329 -9.5034 241.014 82.5063 10.133 6.56541 102.086 
160.927 173.576 145.674 133.848 142.688 158.742 171.557 88.9446 86.122 83.9407 -7.59077 186.73 89.259 16.3751 165.518 21.3929 -7.19673 206.413 111.35 -22.2276 218.413 111.435 -35.2922 224.681 105.285 -9.61733 241.276 82.5314 10.1561 6.53897 102.185 
160.911 173.619 145.619 133.724 142.665 158.765 171.684 89.0584 86.2217 83.9934 -7.54271 186.92 89.3745 16.3879 165.769 21.308 -7.3848 206.456 111.425 -22.3828 218.444 111.502 -35.3991 224.731 105.34 -9.6919 241.462 82.5667 10.1938 6.55327 102.224 
160.9 173.655 145.689 133.706 142.681 158.777 171.694 89.1383 86.3119 84.0464 -7.61715 186.945 89.4466 16.3029 165.849 21.2888 -7.51851 206.405 111.464 -22.4851 218.374 111.558 -35.4733 224.689 105.397 -9.77644 241.521 82.6079 10.2244 6.55189 102.149 
160.796 173.657 146.062 133.8 142.726 158.686 171.699 89.1574 86.2703 83.962 -8.00034 186.947 89.5286 16.1586 165.936 21.1881 -7.73118 206.269 111.429 -22.653 218.346 111.532 -35.6067 224.715 105.355 -9.86432 241.567 82.6693 10.2618 6.60486 102.022 
160.758 173.629 146.404 133.925 142.673 158.683 171.661 89.2563 86.2415 83.9329 -8.21967 186.818 89.5555 16.0609 165.74 21.3 -7.84055 205.979 111.382 -22.74 218.177 111.478 -35.6744 224.581 105.301 -9.93338 241.465 82.635 10.2838 6.66877 101.732 
160.758 173.596 146.514 133.992 142.645 158.638 171.575 89.4497 86.3182 83.9889 -8.1815 186.787 89.6015 15.9595 165.607 21.5547 -7.72076 205.614 111.429 -22.6617 217.91 111.599 -35.638 224.336 105.476 -10.0045 241.398 82.7024 10.2471 6.74573 101.235 
160.748 173.582 146.466 133.986 142.518 158.609 171.597 89.6127 86.3845 84.0268 -8.2018 186.8 89.6491 15.8806 165.444 21.7382 -7.71851 205.413 111.529 -22.6553 217.807 111.717 -35.6516 224.263 105.601 -10.1063 241.351 82.7228 10.225 6.8315 101.028 
160.683 173.453 146.409 134.002 142.397 158.569 171.392 89.7649 86.469 84.066 -7.93622 186.914 89.7334 15.8464 165.395 22.1719 -7.38222 205.307 111.631 -22.3964 217.742 111.943 -35.4994 224.175 105.898 -10.2137 241.403 82.8245 10.1646 6.91688 100.49 
160.684 173.366 146.31 134.01 142.31 158.543 171.221 89.9183 86.5475 84.1251 -7.91453 187.058 89.5985 15.7295 165.384 22.5536 -7.16882 205.238 111.676 -22.1841 217.697 112.088 -35.3648 224.135 106.121 -10.3504 241.457 82.8829 10.1195 7.025 99.9898 
160.734 173.375 146.038 134.043 142.336 158.589 171.251 89.9559 86.6075 84.1499 -8.0598 187.075 89.3944 15.4416 165.452 22.5268 -7.33676 205.342 111.687 -22.2928 217.823 112.125 -35.5018 224.31 106.153 -10.4919 241.518 82.9067 10.0723 7.04595 100.018 
160.826 173.395 145.925 134.07 142.338 158.669 171.22 89.9854 86.583 84.0808 -8.05178 186.995 89.3066 15.2927 165.38 22.6121 -7.30222 205.334 111.674 -22.2749 217.859 112.161 -35.5233 224.327 106.201 -10.6057 241.508 82.9106 10.0687 7.09333 99.851 
160.907 173.374 145.715 134.058 142.255 158.676 171.162 90.1525 86.7077 84.1513 -8.12408 186.801 89.3048 15.0187 165.294 22.6082 -7.3408 205.094 111.673 -22.315 217.649 112.19 -35.548 224.155 106.224 -10.6971 241.402 82.8908 10.0825 7.11103 99.7026 
161.026 173.417 145.453 133.992 142.263 158.721 171.239 90.2899 86.8402 84.2485 -8.16533 186.691 89.3142 14.8405 165.306 22.5809 -7.34511 204.936 111.72 -22.3259 217.516 112.279 -35.5793 224.018 106.309 -10.8143 241.337 82.9328 10.0737 7.15375 99.6526 
161.121 173.394 145.454 133.949 142.317 158.763 171.114 90.5199 86.941 84.3888 -8.06771 186.552 89.4212 14.7203 165.108 22.8828 -7.0556 204.628 111.837 -22.12 217.235 112.423 -35.4398 223.697 106.519 -10.9084 241.192 82.9996 10.0541 7.18108 99.2728 
161.318 173.365 145.291 133.968 142.398 158.93 171.123 90.5992 86.9251 84.3284 -8.32061 186.223 89.5981 14.3089 164.835 23.0972 -7.15404 204.402 111.989 -22.2135 217.094 112.522 -35.5073 223.606 106.572 -11.0302 240.973 83.0742 10.1032 7.17855 99.2909 
161.49 173.398 144.939 133.894 142.497 159.054 171.26 90.5621 86.9348 84.3286 -8.33881 186.183 89.7073 14.177 164.816 23.3021 -7.21354 204.487 112.191 -22.2804 217.16 112.726 -35.587 223.637 106.756 -11.1909 240.918 83.2166 10.1188 7.18495 99.4712 
161.581 173.428 144.8 133.79 142.463 159.147 171.392 90.6088 87.0089 84.4162 -8.09514 186.128 89.9324 14.2368 164.625 23.54 -7.10011 204.413 112.492 -22.2685 217.024 113.003 -35.619 223.42 107.028 -11.3389 240.743 83.3447 10.1119 7.13576 99.6487 
161.644 173.372 144.676 133.812 142.548 159.237 171.349 90.6386 87.1534 84.5366 -7.95953 186.164 90.053 14.3484 164.591 23.7712 -6.98824 204.396 112.711 -22.2732 216.968 113.304 -35.7206 223.306 107.342 -11.5267 240.678 83.5012 10.0202 7.11855 99.652 
161.761 173.4 144.092 133.735 142.779 159.346 171.528 90.6432 87.3076 84.7035 -7.8464 186.603 90.1829 14.5312 164.949 23.9794 -6.89547 204.746 113.07 -22.2576 217.303 113.781 -35.7986 223.531 107.841 -11.7527 240.898 83.7749 9.93944 7.19396 99.9037 
161.869 173.427 143.882 133.787 142.983 159.363 171.593 90.735 87.4889 84.8712 -8.05037 186.767 90.277 14.4932 165.163 24.1747 -7.03201 204.745 113.294 -22.4448 217.356 114.104 -35.9823 223.531 108.153 -11.986 240.937 83.9529 9.92671 7.28183 99.9432 
161.916 173.399 143.615 133.668 143.003 159.334 171.547 90.7101 87.625 85.1024 -8.26186 186.929 90.4855 14.5168 165.39 24.5796 -7.12471 204.821 113.448 -22.5754 217.38 114.35 -36.1187 223.526 108.447 -12.2259 241.026 84.1587 9.90481 7.2896 99.7957 
161.891 173.359 143.659 133.595 142.934 159.213 171.538 90.6618 87.6627 85.1568 -8.75174 187.244 90.7653 14.398 165.671 24.8608 -7.29866 204.879 113.588 -22.7674 217.431 114.52 -36.2729 223.621 108.607 -12.4632 241.192 84.3453 9.94274 7.30369 99.7194 
161.84 173.266 143.58 133.464 142.692 159.171 171.361 90.7248 87.663 85.2021 -9.40003 187.415 91.0737 14.1046 165.714 25.2468 -7.67021 205.012 113.732 -23.1219 217.559 114.572 -36.5589 223.82 108.629 -12.7582 241.375 84.4678 10.0122 7.23753 99.5317 
161.763 173.176 143.588 133.347 142.408 159.117 171.167 90.923 87.6961 85.2992 -9.97611 187.696 91.3627 13.732 165.933 25.5889 -7.99472 204.993 113.834 -23.5341 217.566 114.588 -36.8894 223.922 108.652 -13.0655 241.633 84.5698 10.0752 7.11848 99.1712 
161.523 173.116 143.938 133.457 142.329 158.924 170.978 90.9077 87.595 85.2418 -10.4768 187.958 91.6456 13.3588 166.042 25.8844 -8.31278 205.114 113.895 -23.9129 217.671 114.583 -37.2202 224.049 108.639 -13.3701 241.842 84.6437 10.1267 7.05773 98.9338 
161.375 173.087 144.424 133.483 142.318 158.804 170.853 90.9647 87.5405 85.2098 -10.7924 188.302 91.9706 13.067 166.299 26.0588 -8.71135 205.256 113.977 -24.3445 217.878 114.654 -37.6016 224.281 108.731 -13.6768 242.201 84.7806 10.1589 7.08197 98.6351 
161.303 173.073 144.663 133.467 142.302 158.798 170.746 90.9994 87.5477 85.2535 -10.9971 188.432 92.1101 12.6833 166.43 26.1741 -9.19091 205.311 113.975 -24.8021 217.976 114.666 -38.023 224.419 108.77 -13.9798 242.408 84.838 10.1581 7.08174 98.4048 
161.329 173.069 145.126 133.454 142.226 158.759 170.676 91.1557 87.5779 85.2559 -11.3222 188.631 92.1199 12.4855 166.818 25.9642 -9.45472 205.264 113.921 -25.0298 218.006 114.629 -38.2548 224.502 108.76 -14.2389 242.668 84.8834 10.1638 7.15 98.1852 
161.359 173.153 145.403 133.58 142.271 158.775 170.783 90.9973 87.4251 85.0896 -11.7844 188.632 92.0414 12.0977 166.943 25.7989 -10.084 205.374 113.829 -25.5628 218.146 114.507 -38.7203 224.692 108.602 -14.5393 242.75 84.8661 10.2213 7.14398 98.3485 
161.449 173.275 145.32 133.558 142.392 158.753 171.009 90.7773 87.3296 84.9538 -12.1104 188.75 91.8902 11.8526 167.342 25.3206 -10.6883 205.737 113.757 -26.0723 218.465 114.451 -39.2076 224.988 108.511 -14.8792 242.952 84.8985 10.2384 7.16008 98.819 
161.455 173.451 145.232 133.678 142.576 158.715 171.209 90.3004 87.127 84.6988 -12.6596 188.585 91.6649 11.2987 167.384 24.9582 -11.3991 206.102 113.61 -26.6842 218.686 114.263 -39.7848 225.224 108.242 -15.2199 242.89 84.8449 10.2541 7.03673 99.4738 
161.499 173.585 145.114 133.809 142.787 158.802 171.339 89.9431 86.9447 84.4306 -13.084 188.589 91.5278 10.8909 167.654 24.5916 -12.059 206.498 113.527 -27.2983 219.058 114.184 -40.3691 225.609 108.076 -15.54 243.02 84.8982 10.2655 6.981 100.001 
161.569 173.695 145.058 133.805 142.88 158.864 171.453 89.6165 86.7756 84.2731 -13.3624 188.721 91.4765 10.7224 167.781 24.6345 -12.3938 206.949 113.492 -27.6474 219.443 114.188 -40.7448 225.943 108.09 -15.8649 243.182 84.9463 10.2606 6.9262 100.182 
161.579 173.723 144.833 133.872 142.955 158.913 171.467 89.2034 86.552 84.0468 -13.9365 188.784 91.6013 10.6261 168.007 24.6438 -12.7538 207.376 113.459 -28.0406 219.785 114.164 -41.1378 226.318 108.037 -16.1813 243.343 85.0717 10.26 6.81676 100.445 
161.573 173.733 144.76 133.939 142.982 158.961 171.387 88.8621 86.2937 83.7885 -14.3355 188.856 91.8108 10.3602 168.202 24.8778 -13.1643 207.791 113.493 -28.4904 220.157 114.173 -41.5746 226.697 108.012 -16.4863 243.551 85.2357 10.2791 6.72362 100.541 
161.722 173.765 144.374 134.04 143.105 159.121 171.404 88.5771 86.0935 83.5933 -14.6493 188.799 92.0177 10.222 168.169 25.1893 -13.3852 208.064 113.595 -28.7818 220.406 114.255 -41.8432 226.928 108.04 -16.7059 243.593 85.369 10.3336 6.62996 100.689 
161.777 173.834 144.404 134.207 143.21 159.194 171.429 88.2071 85.767 83.2856 -14.9591 188.723 92.1027 10.0354 168.031 25.4567 -13.4942 208.189 113.601 -29.0232 220.451 114.235 -42.0626 226.942 108.01 -16.8967 243.509 85.4464 10.4095 6.47392 100.755 
161.856 173.955 144.388 134.336 143.509 159.211 171.519 87.8935 85.625 83.1611 -15.2204 188.799 91.9622 9.91487 168.039 25.4224 -13.4621 208.366 113.537 -29.0701 220.465 114.27 -42.1688 226.882 108.102 -17.1503 243.468 85.476 10.4127 6.40632 100.854 
161.783 174.034 144.741 134.594 143.861 159.153 171.514 87.5448 85.5256 83.0758 -15.4089 189.01 92.0521 9.76909 168.157 25.6502 -13.4769 208.737 113.564 -29.1366 220.669 114.444 -42.3102 226.98 108.325 -17.4416 243.591 85.5832 10.3934 6.41213 100.846 
161.685 174.025 144.979 134.592 144.083 158.982 171.481 87.3544 85.5593 83.1532 -15.5763 189.296 92.2939 9.62051 168.411 25.7797 -13.2375 209.054 113.649 -28.9339 220.788 114.711 -42.2294 226.98 108.699 -17.7345 243.786 85.7419 10.3524 6.47993 100.739 
161.597 173.988 145.307 134.933 144.36 158.939 171.378 87.1228 85.557 83.0995 -16.2539 189.201 92.3343 8.87094 168.312 26.009 -13.649 209.16 113.647 -29.267 220.799 114.801 -42.5296 227.036 108.768 -18.0789 243.704 85.794 10.3842 6.46879 100.766 
161.383 173.911 145.562 135.14 144.472 158.821 171.223 86.6583 85.3674 82.8823 -17.0374 189.085 92.3072 7.89134 168.209 26.0827 -14.5708 209.431 113.511 -29.9649 221.079 114.7 -43.1276 227.409 108.594 -18.4196 243.716 85.8505 10.42 6.5375 100.959 
161.357 173.93 145.419 135.14 144.476 158.84 171.228 86.385 85.313 82.863 -17.4851 189.056 92.1988 7.17286 168.238 26.0863 -15.3597 209.757 113.445 -30.5518 221.379 114.66 -43.6307 227.746 108.519 -18.7213 243.805 85.8727 10.4494 6.58085 101.217 
161.331 173.87 145.326 135 144.238 158.813 171.128 86.3877 85.2989 82.8869 -17.6699 188.955 92.3473 6.51001 168.22 26.3138 -15.7451 209.853 113.486 -30.8453 221.481 114.661 -43.9245 227.865 108.528 -19.0114 243.861 85.8939 10.4393 6.61726 101.144 
161.333 173.751 145.223 134.89 144.057 158.798 171.016 86.4365 85.3218 82.9783 -17.8952 189.005 92.7132 5.97574 168.209 26.6916 -16.0538 210.086 113.603 -31.0715 221.754 114.765 -44.1457 228.137 108.661 -19.2979 244.034 85.8948 10.4183 6.72221 101.023 
161.344 173.761 144.643 134.551 143.873 158.788 170.927 86.4278 85.3603 83.0275 -17.7922 189.465 92.9647 5.76903 168.699 27.06 -16.0076 210.675 113.73 -31.0519 222.281 115.003 -44.2129 228.586 108.979 -19.5865 244.563 86.0678 10.3645 6.81307 100.759 
161.473 173.551 143.766 133.834 143.444 158.909 170.358 86.5795 85.549 83.243 -17.5578 190.236 93.0834 5.50887 169.246 28.2435 -15.8476 211.578 113.812 -31.0005 222.907 115.271 -44.2876 229.119 109.477 -20.2469 245.413 86.1978 10.3174 6.81002 99.5414 
161.656 173.376 142.859 133.314 143.134 159.058 169.993 86.7699 85.7159 83.3907 -17.3432 190.703 93.1467 5.65207 169.597 28.9728 -15.4977 211.983 113.865 -30.7575 223.166 115.419 -44.0769 229.356 109.729 -20.4712 245.906 86.2833 10.3588 6.7742 98.7274 
161.586 173.202 142.939 133.284 142.923 159.019 169.581 87.0948 85.7414 83.4158 -17.3452 190.887 93.1538 5.42967 169.636 29.4975 -15.3339 211.895 113.824 -30.7679 223.062 115.284 -44.0606 229.273 109.624 -20.7037 246.061 86.147 10.4557 6.64982 98.0006 
