161.055 178.284 144.356 139.478 144.817 154.844 177.85 82.2625 76.3413 71.4784 -138.255 184.291 18.126 -110.444 168.979 -47.4221 -136.66 217.645 40.3252 -146.898 228.424 36.2065 -157.499 234.54 27.4311 -127.638 240.962 13.3579 12.6844 8.35124 113.854 
161.088 177.574 143.792 139.146 144.562 154.74 177.22 82.2723 76.4443 71.5547 -138.412 184.44 17.8318 -110.71 168.813 -47.7056 -136.758 217.784 40.2049 -147.071 228.482 36.0346 -157.625 234.608 27.2342 -127.723 241.013 13.2131 12.6849 8.23232 113.931 
161.063 177.045 143.481 138.951 144.412 154.664 176.657 82.386 76.6158 71.7093 -138.423 184.432 17.6724 -110.828 168.529 -47.7514 -136.823 217.675 40.161 -147.183 228.365 35.9578 -157.699 234.475 27.1203 -127.753 240.92 13.0992 12.6852 8.1499 113.853 
161.215 176.729 143.298 138.772 144.313 154.751 176.26 82.5551 76.8255 71.864 -138.187 184.279 17.5584 -110.771 168.138 -48.0109 -136.687 217.387 40.1367 -147.141 228.035 35.9134 -157.674 234.12 27.0457 -127.765 240.728 12.9312 12.6561 8.08088 113.83 
161.171 176.326 143.135 138.639 144.191 154.724 175.734 82.6215 76.9982 71.9628 -138.073 184.245 17.3444 -110.881 167.888 -48.0091 -136.694 217.234 40.0231 -147.2 227.877 35.8174 -157.713 233.97 26.8975 -127.769 240.635 12.797 12.6258 8.02567 113.595 
161.029 175.982 143.457 138.831 144.309 154.498 175.388 82.6977 77.1542 72.0879 -137.692 184.051 17.2804 -110.622 167.425 -47.8733 -136.308 216.788 39.9418 -146.898 227.3 35.8222 -157.48 233.295 26.9086 -127.728 240.316 12.6175 12.6577 8.0831 113.179 
160.933 175.606 143.743 138.876 144.372 154.42 174.963 82.7895 77.4252 72.2446 -137.037 183.707 17.3003 -110.086 166.494 -47.6105 -135.612 216.077 39.8123 -146.393 226.378 35.8261 -157.068 232.28 26.914 -127.642 239.872 12.3026 12.6931 8.10589 112.446 
160.831 175.413 144.201 139.064 144.571 154.45 174.882 82.934 77.6635 72.3911 -136.535 183.512 17.3656 -109.61 166.078 -47.3708 -135.226 215.62 39.7381 -146.099 225.86 35.8713 -156.854 231.717 26.9479 -127.619 239.669 12.0931 12.6605 8.1604 111.904 
160.79 175.381 144.183 138.993 144.667 154.486 174.609 83.1102 77.9197 72.5657 -136.246 183.418 17.2281 -109.383 165.733 -47.3324 -135.001 215.293 39.6082 -145.979 225.449 35.8072 -156.765 231.332 26.8833 -127.636 239.561 11.8766 12.6085 8.12994 111.409 
160.748 175.338 144.188 138.94 144.731 154.557 174.409 83.2144 78.0983 72.6692 -136.044 183.284 17.0696 -109.272 165.488 -47.2515 -134.888 215.108 39.4743 -145.932 225.174 35.7175 -156.75 231.084 26.7744 -127.665 239.453 11.6844 12.5452 8.11404 111.084 
160.617 175.254 144.314 139.154 144.874 154.484 174.304 83.2595 78.1276 72.6611 -136.189 183.378 16.8086 -109.542 165.564 -47.2246 -135.137 215.283 39.3095 -146.106 225.352 35.5663 -156.934 231.313 26.6024 -127.8 239.561 11.5321 12.4744 8.17583 110.928 
160.499 175.19 144.442 139.228 144.903 154.408 174.191 83.3387 78.1855 72.7132 -136.339 183.426 16.5579 -109.706 165.612 -47.3923 -135.308 215.283 39.0917 -146.21 225.388 35.3677 -157.016 231.372 26.3891 -127.85 239.579 11.3304 12.4804 8.22065 110.823 
160.516 175.183 144.446 139.168 144.929 154.495 174.229 83.3855 78.2165 72.7452 -136.451 183.364 16.3597 -109.709 165.507 -47.5595 -135.427 215.302 38.8844 -146.304 225.397 35.1315 -157.094 231.383 26.1364 -127.9 239.537 11.0865 12.4641 8.23561 110.86 
160.572 175.28 144.393 139.037 144.902 154.544 174.331 83.2913 78.1257 72.6595 -136.706 183.257 16.1219 -109.74 165.38 -47.9819 -135.609 215.335 38.6161 -146.421 225.413 34.8112 -157.174 231.463 25.802 -127.926 239.439 10.8549 12.4364 8.26317 111.152 
160.526 175.302 144.351 138.977 144.902 154.556 174.351 83.1674 78.0644 72.5695 -136.735 183.012 15.9327 -109.664 165.109 -48.2057 -135.665 215.205 38.3506 -146.454 225.246 34.5294 -157.181 231.341 25.4892 -127.876 239.181 10.6205 12.4162 8.26683 111.352 
160.607 175.317 144.388 138.878 144.81 154.653 174.329 83.1346 78.1084 72.5582 -136.68 182.908 15.7758 -109.565 165.028 -48.3935 -135.678 215.095 38.1385 -146.482 225.132 34.3389 -157.193 231.247 25.2609 -127.889 239.11 10.4134 12.4232 8.26102 111.368 
160.785 175.408 144.152 138.764 144.787 154.791 174.344 82.9467 78.0279 72.4238 -136.798 182.795 15.5567 -109.509 164.96 -48.8048 -135.647 215.145 37.8698 -146.487 225.1 34.0725 -157.178 231.26 24.9653 -127.876 239.011 10.2005 12.4256 8.22459 111.697 
160.993 175.491 144.173 138.872 144.823 154.909 174.396 82.8232 77.9154 72.2712 -136.835 182.841 15.3298 -109.479 164.966 -49.1989 -135.739 215.367 37.671 -146.581 225.3 33.8416 -157.275 231.454 24.6901 -127.953 239.076 9.99509 12.4281 8.21384 112.067 
161.077 175.451 144.126 138.932 144.807 155.008 174.386 82.6709 77.6998 72.1058 -137.025 182.825 15.0955 -109.595 164.977 -49.3158 -135.993 215.623 37.3608 -146.781 225.586 33.4377 -157.444 231.75 24.2634 -127.975 239.114 9.75477 12.4207 8.19672 112.271 
161.068 175.39 144.22 139.097 144.844 154.999 174.382 82.6136 77.5298 72.0233 -137.167 182.851 14.9462 -109.76 164.929 -49.1552 -136.215 215.805 37.1487 -146.932 225.834 33.1416 -157.577 231.964 23.9638 -127.999 239.152 9.56731 12.4328 8.21037 112.217 
161.162 175.338 144.413 139.267 144.944 155.046 174.244 82.7454 77.3849 71.9754 -137.323 182.924 14.7194 -110.033 164.736 -48.8684 -136.497 216.055 36.984 -147.102 226.168 32.8079 -157.73 232.267 23.6359 -128.041 239.26 9.32826 12.4217 8.24223 111.941 
161.356 175.372 144.245 139.279 144.851 155.252 174.157 82.8614 77.426 72.0429 -137.666 183.161 14.1483 -110.479 164.987 -49.1352 -136.907 216.45 36.7314 -147.457 226.688 32.4647 -158.015 232.838 23.2587 -128.12 239.578 9.10842 12.3765 8.15229 111.927 
161.388 175.422 144.181 139.331 144.776 155.163 174.049 83.0243 77.5275 72.1921 -137.547 183.127 13.8954 -110.433 164.704 -49.0569 -136.692 216.386 36.628 -147.298 226.622 32.3214 -157.856 232.661 23.1285 -128.022 239.505 8.85636 12.4596 8.09124 111.701 
161.332 175.382 144.346 139.524 144.883 155.026 173.935 83.135 77.6405 72.2953 -137.023 183.15 13.8408 -110.171 164.417 -48.8065 -136.164 216.235 36.5716 -146.873 226.412 32.3394 -157.512 232.339 23.1948 -127.914 239.482 8.6352 12.5112 8.11025 111.197 
161.278 175.437 144.613 139.771 145.069 154.909 173.885 83.0994 77.6375 72.2727 -136.831 183.165 13.6323 -109.902 164.219 -49.2314 -135.779 216.235 36.4127 -146.542 226.323 32.2058 -157.244 232.229 23.0844 -127.821 239.443 8.37733 12.5132 8.11898 111.345 
161.177 175.373 144.954 140.052 145.251 154.717 173.531 83.2592 77.7943 72.4401 -136.43 183.144 13.4165 -109.68 163.889 -49.2496 -135.265 216.007 36.2775 -146.089 226.004 32.1393 -156.887 231.83 23.0683 -127.702 239.348 8.10174 12.5135 8.17666 110.855 
161.049 175.252 145.169 140.295 145.346 154.494 173.248 83.3045 77.8458 72.5162 -136.229 183.149 13.2283 -109.514 163.645 -49.1946 -134.92 215.92 36.0912 -145.761 225.845 31.9922 -156.592 231.606 22.9508 -127.581 239.289 7.86183 12.5711 8.22571 110.485 
160.85 175.183 145.2 140.382 145.412 154.318 173.194 83.3388 77.891 72.6371 -136.098 183.111 13.0365 -109.481 163.56 -49.1185 -134.758 215.859 35.8674 -145.587 225.764 31.7873 -156.426 231.513 22.7888 -127.446 239.241 7.63426 12.5598 8.2508 110.19 
160.813 175.136 145.176 140.425 145.397 154.161 173.006 83.4409 78.0146 72.8206 -136 183.076 12.922 -109.469 163.359 -49.0506 -134.497 215.683 35.7202 -145.347 225.603 31.6937 -156.183 231.28 22.7297 -127.326 239.163 7.43623 12.6379 8.26058 109.809 
160.778 175.151 145.309 140.481 145.444 154.058 172.954 83.5678 78.1498 72.9972 -135.869 183.065 12.8593 -109.411 163.32 -49.127 -134.288 215.552 35.6219 -145.143 225.462 31.6587 -156.003 231.092 22.7414 -127.255 239.116 7.27491 12.6623 8.29909 109.614 
160.552 175.143 145.335 140.527 145.468 153.77 173.126 83.6074 78.134 73.031 -135.727 183.053 12.7132 -109.297 163.405 -49.1712 -134.175 215.543 35.4314 -145.003 225.413 31.4627 -155.867 231.028 22.5877 -127.137 239.064 7.06682 12.6766 8.33293 109.568 
160.362 175.12 145.409 140.52 145.445 153.555 173.053 83.6841 78.1032 73.0972 -135.63 183.009 12.6223 -109.254 163.377 -48.9712 -134.016 215.416 35.2881 -144.814 225.309 31.3249 -155.695 230.887 22.5315 -127.033 238.988 6.91168 12.7061 8.38479 109.212 
160.206 175.137 145.505 140.463 145.412 153.373 173.017 83.6298 78.0015 73.1043 -135.219 182.861 12.7708 -109.006 163.15 -48.7471 -133.616 215.224 35.1735 -144.465 225.04 31.2472 -155.439 230.567 22.5774 -126.962 238.858 6.76218 12.6992 8.43826 108.855 
160.155 175.182 145.418 140.352 145.39 153.347 173.048 83.6967 78.0741 73.1694 -134.94 182.848 12.7188 -108.801 163.088 -48.7535 -133.469 215.128 35.0686 -144.328 224.905 31.1681 -155.317 230.428 22.5205 -126.903 238.836 6.61493 12.6951 8.46503 108.699 
160.121 175.299 145.171 140.139 145.278 153.348 173.159 83.6368 77.9989 73.1064 -134.796 182.893 12.6072 -108.748 163.169 -48.8616 -133.464 215.189 34.8412 -144.333 224.964 30.9292 -155.326 230.521 22.3149 -126.85 238.904 6.43587 12.6533 8.44926 108.661 
160.133 175.161 145.101 140.154 145.266 153.343 173.172 83.6199 78.0166 73.1394 -134.875 183.079 12.3804 -108.716 163.518 -48.9468 -133.518 215.344 34.5725 -144.35 225.17 30.694 -155.313 230.734 22.0707 -126.8 239.102 6.23785 12.6673 8.47666 108.549 
160.076 174.995 144.956 140.138 145.242 153.209 173.213 83.5763 78.0208 73.1803 -135.074 183.271 12.1053 -108.729 163.822 -49.1431 -133.508 215.454 34.2191 -144.323 225.273 30.3908 -155.272 230.848 21.8001 -126.78 239.26 5.96231 12.6846 8.50453 108.399 
159.879 174.733 144.978 140.306 145.272 152.93 173.785 83.4961 77.9442 73.1637 -135.35 183.518 11.8431 -108.883 164.372 -49.4938 -133.59 215.672 33.8804 -144.329 225.53 30.0995 -155.273 231.1 21.5417 -126.777 239.469 5.70748 12.7162 8.57566 108.503 
159.835 174.449 145.258 140.473 145.371 152.846 173.78 83.6219 78.0496 73.2746 -135.354 183.68 11.5978 -108.877 164.531 -49.6295 -133.44 215.743 33.6848 -144.181 225.609 29.945 -155.171 231.106 21.3973 -126.79 239.612 5.43116 12.7324 8.62567 108.281 
159.743 174.307 145.502 140.594 145.476 152.828 173.593 83.8118 78.2044 73.4366 -135.273 183.77 11.4001 -108.778 164.463 -49.6156 -133.313 215.744 33.5483 -144.073 225.633 29.7986 -155.074 231.055 21.228 -126.782 239.664 5.15029 12.7595 8.63409 108.054 
159.752 174.357 145.334 140.529 145.443 152.802 173.443 83.7297 78.1358 73.3939 -135.422 183.875 11.1114 -108.959 164.518 -49.9707 -133.331 215.977 33.2897 -144.114 225.845 29.5226 -155.138 231.291 20.9789 -126.827 239.816 4.92498 12.7153 8.59385 108.139 
159.896 174.776 145.371 140.502 145.438 152.834 173.451 83.9387 78.3564 73.5574 -135.115 183.782 10.9237 -108.76 164.292 -50.6606 -132.823 215.637 33.2388 -143.73 225.449 29.542 -154.832 230.82 21.0344 -126.775 239.662 4.70928 12.7187 8.57366 108.208 
159.894 174.84 145.456 140.523 145.531 152.626 173.087 84.1111 78.6008 73.7802 -134.638 183.62 10.8263 -108.357 163.763 -51.0607 -131.964 215.108 33.1722 -143.041 224.772 29.627 -154.256 230.01 21.2152 -126.661 239.346 4.45749 12.7775 8.58905 107.929 
159.953 174.871 145.589 140.581 145.623 152.68 172.697 84.1712 78.729 73.8576 -134.574 183.449 10.6037 -108.384 163.373 -51.2466 -131.607 214.818 33.0338 -142.754 224.436 29.5757 -154.007 229.703 21.1955 -126.618 239.168 4.26862 12.7688 8.58039 107.635 
159.939 174.815 145.952 140.797 145.85 152.716 172.323 84.2009 78.8119 73.8963 -134.472 183.178 10.4506 -108.313 162.907 -51.1305 -131.197 214.476 32.8759 -142.407 224.09 29.5141 -153.696 229.333 21.1473 -126.525 238.9 4.05174 12.7957 8.59953 107.196 
159.871 174.719 146.221 140.997 146.055 152.696 172.131 84.2598 78.9464 74.0061 -134.326 182.954 10.3081 -108.07 162.635 -51.0811 -130.899 214.116 32.7078 -142.148 223.714 29.445 -153.458 228.938 21.0849 -126.417 238.652 3.84891 12.8056 8.62264 106.858 
159.798 174.71 146.481 141.049 146.15 152.628 171.817 84.4098 79.1116 74.1377 -133.952 182.625 10.2379 -107.713 162.195 -51.2202 -130.403 213.563 32.5699 -141.735 223.1 29.3819 -153.075 228.277 21.048 -126.28 238.261 3.61113 12.8534 8.63517 106.56 
159.733 174.724 146.448 140.965 146.163 152.656 171.694 84.4212 79.1354 74.1471 -133.577 182.223 10.1971 -107.598 161.662 -51.1341 -130.184 213.204 32.427 -141.559 222.711 29.2466 -152.932 227.893 20.9323 -126.15 237.904 3.42388 12.7996 8.61689 106.346 
159.856 174.632 146.502 140.986 146.185 152.786 171.548 84.4173 79.195 74.1968 -133.531 181.979 9.99945 -107.663 161.439 -51.2005 -130.149 212.927 32.1661 -141.517 222.466 29.0419 -152.89 227.701 20.7265 -126.095 237.747 3.22767 12.7712 8.62223 106.036 
159.82 174.577 146.627 141.168 146.29 152.775 171.561 84.4028 79.1872 74.1802 -133.531 181.818 9.80092 -107.8 161.375 -51.2409 -130.309 212.803 31.8997 -141.595 222.392 28.8059 -152.98 227.661 20.4746 -126.11 237.646 3.01689 12.7422 8.68455 105.868 
159.802 174.702 146.702 141.145 146.223 152.759 171.608 84.3532 79.0867 74.07 -133.467 181.567 9.67032 -107.899 161.072 -51.6193 -130.403 212.594 31.6524 -141.64 222.216 28.5176 -153.022 227.527 20.1754 -126.05 237.414 2.80092 12.7289 8.69214 106.006 
159.913 175.133 146.539 140.965 146.081 152.854 172.113 84.2744 79.0396 73.9831 -133.285 181.279 9.46921 -107.698 160.998 -52.7559 -130.345 212.268 31.3097 -141.641 221.873 28.1698 -153.037 227.262 19.8268 -125.983 237.162 2.5244 12.6694 8.61553 106.602 
159.78 175.129 146.43 140.949 146.095 152.729 172.211 83.8952 78.7642 73.7726 -133.214 180.987 9.26779 -107.449 160.681 -53.0202 -130.228 212.161 30.8899 -141.533 221.645 27.7234 -152.932 227.053 19.3943 -125.827 236.8 2.21509 12.6528 8.60931 106.939 
159.77 175.144 146.307 140.833 146.013 152.759 172.267 83.6258 78.468 73.4948 -133.161 180.775 8.90348 -107.517 160.439 -53.4409 -130.365 212.23 30.5107 -141.641 221.67 27.2406 -153.049 227.136 18.9075 -125.755 236.613 1.93248 12.5794 8.58317 107.325 
159.92 175.195 146.332 140.773 145.944 152.951 172.251 83.4641 78.3098 73.3258 -132.876 180.486 8.63015 -107.409 160.105 -53.7121 -130.213 212.038 30.1887 -141.537 221.475 26.8934 -152.97 226.953 18.5621 -125.639 236.396 1.65258 12.5546 8.54005 107.36 
159.944 175.152 146.451 140.82 145.987 153.062 172.029 83.373 78.2446 73.2387 -132.536 180.162 8.47593 -107.132 159.665 -53.7349 -129.905 211.679 29.9301 -141.287 221.14 26.6705 -152.753 226.58 18.3393 -125.482 236.081 1.40527 12.555 8.53514 107.154 
160.075 175.131 146.368 140.755 145.978 153.274 171.947 83.3471 78.2459 73.1952 -132.607 179.962 8.06372 -107.177 159.567 -54.042 -130.048 211.586 29.6484 -141.393 221.132 26.3642 -152.797 226.665 17.9807 -125.399 235.979 1.17742 12.5287 8.50782 107.236 
160.115 175.169 146.256 140.77 145.998 153.37 171.992 83.1334 78.0717 73.0763 -132.852 179.786 7.72071 -107.309 159.521 -54.3289 -130.228 211.603 29.2763 -141.547 221.202 25.966 -152.916 226.814 17.5849 -125.321 235.861 0.93802 12.4764 8.4556 107.44 
160.191 175.441 145.978 140.674 145.911 153.453 172.251 82.9703 77.9509 72.9631 -133.099 179.525 7.3036 -107.468 159.452 -54.9883 -130.348 211.463 28.9228 -141.644 221.112 25.5761 -152.959 226.814 17.1786 -125.18 235.621 0.692431 12.4535 8.38101 107.906 
160.311 175.557 145.79 140.6 145.849 153.596 172.265 83.0484 78.0189 73.0011 -132.979 179.451 6.99032 -107.26 159.443 -55.3425 -130.216 211.173 28.6967 -141.549 220.924 25.3766 -152.828 226.639 16.9681 -125.03 235.543 0.498388 12.4807 8.3347 107.815 
160.291 175.617 145.87 140.681 145.913 153.517 172.219 82.9876 77.993 72.9358 -132.598 179.394 6.87757 -106.792 159.297 -55.5564 -129.783 210.928 28.4987 -141.2 220.659 25.2503 -152.517 226.307 16.8586 -124.866 235.394 0.304871 12.5247 8.33897 107.737 
160.335 175.653 146.091 140.812 145.999 153.468 172.059 83.0046 78.0462 72.8912 -132.017 179.22 6.81493 -106.197 158.896 -55.5351 -128.969 210.552 28.402 -140.534 220.162 25.2806 -151.983 225.676 16.9417 -124.686 235.132 0.105664 12.5683 8.36509 107.379 
160.303 175.675 146.292 140.936 146.12 153.413 172.027 82.9659 78.0845 72.8707 -131.488 179.072 6.86703 -105.628 158.567 -55.5609 -128.344 210.258 28.3247 -140.014 219.78 25.3239 -151.545 225.218 17.0292 -124.526 234.905 -0.044345 12.5925 8.39592 107.218 
160.309 175.694 146.341 140.96 146.196 153.481 172.028 83.0073 78.1936 72.973 -131.153 178.798 6.94385 -105.262 158.096 -55.332 -127.938 209.931 28.3213 -139.672 219.428 25.3607 -151.226 224.818 17.064 -124.316 234.57 -0.166892 12.5867 8.38693 107.09 
160.303 175.699 146.333 140.996 146.268 153.485 172.08 83.0309 78.275 73.0619 -131.056 178.534 7.08809 -105.041 157.692 -55.0368 -127.752 209.594 28.3423 -139.505 219.109 25.398 -151.039 224.514 17.089 -124.117 234.264 -0.214749 12.5811 8.36325 106.953 
160.242 175.729 146.332 141.032 146.292 153.415 172.111 82.9802 78.2779 73.0515 -130.935 178.32 7.27316 -104.833 157.37 -54.7969 -127.57 209.311 28.334 -139.358 218.804 25.4199 -150.907 224.213 17.1113 -124.01 234.022 -0.237874 12.5821 8.34589 106.797 
160.328 175.786 146.254 140.998 146.323 153.468 172.27 82.9519 78.3344 73.072 -131.006 178.338 7.30579 -104.743 157.294 -54.8084 -127.495 209.302 28.3136 -139.335 218.756 25.4068 -150.876 224.187 17.0642 -123.974 234.04 -0.262551 12.5751 8.29044 106.787 
160.339 175.785 146.166 141.014 146.373 153.42 172.331 82.8847 78.3598 73.0966 -131.081 178.393 7.39727 -104.693 157.18 -54.7225 -127.375 209.292 28.2941 -139.252 218.721 25.4417 -150.802 224.116 17.0946 -123.971 234.031 -0.297402 12.6073 8.28597 106.737 
160.415 175.745 146.099 141.02 146.44 153.456 172.332 82.8367 78.4179 73.1224 -131.119 178.467 7.34453 -104.598 157.159 -54.795 -127.222 209.325 28.1778 -139.164 218.686 25.3706 -150.719 224.076 17.0033 -123.953 234.072 -0.406909 12.625 8.24422 106.677 
160.394 175.664 146.071 141.053 146.503 153.355 172.359 82.8564 78.506 73.1991 -131.184 178.683 7.24705 -104.48 157.323 -54.7988 -127.222 209.446 28.0663 -139.177 218.757 25.2907 -150.723 224.11 16.9013 -123.978 234.225 -0.518033 12.6537 8.24917 106.569 
160.371 175.615 145.963 141.079 146.554 153.286 172.424 82.7986 78.555 73.2663 -131.447 178.95 7.07288 -104.65 157.662 -54.9423 -127.432 209.773 27.8571 -139.352 219.032 25.1064 -150.901 224.397 16.697 -124.089 234.489 -0.673045 12.6132 8.26895 106.615 
160.148 175.597 145.929 141.173 146.598 153.032 172.567 82.8386 78.593 73.3483 -131.49 179.158 6.939 -104.723 157.947 -54.8629 -127.583 209.926 27.6361 -139.452 219.166 24.8935 -151.005 224.5 16.4848 -124.148 234.649 -0.871471 12.5999 8.3272 106.409 
159.907 175.562 146.038 141.26 146.594 152.793 172.55 82.9891 78.6574 73.42 -131.108 179.133 7.01768 -104.581 157.826 -54.5019 -127.405 209.746 27.5504 -139.275 218.98 24.8307 -150.888 224.23 16.4554 -124.111 234.567 -1.04906 12.5897 8.39108 105.917 
159.8 175.586 146.029 141.257 146.597 152.66 172.507 83.0816 78.7049 73.4158 -130.782 179.144 7.02835 -104.502 157.624 -54.4281 -127.266 209.63 27.4466 -139.143 218.821 24.7573 -150.81 224.029 16.4046 -124.117 234.507 -1.23167 12.5746 8.43976 105.638 
159.669 175.586 145.938 141.115 146.517 152.591 172.41 83.1337 78.6928 73.4174 -130.555 178.954 7.00464 -104.545 157.305 -54.127 -127.256 209.357 27.2903 -139.15 218.568 24.5905 -150.807 223.784 16.2682 -124.099 234.305 -1.41347 12.57 8.43439 105.214 
159.64 175.604 145.949 141.093 146.518 152.542 172.392 83.1307 78.6496 73.3826 -130.382 178.851 6.98122 -104.523 156.982 -54.0688 -127.311 209.221 27.1065 -139.178 218.403 24.3721 -150.829 223.626 16.0517 -124.071 234.149 -1.6285 12.5608 8.45563 105.075 
159.591 175.525 145.762 140.991 146.495 152.562 172.394 83.047 78.5488 73.3395 -130.511 178.862 6.90309 -104.683 156.975 -53.9608 -127.674 209.344 26.8636 -139.461 218.534 24.0705 -151.088 223.825 15.7541 -124.149 234.193 -1.81261 12.4954 8.48456 105.007 
159.604 175.49 145.721 140.969 146.528 152.565 172.361 82.9309 78.3786 73.1668 -130.898 178.978 6.66661 -105.052 157.033 -54.1266 -128.097 209.566 26.6229 -139.77 218.782 23.7557 -151.351 224.151 15.4086 -124.242 234.306 -1.95771 12.4807 8.5345 105.105 
159.64 175.563 145.635 140.855 146.425 152.586 172.414 83.0273 78.36 73.1151 -131.093 178.981 6.47019 -105.333 157.033 -54.4699 -128.441 209.624 26.5243 -140.026 218.917 23.5742 -151.559 224.32 15.1944 -124.325 234.341 -2.06907 12.4787 8.56352 105.295 
159.833 175.586 145.626 140.757 146.322 152.708 172.41 83.2271 78.4818 73.1797 -131.354 179.088 6.13927 -105.627 157.278 -55.1268 -128.798 209.63 26.4078 -140.298 219.025 23.433 -151.761 224.487 15.0204 -124.457 234.499 -2.17645 12.5018 8.59422 105.468 
159.846 175.606 145.391 140.481 146.11 152.701 172.431 83.2803 78.425 73.1457 -131.643 179.064 5.79338 -106.076 157.368 -55.628 -129.186 209.745 26.2488 -140.612 219.197 23.1597 -151.998 224.724 14.7397 -124.527 234.525 -2.28761 12.4921 8.57083 105.772 
159.853 175.629 145.109 140.249 145.872 152.652 172.399 83.3454 78.4125 73.1176 -131.993 179.182 5.47856 -106.611 157.546 -56.024 -129.649 209.895 26.0661 -141.002 219.426 22.9112 -152.33 225.027 14.4872 -124.679 234.688 -2.39857 12.4616 8.55235 105.854 
159.97 175.699 144.775 140.005 145.604 152.811 172.469 83.3884 78.3379 73.0178 -132.281 179.241 5.11055 -107.08 157.719 -56.4268 -130.108 210.215 25.8991 -141.392 219.819 22.6036 -152.658 225.495 14.144 -124.74 234.884 -2.51877 12.4126 8.48668 106.129 
160.047 175.785 144.596 139.886 145.471 152.857 172.391 83.4221 78.2603 72.9728 -132.267 179.207 4.91941 -107.111 157.652 -56.5862 -130.061 210.169 25.7382 -141.374 219.803 22.395 -152.63 225.455 13.9717 -124.713 234.871 -2.6755 12.4428 8.44801 106.039 
160.062 175.838 144.575 139.85 145.385 152.824 172.303 83.3355 78.1529 72.8864 -132.172 179.07 4.78604 -107.007 157.386 -56.6499 -129.759 209.986 25.5485 -141.141 219.585 22.2017 -152.431 225.194 13.8201 -124.576 234.674 -2.85685 12.4515 8.41722 105.928 
160.026 175.799 144.462 139.782 145.337 152.837 172.221 83.1969 77.9926 72.8004 -132.265 179.022 4.59801 -107.116 157.176 -56.5768 -129.791 210.138 25.3487 -141.165 219.69 21.9385 -152.46 225.289 13.5873 -124.557 234.624 -3.02958 12.4265 8.40497 105.933 
159.901 175.741 144.402 139.8 145.34 152.759 172.157 82.9851 77.7849 72.6564 -132.22 178.96 4.5272 -107.097 157.026 -56.5752 -129.733 210.248 25.1169 -141.125 219.738 21.6606 -152.45 225.313 13.3286 -124.472 234.53 -3.21873 12.3917 8.38157 106.047 
159.952 175.757 144.532 139.908 145.459 152.859 172.163 82.9292 77.7439 72.607 -132.144 178.989 4.47038 -106.925 157.035 -56.7611 -129.543 210.311 25.0041 -140.974 219.783 21.547 -152.314 225.333 13.2013 -124.38 234.534 -3.35533 12.398 8.36843 106.191 
159.96 175.811 144.449 139.966 145.551 152.956 172.259 82.7671 77.643 72.5376 -132.228 178.93 4.33444 -106.863 157.024 -57.0145 -129.512 210.426 24.7978 -140.947 219.869 21.3133 -152.277 225.455 12.9493 -124.256 234.469 -3.529 12.36 8.33068 106.534 
160.001 175.84 144.529 140.039 145.582 153.103 172.339 82.7283 77.581 72.4386 -132.036 178.871 4.20553 -106.691 157.029 -57.2403 -129.383 210.577 24.6847 -140.833 220.005 21.162 -152.196 225.558 12.7695 -124.141 234.46 -3.706 12.3384 8.30735 106.85 
