157.489 178.025 137.924 137.025 138.864 153.496 176.515 82.9394 82.5419 81.258 -191.129 254.009 110.622 -233.878 278.959 58.3973 -150.11 248.77 122.511 -139.513 244.828 114.157 -133.533 242.677 101.783 -145.36 278.09 96.7283 11.0937 7.74509 122.668 
157.625 178.12 137.737 137.09 138.862 153.428 176.669 82.7646 82.3947 81.1038 -191.332 253.509 110.344 -234.345 279.064 58.3986 -150.489 249.006 122.462 -139.892 245.069 114.083 -133.858 242.985 101.707 -145.877 278.289 96.7714 11.0962 7.70289 122.966 
157.319 178.194 137.561 137.182 138.864 153.286 176.74 82.6276 82.2969 81.005 -191.544 253.292 110.273 -234.717 279.129 58.3649 -150.855 249.362 122.56 -140.307 245.333 114.182 -134.231 243.224 101.815 -146.367 278.467 96.8272 11.0784 7.66373 123.306 
158.062 178.194 137.583 136.965 138.662 153.246 176.829 82.3277 82.2232 80.8771 -191.626 252.51 110.115 -235.131 279.068 58.6461 -150.943 249.594 122.495 -140.461 245.375 114.105 -134.42 243.294 101.739 -146.754 278.438 96.8656 11.097 7.57187 123.685 
158.727 178.058 137.663 136.711 138.489 153.051 176.797 82.0857 82.176 80.8187 -191.666 251.748 110.066 -235.557 278.967 59.0269 -150.896 249.681 122.385 -140.547 245.234 113.943 -134.582 243.146 101.588 -147.033 278.226 96.8083 11.1106 7.49204 124.028 
159.018 177.868 137.757 136.563 138.411 152.562 176.729 81.9346 82.1544 80.8024 -191.536 250.939 109.951 -235.899 278.751 59.2815 -150.835 249.679 122.247 -140.611 245.091 113.745 -134.697 243.042 101.392 -147.289 278.038 96.7279 11.1208 7.44965 124.305 
158.953 177.722 137.911 136.479 138.405 151.956 176.616 81.8069 82.123 80.7718 -191.352 250.252 109.953 -236.191 278.46 59.5831 -150.78 249.593 122.119 -140.673 244.888 113.564 -134.818 242.881 101.208 -147.496 277.812 96.6625 11.1394 7.43054 124.435 
158.687 177.699 137.971 136.411 138.365 151.413 176.55 81.6391 82.0769 80.732 -191.243 249.698 109.775 -236.461 278.264 59.7395 -150.798 249.463 121.889 -140.769 244.68 113.288 -134.958 242.725 100.91 -147.728 277.593 96.5679 11.1429 7.40856 124.614 
158.553 177.68 138.031 136.349 138.434 151.074 176.393 81.3369 81.836 80.3627 -191.153 249.115 109.573 -236.575 277.781 59.7093 -150.805 249.095 121.761 -140.785 244.123 113.076 -134.988 242.092 100.594 -147.689 276.927 96.3483 11.0962 7.28734 124.803 
158.081 177.833 137.948 136.495 138.589 151.195 176.369 81.4958 81.889 80.4149 -191.399 249.081 109.483 -236.716 277.351 59.5277 -150.965 248.704 121.641 -140.986 243.848 112.97 -135.163 241.829 100.465 -147.84 276.627 96.1429 11.0827 7.38559 124.693 
158.01 177.84 138.025 136.723 138.758 151.884 176.148 81.8345 82.0335 80.5835 -191.96 249.468 109.664 -236.582 276.595 59.0299 -151.015 248.14 121.551 -141.065 243.408 112.911 -135.236 241.349 100.429 -147.814 276.203 95.8712 11.0825 7.4902 124.364 
157.899 177.8 137.874 136.891 138.939 152.279 176.067 81.995 81.9541 80.3774 -192.4 249.821 109.649 -236.651 276.195 58.5849 -151.382 247.665 121.585 -141.244 243.059 112.894 -135.362 240.951 100.324 -147.827 275.832 95.6627 11.0494 7.42249 124.167 
157.488 177.847 137.743 136.99 139.004 152.321 176.28 82.2618 82.0698 80.5262 -192.391 249.588 109.412 -236.764 275.787 58.1347 -151.498 247.097 121.323 -141.356 242.63 112.643 -135.459 240.53 100.099 -147.895 275.483 95.3097 11.0599 7.49511 124.082 
157.182 177.896 137.631 137.05 139.055 152.405 176.35 82.563 82.1885 80.6837 -192.319 249.347 108.989 -236.84 275.271 57.8984 -151.394 246.552 120.978 -141.284 242.209 112.252 -135.412 240.118 99.7211 -147.878 275.122 94.9166 11.0612 7.53831 123.904 
157.429 177.882 137.638 137.005 138.999 152.532 176.572 82.6908 82.2937 80.8052 -192.111 248.758 108.479 -236.765 274.582 57.4937 -151.24 245.924 120.44 -141.077 241.652 111.718 -135.222 239.592 99.2205 -147.71 274.691 94.3976 11.0855 7.53226 123.609 
157.566 177.774 137.641 136.983 138.949 152.744 176.712 82.7517 82.3482 80.9176 -191.942 248.604 108.15 -236.436 273.877 56.879 -151.1 245.41 119.969 -140.82 241.188 111.293 -134.955 239.107 98.8561 -147.383 274.297 93.8714 11.1214 7.52102 123.237 
157.716 177.699 137.629 136.951 138.914 152.729 176.861 82.7648 82.3785 80.9808 -191.88 248.529 107.776 -236.264 273.538 56.1615 -151.323 245.185 119.54 -140.863 241.016 110.947 -134.955 238.909 98.5687 -147.272 274.178 93.3632 11.1565 7.51002 122.855 
157.826 177.675 137.735 136.888 138.849 152.671 176.909 82.8597 82.4074 81.0257 -191.606 248.312 107.164 -235.901 273.174 55.5365 -151.284 244.732 118.911 -140.699 240.608 110.338 -134.822 238.476 98.0041 -146.972 273.831 92.7266 11.2115 7.49659 122.411 
157.789 177.619 137.798 136.869 138.822 152.426 176.836 82.9548 82.4738 81.1033 -191.228 248.158 106.537 -235.313 272.682 54.7925 -151.198 244.358 118.346 -140.501 240.248 109.837 -134.632 238.085 97.5334 -146.591 273.466 92.1091 11.2615 7.51129 121.957 
157.617 177.598 137.808 136.975 138.847 152.334 176.738 82.9618 82.4128 81.0554 -191.101 248.296 105.754 -234.873 272.57 53.8986 -151.283 244.183 117.606 -140.437 240.161 109.101 -134.505 238.092 96.8183 -146.372 273.49 91.5447 11.3031 7.47349 121.504 
157.269 177.507 137.922 137.157 139.037 152.535 176.805 82.797 82.4859 81.1755 -191.283 249.02 105.245 -234.358 272.215 52.3212 -151.792 244.32 117.035 -140.486 240.337 108.751 -134.386 238.286 96.5365 -146.264 273.7 90.9956 11.2918 7.3843 121.05 
157.084 177.432 137.947 137.276 139.108 152.942 176.86 82.6898 82.6174 81.3262 -191.6 249.978 104.911 -234.043 272.254 51.1691 -152.287 244.609 116.689 -140.543 240.59 108.61 -134.343 238.461 96.444 -146.167 273.906 90.5329 11.2652 7.28878 120.757 
156.86 177.392 138.049 137.389 139.138 153.143 176.864 82.2014 82.5161 81.2073 -191.621 250.425 104.458 -233.675 272.03 50.1855 -152.391 245.175 116.131 -140.336 241.058 108.239 -134.057 238.9 96.0877 -146.081 274.212 90.0616 11.2462 7.17924 120.76 
156.491 177.282 138.138 137.434 139.151 153.161 176.91 81.8585 82.5021 81.2192 -191.561 250.924 104.144 -233.27 271.624 49.1651 -152.484 245.575 115.7 -140.12 241.45 107.991 -133.725 239.314 95.8701 -146.007 274.505 89.7281 11.2191 7.09487 120.741 
156.581 177.111 138.468 137.324 138.969 153.202 176.759 81.9473 82.3788 80.886 -191.215 251.029 103.659 -232.82 271.217 48.3782 -151.817 245.708 115.408 -139.644 241.706 107.63 -133.17 239.611 95.3994 -145.651 274.642 89.37 11.1938 7.13217 121.143 
156.962 176.883 138.343 137.309 139.082 152.977 176.66 82.0379 82.3931 80.8783 -189.834 250.533 102.752 -231.448 270.678 47.2129 -150.254 246.218 114.654 -138.458 242.102 106.913 -131.966 239.992 94.7231 -144.693 274.819 88.4558 11.2505 7.20827 121.809 
157.091 176.778 138.313 137.367 139.257 152.777 176.539 82.0174 82.4314 80.9052 -189.102 250.151 102.479 -230.878 270.477 47.0297 -149.281 246.708 114.413 -137.899 242.346 106.738 -131.464 240.187 94.5852 -144.271 274.858 88.0676 11.3255 7.32138 122.369 
157.049 176.66 138.055 137.326 139.333 152.502 176.442 81.8914 82.3351 80.8676 -188.436 249.897 102.003 -230.359 270.448 46.7638 -148.725 247.145 113.886 -137.408 242.763 106.287 -130.981 240.642 94.209 -143.903 275.184 87.656 11.4126 7.38671 122.324 
156.901 176.505 137.759 137.251 139.388 152.432 176.196 81.9196 82.306 80.9247 -188.053 250.379 101.496 -229.815 270.996 46.2513 -148.403 247.567 113.369 -137.124 243.248 105.848 -130.662 241.135 93.8376 -143.51 275.643 87.2586 11.4463 7.50151 122.172 
156.791 176.51 137.559 137.22 139.386 152.432 176.078 81.8605 82.1998 80.8967 -187.605 250.71 100.811 -229.158 271.389 45.4785 -147.86 248.061 112.774 -136.676 243.726 105.251 -130.152 241.673 93.2991 -143.109 276.106 86.8423 11.4657 7.51623 122.389 
156.586 176.481 137.358 137.253 139.45 152.46 176.033 81.7822 82.2361 81.0021 -187.251 251.463 100.419 -228.458 271.739 44.5431 -147.353 248.699 112.433 -136.32 244.234 105.018 -129.718 242.165 93.1166 -142.73 276.541 86.4948 11.4527 7.58309 122.893 
156.316 176.589 137.524 137.427 139.557 152.743 176.088 81.575 82.1064 80.9836 -187.286 252.712 100.258 -228.029 272.443 43.868 -146.867 249.663 112.101 -136.014 245.086 104.704 -129.352 242.974 92.8033 -142.524 277.235 86.209 11.403 7.64189 123.599 
155.887 176.496 137.86 137.589 139.642 152.956 175.888 81.5583 82.1288 81.0754 -186.981 253.81 100.199 -227.24 272.677 43.2577 -146.075 250.241 111.855 -135.419 245.588 104.525 -128.719 243.391 92.618 -141.991 277.555 85.8964 11.3381 7.77567 124.133 
155.671 176.435 138.287 137.821 139.804 153.372 175.63 81.1872 81.9645 80.9703 -186.564 254.553 100.069 -226.223 272.766 42.6855 -145.213 250.605 111.314 -134.552 245.867 104.057 -127.809 243.632 92.1265 -141.175 277.654 85.4807 11.2913 7.78441 124.421 
155.575 176.461 138.489 137.986 139.877 153.653 175.404 80.8033 81.8358 80.8377 -185.994 254.958 99.5133 -225.305 273.09 42.1118 -144.717 250.758 110.719 -133.79 245.973 103.561 -127.003 243.727 91.6252 -140.316 277.706 85.0411 11.2614 7.65158 124.247 
155.261 176.507 138.789 138.197 139.969 153.569 175.241 80.3642 81.4949 80.4644 -185.28 254.933 98.6992 -224.519 273.519 41.5372 -144.259 250.831 109.858 -133.124 246.197 102.73 -126.303 244.077 90.7586 -139.68 277.915 84.6034 11.2891 7.63127 124.107 
155.318 176.531 139.355 138.402 140.131 153.738 175.2 80.2391 81.4303 80.442 -185.07 255.737 98.451 -223.755 273.716 40.7368 -143.871 251.069 109.367 -132.576 246.36 102.26 -125.732 244.156 90.3304 -139.009 278.039 84.0256 11.27 7.5117 123.966 
155.578 176.544 139.35 138.51 140.226 154.273 175.067 80.0042 81.3788 80.4345 -184.817 256.376 98.2385 -222.802 273.79 40.1213 -143.303 251.221 108.778 -131.742 246.324 101.711 -124.927 244.002 89.8129 -138.104 277.904 83.4071 11.258 7.28288 123.745 
155.346 176.603 139.466 138.796 140.456 154.375 174.978 79.7045 81.2245 80.3134 -184.152 256.542 97.5492 -221.84 273.952 39.584 -142.555 251.497 108.144 -130.888 246.37 101.085 -124.131 243.886 89.1643 -137.241 277.722 82.7281 11.2255 7.1293 123.866 
155.114 176.666 139.18 138.986 140.603 154.415 175.106 79.5322 81.2048 80.38 -183.586 256.67 96.7293 -221.079 274.006 38.7518 -141.841 251.762 107.42 -130.047 246.558 100.406 -123.298 243.983 88.4556 -136.525 277.738 82.0431 11.1583 7.03306 124.016 
155.279 176.802 138.811 138.952 140.554 154.584 175.384 79.5452 81.3275 80.5198 -183.032 256.768 95.9838 -220.521 274.461 37.9816 -141.259 251.765 106.679 -129.253 246.712 99.6788 -122.478 244.231 87.6823 -135.877 278.022 81.5055 11.097 6.97143 124.014 
155.094 176.819 138.664 139.103 140.632 154.602 175.774 79.8449 81.6956 80.8781 -181.235 256.739 94.3986 -219.006 275.21 36.3517 -139.524 251.858 105.339 -127.472 246.95 98.3502 -120.656 244.558 86.2682 -134.262 278.357 80.1452 10.9579 7.00865 124.427 
155.293 177.055 138.175 138.935 140.628 154.69 176.152 80.134 81.9992 81.0447 -180.616 257.133 94.0487 -218.557 275.89 35.8705 -138.809 251.539 104.817 -126.726 246.786 97.7506 -119.884 244.589 85.5408 -133.538 278.539 79.7867 10.8485 7.01289 124.43 
154.539 177.19 137.795 138.832 140.713 154.447 176.398 80.5441 82.332 81.3167 -179.518 257.378 93.4931 -217.816 276.192 35.2042 -137.785 251.23 104.254 -125.857 246.476 97.1402 -119.036 244.263 84.8549 -132.594 278.421 79.1173 10.7349 7.0783 124.561 
154.399 177.202 137.993 138.89 140.949 154.159 176.554 81.0853 82.5368 81.4742 -178.119 257.21 92.7199 -216.832 276.801 34.7837 -136.517 251.055 103.856 -124.904 246.378 96.6613 -118.088 244.09 84.3178 -131.419 278.383 78.4854 10.645 7.28803 124.677 
154.254 177.138 137.876 138.918 141.045 154.095 176.849 81.2684 82.6549 81.6362 -177.131 257.264 91.8186 -215.851 277.078 33.9396 -135.528 251.518 103.451 -123.926 246.844 96.2726 -117.047 244.489 83.95 -130.459 278.729 77.9086 10.5937 7.27299 124.872 
154.033 177.146 137.614 138.913 141.092 154.053 177.135 81.624 82.9202 81.8615 -176.34 257.906 91.1471 -215.018 277.531 33.0937 -134.73 251.905 103.041 -123.095 247.343 95.905 -116.153 245.027 83.5798 -129.623 279.279 77.392 10.5586 7.30415 124.84 
154.278 177.193 137.003 138.583 140.692 153.08 177.585 82.0486 83.4397 82.2501 -175.639 259.472 90.5184 -214.215 277.933 32.0215 -134.145 252.389 102.897 -122.531 247.688 95.9008 -115.574 245.282 83.5757 -128.788 279.702 76.8164 10.5598 7.29279 124.899 
154.869 177.496 136.821 138.571 140.34 153.627 178.567 82.452 83.5932 82.0715 -175.123 259.772 90.8555 -213.922 277.098 30.678 -132.826 252.128 102.464 -121.167 247.967 95.6333 -114.258 245.732 83.222 -128.185 280.078 76.4236 10.6976 7.53846 125.582 
155.236 178.229 136.597 138.618 139.985 154.935 179.375 82.4619 83.4883 81.7737 -174.772 260.375 92.2685 -213.735 276.781 29.6538 -131.816 252.093 102.197 -120.056 248.258 95.5849 -113.134 246.023 83.1547 -127.495 280.276 76.0596 10.8308 7.70685 126.456 
156.791 175.125 136.633 138.844 139.979 156.551 178.28 82.3156 83.171 81.2587 -174.596 261.019 93.1047 -213.08 276.366 28.6509 -130.982 252.558 101.849 -119.176 248.914 95.3708 -112.24 246.625 82.9277 -126.91 280.746 75.6563 10.9285 7.82933 126.882 
158.052 174.27 136.618 139.011 139.981 157.908 177.978 82.3167 83.0036 80.925 -174.239 261.79 93.6786 -212.614 275.921 28.088 -130.162 252.912 101.79 -118.318 249.346 95.4426 -111.333 246.943 83.0111 -126.16 281.014 75.3808 10.9816 7.89605 127 
159.138 174.27 136.49 139.089 139.916 159.066 177.977 82.3171 82.8813 80.6275 -174.005 262.808 94.1812 -212.183 275.785 27.5536 -129.56 253.501 101.64 -117.692 250.032 95.3992 -110.673 247.594 82.9428 -125.599 281.61 75.1489 11.0446 7.97097 126.92 
160.092 174.27 136.434 139.189 139.927 160.168 177.977 82.2362 82.7472 80.3019 -173.74 264.04 94.5036 -211.806 275.802 27.3563 -128.856 254.293 101.493 -117.06 250.732 95.2939 -110.044 248.232 82.8008 -125.081 282.222 74.9219 11.0627 7.97789 126.948 
161.492 174.27 136.452 139.326 139.973 161.333 177.977 82.2774 82.7497 80.1522 -173.642 265.323 94.9662 -211.588 276.25 27.2162 -128.283 254.828 101.376 -116.572 251.135 95.2112 -109.589 248.557 82.6968 -124.562 282.599 74.6964 11.0747 7.98293 127.012 
162.942 174.27 136.517 139.584 140.169 162.267 177.977 82.2065 82.6152 79.9801 -173.424 266.147 95.0892 -211.296 277.038 27.068 -127.702 255.301 100.988 -116.013 251.6 94.8095 -109.052 249.058 82.2803 -124.013 283.1 74.4578 11.125 7.98218 127.018 
163.368 174.27 136.677 139.878 140.428 162.276 177.977 81.8787 82.2588 79.663 -172.875 266.375 94.7668 -210.862 277.524 27.1864 -127.043 256.032 100.643 -115.394 252.252 94.422 -108.454 249.643 81.9001 -123.504 283.558 74.2339 11.1403 7.96617 127.127 
165.106 174.27 136.595 140.048 140.56 163.053 177.977 81.6308 82.0944 79.6284 -172.741 266.741 94.6518 -210.024 276.931 26.7966 -126.28 256.474 100.296 -114.563 252.72 94.1659 -107.589 250.059 81.7217 -122.899 283.793 73.9215 11.1716 7.96823 127.153 
168.884 174.27 136.568 140.124 140.667 164.357 177.977 81.569 82.1652 79.7558 -172.916 267.904 94.5663 -209.148 275.757 26.1639 -125.568 256.774 100.142 -113.778 253.072 94.1409 -106.724 250.406 81.7435 -122.365 283.931 73.5963 11.1811 7.972 127.235 
173.584 174.27 136.519 140.258 140.828 165.634 177.977 81.3957 82.1208 79.788 -173.31 268.92 94.5275 -208.219 274.864 25.5669 -125.169 256.985 99.8602 -113.238 253.391 93.9961 -106.101 250.772 81.6591 -121.982 284.096 73.3284 11.2203 7.97763 127.135 
179.862 174.27 136.417 140.211 140.688 167.369 177.977 81.3731 82.2564 80.0192 -174.012 270.525 95.1165 -207.21 273.711 24.6136 -124.78 257.047 99.5641 -112.727 253.607 93.8671 -105.52 251.06 81.5958 -121.588 284.245 72.9702 11.2896 8.01385 126.986 
177.44 174.27 136.453 140.134 140.463 167.744 177.977 81.2386 82.2703 80.2189 -173.955 270.777 95.2143 -206.127 272.684 23.7919 -124.496 256.955 99.2588 -112.314 253.635 93.7154 -105.04 251.085 81.5364 -121.126 284.215 72.5862 11.3673 8.04872 126.772 
175.797 174.27 136.514 140.143 140.387 167.531 177.978 81.2562 82.409 80.4932 -173.693 270.545 94.9905 -205.205 271.809 22.9454 -124.322 256.905 98.9389 -111.979 253.825 93.5649 -104.626 251.417 81.4725 -120.864 284.494 72.2883 11.4689 8.08897 126.447 
177.185 174.27 136.62 140.135 140.335 166.125 177.978 81.1289 82.4032 80.5754 -172.552 269.161 94.0826 -204.28 270.632 22.2562 -123.959 256.742 98.4679 -111.504 253.883 93.2299 -104.071 251.626 81.2045 -120.551 284.607 71.9219 11.5361 8.14408 126.11 
177.271 174.283 136.821 140.129 140.283 163.675 177.983 80.8502 82.251 80.5273 -170.61 267.112 92.8347 -203.639 269.92 21.8554 -123.356 256.492 97.8371 -110.909 253.683 92.6309 -103.464 251.51 80.6422 -120.082 284.447 71.4863 11.5947 8.16944 126.017 
169.599 174.291 137.013 140.121 140.31 161.218 177.985 80.5491 82.0419 80.292 -168.593 265.384 91.811 -203.326 270.122 21.5724 -122.806 256.368 97.201 -110.447 253.426 91.9567 -103.011 251.271 79.9568 -119.592 284.211 71.0672 11.5877 8.16258 126.182 
165.034 174.288 136.809 140.041 140.24 160.464 177.984 80.4206 81.9919 80.2027 -167.821 264.946 91.9159 -202.857 269.897 21.0796 -122.194 256.156 96.6517 -109.929 252.997 91.3759 -102.515 250.779 79.3642 -119.008 283.783 70.5383 11.5664 8.11166 126.323 
162.09 174.291 136.686 139.883 140.125 160.623 177.985 80.4899 82.0379 80.1958 -167.168 264.991 91.4214 -202.21 269.469 20.6119 -121.369 255.648 96.052 -109.19 252.39 90.7174 -101.808 250.101 78.6702 -118.259 283.113 69.9428 11.5054 8.10665 126.36 
162.299 174.288 136.683 139.824 140.18 161.533 177.984 80.7662 82.2594 80.3932 -166.568 265.291 90.5338 -201.572 269.247 20.1083 -120.563 255.24 95.5841 -108.423 251.972 90.2096 -101.069 249.652 78.123 -117.505 282.714 69.4112 11.4629 8.09637 126.355 
166.891 174.285 136.506 139.738 140.102 162.848 177.983 80.9004 82.3167 80.4002 -167.175 266.685 90.6319 -201.268 269.203 19.8269 -119.931 255.124 95.0534 -107.812 251.853 89.6062 -100.516 249.491 77.481 -116.942 282.526 68.8643 11.457 8.07344 126.256 
177.233 174.283 136.335 139.651 140.05 165.999 177.982 81.0954 82.4819 80.5433 -168.566 269.299 91.5417 -200.558 268.317 19.262 -119.091 254.821 94.5126 -106.966 251.653 89.0537 -99.6907 249.331 76.9137 -116.346 282.24 68.3071 11.4439 8.07985 126.156 
176.277 174.292 136.476 139.608 140.024 166.639 177.985 81.2872 82.6658 80.7157 -168.081 269.372 90.5286 -199.783 267.318 18.592 -118.387 254.624 93.9397 -106.245 251.61 88.4916 -98.9546 249.361 76.3395 -115.888 282.108 67.6968 11.4361 8.10475 126.004 
174.283 174.29 136.446 139.63 140.02 166.544 177.985 81.2414 82.7063 80.8293 -168.151 269.906 90.5692 -199.099 266.403 17.7818 -118.096 254.791 93.4832 -105.911 251.862 88.1228 -98.5834 249.612 76.0199 -115.646 282.182 67.136 11.4675 8.13612 125.888 
172.388 174.292 136.331 139.544 139.944 166.23 177.985 80.9526 82.5765 80.7879 -168.027 269.803 90.5912 -198.157 265.207 16.9176 -117.669 254.781 92.8414 -105.427 251.88 87.6071 -98.0265 249.611 75.5871 -115.227 282.022 66.5154 11.4786 8.16181 125.699 
169.654 174.29 136.303 139.504 139.841 166.502 177.985 80.6131 82.3096 80.5395 -167.959 269.914 90.8339 -197.378 264.079 16.1519 -117.126 254.607 92.1791 -104.865 251.725 86.9781 -97.3996 249.47 74.988 -114.79 281.751 65.9523 11.4804 8.16279 125.66 
168.147 174.282 136.1 139.22 139.528 167.622 177.981 80.3516 82.1276 80.4142 -168.392 270.94 92.1067 -196.84 263.032 15.517 -116.465 254.374 91.5459 -104.23 251.513 86.3053 -96.7379 249.295 74.3112 -114.363 281.426 65.4413 11.479 8.15027 125.743 
167.089 174.283 136.034 139.098 139.31 168.462 177.982 80.1245 81.9436 80.296 -168.384 271.601 91.9368 -196.233 262.432 14.9084 -115.975 254.076 90.9291 -103.739 251.163 85.687 -96.2443 248.88 73.7118 -113.856 280.99 64.8601 11.5067 8.13655 125.809 
166.861 174.282 136.036 139.058 139.212 169.167 177.981 80.0643 81.8676 80.2122 -168.317 272.241 91.0579 -195.874 262.245 14.4491 -115.573 253.882 90.4217 -103.318 251.042 85.1724 -95.8105 248.804 73.1842 -113.5 280.896 64.4109 11.5247 8.14634 125.836 
168.726 174.27 135.873 138.629 138.695 170.021 177.977 80.2206 81.984 80.2177 -168.144 272.994 90.7833 -195.84 262.482 14.2658 -115.127 253.556 90.0824 -102.836 250.738 84.6802 -95.3421 248.551 72.5701 -113.023 280.796 64.0846 11.4923 8.02504 125.82 
169.174 174.27 135.722 138.478 138.459 170.403 177.977 80.2776 82.0426 80.3813 -168.006 273.965 90.9184 -195.482 262.393 13.9509 -114.923 253.367 89.9073 -102.594 250.564 84.5156 -95.1189 248.303 72.4289 -112.618 280.68 63.7545 11.5347 8.02161 125.772 
169.898 174.27 135.713 138.518 138.411 170.653 177.977 80.2804 81.9952 80.3846 -168.063 274.986 90.9812 -195.23 262.869 13.7542 -115.036 253.61 89.7836 -102.614 250.957 84.4473 -95.1352 248.721 72.3824 -112.451 281.16 63.5754 11.6358 8.06768 125.563 
169.682 174.27 135.915 138.562 138.451 170.526 177.977 80.4106 82.084 80.5516 -167.808 274.401 90.4618 -194.999 263.425 13.5193 -114.955 253.683 89.591 -102.483 251.205 84.2745 -95.0005 249.069 72.2256 -112.274 281.605 63.3605 11.6944 8.11937 125.488 
169.307 174.275 136.33 138.75 138.592 169.55 177.979 80.4275 82.0984 80.7173 -167.057 273.332 89.5515 -194.734 263.949 13.2502 -115.003 254.155 89.4671 -102.461 251.797 84.1796 -94.9782 249.711 72.1743 -112.214 282.319 63.1823 11.7842 8.13128 125.425 
168.06 174.33 137.017 139.068 138.88 168.449 177.999 80.4022 82.1043 80.9898 -165.992 273.645 88.3925 -193.862 264.352 12.6134 -114.919 255.327 89.1824 -102.275 253.228 84.0426 -94.7474 251.207 72.1497 -112.044 283.775 62.8469 11.9396 8.20992 125.176 
167.091 174.378 137.489 139.242 139.037 167.154 178.016 80.4611 82.1333 81.1587 -164.803 273.145 87.2447 -193.238 264.266 12.4526 -114.74 255.9 89.072 -102.067 254.046 84.015 -94.5272 252.116 72.1791 -112.008 284.618 62.8106 12.025 8.30486 124.911 
166.603 174.374 137.689 139.315 139.118 165.813 178.015 80.411 82.1313 81.1691 -163.861 273.161 86.4421 -193.002 264.881 12.2681 -114.498 256.712 89.0735 -101.911 254.731 84.068 -94.3747 252.683 72.2736 -111.838 285.13 62.7482 11.999 8.34262 125.191 
164.162 174.365 137.749 139.307 139.15 163.677 178.012 80.3558 82.1255 81.1471 -162.433 272.261 85.0821 -192.404 264.314 11.9379 -114.066 257.298 88.9976 -101.533 255.263 84.0525 -93.9719 253.107 72.2869 -111.672 285.405 62.5687 11.9428 8.36926 125.304 
160.981 174.348 137.667 139.248 139.146 161.408 178.006 80.4016 82.2218 81.2253 -161.032 271.618 84.2617 -191.895 264.008 11.5644 -113.805 257.793 89.0126 -101.281 255.729 84.1539 -93.6973 253.498 72.417 -111.486 285.765 62.4607 11.9257 8.38492 125.286 
157.117 174.339 137.599 139.19 139.081 159.622 178.003 80.4089 82.2283 81.1933 -160.123 271.211 83.7934 -191.615 264.297 11.1911 -113.713 258.268 88.9128 -101.188 256.137 84.0793 -93.587 253.837 72.362 -111.354 286.114 62.3039 11.9017 8.36378 125.329 
152.715 174.333 137.573 139.148 139.08 157.86 178.001 80.3908 82.2129 81.143 -158.883 269.912 83.0693 -191.285 264.348 10.8956 -113.483 258.583 88.7297 -100.952 256.502 83.9115 -93.3202 254.272 72.2037 -111.275 286.483 62.1936 11.8786 8.36651 125.332 
