173.671 162.819 167.342 142.713 149.377 178.03 156.424 157.951 86.5526 82.6557 -24.9847 118.014 -1.1175 1.10755 147.599 -59.8524 32.2702 167.955 -61.6744 27.6917 169.416 44.0548 31.4802 184.891 45.3975 -3.63292 194.013 28.9369 10.3552 92.5034 12.428 
173.633 163.082 167.337 142.495 149.862 178.144 156.831 157.885 86.7341 82.7881 -24.6655 118.777 -1.04902 1.0964 148.34 -59.964 32.8907 167.94 -61.4595 28.0604 169.432 44.2375 32.0207 185.056 45.8413 -3.00468 194.458 29.0681 10.1182 92.3771 12.6003 
173.571 163.189 167.12 141.464 150.537 178.037 157.014 157.33 85.629 83.0223 -24.092 119 -0.661608 0.798105 148.818 -59.8668 33.335 167.583 -60.9931 28.7841 169.733 43.5271 32.6233 185.138 46.4085 -2.43022 194.574 29.3133 10.1412 91.3695 12.9349 
173.397 163.537 166.94 140.901 150.965 177.893 157.307 156.767 85.1319 83.2157 -23.5216 119.481 -0.160327 0.751285 149.643 -59.6262 33.981 167.416 -60.2263 29.494 169.972 43.1507 33.2101 185.455 47.0339 -1.87077 194.888 29.6989 10.176 90.2567 13.2763 
173.149 164.209 166.873 141.134 151.317 177.841 157.71 156.454 84.9224 83.1264 -22.8567 120.021 0.289229 1.34909 150.382 -59.2918 34.8761 167.509 -59.4162 30.0047 170.428 43.4819 33.6816 186.016 47.653 -1.30803 195.255 30.1069 10.1826 89.9064 13.4492 
172.964 164.965 167.004 141.837 151.473 177.945 158.229 156.466 84.9651 82.9272 -22.2732 120.673 0.610065 2.1538 150.955 -59.11 35.8143 167.748 -58.9922 30.4328 171.201 44.1554 34.0869 186.708 47.8556 -0.739362 195.751 30.2666 10.2777 90.2787 13.5379 
172.773 165.528 167.055 142.445 151.613 178 158.595 156.409 85.0989 82.8284 -21.6451 121.012 1.03451 2.86265 151.192 -58.9036 36.7445 167.703 -58.5788 31.0125 171.752 44.597 34.5151 187.239 47.9617 -0.189241 196.033 30.3126 10.4508 90.4352 13.7398 
172.615 165.957 167.069 142.948 151.837 178.01 158.926 156.348 85.2811 82.8574 -21.0835 121.311 1.3991 3.3433 151.392 -58.7489 37.6665 167.595 -58.1765 31.6455 172.195 44.8709 34.9195 187.719 48.1362 0.334662 196.29 30.3414 10.6614 90.3475 14.1159 
172.519 166.287 166.891 142.614 152.119 177.929 159.011 156.11 85.0141 83.1785 -20.5659 121.444 1.72541 4.019 151.618 -58.4418 38.3511 167.457 -57.6466 32.3799 172.622 44.7901 35.4004 188.047 48.537 0.807056 196.398 30.5297 10.8947 89.818 14.1977 
172.519 166.636 166.762 141.64 152.428 177.83 158.991 155.991 84.2965 83.5556 -20.1934 121.763 1.96388 4.72871 151.966 -58.1496 38.7345 167.546 -57.3087 33.0854 173.272 44.3144 35.8575 188.463 48.9901 1.21059 196.633 30.7947 11.2551 89.006 13.9979 
172.676 166.8 166.569 139.838 152.8 177.74 158.765 155.863 82.4552 83.7782 -19.8955 121.951 2.28224 5.45478 152.052 -57.8178 38.8375 167.647 -57.1767 33.5118 174.207 43.1975 36.3378 188.93 49.3794 1.55735 196.843 31.0162 11.5954 88.0446 13.5651 
172.689 167.058 166.495 138.557 153.083 177.668 158.854 155.88 81.4284 84.1275 -19.5252 122.167 2.56524 6.27042 152.1 -57.603 39.1252 167.861 -57.0996 34.3471 175.03 42.3565 36.7857 189.368 49.6639 1.95537 197.089 31.1341 12.3829 87.1792 13.245 
172.637 167.464 166.493 137.562 153.188 177.75 159.378 156.293 81.1336 84.6676 -19.0585 122.393 3.20304 6.72045 152.02 -57.4398 39.2239 167.952 -57.2626 35.2315 175.674 41.9454 37.313 189.84 50.017 2.32907 197.386 31.3141 13.0291 86.7348 13.0169 
172.503 167.917 166.699 137.197 153.149 177.833 159.922 156.749 81.2535 84.901 -18.7428 122.815 3.76174 6.96774 152.212 -57.3199 39.5245 168.187 -57.3229 35.9283 176.184 41.939 37.7571 190.354 50.2313 2.69796 197.775 31.4725 13.3859 86.6245 13.0595 
172.271 168.329 166.881 138.163 152.842 177.905 160.446 157.093 81.6041 84.8716 -18.286 123.177 4.20497 7.13415 152.49 -57.2004 39.8662 168.409 -57.2509 36.3183 176.521 42.6423 38.1512 190.703 50.3531 3.05294 198.056 31.6653 13.1765 87.2579 13.1943 
172.097 168.604 167.018 138.933 152.514 177.931 160.947 157.472 82.1446 85.1347 -17.9144 123.79 4.67779 7.18266 152.818 -57.0626 40.1727 168.638 -57.1893 36.4584 177.053 43.76 38.5367 191.144 50.5676 3.40942 198.534 31.861 12.6756 88.3678 13.3679 
171.955 168.85 167.249 139.805 152.273 178.009 161.359 157.856 82.538 85.2868 -17.4411 124.3 5.08527 7.30606 153.082 -56.9192 40.6141 168.776 -57.0666 36.6976 177.515 44.6486 38.9207 191.543 50.7893 3.79507 198.93 32.0335 12.3885 89.1513 13.5828 
171.909 169.057 167.362 140.322 152.04 178.079 161.6 158.096 82.7548 85.4588 -17.0272 124.749 5.37809 7.54575 153.437 -56.7646 41.0212 169.082 -56.9578 36.9498 177.907 45.1771 39.2707 191.887 50.992 4.10988 199.291 32.224 12.2135 89.5572 13.6953 
171.795 169.41 167.463 141.28 151.712 178.162 161.963 158.316 82.906 85.3769 -16.3857 124.997 5.57787 7.82158 153.966 -56.7139 41.5215 169.704 -56.8975 37.0576 178.377 46.0353 39.617 192.217 51.1061 4.42497 199.533 32.4526 11.8322 90.4906 13.8951 
171.815 169.637 167.419 141.694 151.482 178.283 162.244 158.543 82.9382 85.4613 -15.5816 125.003 6.03544 8.13068 154.255 -56.4967 41.9048 170.222 -56.8126 37.4733 178.714 46.5751 40.0588 192.507 51.4699 4.70471 199.646 32.8653 11.6868 90.9084 13.9967 
171.841 169.89 167.466 142.31 151.055 178.449 162.539 158.633 83.1813 85.1579 -14.959 125.091 6.25292 8.39696 154.852 -56.4285 42.417 170.916 -56.678 37.8754 179.056 47.2015 40.4741 192.911 51.5726 4.94362 199.791 33.2264 11.467 91.2906 14.2491 
171.87 170.232 167.818 143.425 150.668 178.82 163.146 159.03 84.0366 84.6834 -14.2585 125.903 6.23448 9.24598 156.019 -56.4162 43.6879 171.956 -56.3082 38.6764 179.709 48.2951 41.0632 193.707 51.6594 5.50564 200.296 33.6169 11.4594 91.6959 14.6551 
171.914 170.185 168.086 144.537 150.389 179.053 163.304 159.142 84.5852 84.0191 -14.1339 126.372 6.02526 9.57817 156.657 -56.3775 44.2731 172.472 -56.0171 38.9472 180.029 48.9331 41.0933 194.161 51.4742 5.62593 200.51 33.7976 11.6351 91.8209 14.9111 
171.904 170.136 168.544 145.487 150.329 179.282 163.469 159.404 85.0093 83.4361 -14.0636 127.017 5.81006 10.0644 157.253 -56.3029 44.9952 172.775 -55.6476 39.1321 180.336 49.6187 41.1192 194.539 51.4586 5.88034 200.777 33.9729 11.8671 91.9787 15.096 
171.922 170.074 168.968 145.998 150.169 179.421 163.536 159.606 85.1897 82.9492 -14.162 127.691 5.59943 10.4708 157.837 -56.228 45.6521 173.096 -55.306 39.2343 180.856 50.1303 41.0783 194.939 51.3395 6.09891 201.106 34.0988 12.2414 92.0719 15.2992 
171.916 170.058 169.21 145.844 149.953 179.601 163.699 159.911 85.0263 82.6372 -14.4089 128.435 5.51889 10.8326 158.356 -56.1106 46.2318 173.337 -55.0978 39.183 181.592 50.6069 40.9887 195.263 51.2804 6.33278 201.523 34.2137 12.7614 92.3759 15.4037 
171.884 170.114 169.42 145.444 149.497 179.741 163.898 160.401 85.0092 82.5083 -14.5638 129.049 5.34063 11.3576 158.97 -56.0923 46.9384 173.654 -55.1409 38.9766 182.405 51.3777 40.8588 195.474 51.2195 6.56955 201.903 34.2764 13.3985 93.154 15.4253 
171.847 170.225 169.529 145.413 148.936 179.878 164.154 160.902 85.2042 82.3928 -14.6323 129.528 5.34258 11.7355 159.564 -55.9972 47.605 173.958 -55.1761 38.6549 183.058 52.4462 40.6512 195.65 51.3744 6.75144 202.254 34.4612 14.0091 94.1525 15.4889 
171.895 170.337 169.614 145.564 148.366 179.886 164.322 161.357 85.4731 82.3242 -14.6728 129.881 5.34997 12.2016 160.042 -55.8471 48.0929 174.132 -55.2289 38.3169 183.504 53.4444 40.4865 195.713 51.5124 6.92745 202.527 34.6362 14.548 95.0831 15.3431 
171.975 170.408 169.629 145.616 147.869 179.631 164.454 161.698 85.5871 82.2739 -14.7401 130.059 5.46902 12.4668 160.329 -55.6759 48.3997 174.203 -55.2764 38.0001 183.846 54.1804 40.3157 195.729 51.635 7.02486 202.711 34.7986 14.9985 95.8048 15.2313 
172.056 170.532 169.634 145.626 147.439 179.419 164.639 161.956 85.7323 82.2687 -14.7501 130.139 5.64538 12.597 160.545 -55.5134 48.5819 174.196 -55.2672 37.6768 184.079 54.8871 40.1102 195.717 51.863 7.03055 202.825 35.0257 15.3452 96.387 15.1568 
172.049 170.667 169.595 145.471 147.139 179.339 164.802 162.136 85.6913 82.2636 -14.8344 130.106 5.8828 12.5426 160.657 -55.3553 48.6116 174.132 -55.2524 37.3671 184.176 55.3505 39.8921 195.631 52.1285 6.98484 202.847 35.2574 15.5461 96.7861 15.1182 
171.966 170.801 169.519 145.383 146.995 179.436 164.944 162.166 85.8085 82.4324 -14.9436 130.168 6.19273 12.3439 160.795 -55.1678 48.5506 174.111 -55.0528 37.13 184.263 55.7976 39.6753 195.618 52.4877 6.87064 202.965 35.5406 15.6477 96.9368 15.1857 
171.844 170.977 169.471 145.197 146.845 179.547 165.083 162.209 85.7769 82.4777 -15.166 130.182 6.35837 12.1119 160.91 -55.0464 48.4664 174.143 -54.8664 36.7521 184.213 56.1709 39.3417 195.493 52.8615 6.66964 202.969 35.8175 15.7114 97.1039 15.2501 
171.673 171.251 169.439 145.221 146.655 179.737 165.284 162.209 85.8026 82.4952 -15.4364 130.199 6.49886 11.8245 161.007 -54.9544 48.2728 174.183 -54.6725 36.3835 184.176 56.5373 39.0176 195.407 53.1477 6.39031 202.981 36.0728 15.7802 97.2352 15.3086 
171.459 171.592 169.382 144.878 146.723 179.967 165.47 162.057 85.5884 82.4237 -15.843 130.19 6.66969 11.183 161.077 -54.8939 47.9177 174.354 -54.3022 36.0741 183.906 56.4475 38.6391 195.273 53.4453 6.0422 202.973 36.3127 15.6156 96.9554 15.565 
171.304 171.694 169.426 144.421 147.303 179.545 165.471 161.785 85.8886 82.5018 -16.4519 130.321 6.88496 10.285 161.265 -54.8792 47.1425 174.76 -53.9341 36.0192 183.252 56.0393 38.3361 195.297 53.851 5.56451 203.112 36.6338 14.9574 96.0044 15.7411 
171.069 171.892 169.556 144.299 148.238 178.997 165.55 161.595 86.1554 82.7213 -17.2247 130.678 7.1984 9.1415 161.614 -54.7921 46.1657 175.249 -53.5289 35.6593 182.569 55.6991 37.9669 195.347 54.4648 5.06972 203.393 36.9732 14.1018 95.3003 15.9031 
170.906 171.987 169.659 144.582 148.925 178.608 165.58 161.344 86.2911 82.8081 -18.0117 130.896 7.71085 8.09814 161.801 -54.5804 45.2895 175.44 -52.9853 35.3179 182.042 55.3152 37.5168 195.468 54.9586 4.55204 203.654 37.2551 13.5305 94.4749 16.0806 
170.75 172.053 169.672 144.3 149.224 178.332 165.576 161.228 85.9118 82.9818 -18.8151 131.081 8.13697 7.29993 161.932 -54.4127 44.7424 175.676 -52.672 34.8601 182.065 54.9154 36.9888 195.508 55.1593 4.10661 203.919 37.3869 13.5096 94.0308 16.2721 
170.513 172.13 169.64 143.664 149.416 178.024 165.544 161.13 85.3497 83.0748 -19.4597 130.958 8.28399 6.7499 162.091 -54.3974 44.3184 176.142 -52.5966 34.4704 182.183 54.4504 36.5323 195.515 55.2402 3.63793 203.922 37.4419 13.5189 93.7875 16.4169 
170.205 172.245 169.635 142.706 149.467 177.758 165.61 161.182 84.8196 83.206 -20.1487 130.879 8.32092 6.28977 162.405 -54.5128 43.9713 176.859 -52.7139 34.0279 182.286 54.0351 36.0169 195.403 55.3001 3.12891 203.923 37.5138 13.626 93.6981 16.5071 
170.062 172.289 169.707 142.165 149.917 177.543 165.522 161.069 84.7588 83.3165 -21.007 130.783 8.18074 5.77439 162.9 -54.7219 43.2247 177.603 -52.8736 33.7673 181.803 53.2385 35.5883 195.219 55.3076 2.57338 203.869 37.5413 13.4715 93.0451 16.369 
170.127 172.181 169.812 141.08 151.231 177.179 165.307 160.828 84.4411 84.0086 -21.8826 130.804 8.3926 4.85619 163.276 -54.7176 41.9922 178.089 -52.8382 33.6728 181.5 52.1261 35.3266 195.193 55.7832 1.96278 204.021 37.7429 13.2613 91.8232 16.1851 
170.223 171.956 169.889 139.764 152.141 176.842 164.971 160.621 83.3907 84.2557 -22.7676 130.804 8.77248 4.0066 163.391 -54.4962 40.9173 178.424 -52.6598 33.5978 181.54 50.7228 34.9635 195.322 56.2275 1.40491 204.21 37.9778 13.6229 90.3271 16.0332 
170.285 171.592 169.981 139.276 152.569 176.679 164.572 160.588 83.4603 84.37 -23.6222 130.951 9.1154 3.54173 163.403 -54.1777 40.1528 178.795 -52.4844 33.4746 181.284 49.9197 34.5672 195.522 56.4765 0.949633 204.496 38.1738 13.9476 89.2128 15.8043 
170.306 171.399 169.994 139.117 152.618 176.569 164.439 160.703 83.4287 84.3863 -24.2989 130.905 9.20155 3.29186 163.477 -54.103 39.8215 179.278 -52.5537 33.0891 181.411 49.8601 34.1529 195.61 56.497 0.584391 204.629 38.2174 13.998 89.2902 15.7448 
170.313 171.252 170.024 139.497 152.427 176.469 164.261 160.853 83.1483 84.3453 -24.9895 130.923 9.04572 3.51424 163.879 -54.0238 39.6677 180.147 -52.6449 32.5111 182.046 50.3517 33.765 195.815 56.4308 0.236163 204.806 38.2465 13.769 90.149 15.501 
170.239 171.105 170.174 140.709 151.914 176.428 164.151 161.094 82.9997 84.1363 -25.585 130.94 8.72532 3.77734 164.461 -54.0704 39.5841 181.099 -52.8091 31.753 182.732 51.305 33.3613 195.95 56.1696 -0.114294 204.95 38.2332 13.4599 91.5823 15.2676 
170.184 170.933 170.423 141.966 151.392 176.365 164.049 161.35 83.1866 84.0428 -26.2469 131.199 8.52626 3.80721 165.231 -54.0649 39.3044 182.06 -52.9426 30.9754 183.325 52.2273 32.9207 196.139 55.9179 -0.516289 205.318 38.2914 13.3452 92.7721 15.0135 
170.152 170.685 170.582 142.581 151.06 176.312 163.712 161.318 83.3247 83.9439 -26.9987 131.555 8.30499 3.80747 165.905 -53.8939 38.7258 182.677 -52.8542 30.291 183.549 52.5129 32.4387 196.212 55.6714 -0.93497 205.669 38.3447 13.3553 93.0876 14.5491 
170.164 170.309 170.659 142.604 150.845 176.208 163.24 161.265 83.3925 83.9627 -27.6931 131.994 8.23825 3.75427 166.398 -53.5704 38.3732 183.272 -52.6548 29.7508 183.863 52.6624 31.9667 196.374 55.5683 -1.32068 206.116 38.4553 13.4787 93.1154 14.2883 
170.166 170.037 170.735 143.032 150.591 176.2 163.056 161.355 83.5793 83.9556 -28.178 132.415 8.2805 3.52935 166.71 -53.2615 38.0622 183.603 -52.4184 28.9641 184.242 53.3222 31.4137 196.602 55.6452 -1.698 206.567 38.6139 13.5337 93.6368 14.1656 
170.193 169.91 170.834 143.384 150.323 176.214 163.02 161.56 83.8408 83.9341 -28.5936 132.846 8.50085 3.19831 166.943 -52.9454 37.7318 183.842 -52.222 28.2793 184.7 54.074 30.9063 196.975 55.8555 -2.07147 207.054 38.8494 13.5962 94.1421 14.1006 
170.143 169.872 170.924 143.738 149.841 176.232 162.963 161.754 83.9948 83.8313 -28.9821 133.163 8.60272 3.06437 167.143 -52.6447 37.4522 184.024 -52.0035 27.4195 185.018 54.8469 30.3586 197.131 55.9383 -2.41855 207.397 39.0295 13.7033 94.8267 13.9183 
170.205 169.756 170.768 143.995 149.218 176.394 162.744 161.744 84.1724 83.6211 -29.2591 133.388 8.61546 2.98784 167.456 -52.3887 37.1235 184.45 -51.917 26.8416 185.243 55.3547 29.969 197.289 55.8703 -2.75465 207.685 39.2132 13.85 95.2536 13.687 
170.321 169.488 170.816 144.205 149.141 176.363 162.369 161.576 84.4064 83.3609 -29.4454 133.395 8.80553 2.70954 167.685 -51.9925 36.7583 184.9 -51.5153 26.4938 185.013 55.4613 29.6072 197.41 56.0458 -3.10441 207.859 39.5055 13.6845 95.0222 13.6472 
170.324 169.224 170.778 144.154 148.858 176.325 162.028 161.494 84.4003 83.1586 -29.5005 133.505 8.9478 2.51205 167.886 -51.6009 36.4533 185.339 -51.1622 26.153 185.065 55.5884 29.2909 197.556 56.1711 -3.41883 208.09 39.8006 13.6721 94.8501 13.5821 
170.4 168.843 170.867 144.89 149.019 176.293 161.567 161.27 84.7729 82.8327 -29.4677 133.418 9.13216 2.29304 167.772 -51.1684 36.0351 185.411 -50.7043 25.894 184.666 55.7124 29.0718 197.707 56.3745 -3.70459 208.146 40.0545 13.2984 94.4949 13.4837 
170.49 168.537 170.976 145.733 149.179 176.245 161.251 161.11 85.1639 82.5716 -29.2976 133.28 9.40123 2.0775 167.469 -50.8024 35.7518 185.256 -50.2547 25.8515 184.324 55.8404 28.9226 197.89 56.6462 -3.9384 208.144 40.3019 13.0112 94.0105 13.4979 
170.578 168.277 171.146 146.313 149.349 176.213 161.034 160.946 85.9069 82.4476 -29.0275 133.26 9.69635 1.85821 167.272 -50.4634 35.5327 185.145 -49.7653 25.8667 183.919 56.1903 28.9301 198.099 56.9564 -4.10597 208.203 40.6011 12.6107 93.6321 13.5626 
170.686 168.107 171.221 146.783 149.412 176.271 160.915 160.722 86.4536 82.262 -28.6857 133.209 10.0521 1.5658 167.014 -50.1652 35.3651 184.919 -49.3143 25.803 183.649 56.5677 28.8942 198.309 57.2227 -4.26482 208.245 40.8821 12.2994 93.3708 13.7045 
170.888 167.876 171.271 146.782 149.713 176.388 160.8 160.598 86.8769 82.2666 -28.4799 133.195 10.3554 1.26456 166.61 -49.969 35.2169 184.561 -48.9718 25.8634 183.348 56.7609 28.8771 198.401 57.6108 -4.40126 208.247 41.1466 12.0335 92.9232 13.8416 
171.035 167.676 171.238 147.271 149.666 176.514 160.663 160.421 87.6147 82.0834 -28.1832 133.102 10.7344 1.25323 166.132 -49.5198 35.2521 184.25 -48.3024 25.8155 182.928 57.5016 28.8586 198.51 58.1094 -4.55396 208.148 41.6389 11.7047 92.6845 13.952 
171.136 167.581 170.996 147.236 149.534 176.675 160.588 160.251 87.7947 81.9952 -28.0666 133.125 10.854 1.25093 165.936 -49.3595 35.3512 183.996 -48.0038 25.9066 182.712 57.6291 28.8903 198.45 58.2726 -4.57503 208.076 41.8239 11.6544 92.3651 14.0282 
171.24 167.388 170.841 147.167 149.596 176.739 160.443 160.069 87.888 82.0477 -28.0737 133.161 11.0619 1.2517 165.756 -49.0832 35.3853 183.733 -47.5875 25.9631 182.523 57.8252 28.8848 198.355 58.6427 -4.63638 208.024 42.099 11.5928 92.0253 14.0479 
171.386 167.078 170.643 146.963 149.704 176.806 160.206 159.873 87.7659 82.119 -28.0304 132.973 11.3657 1.33483 165.322 -48.728 35.3588 183.273 -47.2 26.1545 182.345 57.9118 28.9158 198.164 59.0543 -4.65348 207.836 42.3705 11.6403 91.6353 13.9721 
171.552 166.729 170.433 146.52 149.735 176.862 159.901 159.683 87.3581 82.1208 -28.0746 132.8 11.6965 1.35069 164.939 -48.3027 35.3222 182.832 -46.7737 26.37 182.267 57.8381 28.8684 197.943 59.4696 -4.71902 207.643 42.6989 11.8656 91.0589 13.9143 
171.691 166.409 170.325 146.261 149.64 176.919 159.677 159.643 87.1222 82.1313 -28.061 132.746 12.0144 1.31696 164.594 -47.8731 35.3061 182.463 -46.3777 26.5495 182.15 57.9243 28.8048 197.68 59.8425 -4.78672 207.454 43.0946 12.1375 90.6064 13.8991 
171.75 166.201 170.361 145.825 149.52 176.959 159.551 159.772 86.5029 82.0424 -28.0383 132.494 12.2592 1.30409 164.221 -47.5166 35.4303 182.108 -46.0457 26.5959 182.147 58.051 28.7054 197.321 60.1909 -4.83842 207.083 43.4661 12.4453 90.435 13.9787 
171.766 166.191 170.688 145.42 149.356 176.927 159.639 160.069 85.9368 82.024 -28.1278 132.259 12.5415 1.07394 163.906 -47.2801 35.5375 181.781 -45.7828 26.527 182.18 58.3528 28.6131 196.952 60.5118 -4.9193 206.689 43.8582 12.6776 90.5061 14.2024 
171.734 166.221 171.097 144.839 149.026 176.913 159.782 160.526 85.3741 81.9966 -28.2112 131.856 12.7237 1.00151 163.536 -47.0801 35.7847 181.407 -45.5901 26.2946 182.225 58.9716 28.4768 196.406 60.7731 -4.95238 206.158 44.2125 12.9955 91.0547 14.4004 
171.805 166.273 171.548 144.317 148.746 176.958 159.953 160.969 85.0398 81.9597 -28.4371 131.389 12.941 1.02004 163.171 -46.9208 35.9145 181.045 -45.4664 26.3152 181.991 59.3473 28.4094 195.83 61.0601 -4.96228 205.572 44.5625 13.2998 91.3 14.4581 
171.876 166.35 172.242 143.85 148.469 177.034 160.16 161.683 84.9393 82.0199 -28.7194 130.838 13.112 1.09753 162.68 -46.8218 35.9661 180.533 -45.5892 26.312 181.552 59.8147 28.2967 195.071 61.3368 -4.98148 204.89 44.8537 13.645 91.7362 14.3562 
171.934 166.393 173.81 143.101 148.233 177.07 160.371 162.596 84.5285 82.033 -29.0169 130.269 13.4996 0.933688 162.293 -46.6526 35.8329 180.418 -45.791 26.4499 181.145 59.9388 28.2854 194.362 61.7029 -5.03093 204.29 45.2527 13.9126 91.9921 14.3118 
171.981 166.409 175.836 142.332 148.15 177.128 160.56 163.852 84.05 82.0647 -29.3251 129.639 13.9547 0.796356 161.739 -46.4579 35.6564 180.425 -46.2026 26.5954 180.725 60.0297 28.2681 193.65 62.1319 -5.06704 203.656 45.649 14.1737 92.4361 14.2279 
171.936 166.534 177.092 142.195 148.01 177.107 160.802 164.809 83.8206 82.0693 -29.5535 128.924 14.414 0.612556 161.285 -46.1997 35.5076 180.416 -46.3393 26.5308 180.145 60.5278 28.2149 192.862 62.5834 -5.14161 202.92 46.144 14.2971 93.1233 14.2453 
171.939 166.66 177.314 142.206 148.016 177.092 161.054 165.415 83.8167 82.1981 -29.896 128.13 14.9396 0.245098 160.734 -45.9641 35.2201 179.956 -46.3772 26.3165 179.376 61.0874 28.0521 191.96 63.0347 -5.27145 202.145 46.5711 14.3631 93.7186 14.2452 
171.94 166.751 176.902 142.391 147.858 177.124 161.214 165.781 83.9783 82.415 -30.2402 127.279 15.3275 0.070118 160.01 -45.7894 34.9938 179.236 -46.3751 26.0069 178.468 61.7428 27.9175 190.865 63.2887 -5.38129 201.288 46.8799 14.4221 94.3812 14.153 
171.985 166.83 175.31 142.739 147.711 177.174 161.443 166.366 84.6948 82.8841 -31.1593 125.835 16.0162 -0.204651 158.62 -45.4116 34.7291 177.927 -46.241 25.456 176.67 63.1704 27.5593 188.901 63.9722 -5.66174 199.733 47.5944 14.5626 95.4174 14.0588 
171.989 166.84 173.528 142.99 147.963 177.028 161.643 166.79 85.3812 83.3679 -32.0915 124.928 16.359 -0.491442 157.798 -45.4737 34.5623 177.292 -46.502 25.1264 175.403 63.7723 27.3401 187.677 64.2824 -5.76079 198.913 47.7591 14.5359 96.1179 14.0872 
172.105 166.796 172.445 142.278 148.412 176.817 161.718 167.012 85.1171 83.5136 -33.1879 123.959 16.7716 -0.84241 156.93 -45.3479 34.265 176.645 -46.4553 24.9876 174.39 63.6855 27.05 186.641 64.823 -5.92557 198.058 48.0476 14.5365 96.0416 14.12 
172.089 166.847 172.071 141.863 148.852 176.565 161.932 167.427 85.2541 83.7882 -34.1081 123.035 16.9477 -1.12772 156.241 -45.4063 34.0399 176.168 -46.5375 24.8424 173.2 63.6913 26.7507 185.533 65.2759 -6.10171 197.189 48.2332 14.5301 96.1057 14.1653 
172.004 166.918 172.158 141.465 149.327 176.275 162.198 167.949 85.1885 84.0303 -35.0081 121.78 17.3053 -1.35193 155.215 -45.392 33.7165 175.553 -46.6261 24.8042 172.009 63.6317 26.5185 184.372 65.7396 -6.25653 196.122 48.3988 14.5627 96.2548 14.1857 
171.907 167.163 172.945 141.385 149.749 176.002 162.618 168.649 85.0521 84.2794 -35.8931 120.627 17.683 -1.60184 154.176 -45.4134 33.1225 175.035 -46.8174 24.4574 171.052 63.9069 26.2082 183.3 66.1972 -6.50396 195.139 48.5887 14.5278 96.9385 14.0762 
171.781 167.441 174.429 141.512 150.109 175.717 163.049 169.397 84.7374 84.4296 -36.3384 119.348 18.1381 -1.82421 152.975 -45.297 32.5085 174.573 -46.9797 24.1325 170.31 64.3491 25.9737 182.373 66.7177 -6.74295 194.129 48.8701 14.4655 97.8183 14.021 
171.836 167.832 176.053 141.713 150.44 175.581 163.534 169.996 84.476 84.4719 -36.9366 118.451 18.5804 -2.335 152.099 -45.1482 31.7146 174.216 -47.0435 23.8456 169.591 64.7821 25.777 181.57 67.312 -7.04168 193.299 49.3558 14.35 98.3661 13.9668 
171.936 168.21 177.176 141.884 150.451 175.587 163.921 170.384 84.4111 84.5033 -37.5398 117.822 18.8497 -2.8368 151.369 -45.0606 30.9999 173.83 -47.079 23.5583 168.867 65.2183 25.5668 180.732 67.6718 -7.37103 192.567 49.7962 14.3365 98.763 13.9052 
172.152 168.414 178.26 141.613 150.749 175.546 164.142 170.65 84.0554 84.6086 -38.2732 117.156 19.1667 -3.43553 150.505 -44.939 30.2218 173.247 -47.1073 23.3996 168.178 65.2323 25.3493 179.903 68.0904 -7.66243 191.85 50.1417 14.3833 98.7769 13.8583 
172.297 168.501 178.994 141.848 151.036 175.474 164.317 170.961 84.4504 84.9585 -39.0282 116.624 19.6481 -4.04047 149.565 -44.7283 29.4271 172.349 -47.2491 23.1456 167.481 65.7606 25.0868 179.178 68.4983 -7.89799 191.337 50.3983 14.4148 99.1313 13.7122 
