159.486 171.611 180 153.91 137.648 174.398 160.971 179.985 76.0451 63.0341 146.589 198.288 -72.2914 200.664 236.02 -107.35 237.332 251.159 -94.2981 193.598 212.955 1.74098 208.493 226.609 1.75945 178.223 244.539 -11.2792 21.0819 108.068 15.523 
159.255 171.985 180 154.22 136.746 174.569 160.891 179.984 76.1728 63.496 146.445 198.569 -72.6722 200.472 236.016 -107.333 236.929 251.556 -94.7406 192.937 213.247 1.60773 208.085 226.442 2.05506 178.026 244.731 -11.5378 20.1263 108.564 15.397 
159.518 172.532 180 154.376 135.527 174.965 161.193 179.983 76.4447 63.4146 146.296 198.439 -72.8609 200.383 235.685 -107.161 236.5 251.459 -94.8169 192.295 213.491 1.81892 207.814 226.598 2.30082 177.745 244.833 -11.7394 19.758 108.997 15.2252 
160.099 173.004 180 154.392 135.693 175.396 161.476 179.982 76.8141 63.833 146.145 198.248 -72.8485 200.051 235.166 -106.955 235.877 251.084 -94.7667 191.582 213.679 2.16237 207.217 226.468 2.65344 177.446 244.933 -11.8593 19.2744 109.403 15.1221 
160.838 173.589 180 154.583 136.393 175.781 161.666 179.981 77.2336 64.728 145.95 198.317 -73.013 199.636 234.724 -106.877 235.174 250.39 -94.7938 190.75 213.794 2.37483 206.397 226.035 2.84897 177.212 245.067 -12.0636 18.8241 109.662 14.9286 
161.278 174.29 180 154.904 136.784 176.015 161.76 179.981 77.7457 65.4789 145.61 198.281 -73.0743 199.053 234.226 -106.795 234.591 249.49 -94.6909 189.991 213.836 2.65476 205.678 225.693 2.8902 176.934 245.239 -12.1962 18.7909 109.606 14.8921 
161.643 174.807 180 155.411 136.84 176.228 161.808 179.98 78.2634 65.9473 145.336 198.126 -73.1754 198.642 233.813 -106.678 234.368 248.685 -94.4941 189.28 213.756 3.0366 204.986 225.369 2.86203 176.559 245.297 -12.2992 19.0718 109.553 14.9344 
162.138 175.425 180 156.048 136.979 176.553 161.912 179.98 78.7627 66.465 145.258 198.05 -73.1142 198.162 233.488 -106.565 233.986 248.19 -94.2104 188.661 213.769 3.43127 204.383 225.211 2.85231 176.175 245.453 -12.3367 19.3797 109.54 15.0369 
162.891 175.997 180 156.829 137.131 177.006 161.924 179.98 79.3812 66.9135 145.292 197.965 -73.0947 197.661 232.973 -106.565 233.491 247.813 -94.0916 188.028 213.676 3.83607 203.843 225.028 2.73191 175.815 245.525 -12.4286 19.8444 109.715 15.1752 
164.286 176.036 180 157.601 137.008 177.589 161.984 179.98 80.0498 67.0882 145.379 198.143 -73.1712 197.418 232.94 -106.473 233.081 247.613 -93.8021 187.38 213.579 4.23158 203.467 224.997 2.5226 175.437 245.639 -12.4761 20.4957 109.881 15.1014 
165.585 175.974 180 158.159 136.755 178.191 161.94 179.978 80.6387 66.9398 145.627 198.355 -73.2272 197.08 232.905 -106.535 232.28 247.853 -94.0952 186.964 213.443 4.41986 203.242 225.055 2.25671 175.131 245.77 -12.5416 20.941 110.151 14.8867 
167.165 175.758 180 158.666 136.635 178.942 162.326 179.979 81.1874 66.9138 145.995 198.605 -73.312 197.145 233.175 -106.621 231.96 247.863 -94.061 186.715 213.283 4.56903 203.133 225.219 2.05934 174.801 245.872 -12.5992 21.3347 110.027 14.5649 
168.689 175.749 180 159.059 136.727 179.646 162.605 179.979 81.5814 67.1479 146.399 198.914 -73.4069 196.86 233.304 -106.837 231.385 247.68 -94.3124 186.462 213.147 4.57613 202.885 225.178 1.8785 174.523 245.943 -12.7176 21.4575 109.865 14.2767 
169.986 175.513 180 159.382 137.192 179.867 162.749 179.981 81.8449 67.6281 146.585 199.093 -73.4789 196.651 233.426 -106.897 232.009 248.053 -93.5558 186.23 212.969 4.59119 202.47 225.044 1.88808 174.156 245.893 -12.7904 21.3691 109.927 15.0633 
171.055 174.926 180 159.503 137.477 179.575 163.01 179.979 82.0561 68.0199 146.866 199.48 -73.6136 196.573 234.207 -107.11 228.808 249.698 -95.9623 186.373 212.843 4.36659 202.294 225.085 1.77856 173.867 245.981 -12.8667 21.1632 110.786 12.966 
171.663 174.349 177.557 159.468 138.109 179.399 162.997 179.181 82.2051 68.8002 146.885 199.886 -73.896 196.453 234.889 -107.403 228.977 249.401 -96.0309 186.417 212.549 3.88824 201.796 224.786 1.66419 173.578 245.981 -13.0262 20.6631 109.878 12.7425 
172.025 173.864 175.592 159.555 138.722 179.227 162.81 178.522 82.1958 69.265 146.807 200.243 -74.1095 196.288 235.377 -107.65 229.105 249.302 -96.288 186.402 212.434 3.49219 201.408 224.6 1.5625 173.396 246.022 -13.1921 20.3015 109.392 12.6643 
172.603 174.069 175.074 159.827 139.068 178.895 162.756 178.348 81.9947 69.097 146.642 200.427 -74.2055 195.562 235.451 -108.058 228.56 249.299 -96.6727 186.189 212.584 3.13009 201.053 224.784 1.33069 173.174 246.162 -13.4044 20.1754 109.252 12.8038 
172.889 174.107 174.446 159.969 139.126 178.643 162.523 178.137 81.8994 68.9853 146.425 200.495 -74.3371 195.013 235.432 -108.375 228.133 249.236 -97.0647 185.904 212.59 2.78653 200.624 224.766 1.04624 172.956 246.216 -13.6247 20.1195 109.172 12.8812 
173.163 173.895 173.469 160.156 139.257 178.787 162.184 177.811 81.8247 68.9722 145.96 200.685 -74.605 194.84 235.517 -108.416 227.77 249.051 -96.9143 185.682 212.626 2.5967 200.301 224.889 0.960141 172.694 246.269 -13.7157 20.0752 108.848 12.757 
173.118 173.838 173.256 160.206 139.092 178.969 161.864 177.74 81.6872 68.6871 145.623 200.776 -74.743 194.795 235.649 -108.424 227.488 249.216 -96.8778 185.626 212.778 2.46267 200.207 225.215 0.873878 172.507 246.391 -13.7404 20.14 108.657 12.6472 
173.483 173.049 168.683 160.147 138.612 178.63 161.156 176.212 81.7993 67.0347 145.395 200.933 -75.124 194.845 236.393 -108.82 227.286 249.758 -97.1685 185.604 213.037 1.96119 200.383 226.356 0.487106 172.242 246.776 -14.0909 20.0792 108.335 12.4364 
173.31 172.921 170.043 160.142 138.182 178.584 161.063 176.665 81.7028 66.0177 145.269 200.889 -75.1349 194.863 236.452 -108.998 227.15 250.484 -97.5431 185.62 213.31 1.83318 200.606 227.089 0.205503 172.145 246.995 -14.2068 20.4043 108.702 12.4952 
172.975 172.481 170.066 160.146 136.412 178.698 160.794 176.672 81.6622 64.6749 145.041 200.848 -75.2336 194.778 236.792 -109.295 227.048 251.195 -97.9592 185.5 213.427 1.62885 201.045 227.786 -0.321825 172.056 247.131 -14.3562 21.0649 109.125 12.5644 
173.069 172.423 171.45 160.217 136.146 178.55 160.723 177.135 81.6484 64.4146 144.881 201.026 -75.382 194.769 237.246 -109.379 226.95 251.944 -98.1705 185.461 213.584 1.49938 201.158 228.136 -0.529084 171.968 247.299 -14.4401 21.3256 109.44 12.5691 
173.186 172.558 172.884 160.327 135.806 178.365 160.506 177.615 81.6432 64.1436 144.775 201.122 -75.5488 194.617 237.39 -109.506 226.681 252.674 -98.4597 185.27 213.734 1.35224 201.17 228.381 -0.803824 171.856 247.436 -14.5736 21.6165 109.89 12.6971 
173.316 172.527 174.465 160.337 135.426 178.139 160.431 178.144 81.7089 63.9413 144.754 201.135 -75.593 194.492 237.364 -109.664 226.511 253.372 -98.7816 185.01 213.774 1.2194 201.198 228.477 -1.06052 171.769 247.502 -14.7077 21.8391 110.504 12.9264 
173.712 172.747 175.87 160.39 135.39 177.862 160.573 178.615 81.7079 64.0889 144.884 201.257 -75.6515 194.404 237.478 -109.849 226.285 253.774 -99.0788 184.839 213.832 1.08447 201.201 228.446 -1.18672 171.727 247.585 -14.826 21.8324 110.891 12.9433 
174.023 172.887 176.875 160.296 135.378 177.719 160.474 178.952 81.7788 64.0025 144.98 201.354 -75.8004 194.328 237.43 -110.075 226.175 254.077 -99.4001 184.767 213.931 0.96377 201.279 228.55 -1.34185 171.732 247.683 -15.0072 21.8593 111.172 13.0622 
174.273 172.95 177.536 160.158 135.299 177.546 160.392 179.174 81.8348 64.0588 145.096 201.278 -75.9389 194.346 237.282 -110.29 226.082 254.253 -99.7401 184.637 213.929 0.776281 201.268 228.504 -1.54139 171.708 247.699 -15.2126 21.8729 111.399 13.1203 
174.445 173.01 178.332 160.136 135.373 177.563 160.266 179.44 81.7726 64.1844 145.146 201.315 -76.0754 194.395 237.276 -110.373 226.035 254.35 -99.8965 184.654 214.002 0.666887 201.245 228.483 -1.64729 171.692 247.74 -15.3338 21.8933 111.431 13.1019 
174.656 172.824 178.995 160.005 135.606 177.606 159.963 179.663 81.7975 64.3348 145.257 201.574 -76.3235 194.532 237.454 -110.48 226.049 254.679 -100.122 184.752 214.145 0.442777 201.288 228.589 -1.7828 171.761 247.932 -15.4989 21.7806 111.418 13.0856 
174.673 172.805 178.797 159.87 135.738 177.692 159.931 179.596 81.8444 64.7211 145.37 201.798 -76.5987 194.663 237.535 -110.646 226.131 254.729 -100.305 184.836 214.079 0.121177 201.231 228.431 -1.96482 171.783 247.997 -15.6532 21.6185 111.124 13.0388 
174.559 172.729 178.887 159.835 136.077 177.902 159.97 179.626 81.8073 65.0012 145.456 202.117 -76.8611 194.829 237.854 -110.834 226.377 254.902 -100.464 185.037 214.208 -0.0831699 201.223 228.469 -2.04255 171.877 248.168 -15.7871 21.4361 110.939 12.997 
174.396 172.902 179.818 159.871 136.621 178.047 160.228 179.941 81.6953 65.3174 145.621 202.304 -77.0414 194.934 237.875 -111.004 226.522 254.881 -100.536 185.164 214.413 -0.15421 201.211 228.483 -2.05705 171.961 248.277 -15.9239 21.3297 110.878 13.0179 
174.208 173.216 179.999 159.85 137.16 178.163 160.425 179.977 81.602 65.63 145.697 202.281 -77.1369 194.882 237.466 -111.152 226.422 254.304 -100.655 185.089 214.543 -0.219228 201.075 228.367 -2.07216 172.02 248.292 -16.1063 21.1607 110.751 12.9587 
174.003 173.499 180 159.81 137.611 178.361 160.643 179.975 81.3922 66.0557 145.648 202.275 -77.2428 194.744 237.125 -111.228 226.1 253.798 -100.753 184.951 214.678 -0.343144 200.83 228.197 -2.09374 171.97 248.266 -16.2758 20.9704 110.618 12.821 
173.717 173.674 180 159.97 137.478 178.514 160.658 179.978 81.259 66.0201 145.707 202.205 -77.3561 194.633 236.945 -111.305 225.89 253.349 -100.795 184.741 214.749 -0.343154 200.757 228.096 -2.1642 171.906 248.184 -16.392 21.0721 110.578 12.6844 
173.555 173.756 180 160.047 137.119 178.574 160.71 179.981 81.2573 65.9559 145.856 202.207 -77.3927 194.496 236.861 -111.459 225.758 252.611 -100.841 184.633 214.737 -0.377152 200.809 228.011 -2.31127 171.898 248.145 -16.4977 21.2188 110.235 12.4436 
173.42 174.045 180 160.092 137.082 178.6 161.03 179.981 81.2483 66.3401 145.983 202.141 -77.5416 194.379 236.763 -111.659 225.725 251.59 -100.808 184.463 214.489 -0.594647 200.604 227.551 -2.51308 171.825 247.943 -16.6578 21.1982 109.623 12.1737 
173.281 174.245 180 160.171 136.702 178.608 161.16 179.98 81.1006 66.4938 146.036 201.909 -77.5787 194.328 236.567 -111.715 225.802 250.746 -100.661 184.359 214.293 -0.718601 200.468 227.215 -2.65989 171.721 247.693 -16.7448 21.2937 109.148 12.0458 
173.248 174.231 180 160.194 136.34 178.602 161.259 179.981 81.0096 66.4706 146.179 201.74 -77.6825 194.452 236.519 -111.842 226.188 249.91 -100.464 184.387 214.042 -0.859322 200.431 226.974 -2.78144 171.658 247.438 -16.8376 21.3449 108.573 11.97 
173.065 174.056 180 160.216 135.88 178.559 161.174 179.981 81.0433 66.2608 146.368 201.568 -77.7984 194.619 236.429 -111.994 225.995 250.357 -100.762 184.562 213.808 -1.02086 200.556 226.936 -2.98498 171.632 247.256 -16.9552 21.468 108.816 11.9014 
172.928 173.969 180 160.231 135.811 178.38 161.239 179.981 81.03 66.2562 146.618 201.208 -77.7387 194.561 236.047 -112.164 225.635 250.754 -101.113 184.661 213.578 -1.10646 200.611 226.75 -3.10644 171.593 247.011 -17.0573 21.493 109.294 11.9823 
173.094 173.833 180 160.218 135.526 178.093 161.271 179.981 81.1552 66.0334 146.865 200.79 -77.7556 194.663 235.743 -112.354 225.547 250.775 -101.438 184.783 213.236 -1.22954 200.768 226.642 -3.26815 171.573 246.734 -17.2054 21.539 109.466 11.9462 
173.038 173.604 179.208 160.197 135.223 177.87 161.212 179.735 81.2175 65.7879 146.94 200.332 -77.801 194.654 235.296 -112.598 225.843 250.948 -101.627 184.746 212.829 -1.42377 200.827 226.401 -3.47484 171.529 246.376 -17.394 21.5641 109.881 12.3622 
172.812 173.382 179.622 160.172 135.047 177.729 161.248 179.873 81.218 65.7363 146.948 199.865 -77.7738 194.613 234.961 -112.828 226.242 250.52 -101.678 184.741 212.407 -1.60211 200.769 226.025 -3.63212 171.45 245.982 -17.552 21.5203 109.822 12.5751 
172.68 173.301 179.809 160.155 134.904 177.596 161.28 179.936 81.2069 65.5721 146.921 199.491 -77.7431 194.431 234.449 -113.145 226.632 250.025 -101.837 184.775 212.085 -1.77106 200.763 225.751 -3.81819 171.441 245.648 -17.7563 21.4508 109.809 12.917 
172.554 173.129 179.602 159.99 134.875 177.456 161.282 179.866 81.2345 65.5296 146.725 199.006 -77.7592 194.129 233.907 -113.463 226.796 249.544 -102.132 184.699 211.643 -2.00727 200.626 225.324 -4.00812 171.346 245.227 -17.9944 21.2919 109.847 13.1946 
172.609 172.988 179.699 159.916 135.091 177.359 161.326 179.899 81.296 65.2953 146.484 198.524 -77.8469 193.965 233.52 -113.8 227.134 249.222 -102.339 184.644 211.257 -2.15317 200.553 225.02 -4.1229 171.305 244.827 -18.2482 21.142 110.065 13.5172 
172.658 172.688 178.739 159.7 135.455 177.321 161.299 179.577 81.3616 64.877 146.229 198.226 -77.9184 193.844 233.509 -114.149 227.42 249.223 -102.598 184.735 211.075 -2.24389 200.562 224.993 -4.15562 171.331 244.604 -18.4694 20.9184 110.358 13.7517 
172.655 172.447 178.314 159.373 135.753 177.354 161.228 179.434 81.5131 64.6293 145.977 198.045 -78.0594 193.822 233.49 -114.385 227.849 249.295 -102.656 184.796 210.832 -2.41467 200.56 224.893 -4.28612 171.393 244.45 -18.6371 20.7973 110.506 14.0748 
172.541 172.124 176.061 158.926 136.683 177.394 161.041 178.677 81.6924 64.4693 145.585 197.894 -78.2998 193.897 233.556 -114.576 228.368 249.436 -102.564 184.878 210.58 -2.6243 200.484 224.747 -4.35398 171.445 244.272 -18.839 20.5251 110.626 14.4219 
171.772 170.619 180 158.883 135.48 176.86 159.372 179.975 81.4812 62.6572 145.585 197.482 -78.4679 193.854 234.257 -115.524 230.445 253.208 -102.317 185.518 209.678 -3.5311 200.954 225.02 -5.48576 171.341 243.796 -18.9645 21.7639 112.02 16.9484 
171.554 169.608 180 159.915 133.327 176.16 158.513 179.978 80.8669 60.5013 145.641 196.949 -78.528 193.696 235.11 -116.371 230.757 256.981 -102.756 186.169 209.008 -4.1881 201.801 225.407 -6.45066 171.185 243.211 -19.0982 23.2689 113.892 18.4086 
171.845 169.033 178.676 161.253 129.042 175.43 158.091 179.543 80.4271 58.0371 145.782 196.675 -78.5493 193.629 236.216 -117.014 230.902 259.921 -103.215 186.787 208.256 -4.88234 202.917 226.098 -7.55379 171.023 242.699 -19.1684 25.277 114.983 19.2318 
172.64 168.717 173.112 162.891 122.272 174.758 157.995 177.603 79.905 55.3478 146.029 196.507 -78.6513 193.621 237.331 -117.612 231.104 261.476 -103.924 187.45 207.74 -5.54352 204.573 227.225 -8.81827 170.952 242.318 -19.3011 28.1541 115.154 19.3288 
173.377 168.618 169.575 164.627 112.619 174.241 158.198 176.398 79.4907 52.8927 146.251 196.397 -78.7013 193.766 238.38 -118.088 231.723 262.817 -103.983 188.026 207.339 -6.05604 206.587 228.678 -10.0346 170.927 242.039 -19.4063 31.9936 115.263 19.6417 
173.792 168.711 166.316 166.285 99.5031 173.873 158.654 174.986 79.1223 51.3783 146.518 196.436 -78.7491 193.84 239.238 -118.507 232.022 263.407 -103.881 188.449 207.089 -6.50244 208.926 230.247 -11.6175 170.951 241.886 -19.5411 37.5575 115.116 19.7054 
174.221 168.891 165.77 167.848 90.0665 173.578 159.054 173.988 78.7078 52.1523 146.707 196.391 -78.7434 193.942 239.907 -118.801 232.4 263.735 -103.715 188.692 206.993 -6.81537 210.716 231.011 -13.1627 170.985 241.812 -19.6263 42.536 115.001 19.7669 
174.719 169.244 165.236 169.133 90.0916 173.235 159.567 172.968 78.1988 57.1732 146.957 196.372 -78.68 194.068 240.3 -119.058 232.768 263.557 -103.596 188.893 207.063 -7.05592 212.168 229.803 -14.0596 171.094 241.797 -19.7068 44.0564 114.752 19.7264 
174.935 169.766 164.748 170.092 90.0973 173.117 159.965 172.039 77.7412 63.4661 147.223 196.512 -78.7048 194.067 240.76 -119.293 232.955 263.387 -103.588 189.064 207.143 -7.3543 213.595 228.26 -15.053 171.18 241.861 -19.7724 45.1361 114.397 19.6317 
175.348 170.272 164.502 170.673 90.086 173.042 160.318 171.464 77.3808 70.6066 147.3 196.528 -78.7322 194.05 241.024 -119.482 233.142 263.239 -103.738 189.183 207.045 -7.80572 215.178 226.586 -16.2129 171.213 241.871 -19.8078 46.2413 113.931 19.5587 
174.396 170.835 161.121 169.755 174.27 174.661 159.989 171.004 77.3425 72.2332 146.542 196.85 -79.0236 193.706 240.274 -119.875 232.281 261.437 -104.487 189.298 207.064 -7.82047 217.699 222.541 -16.8727 171.311 241.804 -19.9978 45.504 113.225 18.8848 
174.068 170.951 161.156 169.501 174.27 174.773 160.397 171.496 77.2983 75.579 146.327 197.005 -79.1926 193.766 240.256 -120.11 232.36 260.916 -104.753 189.176 206.94 -8.24893 216.745 220.766 -17.7128 171.305 241.861 -20.1346 44.1608 112.741 18.6896 
174.494 171.204 161.982 168.955 174.27 174.45 160.853 171.626 76.8678 76.4049 146.195 196.788 -79.2704 194.17 240.183 -120.182 232.319 260.352 -104.996 189.027 206.905 -8.47956 214.763 219.268 -17.921 171.266 241.646 -20.2063 42.1637 112.595 18.1767 
174.871 171.648 162.704 168.055 174.27 174.045 161.14 171.12 76.4033 75.7589 145.932 196.473 -79.3995 194.514 240.032 -120.192 232.349 259.66 -105.141 188.653 206.592 -9.04392 213.204 218.079 -16.9638 171.094 241.226 -20.2738 39.3588 112.198 17.7192 
175.407 172.11 163.268 166.962 174.27 173.733 161.502 170.453 76.0174 73.7149 145.51 196.216 -79.5356 194.913 239.921 -120.088 232.501 258.927 -104.913 188.299 206.171 -9.59911 212.019 217.501 -15.1249 170.874 240.732 -20.2781 36.0678 111.692 17.3573 
175.823 172.522 164.201 165.631 90.0456 173.483 161.785 169.461 75.4072 63.011 144.995 195.895 -79.703 195.092 239.613 -119.985 232.582 258.137 -104.714 188.097 205.79 -10.3967 209.155 223.912 -13.3413 170.657 240.26 -20.2748 34.9513 110.94 17.1434 
176.377 172.934 165.208 164.049 90.0456 173.194 162.154 168.31 74.6656 58.0939 144.449 195.647 -79.82 195.196 239.211 -119.926 232.57 257.052 -104.559 188.078 205.506 -11.3049 207.339 224.84 -12.816 170.428 239.761 -20.318 32.6629 109.804 16.8656 
176.751 173.4 164.529 163.299 106.566 173.489 162.75 167.22 74.2128 57.4728 143.791 195.236 -79.8584 195.102 238.767 -119.952 232.438 256.198 -104.297 188.125 205.088 -12.2219 205.754 223.149 -10.7149 170.352 239.484 -20.46 26.0431 108.878 16.9287 
177.078 173.586 164.752 162.088 118.794 173.142 162.657 166.158 73.7369 57.6868 143.177 194.9 -79.9499 195.038 238.385 -119.793 232.333 255.474 -104.065 188.023 204.701 -13.0887 203.79 221.887 -9.96995 170.069 239 -20.5266 22.1612 107.97 16.8298 
177.415 173.816 165.328 161.133 125.437 172.812 162.688 165.278 73.0798 56.9842 142.597 194.57 -80.0923 194.873 237.885 -119.77 232.092 254.708 -104.104 187.846 204.375 -13.9727 202.436 221.35 -9.81805 169.763 238.47 -20.6264 20.1817 107.153 16.6742 
177.671 174.15 165.568 160.761 129.344 172.575 162.858 164.752 72.6993 56.1256 141.837 194.169 -80.0942 194.525 237.392 -119.709 231.661 254.076 -104.124 187.386 204.013 -14.4597 201.408 221.088 -9.70815 169.397 237.969 -20.6543 19.1416 106.872 16.5593 
177.846 174.319 165.74 160.647 132.918 172.474 162.928 164.534 72.6056 56.1477 140.889 193.745 -80.1986 194.012 236.902 -119.663 231.175 253.47 -104.187 186.667 203.434 -14.8517 200.391 220.365 -9.51873 168.944 237.427 -20.7123 18.0174 106.849 16.5068 
177.848 174.247 166.121 160.599 134.16 172.653 163.162 164.776 72.3705 55.7326 139.76 193.195 -80.3397 193.503 236.501 -119.624 230.828 253.086 -104.28 186.07 202.925 -15.1425 199.917 219.882 -9.38849 168.456 236.888 -20.7267 17.3888 106.914 16.5267 
177.816 174.004 166.323 161.012 133.934 172.837 163.323 165.155 72.5518 55.06 138.67 192.633 -80.5791 192.927 236.259 -119.492 230.471 252.892 -104.179 185.225 202.18 -15.2155 199.521 219.495 -9.24423 167.902 236.301 -20.71 17.1472 107.338 16.6288 
177.656 173.72 166.733 161.106 133.146 173.112 163.525 165.603 72.7563 54.6416 137.574 192.147 -80.8366 192.303 235.907 -119.435 230.121 252.381 -104.06 184.639 201.42 -15.2351 199.379 218.986 -9.10268 167.346 235.724 -20.7154 16.9973 107.403 16.7424 
175.92 173.285 165.19 159.982 137.868 174.961 162.702 164.272 72.4968 51.9567 135.971 191.686 -81.2543 190.562 234.475 -119.721 229.04 250.267 -104.363 183.49 201.357 -13.5685 198.903 219.392 -8.86633 166.743 235.253 -20.7443 18.759 108.553 17.0503 
174.186 172.946 164.766 157.678 137.641 176.59 162.379 164.358 72.5146 48.6097 134.403 191.116 -81.5141 188.725 233.062 -119.902 227.908 248.586 -104.386 182.721 201.095 -12.4366 198.797 220.227 -9.42039 166.049 234.769 -20.772 21.7384 109.108 17.5924 
171.968 173.127 163.868 156.402 124.647 178.826 162.341 165.93 72.0092 42.3579 131.596 189.972 -81.9029 185.296 230.939 -120.359 226.007 246.151 -104.477 181.117 200.552 -11.9212 198.864 222.256 -11.0404 164.574 233.889 -20.9329 28.0208 109.101 18.7659 
169.955 173.292 162.589 158.523 102.556 179.154 162.538 169.081 71.4005 36.4662 129.894 189.238 -82.1804 183.415 230.189 -120.55 225.564 245.825 -104.433 180.036 200.131 -12.1994 199.956 224.75 -12.8251 163.853 233.305 -21.0042 36.4926 109.459 19.9026 
168.337 173.617 161.535 161.716 101.447 177.754 162.863 171.632 70.906 36.0511 128.439 188.723 -82.3424 181.721 229.643 -120.656 224.676 245.77 -104.47 179.041 199.69 -12.464 198.944 224.273 -12.5673 163.12 232.794 -21.0286 35.3571 109.823 20.6416 
167.521 173.793 162.017 164.345 111.139 177.008 163.202 173.897 70.3997 39.4972 127.216 188.101 -82.4929 180.126 229.257 -120.916 223.537 245.893 -104.899 178.443 199.383 -12.9699 197.315 222.143 -11.2225 162.477 232.417 -21.1604 28.566 109.929 21.0896 
167.315 173.738 166.171 166.832 114.47 176.694 163.316 175.332 69.7776 41.5155 126.309 187.497 -82.4922 178.776 228.813 -121.118 222.381 245.661 -105.592 178.016 199.232 -13.5057 195.946 220.972 -10.7996 161.887 232.169 -21.252 25.2345 109.603 21.1623 
167.034 173.66 169.605 169.026 123.05 176.682 163.501 176.498 69.1408 45.2001 125.485 186.796 -82.1722 177.624 228.152 -121.249 221.017 245.246 -106.418 177.579 199.084 -14.0455 194.382 218.896 -10.0216 161.329 231.93 -21.2892 20.8667 109.245 20.9283 
166.88 173.501 173.042 170.867 127.341 176.616 163.487 177.653 68.3228 46.9781 124.538 186.344 -81.9064 176.526 227.737 -121.487 219.701 245.303 -107.247 177.352 199.215 -14.7018 193.257 217.945 -9.86743 160.815 231.824 -21.4175 18.6171 108.98 20.7856 
167.074 173.373 175.014 173.195 128.109 176.846 163.498 178.328 67.8533 47.4904 123.817 186.093 -81.8317 175.52 227.414 -121.793 218.571 245.275 -108.081 177.166 199.185 -15.4047 192.391 217.687 -10.0267 160.311 231.791 -21.6285 17.3206 108.482 20.665 
167.775 173.183 176.482 174.465 128.54 177.205 163.59 178.817 67.3805 47.1223 123.338 185.941 -81.6408 174.929 227.273 -121.965 217.758 245.24 -108.616 177.195 199.464 -15.7007 192.356 217.957 -10.4182 159.874 231.894 -21.7397 17.6386 108.089 20.4394 
168.099 173.129 176.373 173.942 133.252 177.277 163.481 178.77 67.384 47.5063 122.784 185.956 -81.7095 174.501 227.327 -122.04 217.434 245.027 -108.842 176.868 199.528 -15.7194 192.255 217.603 -10.7527 159.411 231.926 -21.8291 18.2499 107.923 20.3379 
