156.083 160.734 154.045 142.845 149.327 167.407 152.073 148.457 86.6363 90.2149 5.51013 149.602 23.0629 57.7214 142.947 -30.3852 93.6797 128.771 -31.772 77.1104 120.172 64.8781 89.3618 122.514 65.4612 82.1128 162.138 57.3997 13.5888 90.4895 13.9434 
156.205 160.628 153.803 142.761 149.214 167.691 152.08 148.357 86.4985 90.1966 5.69193 149.577 23.0551 57.5344 142.911 -30.3842 93.536 128.319 -31.5752 77.0002 120.092 65.0251 89.2234 122.326 65.4645 82.038 162.068 57.4478 13.7194 90.4547 14.1428 
156.377 160.364 153.244 143.233 149.524 168.074 152.647 148.499 86.278 90.3418 5.65692 149.858 23.2868 57.0531 143.053 -30.3389 93.319 127.925 -31.3416 76.5937 120.164 65.353 88.8621 122.059 65.7065 81.8882 162.089 57.4538 13.6051 90.9957 14.4779 
156.509 160.307 153.209 143.144 149.506 168.34 152.525 148.442 86.1848 90.3635 5.8336 149.794 23.2547 57.0438 142.996 -30.3077 93.289 127.603 -31.1812 76.466 120.049 65.5041 88.7182 121.847 65.739 81.8417 161.955 57.5326 13.7215 91.0374 14.5791 
156.626 160.188 153.168 143.097 149.424 168.556 152.344 148.284 85.989 90.3506 5.88223 149.793 23.2466 56.9646 142.718 -30.2246 93.0343 126.949 -30.9045 76.2572 119.842 65.6829 88.4796 121.46 65.7582 81.7542 161.677 57.6134 13.8796 90.9389 14.6237 
156.603 159.985 153.086 143.057 149.337 168.651 152.08 148.079 85.784 90.3744 5.80088 149.883 23.2434 56.8857 142.383 -30.105 92.7501 126.231 -30.6179 75.9238 119.499 65.8306 88.1181 120.887 65.7732 81.6234 161.26 57.6998 14.0168 90.859 14.6466 
156.456 159.748 153.07 142.99 149.277 168.65 151.783 147.846 85.5691 90.3955 5.59598 150.127 23.29 56.8667 141.953 -29.9433 92.4138 125.403 -30.2702 75.5062 119.07 65.9329 87.6819 120.211 65.822 81.4855 160.757 57.8166 14.0918 90.6773 14.5941 
156.253 159.49 153.108 142.982 149.292 168.593 151.431 147.629 85.2875 90.3093 5.32636 150.372 23.3246 56.96 141.381 -29.7451 92.13 124.544 -29.9095 75.107 118.62 66.0159 87.2916 119.527 65.9208 81.3613 160.182 57.9421 14.107 90.5039 14.4523 
155.989 159.25 153.175 143.023 149.393 168.522 151.008 147.448 84.9591 90.1463 5.09022 150.594 23.2955 57.1024 140.717 -29.5297 91.906 123.723 -29.5987 74.757 118.171 66.0526 86.9629 118.857 66.0404 81.2716 159.575 58.039 14.0682 90.3663 14.2595 
155.704 158.946 153.223 143.113 149.611 168.39 150.613 147.351 84.6008 89.9881 4.7809 150.923 23.3029 57.327 140.17 -29.3241 91.8654 123.147 -29.3766 74.449 117.723 66.0127 86.6779 118.199 66.1797 81.1942 159.005 58.1672 13.9527 90.3028 14.066 
155.526 158.691 153.285 143.313 149.765 168.328 150.408 147.389 84.2063 89.5882 4.64677 151.155 23.2376 57.6302 139.647 -29.119 91.9103 122.652 -29.2089 74.2051 117.214 65.9066 86.5325 117.467 66.1897 81.0706 158.458 58.3077 13.817 90.1922 13.7985 
155.404 158.475 153.423 143.522 149.91 168.35 150.259 147.565 83.8254 89.1628 4.6246 151.246 23.2979 57.7815 139.146 -28.8581 92.0245 122.102 -28.9763 74.0357 116.745 65.9136 86.45 116.86 66.3028 80.961 157.974 58.5108 13.7074 90.1324 13.727 
155.329 158.293 153.634 143.739 150 168.433 150.141 147.748 83.4926 88.7636 4.68317 151.167 23.2959 57.9465 138.532 -28.6189 92.1356 121.493 -28.7588 73.8771 116.29 65.9925 86.3783 116.283 66.4324 80.8645 157.483 58.6971 13.6466 90.1323 13.6261 
155.268 158.176 153.886 143.94 150.1 168.507 150.033 147.979 83.161 88.4009 4.73719 151.117 23.3209 58.0906 137.913 -28.3765 92.2715 120.912 -28.5503 73.7671 115.852 66.0731 86.332 115.748 66.5821 80.7977 157.007 58.8885 13.5924 90.1366 13.5501 
155.133 158.144 154.353 143.971 150.232 168.605 149.729 148.253 82.9271 88.2669 4.71192 151.132 23.4217 58.1525 137.179 -28.0723 92.3107 120.303 -28.3525 73.6615 115.572 66.3847 86.2597 115.371 66.973 80.851 156.555 59.0881 13.5487 90.3566 13.4635 
154.999 158.302 154.941 143.923 150.265 168.722 149.581 148.713 82.7651 88.183 4.65594 151.084 23.6364 57.9924 136.273 -27.6773 92.2145 119.511 -28.1011 73.4932 115.261 66.8263 86.1255 114.962 67.4491 80.8636 156.075 59.3032 13.5178 90.6208 13.4382 
154.86 158.564 155.661 143.857 150.205 168.846 149.594 149.233 82.755 88.1739 4.60138 151.022 23.8467 57.8459 135.261 -27.2388 92.0943 118.671 -27.8302 73.2594 114.917 67.4261 85.9359 114.52 67.9856 80.8581 155.555 59.5321 13.5418 91.0196 13.3548 
154.759 158.826 156.399 143.848 150.153 168.931 149.632 149.747 82.7414 88.0904 4.45854 151.031 24.0226 57.7232 134.216 -26.8094 91.9096 117.864 -27.5898 73.0407 114.619 68.0121 85.7774 114.132 68.5095 80.8379 155.051 59.7258 13.5458 91.4049 13.1821 
154.607 159.014 157.017 143.852 149.957 168.924 149.73 150.233 82.7745 88.0679 4.12865 151.057 24.2819 57.4147 133.023 -26.3406 91.4986 116.778 -27.2645 72.6234 114.141 68.5595 85.4029 113.533 68.9569 80.7087 154.421 59.8967 13.5879 91.6612 13.0348 
154.425 159.036 157.536 143.993 149.705 168.916 149.686 150.443 82.6448 87.9493 3.79875 151.153 24.4248 57.1796 131.752 -25.8655 90.9675 115.493 -26.8055 72.148 113.629 68.9542 84.9656 112.828 69.249 80.5262 153.757 60.0463 13.6749 91.6133 12.8032 
154.403 158.903 157.872 144.315 149.587 168.98 149.574 150.544 82.4085 87.8219 3.49985 151.24 24.6753 56.8856 130.711 -25.387 90.4407 114.26 -26.2624 71.6185 113.162 69.286 84.4633 112.125 69.5238 80.3117 153.202 60.2927 13.7483 91.4177 12.6829 
154.594 158.707 158.222 144.81 149.586 169.158 149.53 150.663 82.081 87.6345 3.31398 151.23 24.9871 56.6283 129.969 -24.9578 89.9715 113.231 -25.7151 71.1173 112.842 69.5892 84.0054 111.551 69.8286 80.1163 152.837 60.6287 13.7772 91.1577 12.6116 
154.871 158.564 158.697 145.424 149.485 169.388 149.716 150.726 81.7755 87.2819 3.21075 151.014 25.2159 56.3543 129.405 -24.6539 89.4242 112.243 -25.2077 70.5102 112.445 69.7938 83.4804 110.919 69.9674 79.7599 152.498 60.9488 13.8243 90.8071 12.5162 
155.268 158.237 158.82 145.925 149.349 169.515 149.864 150.564 81.4298 86.9291 2.98022 150.853 25.2919 56.1236 128.935 -24.5247 88.8401 111.344 -24.8025 69.8249 112 69.7473 82.8956 110.214 69.9362 79.3354 152.119 61.1691 13.7972 90.3354 12.3899 
155.662 157.945 158.84 146.525 149.423 169.681 149.847 150.374 81.0987 86.6127 2.70592 150.57 25.2447 55.8914 128.465 -24.4459 88.3442 110.622 -24.5156 69.175 111.63 69.6984 82.3173 109.638 69.9321 78.8728 151.744 61.281 13.7482 90.0986 12.2761 
155.964 157.621 158.935 147.127 149.63 169.742 149.587 150.116 80.7886 86.3056 2.32076 150.307 25.1666 55.7173 127.989 -24.3242 87.9443 110.062 -24.2583 68.6276 111.353 69.7072 81.8153 109.222 69.9957 78.3971 151.415 61.36 13.7046 89.993 12.1306 
156.114 157.347 159.168 147.597 149.869 169.783 149.283 149.909 80.5043 86.0135 1.83709 150.133 25.132 55.4198 127.331 -24.1022 87.4573 109.388 -23.9194 68.1182 111.135 69.8247 81.3227 108.919 70.1741 77.8817 151.097 61.4058 13.6547 89.9308 11.9935 
156.236 157.053 159.426 148.028 150.185 169.841 148.956 149.679 80.1792 85.7348 1.32943 150.176 25.2315 55.0109 126.703 -23.8125 86.858 108.643 -23.5056 67.7174 111.074 70.061 80.9315 108.762 70.4675 77.4035 150.886 61.4692 13.5872 89.8608 11.9045 
156.394 156.834 159.627 148.358 150.512 169.932 148.79 149.472 79.862 85.5144 0.77012 150.395 25.4599 54.4082 126.179 -23.529 86.0614 107.912 -23.1032 67.3529 111.104 70.3397 80.5761 108.69 70.8192 76.9334 150.761 61.5443 13.4716 89.7469 11.861 
156.479 156.717 159.784 148.684 150.879 169.989 148.714 149.382 79.6225 85.3591 0.280432 150.608 25.8215 53.8576 125.835 -23.2342 85.4408 107.336 -22.686 67.1089 111.303 70.7896 80.3124 108.838 71.2982 76.5502 150.808 61.6853 13.4098 89.7889 11.9164 
156.483 156.196 159.632 148.92 151.199 170.024 148.815 149.476 79.3169 85.5473 -0.742799 150.864 26.316 52.8982 125.776 -23.2026 84.6265 106.847 -22.4622 66.5095 111.415 71.148 79.5832 108.809 71.8357 75.8992 150.856 61.8664 13.3099 89.8574 12.2496 
156.465 156.156 159.57 148.746 150.964 169.96 149.357 149.668 79.2932 85.6897 -0.989568 151.075 26.3945 52.5533 125.881 -23.4637 84.4031 106.482 -22.4599 66.3234 111.408 71.2247 79.3015 108.755 71.8899 75.7014 150.893 61.8458 13.3698 89.8296 12.561 
156.5 156.192 159.24 148.5 150.736 169.881 149.868 149.744 79.294 85.8659 -1.26741 151.282 26.4175 52.1979 126.158 -23.756 84.1822 106.382 -22.5101 66.0068 111.362 71.138 78.9076 108.673 71.8342 75.4008 150.959 61.8458 13.3788 89.7274 12.8458 
156.574 156.27 158.991 148.273 150.568 169.82 150.371 149.857 79.3071 86.0255 -1.44553 151.367 26.3746 51.8823 126.336 -24.0786 84.0512 106.228 -22.6206 65.7972 111.239 71.0071 78.6433 108.534 71.7573 75.1783 150.953 61.7985 13.3458 89.622 13.1432 
156.718 156.427 158.777 148.108 150.402 169.854 150.828 149.954 79.2836 86.1873 -1.49922 151.381 26.3058 51.6233 126.532 -24.3952 83.9122 106.104 -22.7335 65.5933 111.161 70.8456 78.3969 108.399 71.6463 75.0148 150.963 61.7468 13.3194 89.508 13.3941 
156.852 156.621 158.614 148.01 150.359 169.893 151.142 149.984 79.3263 86.3281 -1.48638 151.39 26.2166 51.5056 126.745 -24.6496 83.8931 106.1 -22.8298 65.4625 111.146 70.7266 78.2424 108.385 71.5705 74.9195 151.03 61.71 13.2897 89.4345 13.5784 
156.969 156.787 158.408 147.803 150.198 169.939 151.414 149.997 79.3514 86.4719 -1.4458 151.394 26.0755 51.4278 126.983 -24.9218 83.8738 106.142 -22.9587 65.3125 111.077 70.4729 78.0685 108.301 71.3872 74.8365 151.073 61.6391 13.2445 89.27 13.7267 
157.108 156.956 158.216 147.644 150.077 170.039 151.652 150.039 79.344 86.5846 -1.35773 151.377 25.9492 51.4023 127.216 -25.1676 83.9029 106.238 -23.095 65.2322 111.035 70.2254 77.961 108.252 71.1967 74.7811 151.125 61.5776 13.2179 89.1333 13.8393 
157.207 157.136 158.089 147.523 149.985 170.137 151.826 150.046 79.3638 86.6743 -1.22385 151.363 25.8288 51.4051 127.432 -25.3519 83.9603 106.335 -23.1875 65.1856 111.032 70.0458 77.9008 108.256 71.0484 74.7642 151.187 61.5243 13.2064 89.0425 13.9439 
157.383 157.332 157.999 147.343 149.893 170.249 152.051 150.145 79.3918 86.7659 -1.09242 151.289 25.688 51.4028 127.612 -25.5954 84.0199 106.391 -23.3466 65.1346 110.994 69.8316 77.8293 108.225 70.8873 74.7626 151.226 61.4368 13.1739 88.9598 14.0482 
157.473 157.526 157.953 147.227 149.811 170.328 152.224 150.198 79.4156 86.8047 -0.959829 151.312 25.495 51.456 127.798 -25.8168 84.1222 106.525 -23.5033 65.1542 111.029 69.6391 77.8286 108.291 70.7074 74.7862 151.312 61.3256 13.1877 88.9108 14.1116 
157.525 157.693 157.936 147.111 149.621 170.424 152.406 150.286 79.4207 86.8368 -0.77364 151.345 25.3444 51.5122 127.953 -26.0214 84.1879 106.537 -23.615 65.1691 111.078 69.493 77.8276 108.328 70.5267 74.8431 151.394 61.2111 13.2487 88.8722 14.1979 
157.579 157.834 157.866 147.034 149.535 170.495 152.472 150.3 79.4462 86.8793 -0.62781 151.371 25.2506 51.5348 128.155 -26.1683 84.231 106.64 -23.7114 65.1812 111.164 69.3712 77.8306 108.42 70.3819 74.895 151.521 61.1223 13.2919 88.8483 14.2709 
157.575 157.923 157.734 146.918 149.367 170.565 152.447 150.262 79.4215 86.9011 -0.425685 151.364 25.1434 51.587 128.337 -26.2843 84.2744 106.733 -23.7641 65.2407 111.216 69.1816 77.8802 108.473 70.1691 74.9523 151.629 61.035 13.3499 88.7162 14.331 
157.563 158.021 157.648 146.83 149.223 170.626 152.459 150.298 79.39 86.8946 -0.245934 151.445 25.0401 51.6803 128.554 -26.4094 84.3609 106.856 -23.8471 65.297 111.307 69.0286 77.9212 108.562 69.9893 75.0234 151.762 60.9567 13.4178 88.6496 14.3822 
157.562 158.132 157.536 146.729 149.172 170.71 152.452 150.346 79.3834 86.9357 -0.131182 151.561 24.9293 51.6988 128.813 -26.541 84.4325 107.053 -23.973 65.3068 111.375 68.8437 77.9101 108.643 69.8114 75.0361 151.88 60.8689 13.4423 88.6132 14.4536 
157.619 158.37 157.257 146.443 149.123 170.817 152.423 150.427 79.4006 87.0599 0.00582218 151.657 24.7063 51.7264 129.323 -26.8166 84.6295 107.632 -24.288 65.3318 111.466 68.3564 77.8859 108.831 69.4217 75.0016 152.146 60.7032 13.4192 88.4652 14.5339 
157.651 158.411 157.069 146.228 149.164 170.858 152.291 150.427 79.4078 87.1485 0.00609207 151.686 24.6008 51.718 129.49 -26.8786 84.7019 107.984 -24.4153 65.3445 111.457 68.0336 77.8495 108.91 69.2355 74.9414 152.273 60.6264 13.3383 88.282 14.4938 
157.705 158.382 156.922 146.086 149.155 170.94 152.125 150.362 79.4161 87.1998 0.000611305 151.69 24.5085 51.6554 129.638 -26.9031 84.6275 108.288 -24.5127 65.2841 111.466 67.7252 77.762 108.994 69.0393 74.8463 152.401 60.5523 13.2646 88.0558 14.4066 
157.781 158.262 156.621 145.956 149.14 171.041 151.903 150.119 79.4168 87.2352 -0.0660858 151.69 24.3457 51.5368 129.758 -26.9284 84.4292 108.543 -24.549 65.1547 111.487 67.3723 77.6154 109.083 68.802 74.6803 152.527 60.4358 13.1832 87.7448 14.3063 
157.86 158.054 156.247 145.843 149.048 171.145 151.581 149.774 79.3788 87.2552 -0.202646 151.674 24.1701 51.3153 129.773 -26.8981 84.0678 108.701 -24.5227 64.9419 111.485 67.01 77.3912 109.107 68.5322 74.4388 152.604 60.3032 13.1173 87.3778 14.1691 
157.956 157.773 155.939 145.918 148.881 171.251 151.148 149.292 79.2231 87.1858 -0.368302 151.689 23.8867 51.077 129.718 -26.8557 83.5548 108.75 -24.4361 64.6755 111.578 66.7048 77.1278 109.131 68.2255 74.1493 152.663 60.1417 13.1395 87.0214 13.974 
158.026 157.501 155.592 145.991 148.814 171.298 150.593 148.812 79.1184 87.1623 -0.632463 151.662 23.6374 50.7715 129.611 -26.7279 83.06 108.855 -24.3397 64.3448 111.643 66.4162 76.8029 109.159 67.9555 73.8005 152.7 59.9926 13.1356 86.7327 13.77 
158.045 157.189 155.274 146.088 148.716 171.279 150.002 148.281 79.065 87.1448 -1.03955 151.655 23.347 50.4464 129.538 -26.6671 82.5352 108.981 -24.3297 63.9438 111.663 66.1288 76.431 109.132 67.6072 73.3966 152.661 59.7861 13.1846 86.5714 13.5683 
157.903 156.952 155.237 146.338 148.72 171.163 149.438 147.826 78.9853 87.0801 -1.58945 151.86 23.0945 50.1269 129.398 -26.5496 82.0376 109.011 -24.2481 63.5265 111.767 66.0402 76.024 109.182 67.3889 72.9643 152.623 59.597 13.3084 86.6046 13.3892 
157.696 156.757 155.302 146.468 148.695 170.983 148.826 147.403 78.9513 87.0224 -2.30564 152.254 22.8914 49.7291 129.092 -26.3622 81.4453 108.976 -24.1608 63.099 111.893 65.9918 75.6115 109.269 67.2035 72.5098 152.592 59.3774 13.4224 86.6457 13.1354 
157.433 156.634 155.596 146.62 148.831 170.774 148.179 146.983 78.9137 86.9262 -3.03673 152.725 22.8134 49.2982 128.653 -26.049 80.824 108.827 -23.9604 62.7781 112.104 66.0974 75.3028 109.486 67.1979 72.1054 152.62 59.2048 13.5047 86.6782 12.8734 
157.112 156.438 155.805 146.637 148.735 170.527 147.594 146.628 78.866 87.0243 -3.92569 153.381 22.9078 48.7508 128.347 -25.7881 80.102 108.644 -23.7729 62.4813 112.434 66.3245 74.9839 109.734 67.319 71.8143 152.736 59.0768 13.614 86.7485 12.7428 
156.888 156.282 156.199 146.623 148.584 170.337 147.28 146.56 78.9227 87.1501 -4.76027 153.842 23.0189 48.2489 128.004 -25.6194 79.5062 108.425 -23.693 62.2289 112.73 66.6552 74.7031 109.991 67.5148 71.5517 152.852 58.9475 13.7465 86.9662 12.6483 
156.71 156.197 156.67 146.665 148.485 170.217 147.281 146.761 78.9661 87.2271 -5.50732 154.243 23.1724 47.6814 127.719 -25.5532 78.9044 108.13 -23.6782 61.9206 113.088 67.0387 74.3536 110.307 67.7526 71.2759 153.006 58.8107 13.8911 87.293 12.6422 
156.563 156.21 157.262 146.711 148.385 170.171 147.499 147.055 79.0326 87.2633 -6.05384 154.63 23.2824 47.2482 127.637 -25.5634 78.4624 107.869 -23.6548 61.6302 113.516 67.4585 74.0523 110.682 67.9872 71.0565 153.226 58.7147 14.069 87.6612 12.7339 
156.434 156.245 157.758 146.724 148.229 170.178 147.916 147.422 79.0815 87.2851 -6.47133 154.964 23.384 46.8831 127.665 -25.6589 78.1452 107.632 -23.6455 61.3778 113.965 67.8583 73.8129 111.064 68.1993 70.8544 153.485 58.6433 14.2445 88.0361 12.912 
156.188 156.316 158.181 146.59 147.886 170.169 148.324 147.729 79.1089 87.2653 -6.85512 155.343 23.4512 46.5284 127.66 -25.7526 77.7831 107.297 -23.5661 61.0837 114.298 68.1192 73.5438 111.331 68.2849 70.6236 153.685 58.556 14.4258 88.2111 13.0994 
156.109 156.433 158.528 146.536 147.631 170.206 148.752 147.949 79.0664 87.2475 -7.17767 155.884 23.4121 46.2663 127.941 -25.9482 77.4377 107.201 -23.555 60.7531 114.703 68.2654 73.2371 111.608 68.287 70.3724 153.964 58.4973 14.5817 88.3299 13.2659 
156.002 156.515 158.622 146.381 147.32 170.18 149.165 148.13 79.0196 87.2721 -7.54541 156.547 23.2477 46.0481 128.366 -26.2301 77.2115 107.394 -23.6845 60.3803 115.029 68.174 72.8904 111.796 68.1124 70.0624 154.252 58.394 14.6822 88.3951 13.396 
156.117 156.518 158.515 146.095 146.924 170.176 149.591 148.21 78.9286 87.3187 -7.94483 157.313 22.9598 45.7353 129.039 -26.6787 76.8946 107.765 -23.9726 59.8389 115.211 67.7953 72.4199 111.756 67.7627 69.6769 154.466 58.272 14.6439 88.3079 13.5682 
156.385 156.438 158.19 145.711 146.316 170.182 150.126 148.311 78.8212 87.4318 -8.44425 157.987 22.5763 45.3428 129.946 -27.3693 76.5273 108.352 -24.5355 59.0587 115.193 67.1462 71.7162 111.445 67.188 69.1589 154.581 58.0963 14.5732 88.2446 13.7571 
156.785 156.354 157.748 145.411 145.736 170.204 150.555 148.191 78.8274 87.542 -8.95672 158.5 22.0883 44.9929 130.982 -28.0816 76.1948 109.155 -25.1668 58.1341 114.991 66.2916 70.9188 110.994 66.4046 68.4759 154.642 57.8716 14.4376 88.1372 13.8679 
157.111 156.128 157.434 145.28 145.374 170.24 150.503 147.884 78.6782 87.5669 -9.53831 158.849 21.6186 44.7035 131.613 -28.5248 75.8583 109.762 -25.5519 57.3822 114.877 65.5433 70.2782 110.697 65.7341 67.7296 154.696 57.6357 14.3232 88.0176 13.8545 
157.434 156.083 157.38 145.398 145.44 170.316 150.103 147.669 78.433 87.5012 -10.2128 159.349 21.3164 44.3658 132.125 -28.6658 75.4695 110.36 -25.7207 56.6937 115.13 65.1138 69.6241 110.812 65.4129 67.0214 154.961 57.4849 14.2106 88.0668 13.758 
157.593 155.901 156.95 145.204 145.302 170.337 149.587 147.494 78.285 87.7081 -11.0372 159.798 21.2747 44.0176 132.772 -28.707 75.1262 111.072 -25.7522 56.065 115.509 64.7424 69.0018 111.089 65.2218 66.4235 155.442 57.4735 14.0897 87.8998 13.7559 
158.538 156.004 155.666 144.445 143.969 170.638 149.991 147.365 78.1705 88.1134 -12.9871 160.593 21.2574 42.0475 134.13 -29.2214 72.9694 111.871 -26.0061 53.7983 115.618 63.6927 66.7647 110.857 64.4291 64.5628 156.097 57.3899 13.8682 86.9592 13.9512 
159.016 155.999 154.144 143.14 143.211 170.644 150.58 147.054 78.2497 88.7463 -14.1051 160.189 21.1833 40.672 134.858 -29.873 71.8666 112.29 -26.4563 52.5578 114.704 62.4078 65.3731 109.913 63.5794 63.3479 155.93 57.2673 13.4754 85.9106 14.3272 
159.146 155.761 153.258 142.779 143.375 170.416 150.368 146.55 78.2536 89.2399 -15.6804 159.657 21.0174 39.448 135.146 -30.2428 71.0598 112.796 -26.7611 51.5601 114.254 61.6231 64.3324 109.492 63.0515 61.9781 155.875 57.0225 13.2101 85.5952 14.5478 
159.342 155.826 152.918 143.416 143.999 170.411 149.985 146.37 77.9755 88.9962 -17.1808 158.744 21.3703 38.0637 135.072 -30.0465 69.8014 113.106 -26.6589 50.6276 114.631 61.992 63.3674 109.996 63.4496 60.6389 156.195 57.0875 13.2193 85.9368 14.4548 
159.718 155.932 151.603 142.994 143.911 170.443 150.488 146.385 78.1098 89.4829 -19.0403 157.824 21.7969 35.9224 135.484 -30.2508 68.1572 113.804 -27.0081 49.2671 114.357 61.5891 61.9449 109.805 63.1713 58.9411 156.34 57.0804 13.0546 85.7118 14.6432 
159.681 155.937 150.986 142.792 144.515 170.288 150.644 146.431 78.2458 89.9283 -21.0759 156.51 21.9497 33.7132 135.418 -30.3457 66.9279 114.443 -27.2804 48.2715 114.136 61.35 60.8671 109.866 63.0122 57.0514 156.42 56.9019 12.9291 85.8202 14.9902 
159.642 155.981 150.535 143.069 144.456 170.266 150.548 146.597 78.0238 90.0351 -23.2451 155.538 22.5924 31.4063 134.962 -29.8542 65.0121 114.501 -26.9276 46.8894 114.365 61.8742 59.3748 110.17 63.3545 55.0657 156.633 57.0466 13.1782 86.0836 15.0371 
159.785 155.956 149.494 142.478 144.451 170.309 150.92 146.644 77.9069 90.559 -25.687 154.578 23.1623 28.7273 134.977 -29.9405 62.9266 114.915 -27.1417 45.4766 114.176 61.7 57.8118 110.064 63.2697 52.9532 156.687 57.0535 13.1303 86.0031 15.3396 
159.662 156.176 149.506 142.548 144.45 170.178 150.958 147.076 77.5888 90.564 -28.1779 154.715 23.5382 26.4999 134.861 -29.6518 60.9659 115.043 -26.9034 43.9054 114.651 62.2256 55.9905 110.594 63.762 50.9332 157.07 57.2064 13.3361 86.2746 15.4388 
160.031 156.421 149.632 142.061 143.659 170.502 151.414 147.532 77.2997 90.822 -30.7145 154.582 24.0958 24.0108 134.622 -29.5604 58.4358 114.664 -26.7914 41.9012 114.529 62.3535 53.8301 110.32 63.8923 48.73 157.105 57.387 13.4532 86.0034 15.4753 
160.278 156.849 150.296 141.596 143.567 170.476 152.293 148.318 76.9394 91.1928 -33.4576 155.245 24.1609 21.7107 135.056 -30.0489 56.5091 115.085 -27.2752 40.196 114.673 62.2806 51.8052 110.278 63.9237 46.5748 157.334 57.3684 13.5075 86.2103 15.7107 
161.106 157.917 150.34 141.325 142.025 171.113 152.971 148.913 76.2296 91.6273 -35.7969 156.038 24.4386 19.0782 136.023 -30.2601 53.9219 115.564 -27.4373 37.9805 115.005 62.1006 49.2715 110.05 63.6539 44.3353 157.739 57.5854 13.8107 86.0189 15.9245 
161.92 158.657 150.643 140.612 141.642 171.457 153.646 149.382 75.8518 92.0538 -38.3019 156.786 24.3959 16.9685 137.149 -30.9335 51.7705 116.431 -28.0975 36.1354 115.209 61.4193 47.1991 109.977 63.2054 42.2089 158.182 57.5744 13.6596 85.5696 15.9718 
162.824 160.323 150.178 139.413 139.465 172.104 154.568 150.281 75.4253 92.6189 -40.5443 157.428 24.6663 14.1684 137.985 -31.1406 49.4043 117.1 -28.3115 34.2204 115.191 60.9321 44.9737 109.677 62.794 39.9495 158.612 57.7532 13.7485 85.0439 16.2932 
163.704 161.259 150.433 138.996 138.542 172.729 154.944 150.723 75.1767 93.2442 -42.6961 157.66 24.9473 11.7787 138.849 -31.435 47.1317 117.714 -28.6276 32.4723 115.325 60.4837 43.142 109.511 62.2642 37.8772 159.05 57.8696 13.8419 84.5055 16.4594 
164.37 162.199 149.471 137.125 137.156 173.056 155.17 150.741 75.2749 94.1167 -45.025 158.35 24.9046 9.58268 139.801 -31.8231 44.9395 118.317 -28.7786 30.7783 114.736 59.2493 41.0519 109.002 61.4462 35.725 159.341 57.9023 13.5682 82.852 16.6584 
165.592 162.824 148.474 137.163 136.392 173.809 154.803 150.451 74.8425 94.6236 -49.1436 159.444 24.8227 6.01079 141.828 -32.1791 40.9163 119.922 -28.9296 27.2801 115.507 58.296 37.5021 109.39 60.6264 31.9444 160.339 58.0295 13.3914 81.7033 16.6346 
166.034 163.145 146.699 136.312 135.41 174.44 154.368 150.139 75.0955 95.1936 -50.7706 159.618 25.3071 4.11442 141.999 -31.6464 39.1515 120.378 -28.2689 26.1262 115.668 58.1047 36.3733 109.72 60.5904 30.2348 161.028 58.2347 13.1987 80.7648 16.6878 
166.456 163.305 146.51 136.005 135.045 174.934 154.122 150.34 74.9323 95.1837 -52.5259 159.831 25.6316 1.80445 142.578 -31.5862 37.1923 121.117 -28.4327 24.8097 115.942 57.7766 35.0677 109.992 60.3694 28.5184 161.386 58.2178 13.0112 80.5784 16.8538 
