172.566 139.697 146.638 148.75 153.637 154.693 75.7129 76.1013 77.9584 76.5375 -36.4342 565.935 16.0245 -24.5418 542.07 31.1941 -29.2362 524.256 34.3062 -33.2581 510.587 33.3221 -37.768 499.443 24.776 -9.19343 513.462 10.0919 10.7956 8.16563 12.3855
171.364 140.128 146.221 150.045 159.065 154.25 74.9795 75.528 77.8766 76.0119 -36.4685 564.917 15.9826 -24.6859 541.739 30.9165 -29.2573 523.985 34.1496 -33.1054 510.338 33.5033 -37.4386 498.411 25.0135 -9.34124 512.681 10.2022 10.0399 8.49257 12.7678
170.556 142.34 144.969 148.579 157.154 152.965 76.4596 75.9289 77.8004 75.6138 -37.0824 563.662 15.4296 -25.0135 539.648 31.9766 -29.5438 522.0 34.1704 -33.421 508.409 33.1972 -37.4695 496.396 24.7074 -9.24907 511.532 10.3202 9.9699 8.17795 11.3498
167.819 143.8 144.0 147.01 154.388 151.747 77.5518 76.1808 77.6909 75.4025 -38.444 561.811 14.8063 -25.7597 537.296 32.8118 -29.742 519.595 34.2287 -33.4935 506.05 32.9573 -37.28 494.133 24.4584 -9.09172 510.351 10.6104 10.1094 7.96194 10.449
169.674 142.665 143.779 146.164 152.556 151.975 78.1389 76.74 77.3994 75.2299 -38.9237 562.045 14.6832 -26.0037 537.096 32.421 -30.2125 519.563 34.083 -33.8119 505.913 32.6422 -37.5825 494.178 24.3938 -9.22207 510.053 10.3937 10.3978 7.91747 10.3002
171.121 142.029 143.904 145.236 150.782 152.078 78.5821 76.9061 77.2766 75.4845 -39.2644 562.811 15.0876 -26.0478 537.547 32.0882 -30.6145 520.313 33.8633 -34.243 506.857 32.465 -38.097 495.412 24.4725 -9.39235 510.35 10.1802 10.8071 8.19082 10.2838
171.179 141.057 143.002 143.995 149.93 152.305 78.4536 77.0479 77.4981 76.2819 -39.1756 563.664 15.5661 -25.9342 538.235 31.698 -31.0748 521.571 33.6873 -34.7397 508.272 32.4297 -38.6696 496.961 24.7511 -9.62993 510.678 10.0367 11.0248 8.50199 10.2644
170.388 138.905 142.994 144.531 147.548 152.612 78.9684 77.1697 76.6912 75.7789 -38.7012 564.999 16.5362 -25.5654 539.341 31.5379 -31.2073 522.839 33.6084 -35.1456 509.33 32.0869 -39.4098 498.811 24.452 -9.8532 511.359 9.75444 11.9356 8.2943 10.3706
168.282 137.446 141.83 143.363 149.203 152.175 78.2639 77.2979 77.0098 76.7367 -38.6721 565.082 17.4032 -25.7581 539.424 31.4659 -31.596 523.187 33.671 -35.2984 509.69 31.9596 -39.5034 499.07 24.4195 -10.0102 511.556 9.735 11.7211 8.5363 10.6049
166.919 136.362 141.749 143.375 150.285 152.213 77.4812 76.7778 76.6516 76.8634 -38.2146 565.304 17.583 -25.1783 540.155 31.1271 -31.3542 523.822 33.4452 -35.2993 510.173 31.7488 -39.6312 499.764 24.3843 -10.1846 511.665 9.5645 12.0468 8.39518 10.6563
164.787 135.218 141.394 142.923 150.649 152.323 76.8285 76.939 76.6823 77.1123 -37.4246 565.426 17.4911 -24.8857 540.342 30.6145 -31.3168 524.467 33.4603 -35.3972 510.732 31.6451 -39.7485 500.253 24.397 -10.3158 511.665 9.394 12.0381 8.29213 10.9809
166.695 138.897 142.476 143.129 147.855 152.078 77.1314 76.2548 76.3707 76.5897 -36.5742 565.427 17.4217 -25.3905 538.076 31.2558 -31.303 522.051 33.0771 -35.5043 509.027 31.143 -39.6599 498.752 23.4934 -10.2541 510.945 9.39364 12.366 8.53874 10.3816
167.307 138.02 142.853 142.987 147.285 152.251 76.9293 76.4849 76.149 76.2179 -35.7197 566.21 16.9427 -24.8473 539.172 30.6492 -31.0622 523.218 33.0402 -35.4118 509.866 31.0749 -39.9253 499.764 23.442 -10.38 511.353 9.0809 12.5353 8.25334 10.6753
167.263 136.733 142.688 142.751 148.214 152.278 76.3573 76.4131 76.0992 76.2137 -35.7828 565.714 16.1116 -24.7529 539.802 29.8824 -31.0967 523.836 32.8339 -35.4076 510.24 31.0165 -39.9417 500.027 23.5264 -10.5313 511.329 8.88701 12.4814 8.21313 11.1033
166.932 135.63 143.152 143.319 149.04 152.445 76.0802 76.4558 76.1151 76.2012 -35.7871 565.41 15.7205 -24.8303 540.123 29.4301 -31.1933 524.031 32.814 -35.4326 510.302 31.0422 -39.9513 500.023 23.5281 -10.604 511.245 8.76698 12.4064 8.24693 11.5906
167.445 135.102 144.297 144.463 150.095 152.925 75.3646 76.0186 75.9044 75.8596 -36.227 565.141 15.0066 -25.0973 540.485 28.766 -31.2158 524.129 32.4761 -35.3825 510.154 30.806 -39.8434 499.764 23.178 -10.6832 511.356 8.6098 12.2966 8.14829 12.1676
169.312 134.913 145.468 145.71 151.733 153.529 74.4781 75.6591 75.644 75.3586 -36.7701 564.627 14.3574 -25.0879 540.879 28.1086 -31.1041 524.184 32.2839 -35.1957 510.043 30.7279 -39.6344 499.508 23.0442 -10.7812 511.452 8.52099 12.2008 8.10038 12.6017
167.663 136.965 145.134 145.354 149.332 151.825 74.6441 75.2016 75.4067 74.8523 -38.8283 562.444 13.825 -26.3828 538.743 28.7036 -31.6876 521.469 31.9193 -35.3688 507.661 30.2514 -39.3366 497.134 22.2583 -10.7374 510.762 8.71917 12.2324 8.24303 11.9565
164.888 137.76 143.944 144.509 146.603 149.774 75.4727 75.1397 75.3924 74.6113 -40.8201 560.397 13.6942 -28.0261 536.011 29.7238 -32.1744 518.422 31.8489 -35.3106 504.834 29.9365 -38.7766 494.405 21.6129 -10.6856 510.053 9.0764 12.2555 8.34398 11.3826
162.53 137.899 142.651 144.158 144.859 148.337 76.2185 74.9306 75.1691 74.2362 -42.3621 558.499 13.5048 -29.3393 533.092 30.491 -32.4669 515.505 31.5239 -35.0401 502.023 29.4283 -38.0741 491.701 20.8136 -10.5875 509.297 9.3309 12.2994 8.42582 10.6801
161.976 136.582 144.09 145.385 143.841 148.715 76.362 74.8904 74.2996 73.1153 -41.9196 559.384 13.2195 -29.6452 532.849 30.872 -32.8629 514.884 31.3631 -35.081 501.036 28.8367 -37.989 490.971 20.1386 -10.6744 509.699 9.41489 12.5297 7.98901 9.71906
161.72 135.754 145.333 146.395 142.679 149.777 76.2868 74.9844 73.5386 72.2648 -41.4269 560.238 13.0168 -29.8468 532.873 30.7873 -33.3173 514.955 31.3268 -35.1906 500.677 28.5203 -38.1146 490.769 19.9508 -10.78 509.887 9.44836 12.6912 7.61693 9.27828
161.238 135.166 146.268 147.664 141.553 150.654 76.6518 75.5237 72.7732 71.1548 -41.0354 561.783 13.4677 -29.7857 533.489 31.0226 -33.9117 515.805 31.673 -35.387 501.125 28.5103 -38.3554 491.471 20.0499 -10.9173 510.543 9.57863 13.0028 7.4071 8.72881
161.803 135.062 146.928 147.98 141.67 151.901 76.7059 75.2741 72.3174 70.6751 -40.4762 563.298 14.2387 -29.4881 534.636 31.3039 -33.9034 517.322 31.9932 -35.3274 502.444 28.8697 -38.486 492.78 20.5196 -10.9247 511.379 9.85714 13.0188 7.53379 8.85585
162.282 135.66 147.343 148.095 142.506 152.754 76.8265 75.5782 72.5361 70.8642 -40.0083 564.222 14.6459 -29.3372 535.605 31.2063 -34.0168 518.561 32.4358 -35.4307 503.628 29.5323 -38.7394 493.859 21.3514 -10.9675 511.739 10.0002 12.913 7.79587 9.25802
163.277 136.57 147.089 147.743 143.349 153.06 77.2216 76.0172 73.2187 71.7598 -39.8532 564.863 15.7532 -29.119 536.58 31.563 -33.9975 519.779 33.105 -35.5836 505.003 30.3827 -39.048 495.206 22.2679 -10.936 512.229 10.2619 12.7971 8.09499 9.71338
164.515 137.84 147.094 147.55 144.553 153.47 77.3679 76.3806 74.1583 72.9101 -39.6763 565.484 16.6773 -28.8326 537.353 31.8144 -33.7527 520.677 33.808 -35.6002 506.133 31.4462 -39.3051 496.268 23.3976 -10.9799 512.446 10.4778 12.586 8.39463 10.2769
165.454 138.872 147.052 147.523 145.446 153.885 77.5638 76.7625 75.0234 73.9442 -39.416 566.461 18.0757 -28.4706 538.341 32.4779 -33.3785 521.618 34.6949 -35.5992 507.374 32.3749 -39.4731 497.511 24.2253 -10.8921 513.094 10.8288 12.361 8.51097 10.8562
165.747 140.667 146.965 146.951 145.084 153.352 78.2754 76.7129 75.6436 74.113 -39.3035 565.429 18.324 -28.0901 537.021 33.607 -33.0891 520.377 35.0141 -35.6972 506.591 32.8281 -39.4337 496.624 24.4127 -10.4412 512.325 11.3647 12.2132 8.37545 9.87187
162.801 137.983 145.876 145.457 144.042 151.007 78.5406 76.8211 75.8656 73.8803 -38.8138 565.56 19.308 -28.3776 534.694 34.3933 -33.0623 517.74 35.1189 -35.3159 504.326 32.8476 -38.4489 494.467 24.1193 -9.79806 511.29 12.0728 12.4114 8.59479 9.06672
161.239 134.989 144.308 143.857 142.998 149.664 78.3269 76.6122 75.6757 73.3962 -38.8163 565.078 19.7958 -28.3677 532.444 34.8106 -32.7287 515.095 34.972 -34.5811 501.943 32.6895 -37.2224 492.15 23.8107 -9.12718 510.189 12.6743 12.5805 8.84279 8.29072
160.952 134.173 144.252 144.936 142.305 148.98 78.837 76.5711 75.1117 72.5925 -38.6132 564.53 20.4179 -28.3866 531.81 35.1912 -32.5598 513.63 34.8984 -34.3308 500.406 32.3976 -36.8791 490.925 23.4383 -8.80541 509.608 12.7863 12.8171 8.7129 8.13503
161.179 133.872 144.895 146.751 141.401 148.738 78.5057 76.2663 74.1533 71.2083 -38.2448 563.413 20.2734 -27.8629 531.567 34.9827 -32.2982 512.719 34.7575 -34.0211 499.284 32.1781 -36.6412 490.071 23.2444 -8.51388 508.851 12.8523 13.1833 8.55632 8.13463
160.977 133.302 145.183 147.674 140.427 149.326 78.1818 76.0712 73.2425 69.8946 -37.5591 562.326 20.3639 -27.2617 531.333 34.8796 -31.8743 512.291 34.9867 -33.5223 498.637 32.1935 -36.237 489.607 23.2206 -8.0918 508.214 13.0779 13.4687 8.48103 8.69139
160.004 133.371 145.788 149.605 140.032 149.403 77.4282 75.6062 71.882 67.9669 -35.9835 561.606 19.8883 -25.9625 531.68 34.2414 -31.2901 512.703 35.0002 -33.0276 498.722 32.2662 -36.062 489.863 23.4764 -7.66143 507.584 13.1615 13.995 8.42747 8.87982
159.799 134.15 146.116 150.499 139.751 149.857 77.4111 75.5239 71.371 67.1617 -34.8945 561.285 19.8709 -24.916 532.113 34.2188 -30.7738 513.192 35.0917 -32.6366 498.961 32.3331 -35.8647 490.279 23.5658 -7.22822 507.347 13.1201 14.3 8.37513 8.87674
159.29 134.628 145.819 150.289 139.631 150.529 76.9438 75.5651 71.1964 67.1031 -34.1618 561.117 19.8379 -24.3607 532.099 34.1732 -30.4916 513.343 35.2098 -32.1931 498.958 32.3659 -35.4216 490.315 23.6302 -6.80653 507.319 13.2356 14.3853 8.43472 8.85413
159.862 135.378 146.874 151.93 141.587 150.338 77.2106 75.6149 71.1464 66.267 -32.9263 561.083 19.7619 -23.21 532.487 34.0937 -29.5738 513.634 35.3101 -31.7096 499.309 32.5401 -35.2095 490.662 23.6854 -6.31828 507.131 12.992 14.3032 8.39293 9.14086
159.622 136.566 148.763 153.411 142.466 151.075 77.7533 75.707 71.01 65.556 -31.6498 561.815 20.065 -22.2679 533.548 34.0569 -28.9166 514.846 35.5389 -31.4502 500.459 32.7957 -35.1239 491.819 23.844 -6.0583 507.44 12.7122 14.3953 8.39536 9.56344
159.49 137.627 150.293 154.29 142.866 151.723 77.6409 75.472 70.7565 65.2133 -30.3929 561.973 19.9367 -21.0894 534.527 33.5919 -28.3172 515.814 35.4182 -31.1563 501.401 32.9643 -35.1854 492.884 24.2125 -5.86309 507.478 12.3333 14.581 8.57593 9.69997
159.862 138.838 152.117 155.893 143.843 151.816 78.0267 75.3962 70.7722 64.9382 -29.5212 562.118 20.3522 -20.0223 535.291 33.4718 -27.7028 516.533 35.3811 -30.7929 502.264 33.1459 -35.1937 494.117 24.353 -5.58679 507.65 11.9494 14.9386 8.84997 9.85913
160.746 140.283 154.058 157.453 144.151 152.28 78.3351 75.1183 70.4855 64.6914 -28.9382 562.321 20.2209 -19.0817 536.144 33.0386 -27.2639 517.275 35.077 -30.4614 503.113 33.1642 -35.143 495.423 24.5295 -5.37574 507.837 11.5289 15.5818 9.2167 9.94922
160.889 141.604 154.367 156.747 145.276 152.946 78.5863 74.9939 70.7463 65.3937 -28.4273 563.189 19.6132 -18.6021 537.267 32.2503 -26.9974 518.858 34.7286 -30.1075 504.691 33.4328 -34.9844 496.898 25.1748 -5.18986 508.294 11.2372 15.5594 9.73145 10.0319
160.823 142.696 154.182 155.76 146.828 154.161 78.6665 75.0846 71.4339 66.6724 -27.5964 564.604 18.9921 -18.5835 538.59 31.5299 -26.5006 520.617 34.6772 -29.6136 506.47 33.8672 -34.6352 498.44 25.9117 -4.96274 509.135 11.1318 15.2961 9.93819 10.6869
161.296 143.192 153.746 154.42 147.745 155.263 78.7232 75.1591 72.1748 68.174 -26.5402 565.786 18.5986 -18.3468 539.471 31.1705 -25.9766 522.199 34.7433 -29.2834 508.087 34.3021 -34.5147 499.869 26.6414 -4.85756 509.711 11.0245 15.0088 9.96595 11.0687
162.333 143.177 152.973 153.031 148.476 156.198 78.9028 75.5746 73.1976 69.9811 -25.5852 566.856 18.3286 -18.1659 540.094 30.9095 -25.6084 523.575 34.8661 -29.0491 509.664 34.6513 -34.4561 501.199 27.1967 -4.77135 510.184 10.8262 14.6024 10.0479 11.3989
162.793 142.738 152.245 151.699 148.832 156.502 79.1992 76.1113 74.2659 71.8866 -24.4279 568.013 18.0201 -17.721 540.97 30.5196 -25.2436 525.12 34.8376 -28.9027 511.464 34.8468 -34.6001 502.861 27.6629 -4.84101 510.639 10.3602 14.2326 10.1579 11.5949
162.17 142.347 150.926 149.936 149.676 156.133 79.2785 76.9539 75.781 74.3722 -23.8845 569.419 17.9535 -17.5893 541.698 30.5805 -25.2545 526.512 35.2126 -29.0672 513.208 35.354 -34.9087 504.263 28.3923 -5.01017 511.253 10.2676 13.6176 10.1657 11.5511
161.308 141.665 149.68 148.399 149.473 155.69 79.4473 77.7617 76.8371 76.0235 -23.6059 569.841 17.9069 -17.5947 541.341 30.606 -25.5049 526.758 35.2461 -29.5029 513.731 35.2562 -35.2875 504.524 28.352 -5.04393 511.117 10.0446 13.2245 10.0047 11.2264
160.887 140.716 148.704 147.672 149.719 155.403 79.4886 78.3158 77.5079 77.1026 -23.6856 570.461 18.074 -18.1101 541.386 30.8091 -25.942 526.961 35.2987 -30.023 514.077 34.9486 -35.654 504.673 27.8949 -5.13929 511.569 9.92149 12.905 9.82154 11.2442
160.473 140.143 147.937 147.205 149.853 154.919 79.2037 78.7532 77.9998 77.793 -24.3094 570.761 18.4956 -18.823 541.004 31.2054 -26.6871 526.701 35.4311 -30.7525 513.975 34.6419 -36.0448 504.364 27.3326 -5.2345 512.029 10.0249 12.646 9.63848 11.0138
160.994 139.668 146.971 146.782 150.201 154.729 79.1766 79.1903 78.6902 78.487 -24.9999 570.702 18.3612 -19.2494 540.991 31.027 -27.0547 527.048 35.3399 -31.2573 514.342 34.563 -36.3837 504.488 27.1662 -5.41767 512.047 9.977 12.4347 9.44947 11.0932
160.939 139.22 145.844 145.936 150.071 154.279 79.4403 79.6603 79.0706 79.085 -25.7292 570.155 17.5637 -19.4638 541.047 30.3983 -27.379 527.438 34.9271 -31.7568 514.781 34.2319 -36.7497 504.772 27.0409 -5.5286 511.614 9.77655 12.4411 9.31759 11.103
161.239 138.151 144.873 146.362 147.735 153.68 80.3306 79.3016 77.8476 77.5031 -26.3267 569.175 17.1978 -19.6562 540.701 30.1447 -27.4867 526.89 34.2752 -32.0399 513.729 33.5649 -37.0299 504.217 26.3426 -5.76776 510.762 9.5552 13.2527 8.92078 10.841
160.878 137.879 143.286 145.996 145.769 152.961 80.8234 78.9824 76.736 76.68 -27.5034 567.81 16.0687 -19.8844 539.918 29.7493 -28.0004 526.228 33.3991 -32.5954 512.653 32.7478 -37.5482 503.729 25.722 -6.04437 509.824 9.41033 14.1964 8.6267 10.0893
160.597 137.957 142.603 144.898 145.344 152.684 80.4368 79.2119 76.7476 77.2432 -28.2573 567.737 16.3809 -20.2165 539.233 29.9759 -28.5623 525.76 33.5123 -33.1144 512.135 32.631 -38.0487 503.371 25.7442 -6.42058 509.645 9.46936 14.3007 8.48509 9.7023
161.304 137.586 142.884 144.471 143.82 150.888 79.7604 78.8728 77.1305 77.4866 -29.7934 566.486 16.8384 -20.9751 536.456 30.6888 -29.2174 522.696 33.4481 -33.5031 509.469 32.3707 -38.1051 500.584 25.0077 -6.33775 508.583 9.81387 14.1317 8.56553 8.97238
161.091 136.14 142.352 143.031 141.738 149.427 78.9116 78.4546 77.3237 77.4957 -32.3358 564.693 16.7159 -21.7635 534.422 31.3755 -29.6513 520.001 33.3382 -33.6352 506.93 31.971 -37.8073 497.839 24.1348 -6.27562 507.863 10.2845 13.9824 8.48691 8.11755
163.029 136.543 142.291 142.957 141.737 149.939 79.0209 78.3666 77.0487 76.8584 -33.7257 564.326 16.7156 -22.6705 534.316 31.6099 -30.1958 519.594 33.2447 -33.8741 505.999 31.6564 -37.7155 496.682 23.6861 -6.48367 508.01 10.3808 13.7639 8.08493 7.98424
164.702 136.932 143.689 143.37 140.896 150.506 79.3309 77.8513 76.3542 76.2594 -34.8679 564.625 17.3224 -23.3231 534.822 32.0262 -30.5976 519.277 33.1934 -34.2001 505.614 31.402 -37.892 496.605 23.4552 -6.79983 508.638 10.449 14.0831 8.00994 7.76008
166.729 137.712 145.405 144.35 139.426 151.207 79.511 77.1726 75.3731 75.2717 -35.8051 564.993 17.2368 -23.7894 535.766 31.8559 -30.9618 519.474 32.8258 -34.5278 505.769 31.0804 -38.1868 497.066 23.2966 -7.15035 509.254 10.3958 14.5546 8.02461 7.62746
167.645 138.488 146.602 144.912 138.518 152.293 79.5696 76.5283 74.4572 74.2191 -36.3153 565.232 16.939 -24.0006 536.612 31.6744 -31.1989 519.67 32.5112 -34.6342 505.832 30.9008 -38.3428 497.359 23.3182 -7.36943 509.705 10.3947 14.9026 8.0723 7.50387
167.939 139.547 147.173 144.699 138.759 153.737 79.3151 76.0712 73.8707 73.7074 -36.5708 565.035 16.1489 -24.2623 537.132 31.2219 -31.3496 519.941 32.3956 -34.5433 505.832 31.0852 -38.414 497.354 23.842 -7.64106 509.648 10.4847 15.0013 8.14635 7.72587
165.31 138.627 146.322 143.403 138.154 150.407 78.9694 75.5792 73.7338 73.1116 -40.1225 562.792 14.5737 -26.3362 534.95 31.6187 -32.1044 517.064 31.9224 -34.3586 503.181 30.5976 -37.4418 494.305 23.0986 -7.74394 509.256 11.0208 14.8366 8.35378 6.85378
163.419 136.906 145.319 141.939 136.958 148.69 78.7739 75.2281 73.8636 73.005 -41.9562 560.688 13.1645 -27.3378 532.719 31.7746 -32.0383 514.254 31.7179 -33.8878 500.621 30.5891 -36.6328 491.456 23.0065 -7.75678 507.993 11.3669 14.6649 8.47771 6.24722
162.88 135.627 144.485 140.572 135.254 148.024 78.6341 75.0259 74.0694 72.9655 -42.947 558.463 11.2045 -27.4539 530.65 31.7911 -31.5709 511.795 31.6541 -33.374 498.339 30.8381 -36.2157 488.891 23.3156 -7.77091 506.327 11.4894 14.5157 8.48899 5.44406
163.144 135.046 143.51 139.006 132.483 147.836 78.6829 74.8029 74.0889 73.36 -44.2497 555.725 9.23431 -27.7749 528.944 31.7461 -31.0917 509.57 31.4278 -32.7214 496.094 30.7546 -35.984 486.482 23.3957 -7.75519 504.701 11.5101 14.5564 8.37162 4.69527
165.823 136.456 145.26 140.525 127.925 150.329 80.3654 74.6041 73.6015 75.4191 -44.6143 555.093 8.33132 -28.0644 528.55 31.6186 -30.6949 509.623 31.0722 -32.5073 495.735 30.3558 -38.4714 486.323 23.7616 -8.04622 503.881 10.9366 14.5273 7.83297 4.86268
168.739 137.583 146.569 142.48 124.054 152.639 81.5807 74.6645 72.6932 77.1168 -44.6411 555.715 8.42586 -28.1769 529.193 31.4446 -30.5712 510.765 30.9302 -32.3242 496.496 29.9526 -40.8006 487.673 24.2595 -8.41054 504.012 10.4412 14.922 7.4948 5.46813
168.016 137.883 146.604 143.376 121.164 153.306 82.069 75.2244 72.3107 79.4005 -43.6654 556.202 8.05277 -28.1664 529.752 30.7332 -30.8435 511.749 30.7148 -32.3976 497.369 29.534 -42.9803 489.267 24.8619 -8.78883 503.945 9.9209 15.3447 7.55869 5.83056
166.483 138.279 146.958 144.644 118.207 153.756 81.7276 75.0448 71.599 81.4085 -42.7455 555.98 7.5107 -27.9755 530.023 29.6025 -30.9804 512.44 30.0663 -32.3513 497.966 28.9225 -45.0131 490.769 25.1969 -9.00675 503.645 9.50557 16.0289 7.75254 6.18783
163.801 138.492 146.598 145.302 116.435 153.23 81.3865 75.2145 71.2948 82.9468 -42.163 555.881 7.29166 -27.6208 530.917 28.9102 -31.1757 513.701 29.7691 -32.4014 499.11 28.594 -46.7372 492.803 25.3843 -9.34058 503.872 9.19105 16.7563 7.95447 6.32781
159.718 137.827 145.13 145.284 115.986 152.13 81.2643 75.6581 71.3361 84.2335 -41.7029 556.176 7.11785 -27.2092 532.103 28.529 -31.4959 515.336 29.5757 -32.788 500.744 28.2929 -47.9703 495.107 25.3883 -9.64086 504.471 8.96089 17.0237 8.15624 6.26217
158.158 137.365 144.327 145.754 116.081 151.856 80.8879 75.7031 71.2793 84.7424 -41.2488 556.464 7.17172 -27.1093 532.484 28.3084 -31.8587 515.938 29.433 -33.1285 501.249 28.2011 -48.7511 496.34 25.4033 -9.95736 504.694 8.87039 17.3921 8.28387 6.27135
156.874 137.609 143.62 146.342 117.02 150.892 80.0718 76.3762 71.0058 84.6982 -40.3598 556.388 6.76876 -26.3154 533.329 28.1359 -31.8957 517.19 29.8192 -33.082 502.275 28.1886 -48.8373 497.765 25.5407 -10.192 505.136 8.82716 17.53 8.32841 6.24276
156.733 137.079 142.473 148.115 118.46 150.231 80.0187 76.8761 70.6444 83.3094 -39.5616 557.133 6.80534 -25.6647 534.674 28.0228 -32.2072 518.653 29.8928 -33.5388 503.293 28.1888 -48.6236 499.465 25.2877 -10.4882 505.873 8.67163 17.9387 8.20176 5.9537
158.089 136.714 143.323 150.186 121.891 150.104 80.087 76.4046 70.6164 79.8576 -38.741 558.761 7.90659 -25.4638 535.844 28.0164 -32.403 519.63 29.9802 -34.3627 504.279 28.6998 -48.0659 500.49 25.0078 -10.8944 506.648 8.63422 17.8919 8.22799 6.32322
159.416 136.6 143.706 152.226 124.353 150.097 80.2579 76.1546 70.5554 76.3684 -38.1765 560.003 9.13909 -25.4803 536.991 27.9603 -32.6389 520.895 30.2407 -35.1996 505.333 29.3264 -47.3591 501.573 24.7746 -11.3776 507.455 8.61773 17.9842 8.19375 7.18423
160.42 136.752 145.645 154.392 127.018 150.515 80.2121 75.7954 70.6469 73.5915 -38.4548 561.182 10.4216 -25.9697 537.851 28.1152 -32.9531 521.528 30.5952 -35.9967 505.861 29.7833 -46.3999 501.622 24.1898 -11.7681 508.315 8.68795 17.8933 8.05496 8.20464
161.121 137.193 146.811 154.371 133.111 151.456 79.7649 75.6971 71.3267 71.1643 -39.0122 562.338 12.3529 -26.3283 539.461 27.9745 -33.1634 523.08 31.3361 -36.5544 507.264 30.7935 -45.1896 501.95 24.0822 -12.1822 509.253 8.89292 17.2701 8.33154 9.98221
163.287 137.277 148.943 155.857 135.732 152.077 79.4314 74.9771 70.8203 69.1073 -39.4677 562.341 12.9524 -26.385 540.397 27.6132 -33.4127 523.445 31.2321 -37.1532 507.636 30.797 -44.5708 501.85 23.528 -12.5822 509.482 8.80822 17.4654 8.42211 10.7412
164.798 137.743 149.198 154.908 140.28 152.931 78.6928 74.7018 70.7998 68.3352 -39.6034 562.426 13.3281 -26.582 541.082 27.4369 -33.5777 524.329 31.4778 -37.3207 508.439 31.0263 -43.8546 501.705 23.4715 -12.8596 510.026 8.91133 16.8959 8.73097 11.6077
165.109 138.438 150.322 155.385 141.665 153.272 78.1316 74.3802 70.7118 68.0215 -39.3232 562.466 13.7261 -26.4767 541.331 27.5517 -34.0132 524.524 31.5691 -37.7679 508.551 31.1637 -43.5128 501.645 23.337 -13.1328 510.258 8.88337 17.2611 8.96252 11.5276
165.287 138.105 150.933 155.166 142.283 153.85 78.0792 74.2734 70.8661 68.4269 -39.4524 563.438 14.8734 -26.4439 541.844 27.9718 -34.4714 524.728 31.7204 -38.0887 508.882 31.3251 -43.2407 501.993 23.2966 -13.323 510.696 8.90043 17.7592 9.24332 11.1892
166.66 139.296 150.615 153.606 145.495 154.548 77.6802 74.6219 71.2639 68.9207 -40.0303 563.849 15.1346 -26.9322 542.08 27.933 -35.0645 524.784 31.8555 -38.4586 509.045 31.3502 -42.9104 501.555 23.4209 -13.5681 510.923 8.86911 17.3895 9.36344 11.2454
164.733 139.468 153.17 151.507 145.467 149.724 77.2786 74.4587 72.3502 69.7832 -41.8147 562.597 14.936 -28.0575 538.704 28.9327 -36.2387 520.363 31.6105 -38.4806 506.305 31.1821 -42.0601 498.382 22.9359 -13.2585 510.178 9.20515 16.7135 10.3279 9.83859
162.6 138.13 153.206 148.255 145.163 147.885 77.1648 74.3921 73.2389 70.4892 -43.4317 561.576 14.7554 -28.8269 535.534 29.8364 -36.6662 517.104 31.3263 -38.2256 503.768 30.826 -41.1596 495.257 22.3208 -12.9655 509.343 9.45344 15.7708 10.6629 8.27951
166.995 140.003 155.05 149.533 144.504 149.346 77.1751 73.9852 72.9675 69.8623 -43.9055 561.729 14.6075 -28.5215 535.648 29.8692 -36.4719 516.963 31.1638 -38.3689 503.716 30.7868 -41.187 494.945 22.2894 -13.0338 509.287 9.38702 15.6263 10.3627 7.85763
173.581 140.526 154.897 148.587 144.05 150.89 76.9952 73.7468 72.8504 70.55 -44.0325 562.703 14.8784 -28.3337 536.625 29.6152 -36.3319 517.979 31.1398 -38.4044 505.051 30.8859 -41.3801 496.091 22.8179 -13.2281 509.826 9.33409 15.5068 10.5618 7.99146
179.023 140.354 155.108 149.361 143.62 151.622 76.9015 73.4506 72.3714 70.75 -44.2557 563.359 15.4019 -28.0321 537.721 29.3911 -36.1035 518.969 31.109 -38.3908 506.156 30.9 -41.6078 497.42 23.1414 -13.4039 510.38 9.26669 15.8893 10.6269 8.29043
177.96 139.964 153.675 147.863 143.794 149.949 76.4788 73.6814 72.9404 71.4216 -45.0762 563.022 14.7749 -28.1882 536.042 29.5754 -36.0447 517.723 30.9678 -38.1353 505.258 30.7566 -41.0763 496.194 22.9632 -13.1907 510.102 9.33986 15.3999 10.7462 7.31254
179.273 140.135 154.171 150.356 144.043 150.356 77.4371 74.109 72.6972 70.3094 -44.713 563.908 15.6044 -28.0427 536.858 30.1317 -35.8036 518.376 31.4793 -38.1966 505.806 31.0495 -41.4588 496.842 23.0147 -13.3434 510.672 9.32002 15.369 10.4324 7.58946
177.73 139.487 154.482 152.859 142.791 150.388 77.9441 74.3336 72.1672 69.4476 -44.5315 564.472 15.672 -27.7971 537.971 29.8774 -35.4243 519.276 31.6205 -38.1496 506.516 31.0726 -41.8132 497.956 22.9828 -13.4261 511.178 9.13189 15.881 10.0773 8.22602
175.612 139.236 154.671 154.739 141.675 150.175 78.4488 74.5225 71.8916 69.2045 -44.2051 564.81 15.9465 -27.2844 538.902 29.7484 -34.7437 520.21 31.9226 -37.9315 507.214 31.3544 -42.0598 499.123 23.3286 -13.471 511.53 9.00381 16.4112 9.61582 8.79707
174.386 138.601 153.78 155.494 140.506 149.709 78.6092 74.9656 71.9735 69.7609 -43.5952 564.976 16.0741 -27.1889 539.249 29.7244 -34.5388 520.539 32.2274 -37.9084 507.169 31.4685 -42.2161 499.555 23.4769 -13.4479 511.592 8.96381 16.861 9.15628 9.21145
173.49 137.988 153.07 156.165 139.908 149.496 79.0303 75.2596 71.9159 69.9783 -43.5145 565.132 16.3261 -27.3512 539.542 29.9047 -34.5041 520.747 32.3817 -37.9318 507.058 31.4231 -42.4007 499.8 23.3996 -13.4473 511.704 8.9482 17.1806 8.83976 9.43738
173.51 137.368 152.249 156.293 139.486 149.648 79.2689 75.5002 72.1267 70.4625 -43.5609 565.585 16.8524 -27.7467 539.681 30.254 -34.7107 520.723 32.4629 -38.087 506.764 31.3048 -42.5706 499.796 23.1972 -13.4541 511.94 8.97771 17.3285 8.60541 9.51246
173.476 136.76 151.738 157.051 139.228 149.668 79.5981 75.7354 72.2792 70.4643 -43.2257 565.469 17.0975 -27.8251 539.904 30.4156 -34.562 520.886 32.6578 -38.0478 506.602 31.3901 -42.6926 499.867 23.132 -13.4957 511.928 8.90841 17.4357 8.35474 9.9274
173.745 136.744 150.911 157.185 138.672 150.112 79.9913 76.0891 72.5856 71.1454 -42.8172 566.052 17.7368 -27.879 540.433 30.7671 -34.4288 521.504 33.0134 -38.0925 507.021 31.5444 -42.9804 500.617 23.2244 -13.6439 512.354 8.78469 17.5515 8.18375 10.4102
173.883 136.469 149.339 156.335 138.194 150.388 79.909 76.3369 72.7781 72.1552 -42.7992 566.615 18.1955 -28.0968 540.966 30.9413 -34.5747 522.173 33.151 -38.2636 507.497 31.4519 -43.2748 501.4 23.2126 -13.7902 512.933 8.75023 17.745 8.04318 10.5829
