167.595 155.288 136.944 136.853 142.248 165.34 128.557 111.066 111.442 110.054 -361.943 527.448 -175.235 -353.391 535.7 -180.062 -349.635 527.64 -164.806 -349.623 517.591 -152.157 -350.755 502.171 -146.086 -330.341 472.571 -171.758 11.2751 8.85165 15.8365
167.578 154.894 136.48 135.511 140.401 165.538 128.263 110.006 109.521 108.54 -361.198 527.914 -175.563 -353.513 535.692 -180.617 -348.865 527.206 -164.514 -348.271 516.679 -151.559 -350.089 501.711 -145.794 -330.221 472.652 -171.776 11.2593 9.43871 16.8779
167.606 154.595 136.328 134.686 140.169 165.566 127.352 110.122 109.309 108.612 -361.381 527.437 -175.262 -352.211 535.152 -179.442 -348.366 526.791 -164.064 -348.073 516.099 -151.288 -349.891 501.288 -145.626 -329.938 472.349 -171.541 11.3384 9.15337 15.9875
167.723 154.976 135.819 133.245 139.563 165.561 127.991 110.577 110.1 109.273 -361.346 527.038 -174.974 -351.339 535.089 -178.912 -348.148 526.8 -164.275 -348.222 516.271 -151.583 -349.733 501.408 -145.867 -329.592 472.121 -171.515 11.5086 8.85159 15.2436
167.819 155.291 135.912 132.933 139.785 165.462 128.432 111.425 111.563 110.228 -361.519 526.737 -174.713 -350.644 534.99 -178.305 -348.225 527.11 -164.613 -348.728 516.915 -151.97 -349.808 501.787 -146.08 -329.478 471.958 -171.416 11.6347 8.48383 14.4156
167.903 155.075 135.972 132.583 139.75 165.546 128.576 112.082 112.537 110.818 -361.472 526.634 -174.681 -349.986 534.93 -178.034 -347.943 527.372 -164.725 -348.9 517.373 -152.191 -349.843 502.115 -146.178 -329.331 471.869 -171.336 11.6264 8.133 14.0667
168.13 155.32 136.215 133.085 140.459 165.638 129.042 113.551 115.115 112.308 -361.526 526.185 -174.495 -349.091 534.764 -177.609 -347.979 527.9 -165.308 -349.8 518.503 -152.978 -350.118 502.704 -146.625 -329.104 471.621 -171.302 11.7106 7.48588 13.2319
168.176 155.35 136.143 133.371 141.086 165.607 128.835 114.363 116.493 113.295 -361.261 525.814 -174.305 -348.061 534.527 -177.119 -347.733 528.077 -165.481 -350.088 518.992 -153.405 -350.151 502.962 -146.908 -328.825 471.389 -171.249 11.7419 7.17635 12.6158
168.087 154.844 137.127 134.544 142.911 165.466 128.525 115.325 118.007 114.688 -361.359 525.521 -174.571 -347.338 534.107 -176.514 -348.001 528.424 -166.055 -350.979 519.671 -154.199 -350.593 503.47 -147.415 -328.699 471.178 -171.157 11.7774 6.76759 11.8973
167.857 153.866 137.9 136.587 144.615 165.183 127.471 115.438 118.514 114.918 -361.254 524.824 -175.067 -346.754 533.165 -176.406 -347.641 527.95 -166.209 -350.823 519.536 -154.384 -350.359 503.147 -147.464 -328.347 470.698 -171.077 11.678 6.65573 11.8056
167.657 152.88 137.982 137.063 145.088 164.913 126.401 115.041 118.364 114.405 -361.241 524.109 -175.316 -346.243 532.41 -176.238 -347.36 527.347 -166.183 -350.663 519.073 -154.455 -350.051 502.498 -147.338 -328.097 470.348 -171.013 11.66 6.63398 11.6787
167.686 152.426 137.101 136.76 144.882 165.079 126.01 114.256 117.746 114.058 -360.813 523.869 -175.402 -346.058 532.192 -176.191 -347.251 526.757 -166.142 -350.529 518.563 -154.576 -349.91 502.048 -147.418 -327.85 470.184 -171.054 11.6654 6.78392 11.5892
167.521 152.313 137.224 136.621 145.41 164.936 125.837 113.832 117.376 113.611 -360.564 523.314 -175.332 -345.86 531.624 -175.975 -347.159 526.3 -166.331 -350.642 518.147 -154.749 -349.742 501.611 -147.378 -327.604 469.807 -170.901 11.7936 6.65606 11.6144
167.42 152.97 137.349 137.915 147.713 164.909 126.274 113.909 117.416 114.221 -360.91 522.124 -174.966 -345.504 530.948 -175.592 -347.448 525.362 -166.367 -350.985 517.238 -154.717 -349.884 500.877 -147.405 -327.099 469.07 -170.74 11.8022 6.54848 11.0155
167.069 153.065 137.825 138.287 147.969 164.312 125.769 113.667 117.002 114.141 -361.03 521.383 -174.968 -345.206 530.386 -175.447 -347.006 524.883 -166.196 -350.424 516.738 -154.47 -349.58 500.49 -147.267 -326.866 468.755 -170.663 11.6648 6.57928 11.1276
166.859 152.947 138.281 139.487 148.396 164.101 125.288 112.985 116.21 113.984 -361.011 520.772 -174.832 -345.068 529.82 -175.447 -346.297 524.052 -165.555 -349.681 515.96 -154.006 -349.281 499.927 -147.078 -326.595 468.328 -170.582 11.4789 6.68348 11.4104
166.497 153.036 137.776 140.942 147.814 163.96 123.687 111.867 115.28 112.942 -360.299 520.479 -175.029 -345.405 528.958 -175.914 -345.773 523.111 -165.307 -348.367 515.163 -153.373 -348.412 499.082 -146.589 -326.297 467.938 -170.529 11.3056 7.14286 12.1219
166.574 152.673 137.14 140.571 146.421 164.378 123.05 110.725 113.925 111.703 -359.492 520.647 -174.985 -346.072 528.574 -176.492 -345.362 522.424 -164.922 -347.183 514.355 -152.825 -347.66 498.374 -146.03 -326.051 467.748 -170.368 11.1141 7.70452 13.0406
166.44 151.807 137.012 141.653 146.064 164.54 122.396 109.591 112.094 109.987 -358.814 520.858 -175.299 -347.272 528.041 -177.336 -345.019 521.675 -164.588 -345.973 513.312 -152.196 -346.898 497.399 -145.554 -325.892 467.601 -170.345 10.9922 8.29523 14.4758
166.395 151.389 137.463 142.413 145.464 164.889 122.165 108.293 110.083 108.082 -358.283 521.087 -175.65 -348.577 527.744 -178.375 -344.107 520.998 -163.826 -344.643 512.324 -151.405 -346.147 496.593 -144.971 -325.826 467.58 -170.241 10.8789 8.65076 16.6628
166.347 150.759 138.218 142.531 144.621 165.102 122.377 106.846 107.89 106.347 -358.163 521.032 -175.583 -349.385 527.517 -178.942 -343.022 520.135 -162.92 -343.392 511.07 -150.577 -345.456 495.722 -144.343 -325.729 467.47 -170.184 10.7661 8.80854 18.5562
165.953 151.506 134.853 136.046 140.984 164.852 119.735 102.371 103.818 104.132 -359.484 520.702 -175.761 -348.006 526.333 -177.127 -341.357 516.758 -161.266 -342.11 507.781 -149.526 -344.879 493.853 -143.759 -325.658 467.379 -170.207 10.9483 8.80265 18.6004
165.745 150.649 134.18 133.717 138.861 164.949 119.184 100.867 101.914 102.51 -360.593 520.084 -176.4 -347.673 525.711 -176.762 -340.559 514.982 -160.444 -341.356 505.832 -149.05 -344.424 492.386 -143.446 -325.579 467.181 -170.3 11.0087 8.84548 18.893
165.946 149.606 134.398 133.504 138.452 165.195 119.135 99.3667 100.434 101.226 -360.282 520.288 -177.086 -348.281 525.612 -177.579 -339.943 514.253 -160.279 -340.66 505.094 -148.799 -344.018 491.989 -143.202 -325.598 467.252 -170.448 10.9956 8.99866 20.3895
166.167 148.445 133.637 132.344 138.089 165.162 120.597 98.8754 100.133 101.081 -360.173 520.023 -177.157 -348.197 525.836 -177.887 -339.85 513.848 -160.472 -340.665 504.76 -148.933 -343.846 491.808 -143.286 -325.409 467.045 -170.453 11.1437 8.94878 20.3846
166.471 147.992 133.045 130.746 136.906 165.345 121.852 98.7157 100.118 101.003 -359.85 520.148 -177.278 -348.094 526.29 -178.364 -339.973 513.926 -160.803 -340.975 504.909 -149.253 -343.982 492.027 -143.546 -325.349 467.007 -170.54 11.2857 8.84984 20.2295
166.817 147.862 131.895 128.558 135.06 165.89 123.446 98.0389 99.6416 100.604 -359.274 520.771 -177.003 -348.884 527.135 -179.152 -340.357 514.063 -160.869 -341.251 505.047 -149.387 -344.301 492.284 -143.68 -325.305 467.285 -170.551 11.332 9.0684 20.9312
167.176 148.291 130.844 126.98 134.005 166.214 124.776 98.39 100.189 101.056 -359.083 521.385 -176.675 -349.245 527.98 -179.579 -341.156 514.879 -161.381 -341.998 505.881 -149.816 -344.839 493.042 -144.028 -325.376 467.643 -170.632 11.3852 9.11585 20.5279
167.225 148.246 129.81 126.102 133.459 166.164 125.312 98.4441 100.658 101.538 -358.57 521.685 -176.772 -349.757 528.247 -180.165 -341.578 515.25 -161.961 -342.296 506.409 -150.306 -345.075 493.462 -144.289 -325.329 467.723 -170.598 11.2508 9.27705 20.6565
167.407 149.186 129.468 126.015 133.877 166.277 126.631 100.477 103.047 103.414 -358.739 521.522 -176.714 -349.767 528.687 -180.2 -342.22 516.385 -162.538 -343.212 507.693 -150.91 -345.603 494.271 -144.701 -325.236 467.707 -170.65 11.1148 8.95334 19.7462
167.441 149.708 129.487 126.899 134.975 166.332 126.429 101.592 104.403 104.333 -358.701 521.384 -176.963 -349.908 528.641 -180.559 -342.564 517.072 -163.094 -343.611 508.483 -151.444 -345.844 494.649 -145.013 -325.15 467.691 -170.709 10.9003 8.85751 19.5053
167.431 150.144 130.062 128.312 136.519 166.373 126.939 103.088 105.959 105.549 -358.844 520.896 -177.007 -349.716 528.526 -180.546 -342.722 517.542 -163.313 -344.094 508.962 -151.696 -346.097 494.772 -145.162 -324.923 467.402 -170.675 10.7578 8.48285 19.0358
167.282 150.756 130.864 130.04 138.402 166.19 127.577 104.456 107.359 106.472 -359.256 520.236 -176.732 -349.366 528.286 -180.261 -342.895 517.937 -163.6 -344.723 509.394 -151.973 -346.295 494.798 -145.227 -324.679 467.058 -170.581 10.6837 7.99322 18.311
167.009 150.705 131.096 130.982 139.488 165.98 127.497 105.137 108.02 107.132 -359.133 519.634 -176.884 -348.784 527.657 -179.88 -342.593 517.78 -163.747 -344.727 509.27 -152.158 -346.168 494.543 -145.31 -324.375 466.521 -170.442 10.635 7.71732 17.9086
166.923 150.851 131.468 131.763 140.111 166.15 126.969 105.696 108.253 107.52 -358.827 519.28 -176.663 -348.796 527.083 -180.027 -342.536 517.781 -163.842 -344.471 509.139 -152.163 -346.059 494.408 -145.274 -324.108 466.176 -170.334 10.4751 7.78806 18.056
166.807 150.46 132.024 133.181 141.719 165.89 126.48 106.296 108.884 108.211 -358.878 518.742 -176.611 -348.008 526.511 -179.33 -342.464 517.664 -163.874 -344.611 509.073 -152.222 -346.057 494.25 -145.348 -323.811 465.819 -170.22 10.4753 7.57792 17.2542
166.87 150.74 132.935 134.784 143.295 165.786 125.992 106.898 109.76 108.976 -358.826 518.734 -176.703 -347.454 526.347 -178.839 -342.78 517.989 -164.221 -345.003 509.621 -152.568 -346.204 494.654 -145.634 -323.736 465.777 -170.195 10.5478 7.53139 16.3398
166.832 151.002 133.769 136.42 144.916 165.628 125.734 107.162 109.963 109.121 -358.83 518.398 -176.953 -346.928 525.93 -178.394 -342.732 517.865 -164.418 -345.081 509.581 -152.76 -346.075 494.538 -145.813 -323.455 465.562 -170.186 10.6368 7.41957 15.8028
166.818 150.772 134.214 136.62 145.284 165.492 125.763 107.151 109.799 109.224 -358.527 518.548 -177.128 -346.71 525.847 -178.337 -342.517 517.837 -164.36 -344.763 509.568 -152.713 -345.781 494.684 -145.932 -323.409 465.492 -170.225 10.8209 7.51865 15.8176
166.49 149.366 132.864 131.876 140.496 165.431 123.864 102.041 103.613 104.365 -358.3 518.457 -177.888 -346.085 524.858 -178.157 -339.891 514.413 -162.596 -341.947 505.68 -151.417 -343.847 491.954 -145.049 -323.226 465.235 -170.22 11.1558 8.0266 17.7879
166.592 148.623 132.15 130.975 140.382 165.468 123.405 101.17 102.993 104.169 -357.841 518.615 -177.669 -345.491 524.731 -177.98 -339.356 513.885 -162.265 -341.399 505.326 -151.116 -343.391 491.968 -144.87 -322.983 465.198 -170.199 11.3043 8.14209 17.8152
166.768 148.656 130.859 129.243 138.613 165.472 123.437 100.248 102.667 103.606 -357.268 519.273 -177.713 -345.819 525.22 -178.372 -339.398 513.922 -162.335 -341.333 505.625 -151.16 -343.289 492.274 -144.773 -323.031 465.586 -170.271 11.2964 8.35916 18.253
166.851 148.418 129.959 128.998 138.643 165.229 123.625 100.771 103.65 104.192 -357.18 519.327 -177.756 -345.7 525.55 -178.358 -339.737 514.433 -162.652 -341.798 506.335 -151.409 -343.33 492.695 -144.865 -322.976 465.779 -170.348 11.3596 8.24033 17.7556
166.906 148.473 129.955 129.551 138.983 165.043 123.714 101.766 104.937 104.947 -357.316 519.344 -177.558 -345.508 525.901 -178.295 -340.245 515.275 -163.079 -342.499 507.321 -151.765 -343.538 493.306 -145.094 -322.959 466.01 -170.467 11.4701 8.02391 16.9904
166.93 149.54 132.532 131.535 140.143 164.583 120.284 100.759 105.338 106.28 -358.682 517.747 -177.317 -342.712 524.058 -175.79 -338.545 513.437 -161.587 -341.905 506.389 -151.042 -343.246 492.837 -144.984 -322.515 465.524 -170.406 11.5764 7.82884 15.6169
166.817 149.118 132.866 131.575 140.589 164.568 119.042 100.143 105.71 106.189 -358.258 517.59 -177.36 -341.66 523.931 -175.82 -337.684 513.286 -161.681 -341.483 506.718 -151.168 -342.764 493.019 -145.008 -322.236 465.527 -170.448 11.5623 7.75716 15.5261
166.937 148.781 132.64 132.599 142.282 164.613 119.088 100.882 107.925 107.927 -358.025 517.683 -177.393 -341.077 524.178 -175.737 -337.901 514.012 -162.361 -342.083 508.126 -151.93 -342.954 494.043 -145.61 -322.066 465.666 -170.575 11.5773 7.76289 14.6895
167.331 148.839 131.784 136.468 145.238 164.771 120.041 103.36 112.777 110.833 -357.754 517.937 -177.118 -340.54 524.831 -175.665 -339.081 516.063 -164.021 -344.112 511.234 -153.72 -343.683 495.915 -146.767 -321.934 465.963 -170.81 11.6986 7.62456 13.1223
167.402 149.369 134.685 144.565 149.661 164.558 121.369 108.185 118.356 114.701 -357.255 518.3 -176.532 -340.057 525.768 -175.587 -340.868 519.429 -165.946 -346.466 514.859 -155.512 -344.797 498.363 -147.941 -321.758 466.324 -171.013 11.7525 7.09236 11.6398
167.436 149.633 136.92 148.928 152.144 164.695 121.976 110.52 120.683 117.04 -356.818 518.609 -176.363 -339.975 526.312 -176.085 -341.624 521.041 -166.825 -347.215 516.423 -156.296 -345.546 499.773 -148.801 -321.565 466.575 -171.341 11.5743 6.8991 11.2775
167.397 150.031 137.884 151.649 155.172 164.764 122.348 111.85 121.599 118.585 -356.288 518.46 -175.751 -339.332 526.666 -175.986 -342.055 521.691 -167.219 -347.351 516.822 -156.644 -345.727 500.194 -149.242 -320.969 466.563 -171.48 11.4211 6.87385 10.6107
166.92 149.438 138.423 155.559 157.004 164.695 121.799 111.904 121.586 118.173 -355.254 518.711 -176.248 -340.128 526.422 -176.938 -341.929 521.661 -167.453 -346.799 516.775 -156.693 -345.146 499.871 -149.161 -320.396 466.48 -171.613 11.3192 6.95203 11.3626
166.821 149.807 139.123 155.788 154.913 164.863 122.326 111.743 120.071 116.555 -353.836 519.421 -176.45 -341.275 526.953 -178.466 -341.622 522.197 -167.822 -345.455 516.71 -156.443 -344.29 499.771 -148.972 -320.023 466.745 -171.891 11.1804 7.04811 12.5713
166.751 148.855 139.832 154.821 152.37 164.914 124.34 112.341 118.471 115.087 -352.572 520.467 -177.076 -342.227 528.118 -180.36 -341.312 522.952 -168.115 -343.907 516.457 -156.021 -343.442 499.624 -148.999 -319.613 467.16 -172.373 11.0699 7.33948 13.5567
166.969 149.873 140.688 152.58 150.909 165.375 125.121 113.286 116.947 114.566 -351.869 521.756 -177.775 -341.624 529.15 -180.68 -340.86 524.104 -168.388 -343.254 516.497 -155.999 -343.469 500.219 -149.45 -319.369 467.729 -172.759 10.9744 7.1307 13.3734
167.19 150.978 142.024 151.904 151.009 165.46 126.562 114.901 117.594 115.583 -351.671 522.553 -178.382 -341.437 530.098 -181.006 -340.986 525.318 -168.906 -343.25 517.264 -156.687 -343.721 501.09 -150.269 -319.205 468.208 -173.275 10.8317 7.14218 13.0408
167.444 152.406 143.775 153.336 152.362 165.604 127.742 115.944 117.724 116.021 -351.111 523.345 -178.981 -341.367 531.049 -181.646 -341.504 526.304 -169.918 -343.221 517.796 -157.349 -343.606 501.664 -150.989 -318.812 468.688 -173.808 10.8728 7.314 12.4699
167.224 151.377 143.881 148.387 150.166 165.579 127.895 114.425 113.852 113.67 -350.195 523.688 -179.492 -341.934 531.144 -182.992 -340.723 525.963 -170.316 -340.472 516.301 -156.767 -342.012 500.984 -150.882 -318.219 469.01 -174.261 10.8209 8.75305 13.6675
166.98 152.451 144.168 147.436 150.316 165.214 128.256 113.568 112.543 113.346 -349.942 523.399 -179.991 -341.584 530.932 -183.479 -339.591 525.405 -170.417 -339.023 515.329 -156.451 -341.051 500.529 -150.832 -317.604 468.882 -174.545 10.8188 8.95396 14.2456
167.133 153.649 143.557 144.77 149.253 165.118 129.122 112.695 111.101 112.5 -349.475 523.158 -180.171 -340.956 530.979 -184.018 -338.016 524.818 -170.165 -337.304 514.371 -156.226 -339.724 500.093 -150.801 -316.981 468.713 -174.908 10.9426 9.13628 14.9937
167.377 155.17 142.942 144.138 149.624 165.044 129.526 113.029 112.619 113.389 -348.525 523.31 -180.264 -339.656 531.498 -184.212 -337.568 525.167 -170.848 -337.229 515.357 -157.289 -339.1 500.774 -151.553 -316.309 468.815 -175.273 11.0275 8.91214 14.1705
167.387 156.124 144.59 145.208 150.967 164.889 129.728 113.256 112.644 113.87 -347.556 522.559 -180.265 -338.253 530.962 -184.456 -336.873 524.765 -171.555 -336.634 514.945 -157.828 -338.18 500.521 -152.102 -315.15 468.182 -175.478 11.2824 8.77132 13.5072
167.374 156.541 146.498 147.968 152.436 165.278 129.07 113.303 113.691 114.865 -347.099 522.224 -180.849 -336.877 530.439 -184.926 -335.672 524.531 -171.897 -336.172 515.36 -158.741 -337.843 500.83 -152.947 -314.263 467.955 -175.916 11.1022 8.28827 13.4193
167.385 155.005 146.135 148.248 152.557 165.354 128.351 111.475 113.074 114.248 -346.151 522.15 -181.492 -336.036 529.977 -185.397 -334.327 523.65 -172.11 -335.115 515.031 -159.142 -336.742 500.509 -153.194 -313.387 467.852 -176.179 11.0954 8.25866 13.9066
167.743 157.256 148.471 152.281 154.872 165.549 129.144 114.324 117.345 116.109 -345.784 522.219 -182.096 -335.368 530.223 -185.1 -335.363 525.173 -173.855 -336.714 517.205 -161.283 -336.831 501.235 -154.428 -312.768 468.067 -176.688 11.0985 7.88183 12.6029
167.967 156.613 149.818 154.867 155.824 165.852 128.62 114.52 118.263 116.696 -344.997 522.621 -182.405 -334.875 530.364 -185.445 -335.421 525.42 -174.451 -336.825 517.672 -161.873 -336.577 501.41 -154.81 -312.222 468.184 -176.913 11.1112 7.84759 12.1892
168.208 155.819 148.459 151.481 153.281 166.262 128.422 114.581 117.739 116.017 -343.533 523.452 -182.535 -333.925 530.897 -185.659 -334.639 525.951 -174.757 -335.952 517.792 -162.17 -335.751 501.493 -154.986 -311.637 468.494 -177.164 11.1299 7.92475 12.1394
168.387 156.107 146.848 149.689 152.939 166.466 129.206 115.564 118.806 117.032 -342.874 523.814 -182.558 -332.821 531.512 -185.618 -333.718 526.611 -174.841 -335.613 518.426 -162.609 -335.471 502.108 -155.397 -311.028 468.661 -177.422 10.9923 7.52845 11.949
168.321 155.999 145.975 148.102 151.99 166.693 128.116 115.684 118.039 116.72 -342.385 523.75 -182.459 -331.664 531.353 -185.555 -332.49 526.545 -174.421 -333.968 517.909 -162.024 -334.434 501.802 -155.217 -310.353 468.653 -177.63 10.8516 7.75025 12.0354
168.251 156.465 144.876 146.056 151.455 166.617 127.735 115.681 116.983 116.226 -341.714 523.474 -181.973 -330.854 531.431 -185.107 -332.108 526.547 -174.395 -333.196 517.313 -161.752 -333.766 501.423 -155.084 -309.609 468.712 -177.745 10.8505 7.91456 11.7038
168.121 155.305 143.685 145.378 150.531 166.364 126.643 115.977 115.448 115.788 -343.059 522.955 -181.185 -330.571 530.818 -182.535 -332.974 525.898 -173.146 -333.006 515.73 -159.956 -333.783 500.263 -153.977 -309.059 469.086 -177.891 10.7536 8.34963 10.776
167.794 154.484 141.687 141.043 148.929 165.771 126.188 115.404 112.905 114.14 -343.937 522.133 -181.086 -330.786 530.137 -181.06 -333.468 524.654 -172.033 -332.491 513.198 -158.587 -333.204 498.257 -153.088 -308.226 469.286 -178.114 10.8834 8.85014 10.3763
167.207 154.027 140.757 138.094 147.477 165.167 125.738 115.003 112.28 113.534 -344.511 521.395 -180.824 -330.79 529.609 -180.326 -333.523 524.076 -171.755 -332.335 512.247 -158.388 -332.904 497.324 -152.818 -307.463 469.451 -178.228 10.7021 8.81548 10.3654
166.908 153.291 138.454 135.53 145.374 164.735 124.2 113.197 111.177 112.31 -342.937 521.788 -181.262 -329.094 529.721 -181.503 -331.018 523.931 -172.077 -330.427 512.414 -158.81 -331.223 497.688 -152.929 -306.964 469.403 -178.323 10.7951 8.58837 10.8754
166.43 151.39 135.522 133.882 144.032 164.173 122.547 110.539 108.741 109.758 -341.407 522.406 -181.89 -328.586 529.6 -182.54 -329.414 523.062 -172.214 -328.82 511.673 -159.016 -329.868 497.078 -152.967 -306.407 469.565 -178.505 10.8021 8.83499 11.6353
166.195 148.751 133.998 133.773 143.689 164.149 123.23 108.744 107.223 108.322 -339.931 522.764 -182.607 -329.361 529.643 -184.329 -328.025 522.409 -172.412 -327.34 511.217 -159.132 -328.683 496.775 -153.026 -305.717 469.514 -178.585 10.7896 9.10587 13.4768
165.567 147.252 132.282 131.099 140.479 163.96 122.791 107.469 104.73 105.892 -338.959 522.213 -183.148 -329.713 528.772 -185.021 -327.17 520.901 -171.83 -325.635 508.803 -157.94 -327.26 494.825 -152.082 -304.884 469.022 -178.57 10.9085 9.83178 14.578
165.528 146.705 130.644 129.265 138.777 164.062 122.105 105.36 102.35 103.56 -337.271 522.005 -183.073 -328.699 528.499 -185.875 -325.353 519.807 -171.857 -323.528 507.464 -157.705 -325.544 493.715 -151.586 -304.142 468.498 -178.349 10.8279 10.4288 15.493
165.498 146.119 129.691 127.695 136.404 164.142 122.147 103.916 100.535 102.027 -336.866 521.428 -183.325 -328.908 527.73 -185.977 -324.322 518.19 -170.804 -322.176 505.345 -156.653 -324.606 492.022 -150.876 -303.345 468.084 -178.303 10.8331 10.7268 16.7157
165.48 146.84 129.39 126.573 134.253 164.123 122.797 103.489 99.7705 101.362 -336.608 521.035 -183.454 -328.523 527.32 -185.292 -323.855 517.26 -170.202 -321.548 504.076 -156.065 -324.1 490.947 -150.553 -302.762 467.726 -178.261 10.9462 10.8276 16.6052
165.579 148.081 129.776 126.526 133.896 163.884 123.972 104.514 101.49 102.873 -336.815 520.447 -182.181 -327.923 527.002 -184.034 -323.561 517.037 -169.55 -321.398 504.114 -155.636 -323.752 490.757 -150.328 -301.95 467.396 -178.1 10.9356 10.4515 16.0091
165.923 149.672 129.693 124.658 132.294 164.051 125.097 104.426 101.186 102.441 -335.342 520.484 -181.733 -326.297 527.817 -184.495 -322.182 517.256 -169.637 -320.366 504.096 -155.668 -322.672 490.891 -150.342 -301.327 467.108 -178.013 11.2307 10.3519 15.9209
166.389 151.367 130.297 124.182 131.645 164.326 127.507 105.923 102.152 103.143 -333.563 520.699 -181.199 -324.387 528.567 -184.829 -320.715 517.839 -169.646 -319.764 504.616 -155.944 -321.858 491.332 -150.669 -300.424 466.445 -177.793 11.5455 9.55367 15.5543
166.2 152.703 132.514 129.787 137.853 163.987 129.051 107.092 105.628 106.282 -332.949 519.772 -180.5 -323.194 528.17 -184.493 -319.783 517.937 -169.724 -320.237 506.363 -156.735 -321.628 492.401 -151.293 -299.477 465.655 -177.512 11.5518 8.19253 15.1593
166.117 155.097 133.659 132.36 140.984 163.93 127.739 106.673 108.075 109.595 -334.234 518.529 -179.431 -321.961 526.062 -180.593 -318.985 516.221 -168.187 -320.352 506.247 -156.411 -322.093 492.235 -151.293 -298.78 465.121 -177.478 11.0541 7.66266 14.1388
166.245 155.891 133.481 132.367 141.616 163.982 128.895 107.37 109.229 111.555 -334.69 517.312 -178.509 -321.699 525.295 -179.296 -318.614 515.227 -167.288 -319.956 505.483 -155.911 -322.11 491.638 -151.025 -297.955 464.482 -177.323 10.7462 7.72113 13.9085
166.239 156.276 132.188 130.105 141.524 163.953 128.526 107.378 109.486 111.948 -334.808 515.906 -177.972 -321.387 524.48 -179.231 -318.387 513.793 -166.472 -319.632 503.911 -155.272 -321.754 490.254 -150.5 -297.088 463.762 -177.106 10.7046 7.73202 13.7484
166.245 156.89 133.187 130.437 141.731 163.864 126.074 107.216 109.904 112.143 -335.067 515.04 -178.393 -319.285 522.974 -178.226 -317.486 512.613 -166.199 -319.255 503.298 -155.717 -321.007 489.584 -150.968 -296.378 463.176 -176.987 10.9643 7.70783 12.4691
166.684 156.356 132.757 130.852 143.114 164.124 126.298 108.371 112.188 114.132 -335.777 514.179 -178.59 -318.653 522.012 -177.009 -317.766 512.296 -166.3 -319.829 503.473 -156.083 -321.167 489.445 -151.34 -295.802 462.852 -177.004 10.8907 7.64306 11.4858
166.781 153.945 132.158 130.606 143.759 164.46 125.716 109.403 113.487 115.447 -336.048 513.019 -178.31 -317.486 520.653 -175.717 -317.521 511.576 -165.963 -319.73 502.829 -155.835 -320.863 488.851 -151.195 -294.991 462.255 -176.792 10.9223 7.52743 10.7515
166.659 151.952 131.306 129.656 143.1 164.156 124.56 109.067 113.227 115.164 -336.084 511.861 -178.371 -316.844 519.404 -175.135 -317.196 510.69 -165.937 -319.453 501.901 -155.707 -320.396 488.028 -150.972 -294.304 461.792 -176.513 10.9552 7.43535 10.6495
166.136 146.979 130.12 127.745 142.302 164.019 122.235 106.757 110.854 113.356 -334.119 512.732 -178.778 -316.211 519.048 -177.076 -315.532 510.281 -166.381 -317.845 501.585 -156.144 -319.218 488.192 -151.196 -293.914 461.654 -176.482 11.1034 7.69323 11.8911
165.906 144.252 128.908 126.947 141.997 163.954 120.648 104.941 109.164 111.73 -331.882 514.084 -179.548 -315.608 519.481 -179.236 -314.299 510.465 -167.173 -316.432 502.032 -156.783 -318.154 488.851 -151.573 -293.739 461.836 -176.516 11.1738 8.1049 12.9212
166.763 142.566 128.409 126.137 139.68 165.024 120.266 103.739 107.378 110.138 -330.985 514.918 -180.775 -315.986 519.859 -180.219 -314.047 510.166 -167.134 -315.775 501.343 -156.458 -317.706 488.281 -151.269 -293.524 462.15 -176.562 11.1472 8.23063 13.6155
166.721 140.404 128.24 126.749 139.396 165.505 121.228 101.788 104.788 107.593 -329.228 516.401 -181.921 -316.748 520.869 -182.397 -312.859 510.317 -167.533 -314.415 501.392 -156.763 -316.695 488.46 -151.462 -293.468 462.589 -176.648 11.2516 8.5581 15.9794
166.574 139.874 128.076 127.129 138.825 165.587 121.269 100.84 103.677 106.3 -327.375 517.316 -182.389 -316.367 521.671 -183.936 -311.602 510.835 -168.112 -313.167 501.941 -157.128 -315.665 488.959 -151.559 -293.221 462.771 -176.538 11.2219 8.70645 17.33
166.624 141.36 128.311 128.707 139.497 165.489 123.317 101.728 104.354 106.457 -326.333 517.857 -182.694 -315.741 522.974 -184.852 -311.354 511.919 -169.01 -313.128 503.031 -157.806 -315.407 489.683 -152.078 -293.094 462.811 -176.582 11.3029 8.51894 17.0026
166.821 144.285 129.159 130.332 139.673 165.664 125.249 103.012 105.477 107.044 -325.494 518.391 -182.706 -315.506 524.528 -185.75 -311.253 513.351 -169.66 -313.243 504.501 -158.415 -315.505 490.762 -152.58 -293.024 463.073 -176.606 11.2355 8.3675 16.9266
166.965 150.162 130.694 133.827 140.932 165.564 127.937 106.051 108.47 109.077 -324.453 518.886 -182.413 -314.249 526.636 -186.36 -311.423 515.886 -171.148 -313.856 507.286 -159.744 -315.846 492.819 -153.541 -292.834 463.267 -176.472 11.1046 7.94818 15.2588
166.822 151.097 132.005 136.166 142.03 165.465 128.336 107.152 109.796 109.926 -323.949 519.354 -182.701 -314.566 527.11 -187.216 -311.547 517.147 -172.082 -314.006 508.764 -160.505 -315.986 493.933 -153.99 -292.864 463.549 -176.54 10.8796 7.88441 15.4535
