135.587 144.849 147.129 142.24 141.139 123.55 73.2343 68.6451 72.8257 79.458 -178.045 326.876 -225.439 -181.486 344.847 -205.008 -171.404 340.315 -201.527 -160.575 334.688 -198.5 -151.125 331.055 -203.112 -155.161 359.329 -212.872 17.3062 10.4009 13.9678
131.602 145.625 146.174 141.418 142.317 120.43 75.3951 69.5784 73.7787 80.0554 -174.898 324.579 -223.773 -180.603 344.098 -204.532 -170.694 340.06 -201.418 -159.841 334.156 -198.51 -150.326 330.639 -203.202 -154.097 359.466 -212.818 17.1368 10.101 14.2142
130.933 145.549 144.683 139.92 140.379 120.881 77.6217 71.4111 74.1631 79.0256 -174.172 324.869 -224.618 -179.785 344.331 -204.414 -169.937 339.35 -201.753 -158.89 333.633 -199.172 -148.672 330.264 -203.55 -152.597 359.817 -212.862 16.3264 9.93303 13.1141
129.438 147.892 145.157 139.479 140.545 120.105 78.2514 71.4993 73.7089 78.4446 -171.54 324.261 -225.016 -179.451 345.49 -205.084 -169.441 340.613 -202.696 -158.538 335.077 -200.363 -148.175 331.642 -204.735 -151.754 361.139 -213.347 16.2871 10.2903 13.0337
128.283 146.93 145.739 139.525 140.968 119.078 79.4085 72.5572 74.624 79.1745 -169.571 323.696 -224.409 -178.665 345.417 -204.724 -168.464 340.334 -202.403 -157.945 335.012 -200.242 -147.669 331.706 -204.903 -150.737 361.242 -213.458 16.5296 10.7256 12.5494
128.962 144.757 145.829 139.495 141.02 118.011 80.4194 73.9642 75.7393 80.0216 -168.805 323.362 -224.019 -178.098 345.564 -204.249 -167.75 339.942 -201.782 -157.611 334.764 -199.775 -147.175 331.181 -204.569 -149.541 360.811 -213.664 16.289 11.0761 11.8087
127.981 143.646 145.772 139.46 140.757 117.081 80.6828 74.4381 76.2468 80.2686 -167.245 323.431 -223.743 -177.11 345.474 -204.039 -166.788 339.81 -201.576 -156.786 334.535 -199.79 -146.15 330.95 -204.687 -148.549 360.698 -213.747 16.0744 11.1276 11.686
129.595 144.353 144.629 139.119 140.325 118.3 81.6414 75.0114 76.7226 79.9419 -165.997 323.939 -225.179 -176.456 345.734 -204.04 -166.342 339.765 -202.343 -156.072 334.263 -200.59 -145.042 330.983 -205.399 -147.939 361.414 -214.04 15.6095 10.6501 11.2829
128.716 143.433 144.951 139.12 140.323 119.551 82.4198 75.9823 77.5142 80.7976 -167.108 325.102 -225.801 -175.55 345.146 -204.162 -165.613 339.109 -202.118 -155.429 333.637 -200.515 -144.244 330.231 -205.347 -146.697 361.174 -213.815 15.3336 10.68 11.4319
128.54 144.709 146.426 140.007 139.661 120.175 82.141 76.3698 77.6956 80.7094 -166.425 326.51 -226.96 -175.229 346.601 -204.741 -165.54 339.806 -202.77 -155.06 333.966 -201.228 -143.66 330.589 -205.897 -145.853 361.948 -214.094 15.1285 10.1317 11.1046
128.005 143.726 146.155 139.814 139.371 122.371 82.598 77.6443 78.6758 81.2074 -166.079 326.535 -226.553 -175.216 348.135 -204.534 -165.29 340.143 -202.494 -154.923 334.496 -200.785 -143.594 331.16 -205.498 -145.098 362.484 -214.239 15.2552 10.2264 9.89854
128.172 141.114 146.018 139.769 139.357 120.906 82.8547 78.2825 79.4426 82.1861 -164.964 325.222 -225.261 -174.437 347.963 -204.095 -164.142 339.834 -201.428 -154.345 334.555 -199.673 -143.272 331.002 -204.677 -144.125 361.842 -214.212 15.5017 10.9318 9.51659
127.881 138.409 145.41 139.976 139.711 118.626 82.5787 78.6482 79.6798 82.5597 -163.406 324.033 -223.948 -173.727 347.835 -204.136 -163.22 339.739 -200.928 -153.762 334.805 -199.288 -142.738 331.131 -204.458 -143.386 361.383 -214.5 15.7074 11.4689 9.30678
128.14 136.245 144.477 139.777 139.518 117.152 81.8095 78.7276 79.6538 82.5181 -162.417 323.978 -223.643 -172.926 348.04 -204.345 -162.441 340.041 -200.633 -153.101 335.255 -199.106 -142.168 331.473 -204.429 -142.746 361.198 -214.76 15.9089 11.7053 9.40739
127.015 135.196 143.569 139.155 139.301 115.988 81.049 78.1695 79.376 82.3914 -161.747 324.695 -223.418 -172.075 348.2 -204.618 -161.878 340.667 -200.659 -152.605 335.745 -199.163 -141.813 331.832 -204.561 -142.266 361.272 -214.83 16.0176 11.7605 10.1623
126.928 136.673 142.789 139.266 139.141 116.735 81.1403 77.3523 78.6509 81.2811 -160.893 325.926 -224.759 -171.465 348.833 -205.041 -161.397 341.335 -201.746 -151.65 335.906 -199.937 -140.79 332.282 -204.998 -141.83 361.965 -215.152 15.9176 11.0029 10.2186
127.108 136.497 141.088 138.687 138.953 118.249 81.9154 77.5284 78.4562 80.5774 -160.755 326.885 -225.938 -171.02 349.176 -205.301 -161.092 341.577 -202.426 -151.097 336.126 -200.398 -140.156 332.66 -205.227 -141.256 362.469 -215.365 15.8688 10.7217 10.062
127.207 136.58 141.438 138.817 139.231 117.779 81.7624 77.6925 78.5918 80.8219 -160.357 326.245 -225.598 -170.506 348.411 -205.425 -160.844 341.35 -202.209 -150.76 336.037 -200.28 -139.742 332.507 -205.204 -140.782 362.074 -215.429 15.8706 10.7284 10.6864
127.666 138.594 140.958 138.27 138.031 119.366 82.544 77.4585 78.2764 80.2621 -160.891 327.592 -227.309 -170.137 348.502 -205.855 -160.6 341.435 -203.24 -150.168 335.826 -201.15 -138.999 332.462 -205.749 -140.206 362.572 -215.573 15.6338 10.2086 10.6912
127.208 138.982 141.615 138.219 138.101 119.641 82.2797 77.686 78.5485 80.7099 -161.024 327.594 -227.409 -169.496 347.818 -206.476 -160.323 341.205 -203.301 -149.9 335.819 -201.215 -138.675 332.349 -205.892 -139.651 362.505 -215.548 15.5557 10.3433 11.4828
126.192 139.366 142.084 138.11 138.406 119.139 81.9759 77.5192 78.6821 81.014 -161.064 327.527 -227.018 -168.599 347.182 -206.68 -159.677 341.033 -203.055 -149.483 335.838 -200.867 -138.262 332.274 -205.609 -139.076 362.173 -215.449 15.6221 10.6669 12.1596
125.021 138.29 142.319 138.335 138.84 117.713 81.6968 77.6177 78.8986 81.1119 -159.805 326.472 -225.616 -167.703 346.344 -206.61 -159.088 340.454 -202.75 -149.036 335.584 -200.548 -137.713 332.181 -205.43 -138.715 361.769 -215.449 15.7899 10.9593 12.5962
123.743 137.304 142.608 138.665 139.451 116.386 81.4029 77.396 78.9456 81.2044 -158.72 326.029 -224.346 -166.924 345.928 -206.297 -158.521 340.278 -202.309 -148.61 335.351 -200.173 -137.288 331.944 -205.173 -138.408 361.416 -215.339 15.9063 11.0598 12.9871
121.282 136.669 142.652 139.345 139.902 114.735 80.6555 76.9272 78.7264 80.8678 -157.594 326.36 -223.418 -166.378 345.791 -206.651 -158.118 340.379 -202.515 -148.176 335.314 -200.449 -136.699 332.01 -205.545 -138.347 361.502 -215.547 15.9454 10.9837 13.3792
119.229 136.3 142.85 139.727 140.207 113.655 80.2569 76.7017 78.6465 80.7552 -156.647 326.348 -222.559 -165.889 345.445 -206.858 -157.717 340.248 -202.52 -147.748 335.171 -200.53 -136.213 332.005 -205.699 -138.269 361.513 -215.584 15.9995 10.9788 13.7341
117.621 136.487 143.203 139.892 140.28 113.055 79.9436 76.1182 78.3957 80.671 -155.979 326.588 -222.38 -165.46 345.037 -207.238 -157.396 340.183 -202.873 -147.431 334.986 -200.918 -135.825 331.893 -206.101 -138.261 361.578 -215.615 15.9487 10.973 14.2367
117.452 137.013 143.495 139.749 140.877 113.617 79.4608 75.4083 78.0007 80.8271 -156.212 326.66 -222.548 -164.958 344.568 -207.466 -157.038 339.969 -203.006 -147.152 334.76 -200.955 -135.632 331.554 -206.047 -138.055 361.341 -215.371 15.9768 11.0941 14.7412
116.957 137.881 144.269 139.777 141.703 113.682 78.8147 74.6065 77.5465 80.8918 -156.269 326.488 -222.198 -164.472 344.147 -207.623 -156.703 339.874 -202.986 -146.911 334.693 -200.793 -135.491 331.385 -205.771 -137.874 361.077 -215.099 16.0637 11.2466 15.2839
117.721 138.964 145.295 139.747 142.133 113.844 77.7223 73.6886 77.0526 80.9082 -156.939 326.503 -222.31 -164.272 344.298 -207.789 -156.484 340.12 -202.928 -146.791 334.911 -200.489 -135.564 331.394 -205.359 -137.646 360.777 -214.895 16.2452 11.3535 15.4991
118.32 139.591 145.98 140.165 143.023 113.966 76.6078 72.8428 76.7392 81.0207 -157.259 326.21 -222.016 -164.112 344.477 -207.882 -156.272 340.379 -202.784 -146.726 335.153 -199.978 -135.648 331.44 -204.743 -137.475 360.48 -214.686 16.3675 11.4599 15.6587
118.325 140.773 146.459 140.536 143.867 113.928 76.0715 72.4298 76.3556 80.7455 -157.145 325.669 -221.518 -163.91 344.494 -207.777 -155.97 340.416 -202.653 -146.451 335.264 -199.777 -135.386 331.496 -204.468 -137.415 360.366 -214.573 16.3983 11.5581 15.6424
117.511 141.823 146.1 140.337 143.558 113.422 76.5233 73.0654 76.3955 80.4403 -156.86 325.166 -220.722 -163.872 344.316 -207.323 -155.82 339.989 -202.269 -146.259 335.129 -199.547 -135.12 331.438 -204.266 -137.394 360.261 -214.468 16.4055 11.6798 15.2392
118.495 139.244 144.811 140.654 142.708 113.24 77.2153 73.9733 76.7689 80.316 -155.91 324.574 -220.431 -163.767 343.7 -207.011 -155.624 339.216 -201.895 -145.928 334.301 -199.434 -134.614 330.931 -204.074 -137.415 360.023 -214.45 16.3388 11.5124 14.7926
118.975 138.839 144.64 140.591 142.268 113.105 77.1914 74.2479 76.7994 80.2588 -155.602 324.258 -220.191 -163.925 343.812 -206.947 -155.765 339.165 -201.815 -145.926 334.274 -199.489 -134.58 331.01 -204.149 -137.595 360.171 -214.436 16.3343 11.3985 14.6524
120.488 139.433 144.872 140.459 142.025 113.623 77.1219 74.5215 76.6005 80.0363 -155.361 323.638 -220.295 -164.086 343.645 -207.033 -155.875 338.858 -201.901 -145.893 334.208 -199.761 -134.437 331.063 -204.345 -137.836 360.374 -214.447 16.2597 11.4214 14.4548
121.395 141.272 145.203 140.477 141.817 113.522 77.2095 74.7679 76.4962 79.7936 -154.699 322.943 -219.958 -164.493 343.769 -207.177 -156.23 338.999 -202.123 -146.123 334.59 -200.131 -134.588 331.599 -204.722 -138.362 360.9 -214.694 16.2127 11.4342 14.3789
122.002 142.487 145.406 140.298 141.345 113.615 76.7412 74.7082 76.0965 79.2813 -153.986 322.808 -220.215 -164.727 344.136 -207.601 -156.456 339.301 -202.574 -146.276 335.212 -200.701 -134.681 332.319 -205.338 -138.881 361.499 -214.95 16.19 11.5657 14.3973
121.741 143.356 145.762 139.806 140.567 114.022 77.2126 74.5024 75.6486 78.8514 -153.989 323.309 -220.729 -165.085 344.368 -207.571 -156.741 339.772 -202.829 -146.587 335.973 -201.02 -135.057 333.057 -205.756 -139.323 361.959 -214.999 16.2988 11.8 14.4593
121.997 144.241 146.818 139.81 140.346 114.331 77.1707 74.315 75.2563 78.6447 -153.73 323.423 -221.083 -165.31 344.475 -207.87 -157.05 340.085 -203.102 -146.879 336.604 -201.329 -135.397 333.632 -206.104 -139.717 362.348 -215.106 16.3346 11.9977 14.7539
122.199 145.694 147.508 139.798 140.653 114.69 77.8676 74.4517 75.2615 78.8717 -153.634 323.243 -221.119 -165.683 344.355 -207.774 -157.525 340.284 -203.063 -147.401 337.081 -201.303 -135.942 333.951 -206.132 -140.08 362.614 -215.096 16.2538 12.2071 15.0421
123.144 146.755 147.329 139.613 141.163 115.148 78.8929 74.8922 75.4708 79.2291 -154.016 322.843 -221.238 -166.009 344.286 -207.383 -157.92 340.419 -202.775 -147.924 337.503 -200.995 -136.47 334.123 -205.83 -140.271 362.67 -215.109 16.168 12.4884 15.1109
123.533 147.455 147.62 139.664 141.947 115.309 79.4568 75.1426 75.5096 79.5181 -153.972 322.429 -220.965 -166.202 344.203 -207.008 -158.266 340.469 -202.464 -148.379 337.829 -200.675 -136.989 334.224 -205.504 -140.423 362.583 -215.052 16.1935 12.7697 15.2319
124.141 147.279 147.604 139.685 142.7 115.588 79.7722 75.2045 75.4071 79.7504 -154.297 322.236 -221.006 -166.246 344.299 -206.546 -158.449 340.579 -202.141 -148.671 338.118 -200.375 -137.396 334.324 -205.154 -140.562 362.475 -214.972 16.2253 13.0214 15.2976
124.612 147.097 147.967 140.042 142.564 115.865 79.5839 74.5547 74.9594 79.6452 -155.075 322.249 -220.9 -166.342 344.46 -206.294 -158.696 340.891 -202.081 -148.897 338.401 -200.165 -137.775 334.48 -204.902 -140.682 362.334 -214.833 16.3967 13.0551 15.5422
124.91 147.291 148.285 140.36 142.783 115.433 79.4155 73.6258 74.5402 79.5897 -155.443 322.48 -220.719 -166.548 344.75 -206.055 -158.809 341.47 -202.056 -149.074 338.759 -199.958 -138.101 334.659 -204.665 -140.795 362.259 -214.675 16.4969 13.0696 15.6974
125.465 147.15 148.626 140.858 143.127 114.957 78.8768 72.7602 74.4046 79.8689 -155.811 322.559 -220.514 -166.848 345.364 -205.902 -158.961 342.181 -202.025 -149.397 339.156 -199.667 -138.605 334.863 -204.364 -140.864 362.17 -214.561 16.6213 13.0935 15.7129
125.639 147.537 149.037 141.352 143.74 114.406 78.6886 72.0302 74.1855 80.0761 -156.003 322.596 -220.204 -166.953 345.785 -205.39 -158.828 342.711 -201.754 -149.519 339.444 -199.284 -138.956 334.884 -204.025 -140.934 361.951 -214.384 16.761 13.2669 15.639
126.497 147.511 148.928 141.457 144.246 113.981 78.7763 71.7005 74.0875 80.2256 -156.51 322.935 -220.507 -167.188 346.045 -204.95 -158.803 342.956 -201.589 -149.676 339.537 -199.107 -139.201 334.785 -203.839 -141.002 361.757 -214.299 16.7611 13.3952 15.3567
126.54 147.195 148.854 141.637 144.164 113.902 78.4625 71.4112 73.7091 79.9361 -156.769 323.469 -221.121 -167.247 346.272 -204.896 -158.735 343.115 -201.684 -149.624 339.71 -199.29 -139.158 334.932 -204.025 -141.185 361.82 -214.287 16.7218 13.4994 15.2013
126.572 146.675 149.019 141.891 143.891 114.12 78.196 71.5017 73.6712 79.7882 -157.087 323.85 -221.717 -167.257 346.536 -204.868 -158.736 343.185 -201.69 -149.65 339.92 -199.314 -139.199 335.172 -204.146 -141.299 361.865 -214.336 16.7785 13.6249 15.0144
126.134 146.014 148.956 141.906 143.882 114.199 77.9644 71.5755 73.874 79.8681 -157.059 324.005 -221.888 -167.309 346.744 -204.754 -158.748 343.351 -201.545 -149.723 340.101 -199.168 -139.313 335.394 -204.133 -141.474 361.927 -214.377 16.7982 13.6756 14.9678
126.284 145.022 149.151 142.004 143.724 114.747 77.6137 71.4459 73.9422 79.9402 -157.248 323.953 -222.243 -167.401 346.63 -204.849 -158.755 343.267 -201.505 -149.751 339.986 -199.04 -139.414 335.346 -204.034 -141.485 361.726 -214.279 16.8323 13.6793 15.0087
126.202 144.028 149.007 141.823 143.194 115.309 77.221 71.1628 73.8395 79.8604 -157.669 323.857 -222.386 -167.493 346.489 -204.882 -158.787 343.143 -201.453 -149.716 339.714 -198.934 -139.413 335.112 -203.901 -141.445 361.429 -214.067 16.8072 13.5505 15.0739
126.431 143.013 148.622 141.674 142.617 115.85 76.6236 70.8339 73.7695 79.8562 -158.58 324.009 -222.506 -167.673 346.613 -205.049 -158.909 343.131 -201.488 -149.778 339.485 -198.855 -139.448 334.867 -203.737 -141.325 361.247 -213.824 16.7205 13.3685 15.0491
126.307 142.233 148.101 141.613 142.111 116.05 75.7741 70.3067 73.6433 79.7181 -159.219 324.245 -222.648 -167.827 347.065 -205.314 -158.958 343.39 -201.699 -149.802 339.493 -198.892 -139.491 334.895 -203.775 -141.268 361.205 -213.77 16.7757 13.2021 14.9414
125.264 141.303 147.928 141.87 142.174 116.033 75.1706 69.9897 73.7169 79.8453 -159.027 323.949 -222.027 -167.802 347.206 -205.439 -158.916 343.467 -201.675 -149.812 339.397 -198.699 -139.618 334.838 -203.66 -141.154 361.044 -213.638 16.998 13.1184 14.9895
124.281 141.932 147.611 141.913 141.859 116.603 75.4392 69.6813 73.7889 79.9319 -159.09 323.79 -221.886 -167.914 347.045 -205.333 -158.946 343.526 -201.792 -149.834 339.282 -198.654 -139.702 334.833 -203.663 -141.032 360.937 -213.532 17.1402 12.986 15.0437
123.772 141.944 147.235 143.49 144.071 121.525 75.6519 68.0332 71.9181 78.99 -158.724 323.61 -222.79 -167.546 347.583 -205.488 -158.444 344.081 -202.626 -149.373 339.637 -199.096 -139.497 334.88 -203.342 -140.769 361.162 -213.406 17.1114 13.1317 14.9419
123.889 142.887 146.828 143.529 145.081 120.979 75.888 68.2915 72.2886 79.2896 -158.154 322.9 -222.109 -167.312 347.36 -205.364 -158.315 343.909 -202.451 -149.335 339.318 -198.984 -139.412 334.425 -203.316 -140.623 361.143 -213.317 16.9409 13.0776 15.125
124.162 143.616 146.48 143.155 145.655 120.124 76.172 68.5789 72.8031 79.736 -158.168 322.748 -221.853 -167.315 347.063 -205.235 -158.333 343.743 -202.294 -149.418 338.962 -198.934 -139.411 333.916 -203.373 -140.464 361.053 -213.256 16.6811 12.9631 15.2723
124.429 143.53 146.379 142.656 144.865 119.655 76.0752 68.5657 73.1853 80.1695 -158.649 322.999 -221.911 -167.499 346.817 -205.303 -158.36 343.547 -202.183 -149.435 338.435 -198.828 -139.452 333.34 -203.372 -140.156 360.83 -212.955 16.5935 12.7029 15.3409
124.827 143.672 146.749 142.471 144.959 119.123 76.3358 68.8438 73.6947 80.6591 -158.835 322.833 -221.711 -167.422 346.167 -205.071 -158.28 343.028 -201.814 -149.363 337.629 -198.538 -139.327 332.466 -203.157 -139.725 360.332 -212.594 16.474 12.4496 15.5025
124.941 144.064 147.018 142.163 144.988 118.735 76.4172 69.0195 74.0683 81.1059 -159.428 322.894 -221.556 -167.329 345.586 -205.028 -158.223 342.526 -201.57 -149.209 336.827 -198.309 -139.129 331.558 -202.905 -139.242 359.826 -212.282 16.3106 12.0898 15.7095
124.768 144.651 147.391 141.914 144.876 118.48 76.2069 68.9323 74.1977 81.3941 -159.758 323.174 -221.646 -167.244 345.236 -205.228 -158.031 342.18 -201.653 -148.931 336.186 -198.424 -138.819 330.846 -202.966 -138.739 359.536 -212.058 16.1472 11.7945 15.7665
123.932 146.185 147.994 141.457 144.633 118.445 76.6973 69.426 74.5962 81.6113 -160.248 323.676 -221.857 -166.974 344.524 -205.035 -157.649 341.438 -201.396 -148.395 335.283 -198.335 -138.172 330.04 -202.888 -138.129 359.135 -211.71 15.9718 11.5046 15.6676
123.956 146.893 148.685 140.554 143.335 118.271 77.5713 70.7595 75.2627 81.3667 -160.278 324.044 -222.168 -166.598 343.714 -204.707 -157.278 340.236 -200.962 -147.675 334.001 -198.305 -137.211 329.183 -202.94 -137.635 358.845 -211.486 15.8557 11.0497 15.2186
127.406 147.914 147.604 139.2 140.507 119.96 78.5341 72.3361 75.9318 80.7021 -160.828 325.271 -224.38 -166.735 343.973 -204.505 -157.262 339.163 -201.175 -147.016 332.731 -198.67 -136.141 328.49 -203.074 -137.074 358.959 -211.362 15.4728 10.172 13.6976
129.111 147.026 147.142 139.356 140.184 119.598 79.1017 73.3161 76.1863 80.365 -160.78 325.232 -224.445 -166.365 343.803 -203.92 -156.583 338.385 -200.588 -146.217 332.064 -198.313 -135.372 328.058 -202.851 -136.572 358.683 -211.243 15.6625 10.0827 12.8799
129.348 144.746 146.175 139.149 139.555 119.02 79.5224 74.2259 76.5524 80.1682 -160.847 325.174 -224.076 -165.909 343.602 -203.363 -156.003 337.705 -199.952 -145.597 331.52 -197.907 -134.711 327.689 -202.606 -136.172 358.376 -211.153 15.7277 10.0968 12.3576
128.502 143.123 145.596 138.877 138.873 118.603 79.8036 74.6891 76.6977 80.0171 -161.23 325.849 -223.917 -165.566 343.645 -202.946 -155.585 337.434 -199.613 -145.166 331.159 -197.853 -134.29 327.381 -202.691 -135.89 358.275 -211.076 15.77 10.04 11.992
128.06 141.017 145.015 138.977 138.676 118.244 79.9088 75.2449 76.8222 79.9272 -160.954 325.649 -223.328 -165.255 343.516 -202.541 -155.096 336.953 -199.203 -144.623 330.767 -197.752 -133.761 327.176 -202.705 -135.7 358.132 -210.976 15.8444 10.0576 11.5364
126.709 139.446 144.55 139.358 138.777 117.074 79.6943 75.5022 76.8307 79.7269 -160.209 325.744 -222.591 -164.891 343.832 -202.321 -154.572 337.038 -198.925 -144.099 330.922 -197.656 -133.235 327.455 -202.742 -135.547 358.278 -211.082 15.982 10.1251 11.1795
125.81 137.235 143.926 139.433 138.704 116.245 80.0337 75.989 77.3393 80.0603 -159.282 325.457 -221.878 -164.596 343.746 -202.031 -154.444 336.873 -198.579 -144.002 330.732 -197.32 -133.13 327.303 -202.52 -135.358 358.151 -211.079 15.9712 10.0939 11.1874
124.97 136.201 143.978 139.807 139.049 115.879 80.0111 76.0293 77.3794 79.9688 -158.354 324.966 -221.119 -164.199 343.755 -202.043 -154.318 337.03 -198.525 -143.786 330.927 -197.249 -132.879 327.616 -202.465 -135.277 358.327 -211.141 16.0013 10.0195 11.5226
123.874 135.862 144.381 140.162 139.221 115.74 79.7848 75.9356 77.3346 79.8442 -157.475 324.946 -221.033 -163.743 343.903 -202.429 -154.149 337.37 -198.853 -143.544 331.346 -197.569 -132.573 328.187 -202.773 -135.187 358.761 -211.319 15.9893 9.99399 11.9454
124.216 135.302 144.541 140.704 140.044 115.919 79.58 76.3772 77.5176 79.9361 -156.564 323.917 -220.563 -163.29 343.532 -202.613 -153.801 336.947 -198.721 -143.241 331.42 -197.333 -132.181 328.426 -202.504 -134.995 358.678 -211.382 16.0335 10.2731 11.9675
125.534 135.348 144.41 140.834 140.158 116.52 79.2587 76.251 77.4718 79.973 -156.552 324.584 -221.781 -162.869 343.753 -203.181 -153.431 337.201 -199.116 -142.952 331.786 -197.58 -131.786 328.776 -202.637 -134.643 359.018 -211.538 15.9416 10.4049 12.0808
125.491 135.697 144.497 140.76 140.091 116.686 78.9401 75.8998 77.2546 79.7587 -156.71 325.521 -222.741 -162.519 344.103 -203.81 -153.055 337.692 -199.589 -142.648 332.287 -197.947 -131.387 329.247 -202.916 -134.315 359.401 -211.779 15.8926 10.5005 12.2329
124.804 136.045 144.608 141.058 140.553 116.681 78.5946 75.6523 76.9166 79.5171 -156.39 325.591 -222.498 -162.118 344.376 -203.965 -152.443 337.981 -199.598 -142.193 332.788 -197.884 -130.917 329.723 -202.794 -133.98 359.602 -211.828 16.0079 10.805 12.0825
123.48 136.617 144.427 140.913 140.531 116.619 78.4561 75.1798 76.5809 79.1026 -156.252 326.056 -222.549 -161.708 344.378 -204.134 -152.169 338.195 -199.874 -141.898 332.947 -198.067 -130.494 329.922 -202.87 -133.76 359.73 -211.841 15.9681 10.7858 12.3534
121.605 137.29 144.42 140.536 140.337 116.452 78.6388 75.0292 76.6999 79.1731 -155.925 326.406 -222.283 -161.331 344.138 -204.207 -152.115 338.299 -199.997 -141.814 332.962 -198.101 -130.3 329.97 -202.86 -133.492 359.787 -211.777 15.8837 10.696 12.8754
119.382 138.249 144.264 140.214 140.124 116.27 79.0827 75.0726 76.8939 79.2374 -155.378 326.561 -221.939 -161.027 343.8 -204.346 -152.205 338.413 -200.165 -141.806 333.07 -198.196 -130.177 330.17 -202.936 -133.308 359.925 -211.785 15.7954 10.567 13.5396
118.492 138.77 143.832 139.983 139.951 116.822 79.5627 75.3033 77.0384 79.3071 -155.577 326.765 -222.237 -160.959 343.455 -204.483 -152.269 338.278 -200.322 -141.785 333.066 -198.303 -130.073 330.222 -203.004 -133.169 359.969 -211.827 15.7053 10.529 13.7629
117.789 138.734 143.646 140.084 139.965 117.553 79.7056 75.5365 77.0877 79.2631 -155.343 326.64 -222.292 -160.703 343.084 -204.315 -152.025 337.943 -200.19 -141.501 333.01 -198.154 -129.748 330.327 -202.853 -133.011 359.896 -211.686 15.7227 10.6263 13.7225
117.418 138.442 143.297 140.05 139.949 117.955 79.7505 75.7448 77.1542 79.2949 -155.35 326.41 -222.377 -160.542 342.774 -204.172 -151.934 337.59 -200.106 -141.383 332.809 -198.102 -129.612 330.185 -202.819 -132.9 359.661 -211.611 15.7457 10.6824 13.6651
117.734 138.106 143.087 140.078 140.105 118.134 79.9714 76.0142 77.3247 79.5396 -155.258 326.115 -222.322 -160.326 342.451 -203.843 -151.784 337.216 -199.765 -141.284 332.511 -197.739 -129.539 329.813 -202.448 -132.567 359.246 -211.346 15.7771 10.7573 13.5915
118.017 137.822 142.544 140.089 139.991 118.242 80.0186 75.9918 77.2257 79.4908 -155.496 326.325 -222.546 -160.298 342.403 -203.626 -151.658 337.133 -199.63 -141.132 332.383 -197.614 -129.405 329.575 -202.345 -132.347 359.03 -211.165 15.766 10.7238 13.4307
118.546 137.43 142.265 139.934 139.78 118.046 79.7297 75.9024 76.9982 79.3677 -155.365 326.093 -222.475 -160.256 342.623 -203.439 -151.502 337.155 -199.56 -140.965 332.407 -197.612 -129.314 329.517 -202.342 -132.22 358.917 -211.097 15.8085 10.7536 13.146
118.747 137.048 142.12 140.139 139.833 117.632 79.29 75.6269 76.5726 79.0322 -155.005 325.732 -222.143 -160.192 342.873 -203.382 -151.331 337.29 -199.599 -140.776 332.558 -197.711 -129.159 329.61 -202.423 -132.161 358.89 -211.121 15.8815 10.8005 12.9389
119.439 136.93 142.277 140.296 139.826 117.628 79.0339 75.3891 76.1913 78.7508 -155.045 325.593 -222.147 -160.212 342.893 -203.376 -151.154 337.234 -199.621 -140.556 332.513 -197.796 -128.97 329.523 -202.466 -132.124 358.818 -211.098 15.8837 10.8064 12.7343
119.833 137.379 142.01 140.15 139.481 117.89 78.9457 75.0255 75.7385 78.3328 -155.489 325.974 -222.412 -160.404 343.208 -203.189 -151.016 337.43 -199.654 -140.349 332.598 -197.917 -128.861 329.535 -202.617 -132.242 358.928 -211.054 15.8891 10.7307 12.4046
120.245 138.039 142.42 140.277 139.556 117.801 78.9911 74.845 75.5165 78.2714 -155.258 325.695 -222.16 -160.512 343.449 -202.98 -150.899 337.656 -199.523 -140.277 332.806 -197.891 -128.934 329.679 -202.663 -132.357 359.062 -211.042 15.9945 10.8033 12.2428
121.13 138.584 143.08 140.522 139.76 117.828 78.8667 74.6317 75.3724 78.2324 -155.161 325.57 -222.094 -160.523 343.703 -202.799 -150.774 337.909 -199.34 -140.25 333.034 -197.768 -129.024 329.84 -202.634 -132.487 359.192 -211.014 16.0892 10.913 12.2049
121.494 138.914 143.446 140.658 139.948 117.422 78.7055 74.5285 75.4027 78.2028 -154.656 325.183 -221.61 -160.45 343.808 -202.574 -150.645 338.038 -199.09 -140.24 333.219 -197.527 -129.044 330.051 -202.496 -132.622 359.276 -210.968 16.156 11.0665 12.2245
121.552 139.449 143.757 140.769 140.342 116.45 78.6365 74.3052 75.3418 78.1488 -153.802 324.425 -220.615 -160.343 343.826 -202.353 -150.591 338.203 -198.885 -140.284 333.446 -197.286 -129.118 330.268 -202.316 -132.794 359.366 -210.909 16.2225 11.2105 12.4108
121.464 139.301 144.153 141.165 140.629 115.837 78.4144 74.2355 75.3542 77.9804 -152.558 323.867 -219.835 -160.205 343.66 -202.292 -150.47 338.201 -198.627 -140.278 333.6 -197.015 -129.056 330.547 -202.121 -132.99 359.399 -210.841 16.2837 11.4129 12.6272
121.112 139.205 144.426 141.686 141.024 114.468 78.2036 74.0764 75.3231 77.7261 -151.14 323.634 -219.047 -160.1 343.782 -202.299 -150.387 338.516 -198.5 -140.346 334.034 -196.838 -129.038 331.073 -202.022 -133.259 359.605 -210.96 16.3611 11.6319 12.8121
120.025 139.995 145.836 143.144 142.782 112.21 78.1348 73.2553 75.1358 77.126 -148.634 322.889 -217.767 -159.842 342.941 -203.158 -150.035 338.506 -198.942 -140.359 333.953 -197.135 -128.739 331.085 -202.395 -133.654 359.784 -211.281 16.2357 11.9964 13.614
123.586 141.211 147.904 145.195 144.775 110.873 77.7335 71.9884 74.7362 76.3433 -145.986 322.48 -217.665 -159.654 342.188 -204.131 -149.88 338.673 -199.632 -140.425 333.878 -197.612 -128.441 331.243 -202.94 -134.204 360.12 -211.594 16.1259 12.1735 14.5979
127.652 141.924 149.655 146.381 146.057 110.185 77.2046 71.0403 74.6715 76.0952 -143.598 322.141 -217.87 -159.72 341.558 -205.072 -150.003 338.568 -200.316 -140.719 333.428 -198.137 -128.489 331.062 -203.482 -134.704 360.284 -211.826 16.081 12.2517 15.2485
