149.043 147.052 143.706 143.499 142.09 133.682 87.0958 85.0008 85.0933 82.9693 -221.034 327.442 -162.005 -211.379 350.296 -132.161 -221.746 348.754 -128.734 -234.76 350.029 -126.468 -246.951 351.14 -132.898 -230.785 375.649 -150.793 13.2696 8.34071 11.2496
149.157 146.816 143.604 143.54 142.154 133.723 87.432 85.291 85.2971 83.1656 -221.257 327.59 -162.499 -210.939 350.209 -132.301 -221.279 348.66 -128.782 -234.222 349.963 -126.41 -246.495 351.081 -132.774 -230.725 375.659 -150.688 13.2877 8.4166 11.2059
149.05 146.633 143.473 143.671 142.187 133.683 87.6801 85.4671 85.4802 83.3592 -221.569 327.516 -163.077 -210.476 349.88 -132.557 -220.746 348.291 -128.991 -233.615 349.582 -126.474 -245.976 350.762 -132.77 -230.565 375.466 -150.559 13.3381 8.47456 11.2078
148.878 146.502 143.384 143.835 142.175 133.684 87.597 85.4377 85.5238 83.5347 -222.199 327.682 -163.882 -209.977 349.848 -132.999 -220.156 348.109 -129.365 -232.899 349.319 -126.674 -245.334 350.533 -132.86 -230.467 375.371 -150.437 13.4751 8.5852 11.2336
148.926 146.073 143.075 143.781 142.067 133.783 87.6496 85.4175 85.4296 83.5398 -222.447 327.758 -164.644 -209.638 349.587 -133.282 -219.83 347.771 -129.648 -232.509 348.996 -126.83 -245.046 350.302 -132.857 -230.446 375.207 -150.223 13.5073 8.65157 11.1563
148.908 146.242 143.157 143.915 142.013 133.981 87.2457 84.9593 84.9061 83.0557 -222.731 327.812 -165.181 -209.723 349.441 -133.488 -219.964 347.49 -129.847 -232.645 348.693 -126.939 -245.153 350.104 -132.863 -230.358 375.045 -149.912 13.6444 8.63718 11.143
148.824 146.143 143.042 143.83 141.982 133.99 87.3419 85.2348 85.0574 83.1687 -222.818 327.837 -165.191 -209.6 349.315 -133.232 -219.737 347.257 -129.567 -232.384 348.536 -126.673 -244.933 350.052 -132.576 -230.289 374.867 -149.643 13.6655 8.6761 11.197
148.623 146.029 142.857 143.767 141.901 133.85 87.3191 85.2527 84.9992 83.1027 -222.653 327.875 -165.072 -209.673 349.137 -132.931 -219.697 347.021 -129.317 -232.295 348.347 -126.42 -244.893 349.902 -132.27 -230.301 374.614 -149.345 13.6633 8.73302 11.2945
148.518 146.006 142.807 143.647 141.869 133.8 87.3884 85.3703 85.1043 83.2013 -222.486 327.798 -164.868 -209.961 349.078 -132.605 -219.693 346.895 -129.025 -232.209 348.244 -126.137 -244.875 349.864 -131.95 -230.396 374.465 -149.068 13.6365 8.81556 11.5928
148.501 145.983 142.816 143.595 141.974 133.685 87.4437 85.5654 85.3291 83.3215 -222.25 327.534 -164.314 -209.978 348.898 -132.138 -219.734 346.671 -128.531 -232.159 348.014 -125.687 -244.853 349.661 -131.53 -230.474 374.198 -148.785 13.5986 8.89909 11.5305
148.729 145.888 142.817 143.413 141.994 133.525 87.7337 86.1478 85.8332 83.5568 -221.968 326.573 -163.33 -209.961 348.327 -131.293 -219.692 345.997 -127.678 -232.075 347.402 -124.949 -244.769 349.084 -130.929 -230.426 373.548 -148.435 13.5428 8.92896 11.4823
149.09 145.86 143.259 143.487 142.423 133.46 88.1763 86.8325 86.4525 83.9634 -221.691 325.569 -161.853 -209.756 347.681 -130.285 -219.729 345.363 -126.546 -232.068 346.831 -123.995 -244.75 348.492 -130.138 -230.467 372.91 -148.026 13.416 8.97874 11.1543
149.212 146.198 143.691 143.887 143.037 133.326 88.4303 87.2058 86.8237 84.1269 -221.827 324.494 -160.319 -209.678 346.852 -129.463 -219.898 344.505 -125.673 -232.225 345.946 -123.235 -244.853 347.545 -129.514 -230.558 372.093 -147.649 13.3357 8.98347 10.858
148.976 146.479 144.232 144.411 143.557 132.828 88.3775 87.2954 86.9084 84.1343 -222.287 323.702 -159.114 -209.771 346.262 -129.006 -219.968 343.738 -125.18 -232.283 345.104 -122.792 -244.956 346.587 -129.131 -230.767 371.298 -147.304 13.2581 9.01674 10.8729
148.678 146.456 144.041 144.474 143.677 132.274 88.1366 87.2092 86.8899 84.0219 -223.2 323.085 -157.962 -210.461 345.761 -128.38 -220.557 343.278 -124.598 -232.906 344.644 -122.308 -245.607 346.081 -128.788 -231.139 370.65 -146.983 13.1797 8.98968 11.0404
149.624 147.128 144.5 144.454 143.73 133.264 88.2715 86.872 86.834 84.0194 -224.902 321.191 -157.046 -212.536 344.266 -128.142 -222.278 342.301 -124.121 -234.619 343.508 -121.781 -247.192 344.853 -128.251 -232.754 369.52 -146.679 13.2092 8.97302 11.6113
150.132 147.122 145.329 144.761 143.957 134.056 88.5192 87.123 86.9693 84.0455 -227.161 319.593 -156.299 -213.213 343.167 -128.106 -222.633 341.465 -123.681 -234.886 342.701 -121.336 -247.399 344.03 -127.812 -233.294 368.769 -146.348 13.3499 9.06091 12.0351
150.469 147.206 145.333 144.75 144.055 134.268 88.4323 86.6752 86.5214 83.5067 -228.319 318.521 -155.055 -214.516 342.423 -127.62 -223.96 341.196 -123.182 -236.444 342.432 -120.901 -248.992 343.738 -127.363 -234.251 368.145 -146.147 13.1842 8.81907 12.1802
150.68 146.785 145.019 144.672 143.76 134.528 88.1202 86.032 85.9374 82.9651 -229.413 318.297 -154.929 -216.084 341.709 -127.589 -225.597 340.798 -123.199 -238.238 342.214 -120.812 -250.806 343.731 -127.155 -235.251 367.929 -145.835 13.0912 8.64294 12.2386
150.687 146.174 144.657 144.559 143.47 134.641 87.9175 85.8744 85.8572 82.8052 -230.022 317.386 -154.9 -217.016 340.486 -127.436 -226.631 339.663 -123.025 -239.328 341.243 -120.477 -251.903 342.94 -126.739 -235.889 366.987 -145.48 13.0483 8.53104 12.1159
150.716 146.551 144.501 144.469 143.369 134.738 87.5591 85.4614 85.6867 82.7452 -230.593 317.137 -154.596 -218.227 340.34 -127.277 -227.846 339.632 -122.847 -240.543 341.126 -120.181 -253.05 342.711 -126.354 -236.972 366.633 -145.382 13.0632 8.49181 12.1684
150.573 147.048 144.787 144.763 143.246 135.152 87.1251 84.7625 84.9707 82.0885 -231.489 316.809 -154.708 -219.373 339.786 -127.57 -229.019 339.052 -123.024 -241.678 340.574 -120.112 -254.062 342.133 -126.119 -237.926 366.275 -145.024 13.2858 8.53671 12.2344
150.689 147.091 144.775 144.721 143.132 135.266 87.0688 84.8713 85.1152 82.2603 -232.372 316.252 -154.143 -219.909 339.757 -127.208 -229.567 338.788 -122.69 -242.189 340.206 -119.746 -254.509 341.614 -125.755 -238.754 365.836 -144.863 13.4188 8.55085 12.1129
150.461 146.79 145.123 145.194 143.071 135.276 86.2309 84.0559 84.2682 81.7101 -234.787 317.167 -155.192 -221.337 340.34 -128.075 -230.999 339.294 -123.506 -243.668 340.787 -120.426 -256.066 342.346 -126.205 -240.144 366.334 -144.994 13.5326 8.51612 12.1567
150.564 146.482 145.217 145.364 142.908 135.517 86.0774 83.7936 83.8664 81.4334 -236.774 317.78 -155.698 -222.937 340.24 -128.538 -232.479 339.396 -123.798 -245.131 341.158 -120.546 -257.522 342.944 -126.127 -241.41 366.75 -144.856 13.6625 8.50603 12.3
150.537 146.492 145.151 145.436 143.001 135.608 86.2405 83.7188 83.6789 81.1965 -238.13 318.065 -155.544 -224.203 340.44 -128.566 -233.683 339.807 -123.807 -246.288 341.689 -120.487 -258.75 343.518 -125.973 -242.706 367.117 -144.795 13.6752 8.55395 12.3407
150.305 146.429 144.758 145.494 142.978 135.383 86.1854 83.6947 83.5153 80.872 -239.266 318.252 -155.419 -225.404 340.903 -128.45 -234.909 340.32 -123.787 -247.46 342.349 -120.464 -259.995 344.229 -125.954 -243.885 367.394 -144.898 13.7245 8.59389 12.2251
150.532 146.774 144.771 145.727 143.066 135.238 86.3072 83.6993 83.5053 80.6787 -240.735 318.508 -155.463 -226.301 341.759 -128.718 -235.763 341.045 -124.077 -248.19 342.975 -120.64 -260.889 344.769 -126.07 -245.195 367.87 -145.164 13.7392 8.70385 12.1695
150.811 147.009 144.65 145.724 143.232 135.312 86.6175 84.0002 83.7928 80.6665 -241.547 318.768 -155.315 -227.526 342.195 -128.785 -236.906 341.493 -124.067 -249.256 343.417 -120.559 -262.068 345.262 -125.957 -246.523 368.314 -145.365 13.6444 8.73522 12.1814
150.505 147.295 145.039 146.241 143.558 134.997 86.5141 83.7347 83.5807 80.376 -243.15 320.284 -156.066 -228.899 343.268 -129.643 -238.295 342.46 -124.816 -250.481 344.314 -121.081 -263.466 346.204 -126.301 -248.217 369.453 -145.606 13.6342 8.88665 12.1456
150.662 147.335 145.062 146.571 143.94 134.71 86.6515 84.0386 83.8278 80.304 -244.223 321.303 -156.348 -230.499 343.747 -129.773 -239.942 342.943 -124.853 -252.116 344.966 -121.02 -265.189 347.102 -126.223 -249.577 370.276 -145.668 13.4745 8.83215 12.0363
150.075 147.39 145.502 147.42 144.414 134.598 86.5065 83.9805 83.4308 79.6108 -247.128 322.514 -156.295 -232.713 344.408 -129.653 -242.33 343.577 -124.889 -254.56 345.97 -121.078 -267.571 348.527 -126.298 -251.078 371.189 -145.552 13.5388 8.72503 11.8116
150.139 148.011 145.463 147.239 144.122 135.011 86.5783 84.0413 83.5514 79.8185 -247.872 322.672 -156.595 -233.438 344.871 -129.644 -243.014 343.835 -125.004 -255.192 346.129 -121.146 -268.144 348.6 -126.332 -251.894 371.483 -145.618 13.6519 8.73357 11.7873
150.346 148.466 145.23 147.009 143.857 135.282 86.9405 84.2603 83.8059 80.0915 -248.206 322.441 -156.162 -234.031 344.876 -129.328 -243.501 343.82 -124.748 -255.659 346.063 -120.841 -268.471 348.425 -126.052 -252.447 371.555 -145.51 13.7683 8.71872 11.8581
150.502 148.86 145.305 146.888 143.613 135.804 86.9221 84.0189 83.7236 80.2976 -248.92 322.634 -155.964 -234.801 345.084 -129.547 -244.12 344.166 -124.857 -256.279 346.415 -120.792 -268.938 348.714 -125.882 -253.029 372.035 -145.483 13.8714 8.69747 12.0712
150.686 148.873 145.097 146.677 143.409 135.919 87.0753 84.1912 84.0907 80.8956 -249.616 322.726 -155.405 -235.294 345.375 -129.42 -244.556 344.463 -124.628 -256.624 346.618 -120.461 -269.151 348.797 -125.481 -253.678 372.358 -145.388 13.9265 8.76062 12.1073
151.216 148.765 144.766 146.196 143.159 136.313 87.5734 84.8019 84.8742 81.824 -249.625 322.404 -154.759 -235.412 345.381 -128.926 -244.603 344.459 -124.013 -256.551 346.555 -119.782 -268.944 348.623 -124.777 -254.036 372.435 -145.147 13.9171 8.84317 12.1048
151.518 148.654 144.353 145.832 143.001 136.854 87.8094 85.1089 85.3302 82.4502 -249.145 322.576 -155.035 -235.684 345.136 -128.787 -244.81 344.376 -123.672 -256.681 346.515 -119.298 -269.038 348.606 -124.16 -254.416 372.539 -144.863 13.8226 8.87455 12.143
151.857 148.869 144.191 145.628 142.885 137.564 87.7331 84.9668 85.3209 82.671 -249.121 322.848 -155.657 -236.17 345.246 -128.919 -245.207 344.656 -123.641 -256.988 346.815 -119.099 -269.354 348.885 -123.793 -255.006 372.821 -144.656 13.8225 8.93384 12.2427
151.872 149.347 144.119 145.562 142.869 137.797 87.6158 84.7427 85.15 82.6287 -249.007 323.326 -155.83 -236.534 345.827 -129.01 -245.54 345.279 -123.668 -257.306 347.348 -119.038 -269.688 349.274 -123.623 -255.648 373.285 -144.578 13.8443 8.95047 12.2844
151.836 149.619 143.977 145.327 142.703 138.05 87.5595 84.7564 85.2711 82.8678 -248.438 323.601 -155.981 -236.759 346.142 -128.839 -245.759 345.511 -123.468 -257.546 347.505 -118.769 -269.917 349.36 -123.289 -256.078 373.533 -144.368 13.8142 8.90624 12.2654
151.439 149.915 144.065 145.395 142.633 138.0 87.2524 84.4223 85.0123 82.8496 -248.86 324.373 -156.188 -237.387 346.553 -129.055 -246.382 345.931 -123.663 -258.24 347.876 -118.919 -270.564 349.746 -123.351 -256.574 374.059 -144.262 13.8398 8.82173 12.3237
151.417 150.268 144.106 145.265 142.442 138.251 87.1256 84.4063 85.1547 83.1459 -248.871 324.695 -156.141 -237.788 346.534 -129.079 -246.803 345.953 -123.577 -258.698 347.846 -118.789 -270.939 349.777 -123.17 -256.854 374.401 -144.009 13.8139 8.74494 12.341
151.202 150.333 144.218 145.376 142.526 138.454 87.2045 84.477 85.1844 83.1511 -249.124 324.989 -155.906 -238.312 346.464 -128.887 -247.332 346.077 -123.271 -259.296 348.05 -118.485 -271.513 350.098 -122.856 -257.086 374.741 -143.641 13.751 8.65735 12.3863
151.468 150.386 144.438 145.6 142.832 138.881 87.489 84.6972 85.3562 83.2041 -249.381 324.959 -155.842 -238.866 346.345 -128.775 -247.928 346.103 -123.06 -259.917 348.205 -118.238 -272.167 350.39 -122.599 -257.439 375.009 -143.439 13.6202 8.6096 12.3587
151.572 150.297 144.421 145.639 142.991 139.021 87.5583 84.6599 85.2369 83.0031 -249.373 325.139 -155.606 -239.272 346.574 -128.547 -248.412 346.382 -122.868 -260.425 348.565 -118.05 -272.728 350.811 -122.397 -257.79 375.389 -143.169 13.5509 8.60048 12.286
151.629 149.883 144.188 145.46 142.833 139.092 87.6095 84.6071 85.0844 82.891 -249.493 325.294 -155.524 -239.554 346.595 -128.417 -248.751 346.46 -122.768 -260.793 348.685 -117.958 -273.095 350.922 -122.263 -258.037 375.579 -142.915 13.5362 8.58242 12.2296
151.471 149.668 144.175 145.397 142.725 138.959 87.4212 84.403 84.8044 82.6424 -249.928 325.66 -155.36 -239.94 346.811 -128.458 -249.13 346.647 -122.835 -261.217 348.91 -118.03 -273.529 351.157 -122.294 -258.354 375.852 -142.812 13.5591 8.54736 12.2451
151.485 149.544 144.06 145.088 142.319 138.924 87.3339 84.2074 84.5965 82.4968 -250.266 325.938 -155.078 -240.393 346.892 -128.358 -249.604 346.814 -122.77 -261.743 349.134 -117.969 -273.988 351.413 -122.214 -258.639 376.136 -142.629 13.6166 8.49894 12.2592
151.437 149.379 143.917 144.825 142.0 138.797 87.3391 84.1781 84.5908 82.641 -250.36 326.289 -155.22 -240.701 346.877 -128.487 -249.886 346.805 -122.879 -262.046 349.16 -118.004 -274.267 351.462 -122.156 -258.91 376.351 -142.515 13.6182 8.45394 12.2753
151.322 148.913 143.514 144.27 141.395 138.224 87.4896 84.3726 84.7382 82.7593 -250.373 326.786 -155.613 -241.168 346.945 -128.729 -250.371 346.873 -123.115 -262.497 349.278 -118.2 -274.654 351.632 -122.315 -259.271 376.736 -142.507 13.668 8.44101 12.1906
151.509 148.623 143.279 144.049 141.145 138.251 87.34 84.3436 84.7393 82.942 -250.308 327.335 -156.451 -241.575 347.154 -129.155 -250.78 347.029 -123.475 -262.897 349.472 -118.439 -275.052 351.867 -122.407 -259.648 377.077 -142.604 13.6366 8.39876 12.1451
151.494 148.545 143.171 143.952 140.917 138.2 87.0385 84.0752 84.5022 82.9057 -250.613 328.073 -157.18 -241.923 347.626 -129.671 -251.108 347.415 -123.951 -263.225 349.843 -118.792 -275.371 352.237 -122.619 -259.991 377.542 -142.715 13.6761 8.36836 12.1558
151.414 148.313 142.954 143.772 140.657 138.146 86.9672 84.0242 84.4555 83.0471 -251.028 328.578 -157.688 -242.152 347.897 -129.981 -251.277 347.593 -124.262 -263.373 350.023 -118.989 -275.483 352.424 -122.69 -260.203 377.845 -142.733 13.7285 8.34721 12.1719
150.999 148.299 142.956 143.827 140.632 137.815 86.7488 83.8185 84.2732 82.8943 -251.416 329.444 -157.963 -242.45 348.519 -130.241 -251.554 348.17 -124.546 -263.671 350.53 -119.256 -275.784 352.909 -122.931 -260.462 378.317 -142.91 13.7524 8.31763 12.2044
150.694 148.335 142.919 143.785 140.573 137.61 86.7608 83.8015 84.2539 82.829 -251.577 330.119 -158.204 -242.542 349.057 -130.406 -251.613 348.708 -124.725 -263.73 350.994 -119.452 -275.849 353.328 -123.147 -260.57 378.757 -143.103 13.7699 8.31653 12.2396
150.341 148.719 143.029 143.953 140.543 137.661 86.5017 83.4414 84.0379 82.8374 -252.271 331.191 -158.966 -242.441 350.413 -131.155 -251.373 349.976 -125.47 -263.413 352.006 -120.117 -275.509 354.061 -123.807 -260.773 379.672 -143.623 13.9754 8.3969 12.3995
150.269 148.52 142.847 143.963 140.503 137.667 86.82 83.7836 84.2924 83.1782 -253.145 331.844 -159.443 -242.173 350.997 -131.589 -250.879 350.346 -125.922 -262.832 352.255 -120.527 -274.931 354.193 -124.205 -260.801 380.147 -143.889 14.0965 8.47493 12.548
149.987 148.156 142.971 144.213 140.705 137.52 86.9999 84.0061 84.2878 83.0515 -254.041 332.777 -159.828 -242.375 351.741 -131.926 -250.923 351.052 -126.224 -262.85 352.994 -120.892 -275.019 354.975 -124.592 -260.927 380.849 -144.188 14.1142 8.51351 12.6763
150.0 147.777 143.017 144.405 140.945 137.499 87.2542 84.3396 84.3635 82.7701 -253.962 333.148 -160.036 -242.785 351.844 -131.904 -251.357 351.28 -126.192 -263.33 353.436 -120.965 -275.552 355.655 -124.744 -260.952 381.259 -144.387 14.0168 8.46625 12.6304
149.561 147.616 143.202 144.707 141.182 137.127 87.3279 84.5502 84.4147 82.4742 -253.839 333.461 -159.9 -243.097 351.746 -131.72 -251.778 351.296 -126.036 -263.798 353.677 -120.97 -275.992 356.19 -124.898 -260.661 381.467 -144.507 13.9503 8.42135 12.5419
149.512 147.601 143.187 144.681 141.058 137.142 87.1105 84.3403 84.2087 82.2285 -253.773 333.59 -160.15 -243.235 351.662 -131.876 -251.951 351.223 -126.28 -263.987 353.707 -121.23 -276.103 356.344 -125.186 -260.42 381.566 -144.632 14.0119 8.40101 12.5472
149.347 147.497 143.227 144.768 141.095 137.209 86.7044 83.844 83.7419 81.7419 -253.698 333.96 -160.652 -243.445 351.736 -132.148 -252.25 351.432 -126.629 -264.298 354.032 -121.596 -276.376 356.857 -125.549 -260.176 381.766 -144.794 14.0548 8.39798 12.5366
149.177 147.244 143.245 144.782 141.093 137.302 86.2974 83.4366 83.3463 81.3699 -253.58 334.33 -161.042 -243.688 351.823 -132.287 -252.568 351.596 -126.846 -264.658 354.325 -121.851 -276.709 357.374 -125.763 -259.907 381.968 -144.82 14.0312 8.34877 12.5293
148.838 146.947 143.135 144.597 140.836 137.228 85.8822 83.0194 82.9336 80.9521 -253.622 334.705 -161.189 -243.895 351.907 -132.333 -252.833 351.787 -127.017 -264.975 354.638 -122.138 -276.961 357.903 -126.083 -259.505 382.108 -144.912 14.0611 8.30299 12.5562
148.567 146.566 142.998 144.346 140.478 137.081 85.6429 82.9022 82.8126 80.8254 -253.524 334.672 -161.049 -243.868 351.572 -132.211 -252.839 351.529 -126.973 -265.011 354.52 -122.219 -276.882 357.974 -126.238 -258.916 381.923 -144.898 14.1153 8.26574 12.5735
148.022 146.249 143.027 144.18 140.102 136.788 85.5485 82.922 82.7773 80.7595 -254.042 334.647 -160.847 -243.613 350.847 -132.182 -252.529 350.873 -126.953 -264.66 354.027 -122.289 -276.382 357.696 -126.366 -258.054 381.488 -144.8 14.2379 8.28384 12.6587
147.171 146.332 143.201 144.262 139.954 136.218 85.0525 82.237 82.0724 80.0178 -255.016 335.438 -160.694 -243.42 350.968 -132.534 -252.341 351.185 -127.328 -264.474 354.402 -122.714 -276.182 358.184 -126.798 -257.47 381.615 -144.886 14.3424 8.32259 12.7588
146.826 146.349 143.403 144.374 140.008 136.139 84.7654 81.849 81.5763 79.5462 -255.568 335.956 -160.62 -243.11 351.231 -132.868 -251.996 351.579 -127.62 -264.159 354.829 -123.074 -275.883 358.619 -127.157 -257.015 381.867 -145.007 14.4042 8.34171 12.8668
146.779 146.425 143.516 144.451 140.05 136.089 84.4441 81.5746 81.3283 79.3542 -255.212 336.353 -160.732 -242.71 351.627 -133.087 -251.615 352.046 -127.791 -263.81 355.307 -123.264 -275.557 359.104 -127.322 -256.569 382.177 -145.164 14.3654 8.33011 12.9013
146.725 146.933 143.8 144.702 140.053 135.88 83.9483 81.0253 80.9005 79.0437 -255.397 336.748 -160.769 -242.212 352.375 -133.399 -251.149 352.747 -128.156 -263.37 355.919 -123.571 -275.111 359.574 -127.62 -256.199 382.548 -145.407 14.4784 8.33928 12.934
147.385 147.158 143.807 144.495 139.814 136.155 84.1746 81.3312 81.3636 79.6554 -254.659 336.046 -160.719 -241.282 352.239 -133.253 -250.141 352.637 -127.939 -262.297 355.747 -123.329 -273.972 359.21 -127.433 -255.497 382.289 -145.555 14.5256 8.39548 12.9736
147.343 147.232 144.129 144.766 140.043 136.166 84.1795 81.3809 81.4745 79.9276 -253.921 335.875 -160.482 -239.687 352.423 -133.303 -248.545 352.767 -127.944 -260.673 355.777 -123.337 -272.326 358.979 -127.505 -254.257 382.132 -145.795 14.5913 8.47011 12.9887
147.561 147.01 144.347 144.997 140.539 136.102 84.4958 81.5141 81.3961 79.767 -253.404 335.954 -160.454 -238.786 352.448 -133.306 -247.621 352.855 -127.958 -259.776 355.885 -123.436 -271.527 359.014 -127.65 -253.567 382.129 -145.932 14.5663 8.48844 13.0013
147.818 146.546 144.694 145.171 141.036 136.252 84.9682 81.8825 81.5737 79.8928 -253.007 335.979 -160.156 -238.122 352.173 -133.248 -246.976 352.701 -127.809 -259.178 355.815 -123.396 -270.957 358.977 -127.642 -252.949 382.104 -145.987 14.4568 8.46994 12.9871
148.166 146.307 145.085 145.148 141.402 136.341 85.5669 82.2822 81.8355 80.1443 -252.206 335.709 -159.371 -237.399 352.057 -133.176 -246.369 352.744 -127.683 -258.641 355.888 -123.436 -270.456 358.982 -127.751 -252.507 382.309 -146.182 14.2973 8.47357 12.9083
148.451 146.353 145.449 145.134 141.652 136.32 86.026 82.4061 81.8919 80.2874 -251.733 335.227 -158.618 -236.551 352.672 -133.076 -245.567 353.39 -127.686 -257.877 356.434 -123.571 -269.758 359.216 -127.993 -252.244 382.625 -146.546 14.2825 8.5499 12.9028
148.335 146.214 145.637 145.115 141.719 136.025 86.4486 82.6218 82.0367 80.4279 -251.738 334.991 -157.892 -235.888 352.855 -132.962 -244.941 353.613 -127.664 -257.292 356.64 -123.665 -269.184 359.259 -128.199 -251.827 382.729 -146.804 14.2537 8.57584 12.8838
148.491 146.075 145.653 145.19 141.784 136.087 86.466 82.5545 81.8822 80.2211 -251.883 334.824 -157.642 -235.475 353.191 -132.775 -244.591 353.908 -127.664 -256.987 356.984 -123.748 -268.907 359.539 -128.368 -251.412 382.764 -147.002 14.2526 8.56498 12.8059
148.388 145.833 145.356 145.149 141.708 135.638 86.3255 82.3955 81.7496 79.8491 -251.562 334.848 -157.735 -235.406 353.127 -132.508 -244.628 353.921 -127.622 -257.102 357.108 -123.805 -269.018 359.844 -128.562 -250.928 382.6 -147.147 14.1999 8.4639 12.6943
148.523 145.696 145.077 145.143 141.697 135.538 86.2526 82.255 81.6744 79.5586 -250.871 334.858 -158.18 -235.275 353.077 -132.448 -244.581 354.002 -127.655 -257.16 357.221 -123.875 -269.141 360.11 -128.701 -250.599 382.534 -147.241 14.0723 8.32921 12.6214
148.332 145.67 144.988 145.257 141.712 135.395 86.1474 82.2267 81.6763 79.2932 -250.251 334.847 -158.347 -235.395 352.837 -132.371 -244.775 353.853 -127.599 -257.428 357.153 -123.873 -269.418 360.253 -128.807 -250.346 382.433 -147.235 13.9809 8.2169 12.5703
148.377 145.604 144.897 145.233 141.704 135.533 86.0978 82.1581 81.6032 79.1047 -249.254 334.662 -158.647 -235.337 352.602 -132.298 -244.802 353.777 -127.531 -257.511 357.19 -123.847 -269.49 360.42 -128.834 -250.037 382.326 -147.258 13.9276 8.13789 12.5032
148.376 146.101 145.026 145.389 141.828 136.163 85.8287 82.0122 81.5956 79.1996 -248.61 334.545 -158.953 -235.274 352.822 -132.476 -244.758 354.023 -127.614 -257.43 357.421 -123.89 -269.388 360.601 -128.854 -249.992 382.445 -147.472 13.9271 8.17543 12.5333
148.441 146.321 145.235 145.608 142.114 136.461 86.0268 82.2279 81.7584 79.3662 -248.164 334.579 -159.152 -235.132 352.913 -132.654 -244.59 354.117 -127.65 -257.244 357.504 -123.886 -269.249 360.634 -128.819 -250.048 382.643 -147.572 13.8875 8.19315 12.5572
148.54 146.419 145.404 145.749 142.438 136.9 86.3053 82.5164 82.04 79.5925 -247.621 334.365 -159.096 -235.064 352.74 -132.598 -244.556 354.086 -127.473 -257.219 357.467 -123.776 -269.222 360.613 -128.746 -249.948 382.671 -147.633 13.7695 8.17878 12.5587
148.672 146.795 145.617 146.055 142.817 137.169 86.1222 82.4613 82.0095 79.4809 -247.262 334.579 -159.365 -235.052 353.128 -132.807 -244.607 354.458 -127.601 -257.292 357.779 -123.924 -269.331 360.915 -128.916 -250.028 382.974 -147.808 13.7132 8.16691 12.543
148.759 146.81 145.509 146.077 142.904 137.349 85.9199 82.3491 81.9591 79.4298 -247.241 335.079 -159.927 -235.368 353.519 -133.107 -244.947 354.858 -127.852 -257.63 358.155 -124.155 -269.681 361.383 -129.092 -250.231 383.367 -147.955 13.6516 8.14427 12.5298
149.111 147.084 145.465 146.035 142.962 137.665 85.9042 82.3886 82.0654 79.5445 -247.267 335.42 -160.507 -235.505 354.455 -133.301 -245.044 355.767 -128.018 -257.68 358.916 -124.315 -269.783 362.014 -129.246 -250.672 383.952 -148.27 13.669 8.19276 12.5361
149.39 147.198 145.189 145.815 142.786 137.926 85.6792 82.2981 82.1099 79.7742 -247.068 335.932 -161.203 -235.759 355.255 -133.665 -245.255 356.476 -128.389 -257.814 359.561 -124.63 -269.904 362.583 -129.487 -251.066 384.546 -148.646 13.6843 8.28378 12.5727
149.67 147.341 145.0 145.667 142.645 138.127 85.6478 82.4461 82.388 80.1583 -247.083 336.269 -161.649 -236.039 355.814 -133.872 -245.496 356.951 -128.582 -257.983 359.992 -124.792 -270.01 362.967 -129.644 -251.425 385.005 -148.956 13.7111 8.35389 12.5912
149.732 147.271 144.797 145.56 142.495 138.194 85.5494 82.3927 82.4291 80.2877 -247.471 336.74 -161.97 -236.376 356.369 -134.212 -245.795 357.442 -128.937 -258.248 360.483 -125.081 -270.267 363.477 -129.875 -251.768 385.511 -149.237 13.694 8.386 12.6251
149.715 147.3 144.763 145.609 142.49 138.185 85.5516 82.4657 82.5916 80.4662 -248.052 337.214 -162.276 -236.628 356.896 -134.586 -245.994 357.887 -129.265 -258.379 360.898 -125.325 -270.401 363.895 -130.087 -252.094 385.999 -149.511 13.6941 8.44549 12.6624
149.618 147.209 144.735 145.665 142.638 137.924 85.6873 82.7115 82.7412 80.5067 -248.313 337.747 -162.356 -237.038 357.237 -134.834 -246.408 358.213 -129.463 -258.768 361.329 -125.53 -270.818 364.423 -130.292 -252.491 386.483 -149.79 13.6285 8.46796 12.6295
149.556 147.336 144.864 145.817 142.633 137.794 85.5758 82.7454 82.7192 80.4779 -249.092 338.266 -162.675 -237.461 357.695 -135.253 -246.797 358.513 -129.859 -259.115 361.703 -125.872 -271.133 364.836 -130.626 -252.915 386.933 -150.087 13.7196 8.51182 12.6372
149.426 147.016 145.015 145.941 142.765 137.507 85.8543 82.9972 82.7241 80.3161 -249.927 338.784 -162.806 -237.871 358.012 -135.559 -247.203 358.785 -130.174 -259.517 362.048 -126.26 -271.587 365.232 -131.051 -253.33 387.331 -150.409 13.7129 8.52056 12.5882
149.601 146.712 145.1 145.908 142.724 137.514 85.9263 83.2332 82.8214 80.4437 -250.484 339.086 -163.113 -238.107 358.291 -135.938 -247.438 358.905 -130.538 -259.733 362.228 -126.655 -271.792 365.407 -131.436 -253.63 387.634 -150.768 13.7175 8.55627 12.5503
149.494 146.252 145.015 145.948 142.743 137.311 85.8119 83.1374 82.5994 80.0973 -251.085 339.637 -163.722 -238.711 358.582 -136.251 -248.088 359.165 -130.95 -260.396 362.57 -127.119 -272.483 365.893 -131.928 -254.007 387.954 -151.03 13.7244 8.5303 12.4769
149.3 145.863 145.109 146.187 142.957 137.169 85.3096 82.7234 82.1545 79.6658 -251.676 340.652 -164.36 -239.5 359.159 -136.674 -249.016 359.742 -131.44 -261.348 363.254 -127.647 -273.446 366.762 -132.428 -254.468 388.52 -151.32 13.6719 8.51175 12.3891
149.179 145.967 145.323 146.391 143.061 137.265 84.8904 82.3902 81.906 79.5374 -252.35 341.407 -165.035 -240.166 359.747 -137.255 -249.705 360.268 -132.042 -262.021 363.786 -128.224 -274.075 367.333 -132.975 -254.946 389.048 -151.75 13.7201 8.52935 12.4167
