172.156 168.786 168.573 168.526 159.898 162.053 157.563 161.212 160.69 139.548 -206.697 201.975 -42.0874 -243.914 177.03 -81.4307 -262.533 170.416 -89.3334 -281.996 169.591 -76.7909 -288.369 169.01 -43.9866 -260.011 215.699 -5.94352 8.6855 4.14749 4.8665 
172.215 168.619 168.432 168.407 160.38 162.126 157.313 160.975 160.454 140.268 -206.581 201.896 -41.9892 -243.885 176.991 -81.3276 -262.41 170.338 -89.1601 -281.841 169.499 -76.6485 -288.722 169.163 -44.3263 -260.06 215.782 -5.92843 8.06407 4.05389 4.74667 
172.232 168.512 168.32 168.282 160.521 162.147 157.101 160.808 160.256 140.857 -206.493 201.798 -41.8517 -243.876 177.038 -81.2094 -262.366 170.38 -89.0194 -281.728 169.504 -76.5069 -289.036 169.378 -44.6166 -260.086 215.878 -5.88325 7.49995 3.94154 4.69105 
172.214 168.511 168.291 168.213 160.852 162.154 156.869 160.763 160.283 142.173 -206.734 201.443 -41.7688 -243.907 176.79 -80.9379 -262.47 170.272 -88.9472 -281.965 169.509 -76.5331 -289.986 169.694 -45.3021 -260.31 215.9 -5.91144 6.47628 4.02991 4.84804 
172.16 168.432 168.306 168.224 160.601 162.072 156.787 160.84 160.413 142.358 -206.902 201.133 -41.672 -244.07 176.633 -80.7778 -262.731 170.198 -88.8964 -282.341 169.545 -76.5121 -290.424 169.79 -45.3057 -260.397 215.823 -5.89098 6.32057 4.1514 4.96919 
172.191 168.399 168.386 168.301 160.369 162.166 156.736 160.978 160.664 142.554 -207.093 200.691 -41.5763 -244.245 176.419 -80.5976 -263.103 170.172 -88.9111 -282.94 169.676 -76.5681 -291.041 169.862 -45.2686 -260.517 215.706 -5.86035 6.25301 4.3781 5.2089 
172.156 168.409 168.551 168.55 160.561 162.173 156.804 161.256 161.1 143.012 -207.132 200.315 -41.4541 -244.278 176.143 -80.5319 -263.368 170.111 -89.0444 -283.47 169.731 -76.74 -291.373 169.704 -45.1585 -260.56 215.55 -5.87402 6.55885 4.60379 5.45807 
172.035 168.407 168.585 168.615 160.986 162.036 156.889 161.337 161.297 143.056 -207.302 199.938 -41.3488 -244.306 175.83 -80.4646 -263.493 169.891 -89.0197 -283.811 169.62 -76.7457 -291.255 169.342 -44.7293 -260.594 215.385 -5.85152 7.27006 4.78508 5.54263 
171.887 168.457 168.684 168.743 160.991 161.836 157.163 161.558 161.607 142.821 -207.478 199.579 -41.1646 -244.294 175.611 -80.5193 -263.549 169.707 -89.0733 -284.059 169.522 -76.8272 -291.067 169.017 -44.3461 -260.615 215.259 -5.82515 7.94083 4.94496 5.55859 
171.696 168.548 168.783 168.868 160.946 161.613 157.427 161.76 161.884 142.551 -207.643 199.137 -41.0184 -244.272 175.389 -80.6182 -263.555 169.535 -89.1983 -284.241 169.38 -76.9567 -290.68 168.579 -43.8851 -260.637 215.107 -5.84024 8.85428 5.06806 5.59302 
171.416 168.599 168.752 168.815 160.621 161.336 157.549 161.779 161.892 141.812 -207.819 198.602 -40.8166 -244.304 175.252 -80.7084 -263.58 169.454 -89.2847 -284.381 169.233 -76.9989 -290.261 168.166 -43.3263 -260.678 214.986 -5.82574 9.78869 5.09984 5.60245 
171.112 168.598 168.731 168.775 160.219 160.987 157.732 161.745 161.838 141.065 -208.139 198.219 -40.7917 -244.377 175.114 -80.866 -263.484 169.221 -89.278 -284.265 168.938 -76.9577 -289.5 167.715 -42.7097 -260.708 214.914 -5.85028 10.8059 5.05141 5.43712 
170.905 168.528 168.651 168.689 159.274 160.74 157.898 161.637 161.782 139.484 -208.322 197.712 -40.7597 -244.433 174.998 -81.0522 -263.357 168.987 -89.1744 -284.144 168.688 -76.8343 -288.597 167.314 -41.8008 -260.667 214.814 -5.8484 12.0926 5.0316 5.18049 
170.699 168.473 168.529 168.528 157.726 160.536 158.01 161.447 161.639 137.923 -208.36 197.103 -40.8186 -244.406 174.845 -81.3403 -263.083 168.686 -89.1401 -283.891 168.386 -76.8051 -287.856 167.01 -41.2416 -260.574 214.69 -5.99047 12.9475 5.01995 4.88881 
170.466 168.563 168.49 168.405 156.089 160.296 158.224 161.416 161.656 136.707 -208.397 196.485 -40.8985 -244.296 174.699 -81.5875 -262.797 168.518 -89.2302 -283.671 168.342 -76.9383 -287.241 166.927 -40.9541 -260.404 214.612 -6.14943 13.6131 5.08733 4.74702 
170.23 168.623 168.445 168.243 154.453 160.057 158.394 161.329 161.661 135.761 -208.352 195.706 -41.0332 -244.069 174.397 -81.8538 -262.412 168.306 -89.3777 -283.458 168.359 -77.1816 -286.815 166.968 -40.9055 -260.112 214.513 -6.37757 14.0296 5.2366 4.64863 
169.898 168.826 168.533 168.225 153.002 159.686 158.673 161.376 161.845 135.774 -208.162 194.836 -41.2371 -243.618 173.926 -82.083 -261.792 168.031 -89.6066 -283.051 168.386 -77.556 -286.517 167.104 -41.2966 -259.593 214.349 -6.63426 13.9141 5.43252 4.65083 
169.603 169.073 168.661 168.24 153.147 159.319 158.61 161.243 161.967 137.374 -208.042 194.068 -41.599 -242.663 173.214 -82.0324 -260.533 167.528 -89.6875 -282.128 168.323 -77.9069 -286.448 167.544 -42.5868 -258.942 214.284 -6.92493 12.4977 5.75633 4.75111 
169.381 169.13 168.749 168.306 154.394 159.007 158.22 161.039 162.057 138.963 -207.829 193.21 -42.0384 -241.409 172.536 -81.7831 -258.748 166.999 -89.6929 -280.551 168.134 -78.2834 -285.779 167.968 -43.963 -258.148 214.322 -7.30415 11.1246 5.97138 4.94376 
169.009 169.519 168.779 168.594 154.029 158.584 157.578 160.631 162.025 141.336 -207.393 192.373 -42.6741 -239.588 171.9 -81.2337 -256.359 166.245 -89.4358 -277.93 167.381 -78.4197 -283.664 167.765 -44.5757 -257.017 214.363 -7.76697 10.7156 5.83711 5.13865 
168.775 169.171 168.725 168.27 153.837 158.274 156.385 160.3 161.667 140.407 -206.665 191.875 -43.3915 -237.624 171.542 -80.7451 -254.181 166.008 -89.565 -275.775 167.159 -78.7025 -281.246 167.748 -44.4424 -255.801 214.562 -8.29533 11.4197 5.84622 5.60067 
168.618 168.717 168.808 167.625 153.504 158.158 154.856 159.88 161.06 138.268 -205.656 191.165 -44.2488 -235.331 170.796 -79.9572 -251.875 165.718 -89.8728 -274.213 167.342 -79.2571 -279.638 168.01 -44.7153 -254.171 214.687 -8.91398 11.6308 6.45602 6.46823 
168.329 167.573 168.651 167.126 153.212 157.752 153.662 159.806 160.676 137.499 -203.806 190.34 -44.9675 -233.12 170.514 -80.0831 -249.899 166.093 -90.7088 -272.572 168.03 -80.0443 -278.344 168.853 -45.8372 -252.157 214.715 -9.6099 11.0778 6.6578 7.05272 
168.103 166.347 168.682 167.043 150.945 157.338 152.838 159.972 160.476 136.736 -201.708 189.647 -45.7818 -230.947 170.742 -80.8274 -247.88 166.875 -91.8538 -270.457 168.821 -80.7991 -276.027 169.506 -46.2649 -249.831 214.863 -10.2926 11.6187 6.38874 7.35327 
167.909 164.953 168.082 166.506 151.006 157.223 151.52 158.927 159.436 135.776 -198.617 188.807 -46.638 -227.713 170.283 -81.2406 -244.27 166.696 -92.2699 -267.107 168.876 -81.5967 -273.337 169.846 -47.4449 -246.84 214.793 -11.2715 11.122 6.53833 7.40738 
167.28 163.534 167.541 166.162 153.86 156.654 150.143 158.407 158.873 140.181 -195.118 187.605 -47.3818 -223.627 169.923 -82.0118 -240.412 166.991 -93.5949 -263.589 169.533 -83.1889 -272.104 171.109 -51.786 -243.353 214.58 -12.5911 7.49601 6.7754 7.83961 
166.615 162.913 166.662 165.716 153.919 156.039 149.574 157.393 158.146 140.74 -191.132 186.156 -47.578 -218.617 169.47 -82.8943 -235.221 166.704 -94.204 -258.778 169.345 -84.3286 -267.983 171.179 -53.5793 -239.237 214.244 -13.782 6.95576 6.98235 7.63832 
166.127 162.42 165.356 164.817 156.076 155.721 148.63 155.434 156.377 141.523 -187.178 185.525 -47.6924 -213.243 169.74 -83.3999 -229.08 166.738 -93.9768 -252.803 169.415 -84.6872 -263.92 171.984 -55.8405 -235.075 214.395 -14.7301 4.80883 7.04929 7.14469 
165.769 162.212 164.633 164.468 157.72 155.526 148.217 154.446 155.292 143.021 -182.797 184.661 -47.3194 -207.714 169.688 -83.7225 -223.208 166.829 -94.027 -246.672 169.202 -85.1143 -259.762 172.727 -58.0674 -230.494 214.554 -15.4177 2.57177 6.57473 6.906 
165.317 162.315 164.547 165.431 160.469 155.04 149.56 155.37 156.651 148.328 -177.816 184.42 -46.4468 -202.523 170.816 -85.2247 -218.606 168.423 -95.2386 -241.999 170.556 -86.3757 -257.231 174.802 -61.1385 -225.363 214.788 -15.4965 0.685429 6.34759 6.58735 
164.971 163.014 164.803 165.964 162.761 154.688 150.944 155.798 157.067 151.02 -172.629 184.302 -46.503 -197.206 171.501 -87.2425 -213.482 168.996 -96.4173 -236.446 170.861 -87.4488 -253.245 176.109 -63.5662 -219.897 214.866 -16.0131 2.828 5.76799 5.71157 
164.976 163.914 165.096 166.336 163.877 154.662 151.902 155.841 157.29 152.367 -166.893 183.926 -46.4354 -191.25 171.335 -88.2241 -207.34 168.596 -96.8051 -230.037 170.478 -88.0401 -247.965 176.449 -65.0251 -214.096 214.805 -16.4972 4.18647 5.54348 5.18745 
164.994 164.629 164.823 166.318 163.531 154.724 153.043 155.552 157.196 152.267 -160.095 183.23 -45.384 -185.224 171.508 -89.0672 -201.233 168.419 -96.7447 -223.918 170.531 -88.266 -242.06 176.735 -65.4756 -207.728 214.656 -16.602 4.45619 5.6009 4.49273 
165.193 164.669 164.451 166.186 163.169 155.22 153.49 155.312 157.386 152.466 -152.125 182.303 -44.5398 -178.303 171.727 -90.0785 -194.766 168.804 -97.5879 -217.846 171.295 -89.4248 -236.314 177.15 -66.5469 -200.8 214.137 -16.9174 4.69284 5.98811 4.21725 
165.873 164.293 164.638 166.035 162.468 156.323 153.378 155.224 157.546 152.756 -142.961 180.491 -43.6563 -170.518 170.94 -90.4555 -187.548 168.228 -98.2208 -211.12 171.352 -90.4228 -229.723 176.848 -67.2507 -192.845 212.981 -17.1194 4.86154 6.60077 4.23436 
166.486 164.341 165.309 166.342 162.449 157.475 153.776 155.576 158.492 153.48 -133.34 178.286 -42.6197 -162.57 170.545 -90.9785 -180.179 168.005 -98.8598 -204.218 171.935 -91.4047 -222.846 176.739 -67.6221 -184.288 211.53 -16.954 4.92757 7.29608 4.13464 
166.679 164.168 165.753 167.172 163.356 158.223 154.229 156.615 160.381 155.285 -122.981 174.957 -41.5149 -153.505 169.199 -91.4357 -171.773 167.507 -100.063 -196.545 172.464 -92.9064 -215.126 176.346 -68.2306 -174.815 209.315 -17.0376 4.93983 8.1542 4.67884 
167.178 165.776 167.359 169.056 165.404 158.875 156.452 159.254 163.376 158.66 -112.71 171.593 -42.1812 -144.625 167.259 -93.3214 -163.466 166.707 -102.305 -188.384 172.576 -94.8332 -206.662 176.293 -69.4998 -164.182 206.415 -17.466 5.14529 8.49389 5.11197 
168.551 167.114 168.862 170.495 167.506 160.577 157.829 161.427 165.647 161.77 -101.346 168.467 -41.5611 -134.016 164.843 -93.1027 -153.332 165.543 -103.072 -178.607 172.17 -95.5542 -197.408 176.014 -70.0313 -153.138 203.733 -17.0095 5.90797 8.86223 6.02277 
170.596 168.655 170.481 171.335 169.111 162.671 159.901 164.112 167.359 164.272 -89.1533 165.244 -40.6388 -122.76 162.209 -92.9538 -142.694 164.126 -103.576 -167.891 170.891 -95.6014 -187.141 175.2 -70.0189 -141.723 200.676 -15.934 6.39177 8.43342 6.50159 
172.576 170.399 171.436 171.733 169.97 164.517 162.102 165.667 168.143 165.529 -76.067 162.058 -39.5924 -110.87 159.784 -93.1134 -130.858 161.87 -103.496 -155.492 168.645 -95.2883 -175.093 173.671 -69.9679 -129.57 197.253 -14.6053 6.58662 7.70275 5.78444 
174.525 170.973 171.141 171.556 170.027 166.284 162.354 165.546 167.549 165.327 -62.7503 160.859 -38.2295 -97.5881 157.33 -92.2051 -117.16 158.989 -102.876 -141.588 165.25 -95.0502 -161.834 171.05 -70.7919 -117.565 195.193 -13.7799 6.60944 6.96818 5.16221 
175.742 170.56 170.333 170.641 169.208 167.429 161.785 164.671 166.262 164.05 -48.1824 160.124 -36.2661 -82.8929 154.035 -90.6749 -101.929 154.714 -101.547 -125.864 160.414 -94.3461 -146.457 167.06 -71.2888 -104.545 193.556 -13.4899 6.32099 6.21404 4.5708 
174.602 169.96 169.585 169.305 168.529 166.015 161.745 164.046 164.281 162.184 -33.7578 158.481 -33.5655 -67.5219 151.104 -88.7907 -85.5316 150.053 -99.2578 -108.381 153.908 -91.8911 -128.565 161.333 -70.2816 -90.1657 191.467 -12.65 5.45735 4.4712 3.54563 
172.344 168.721 166.478 166.915 166.481 164.281 160.219 160.686 160.739 158.305 -18.6234 156.421 -30.6189 -51.212 147.894 -85.3497 -67.1223 144.494 -94.5102 -88.9288 146.845 -86.9192 -108.873 154.51 -66.684 -74.5419 189.647 -10.8835 4.48462 3.01862 2.92489 
170.716 167.154 164.151 164.876 165.746 162.877 159.162 158.597 157.777 155.745 -0.537697 153.467 -26.9112 -33.4145 145.369 -84.3641 -48.4605 140.09 -92.3043 -68.8365 139.35 -82.9739 -87.5523 146.761 -63.5683 -57.4711 186.908 -10.0046 2.82967 1.33121 2.92276 
168.418 164.27 159.771 161.074 163.165 161.201 156.306 154.051 152.929 150.683 17.9408 149.069 -21.5369 -14.1639 142.429 -81.6377 -28.7578 135.21 -87.963 -48.7325 132.301 -77.3095 -66.6838 138.963 -57.9598 -39.6998 184.213 -8.46221 0.841245 2.83331 3.3454 
166.941 163.208 158.609 161.182 163.116 159.578 155.481 152.435 152.358 149.283 36.4857 146.746 -12.9931 5.77024 138.532 -75.6604 -9.32816 129.426 -80.6289 -29.165 126.304 -70.0829 -46.9244 132.492 -49.9422 -21.6077 182.828 -4.78396 1.5012 3.20491 3.66303 
164.854 163.617 158.667 162.044 164.721 157.018 157.29 153.092 154.333 152.743 56.5047 147.924 -4.59407 27.6072 139.778 -71.8377 11.6758 127.911 -75.214 -8.52875 123.999 -65.0271 -27.0166 129.239 -44.564 -2.16724 182.713 0.150105 2.30003 3.2519 4.80209 
165.106 163.377 159.975 163.278 167.351 157.396 158.048 154.692 156.814 157.06 78.0191 149.83 1.26602 49.5548 142.565 -70.1275 33.3844 128.832 -74.0106 12.882 122.664 -64.2124 -6.70704 125.649 -43.3905 17.0883 181.434 4.4953 3.08749 3.60356 4.79022 
168.336 162.839 162.008 165.051 167.926 159.974 158.104 156.445 158.951 159.88 99.9777 155.048 8.34962 72.1746 148.697 -66.6952 55.2806 132.959 -72.2171 33.7946 124.91 -63.2549 11.9368 126.417 -42.3528 35.2443 182.067 9.42585 4.31108 4.10971 4.99514 
170.855 163.108 164.833 168.006 169.758 161.526 157.416 158.683 162.045 163.475 119.515 160.054 16.9221 93.6834 153.23 -60.4576 76.4998 137.088 -68.6923 54.5018 128.408 -61.3551 30.9703 128.778 -40.814 52.5317 183.626 15.0525 5.02544 3.80951 4.16267 
173.354 164.424 166.741 169.654 170.502 163.184 157.476 160.565 164.096 165.474 137.402 163.151 25.6331 114.524 156.712 -53.8141 96.9146 139.362 -64.296 74.0951 129.482 -58.417 49.1978 128.023 -38.2555 68.5835 183.38 20.462 5.91442 4.26328 4.732 
174.935 165.481 167.384 170.076 171.218 164.253 157.467 161.575 165.184 167.329 153.575 168.258 36.2728 133.432 161.967 -43.582 115.228 143.805 -55.5913 91.3685 133.079 -50.9395 64.6383 130.851 -31.5762 83.5239 185.969 28.6509 7.10872 4.98823 5.64352 
174.803 166.593 167.797 170.131 171.454 165.555 158.912 162.774 165.597 168.019 167.646 171.737 44.0013 150.465 164.329 -36.0749 131.046 144.942 -48.9198 106.181 133.187 -44.3698 78.1086 130.267 -25.1996 97.1657 187.175 34.6609 8.30586 5.94811 7.10219 
174.275 165.667 166.439 167.215 166.348 165.895 159.434 162.311 163.034 162.308 180.601 175.822 51.647 166.718 168.323 -28.1036 146.751 148.137 -41.0315 122.061 135.386 -35.4251 93.6446 131.059 -15.1907 110.787 190.366 40.6747 9.40868 6.4814 8.11837 
172.265 166.003 165.892 166.015 164.296 165.334 160.505 162.315 161.637 159.019 192.196 179.232 58.0665 182.525 172.115 -20.8788 162.787 151.661 -33.9865 138.235 138.487 -28.3329 109.734 133.539 -8.02856 123.846 193.719 45.7143 9.73062 6.68211 8.43388 
170.242 165.595 165.061 165.261 164.188 163.804 160.891 161.763 160.137 156.792 201.664 182.181 63.5845 196.613 176.477 -13.8318 177.595 156.004 -26.7933 153.241 142.887 -21.4371 125.223 138.262 -2.21422 135.775 198.027 50.4558 8.80898 6.58715 8.33176 
167.385 165.382 164.236 163.842 164.09 161.249 161.398 160.887 158.618 155.579 209.668 183.087 67.051 209.392 180.297 -9.03204 192.601 159.643 -21.4131 168.154 146.332 -16.8894 140.38 142.159 0.556679 146.98 201.002 53.1069 7.62907 6.69665 7.74893 
165.798 164.946 163.514 163.33 164.915 160.41 161.703 159.379 156.999 154.962 217.432 185.844 70.1748 220.209 185.112 -4.65599 205.262 163.642 -16.0362 181.389 150.228 -12.3438 153.25 145.08 3.15808 155.817 203.494 55.4705 7.44444 6.26639 8.01026 
165.711 164.162 163.303 163.672 165.601 160.691 161.246 158.643 156.576 155.343 224.345 189.14 73.683 228.773 188.966 0.204665 214.924 167.52 -11.1247 191.021 153.956 -8.39788 162.327 148.011 5.73326 162.791 205.935 58.4127 7.66442 6.15583 7.83187 
166.398 164.567 164.188 165.202 166.916 161.474 160.992 159.144 157.622 156.791 231.186 192.936 76.7119 236.284 191.859 4.4588 222.799 171.227 -7.66068 198.739 157.718 -5.68651 169.824 151.306 7.80948 169.325 208.986 61.0618 7.78685 6.07993 7.00236 
168.785 164.894 166.152 167.854 168.489 163.451 161.057 160.722 159.916 159.996 242.079 199.627 81.0044 247.744 196.628 10.2987 234.877 176.783 -3.18164 210.778 163.225 -2.42566 181.374 156.342 9.54217 179.007 213.809 64.5581 7.82997 5.94391 6.05663 
170.251 164.514 166.45 168.068 168.211 164.748 160.482 161.257 160.832 160.724 246.487 202.859 82.2781 251.5 198.026 11.7665 238.539 178.756 -2.47497 214.293 165.341 -2.1698 184.603 158.555 9.37504 182.175 215.703 64.9392 7.94956 5.94251 5.68692 
170.659 164.205 166.531 168.029 168.001 165.495 160.061 161.528 161.322 160.992 249.649 204.738 83.4126 254.539 198.917 12.9567 241.486 180.028 -1.92002 217.053 166.566 -1.86306 187.118 159.577 9.52872 184.554 216.723 65.2075 8.19583 6.05924 5.5466 
170.641 163.761 166.351 167.726 167.647 165.842 159.274 161.478 161.507 161.054 251.438 205.472 83.9375 256.476 199.416 13.795 243.334 180.864 -1.71568 218.734 167.363 -1.97618 188.567 160.104 9.27463 186.003 217.186 65.1229 8.48876 6.18761 5.5392 
170.512 163.528 166.186 167.421 167.314 166.043 158.517 161.335 161.547 160.862 252.803 206.019 84.0125 257.766 199.666 14.3269 244.528 181.528 -1.71916 219.825 168.135 -2.20599 189.567 160.68 9.07875 187.138 217.579 65.0008 8.66166 6.2266 5.51907 
170.241 163.476 166.126 167.183 167.065 166.039 158.348 161.396 161.668 160.668 253.284 205.498 83.6677 258.288 199.639 13.9237 244.848 181.673 -2.46223 220.063 168.297 -3.00799 189.824 160.598 8.50333 187.629 217.338 64.5318 8.77854 6.28097 5.66135 
170.028 163.318 165.978 166.865 166.844 165.95 158.661 161.406 161.711 160.385 253.328 204.387 82.7983 258.381 199.455 12.584 244.812 181.33 -3.62575 219.976 167.98 -4.18921 189.875 160.078 7.67773 187.831 216.638 63.7063 8.78094 6.31306 5.77634 
169.664 163.38 165.874 166.574 166.626 165.788 158.904 161.381 161.659 160.142 253.019 202.945 81.3111 258.248 198.978 10.8371 244.441 180.751 -5.30809 219.453 167.372 -5.77502 189.429 159.351 6.37931 187.736 215.812 62.4718 8.82163 6.41753 5.95302 
169.358 162.746 165.225 165.843 166.022 165.711 158.18 160.624 160.827 159.377 252.246 201.775 79.3731 257.198 197.832 9.11488 243.498 179.578 -6.79478 218.54 166.161 -7.18392 188.55 158.237 4.91687 186.972 214.666 60.8245 8.7837 6.42789 5.84563 
168.946 162.018 164.421 164.946 165.464 165.536 157.238 159.533 159.561 158.268 250.808 199.579 77.1328 255.427 196.077 7.04112 241.568 177.808 -8.57272 216.643 164.366 -8.67223 186.794 156.683 3.49769 185.764 213.224 58.9569 8.70462 6.45206 5.85846 
168.493 161.473 163.713 164.229 164.833 165.173 156.49 158.43 158.289 157.021 248.831 197.375 74.5838 253.121 194.099 4.70621 239.355 175.692 -10.2913 214.638 162.279 -10.123 185.03 154.879 2.06518 184.095 211.466 56.9638 8.4616 6.33593 5.74883 
168.112 160.974 163.241 163.89 164.611 164.752 155.571 157.565 157.433 156.163 247.027 195.946 72.2405 250.59 192.045 2.70064 236.84 173.781 -11.8854 212.268 160.611 -11.424 182.96 153.72 0.963991 182.499 210.306 55.3176 8.12685 6.17921 5.51591 
167.846 160.552 162.802 163.577 164.289 164.507 154.926 156.701 156.657 155.31 244.957 193.738 69.6706 247.724 189.572 0.152153 233.902 171.264 -13.859 209.387 158.327 -13.1032 180.333 151.883 -0.334155 180.635 208.73 53.3503 7.9208 6.09744 5.44581 
167.727 160.759 163.138 163.982 164.54 164.27 155.278 156.796 156.772 155.252 242.735 191.344 67.136 244.793 186.959 -2.73482 230.739 168.598 -16.3178 206.253 155.975 -15.2013 177.426 150.011 -1.95656 178.624 206.992 51.3815 7.71843 5.97408 5.47714 
167.504 160.735 163.121 163.994 164.494 163.923 155.239 156.671 156.64 154.981 240.608 189.226 64.5268 242.151 184.424 -5.35276 227.987 166.262 -18.6851 203.547 153.971 -17.2842 174.87 148.496 -3.76883 176.751 205.361 49.2534 7.5326 5.84158 5.34444 
167.459 161.22 163.71 164.602 164.941 163.616 155.873 157.269 157.234 155.326 238.517 187.515 62.1287 239.417 182.181 -8.03825 225.097 164.237 -21.3025 200.67 152.279 -19.5946 172.159 147.309 -5.68674 174.841 203.982 47.269 7.3394 5.7258 5.2175 
167.207 161.287 163.506 164.311 164.785 163.36 156.059 156.904 156.792 154.682 235.865 185.01 59.7089 236.208 179.762 -10.9472 221.659 161.701 -23.552 197.227 150.025 -21.4576 168.91 145.479 -7.04554 172.546 202.352 45.1433 7.30433 5.6929 5.40893 
167.212 161.522 163.628 164.4 164.86 163.069 156.531 157.026 156.866 154.413 233.553 183.895 57.6652 233.299 178.268 -13.513 218.868 160.247 -25.6888 194.548 148.839 -23.3939 166.343 144.614 -8.68374 170.279 201.247 43.2317 7.1858 5.5401 5.3752 
166.82 161.699 163.209 163.793 164.279 162.567 156.434 156.542 156.132 153.305 231.22 183.41 55.7677 230.382 177.563 -15.4385 216.09 159.622 -27.2003 191.911 148.411 -24.5158 163.835 144.553 -9.62849 168.167 200.81 41.7926 7.06583 5.4483 5.3734 
166.821 161.737 163.043 163.544 164.249 162.522 156.256 156.296 155.814 152.812 229.201 183.157 54.1598 227.764 177.263 -17.2136 213.444 159.305 -28.7787 189.299 148.106 -25.7877 161.308 144.31 -10.5377 166.086 200.564 40.3648 7.17531 5.48723 5.43753 
166.751 161.903 163.159 163.594 164.29 162.309 156.346 156.3 155.754 152.721 227.122 183.17 52.6936 225.329 177.45 -19.0276 211.112 159.394 -30.376 187.055 148.143 -27.1732 159.172 144.438 -11.8823 164.045 200.568 39.0503 7.0863 5.5119 5.57242 
166.483 162.215 163.407 163.591 164.554 162.047 156.807 156.526 155.695 152.515 224.939 182.8 51.0885 222.838 177.786 -21.3255 208.648 159.538 -32.4497 184.801 148.043 -28.7063 157.127 144.376 -13.1655 162.078 200.349 37.6035 7.02395 5.6489 5.86456 
165.365 161.136 163.137 163.254 164.208 161.096 155.61 156.372 155.815 152.572 221.988 181.639 49.1573 221.033 178.368 -22.7372 206.581 160.109 -34.4627 182.609 148.562 -30.9755 154.963 144.863 -15.6029 160.225 199.887 35.907 6.96455 5.76574 6.10242 
164.582 160.428 162.995 163.317 164.093 160.077 154.831 156.367 156.262 153.149 218.809 180.489 47.7564 218.57 178.456 -23.802 203.718 160.001 -35.8533 179.647 148.632 -32.594 151.929 145.176 -17.3208 158.115 199.643 34.8761 6.94496 5.74897 6.47031 
163.962 160.239 163.242 163.675 164.16 159.191 154.498 156.613 156.718 153.446 215.661 179.768 46.2195 215.63 178.791 -25.3115 200.685 160.123 -37.4835 176.681 148.764 -34.1674 149.085 145.435 -18.7586 155.782 199.452 33.8707 6.85319 5.7611 6.78871 
163.777 160.119 163.198 163.824 163.974 158.898 153.752 156.604 157.099 154.195 213.148 179.532 44.9086 212.951 178.977 -26.3397 197.484 160.135 -38.9621 173.41 148.478 -35.4941 145.734 145.043 -19.9447 153.367 199.254 33.0705 7.08156 5.948 6.95413 
164.112 160.266 163.379 164.249 164.158 159.005 153.452 156.718 157.495 154.888 210.939 179.275 43.4283 210.5 179.063 -27.6249 194.739 160.083 -40.5847 170.607 148.149 -37.0329 142.874 144.678 -21.3998 151.05 199.035 32.0225 7.19061 6.11095 7.08434 
164.746 160.254 163.516 164.555 164.299 159.216 153.364 156.949 157.913 155.622 208.966 179.545 42.2821 207.929 178.746 -28.6408 191.75 159.656 -41.9734 167.513 147.491 -38.2725 139.669 144.13 -22.5926 148.582 198.812 31.1697 7.31658 6.27873 7.17724 
165.284 160.215 163.277 164.234 164.074 159.519 152.998 156.428 157.408 155.408 206.881 179.684 40.9582 205.169 178.504 -29.9752 188.826 158.992 -43.1604 164.56 146.543 -39.1648 136.766 143.366 -23.5054 146.048 198.553 30.1236 7.27775 6.50223 7.51609 
166.3 160.017 164.157 165.53 165.141 160.252 152.983 157.096 158.125 155.837 204.936 179.597 39.4359 201.86 177.453 -31.6267 185.242 157.985 -44.9969 161.229 145.492 -40.0868 133.629 142.598 -23.6579 143.588 198.875 29.074 7.28701 6.58041 7.31991 
167.236 159.996 163.869 165.253 164.821 160.852 152.806 156.883 158.053 155.97 202.998 179.628 38.0303 199.002 176.97 -33.0734 182.218 157.426 -46.5024 158.046 144.677 -41.6361 130.336 141.733 -25.1014 140.892 198.436 27.9064 7.43994 6.74201 7.34975 
167.817 159.759 163.479 164.808 164.244 161.394 152.719 156.686 157.857 155.892 200.853 179.69 37.0029 196.056 176.93 -34.4521 179.064 157.351 -47.8523 154.774 144.253 -42.8571 127.028 141.204 -26.1876 138.122 198.177 26.8659 7.60572 7.01242 7.46431 
168.2 159.111 162.817 164.122 163.444 161.749 152.163 156.053 157.299 155.517 198.703 179.809 35.8587 193.109 176.839 -35.8571 175.926 157.061 -49.0501 151.536 143.736 -43.8757 123.698 140.676 -27.1618 135.481 197.981 25.7423 7.7949 7.21394 7.66311 
168.762 158.369 162.163 163.294 162.551 162.236 151.51 155.332 156.51 154.931 196.646 179.986 34.9132 190.187 176.505 -36.9922 172.613 156.536 -49.9681 148.085 143.236 -44.5582 120.128 140.406 -27.8539 132.859 198.047 24.7126 7.96163 7.35176 7.94627 
168.911 158.757 162.663 163.544 162.356 162.803 152.063 156.066 156.717 154.812 194.828 180.557 33.9086 186.612 175.994 -38.5667 168.919 156.507 -51.7121 144.579 143.422 -45.5435 116.801 140.593 -27.9397 130.021 198.415 24.0123 8.04425 7.21079 7.38669 
169.332 158.965 162.836 163.589 162.28 163.701 152.398 156.425 156.717 154.585 193.095 181.213 32.622 183.506 176.212 -40.3012 165.667 156.985 -53.6068 141.576 143.766 -46.7513 113.924 140.629 -28.3541 127.284 198.767 23.0713 8.24281 7.20402 7.10251 
169.95 159.144 163.093 163.849 162.481 164.637 152.741 156.842 156.948 154.834 191.255 182.112 31.598 180.319 176.363 -41.785 162.39 157.256 -55.2311 138.439 143.914 -47.858 110.788 140.56 -28.8561 124.472 199.12 22.3027 8.47376 7.23245 6.91446 
170.775 159.078 163.291 164.039 162.53 165.58 152.852 157.136 157.061 154.808 189.124 182.86 30.3702 176.819 176.595 -43.3157 158.859 157.57 -56.8543 135.05 144.151 -49.0946 107.623 140.634 -29.418 121.532 199.517 21.4511 8.55653 7.24108 6.75619 
