166.499 163.851 166.597 168.667 161.078 158.84 148.808 155.001 156.85 139.276 -236.046 211.508 -49.4457 -249.647 202.495 -86.6783 -266.152 199.452 -99.0864 -291.436 200.942 -90.8552 -299.868 199.85 -56.4888 -276.185 247.037 -19.4066 13.177 7.46587 7.67137 
166.418 163.61 166.328 168.695 160.933 158.598 149.016 154.909 156.914 138.564 -236.33 211.388 -49.3492 -249.879 202.665 -87.0754 -266.477 199.443 -99.0016 -291.797 201.093 -90.782 -299.519 199.913 -55.7708 -275.981 247.182 -19.2909 14.0668 7.5456 7.23004 
166.266 163.47 166.111 168.713 161.871 158.239 149.187 154.887 156.955 139.768 -236.631 211.398 -49.219 -250.273 202.814 -87.3345 -266.887 199.494 -98.9762 -292.191 201.349 -90.7479 -300.133 200.397 -56.3735 -275.798 247.303 -19.1433 13.1966 7.6098 6.96665 
166.037 163.34 166.002 168.753 161.931 157.846 149.184 154.989 157.076 140.676 -236.838 211.499 -49.0756 -250.591 202.958 -87.3792 -267.246 199.637 -99.0673 -292.419 201.576 -90.7955 -300.751 200.814 -56.9279 -275.654 247.421 -19.0752 12.411 7.53605 6.95981 
165.855 163.313 165.992 168.845 161.912 157.478 149.409 155.21 157.238 141.099 -237.078 211.657 -48.8727 -250.9 203.302 -87.518 -267.657 199.984 -99.1567 -292.691 201.956 -90.7484 -301.161 201.255 -56.9984 -275.501 247.61 -18.9015 12.1645 7.40286 6.8616 
165.698 163.488 166.097 168.982 162.108 157.149 149.675 155.383 157.41 141.737 -237.461 211.835 -48.9844 -251.285 203.517 -87.7356 -268.04 200.188 -99.2409 -292.936 202.261 -90.7597 -301.76 201.848 -57.4922 -275.358 247.741 -18.8616 11.3989 7.31812 6.73475 
165.51 163.655 166.201 169.101 162.008 156.769 149.772 155.5 157.529 141.818 -237.75 212.121 -49.0008 -251.581 203.738 -87.6815 -268.282 200.485 -99.2564 -293.042 202.652 -90.7443 -302.035 202.385 -57.6495 -275.17 247.919 -18.7993 11.0923 7.24404 6.80195 
165.298 163.801 166.384 169.222 162.117 156.449 149.603 155.615 157.652 142.431 -237.979 212.322 -48.9884 -251.698 203.854 -87.175 -268.233 200.767 -99.1292 -292.754 202.936 -90.6019 -302.292 203.05 -58.2465 -274.939 248.099 -18.7368 10.1059 7.07058 7.15944 
165.168 163.967 166.558 169.303 162.268 156.117 149.51 155.675 157.729 142.923 -238.194 212.761 -49.0581 -251.914 204.127 -86.8483 -268.285 201.137 -98.9528 -292.569 203.353 -90.4416 -302.765 204.003 -58.9345 -274.693 248.318 -18.6442 8.85834 6.93724 7.34727 
165.202 164.275 166.825 169.445 162.75 156.001 149.429 155.734 157.792 142.897 -238.638 213.289 -49.3952 -252.17 204.341 -86.465 -268.253 201.456 -98.8047 -292.335 203.721 -90.3031 -302.618 204.739 -59.0202 -274.438 248.611 -18.6309 8.51477 6.83764 7.63626 
165.263 164.517 167.131 169.603 162.869 155.978 149.329 155.896 158.022 142.928 -239.016 213.642 -49.4661 -252.027 204.36 -85.7109 -268.028 201.796 -98.5176 -292.182 204.259 -90.1507 -302.713 205.538 -59.1955 -274.154 248.894 -18.4609 7.96482 6.99861 8.13403 
165.254 164.576 167.34 169.693 163.091 155.925 149.173 156.073 158.286 143.267 -239.208 213.819 -49.4244 -251.743 204.311 -85.0209 -267.809 202.064 -98.3606 -292.113 204.678 -90.0936 -302.271 205.8 -58.7992 -273.835 249.069 -18.34 8.54062 7.17612 8.63524 
165.255 164.605 167.454 169.695 162.577 156.074 148.873 156.079 158.357 142.575 -239.16 213.817 -49.2285 -251.265 204.19 -84.12 -267.434 202.4 -98.0918 -291.987 205.212 -89.9666 -302.11 206.251 -58.477 -273.496 249.266 -18.1761 8.74338 7.438 9.28881 
165.379 164.516 167.732 169.761 162.202 156.447 148.105 156.141 158.457 143.366 -239.138 213.696 -49.3767 -250.475 203.69 -82.6884 -266.593 202.36 -97.6526 -291.349 205.502 -89.7929 -302.259 207.014 -59.0796 -272.937 249.444 -18.1917 7.52041 7.74621 10.275 
165.378 164.046 167.767 169.759 161.726 156.666 147.232 156.133 158.445 142.49 -238.901 213.545 -49.3473 -249.972 203.543 -81.5904 -266.106 202.358 -97.3008 -290.761 205.6 -89.4923 -301.403 206.92 -58.3469 -272.413 249.542 -18.0324 8.12969 7.76564 10.9414 
165.375 163.467 167.727 169.741 161.373 156.831 146.7 156.137 158.44 141.402 -238.708 213.268 -49.6304 -249.486 203.319 -81.1512 -265.772 202.225 -97.1656 -290.375 205.751 -89.362 -300.438 206.698 -57.4838 -271.724 249.543 -17.9919 9.14534 7.88261 11.2155 
165.386 163.282 167.77 169.894 162.67 156.878 146.877 156.327 158.67 138.45 -238.481 212.853 -50.0158 -248.989 203.037 -81.203 -265.234 201.937 -97.2045 -289.709 205.621 -89.3632 -297.491 205.853 -55.5566 -270.858 249.5 -18.0849 12.4159 7.85412 11.1884 
165.315 162.857 167.711 169.9 162.549 156.878 146.89 156.496 158.882 138.424 -237.638 212.396 -50.4899 -248.142 202.72 -81.4682 -264.385 201.635 -97.4897 -288.947 205.455 -89.6088 -295.939 205.345 -55.2244 -269.808 249.386 -18.3996 13.4824 7.92199 11.176 
165.268 162.418 167.679 169.944 161.805 156.875 147.163 156.652 159.201 138.999 -236.157 211.892 -50.8134 -247.097 202.46 -81.9906 -263.326 201.461 -97.7934 -288.342 205.652 -89.9526 -295.06 205.471 -55.5616 -268.409 249.175 -18.6682 13.5513 8.3314 11.0444 
165.119 161.957 167.521 169.994 159.797 156.717 147.2 156.591 159.597 138.71 -234.239 210.967 -51.128 -245.96 201.943 -82.3528 -261.999 201.199 -98.2217 -287.796 206.068 -90.6543 -294.436 205.957 -56.5447 -266.559 248.69 -19.0805 13.0504 9.13068 11.2363 
164.771 162.288 167.566 169.84 160.491 156.406 148.083 156.724 159.809 142.48 -231.781 209.72 -51.1218 -244.221 201.13 -82.9864 -259.736 200.615 -98.6058 -285.858 205.774 -91.2248 -294.474 206.566 -59.3646 -264.352 248.075 -19.5557 9.66224 9.38801 11.1768 
164.779 163.017 167.551 169.698 159.374 156.515 149.087 156.762 159.75 144.094 -229.193 208.669 -52.0426 -242.318 200.147 -84.5094 -257.306 199.574 -99.3623 -283.47 204.835 -91.9982 -293.23 206.822 -61.2426 -261.846 247.302 -20.4545 7.59886 9.35041 10.6382 
164.917 163.141 167.414 169.618 158.826 157.093 149.091 156.637 159.521 144.972 -225.307 207.361 -52.7536 -239.546 199.021 -85.3538 -254.227 198.515 -100.085 -280.275 203.651 -92.6753 -291.107 206.737 -62.7603 -258.99 246.439 -21.383 6.00633 9.08443 10.6006 
164.822 162.584 167.256 169.235 158.993 157.503 148.247 156.582 159.324 146.792 -220.978 205.572 -53.3379 -236.258 197.626 -85.6756 -251.069 197.866 -101.2 -277.306 203.181 -93.6873 -289.555 206.965 -65.1043 -255.587 245.308 -22.2538 3.77822 9.15024 11.3685 
164.785 161.642 167.446 169.151 160.617 157.778 148.081 157.14 159.629 148.396 -216.71 204.19 -53.9255 -232.626 196.551 -86.3553 -247.613 197.311 -102.493 -273.608 202.415 -94.6526 -286.125 206.62 -66.7128 -251.859 244.192 -22.9431 2.92933 8.76249 11.8638 
164.362 161.167 167.081 168.684 160.896 157.771 148.335 156.939 159.325 149.165 -211.967 202.417 -54.3696 -228.693 195.246 -87.7775 -243.607 196.442 -103.388 -269.399 201.533 -95.3841 -282.758 206.447 -68.3191 -247.576 242.869 -23.7104 1.54782 8.49453 11.6259 
163.387 161.501 166.6 168.012 161.538 157.353 149.29 156.64 158.851 150.718 -206.559 199.987 -55.3813 -224.452 193.091 -90.3638 -239.259 194.517 -104.712 -264.608 199.755 -96.4913 -279.15 205.824 -70.8801 -242.437 240.938 -25.0635 0.6907 8.10312 10.7638 
162.432 163.773 166.284 167.447 162.454 156.241 152.124 156.591 158.482 152.442 -200.07 197.967 -55.027 -219.167 191.038 -93.3988 -233.653 191.895 -105.269 -258.292 196.96 -96.8907 -274.02 204.477 -72.8901 -236.56 238.869 -25.7833 2.71648 7.35343 8.82234 
162.189 165.046 166.248 167.287 163.218 155.006 154.035 156.969 158.806 154.602 -194.821 196.402 -55.4755 -214.151 189.492 -96.377 -228.506 189.905 -106.277 -252.728 195.286 -97.7742 -269.329 203.952 -74.8462 -230.814 237.156 -26.4181 4.53542 7.10499 7.30574 
162.193 165.755 166.309 167.104 164.008 154.428 155.305 157.674 159.366 156.769 -188.793 194.666 -56.5645 -208.895 188.543 -98.9945 -223.49 188.875 -107.759 -247.209 194.502 -98.8572 -264.213 203.877 -76.5551 -224.386 235.353 -26.9541 5.91222 6.85961 6.44589 
162.463 166.248 166.856 166.996 165.083 154.171 156.263 158.875 160.336 159.697 -182.073 193.358 -57.397 -202.889 187.498 -101.104 -218.011 188.167 -109.673 -241.796 194.213 -100.38 -259.618 204.207 -78.4183 -217.892 233.637 -27.4534 7.50183 7.03884 6.1382 
163.108 165.87 167.397 166.92 165.728 154.971 156.023 159.829 161.115 162.182 -173.962 191.642 -58.4586 -196.33 186.099 -102.746 -212.62 187.944 -112.208 -236.894 194.595 -102.515 -255.656 204.814 -80.2939 -211.096 231.854 -28.3645 8.83892 7.55911 6.67484 
164.276 164.616 167.603 166.464 165.177 157.065 154.43 159.897 161.15 163.526 -163.841 188.481 -59.7827 -188.049 183.144 -103.892 -205.805 186.656 -115.03 -230.901 194.291 -105.385 -250.815 204.394 -82.5697 -203.413 229.496 -30.3191 9.9388 8.50086 8.15894 
165.507 163.04 167.285 166.034 164.437 159.103 152.229 159.286 161.372 163.357 -153.303 185.032 -61.7868 -179.797 180.612 -105.071 -198.692 185.387 -117.689 -224.481 194.101 -108.379 -244.726 203.199 -84.4063 -195.071 226.806 -32.5561 10.008 9.57805 9.72291 
166.446 161.525 166.975 165.912 163.848 160.92 150.219 158.566 161.318 161.997 -142.394 181.659 -63.415 -170.732 178.821 -106.17 -190.485 184.431 -119.833 -216.476 193.644 -110.794 -236.932 201.499 -85.7129 -186.075 224.073 -34.3001 9.82703 10.0763 10.8937 
167.971 160.812 166.74 166.654 163.374 162.716 149.519 158.439 162.166 160.269 -130.321 177.766 -65.7726 -160.565 176.509 -108.967 -181.365 181.95 -122.417 -207.59 191.411 -113.387 -227.426 197.669 -86.8081 -175.95 220.255 -36.5347 8.95296 10.3421 10.6743 
169.686 160.613 165.981 167.18 163.602 164.671 149.69 157.77 162.317 159.179 -117.597 173.188 -67.6849 -149.879 174.204 -112.104 -171.031 178.583 -124.395 -197.135 188.218 -115.348 -216.826 194.003 -88.1043 -164.735 216.189 -38.7706 8.95638 10.3653 9.413 
171.306 161.59 165.324 168.664 165.281 165.974 150.016 156.26 162.088 157.444 -105.046 169.018 -69.6008 -138.756 170.896 -114.069 -159.23 173.455 -125.012 -184.924 183.328 -116.465 -203.821 188.974 -89.5279 -152.839 211.714 -40.3607 8.01741 10.4374 7.6491 
174.208 165.222 169.927 172.691 168.636 168.506 147.41 153.165 160.71 156.803 -80.492 163.099 -71.2725 -115.245 166.68 -116.011 -134.205 163.274 -122.652 -158.39 172.231 -115.101 -177.34 178.654 -88.8303 -131.424 207.152 -42.1436 6.94026 9.83527 2.72014 
173.609 166.866 169.303 171.461 168.655 168.815 153.8 158.004 163.913 160.935 -60.9107 156.558 -70.8215 -98.0146 156.379 -112.639 -115.317 153.897 -120.005 -138.955 163.861 -113.482 -158.995 171.304 -88.2402 -114.758 202.068 -42.273 7.9325 10.8957 4.90916 
175.151 166.471 168.842 170.416 168.408 169.877 155.2 159.721 164.068 161.495 -40.7683 151.017 -69.3478 -77.9916 147.346 -108.883 -95.8941 145.786 -117.668 -118.987 154.752 -110.894 -138.575 162.892 -86.6103 -95.6066 195.787 -41.5479 7.40237 9.95627 6.50389 
175.416 163.286 167.72 170.111 168.758 169.311 153.507 161.462 165.494 163.462 -20.5474 147.179 -65.236 -57.5138 139.7 -103.177 -76.1813 139.019 -114.23 -98.3822 146.675 -107.356 -117.414 155.43 -84.2562 -75.3391 190.031 -38.5723 6.68014 8.41176 8.2558 
173.349 162.785 165.41 167.464 167.389 167.024 157.803 162.65 164.669 162.615 0.311293 144.361 -60.0857 -37.6023 135.802 -103.266 -55.7646 134.169 -112.916 -77.1471 139.234 -104.893 -94.9925 147.635 -82.5938 -54.6789 185.272 -36.0057 4.93856 5.71815 6.22748 
170.667 163.359 161.126 163.592 166.038 164.451 156.795 159.347 159.319 158.165 23.0965 140.329 -52.9793 -15.6394 132.332 -102.229 -33.0495 129.124 -110.486 -53.166 130.83 -100.325 -69.7036 139.252 -78.9166 -32.6883 182.405 -34.5306 2.7676 2.31094 4.62269 
168.156 162.784 158.041 160.695 163.607 161.724 156.004 156.618 156.078 153.658 45.9824 135.436 -43.4582 8.57804 128.512 -100.346 -8.79295 122.964 -106.317 -29.0446 122.181 -94.4056 -44.6751 129.568 -71.6923 -10.0102 178.38 -30.806 1.61832 2.46009 2.04371 
165.836 160.048 157.74 161.387 164.912 158.821 156.557 157.105 157.971 155.436 70.8689 136.315 -33.91 36.9915 127.986 -97.0361 18.272 119.438 -102.164 -1.90508 116.539 -89.8056 -17.1571 123.061 -66.0452 15.2205 176.826 -25.6172 2.98201 3.38618 0.567677 
165.23 159.717 158.569 161.256 163.636 159.135 156.888 157.534 158.316 156.61 98.0833 138.149 -25.8772 63.5753 127.963 -95.8352 43.8351 116.424 -101.477 23.1107 110.842 -88.7917 5.91784 115.11 -64.1624 37.4776 172.606 -21.4144 4.3925 4.41781 1.92548 
174.305 159.62 160.267 162.713 164.589 166.28 157.49 158.719 159.533 158.126 128.193 151.427 -20.8657 88.6957 132.43 -92.3578 67.4146 119.357 -98.9354 45.6361 112.505 -86.3289 26.1885 114.932 -60.8495 57.9983 173.97 -16.9356 6.39046 5.14064 3.47379 
174.272 158.983 162.32 164.074 165.484 166.905 155.15 158.492 160.323 159.803 148.333 156.698 -11.5607 113.509 138.02 -86.0465 90.8208 123.184 -94.475 67.8132 114.813 -83.3452 45.6723 115.444 -58.4666 75.9959 175.796 -11.8249 7.59656 5.51164 5.38948 
173.831 161.238 164.19 165.738 166.389 167.117 154.039 158.782 161.348 160.998 165.2 161.589 -1.86023 135.963 144.445 -78.4152 113.122 127.9 -89.2418 87.8466 117.964 -80.4725 63.6316 116.567 -56.0735 91.6081 177.706 -6.51875 8.76761 6.56392 6.79975 
175.184 162.938 165.39 166.571 167.231 168.505 154.355 158.584 161.052 161.706 180.705 167.369 8.12048 154.514 150.177 -70.591 131.364 133.234 -82.2179 105.431 122.267 -74.8687 78.6075 119.897 -52.2209 105.132 180.527 -0.638933 9.81096 7.082 7.80371 
175.267 164.204 165.808 166.845 167.953 169.577 155.543 159.371 161.152 162.022 193.181 172.457 15.7179 170.233 155.618 -63.8297 147.433 138.725 -77.0307 120.637 127.238 -70.4246 92.4732 124.135 -48.6596 116.814 184.058 4.08094 10.4007 7.64053 8.14268 
175.576 164.906 165.53 165.717 164.666 169.897 156.375 158.665 158.898 157.078 203.714 176.624 21.4499 183.054 159.97 -57.9182 161.261 142.91 -70.941 134.519 131.298 -64.0605 105.334 127.564 -42.1266 127.458 188.008 8.31648 11.5523 7.72051 7.75541 
174.397 164.767 166.227 166.398 164.45 168.84 156.063 159.357 158.627 156.331 210.426 178.198 24.082 193.295 164.128 -53.3319 172.708 146.839 -67.4953 146.703 134.818 -60.2363 117.086 131.089 -39.2296 136.282 191.495 11.1296 11.1996 7.47253 7.39079 
173.02 164.767 166.645 166.849 164.672 167.88 156.234 160.038 158.753 156.328 216.127 180.312 26.157 201.23 167.368 -49.9497 181.575 149.789 -64.6229 156.346 137.691 -57.0522 126.678 134.284 -36.8754 143.62 194.568 13.4945 10.563 7.1154 7.02441 
171.499 164.223 166.563 166.995 165.292 166.736 156.462 160.414 159.158 156.988 220.528 181.77 27.8707 207.295 169.825 -47.6336 188.363 151.747 -62.3532 163.579 139.663 -54.8804 134.075 136.653 -35.3251 149.559 196.871 15.2747 9.91706 6.88352 6.77093 
169.787 161.372 164.65 165.483 164.859 165.297 153.725 158.06 157.571 156.619 223.285 182.615 29.36 212.362 171.773 -44.0536 193.829 153.272 -58.519 169.157 141.035 -51.8226 139.719 138.325 -33.9245 154.192 198.423 16.7869 9.41711 6.86542 6.89621 
168.587 159.926 163.909 165.09 164.599 164.54 152.543 157.253 157.593 156.816 225.624 183.018 30.3564 216.937 173.059 -41.4603 198.51 154.605 -56.111 173.604 142.241 -50.2905 144.334 139.5 -33.2226 157.946 199.432 17.6852 9.12899 6.92255 7.0162 
167.545 159.295 163.393 164.766 164.411 163.446 152.103 156.621 157.444 156.627 227.195 183.243 31.2863 220.732 174.333 -39.3353 202.535 156.046 -53.8492 177.455 143.891 -48.8424 148.418 141.42 -32.6302 161.102 200.621 18.6518 8.63559 6.85488 6.94908 
167.074 159.471 163.22 164.591 164.174 163.072 152.242 156.294 157.352 156.169 228.462 183.714 32.156 223.303 175.138 -37.7607 205.445 156.935 -52.0413 180.242 144.821 -47.6025 151.486 142.42 -31.7974 163.184 201.255 19.5199 8.24001 6.85701 6.77602 
167.041 159.925 163.508 164.735 164.263 162.869 153.038 156.676 157.763 156.217 229.037 183.424 33.025 225.137 175.516 -36.7866 207.569 157.395 -50.9803 182.305 145.427 -47.0343 153.627 142.966 -31.4487 164.361 201.368 20.1876 8.00151 6.74102 6.63903 
166.866 160.165 163.578 164.749 164.343 162.523 153.145 156.706 157.867 156.2 228.489 182.378 33.6314 225.758 175.225 -35.9126 208.63 157.266 -49.9775 183.398 145.446 -46.4812 154.798 142.969 -31.1838 164.611 201.078 20.6499 7.74643 6.58993 6.33349 
167.011 160.314 163.522 164.648 164.337 162.44 153.345 156.752 157.831 156.078 227.665 180.75 34.0759 225.705 174.362 -35.4942 208.794 156.505 -49.4969 183.524 144.772 -46.2073 154.928 142.359 -31.0937 164.272 200.314 20.8263 7.60928 6.55657 6.18976 
167.37 160.209 163.329 164.498 164.289 162.685 153.131 156.725 157.782 156.16 226.855 179.096 34.4386 225.219 173.392 -35.1881 208.186 155.673 -49.3618 182.777 143.999 -46.1574 154.06 141.646 -31.1677 163.657 199.547 20.8674 7.69757 6.61937 6.22685 
167.939 160.195 163.513 164.713 164.443 163.127 153.168 157.209 158.174 156.694 225.586 177.308 34.6112 223.933 172.221 -35.2812 206.551 154.602 -49.8685 181.068 142.871 -46.4863 152.222 140.513 -31.3763 162.445 198.641 20.7943 7.8854 6.71145 6.39757 
168.519 160.322 163.679 164.85 164.552 163.437 153.564 157.502 158.349 157.016 223.831 175.809 34.3486 221.849 171.012 -36.0861 204.442 153.202 -50.6273 179.075 141.257 -46.9473 150.183 138.937 -31.7872 160.647 197.347 20.5168 7.9114 6.78483 6.46645 
169.277 159.758 163.271 164.422 164.217 164.059 153.275 157.096 157.969 157.004 221.915 174.517 34.0993 219.087 169.231 -36.9031 201.612 150.911 -51.2655 176.264 138.863 -47.4333 147.086 136.585 -32.3727 158.147 195.382 20.0165 8.17293 6.86489 6.75354 
169.923 159.485 163.196 164.311 164.051 164.735 152.98 156.788 157.719 156.995 219.806 173.058 33.7261 216.114 167.341 -37.7328 198.532 148.791 -51.8871 173.082 136.811 -47.9177 143.75 134.76 -32.955 155.6 193.779 19.3733 8.32049 6.95911 6.91079 
170.333 159.469 163.559 164.695 164.289 165.228 153.279 157.308 158.381 157.863 217.35 171.723 33.3823 212.859 165.929 -38.7172 194.808 147.189 -52.906 169.249 135.174 -48.6187 139.79 133.278 -33.3941 152.96 192.715 19.0027 8.56147 7.10223 7.19985 
170.459 159.819 163.822 164.855 164.252 165.198 154.222 157.723 158.437 157.747 214.428 170.156 32.6091 209.299 164.546 -40.4473 191.073 145.555 -54.1362 165.618 133.597 -49.2288 136.23 132.072 -33.6808 150.235 191.711 18.3426 8.54665 7.19851 7.37025 
170.688 159.82 163.588 164.704 163.979 165.655 153.978 157.611 158.26 157.424 211.924 168.772 31.7674 206.369 163.49 -41.6915 187.555 144.791 -55.561 161.824 132.766 -50.327 132.454 131.325 -34.4167 147.564 190.925 17.3641 8.74486 7.51441 7.56082 
170.972 158.19 162.622 163.509 162.668 166.366 152.46 156.468 157.189 156.549 206.943 167.323 30.2644 199.556 161.854 -43.8653 179.893 142.955 -57.6498 154.114 131.107 -51.9521 124.624 129.738 -35.5494 141.711 189.5 15.734 9.22559 7.5695 8.0518 
170.917 159.34 163.632 163.989 162.793 166.7 152.962 157.456 157.314 156.01 204.107 166.494 28.8795 194.386 159.809 -45.4466 174.808 142.049 -59.5807 149.277 130.913 -52.6741 120.132 129.989 -34.97 138.194 189.486 15.3973 9.16044 7.33008 7.07272 
171.636 159.614 163.765 164.06 162.566 167.741 152.749 157.693 157.226 155.425 201.856 165.805 27.2077 190.642 158.609 -47.1409 170.791 141.526 -61.662 145.277 130.475 -54.0421 116.347 129.566 -35.2329 135.009 189.198 14.3643 9.29667 7.39563 6.82278 
172.732 159.238 163.686 164.02 162.238 169.101 152.177 157.695 157.094 154.834 200.077 165.671 25.5399 187.161 157.822 -48.7559 166.848 141.046 -63.6661 141.256 129.875 -55.4318 112.67 128.895 -35.4587 132.027 188.968 13.215 9.48448 7.6026 6.95366 
174.271 159.667 164.333 164.719 162.694 170.559 153.289 158.647 157.913 155.222 198.009 165.181 23.855 183.253 157.063 -51.334 162.645 140.313 -66.2285 137.105 129.193 -57.58 108.822 128.233 -36.5849 129.039 188.514 11.8878 9.64028 7.6467 6.96789 
175.228 160.221 164.909 165.487 163.405 171.582 153.85 159.389 158.842 156.018 195.466 164.96 22.1635 179.752 156.686 -53.2021 158.821 139.912 -68.2194 133.207 128.643 -59.6217 105.334 127.441 -37.8756 125.931 188.203 10.6772 9.66267 7.66362 7.11374 
175.731 160.106 165 165.667 163.768 172.202 153.639 159.565 159.181 156.414 193.061 165.344 20.4349 176.503 156.454 -54.5264 155.316 139.861 -69.7336 129.582 128.582 -61.2056 102.01 127.226 -39.045 122.982 188.242 9.51026 9.66942 7.65378 7.19677 
176.243 160.661 165.441 166.14 164.462 172.814 154.343 160.117 159.845 157.089 190.375 165.861 18.7714 172.86 156.428 -56.1408 151.435 139.862 -71.2293 125.661 128.669 -62.7657 98.4684 127.044 -40.0404 119.874 188.348 8.49467 9.76177 7.55483 7.2341 
176.54 160.889 165.717 166.459 164.921 173.237 154.545 160.353 160.313 157.621 187.325 165.953 17.3306 169.125 156.526 -57.4498 147.68 140.025 -72.4131 121.763 129.019 -64.3252 94.8687 127.148 -41.2277 116.654 188.452 7.57523 9.78817 7.40212 7.14293 
176.516 160.345 165.406 166.233 164.849 173.502 154.004 159.969 160.06 157.42 184.378 166.593 16.3494 165.517 157.157 -58.3913 144.073 140.883 -73.3245 118.064 129.929 -65.6165 91.5062 127.759 -42.5281 113.283 188.665 6.60182 9.71362 7.35766 7.09598 
177.256 161.562 165.303 165.918 164.993 173.509 155.493 159.638 159.638 157.152 181.756 167.645 15.5571 160.914 157.262 -60.4566 139.234 140.942 -73.9963 113.307 130.455 -66.2751 87.4255 128.579 -43.2994 109.975 188.943 5.9285 9.39555 7.20806 6.96474 
177.681 162.306 165.432 165.885 165.362 173.606 156.413 159.438 159.513 157.5 179.43 169.283 14.5448 156.615 157.302 -62.3335 134.864 140.919 -74.9704 109.05 130.909 -67.4069 83.491 129.291 -44.7373 106.82 189.303 5.05124 9.01039 6.9117 6.83911 
177.037 163.084 165.532 166.468 165.411 173.423 157.634 159.798 160.519 158.131 176.672 170.099 13.7916 152.987 157.051 -64.1108 130.904 140.28 -76.5235 104.7 130.436 -69.3791 78.9485 128.717 -45.9557 103.223 189.328 3.94938 9.44512 6.8929 7.10126 
176.563 163.737 165.88 167.108 165.929 173.111 158.501 160.142 161.2 158.603 173.507 170.4 12.9633 149.59 157.16 -65.6629 127.39 140.235 -78.0397 101.057 130.647 -71.2153 75.3673 129.07 -47.5239 99.8951 189.792 2.6639 9.45773 6.79379 7.19376 
175.818 164.274 166.119 167.448 166.541 172.273 158.556 160.149 161.467 159.121 170.066 171.325 11.3804 145.805 156.88 -66.7336 123.803 140.059 -78.9883 97.5798 130.966 -72.3926 71.8352 129.912 -48.8783 96.6613 190.771 1.49284 9.14493 6.4753 6.88514 
173.603 164.687 166.35 167.772 167.261 169.727 157.401 159.525 161.482 159.726 165.066 171.059 9.20007 140.636 155.773 -67.4876 119.724 139.85 -79.0069 94.2161 131.721 -72.9681 68.5926 131.766 -50.6824 93.4311 192.09 0.441045 8.01344 5.61021 5.53808 
172.322 164.734 166.278 167.812 167.702 167.975 156.062 158.717 161.15 159.979 159.847 170.253 7.13243 136.192 155.696 -68.1342 115.919 140.287 -79.3324 90.7784 132.682 -73.6748 65.2483 133.601 -52.4508 90.082 193.467 -0.703834 7.20231 5.16958 4.77491 
172.154 164.734 166.25 167.817 167.946 167.084 155.319 158.251 160.961 160.245 155.248 169.584 5.44076 132.089 155.637 -69.172 112.401 140.386 -80.2061 87.5992 133.131 -74.8052 62.1132 134.737 -54.4751 86.574 194.33 -1.98352 6.57513 4.79874 4.24401 
172.159 164.68 166.235 167.86 168.234 166.639 154.984 158.235 161.039 160.77 150.972 168.98 3.67985 128.467 155.461 -70.4372 109.049 140.3 -81.5917 84.4319 133.183 -76.2886 58.9639 135.27 -56.5875 83.1228 194.872 -3.51811 6.19587 4.60499 3.96142 
172.314 164.319 165.966 167.62 168.19 166.46 154.414 157.922 160.733 160.615 146.888 168.848 2.02998 124.742 155.891 -71.6478 105.486 140.885 -82.7773 81.1074 133.895 -77.3437 55.8609 136.326 -57.9216 79.7504 195.856 -4.92841 5.88629 4.42609 3.73819 
172.333 163.435 165.142 166.956 167.725 166.697 153.061 156.99 159.953 159.944 143.631 169.892 0.547107 121.015 156.588 -72.42 101.843 141.769 -83.5565 77.6575 134.788 -77.9302 52.5359 137.273 -58.5787 76.2724 196.885 -6.19178 5.82309 4.32734 3.57026 
172.122 162.027 163.951 166.045 167.095 166.72 151.261 155.9 159.01 159.052 140.128 171.012 -0.804584 117.367 157.577 -72.752 98.0045 143.002 -84.1392 73.9449 135.85 -78.1996 48.9983 138.198 -58.6597 72.7564 197.945 -7.25456 5.87942 4.35816 3.6567 
171.933 160.383 162.597 165.005 166.269 166.888 149.57 154.431 157.833 157.883 136.651 171.942 -2.06298 113.782 158.996 -73.6758 94.181 144.079 -84.8679 70.2833 136.604 -78.6449 45.5665 138.744 -58.993 68.9911 198.66 -8.44592 5.82458 4.40304 3.96937 
172.412 159.846 162.175 164.56 165.893 167.331 149.435 153.927 157.31 157.224 133.214 172.577 -3.3679 109.776 160.227 -75.404 90.1831 145.107 -86.2573 66.4811 137.551 -79.7254 42.091 139.815 -60.0595 65.2563 199.44 -9.69347 5.52566 4.36514 4.00032 
172.832 159.34 161.765 164.154 165.53 167.603 149.248 153.423 156.808 156.417 129.353 173.278 -4.41277 105.557 161.245 -76.6136 85.8382 145.917 -86.9835 62.2637 138.438 -80.1291 38.198 140.891 -60.2124 61.4301 200.547 -10.6827 5.37361 4.36123 4.14151 
173.273 159.151 161.672 163.961 165.235 167.891 149.325 153.088 156.419 155.593 125.532 174.243 -5.43329 100.937 162.002 -77.6273 81.3098 146.675 -87.4347 57.8361 139.534 -80.3183 34.0738 142.338 -60.1373 57.4778 201.883 -11.4264 5.21833 4.28342 4.07381 
173.427 158.954 161.357 163.608 164.746 167.834 148.677 152.459 155.793 154.433 121.533 174.901 -6.88478 96.1813 162.387 -78.3363 76.923 147.493 -88.0242 53.7312 140.584 -80.6651 30.436 143.562 -60.2215 53.4178 202.937 -12.3841 4.94487 4.12167 3.62356 
172.811 158.275 160.747 163.035 164.169 167.09 148.355 151.907 155.065 153.257 117.101 175.811 -7.80271 91.8166 164.053 -79.2611 72.5027 149.157 -88.6481 49.4799 142.09 -80.7821 26.6045 145.131 -60.0126 49.4198 204.421 -13.119 4.86301 4.27714 3.71382 
171.937 158.197 160.702 162.77 163.754 166.09 148.941 152.093 154.832 152.459 112.092 176.535 -8.41458 87.2343 165.776 -80.2834 68.0774 150.913 -89.2726 45.1277 143.808 -80.8924 22.5731 146.986 -59.6627 45.3327 206.243 -13.5281 4.89467 4.44932 3.66102 
