173.301 174.27 140.218 144.01 140.67 162.173 146.558 79.1144 80.6291 77.9147 -126.607 164.766 22.0134 -115.098 134.388 -6.42496 -98.9691 158.167 62.1436 -86.2255 153.121 69.9671 -69.5991 147.601 68.4214 -73.2222 182.905 47.4483 12.5636 5.88581 77.336 
174.498 174.27 140.018 143.4 138.596 166.644 147.73 79.5116 80.4054 77.4862 -129.702 166.766 21.8965 -115.274 133.863 -5.78444 -99.3042 158.517 62.6977 -86.3705 153.443 69.9721 -69.5359 147.704 68.0591 -73.4464 182.985 47.3849 12.902 6.02801 77.6791 
176.958 174.27 139.712 143.566 138.718 167.349 147.398 79.4422 80.4392 77.3314 -130.487 167.055 21.6977 -115.579 133.964 -5.9756 -99.3312 158.479 62.7817 -86.3991 153.215 70.0387 -69.4353 147.515 68.1431 -73.475 182.808 47.3892 12.8246 5.98562 78.0153 
176.136 174.27 140.027 143.053 136.673 170.222 148.245 79.8095 80.2753 76.8815 -132.718 168.37 21.8389 -115.412 133.205 -5.35954 -99.582 158.498 63.175 -86.4774 153.294 70.0025 -69.2981 147.41 67.7196 -73.6333 182.791 47.3169 13.2037 6.10287 78.1028 
175.489 174.27 140.557 142.504 133.289 173.538 148.574 80.1255 79.9662 75.9073 -135.631 169.822 22.1868 -114.77 131.643 -4.15218 -99.7755 158.356 63.7067 -86.3733 153.23 70.0236 -68.7289 147.186 67.1554 -73.8053 182.684 47.313 13.8056 6.1763 78.0175 
175.154 174.27 141.016 142.23 130.494 175.475 148.59 80.2905 79.7996 75.2769 -137.529 170.664 22.4772 -114.217 130.61 -3.39932 -99.8951 158.246 63.8953 -86.2646 153.228 69.9395 -68.285 147.128 66.6041 -73.9551 182.737 47.2666 14.2984 6.16741 77.8113 
178.597 174.27 140.761 143.075 131.737 175.848 148.201 79.9419 79.9535 75.6421 -137.433 170.756 21.8094 -114.456 131.293 -4.29169 -99.7676 158.226 63.5487 -86.2168 152.888 69.828 -68.1918 146.732 66.5744 -73.8262 182.609 47.2347 14.344 6.05811 78.2303 
177.783 174.27 140.668 143.565 132.622 175.66 148.23 79.6726 80.0958 76.0755 -136.928 170.665 21.3188 -114.264 131.809 -5.14506 -99.6298 158.132 63.22 -86.1357 152.611 69.7131 -68.1144 146.493 66.5746 -73.7174 182.584 47.2361 14.3902 5.98407 78.6323 
175.118 174.27 140.709 143.857 133.445 174.931 148.695 79.3902 80.1736 76.5481 -136.28 170.223 21.0901 -113.896 132.125 -6.04459 -99.5136 157.98 62.8988 -86.0735 152.4 69.6337 -68.1764 146.358 66.6677 -73.6407 182.535 47.2444 14.3566 5.89961 79.1258 
173.424 174.27 140.6 144.127 134.13 173.936 148.961 79.1287 80.2721 76.8723 -135.508 169.886 20.9042 -113.555 132.363 -6.70567 -99.4603 157.87 62.5944 -86.1428 152.24 69.5896 -68.2946 146.217 66.7699 -73.5968 182.51 47.2763 14.3402 5.85522 79.4051 
172.701 174.27 140.663 144.341 134.958 172.708 149.58 78.9388 80.3619 77.256 -134.664 169.416 20.867 -113.249 132.585 -7.49434 -99.4451 157.807 62.362 -86.2498 152.19 69.5732 -68.5449 146.211 66.9256 -73.5922 182.51 47.3109 14.2291 5.8289 79.8607 
172.714 174.27 140.831 144.478 135.869 171.508 149.921 78.8253 80.4707 77.6958 -133.746 168.974 20.8564 -113.12 132.985 -8.11627 -99.5168 157.854 62.1317 -86.4377 152.257 69.5458 -68.9507 146.293 67.0803 -73.5991 182.568 47.3287 14.085 5.78848 80.1046 
173.216 174.27 140.982 144.639 136.453 170.114 150.271 78.7301 80.5389 77.8937 -132.907 168.399 20.9857 -112.981 133.179 -8.58982 -99.5581 157.839 62.0082 -86.5502 152.253 69.5683 -69.1356 146.293 67.1983 -73.6264 182.596 47.37 14.0251 5.75645 80.3683 
174.02 174.27 141.054 144.686 136.781 168.871 150.437 78.665 80.5875 78.0516 -132.17 167.947 21.1148 -112.895 133.342 -8.82819 -99.6351 157.873 61.9544 -86.673 152.316 69.6446 -69.332 146.387 67.3662 -73.6965 182.678 47.4434 13.9639 5.71783 80.4936 
175.31 174.27 141.099 144.659 136.908 167.693 150.666 78.601 80.61 78.1152 -131.522 167.505 21.2561 -112.842 133.411 -8.86315 -99.752 158.003 61.9656 -86.8233 152.482 69.7718 -69.5554 146.563 67.5457 -73.8102 182.793 47.5299 13.9269 5.67675 80.5439 
178.598 174.27 141.103 144.177 135.426 170.576 150.818 79.098 80.381 77.7903 -133.679 169.001 21.534 -114.062 133.706 -8.02279 -100.232 158.509 62.5336 -87.1536 153.057 69.8399 -69.8509 146.757 67.2331 -74.119 183.059 47.5093 14.3713 5.84674 80.2871 
177.375 174.27 140.557 144.369 135.822 170.611 150.448 79.0518 80.4693 77.5874 -134.055 169.142 21.51 -114.763 134.344 -8.28238 -100.525 158.737 62.5253 -87.4177 153.079 69.8757 -70.0562 146.84 67.2501 -74.3053 183.137 47.5523 14.2296 5.7351 80.461 
176.652 174.27 140.447 144.593 136.589 169.944 151.308 79.0312 80.5988 77.5897 -133.976 168.859 21.6258 -114.72 134.601 -8.84024 -100.804 158.84 62.5571 -87.687 153.182 69.9755 -70.3288 147.139 67.3663 -74.6164 183.359 47.6656 14.0896 5.6855 81.0154 
176.894 174.27 140.275 144.707 136.902 168.924 152.395 78.9962 80.6657 77.3321 -133.869 168.5 21.8953 -114.811 134.66 -9.22196 -101.143 158.903 62.71 -87.9997 153.344 70.2368 -70.577 147.455 67.5882 -75.0141 183.514 47.8302 13.994 5.61644 81.5709 
177.964 174.27 140.054 144.732 136.815 167.674 153.704 78.8302 80.5556 76.9496 -133.914 168.091 22.185 -115.062 134.636 -9.59729 -101.515 158.986 62.9119 -88.3877 153.595 70.5579 -70.9301 147.811 67.9158 -75.5192 183.632 48.0348 13.8838 5.60366 82.2046 
177.832 174.27 141.051 145.323 133.058 167.896 153.762 79.1192 80.8181 76.911 -135.407 169 22.8005 -117.589 136.874 -9.62986 -102.564 160.233 63.541 -89.8219 154.862 71.142 -72.5817 147.493 67.2 -76.2617 184.057 48.2663 15.7172 5.9084 82.5092 
173.727 174.27 141.37 145.097 135.244 166.921 154.778 79.9457 81.1739 76.9761 -135.731 167.704 24.1589 -119.906 139.089 -10.3303 -103.474 160.736 64.4614 -90.6966 155.735 71.8228 -73.9796 148.842 68.1311 -77.234 184.917 48.7381 14.5759 6.11537 83.0821 
171.343 174.27 141.239 144.614 136.67 166.265 156.26 80.4119 81.3185 77.5145 -135.935 166.491 25.976 -120.542 140.068 -10.8777 -104.478 161.166 65.319 -91.5814 156.403 72.5313 -75.5571 149.83 68.9841 -78.1957 185.56 49.3807 14.006 6.23773 84.2442 
169.472 174.27 141.321 144.266 137.833 165.872 156.981 80.8437 81.4727 78.366 -136.255 165.588 27.8695 -121.442 141.433 -11.3402 -105.474 161.411 66.124 -92.3619 156.84 73.1373 -76.9901 150.609 69.6695 -79.1764 186.174 50.1238 13.6551 6.32179 85.2408 
167.657 174.27 141.425 143.951 138.733 165.354 157.275 81.1868 81.5727 79.2214 -136.474 165.109 29.725 -123.164 142.953 -10.8282 -106.466 161.752 67.0239 -93.1851 157.259 73.8663 -78.4231 151.205 70.485 -79.9789 186.706 51.0545 13.4465 6.40795 85.2045 
166.4 174.27 141.788 143.623 139.342 164.952 157.987 81.3209 81.5851 79.7906 -136.862 164.288 31.4621 -124.957 143.886 -10.226 -107.042 161.929 67.9549 -93.6621 157.439 74.5161 -79.4525 151.513 71.1418 -80.6977 186.845 51.7314 13.2849 6.53343 85.4062 
165.48 174.27 142.195 143.436 139.363 164.834 157.596 81.3023 81.5051 80.058 -137.283 164.037 33.1764 -126.823 144.726 -8.70611 -107.389 162.32 69.0588 -93.9214 157.817 75.3894 -80.0842 151.815 71.8884 -81.1768 187.043 52.5116 13.2963 6.62596 85.1467 
164.504 174.27 142.396 143.06 139.243 164.477 157.953 81.3158 81.4404 80.3992 -136.932 163.714 34.832 -128.505 145.888 -7.64352 -107.431 162.799 70.2072 -93.8863 158.216 76.2972 -80.4303 152.047 72.7211 -81.2276 187.157 53.3256 13.2696 6.70114 85.3325 
162.782 174.27 142.744 142.784 139.412 163.807 157.352 81.1419 81.3167 80.5987 -135.698 163.537 36.4312 -129.528 146.703 -5.98511 -106.889 163.084 71.1895 -93.2729 158.405 77.08 -80.1181 152.181 73.4693 -80.8326 187.166 54.0689 13.1957 6.73168 85.0216 
162.051 176.392 143.366 142.135 138.855 164.07 156.272 80.8607 80.8615 80.7781 -133.132 163.035 39.3985 -129.585 148.023 -3.45116 -104.142 163.324 72.7802 -90.368 158.39 78.0014 -77.8235 151.826 74.1128 -78.3622 186.755 55.1117 13.2833 6.79952 84.9946 
162.246 177.676 143.331 141.42 138.401 163.914 157.655 80.562 80.5831 80.9402 -130.1 163.071 40.207 -128.124 149.533 -3.75482 -101.453 163.561 73.2038 -87.6624 158.302 78.1029 -75.4007 151.458 74.2633 -75.6756 186.472 55.4417 13.0673 6.77192 86.1142 
160.302 174.27 144.678 143.153 137.203 162.395 159.975 80.8528 80.7879 79.1423 -124.83 160.883 41.037 -124.679 150.862 -5.20824 -97.7528 163.146 73.8709 -83.8254 158.15 78.8991 -70.5969 151.201 74.4874 -72.1786 186.525 56.1427 12.9905 6.62832 87.7374 
161.623 174.27 146.63 144.603 138.222 161.872 157.773 80.8564 80.0225 78.1233 -118.769 156.295 41.6257 -117.122 146.329 -4.91223 -92.1877 161.636 74.2163 -77.8442 156.756 78.9171 -64.402 150.339 74.7607 -67.3482 185.3 56.4419 12.9843 6.16197 87.7474 
162.986 174.27 148.752 145.808 139.003 161.943 155.189 79.9677 78.4081 76.3424 -111.29 152.159 41.3154 -109.023 142.391 -4.9465 -85.0892 159.558 73.7867 -70.1758 154.541 77.9652 -56.5321 148.684 74.0807 -61.108 183.273 56.2382 13.0132 5.56143 88.1287 
161.079 174.27 152.349 146.873 143.886 160.525 153.874 78.4864 77.7207 73.0015 -101.553 147.159 42.1313 -99.4168 136.414 -4.19464 -77.4654 156.717 72.7742 -62.5866 151.012 76.7747 -47.3023 145.97 72.6141 -53.8804 180.426 55.4823 12.5444 5.36765 87.8561 
163.291 174.27 154.101 150.588 145.262 160.838 153.461 76.5159 75.0568 70.4947 -89.841 140.031 41.9245 -83.4463 124.227 -1.90898 -63.3125 148.986 71.1563 -47.7289 146.291 74.8791 -32.3009 144.2 70.6843 -45.7095 177.746 53.6291 13.457 5.66831 85.7623 
165.951 174.27 156.057 150.677 143.509 160.329 153.828 74.2554 72.6236 68.6311 -78.2367 134.157 39.5783 -67.6624 115.104 -2.11416 -49.307 141.762 67.6614 -33.2782 140.045 70.549 -18.3938 140.216 66.5739 -36.1408 173.192 50.7628 13.9957 5.93516 83.9641 
167.265 174.27 153.373 147.704 142.042 159.717 155.879 72.9443 72.1418 69.8167 -66.8174 130.23 35.9508 -53.7067 110.641 -5.50121 -36.332 134.513 61.1598 -20.518 135.108 65.0741 -6.24367 136.656 61.5757 -26.1419 169.818 47.3329 13.8009 5.77012 79.5094 
161.074 174.27 152.048 146.764 140.199 154.604 157.66 74.0584 72.6684 71.1966 -51.6904 123.666 34.0959 -42.247 105.825 -10.1288 -24.3859 124.699 53.8762 -9.26971 128.26 59.4578 5.38757 130.704 56.649 -14.4887 164.987 42.9407 12.6519 7.69645 73.4563 
158.878 174.27 149.964 144.578 139.022 152.987 158.352 75.401 74.4635 73.5447 -38.2579 119.337 32.3832 -29.6074 102.873 -16.1183 -11.4177 118.677 48.5931 3.44279 122.954 54.7755 18.275 126.352 52.404 -1.79303 161.534 39.1159 11.6581 8.37459 72.8102 
160.561 174.27 147.3 143.862 136.935 154.092 160.199 78.0807 77.1797 76.3005 -24.0173 113.289 28.0951 -15.0165 97.748 -24.1011 2.82748 111.911 44.9066 17.5611 116.401 50.6036 32.2746 120.868 48.0088 12.4711 155.833 34.1023 11.5307 8.01867 76.8562 
165.697 175.688 142.517 145.143 141.052 158.474 156.624 79.3355 79.082 78.7088 -12.6025 109.335 21.7392 -0.185377 94.7488 -30.664 16.2855 107.095 40.9453 30.7824 111.934 47.3271 45.4029 116.539 44.7682 26.2981 150.692 30.0477 11.082 8.62689 80.144 
171.281 170.761 141.986 147.196 145.305 162.226 151.993 78.5327 79.8917 80.419 0.0509397 107.111 15.5835 15.1447 92.2856 -34.6106 30.7656 107.045 39.1728 44.3945 111.27 45.425 58.4497 114.832 42.1207 41.2112 146.863 26.5005 12.0307 9.3702 84.5868 
173.431 165.38 143.855 146.258 145.027 163.476 146.924 80.7078 81.4356 82.1617 17.4453 107.42 10.1674 30.8594 92.4567 -36.3838 45.855 109.467 39.7452 59.4152 113.544 44.6266 73.1081 116.227 40.5191 57.4288 146.236 23.984 12.8777 8.99513 88.0432 
168.235 162.291 142.093 143.45 143.968 160.737 141.314 81.7761 82.2207 82.1453 39.5364 107.028 5.79324 48.8839 92.3687 -35.763 64.5223 113.223 40.2761 78.1391 116.978 44.365 91.7329 119.427 39.7896 76.3452 147.344 22.369 13.2217 8.57911 88.3194 
169.348 149.858 155.942 150.697 149.617 164.405 155.196 75.3063 76.5457 76.3918 78.8664 106.042 1.33665 86.6195 96.3504 -43.5832 100.116 115.222 42.4292 114.098 118.789 45.9404 127.686 122.168 41.8713 102.79 143.97 24.2127 11.9501 7.43939 109.432 
158.179 171.057 164.762 152.345 144.939 159.933 121.461 70.5697 73.2383 72.9127 107.373 109.798 0.712767 114.887 96.7708 -39.6534 119.856 118.084 41.6567 134.528 121.937 44.3599 148.555 125.421 39.1218 120.107 143.91 24.4587 12.4163 7.05451 112.261 
156.193 163.095 166.245 149.46 139.545 156.585 110.707 69.9216 74.7433 72.7197 136.804 114.065 1.34913 147.766 103.155 -31.4849 142.807 118.248 41.802 157.814 123.75 44.5667 172.064 128.803 38.0176 140.268 145.963 25.2344 11.4629 6.29534 105.682 
155.773 147.811 161.51 143.091 129.419 155.922 106.222 69.4946 78.1556 76.7284 162.196 116.962 2.30919 175.008 110.348 -22.8675 166.74 118.24 41.8267 181.267 124.089 45.3993 195.936 129.838 38.1906 160.079 148.585 27.086 11.0187 6.9462 95.4097 
154.063 179.809 147.926 133.572 121.168 157.905 149.767 71.098 79.8194 83.2573 189.619 117.318 2.99503 207.197 121.929 -32.6398 190.276 117.446 42.1176 203.832 124.293 45.2553 219.377 129.039 38.7408 178.024 149.436 28.9737 11.7569 7.3389 96.6393 
161.222 174.809 142.603 124.488 122.386 161.533 162.625 78.382 82.9424 88.4971 216.774 116.613 7.30598 230.134 125.512 -30.4474 215.694 117.738 44.334 226.549 127.049 45.9991 241 130.929 39.8757 195.079 151.841 32.1414 12.9995 8.3376 87.8631 
170.63 175.564 137.414 125.961 123.516 165.784 178.91 79.1962 84.2435 92.5527 234.704 114.449 11.7294 245.507 130.03 -29.9607 234.382 119.76 45.9939 244.039 129.33 47.7 259.508 132.893 39.9045 210.713 154.524 36.1145 14.6797 9.29367 87.5919 
170.115 176.52 137.083 123.818 123.64 163.599 177.96 78.5488 86.4515 101.18 250.788 112.252 18.9782 264.491 125.102 -24.6909 249.453 121.57 48.0588 259.159 131.326 49.5844 276.002 132.761 41.6106 226.22 157.764 40.2777 15.9996 9.00022 82.0303 
175.517 176.991 137.298 124.451 127.95 165.952 177.344 74.682 86.3888 107.227 262.795 113.643 23.2114 278.886 129.91 -22.116 260.333 123.29 49.4588 270.247 131.267 51.3709 290.32 131.216 40.9387 239.427 160.459 44.2972 18.306 9.9333 82.6265 
176.226 177.645 139.32 126.749 124.481 170.806 176.503 72.4315 85.0191 110.24 273.194 115.571 27.263 293.542 135.558 -20.2153 271.118 128.105 54.4168 280.949 133.447 54.5669 304.723 132.992 41.1825 251.041 162.323 47.5982 21.2657 11.3947 85.9421 
171.019 177.765 139.557 125.627 126.381 172.279 176.022 73.9621 87.8537 104.74 281.069 117.305 30.9579 305.519 140.666 -16.8039 283.342 130.839 57.0194 296.927 135.663 54.6891 320.631 142.808 43.5718 261.214 164.121 50.0027 15.429 9.16574 84.6217 
169.317 177.626 139.979 127.236 112.925 169.551 176.091 79.0538 94.9279 105.499 290.387 119.981 36.7259 315.254 140.184 -12.6819 296.849 132.646 59.3456 313.87 139.91 57.5607 334.417 151.123 45.9172 270.986 166.705 52.7113 13.1029 4.96815 79.948 
179.091 176.793 142.798 127.644 110.125 166.428 176.788 79.5688 94.5236 101.878 298.669 124.14 39.6894 321.371 143.485 -7.6238 306.322 135.005 61.3118 323.671 142.914 60.1441 342.143 153.705 49.2502 278.78 168.769 55.3579 12.232 4.21396 78.105 
174.707 176.082 149.424 129.241 112.057 163.885 178.368 80.4218 90.6978 94.3498 303.017 127.347 40.9052 324.036 149.844 -6.65865 313.766 136.249 64.7309 329.51 145.296 63.8226 346.791 155.136 53.8662 285.569 170.431 57.3741 11.7512 4.05751 82.1846 
165.43 119.853 151.449 134.682 118.485 161.056 148.078 80.9432 85.743 87.6308 304.544 128.792 43.5023 325.149 131.719 9.06732 319.778 136.706 67.2261 332.198 146.631 68.1338 348.775 155.329 59.286 290.885 171.42 59.3216 11.619 6.62436 68.8946 
160.909 94.6711 151.79 134.086 122.037 158.416 136.946 81.8408 83.2759 82.4833 307.047 128.421 48.1313 324.716 130.307 17.1914 322.88 136.83 72.368 334.872 147.111 72.0962 350.515 155.408 64.9544 295.94 172.528 61.1811 10.8784 6.15316 69.0481 
157.262 92.7793 159.264 134.641 124.523 156.289 137.995 80.326 80.4271 78.9887 311.133 130.34 50.064 333.607 137.505 22.8229 324.255 137.957 76.4313 337.237 148.57 75.2746 353.235 156.774 68.9496 300.276 173.815 62.9818 10.9048 4.63736 70.6777 
157.029 92.0302 169.304 132.997 124.22 154.709 134.754 80.648 80.0472 78.5405 312.924 130.084 53.0675 335.932 134.12 26.0955 324.932 138.936 81.4253 339.857 149.751 78.7028 356.125 158.333 72.5571 304.049 174.919 64.8733 11.3596 3.05096 73.1026 
155.678 92.6872 167.217 133.972 125.684 153.663 129.382 79.615 79.3407 76.7541 314.179 131 56.1798 331.356 124.277 25.4458 326.64 141.875 85.014 343.578 152.127 81.7296 358.126 161.631 75.5497 308.467 176.978 66.9046 11.9292 4.34545 76.8829 
152.066 98.0348 166.086 143.358 133.347 154.474 132.141 79.2771 76.6963 72.7024 314.609 130.368 59.7207 330.699 119.511 23.9433 329.224 146.146 88.6549 344.169 156.835 86.9639 357.237 166.257 80.0906 314.329 179.741 68.402 13.0408 4.30976 82.7934 
151.393 103.325 160.426 149.166 135.695 156.841 139.175 79.8162 77.4394 72.2728 315.38 129.794 61.952 332.713 117.79 21.709 331.439 149.711 91.5293 344.777 160.831 92.6815 358.134 170.473 85.1789 320.458 183.111 70.1903 14.2707 4.37438 86.5008 
152.819 110.205 158.778 150.499 138.044 157.474 147.443 81.2088 78.9235 72.8508 317.26 130.155 62.8601 335.939 117.534 20.1079 332.151 151.478 93.5562 343.999 163.084 96.7444 358.077 173.412 90.1448 325.579 185.985 71.8999 13.9293 5.19957 87.0897 
156.659 116.607 158.453 150.353 140.006 157.277 154.231 82.2356 80.0923 73.4528 321.366 130.97 62.8087 339.782 118.23 19.5055 331.67 152.107 94.2581 342.065 164.087 98.6406 356.65 175.339 93.4043 328.998 187.842 73.2872 13.0679 6.53307 86.234 
161.674 140.232 152.444 146.534 135.893 158.626 162.272 77.0129 77.2482 73.5792 325.398 131.402 61.6503 342.737 116.224 19.718 331.356 153.275 91.4479 339.709 164.535 97.3209 353.961 175.268 93.7365 330.094 188.075 74.0575 13.8071 9.14463 83.7934 
164.008 177.729 149.655 143.646 131.533 160.05 163.59 74.5303 75.5968 74.2731 326.846 131.768 60.9551 341.644 114.784 18.0414 329.766 152.645 89.7822 338 164.284 96.8174 352.072 174.542 94.3611 329.463 187.607 74.7685 14.0403 9.33331 83.0913 
164.798 174.27 147.324 142.528 130.217 161.224 163.097 72.2606 73.8275 72.8434 327.97 131.323 60.3057 339.987 113.538 18.5109 326.635 151.472 87.6608 335.725 163.889 95.8712 350.084 174.374 94.1129 327.45 186.341 74.6376 13.663 8.31928 81.6224 
160.018 174.27 150.9 145.212 134.964 160.556 164.888 73.2542 74.261 72.1673 326.104 130.669 60.3764 339.082 113.952 15.6972 323.803 150.808 88.2655 333.446 163.703 96.2638 347.745 174.965 94.5397 325.633 185.089 74.3405 13.0021 7.10828 85.8702 
156.184 174.27 151.773 146.822 140.499 159.864 166.13 75.0338 74.9525 71.0207 324.564 130.015 60.3525 340.707 116.408 12.9558 322.365 149.947 89.035 331.842 163.331 96.513 346.151 175.483 94.6668 323.646 184.067 73.9397 12.2612 6.74219 90.13 
151.893 174.27 151.443 147.667 143.969 157.886 168.007 76.5246 76.2743 70.4741 322.566 129.603 60.1684 343.75 120.772 10.3796 320.411 148.526 89.1636 329.647 162.168 96.6498 344.625 175.474 95.0073 321.14 183.022 73.4703 10.8102 6.41991 94.7211 
149.7 174.27 151.284 148.493 147.956 155.015 170.566 77.5476 77.4524 71.458 320.782 129.638 60.0788 346.122 125.206 8.02208 317.79 147.066 89.1394 326.981 160.948 96.8832 342.766 174.591 95.7365 318.419 181.973 73.0709 9.89878 6.01617 99.6889 
151.199 179.746 151.693 148.962 150.522 152.46 172.757 78.5737 78.6491 73.5411 319.556 129.214 60.0046 345.103 127.477 5.01208 314.573 145.737 89.0575 323.926 159.714 96.9277 340.353 172.961 96.2067 315.576 180.837 72.3835 9.65881 5.63749 104.045 
152.997 162.403 153.117 150.137 153.034 150.212 173.851 79.0473 78.9133 74.2784 319.042 129.534 60.084 344.69 129.607 3.6156 311.005 144.722 88.8437 320.833 159.012 96.8187 337.397 171.935 96.2565 312.493 179.823 71.6305 9.56967 5.08091 107.645 
155.039 160.989 156.178 152.771 157.058 149.684 173.356 77.7733 77.9083 73.6348 317.603 129.163 59.5639 342.21 129.622 2.16116 307.581 143.946 87.6209 317.819 158.594 95.9596 333.857 171.518 95.3529 308.906 178.653 70.5756 9.48961 4.62171 109.399 
156.932 156.853 158.186 155.002 159.589 151.254 171.397 76.4499 76.8263 73.6321 315.163 127.999 59.0167 337.124 127.725 0.146219 304.018 143.833 86.5955 314.77 158.603 94.762 330.399 171.317 94.0808 305.106 177.626 69.303 9.46429 4.08208 110.713 
158.179 154.219 159.198 155.549 160.078 152.273 171.001 75.1788 74.766 70.4161 313.153 128.168 58.7875 331.429 124.901 -0.982858 301.276 144.22 85.8676 312.068 159.396 93.1802 327.804 172.793 92.0663 301.176 177.093 68.331 9.22957 4.06986 110.042 
159.316 156.755 162.194 158.355 163.361 152.994 171.897 73.2306 72.6841 69.1782 309.831 127.613 57.5279 325.33 122.125 -1.70514 297.358 144.659 84.5024 308.927 159.944 91.5811 323.71 173.072 90.2344 296.579 176.283 67.0004 9.53515 3.25212 109.565 
160.057 166.227 162.312 158.118 163.842 154.388 175.181 72.9991 71.6717 66.7914 305.184 127.375 56.4248 319.476 121.038 -3.03505 294.31 144.984 84.0572 305.598 160.34 90.2336 319.968 173.951 88.0535 292.42 176.021 66.0589 9.765 3.56118 109.82 
159.325 174.27 162.302 157.349 163.036 155.545 178.266 73.2713 71.1172 65.5 299.095 126.165 55.7099 312.509 121.923 -6.58947 291.038 145.767 83.9839 302.083 161.117 89.5966 315.699 174.326 86.7723 288.094 176.134 65.2602 10.4036 4.11811 112.174 
161.048 174.27 159.522 154.395 159.208 156.783 177.998 71.6979 68.2615 64.7712 293.097 126.438 52.7708 308.875 122.645 -6.39724 287.224 147.041 82.3943 299.776 162.762 88.0917 311.938 173.746 85.5022 284.164 177.033 64.5891 13.522 3.33478 110.171 
162.513 174.27 157.576 153.153 152.833 157.235 177.988 71.8222 68.268 65.4691 286.761 127.034 50.3236 305.177 124.529 -6.09794 282.165 147.247 81.0474 296.417 162.897 87.7187 308.67 172.726 85.3112 280.001 178.316 64.1138 14.553 3.05448 107.749 
164.33 174.27 155.435 151.375 147.694 157.607 178.008 73.3613 69.3036 66.0323 279.875 128.311 48.3964 299.206 125.768 -7.52497 276.342 146.586 79.7749 291.328 162.012 87.5398 304.008 170.618 85.2599 275.925 179.715 63.7264 14.8079 4.29276 105.274 
166.581 174.27 154.375 150.257 140.149 158.62 178.057 76.2014 70.6224 65.3941 272.852 130.658 45.8895 291.811 126.96 -9.55265 269.905 145.877 78.9911 284.642 160.815 87.5942 298.373 168.39 84.9941 271.723 181.375 63.6204 15.4393 5.64459 102.382 
169.444 177.029 152.561 150.334 135.309 158.745 176.675 79.0243 72.4596 65.3231 259.737 136.195 40.6715 277.044 128.853 -11.7052 256.297 147.519 76.5374 270.189 160.328 86.8565 284.727 165.848 84.0994 263.459 184.55 63.0982 17.2366 7.73235 97.0953 
167.244 177.52 152.098 152.025 139.601 158.244 171.621 79.7617 73.8435 67.7167 251.423 137.424 39.0584 265.897 129.316 -10.7235 248.224 149.316 75.3693 260.247 159.934 86.0452 274.572 164.124 83.9421 257.763 186.173 62.9634 18.1247 8.96017 91.8614 
165.633 178.385 153.526 154.776 144.808 157.54 169.959 79.0732 73.9005 69.5474 243.176 139.62 36.2983 255.546 130.975 -12.0518 239.491 152.109 74.131 249.877 160.633 84.6071 263.661 162.979 82.9262 251.488 187.176 62.4289 19.6271 10.3108 90.4 
164.601 178.284 154.07 156.668 148.91 156.963 170.007 78.3346 73.6787 71.6365 234.658 141.579 34.0396 245.378 132.575 -13.112 230.583 154.608 73.1358 239.379 161.57 83.0584 252.341 162.164 81.4955 244.448 187.887 62.0235 21.2617 11.9694 89.2992 
163.937 178.282 152.639 155.993 149.572 156.618 169.99 77.7443 74.4809 74.5677 225.418 144.292 31.8187 236.432 134.582 -13.6696 221.014 156.826 71.6124 228.534 162.076 81.2865 240.937 161.553 80.1637 236.653 188.845 61.6837 21.4439 12.8926 88.1317 
163.626 178.923 148.279 154.318 148.834 156.687 168.937 76.968 76.073 76.527 216.43 147.675 29.2612 229.134 136.233 -14.2366 212.192 158.684 69.6973 218.461 162.226 79.6395 230.925 161.641 79.2678 228.826 189.948 61.3188 20.348 13.2443 87.3053 
163.245 177.98 145.443 149.719 147.639 156.256 165.24 84.0368 81.9648 81.9085 205.286 150.942 25.61 219.887 137.648 -14.4292 199.893 157.579 67.7336 207.216 160.927 77.8298 219.663 161.265 78.4854 221.278 191.272 60.7073 17.9972 11.8044 83.0392 
162.825 175.921 143.187 145.887 146.34 155.537 162.053 89.7263 86.1426 85.3074 194.335 153.587 22.8429 210.009 138.209 -14.1334 189.053 156.204 65.3936 197.252 159.886 75.9092 209.696 161.134 77.0488 213.414 192.317 59.8927 17.1098 10.9283 78.2682 
163.102 174.373 141.892 143.56 145.657 154.841 159.707 93.6908 88.8946 87.2541 184.239 156.658 21.0467 201.07 138.964 -13.6103 180.234 154.965 63.8414 189.029 159.299 74.8738 201.338 161.848 76.0347 205.357 193.763 59.4525 17.0988 10.4423 74.5942 
163.779 171.897 140.715 141.386 144.17 154.626 158.869 97.2884 91.3634 88.6383 173.168 159.145 19.4167 191.587 139.777 -14.2685 171.569 153.136 62.2691 181.036 158.135 73.7586 193.217 162.025 74.7145 196.747 194.928 58.8831 17.2847 9.93074 71.9224 
164.749 170.318 140.536 140.016 143.201 155.035 158.883 99.5435 92.7527 89.2254 162.696 161.457 17.6696 182.4 141.026 -15.8155 163.074 152.386 61.1618 173.087 157.796 72.52 185.25 162.517 73.211 187.905 196.091 58.1198 17.4047 9.64758 71.1951 
165.465 169.467 139.689 138.323 141.859 155.229 158.534 100.779 93.7564 89.8193 152.167 162.486 16.1267 171.552 140.859 -16.6551 154.176 152.145 59.9646 164.43 157.674 70.7953 176.674 162.711 71.3302 178.809 196.692 56.8379 17.261 9.66667 69.8892 
165.47 169.072 138.184 137.161 141.214 154.963 157.511 99.1581 92.8755 89.0285 142.533 163.244 14.5201 159.569 139.879 -16.6097 145.592 153.5 59.2382 155.769 158.752 69.0831 168.112 163.662 69.2586 169.042 197.188 55.0536 17.2336 9.92399 69.0907 
