160.262 175.818 139.014 139.691 140.026 149.081 171.668 72.1134 76.7387 75.3131 32.1404 390.234 -60.0109 5.13247 343.666 -95.5057 50.0977 403.347 -20.4328 55.003 399.561 -8.37483 51.9549 388.907 -0.107626 18.6934 400.481 -10.7767 15.2287 9.01228 108.968
159.117 176.426 139.632 139.853 139.971 148.985 172.12 72.9914 76.9792 75.4421 32.7334 390.3 -59.6969 4.86086 343.157 -94.8809 50.7013 403.679 -20.6776 55.3146 399.716 -8.53987 52.1503 389.091 -0.242703 18.6802 400.977 -10.7087 15.2763 8.83225 108.63
158.512 176.847 139.245 139.924 140.419 148.9 172.329 72.3659 76.7321 75.1696 32.6234 390.435 -59.7371 4.53565 342.929 -94.0919 50.3636 404.061 -20.9278 55.3473 400.288 -8.84505 52.1639 390.043 -0.439997 18.7297 401.46 -10.7037 15.3322 8.90323 108.718
159.178 175.56 138.53 140.835 140.367 148.356 171.39 71.8709 76.5453 74.1372 32.3564 390.618 -59.7443 5.10544 343.589 -93.5062 50.2835 403.655 -20.7222 55.5047 400.105 -8.5006 52.0184 389.771 0.0793114 18.7779 401.817 -10.6787 15.2152 8.87023 107.887
158.376 174.441 137.556 141.064 140.115 147.924 171.037 71.8154 76.4509 73.7477 32.6108 391.256 -59.8344 5.7481 344.395 -93.6465 50.5291 403.557 -20.8934 55.6558 400.001 -8.46264 51.93 389.618 0.272569 18.8755 402.337 -10.7406 15.1021 8.72603 106.953
158.553 173.558 136.495 141.615 140.105 147.262 169.676 71.0661 76.0527 73.2076 33.127 392.129 -59.9205 7.16341 346.175 -93.7482 50.523 403.186 -20.3071 55.7856 399.631 -7.6675 51.9801 389.201 1.0214 19.0392 402.835 -10.6712 15.0371 8.59591 106.071
157.796 173.081 136.525 142.327 140.632 146.521 168.784 69.9986 75.6216 72.2022 33.4772 393.394 -59.8412 8.67485 348.399 -94.2852 50.1976 403.86 -19.5687 55.7181 400.27 -6.96284 51.7281 389.425 1.70521 19.3067 403.575 -10.649 15.1226 8.67025 106.162
156.327 172.651 136.969 143.106 141.626 145.828 168.06 69.1346 75.4718 71.6706 34.3639 394.835 -59.8761 10.241 350.86 -94.7221 50.044 404.555 -18.6916 55.8031 400.933 -6.04804 51.6373 389.711 2.51637 19.5916 404.438 -10.6967 15.2161 8.68977 106.418
155.426 172.668 137.458 143.612 142.026 145.466 167.77 68.3112 74.9784 71.3416 35.2705 396.327 -59.8753 11.2757 351.848 -95.5428 50.1749 404.927 -17.7656 55.7955 401.315 -5.0254 51.5453 389.739 3.29547 20.0377 405.243 -10.9114 15.4999 8.82907 107.686
154.086 172.892 138.279 143.247 142.299 145.644 167.876 67.8746 74.4999 71.3597 36.301 397.853 -59.903 11.8657 352.557 -96.9289 50.4556 405.247 -16.9341 55.674 401.329 -4.30934 51.3437 389.577 3.84364 20.4679 405.927 -11.2458 15.5979 9.06504 109.384
153.744 173.317 139.181 142.828 142.798 145.686 168.459 67.4048 74.0406 72.0201 37.4465 399.328 -59.8631 12.7646 353.153 -98.4544 50.476 405.571 -16.2301 55.23 401.193 -3.56669 50.9704 389.391 4.28267 20.6909 406.346 -11.5385 15.7802 9.06201 110.983
153.481 173.764 140.143 142.732 143.961 146.583 169.224 67.0445 73.7595 71.7655 37.6939 401.409 -60.0934 13.0134 354.211 -99.4846 50.5408 406.308 -15.6178 55.1113 401.4 -3.11317 50.7936 389.077 4.50726 20.9636 406.893 -11.7113 15.9992 9.16502 112.946
155.517 174.496 140.925 143.028 145.451 148.258 170.314 66.3809 73.2808 71.6315 37.959 403.395 -60.7618 13.2338 356.311 -100.541 50.4056 407.036 -15.3018 55.0724 401.602 -2.9414 51.0017 388.768 4.42703 21.2397 407.302 -11.8703 16.2778 9.24304 114.619
157.116 174.794 142.08 143.217 145.653 149.951 170.642 65.8991 72.735 71.4728 37.9996 405.354 -61.5143 13.7817 358.521 -101.804 50.2563 407.562 -14.9528 54.8472 401.62 -2.81903 50.8364 388.499 4.38743 21.3666 407.708 -12.0223 16.4083 9.43047 115.634
159.964 175.053 143.804 143.252 145.848 151.159 171.174 66.0169 72.4085 72.4781 38.0 407.235 -62.1123 13.9977 360.991 -102.664 50.4847 408.416 -14.964 54.8039 401.819 -3.00271 51.1524 388.957 4.06594 21.4703 408.334 -12.0597 16.2894 9.35945 115.858
162.248 175.424 144.535 143.078 146.158 151.987 172.302 66.1075 72.2 73.3659 37.7982 409.537 -62.7644 13.7367 363.565 -103.119 50.6425 409.951 -15.3211 54.8526 402.846 -3.39331 51.5956 390.277 3.67129 21.5369 409.352 -11.9949 16.0716 9.1471 116.002
163.286 175.951 145.098 143.152 146.825 153.138 172.441 65.8655 71.8567 73.3446 37.9795 411.401 -63.4634 13.8389 365.853 -103.474 50.6219 411.258 -15.4608 54.9373 404.15 -3.71466 51.9831 391.632 3.43762 21.6776 410.253 -12.0329 15.9134 9.32895 116.28
163.093 173.265 145.106 143.165 147.172 153.826 174.596 65.472 71.3208 73.1703 38.6098 412.72 -63.7488 12.417 367.11 -103.798 50.5484 412.344 -15.6656 54.9391 405.282 -4.0507 52.3168 392.68 3.20952 21.8583 411.137 -12.0259 15.9123 9.49799 117.472
164.302 170.482 144.679 143.855 148.21 154.364 175.746 64.7705 70.5548 72.95 38.5117 414.332 -64.042 11.2238 368.608 -103.648 50.2553 413.523 -15.7218 54.7591 406.439 -4.22489 52.4086 394.024 3.15444 22.0368 412.347 -11.9569 15.8669 9.72946 118.573
165.789 174.217 144.272 144.488 149.778 154.473 177.804 64.6716 70.1344 73.4036 38.4775 414.953 -63.6949 9.91323 369.878 -104.181 50.2362 414.556 -15.885 54.5173 407.251 -4.35838 52.3409 395.226 3.00004 22.0759 413.556 -12.0178 15.7662 9.63876 119.351
165.324 178.759 144.259 144.395 150.929 154.198 179.567 65.3468 70.3498 74.5223 38.9718 415.266 -62.975 9.24224 370.471 -104.158 50.7544 415.041 -15.7604 54.4131 407.629 -4.19367 52.1048 396.125 2.97912 22.11 414.647 -12.1405 15.8264 9.52815 119.656
163.803 174.76 144.381 144.206 151.202 153.141 178.15 66.0235 70.7766 75.3689 39.2188 415.399 -61.875 10.1267 371.275 -103.488 51.3443 415.682 -15.4349 54.4789 408.261 -3.86851 51.8765 397.083 3.1285 22.2297 415.892 -12.2455 15.9408 9.52031 119.191
162.328 174.27 144.376 143.607 150.726 151.78 177.977 66.3745 70.9099 76.0896 39.2179 415.34 -60.598 12.0244 372.144 -102.947 51.729 416.815 -15.2979 54.561 409.352 -3.67574 52.0605 398.38 3.11699 22.4402 417.112 -12.3516 16.1461 9.41895 118.149
162.945 174.27 144.049 143.113 150.46 151.253 177.976 66.5078 70.8406 76.5206 39.1136 414.879 -59.7187 13.4352 372.619 -101.926 52.0138 417.724 -15.3399 54.7232 410.2 -3.7402 52.3698 399.458 3.04658 22.6444 418.154 -12.3882 16.1381 9.41266 116.986
162.511 174.27 145.952 145.328 152.484 151.498 177.977 65.8855 69.0938 73.8174 38.9384 415.027 -58.9419 14.6839 374.064 -101.188 51.5999 419.219 -15.2541 54.6182 411.587 -4.24053 52.6635 400.602 2.70933 22.8089 419.177 -12.4625 16.2072 9.95443 116.021
163.392 174.27 146.135 145.277 152.727 151.704 177.979 65.8025 68.75 73.4078 38.9918 415.791 -58.9008 15.1859 374.876 -100.159 51.5698 420.243 -15.095 54.6727 412.485 -4.15108 52.7851 401.794 2.7025 23.0237 419.846 -12.4979 16.4049 9.98043 116.225
166.009 176.328 145.585 144.865 152.484 152.311 178.705 66.0469 69.0349 73.7466 39.0214 416.109 -58.8777 15.2078 374.643 -100.75 51.811 420.956 -15.1001 54.9203 413.076 -4.26412 52.9367 402.56 2.6558 23.2576 420.588 -12.6647 16.1593 10.0572 116.574
169.77 175.303 146.372 145.223 152.264 153.418 172.896 65.5149 68.9811 72.9886 38.5302 416.962 -59.0483 15.6115 376.257 -102.24 51.5958 421.893 -14.724 55.1382 413.974 -4.31913 52.9094 403.135 2.83754 23.6234 421.5 -12.7688 15.8692 10.719 117.367
172.64 174.986 146.142 144.758 151.694 153.528 170.444 65.5717 69.3035 73.1675 38.1355 417.232 -58.8005 15.9672 376.927 -102.606 51.8764 422.592 -14.5924 55.499 414.628 -4.32708 53.0889 403.741 2.92355 23.8884 422.428 -12.8442 15.6364 10.9402 117.42
174.28 174.879 146.187 143.661 150.784 153.36 168.569 66.0665 69.8173 73.5218 38.1239 417.843 -58.738 17.1681 377.715 -102.472 52.4051 423.228 -14.4806 55.8725 415.202 -4.22461 53.3199 404.267 3.03479 24.0998 423.302 -12.9409 15.5106 10.9138 116.576
175.152 174.739 146.095 142.62 150.192 153.067 167.554 66.3809 70.271 73.9179 38.5603 418.492 -58.5996 18.0503 378.326 -102.77 52.8289 424.121 -14.4187 56.281 416.025 -4.13739 53.7328 404.961 3.04896 24.3924 424.015 -13.0615 15.4568 10.8303 116.527
175.993 174.393 145.325 141.756 149.609 152.948 167.599 66.9052 70.8536 74.3726 39.0533 418.797 -58.4206 17.9669 377.894 -102.766 53.494 424.76 -14.3809 56.6736 416.691 -3.92647 53.8237 405.731 3.17515 24.6837 425.012 -13.2465 15.5064 10.6353 116.793
175.869 174.097 144.539 141.286 149.066 152.746 167.661 67.1569 71.3567 74.3926 39.435 418.939 -58.2004 17.6133 377.524 -102.785 53.9971 425.208 -14.2662 57.1314 417.207 -3.81625 53.9246 406.029 3.36557 24.9762 425.857 -13.3452 15.3953 10.711 117.223
174.624 173.91 144.445 141.522 148.741 152.778 167.264 66.628 71.1086 73.6031 39.5793 419.469 -58.6088 17.7466 377.778 -102.7 54.0382 425.897 -14.4077 57.4401 418.094 -3.97217 54.1561 406.686 3.25594 25.366 426.342 -13.5086 15.481 10.8743 117.846
173.262 173.893 144.96 142.114 148.493 153.215 167.296 65.9178 70.6008 72.6248 39.9219 420.068 -59.3246 17.421 378.212 -103.46 53.874 426.598 -14.6344 57.6171 418.836 -4.26371 54.428 407.227 2.90402 25.766 426.574 -13.8335 15.6588 11.0633 119.207
171.549 174.019 145.359 142.6 148.317 153.457 166.993 65.2405 70.2749 71.8075 40.2222 421.244 -60.1389 17.9141 379.88 -104.161 53.5456 427.375 -14.9509 57.792 419.579 -4.64404 54.8028 407.605 2.54324 26.0419 426.746 -14.1601 15.5912 11.1983 119.901
171.628 174.165 145.649 142.873 148.078 153.517 166.93 65.1491 70.1378 71.2623 40.2905 422.398 -60.49 18.0891 381.814 -104.969 53.662 428.353 -15.2228 58.0113 420.513 -5.03438 55.0577 408.182 2.20967 26.3265 427.335 -14.3938 15.481 11.2707 120.314
168.575 174.413 145.884 143.69 149.764 154.184 166.867 64.5519 70.1466 70.5004 41.3424 424.719 -61.9122 18.694 384.275 -105.706 53.6647 429.788 -15.6794 58.5667 421.98 -5.34543 55.8306 409.294 1.79549 26.7885 428.211 -14.7438 15.4651 11.1636 120.945
168.109 174.843 146.009 144.552 151.061 154.87 167.412 64.2432 70.1357 70.5486 42.1742 426.382 -62.9143 19.1403 386.132 -106.176 53.6567 430.231 -15.8245 58.8314 422.477 -5.40089 56.4499 409.737 1.68173 27.0228 428.541 -14.9606 15.2875 11.0907 121.174
167.506 174.682 146.923 144.7 150.302 154.136 168.254 64.8414 70.4746 70.9005 43.2709 426.561 -62.5962 19.0577 386.769 -107.13 54.392 430.755 -15.9768 59.1473 422.911 -5.63002 56.5933 409.885 1.40463 27.2236 429.233 -15.2653 15.3458 11.0829 121.438
167.855 175.33 147.623 145.527 151.226 153.923 169.555 64.8122 70.4088 71.0792 44.0476 427.276 -62.7106 19.124 387.693 -107.771 54.5215 431.306 -15.9921 59.1886 423.538 -5.73374 56.8536 410.136 1.06296 27.4561 429.708 -15.5966 15.7313 11.2315 122.315
168.66 176.104 147.675 145.739 151.185 153.806 170.604 64.9016 70.2375 71.4033 44.5422 427.99 -62.9803 19.1812 388.879 -108.3 54.6415 431.547 -16.2888 59.1899 423.665 -6.18603 57.0536 409.988 0.506147 27.5239 429.963 -15.9304 15.9246 11.3204 122.364
170.415 176.666 148.489 146.328 151.405 154.595 170.745 65.0586 69.8502 71.5126 44.5892 428.517 -63.159 19.7572 389.793 -108.251 54.6978 431.709 -16.168 59.054 423.603 -6.42851 56.9665 409.799 0.218237 27.604 430.218 -16.1137 16.0655 11.6325 122.21
169.45 174.208 149.072 145.628 151.202 153.568 168.235 65.8638 70.0404 72.7349 45.1277 429.054 -62.3975 21.0497 391.083 -106.8 55.0299 432.107 -16.2864 58.8222 423.935 -7.10031 56.8593 409.714 -0.581242 27.582 430.845 -16.5214 16.4255 12.1019 121.163
167.081 163.128 149.403 144.21 150.9 153.318 164.173 66.0037 69.6917 74.192 45.0515 430.241 -62.0034 23.6181 392.598 -105.689 54.8653 432.988 -16.6258 58.2667 424.587 -7.8869 56.7612 410.388 -1.27501 27.5496 431.672 -17.0222 16.3754 12.5171 119.452
164.906 158.13 149.617 143.513 150.728 151.456 163.624 66.4885 69.6454 75.1021 45.0359 431.243 -61.1086 24.0796 393.975 -105.714 55.0488 434.451 -17.2651 58.0442 425.764 -8.69253 56.8301 411.495 -2.09541 27.5571 432.79 -17.5135 16.2278 12.415 119.029
163.569 156.529 149.821 142.863 151.828 150.768 166.57 67.203 70.1999 76.5205 44.7945 431.577 -60.4491 23.0387 393.842 -106.129 55.4568 435.827 -17.9135 57.9102 427.219 -9.30939 56.6253 413.168 -2.59039 27.5394 434.218 -18.0221 15.8346 12.23 119.353
161.019 157.983 149.496 142.206 153.824 150.391 169.38 68.7237 71.6829 78.2112 45.3503 431.673 -59.7478 22.3785 395.003 -107.114 56.0666 437.051 -18.3786 57.7234 428.64 -9.56199 55.7831 414.792 -2.93601 27.2229 435.92 -18.6548 15.5281 11.7712 118.878
159.094 165.7 150.016 142.209 156.036 150.143 172.525 70.7883 73.8044 80.0385 46.8798 431.512 -58.7753 21.3644 395.664 -108.465 57.1715 437.153 -18.2362 57.6809 429.145 -9.06044 54.3809 415.912 -2.74227 26.9815 437.625 -19.3397 15.3162 11.2305 118.99
164.249 170.272 149.111 141.699 152.835 150.4 172.001 74.1801 75.6769 79.5714 49.0672 431.354 -57.7845 21.6378 396.118 -109.372 58.7685 437.194 -17.2739 56.9417 430.044 -8.00698 50.8874 418.497 -2.22585 26.7747 440.745 -20.4165 15.062 10.8096 118.104
156.329 171.662 146.6 139.266 148.826 149.815 171.592 78.1046 78.1574 80.5009 51.0115 432.254 -56.9669 21.8122 399.715 -111.714 60.1578 437.229 -16.3757 55.9928 431.214 -7.20308 47.8642 421.369 -2.33345 26.4292 444.24 -21.6184 15.019 10.4186 117.154
151.436 174.212 145.134 138.06 148.15 149.223 171.097 81.3392 80.3682 81.779 52.4924 431.275 -55.7326 23.6717 402.141 -116.479 60.4806 437.087 -16.2807 54.0019 432.613 -6.815 44.0699 425.117 -2.5442 25.9445 448.445 -23.7559 14.7347 9.70651 114.99
150.972 174.633 142.269 136.87 147.628 145.897 172.268 84.3002 82.7271 84.3604 50.4432 426.4 -51.3853 23.4054 404.964 -120.306 60.1754 436.457 -17.2143 51.521 434.022 -6.95326 40.3979 428.729 -2.88394 25.3034 453.177 -26.2418 14.0264 8.6968 112.852
159.689 176.097 145.493 138.803 146.999 146.998 174.932 86.6319 84.4795 83.7546 45.5036 419.718 -46.8453 24.6294 410.586 -127.269 57.0209 435.889 -18.8932 45.7554 437.549 -8.87187 31.8707 436.345 -5.91047 25.6125 461.793 -32.5935 12.8645 8.13646 111.996
157.222 176.447 144.615 140.969 147.025 147.894 175.444 85.1882 83.313 82.3379 41.7529 417.416 -43.0391 26.1798 408.602 -127.888 51.4027 429.848 -21.962 41.167 436.657 -10.7691 27.1173 438.602 -7.83993 25.8529 465.051 -35.6508 12.2311 10.6896 104.044
152.246 175.576 144.34 141.992 146.436 145.897 174.655 83.0813 81.9087 80.8943 37.347 417.379 -39.2009 27.8455 405.345 -126.382 46.1349 427.81 -23.8179 36.8 436.982 -12.3417 22.7547 440.773 -9.96846 26.1664 467.034 -38.4346 11.9928 11.8619 99.4373
147.591 175.801 143.274 142.346 145.052 143.777 174.704 84.8216 82.6996 80.7387 30.7913 418.159 -35.1666 28.7648 400.63 -124.634 39.7369 426.038 -22.9369 30.7724 438.763 -12.6312 16.8732 444.89 -12.3292 26.8129 468.802 -41.7499 11.8543 12.6774 97.3214
144.799 177.025 145.534 143.379 144.911 141.397 175.965 85.7647 82.2977 79.7654 24.307 420.607 -33.0053 28.8644 398.063 -123.53 32.4532 425.832 -21.8192 24.4073 440.953 -13.7582 11.1161 449.001 -15.4139 27.3832 470.241 -44.2795 11.6951 13.1832 97.2159
141.821 177.937 144.907 142.862 144.85 139.047 176.998 84.9705 81.503 78.3377 19.1902 422.74 -30.8254 29.3775 397.243 -122.196 25.2735 429.261 -21.4404 18.1307 445.028 -15.7609 5.66786 454.111 -19.7288 27.7343 471.439 -46.7198 11.7034 13.0886 100.083
144.403 178.519 144.278 142.076 145.575 136.756 177.898 79.4474 77.5478 75.5251 12.0876 426.565 -28.748 29.8704 399.12 -120.348 21.8912 441.129 -21.1104 13.8358 453.823 -18.9295 2.28016 462.201 -24.7046 28.7661 473.928 -48.0377 12.7258 10.447 109.498
145.781 178.046 143.338 140.505 144.648 135.392 178.895 77.8119 74.4966 72.41 6.96006 428.954 -27.1308 31.7267 399.605 -118.066 19.6868 447.302 -21.1369 11.0668 459.826 -21.8183 0.593262 467.855 -29.1271 29.5181 475.084 -48.6639 13.7947 9.13162 114.526
148.519 179.151 143.901 139.011 144.087 136.734 179.7 78.5457 74.5586 71.3659 2.25306 432.321 -27.9661 31.7478 402.793 -117.729 17.2155 451.58 -21.5814 8.71787 465.948 -23.6654 -0.625585 474.416 -32.3707 30.1136 477.993 -49.267 13.6788 7.927 116.063
151.74 178.881 145.035 137.915 144.075 139.292 179.521 81.2082 75.7546 71.6597 -0.649354 435.888 -30.2655 31.5143 406.532 -118.135 15.0468 455.399 -21.2368 7.88606 471.209 -24.5567 -1.07198 479.986 -34.1544 30.4668 481.386 -50.0424 12.9378 8.40768 116.715
152.747 178.226 144.313 137.137 143.669 140.66 178.812 83.0426 76.5767 71.6224 -2.1272 439.501 -33.0958 31.525 410.478 -118.621 12.1605 459.593 -21.5436 6.43045 476.248 -25.6323 -1.65821 485.451 -35.9218 30.9511 484.582 -50.3938 12.3626 8.75988 117.24
154.082 178.063 143.631 136.65 143.433 141.892 177.954 83.8288 77.0212 71.942 -2.91248 442.46 -36.1541 31.9438 414.103 -119.283 10.1873 462.517 -22.4761 5.52324 479.302 -26.6845 -1.84866 489.023 -37.0501 31.518 486.961 -50.5534 11.8373 9.05175 117.187
155.986 177.939 143.313 136.539 143.269 143.022 177.323 84.0449 77.0628 72.2472 -4.07861 445.301 -39.2634 32.5347 416.856 -120.116 9.50853 464.27 -23.501 5.44458 480.96 -27.6551 -1.56357 491.002 -37.7948 32.0747 488.612 -50.8155 11.5741 9.27843 116.924
157.071 177.687 143.066 137.22 143.38 144.515 176.866 82.8609 76.5001 72.0136 -4.7463 447.402 -42.0613 33.2294 418.879 -120.885 9.44584 466.709 -24.7913 5.50856 482.593 -28.8148 -1.34417 492.908 -38.7734 32.4055 489.971 -51.1435 11.3192 9.25818 117.704
157.824 177.741 143.371 138.428 143.815 145.779 176.961 82.0482 76.469 72.0005 -5.20545 450.132 -45.0693 34.4923 421.907 -122.337 8.95301 470.17 -26.1805 5.26059 485.367 -29.9489 -1.10534 496.088 -39.8984 32.9015 492.079 -51.4265 10.9893 9.24072 118.894
158.349 178.015 143.063 139.146 144.016 146.787 177.239 81.0867 76.1597 71.9089 -5.12659 452.152 -47.1609 35.5267 424.261 -123.324 9.078 472.986 -27.339 5.34416 487.627 -30.9548 -0.769543 498.612 -40.8028 33.3509 493.865 -51.6921 10.7245 9.18781 119.778
158.593 177.99 142.53 139.829 144.146 147.772 177.558 79.8397 75.6486 71.5923 -5.04276 453.613 -49.2878 36.3771 426.733 -124.651 9.08255 475.915 -28.5596 5.22395 489.795 -32.1411 -0.447494 501.147 -41.8982 33.657 495.278 -51.8256 10.5104 9.06124 121.376
158.897 177.961 142.069 140.233 144.204 148.55 177.865 78.4472 74.9619 71.2984 -4.66122 454.981 -51.2152 37.2634 429.271 -126.012 9.41435 478.574 -29.9248 5.37659 491.804 -33.4074 0.00855827 503.486 -42.9409 34.0584 496.682 -52.0428 10.3141 9.09089 122.728
158.526 177.986 141.421 140.278 143.947 148.771 177.65 77.53 74.3102 70.9642 -4.04786 456.476 -52.4434 37.5136 431.397 -126.162 9.5105 480.905 -31.1125 5.4459 494.071 -34.5853 0.346344 505.902 -43.9708 34.4254 498.364 -52.2581 10.2458 8.98951 122.632
158.804 177.517 140.936 140.231 143.65 149.477 177.28 76.8923 73.8533 70.7281 -3.5146 457.7 -53.5795 37.5005 433.71 -126.437 9.37842 483.033 -32.1998 5.51789 496.355 -35.5672 0.848142 508.417 -44.7923 34.9215 499.942 -52.2811 10.1916 8.87168 122.247
159.019 177.201 140.249 139.686 143.252 149.659 176.653 77.0241 73.8547 70.8463 -3.15812 458.428 -54.0279 37.0428 434.439 -126.016 9.14206 484.061 -32.4312 5.4014 497.494 -35.8949 1.01097 509.601 -45.0112 35.1645 500.795 -52.1501 10.2431 8.71417 121.361
159.252 177.042 139.33 138.972 142.678 149.917 176.191 77.3286 74.0461 71.1179 -2.56089 459.309 -54.4563 36.7082 435.66 -126.03 8.85087 484.961 -32.6769 5.19274 498.496 -36.1296 1.08196 510.674 -45.0681 35.3936 501.877 -52.0406 10.337 8.5928 120.393
159.533 176.826 138.81 139.008 142.325 150.213 176.022 77.1367 73.9317 71.0491 -2.20347 461.323 -55.3374 36.6592 438.542 -126.678 8.7156 486.9 -33.3794 5.21905 500.57 -36.6333 1.45241 512.954 -45.362 35.7527 503.914 -52.003 10.379 8.55125 119.792
159.503 176.634 138.562 139.183 142.078 149.976 175.952 77.3134 74.3285 71.4777 -2.08072 463.927 -56.2802 36.354 442.306 -127.613 8.16195 488.701 -34.2649 4.85001 502.563 -37.0723 1.54655 515.22 -45.4897 36.0981 506.192 -51.9834 10.4236 8.50229 118.619
158.89 176.477 138.246 139.251 141.746 149.559 175.942 77.6569 74.7791 71.9454 -1.35072 466.87 -56.9603 36.6538 445.947 -127.945 7.74022 490.875 -35.1365 4.56879 504.9 -37.6472 1.64615 517.7 -45.8996 36.6144 508.887 -52.0146 10.4899 8.45149 117.276
158.455 176.354 138.085 139.457 141.523 149.215 176.235 78.0109 75.2642 72.4361 -0.866655 469.404 -57.5176 36.8098 449.67 -128.59 7.41382 492.606 -35.6288 4.32423 506.645 -37.8078 1.6852 519.625 -45.8696 36.972 511.089 -51.8398 10.5614 8.47565 116.539
158.243 176.352 137.908 139.875 141.633 149.091 176.819 78.017 75.4237 72.6911 -0.312727 471.641 -58.1268 36.9549 452.969 -129.297 7.70617 494.403 -35.867 4.55235 508.312 -37.8402 1.98671 521.352 -45.7529 37.2685 513.098 -51.907 10.7152 8.5477 116.693
157.92 176.088 138.023 140.409 141.629 149.48 177.639 77.5796 75.32 72.8475 0.170665 473.297 -58.9114 37.4684 456.53 -130.468 7.72138 496.422 -36.2965 4.60261 510.201 -38.0272 2.25074 523.339 -45.7463 37.4366 514.71 -51.7792 10.8355 8.60151 117.82
157.915 175.551 138.395 141.151 141.529 150.382 177.818 76.8706 74.9369 72.6699 0.843476 475.359 -60.0932 37.1809 461.127 -131.855 7.96795 499.531 -36.7766 4.89965 513.103 -38.2735 2.70193 526.348 -45.8407 37.5461 517.084 -51.8042 10.99 8.7389 118.98
156.834 175.321 139.014 141.959 141.603 150.002 178.181 76.3743 74.8944 72.8498 1.26368 476.978 -60.8119 36.4913 465.219 -133.462 8.10199 501.599 -37.1162 4.98611 515.061 -38.258 2.92686 528.383 -45.643 37.5591 518.703 -51.8233 11.1626 8.76428 119.884
156.081 174.869 140.015 142.844 141.853 149.25 177.623 75.8602 74.7154 73.0066 1.38046 479.739 -61.8588 35.69 469.714 -134.804 8.86164 503.608 -37.3619 5.58793 516.821 -38.1022 3.28854 530.154 -45.1987 37.6958 520.708 -51.9257 11.3607 8.96491 120.229
155.623 174.797 140.52 143.357 142.167 148.968 177.364 75.6106 74.57 73.0799 1.70944 481.136 -62.5199 34.2103 472.261 -135.655 9.57535 504.952 -37.0005 6.05952 517.911 -37.5989 3.3498 531.139 -44.5265 37.5199 521.99 -52.1227 11.5246 9.10056 120.803
155.754 174.738 141.151 143.621 142.427 147.962 176.754 75.8475 74.726 73.2633 1.63238 482.285 -62.3002 32.7748 473.289 -135.769 10.2672 505.088 -36.2169 6.45727 517.795 -36.7861 3.29206 530.887 -43.6206 37.4231 522.58 -52.0372 11.6668 9.2165 120.528
155.969 174.725 141.576 143.782 142.685 147.191 176.655 76.1386 75.0243 73.5445 1.81397 482.641 -61.6042 31.8403 473.872 -135.243 10.867 504.883 -35.4368 6.74333 517.452 -35.9917 3.23112 530.42 -42.8102 37.3623 522.972 -51.8395 11.7756 9.20669 120.16
155.546 175.124 141.704 143.698 142.827 146.645 176.964 76.4662 75.3411 73.8353 1.98555 482.36 -60.4338 30.8715 473.812 -134.931 11.1459 504.333 -34.622 6.83832 516.889 -35.0708 3.01577 529.795 -41.8143 37.173 523.1 -51.5833 11.779 9.14532 119.912
154.963 175.276 141.879 143.27 142.847 145.981 176.849 77.0751 75.7759 74.1884 2.90369 481.477 -58.9953 29.918 472.921 -133.881 11.3839 503.39 -33.7494 6.91079 516.064 -34.1698 2.73364 528.795 -40.9293 37.0276 523.155 -51.3459 11.7945 9.00094 118.859
154.27 175.989 141.64 142.711 142.505 145.066 177.053 76.9529 75.615 74.0464 3.02741 480.943 -57.4946 29.5754 472.04 -132.469 11.3937 503.037 -33.4319 6.93271 515.875 -33.8201 2.73304 528.515 -40.5857 37.0909 522.968 -50.9487 11.8553 8.90947 118.0
153.568 177.326 141.697 142.291 142.264 144.047 178.017 77.0907 75.5737 73.9589 2.54214 480.544 -55.9901 28.9047 471.419 -131.736 11.199 502.634 -32.982 6.82367 515.708 -33.4536 2.59658 528.227 -40.3191 36.9806 522.647 -50.7389 11.8984 8.77353 117.745
152.292 177.182 141.992 141.915 141.749 143.004 176.5 76.9586 75.3819 73.6975 2.65961 479.638 -54.5783 28.0071 470.754 -130.58 11.3356 502.126 -32.6959 6.8256 515.523 -33.2597 2.53022 527.898 -40.2743 36.9702 522.334 -50.4364 12.005 8.44136 116.744
151.561 177.352 142.068 141.387 141.236 142.515 175.201 76.9231 75.3247 73.5227 2.88346 478.248 -52.9014 27.4577 469.732 -129.543 11.3972 501.264 -32.1334 6.73565 514.891 -32.773 2.36432 527.155 -39.8994 36.9075 521.773 -50.0515 12.0598 8.1883 116.292
150.601 177.675 142.835 141.213 140.882 141.807 174.236 76.9546 75.4929 73.4649 3.03892 476.711 -51.1182 26.8229 468.631 -128.517 11.8006 500.27 -31.419 6.77536 513.973 -32.2646 2.26045 526.112 -39.6738 36.7973 521.051 -49.8488 12.1387 7.89812 116.195
150.142 177.855 143.701 141.246 140.834 140.739 173.521 76.7801 75.3456 73.1418 2.88855 475.322 -49.0571 26.4072 467.001 -127.379 12.6848 498.827 -30.4494 7.22725 512.484 -31.5422 2.38051 524.462 -39.1649 36.6951 519.909 -49.5458 12.2227 7.71851 116.518
149.508 178.66 144.652 141.589 141.211 140.317 173.599 76.2446 75.0304 72.7944 3.43306 473.408 -46.5848 25.7845 466.134 -126.553 14.1716 497.456 -28.9844 8.21895 510.987 -30.1183 2.87239 522.783 -37.7916 36.7961 518.71 -48.8763 12.264 7.59416 117.863
149.347 178.758 145.4 142.273 141.907 139.853 173.076 75.6861 74.6439 72.5005 3.29962 472.204 -45.5813 25.2251 464.618 -126.293 15.1793 496.0 -28.4236 8.8938 509.273 -29.4478 3.12718 520.981 -36.9654 36.6792 517.278 -48.7008 12.2537 7.67346 118.616
148.335 178.866 146.606 143.288 142.679 139.443 172.818 75.3177 74.4949 72.35 3.41626 470.354 -44.9186 24.3535 463.122 -126.361 16.1741 493.829 -27.8584 9.43385 506.701 -28.7246 3.23291 518.414 -36.0566 36.2912 515.412 -48.5866 12.2562 7.78125 119.499
146.453 178.656 149.39 144.159 143.569 137.445 173.159 74.5098 73.8029 71.7551 3.7275 468.922 -42.8951 22.5524 461.831 -125.276 18.1151 491.755 -27.4051 10.5413 504.27 -28.2842 3.47881 515.864 -35.4399 35.8626 513.897 -48.7553 12.2144 7.67485 119.871
145.719 174.27 150.966 144.93 145.441 135.482 174.064 74.0723 73.4106 71.6242 4.02111 467.512 -41.6376 20.4298 460.548 -122.089 19.8947 489.747 -27.1473 11.5246 501.977 -27.8855 3.64512 513.367 -34.6966 35.4076 512.29 -49.051 12.0337 7.47839 118.81
