155.516 174.864 152.478 146.574 154.278 143.038 178.178 86.4209 90.3081 93.722 -58.0274 171.387 23.1749 -80.8327 137.711 -52.2458 -70.2547 184.221 45.888 -80.7886 184.642 56.4263 -91.0139 175.057 58.4232 -110.07 193.022 26.7072 10.5713 12.7301 110.695 
155.212 174.848 152.857 146.613 154.288 142.925 178.172 86.2891 90.2274 93.6388 -58.0737 171.278 23.4636 -80.7904 137.465 -51.9656 -70.1725 184.053 46.0022 -80.7497 184.542 56.5733 -91.0217 174.974 58.6059 -109.971 192.983 26.8345 10.5258 12.7612 110.626 
154.966 174.837 152.999 146.555 154.18 142.836 178.168 86.1715 90.1953 93.5891 -58.0676 171.231 23.7678 -80.7724 137.301 -51.6637 -70.1876 183.981 46.1952 -80.7611 184.479 56.7768 -91.0604 174.947 58.7881 -109.884 192.97 26.9758 10.5282 12.7564 110.678 
154.681 174.83 152.927 146.51 154.064 142.887 178.166 86.1083 90.1496 93.4768 -58.1631 171.033 24.0548 -80.7137 137.141 -51.3408 -70.2437 183.933 46.4567 -80.7997 184.332 57.0008 -91.1526 174.874 58.9599 -109.8 192.942 27.1178 10.5561 12.6385 110.792 
154.313 174.827 153.108 146.73 154.059 142.716 178.165 85.9676 90.0466 93.2898 -58.2286 170.891 24.3792 -80.6762 137.038 -51.0416 -70.2475 183.862 46.6045 -80.7905 184.189 57.1739 -91.1802 174.796 59.0614 -109.69 192.933 27.2522 10.6128 12.5639 110.796 
153.997 174.822 153.246 146.902 154.029 142.693 178.163 85.8579 89.9396 93.1095 -58.3916 170.789 24.5704 -80.6555 136.977 -50.7357 -70.2583 183.902 46.7247 -80.7597 184.112 57.3024 -91.1679 174.754 59.1521 -109.627 192.937 27.3719 10.6513 12.4608 110.814 
153.702 174.811 153.633 147.045 154.062 142.524 178.159 85.8171 89.8708 93.0109 -58.5448 170.782 24.7036 -80.6297 136.946 -50.6123 -70.177 183.993 46.8048 -80.6396 184.086 57.3751 -91.0542 174.735 59.2091 -109.555 192.935 27.4865 10.6694 12.3835 110.852 
153.841 174.741 154.257 147.445 154.333 142.617 178.133 85.4135 89.468 92.7769 -58.8317 170.641 24.7341 -80.4185 137.011 -50.7547 -70.1621 183.905 46.8211 -80.7301 184.019 57.4319 -91.2026 174.638 59.4242 -109.528 192.922 27.703 10.5607 12.3544 110.924 
153.767 174.726 154.134 147.46 154.41 142.355 178.128 85.6086 89.5615 92.7878 -58.9439 170.658 24.8584 -80.5172 137.144 -50.6958 -70.0233 183.987 46.9583 -80.5281 183.994 57.51 -91.0321 174.619 59.4986 -109.488 192.938 27.8352 10.5543 12.2724 110.984 
153.827 174.72 153.932 147.396 154.492 142.099 178.126 85.8943 89.7315 92.8512 -58.9663 170.724 24.9592 -80.6355 137.281 -50.7116 -69.8121 184.079 47.0709 -80.2619 183.975 57.6017 -90.7712 174.612 59.5793 -109.448 192.948 27.963 10.5666 12.1836 111.007 
153.834 174.714 153.517 147.198 154.435 141.799 178.123 86.248 89.9305 92.9486 -58.9551 170.857 24.9629 -80.8071 137.451 -50.7441 -69.607 184.227 47.2171 -79.9774 183.992 57.6728 -90.466 174.619 59.6301 -109.408 192.963 28.0768 10.595 12.0916 111.116 
153.878 174.695 152.958 146.936 154.289 141.445 178.117 86.6275 90.0973 93.0322 -58.8938 171.001 24.9128 -80.9664 137.605 -50.7368 -69.3835 184.316 47.457 -79.668 183.938 57.7727 -90.1338 174.553 59.7066 -109.32 192.928 28.2262 10.6294 11.9986 111.3 
153.869 174.688 152.831 146.871 154.172 141.248 178.114 86.7803 90.1735 93.0728 -58.8392 171.056 25.0102 -81.0688 137.678 -50.6393 -69.263 184.313 47.6425 -79.48 183.877 57.8931 -89.9427 174.498 59.7961 -109.249 192.914 28.3871 10.6607 11.975 111.363 
153.847 174.675 152.713 146.828 154.112 141.009 178.11 86.9521 90.2694 93.174 -58.7346 171.029 25.1137 -81.113 137.69 -50.5206 -69.0449 184.249 47.7807 -79.2337 183.748 58.0215 -89.6755 174.375 59.9124 -109.146 192.847 28.5394 10.6834 11.9233 111.349 
153.696 174.662 152.404 146.773 154.016 140.708 178.105 87.142 90.3021 93.1516 -58.6191 171.104 25.1897 -81.0819 137.758 -50.4678 -68.871 184.263 47.9858 -79.0063 183.65 58.1251 -89.4216 174.242 59.9743 -109.028 192.756 28.6891 10.7294 11.8613 111.477 
153.647 174.657 152.036 146.771 153.965 140.405 178.103 87.3471 90.3463 93.1479 -58.4591 171.191 25.1885 -81.0586 137.78 -50.404 -68.6977 184.238 48.2064 -78.776 183.566 58.2249 -89.1587 174.122 60.0286 -108.892 192.649 28.8361 10.7864 11.8486 111.6 
153.491 174.638 151.51 146.585 153.881 140.204 178.096 87.6134 90.3618 93.1632 -58.2247 171.395 24.9909 -81.0368 137.841 -50.4922 -68.4843 184.264 48.4751 -78.488 183.507 58.2959 -88.7935 174.01 60.0866 -108.737 192.495 28.983 10.8509 11.8418 111.883 
153.305 174.625 151.28 146.612 153.853 140.023 178.092 87.6858 90.2734 93.1108 -57.98 171.434 25.0188 -80.932 137.805 -50.449 -68.3942 184.106 48.7559 -78.3713 183.305 58.4067 -88.6514 173.805 60.1434 -108.579 192.347 29.1194 10.9227 11.844 112.071 
153.135 174.617 151.257 146.734 153.829 139.988 178.089 87.6633 90.1767 93.0526 -57.7612 171.276 25.271 -80.7577 137.586 -50.2584 -68.4149 183.869 49.139 -78.3999 183.07 58.6242 -88.7109 173.589 60.2905 -108.401 192.197 29.2677 10.9584 11.8568 112.29 
152.91 174.602 151.38 146.841 153.773 140.01 178.083 87.6134 90.0354 92.9974 -57.6203 171.036 25.4848 -80.6083 137.357 -50.1025 -68.3585 183.602 49.4232 -78.3507 182.733 58.7526 -88.7067 173.298 60.3921 -108.2 192.024 29.3921 10.9631 11.8062 112.467 
152.644 174.596 151.375 146.818 153.707 140.028 178.081 87.5496 89.8901 92.9434 -57.4764 170.892 25.57 -80.4142 137.232 -50.0067 -68.2853 183.411 49.6866 -78.2654 182.519 58.8658 -88.6264 173.104 60.4905 -107.957 191.87 29.5255 10.9777 11.8239 112.671 
152.433 174.582 151.398 147.085 153.844 140.051 178.076 87.4233 89.7238 92.8574 -57.2925 170.807 25.4848 -80.1688 137.16 -49.9936 -68.13 183.192 49.8501 -78.0898 182.252 58.9482 -88.4633 172.843 60.5736 -107.661 191.661 29.6307 10.9683 11.8144 112.882 
152.191 174.563 151.608 147.371 153.923 140.147 178.069 87.1525 89.4642 92.651 -57.2311 170.683 25.5555 -79.9842 137.12 -50.0031 -68.0717 183.048 49.9448 -77.9938 182.064 58.969 -88.4024 172.648 60.5961 -107.397 191.544 29.7072 10.9416 11.8263 113.107 
152.019 174.542 151.809 147.641 154.081 140.13 178.062 86.9032 89.2557 92.4544 -57.1377 170.565 25.6427 -79.7021 137.066 -50.0941 -67.8746 182.936 49.9408 -77.7817 181.906 58.966 -88.2252 172.459 60.6115 -107.096 191.399 29.7567 10.8955 11.8195 113.277 
151.838 174.518 152.087 147.888 154.243 140.003 178.053 86.556 89.0271 92.2162 -57.0864 170.529 25.694 -79.4501 137.03 -50.2277 -67.6733 182.842 49.8074 -77.5764 181.795 58.9228 -88.05 172.303 60.601 -106.823 191.285 29.7792 10.8414 11.8246 113.374 
151.639 174.49 152.449 148.011 154.392 139.932 178.043 86.2032 88.8367 92.0106 -57.0276 170.512 25.768 -79.1424 137.094 -50.3339 -67.4635 182.755 49.6553 -77.3681 181.736 58.9141 -87.8571 172.199 60.643 -106.569 191.195 29.8207 10.7769 11.8676 113.381 
151.456 174.467 152.704 148.02 154.492 139.84 178.035 85.9364 88.7351 91.8825 -56.9094 170.509 25.8117 -78.8042 137.235 -50.4266 -67.2489 182.699 49.5259 -77.1746 181.757 58.9399 -87.6631 172.176 60.699 -106.32 191.157 29.843 10.726 11.9462 113.348 
151.358 174.453 152.765 147.944 154.557 139.9 178.03 85.7468 88.6802 91.8129 -56.885 170.414 25.8612 -78.5423 137.195 -50.3267 -67.1474 182.661 49.574 -77.0959 181.769 59.0916 -87.6054 172.196 60.8823 -106.136 191.104 29.918 10.681 11.9702 113.411 
151.243 174.438 152.799 147.786 154.65 139.943 178.025 85.6225 88.6622 91.7671 -56.8281 170.425 25.839 -78.2857 137.33 -50.355 -67.0094 182.727 49.5517 -76.9792 181.874 59.2004 -87.4752 172.306 61.0216 -105.971 191.111 29.9625 10.66 11.9956 113.45 
150.729 174.418 153.092 147.65 154.552 139.898 178.018 85.3771 88.5206 91.5875 -56.922 170.328 25.9473 -78.1302 137.36 -50.3327 -66.9918 182.736 49.5598 -76.9925 181.879 59.2901 -87.5038 172.323 61.1056 -105.821 191.129 29.9963 10.6501 11.9874 113.564 
150.451 174.4 153.097 147.488 154.52 139.794 178.011 85.292 88.4229 91.4629 -56.9088 170.289 25.9422 -77.9485 137.404 -50.3703 -66.7356 182.769 49.4747 -76.7808 181.854 59.3052 -87.2857 172.319 61.1594 -105.618 191.121 30.0257 10.6485 11.9135 113.571 
150.183 174.398 152.979 147.12 154.36 139.704 178.011 85.3568 88.434 91.4308 -56.9465 170.28 25.9774 -77.8014 137.483 -50.3999 -66.4933 182.89 49.4408 -76.5871 181.945 59.3286 -87.0796 172.425 61.2108 -105.456 191.174 30.053 10.6562 11.8627 113.578 
149.967 174.395 152.575 146.724 154.206 139.569 178.01 85.5511 88.5047 91.4673 -56.8896 170.416 25.8024 -77.7029 137.677 -50.5262 -66.1374 183.06 49.3475 -76.2601 182.037 59.2762 -86.7071 172.517 61.1913 -105.286 191.21 30.0532 10.6847 11.7807 113.583 
149.727 174.385 152.472 146.543 154.084 139.466 178.007 85.5588 88.4592 91.4143 -56.9221 170.433 25.8733 -77.621 137.805 -50.5007 -65.9408 183.145 49.3447 -76.0955 182.067 59.2955 -86.5387 172.556 61.2257 -105.134 191.279 30.1042 10.6964 11.7132 113.618 
149.605 174.392 152.332 146.393 153.952 139.52 178.009 85.6661 88.516 91.4381 -56.9383 170.42 25.8876 -77.5236 137.965 -50.5053 -65.7528 183.29 49.3307 -75.908 182.177 59.2932 -86.347 172.666 61.2261 -105.009 191.39 30.1234 10.7044 11.6727 113.587 
149.581 174.39 152.071 146.294 153.826 139.597 178.009 85.8649 88.5729 91.4662 -56.9385 170.423 25.8475 -77.4845 138.122 -50.5162 -65.552 183.435 49.3808 -75.7021 182.268 59.2703 -86.1491 172.76 61.2015 -104.887 191.481 30.1422 10.7178 11.6259 113.638 
149.481 174.383 151.969 146.206 153.663 139.7 178.006 85.9402 88.5336 91.4823 -56.9621 170.358 25.8065 -77.4374 138.109 -50.4839 -65.4112 183.437 49.4459 -75.5837 182.204 59.2415 -86.0411 172.723 61.1719 -104.761 191.507 30.1503 10.7364 11.5558 113.712 
149.201 174.367 151.883 146.064 153.48 139.795 178.001 86.0582 88.4398 91.4349 -57.0212 170.504 25.6585 -77.4134 138.355 -50.6115 -65.2789 183.622 49.4963 -75.4508 182.308 59.103 -85.9034 172.797 61.0426 -104.646 191.59 30.1359 10.7461 11.5398 113.926 
149.022 174.357 151.917 146.028 153.385 140.092 177.997 86.0915 88.3361 91.3565 -57.0352 170.573 25.5323 -77.3755 138.697 -50.7779 -65.199 183.882 49.5007 -75.3195 182.499 58.9267 -85.7835 172.936 60.8856 -104.539 191.711 30.1099 10.7306 11.5561 114.156 
149.184 174.358 151.967 146.209 153.403 140.403 177.997 86.0852 88.2868 91.3207 -56.9097 170.527 25.4701 -77.2744 138.926 -50.8764 -65.0728 183.993 49.4881 -75.1439 182.598 58.8042 -85.6592 173.008 60.7866 -104.405 191.805 30.1034 10.6852 11.5855 114.23 
149.494 174.364 151.922 146.309 153.424 140.794 178 86.0752 88.2518 91.2464 -56.7477 170.389 25.4493 -77.1224 139.078 -50.9528 -64.921 184.076 49.4645 -74.9655 182.713 58.7165 -85.5354 173.091 60.7215 -104.25 191.88 30.0974 10.6344 11.6452 114.252 
149.707 174.376 152.193 146.689 153.653 141.112 178.004 85.8818 88.153 91.1195 -56.6339 170.107 25.5838 -76.9355 139.088 -50.9484 -64.912 184.048 49.4499 -74.9523 182.764 58.6979 -85.5919 173.136 60.6796 -104.092 191.93 30.0786 10.6 11.7264 114.257 
150.077 174.408 152.519 147.002 153.852 141.811 178.015 85.7153 88.1665 91.1035 -56.5458 169.442 25.8161 -76.643 139.069 -50.7601 -64.8899 183.941 49.4183 -74.9555 182.776 58.7351 -85.6906 173.179 60.6858 -103.938 191.996 30.0364 10.5481 11.7965 114.056 
150.835 174.384 153.383 147.534 154.331 142.515 178.007 85.1212 87.767 90.7853 -56.5106 169.097 25.7805 -76.1605 139.073 -50.7701 -64.8498 183.816 49.277 -75.0388 182.821 58.7633 -85.8353 173.21 60.8303 -103.788 192.02 30.0991 10.4672 11.8771 113.929 
150.983 174.391 153.734 147.665 154.602 142.664 178.009 84.9358 87.7594 90.7824 -56.3849 168.827 25.9505 -75.9308 138.966 -50.6384 -64.7493 183.739 49.2014 -74.9828 182.804 58.7905 -85.8272 173.255 60.8408 -103.626 192.104 30.0477 10.4455 11.8876 113.754 
150.99 174.385 153.705 147.524 154.678 142.753 178.007 84.8784 87.7505 90.772 -56.1964 168.9 25.8799 -75.7397 139.102 -50.6446 -64.6394 183.871 49.1277 -74.8784 182.903 58.7493 -85.7162 173.39 60.8022 -103.506 192.215 29.982 10.4474 11.8637 113.724 
151.041 174.375 154.132 147.632 154.999 142.795 178.003 84.7283 87.6982 90.7327 -55.9507 168.865 25.8291 -75.5364 139.133 -50.6199 -64.4024 183.822 48.89 -74.7582 182.913 58.698 -85.5804 173.446 60.7579 -103.347 192.235 29.8783 10.4545 11.8885 113.51 
151.332 174.37 154.437 147.569 155.187 143.151 178.002 84.6552 87.7516 90.7676 -55.7633 168.718 25.7481 -75.3343 139.308 -50.5977 -64.1592 183.783 48.6326 -74.6236 182.975 58.667 -85.4343 173.546 60.7444 -103.233 192.303 29.7843 10.4451 11.9468 113.19 
151.424 174.356 154.299 147.353 155.239 143.301 177.997 84.5529 87.8004 90.8237 -55.5547 168.733 25.518 -75.1581 139.469 -50.6472 -63.8949 183.835 48.3576 -74.3372 182.961 58.5595 -85.1413 173.571 60.7033 -103.079 192.327 29.6918 10.4217 11.8541 113.058 
151.495 174.354 154.141 147.091 155.263 143.364 177.996 84.5581 87.9051 90.8819 -55.3424 168.847 25.2058 -75.0831 139.593 -50.7594 -63.6121 183.877 48.0647 -74.0188 182.956 58.4196 -84.792 173.556 60.6182 -102.967 192.326 29.595 10.4106 11.7934 112.889 
151.371 174.334 153.83 146.882 155.188 143.204 177.99 84.5318 87.9038 90.7902 -55.1642 169.168 24.9502 -75.126 139.768 -50.8188 -63.4782 183.977 47.9534 -73.8321 182.984 58.3434 -84.597 173.579 60.5462 -102.888 192.397 29.5524 10.4407 11.7218 112.939 
151.135 174.315 153.536 146.627 155.135 143.031 177.983 84.5586 87.9116 90.7446 -55.0123 169.49 24.6827 -75.1994 139.875 -50.9268 -63.3701 184.083 47.8708 -73.6649 183.009 58.2596 -84.3882 173.572 60.4845 -102.823 192.406 29.5034 10.4627 11.6544 113.068 
150.789 174.301 153.496 146.633 155.1 142.832 177.978 84.3884 87.8168 90.6251 -54.9578 169.673 24.5601 -75.3006 139.857 -50.9679 -63.3957 184.071 47.7898 -73.6221 182.934 58.1877 -84.3398 173.492 60.3998 -102.764 192.427 29.456 10.4949 11.5914 113.182 
150.344 174.289 153.6 146.667 155.026 142.767 177.974 84.1679 87.6748 90.4798 -54.9658 169.704 24.5941 -75.3932 139.72 -50.966 -63.5219 184.025 47.79 -73.682 182.804 58.1537 -84.4032 173.374 60.3333 -102.709 192.445 29.4197 10.5314 11.5075 113.348 
150.05 174.375 153.549 146.785 155.052 142.514 178.004 84.0505 87.5957 90.3413 -54.9004 169.798 24.6794 -75.4113 139.787 -51.1427 -63.5644 183.988 47.7206 -73.7051 182.725 58.098 -84.442 173.297 60.2296 -102.66 192.499 29.3587 10.569 11.4521 113.431 
149.722 174.372 153.717 146.933 155.086 142.082 178.003 83.938 87.5526 90.2788 -54.7635 169.962 24.7892 -75.5091 139.796 -51.2082 -63.5412 183.927 47.6044 -73.7322 182.673 58.0641 -84.4685 173.249 60.1401 -102.608 192.563 29.2976 10.6118 11.4283 113.427 
149.69 174.375 154.062 147.143 155.216 141.813 178.004 83.95 87.5568 90.281 -54.6854 169.992 24.9316 -75.5228 139.818 -51.2088 -63.3925 183.79 47.4631 -73.7598 182.632 58.0521 -84.5072 173.239 60.0803 -102.562 192.645 29.237 10.6405 11.4574 113.195 
149.68 174.381 153.905 147.176 155.231 141.568 178.006 84.0886 87.6293 90.3234 -54.641 170.156 24.8937 -75.5806 139.908 -51.2823 -63.3712 183.902 47.4529 -73.7233 182.699 57.9947 -84.4539 173.312 59.9741 -102.555 192.734 29.1799 10.6952 11.4137 113.229 
149.66 174.381 153.877 147.306 155.296 141.264 178.006 84.0822 87.6329 90.3004 -54.5274 170.376 24.8427 -75.6106 139.977 -51.4086 -63.3543 183.972 47.3916 -73.6806 182.73 57.9202 -84.404 173.337 59.8516 -102.51 192.787 29.1076 10.7386 11.3825 113.319 
149.686 174.379 154.005 147.494 155.441 141.011 178.006 84.023 87.6522 90.3352 -54.4006 170.566 24.8804 -75.6172 140.019 -51.4035 -63.3352 184.007 47.3957 -73.6524 182.749 57.9414 -84.3844 173.369 59.8317 -102.454 192.844 29.1049 10.7662 11.3524 113.386 
149.649 174.38 154.079 147.698 155.552 140.853 178.006 83.9257 87.6246 90.3462 -54.3027 170.677 24.9746 -75.5573 140.065 -51.3639 -63.3965 184.069 47.4553 -73.6849 182.752 57.9659 -84.4315 173.392 59.8118 -102.394 192.908 29.1033 10.7891 11.2906 113.511 
149.613 174.384 154.121 147.818 155.61 140.825 178.007 83.8382 87.5687 90.3171 -54.2688 170.789 24.9942 -75.4494 140.24 -51.3453 -63.419 184.164 47.4889 -73.6864 182.777 57.959 -84.4454 173.426 59.7722 -102.322 193 29.1204 10.8019 11.2394 113.576 
149.706 174.387 153.843 147.839 155.566 140.935 178.009 83.911 87.5834 90.3626 -54.1859 170.842 25.0137 -75.3519 140.367 -51.2665 -63.3401 184.24 47.5789 -73.5888 182.803 57.9744 -84.3677 173.459 59.8004 -102.232 193.089 29.1683 10.7794 11.188 113.595 
149.767 174.294 153.5 147.891 155.516 140.93 177.976 84.0168 87.6332 90.4344 -54.0332 170.867 25.1068 -75.3472 140.27 -51.0393 -63.2205 184.204 47.7627 -73.4401 182.731 58.071 -84.2486 173.418 59.8883 -102.101 193.114 29.2728 10.7752 11.1412 113.614 
149.925 174.304 153.328 147.982 155.567 141.062 177.98 84.0982 87.6391 90.4986 -53.9077 170.812 25.2068 -75.2297 140.255 -50.8262 -63.1427 184.233 48.0661 -73.3226 182.701 58.2156 -84.154 173.442 60.004 -101.917 193.146 29.4053 10.7958 11.0945 113.782 
150.088 174.326 152.954 148.015 155.735 141.047 177.988 84.3539 87.7131 90.5878 -53.5053 170.888 25.2887 -74.8367 140.282 -50.5934 -62.8757 184.338 48.6344 -72.9419 182.718 58.5033 -83.7525 173.503 60.2191 -101.502 193.117 29.6669 10.8737 11.0833 114.101 
150.209 174.342 152.771 147.944 155.796 141.274 177.994 84.5491 87.7308 90.673 -53.4303 170.766 25.1845 -74.6692 140.295 -50.5632 -62.8143 184.35 48.9106 -72.806 182.689 58.5532 -83.5968 173.521 60.2502 -101.343 193.056 29.7291 10.9151 11.1122 114.288 
150.328 174.358 152.469 147.723 155.757 141.34 177.999 84.8183 87.7678 90.7657 -53.3024 170.861 24.9338 -74.4575 140.475 -50.6598 -62.5375 184.454 49.0249 -72.467 182.737 58.5012 -83.2036 173.579 60.2243 -101.14 193.034 29.7867 10.9447 11.1456 114.33 
150.392 174.372 152.161 147.554 155.705 141.121 178.004 85.0572 87.8098 90.8517 -53.1702 171.06 24.7603 -74.3314 140.673 -50.7313 -62.3392 184.568 49.1048 -72.2192 182.83 58.449 -82.9147 173.661 60.2034 -101.02 193.051 29.8442 10.9552 11.1945 114.327 
150.646 174.386 151.889 147.452 155.715 141.049 178.009 85.2387 87.9026 90.9838 -53.019 171.116 24.6262 -74.2727 140.752 -50.8043 -62.1086 184.528 49.0536 -71.952 182.836 58.3985 -82.616 173.656 60.2155 -100.922 193.004 29.8759 10.9285 11.2597 114.181 
150.755 174.395 151.735 147.317 155.683 141.114 178.012 85.3602 87.9681 91.0366 -52.8958 171.071 24.6115 -74.1525 140.801 -50.8346 -61.9603 184.492 49.0884 -71.7809 182.871 58.4275 -82.4307 173.672 60.2786 -100.812 192.964 29.9261 10.9041 11.3431 114.116 
150.803 174.401 151.581 147.161 155.663 141.134 178.014 85.4576 88.0388 91.0726 -52.7425 171.05 24.661 -74.0084 140.846 -50.8787 -61.7932 184.471 49.0987 -71.6026 182.911 58.4702 -82.2406 173.684 60.361 -100.707 192.909 29.9844 10.8682 11.4103 114.047 
150.707 174.393 151.501 147.011 155.59 141.224 178.011 85.5946 88.0658 91.0978 -52.6748 171.037 24.7468 -73.9863 140.971 -50.9069 -61.6922 184.528 49.2091 -71.4918 183.004 58.5119 -82.1258 173.735 60.4466 -100.634 192.9 30.0728 10.8241 11.478 114.138 
150.559 174.384 151.539 146.928 155.534 141.315 178.008 85.5987 88.0867 91.0814 -52.6304 170.963 24.9713 -73.9141 141.056 -50.8088 -61.5867 184.516 49.2031 -71.4083 183.05 58.5785 -82.067 173.747 60.5591 -100.592 192.943 30.1528 10.7597 11.5126 113.995 
150.463 174.376 151.495 146.822 155.501 141.381 178.005 85.6719 88.1447 91.1297 -52.6276 170.884 25.1241 -73.9108 141.195 -50.7605 -61.4598 184.492 49.2439 -71.2819 183.037 58.6459 -81.9595 173.723 60.6714 -100.548 192.957 30.2637 10.7029 11.5227 113.914 
150.494 174.377 151.208 146.557 155.413 141.326 178.006 85.8759 88.2674 91.2032 -52.6207 170.994 25.158 -73.9664 141.443 -50.8524 -61.2788 184.597 49.2397 -71.0913 183.132 58.6674 -81.7582 173.814 60.7322 -100.547 193.016 30.3601 10.6823 11.5291 113.83 
150.527 174.376 150.83 146.257 155.373 141.146 178.005 86.1846 88.5266 91.4049 -52.5326 171.113 25.2161 -74.0323 141.615 -50.889 -61.0211 184.645 49.2428 -70.8434 183.203 58.7436 -81.5092 173.881 60.8498 -100.542 193.049 30.4663 10.6455 11.5274 113.671 
150.689 174.378 150.523 146.006 155.41 140.948 178.006 86.5265 88.7939 91.6188 -52.4676 171.24 25.3075 -74.0775 141.74 -50.9136 -60.7889 184.69 49.2857 -70.6588 183.308 58.8587 -81.3092 173.982 60.9883 -100.566 193.095 30.5575 10.6252 11.5484 113.509 
150.897 174.374 150.46 145.92 155.449 140.843 178.005 86.726 88.9316 91.7291 -52.4466 171.388 25.3867 -74.1344 141.848 -50.9097 -60.578 184.749 49.2909 -70.4775 183.392 58.9464 -81.1075 174.046 61.1186 -100.586 193.143 30.6704 10.6025 11.548 113.357 
151.172 174.371 150.422 145.954 155.518 140.702 178.004 86.8682 88.9817 91.738 -52.4125 171.486 25.5009 -74.1977 141.905 -50.8455 -60.3794 184.678 49.3124 -70.309 183.343 59.0318 -80.9315 174.004 61.23 -100.595 193.149 30.8019 10.6032 11.5506 113.16 
151.502 174.381 150.271 145.883 155.564 140.657 178.008 87.1538 89.1259 91.8426 -52.3364 171.522 25.6289 -74.1936 141.902 -50.7202 -60.1424 184.602 49.4453 -70.1036 183.308 59.1688 -80.7206 173.977 61.3962 -100.572 193.143 30.9419 10.5948 11.5582 112.981 
151.799 174.385 150.217 145.797 155.592 140.557 178.01 87.3967 89.2026 91.8888 -52.2555 171.764 25.538 -74.2875 142.069 -50.7639 -59.9211 184.67 49.474 -69.8813 183.383 59.1853 -80.4594 174.018 61.4561 -100.572 193.183 31.0389 10.5945 11.5761 112.893 
151.979 174.381 150.214 145.787 155.655 140.456 178.009 87.5102 89.181 91.8337 -52.1608 171.951 25.4643 -74.2896 142.152 -50.8219 -59.756 184.714 49.5576 -69.6934 183.39 59.2149 -80.2447 174.007 61.5064 -100.51 193.144 31.1278 10.6142 11.572 112.966 
152.117 174.388 150.058 145.649 155.65 140.431 178.012 87.7068 89.2757 91.8758 -52.0456 172.013 25.5292 -74.2114 142.282 -50.7614 -59.5599 184.735 49.6628 -69.5079 183.418 59.3106 -80.0661 174.03 61.6305 -100.447 193.137 31.2572 10.5998 11.5715 112.901 
152.136 174.386 150.298 145.663 155.682 140.344 178.011 87.6299 89.2452 91.8601 -52.0009 172.119 25.4848 -74.2123 142.378 -50.7491 -59.3939 184.743 49.567 -69.3435 183.391 59.3229 -79.8792 173.997 61.6817 -100.387 193.114 31.3393 10.5991 11.5279 112.825 
152.252 174.381 150.777 145.788 155.791 140.298 178.01 87.4667 89.1472 91.8138 -51.9486 172.067 25.5674 -74.2548 142.391 -50.6958 -59.255 184.655 49.4277 -69.2108 183.29 59.297 -79.7294 173.892 61.7026 -100.326 193.082 31.4046 10.5923 11.5008 112.691 
152.388 174.379 151.087 145.855 155.839 140.313 178.009 87.3796 89.0638 91.7968 -51.9313 171.997 25.586 -74.3435 142.299 -50.6067 -59.1877 184.537 49.3989 -69.1468 183.161 59.3093 -79.6482 173.773 61.7614 -100.312 193.03 31.4726 10.5889 11.4736 112.618 
152.385 174.381 151.279 145.883 155.877 140.408 178.01 87.3346 89.0328 91.7579 -51.9354 171.932 25.6221 -74.3672 142.237 -50.5241 -59.1181 184.447 49.4028 -69.0684 183.031 59.3491 -79.5871 173.67 61.8197 -100.306 193.008 31.5528 10.5922 11.4147 112.513 
152.257 174.38 151.437 145.736 155.814 140.531 178.01 87.2806 88.979 91.7338 -51.959 171.846 25.6338 -74.3848 142.315 -50.479 -59.1012 184.415 49.3859 -69.035 182.963 59.3318 -79.5414 173.608 61.83 -100.303 192.994 31.6073 10.5913 11.3948 112.461 
152.177 174.373 151.305 145.457 155.647 140.685 178.008 87.3438 89.0059 91.7413 -52.0319 171.813 25.709 -74.4598 142.492 -50.37 -59.1303 184.45 49.5149 -69.0702 183.005 59.4137 -79.6015 173.631 61.9427 -100.351 193.062 31.7212 10.5474 11.4064 112.478 
152.292 174.368 151.228 145.313 155.519 141.116 178.006 87.3695 88.9905 91.7193 -52.1166 171.607 25.7655 -74.5171 142.668 -50.2504 -59.1513 184.475 49.6386 -69.0971 183.046 59.4839 -79.6606 173.661 62.0455 -100.371 193.118 31.8341 10.5047 11.4297 112.506 
152.351 174.365 151.116 145.179 155.409 141.38 178.005 87.4714 89.0171 91.7684 -52.1827 171.464 25.8411 -74.5956 142.733 -50.1111 -59.139 184.459 49.8352 -69.0935 183.045 59.6083 -79.6691 173.661 62.1941 -100.392 193.137 31.9823 10.4842 11.4455 112.545 
152.407 174.363 151.04 145.131 155.321 141.65 178.005 87.5262 88.9727 91.7438 -52.279 171.294 25.8899 -74.6301 142.777 -49.9942 -59.1784 184.432 50.0683 -69.1139 183.014 59.7141 -79.6974 173.625 62.2993 -100.389 193.136 32.1223 10.484 11.4753 112.635 
152.634 174.374 150.93 145.192 155.295 141.966 178.009 87.5974 88.9965 91.7486 -52.3718 171.021 25.9814 -74.6235 142.753 -49.8461 -59.2245 184.376 50.3335 -69.1472 182.996 59.8882 -79.7607 173.612 62.4468 -100.369 193.136 32.2634 10.4886 11.5145 112.708 
152.841 174.377 150.722 145.172 155.242 142.408 178.01 87.6778 89.059 91.8041 -52.4345 170.621 26.1716 -74.5585 142.701 -49.6269 -59.2799 184.277 50.646 -69.197 182.938 60.1165 -79.8521 173.575 62.647 -100.341 193.112 32.4056 10.4796 11.5418 112.784 
153.144 174.37 150.5 145.093 155.167 142.862 178.008 87.7553 89.1127 91.867 -52.4916 170.183 26.3412 -74.4633 142.574 -49.4112 -59.2477 184.143 50.8923 -69.1832 182.822 60.3218 -79.8672 173.503 62.8414 -100.285 193.032 32.5468 10.4796 11.5357 112.804 
153.535 174.379 150.193 144.96 155.081 143.353 178.011 87.8214 89.1467 91.912 -52.5762 169.734 26.4351 -74.4128 142.516 -49.2277 -59.2844 184.075 51.2111 -69.2214 182.781 60.5522 -79.9272 173.487 63.0649 -100.219 192.954 32.6777 10.4739 11.5527 113.025 
153.723 174.388 149.947 144.755 154.963 143.791 178.014 87.9194 89.1895 91.9723 -52.6829 169.243 26.5587 -74.3441 142.431 -49.0327 -59.2985 183.96 51.5192 -69.2564 182.707 60.7612 -79.9875 173.45 63.2682 -100.15 192.849 32.8053 10.4696 11.5835 113.19 
153.959 174.404 149.829 144.825 154.952 144.257 178.02 87.9235 89.1857 91.934 -52.7902 168.713 26.7536 -74.2185 142.437 -48.8627 -59.3713 183.869 51.7618 -69.3321 182.664 60.9339 -80.1112 173.447 63.4 -100.081 192.804 32.8952 10.4792 11.627 113.292 
154.244 174.415 149.798 144.92 154.993 144.503 178.025 87.9387 89.1649 91.9488 -52.8299 168.306 26.8892 -74.1339 142.401 -48.7409 -59.3292 183.765 51.8856 -69.2915 182.557 61.0279 -80.0674 173.387 63.4894 -99.9885 192.709 32.9704 10.5023 11.6211 113.335 
154.425 174.414 149.554 144.877 154.962 144.478 178.024 87.9904 89.1135 91.9231 -52.849 168.201 26.9215 -74.1159 142.568 -48.7392 -59.2915 183.812 52.0139 -69.2456 182.601 61.076 -79.9809 173.444 63.517 -99.8968 192.699 33.0363 10.5556 11.6608 113.502 
154.56 174.415 149.283 144.817 154.909 144.221 178.025 88.0782 89.0872 91.9534 -52.7979 168.292 26.9277 -74.1522 142.709 -48.7578 -59.1297 183.851 52.0531 -69.0814 182.638 61.094 -79.7487 173.499 63.5453 -99.7979 192.693 33.1219 10.6091 11.6894 113.555 
154.614 174.421 149.149 144.725 154.801 144.062 178.027 88.1356 89.0617 91.9605 -52.7454 168.157 27.1818 -74.1553 142.699 -48.75 -59.038 183.811 52.145 -69.016 182.607 61.1634 -79.6411 173.52 63.5858 -99.7106 192.666 33.1905 10.6814 11.7034 113.621 
154.552 174.427 149.097 144.706 154.772 143.681 178.029 88.188 89.0583 92.0148 -52.6708 168.212 27.3008 -74.1156 142.62 -48.7223 -58.8586 183.766 52.1485 -68.8581 182.531 61.2075 -79.4266 173.494 63.6254 -99.6068 192.621 33.2536 10.741 11.6633 113.563 
154.497 174.429 149.048 144.675 154.763 143.388 178.03 88.2243 89.068 92.0493 -52.6161 168.243 27.489 -74.1151 142.552 -48.6559 -58.7428 183.747 52.2307 -68.7612 182.5 61.3271 -79.281 173.513 63.7128 -99.5139 192.609 33.3382 10.8159 11.6354 113.588 
154.454 174.426 148.964 144.721 154.839 143.144 178.029 88.2918 89.0767 92.0684 -52.5103 168.258 27.7103 -74.0591 142.448 -48.5813 -58.5745 183.704 52.3179 -68.6167 182.447 61.4431 -79.0991 173.512 63.8023 -99.3811 192.582 33.4158 10.8815 11.6063 113.592 
154.474 174.41 149.001 144.839 154.854 142.993 178.023 88.2046 88.9621 91.9274 -52.4366 168.227 28.0228 -73.9795 142.392 -48.5309 -58.5167 183.729 52.4594 -68.5482 182.446 61.5681 -79.0143 173.537 63.8804 -99.2391 192.595 33.5176 10.9483 11.5973 113.73 
154.556 174.397 149.001 145.011 154.87 142.79 178.018 88.1045 88.8423 91.7415 -52.3895 168.163 28.2435 -73.9692 142.387 -48.6066 -58.4107 183.69 52.428 -68.4386 182.384 61.5688 -78.9025 173.484 63.8454 -99.107 192.563 33.56 10.9967 11.5905 113.791 
154.496 174.372 149.019 145.287 154.974 142.353 178.009 88.0755 88.7862 91.6053 -52.247 168.185 28.5244 -73.9022 142.336 -48.6752 -58.2249 183.619 52.3946 -68.265 182.283 61.5817 -78.7324 173.39 63.799 -98.9447 192.528 33.5894 11.0541 11.5591 113.788 
154.468 174.355 149.134 145.557 155.081 142.033 178.003 88.0948 88.7817 91.5588 -52.131 168.206 28.7336 -73.7849 142.238 -48.6856 -58.0377 183.54 52.387 -68.1109 182.194 61.6086 -78.5965 173.315 63.7817 -98.7965 192.519 33.5933 11.0839 11.5215 113.737 
154.486 174.316 149.773 145.991 155.358 141.962 177.989 87.7105 88.3336 91.1881 -52.2595 168.377 28.6188 -73.4919 142.428 -49.0288 -57.9187 183.52 52.2659 -68.1005 182.227 61.5425 -78.5834 173.267 63.8306 -98.6656 192.47 33.6944 11.0413 11.5657 113.824 
154.355 174.298 149.723 145.974 155.454 141.648 177.983 87.855 88.4015 91.2075 -52.2779 168.524 28.6896 -73.4698 142.478 -49.0797 -57.8103 183.583 52.3391 -68.0238 182.287 61.5672 -78.5426 173.312 63.8573 -98.6037 192.511 33.7114 11.0098 11.5547 113.905 
154.195 174.283 149.642 145.767 155.36 141.468 177.977 88.0335 88.5064 91.2752 -52.2475 168.679 28.8106 -73.509 142.518 -49.1204 -57.7255 183.696 52.4384 -67.9696 182.411 61.6123 -78.5069 173.43 63.8962 -98.5662 192.609 33.738 10.9867 11.5643 113.98 
154.103 174.27 149.519 145.599 155.275 141.415 177.972 88.2051 88.6539 91.4161 -52.1923 168.724 28.8854 -73.5851 142.462 -49.1172 -57.6262 183.696 52.5029 -67.8834 182.428 61.6631 -78.4364 173.448 63.9579 -98.5302 192.645 33.7598 10.9447 11.561 113.983 
153.99 174.284 149.563 145.546 155.227 141.476 177.977 88.2689 88.6952 91.4464 -52.1689 168.77 28.9489 -73.5872 142.485 -49.1114 -57.555 183.757 52.5526 -67.8187 182.453 61.701 -78.3902 173.484 63.9967 -98.4825 192.726 33.7897 10.9247 11.5195 113.986 
154.071 174.288 149.544 145.526 155.179 141.641 177.978 88.3876 88.7883 91.4616 -52.1178 168.613 29.1151 -73.5431 142.411 -49.0278 -57.4942 183.762 52.6567 -67.7758 182.453 61.7909 -78.403 173.511 64.0634 -98.4241 192.788 33.811 10.9054 11.4828 113.957 
154.178 174.294 149.586 145.651 155.185 141.734 177.98 88.4042 88.8085 91.3868 -52.0238 168.556 29.1923 -73.4271 142.426 -49.0185 -57.4379 183.814 52.7248 -67.7068 182.471 61.8513 -78.3638 173.517 64.0693 -98.3141 192.831 33.8215 10.9162 11.4549 113.992 
154.453 174.297 149.695 145.73 155.213 141.914 177.981 88.3878 88.8101 91.3785 -51.9239 168.499 29.2718 -73.3076 142.435 -48.8865 -57.3476 183.845 52.7978 -67.6233 182.463 61.9407 -78.302 173.527 64.1386 -98.2073 192.879 33.8797 10.9162 11.4071 113.97 
154.591 174.3 149.562 145.585 155.149 142.14 177.982 88.4509 88.8445 91.4029 -51.7993 168.506 29.2098 -73.1981 142.492 -48.8463 -57.2388 183.923 52.8292 -67.5309 182.519 61.9862 -78.1987 173.584 64.1804 -98.1174 192.919 33.899 10.919 11.3838 113.962 
154.88 174.313 149.318 145.377 155.107 142.389 177.987 88.6056 88.949 91.4974 -51.6653 168.419 29.1499 -73.0938 142.571 -48.7814 -57.1224 183.976 52.8437 -67.4378 182.581 62.0088 -78.0996 173.651 64.2054 -98.0577 192.937 33.9062 10.9143 11.3867 113.884 
155.134 174.315 149.11 145.194 155.119 142.595 177.988 88.6747 88.9401 91.5089 -51.5491 168.45 28.9809 -72.9279 142.685 -48.7644 -57.0046 184.079 52.8552 -67.3416 182.662 62.0106 -77.9696 173.72 64.2263 -97.9718 192.921 33.9121 10.9224 11.3851 113.91 
155.155 174.314 149.168 145.134 155.106 142.613 177.988 88.5663 88.8492 91.501 -51.4302 168.507 28.8405 -72.8355 142.674 -48.7071 -56.9466 184.1 52.7916 -67.2837 182.655 61.9728 -77.871 173.702 64.2185 -97.8948 192.874 33.9133 10.9285 11.3724 113.91 
155.279 174.316 149.201 145.147 155.104 142.702 177.988 88.4954 88.7999 91.4698 -51.3634 168.437 28.792 -72.7472 142.689 -48.6101 -56.9097 184.084 52.7315 -67.2494 182.637 61.9494 -77.8382 173.67 64.2174 -97.8447 192.835 33.9147 10.9089 11.3728 113.849 
155.314 174.316 149.27 145.243 155.092 142.81 177.988 88.3783 88.7632 91.4488 -51.2556 168.289 28.75 -72.6609 142.698 -48.4932 -56.8696 183.989 52.6533 -67.185 182.524 61.9081 -77.7905 173.551 64.18 -97.7643 192.779 33.8993 10.8932 11.3534 113.773 
155.647 174.307 149.54 145.375 155.091 143.181 177.985 88.2377 88.6233 91.408 -51.1027 167.873 28.7344 -72.4696 142.431 -48.2384 -56.7413 183.807 52.704 -67.0475 182.26 61.9403 -77.6593 173.319 64.2506 -97.5489 192.591 33.9401 10.8779 11.2631 113.81 
155.936 174.297 149.692 145.468 155.133 143.341 177.982 88.2199 88.5117 91.3885 -50.9415 167.837 28.6484 -72.3964 142.395 -48.0908 -56.6095 183.784 52.7993 -66.8952 182.163 61.9712 -77.4792 173.241 64.3132 -97.4145 192.532 34.0291 10.897 11.2133 113.863 
156.34 174.29 149.752 145.365 155.066 143.63 177.979 88.2877 88.4984 91.4406 -50.837 167.668 28.5081 -72.363 142.406 -47.9969 -56.4722 183.759 52.8489 -66.7526 182.101 61.9735 -77.3272 173.201 64.3506 -97.3007 192.479 34.0828 10.8907 11.1919 113.882 
156.657 174.331 149.697 145.097 154.928 143.731 177.994 88.3653 88.4632 91.4601 -50.6681 167.718 28.3403 -72.2688 142.643 -47.9841 -56.3053 183.826 52.9519 -66.5761 182.134 61.9989 -77.1125 173.223 64.4045 -97.1615 192.472 34.1803 10.901 11.2056 113.985 
156.921 174.319 149.661 144.652 154.699 143.767 177.99 88.4089 88.354 91.398 -50.4961 167.954 28.0366 -72.2511 142.969 -48.0913 -56.0917 184 52.9686 -66.3537 182.253 61.9439 -76.817 173.297 64.3984 -97.0157 192.501 34.2634 10.9171 11.234 114.144 
156.801 174.311 149.574 144.326 154.589 143.592 177.987 88.5108 88.2846 91.3909 -50.2863 168.305 27.8307 -72.1967 143.369 -48.243 -55.8429 184.172 52.9413 -66.1151 182.373 61.8821 -76.4899 173.38 64.3693 -96.8958 192.542 34.346 10.9511 11.2592 114.197 
156.733 174.304 149.514 143.963 154.472 143.404 177.984 88.6221 88.2379 91.4131 -50.0995 168.658 27.6389 -72.2161 143.789 -48.3737 -55.527 184.319 52.8574 -65.8113 182.462 61.799 -76.0997 173.427 64.3505 -96.7862 192.601 34.4639 10.957 11.2693 114.143 
156.647 174.585 149.448 143.801 154.397 143.186 178.084 88.596 88.1183 91.2991 -49.9207 168.969 27.5407 -72.212 144.098 -48.4438 -55.2964 184.357 52.7787 -65.5725 182.449 61.7259 -75.8149 173.375 64.3027 -96.6631 192.654 34.5695 10.9665 11.282 114.056 
156.356 175.914 149.567 143.901 154.487 142.922 178.668 88.5279 87.9803 91.1684 -49.7936 169.354 27.4572 -71.9076 144.173 -48.4205 -55.0979 184.387 52.6775 -65.3602 182.422 61.6594 -75.5339 173.313 64.2326 -96.5656 192.696 34.6697 11.0142 11.2849 113.653 
156.01 176.014 149.602 143.786 154.507 142.621 178.947 88.5857 87.9482 91.1392 -49.6388 169.807 27.3439 -71.5011 144.227 -48.3184 -54.8284 184.485 52.6276 -65.0976 182.459 61.6442 -75.194 173.307 64.2199 -96.4634 192.721 34.7948 11.0579 11.274 113.219 
155.491 176.1 149.728 143.931 154.64 142.217 178.777 88.5286 87.8459 91.0379 -49.5042 170.315 27.3261 -71.1727 144.347 -48.258 -54.6832 184.556 52.6818 -64.9376 182.464 61.7014 -74.9786 173.292 64.2413 -96.3726 192.778 34.9451 11.1257 11.2571 112.97 
154.95 176.173 149.747 144.044 154.74 141.689 178.545 88.4768 87.7676 90.9263 -49.3261 170.764 27.3828 -70.9703 144.407 -48.2893 -54.5534 184.57 52.7868 -64.7825 182.461 61.788 -74.7834 173.247 64.2878 -96.2571 192.784 35.0719 11.1772 11.2821 112.935 
154.395 176.205 149.764 144.147 154.782 141.2 178.418 88.4095 87.6687 90.8555 -49.2628 171.164 27.4043 -70.8824 144.516 -48.3265 -54.4948 184.494 52.9369 -64.71 182.372 61.8833 -74.6826 173.158 64.346 -96.175 192.792 35.2003 11.2338 11.2951 112.987 
153.778 176.231 149.718 144.194 154.841 140.714 178.389 88.4407 87.6805 90.8856 -49.2584 171.578 27.3841 -70.9056 144.562 -48.3815 -54.4427 184.45 53.1322 -64.6528 182.338 62.0299 -74.5945 173.127 64.4443 -96.1228 192.81 35.3157 11.2921 11.3081 113.121 
153.232 176.245 149.647 144.167 154.868 140.275 178.387 88.5654 87.7621 90.9697 -49.2415 171.889 27.3288 -70.8395 144.563 -48.4755 -54.3294 184.4 53.2719 -64.5493 182.303 62.1405 -74.4445 173.09 64.503 -96.05 192.746 35.3791 11.3568 11.3227 113.213 
152.676 176.228 149.604 144.304 154.925 139.763 178.489 88.5392 87.752 90.9656 -49.2576 172.119 27.3822 -70.8405 144.506 -48.5016 -54.332 184.271 53.461 -64.5581 182.184 62.3057 -74.4314 172.992 64.6074 -95.9883 192.678 35.4547 11.4247 11.3128 113.407 
152.154 176.226 149.514 144.372 154.997 139.325 178.648 88.5364 87.7297 90.9657 -49.3273 172.398 27.4205 -70.8844 144.464 -48.6559 -54.3394 184.211 53.6683 -64.5846 182.125 62.4836 -74.4112 172.956 64.7268 -95.9351 192.607 35.5307 11.5082 11.3021 113.724 
151.911 176.191 149.141 144.305 154.986 138.996 178.853 88.6909 87.8264 91.0388 -49.3857 172.565 27.5594 -71.0358 144.56 -48.8315 -54.3266 184.153 53.9107 -64.619 182.12 62.7109 -74.4281 172.994 64.9032 -95.922 192.595 35.6444 11.5659 11.3139 114.016 
151.641 176.143 148.811 144.045 154.86 138.932 178.901 88.9439 88.0567 91.2341 -49.4326 172.595 27.7874 -71.2726 144.736 -48.9916 -54.2911 184.084 54.1415 -64.6157 182.124 62.9334 -74.4485 173.058 65.1076 -95.9423 192.637 35.7685 11.566 11.3279 114.239 
151.594 176.096 148.491 143.893 154.84 139.082 178.795 89.0817 88.1932 91.3684 -49.5145 172.502 27.9474 -71.4925 144.83 -49.0789 -54.238 184.053 54.2943 -64.5731 182.123 63.1092 -74.4001 173.101 65.2893 -95.942 192.645 35.8879 11.573 11.3134 114.431 
151.491 176.057 148.296 143.733 154.866 139.07 178.629 89.2261 88.3221 91.4915 -49.5881 172.476 28.1252 -71.664 144.964 -49.1919 -54.1496 184.064 54.4114 -64.4874 182.117 63.258 -74.2919 173.112 65.4497 -95.9369 192.622 36.004 11.5709 11.2774 114.602 
151.429 175.617 148.244 143.676 154.963 139.208 178.45 89.3097 88.336 91.5034 -49.6704 172.383 28.2532 -71.8079 144.999 -49.3163 -54.0807 184.082 54.5394 -64.434 182.106 63.3737 -74.2094 173.11 65.576 -95.8963 192.553 36.1012 11.5866 11.2488 114.863 
151.396 175.087 148.263 143.688 155.065 139.337 178.263 89.3742 88.3324 91.4861 -49.7814 172.308 28.3247 -71.9702 145.171 -49.4946 -54.0382 184.155 54.588 -64.3921 182.144 63.4236 -74.1382 173.135 65.6365 -95.8763 192.504 36.168 11.5966 11.233 115.106 
151.449 174.783 148.4 143.736 155.157 139.394 178.156 89.4101 88.2691 91.4445 -49.9048 172.249 28.3648 -72.1465 145.315 -49.6047 -53.9824 184.257 54.6021 -64.3326 182.17 63.4231 -74.0304 173.128 65.6587 -95.8487 192.458 36.2348 11.6021 11.199 115.312 
151.592 175.09 148.467 143.667 155.221 139.643 178.265 89.4655 88.2045 91.411 -50.0412 172.214 28.2915 -72.1431 145.354 -49.6984 -53.8878 184.428 54.5509 -64.2539 182.256 63.3776 -73.8923 173.18 65.6541 -95.8394 192.438 36.2618 11.6014 11.1557 115.329 
151.631 175.462 148.528 143.599 155.301 139.646 178.396 89.5487 88.1845 91.4343 -50.065 172.25 28.2018 -72.1739 145.333 -49.7546 -53.8254 184.513 54.5156 -64.2075 182.316 63.3354 -73.7953 173.206 65.6514 -95.8356 192.401 36.2637 11.5841 11.161 115.325 
151.727 176.063 148.443 143.491 155.292 139.65 178.523 89.5997 88.1258 91.3624 -50.1242 172.223 28.1835 -72.1421 145.428 -49.824 -53.8077 184.6 54.4682 -64.194 182.372 63.2605 -73.7574 173.234 65.6006 -95.8399 192.392 36.247 11.5723 11.1747 115.309 
151.808 176.083 148.486 143.454 155.273 139.592 178.673 89.5541 87.9996 91.2512 -50.2391 172.193 28.1246 -72.1325 145.455 -49.779 -53.8649 184.663 54.4521 -64.246 182.4 63.2036 -73.7781 173.224 65.553 -95.8558 192.37 36.2478 11.5776 11.1908 115.321 
151.91 176.107 148.517 143.358 155.232 139.577 178.77 89.5463 87.9201 91.2102 -50.3013 172.107 28.1203 -72.0746 145.488 -49.7508 -53.892 184.684 54.4503 -64.2747 182.401 63.1559 -73.789 173.197 65.5215 -95.8727 192.351 36.253 11.5651 11.2132 115.284 
152.112 176.128 148.541 143.439 155.256 139.688 178.828 89.4913 87.8601 91.1589 -50.3423 171.914 28.1627 -71.9786 145.516 -49.7437 -53.9434 184.674 54.4414 -64.3057 182.368 63.1432 -73.8293 173.15 65.5115 -95.8859 192.309 36.2564 11.5514 11.2151 115.251 
152.335 176.139 148.477 143.432 155.192 139.812 178.864 89.4741 87.8099 91.1123 -50.4249 171.734 28.2118 -71.8505 145.64 -49.733 -54.0229 184.687 54.4598 -64.3684 182.366 63.1211 -73.9013 173.129 65.4819 -95.9278 192.283 36.2671 11.5445 11.242 115.21 
152.534 176.182 148.404 143.221 155.054 139.926 178.906 89.4753 87.7497 91.1227 -50.4828 171.584 28.2848 -71.723 145.569 -49.604 -54.1161 184.696 54.5534 -64.4901 182.398 63.1648 -74.003 173.164 65.5415 -95.971 192.278 36.306 11.5392 11.2837 115.156 
152.65 176.21 148.415 143.28 155.094 139.918 178.883 89.4038 87.64 91.0925 -50.5023 171.481 28.3372 -71.498 145.406 -49.4285 -54.1957 184.656 54.6326 -64.5986 182.352 63.2147 -74.0945 173.125 65.5976 -95.9696 192.203 36.3296 11.5476 11.2886 115.101 
152.662 176.23 148.368 143.233 155.053 139.789 178.793 89.4668 87.622 91.1317 -50.4725 171.455 28.4004 -71.3976 145.271 -49.2245 -54.2237 184.598 54.7302 -64.6747 182.323 63.2567 -74.1787 173.103 65.6519 -95.9823 192.187 36.3544 11.5341 11.3071 115.022 
152.76 176.252 148.241 143.131 154.955 139.749 178.622 89.5265 87.5987 91.1424 -50.4622 171.382 28.4634 -71.2535 145.137 -49.0337 -54.26 184.556 54.7933 -64.7574 182.309 63.279 -74.2656 173.094 65.6918 -96.0064 192.159 36.3697 11.5205 11.329 114.89 
152.745 176.284 148.211 143.101 154.927 139.776 178.397 89.563 87.5947 91.1858 -50.4468 171.397 28.3368 -71.0942 145.026 -48.9299 -54.2331 184.59 54.7636 -64.7427 182.322 63.2389 -74.2299 173.095 65.6724 -96.0069 192.114 36.3491 11.5133 11.3205 114.758 
152.656 176.32 148.299 143.197 154.916 139.815 178.203 89.4667 87.4981 91.1465 -50.4935 171.495 28.2636 -70.9471 145.008 -48.8873 -54.2937 184.685 54.7689 -64.7798 182.387 63.2163 -74.2243 173.149 65.6458 -96.0048 192.098 36.3517 11.5456 11.3323 114.762 
152.655 176.35 148.29 143.14 154.862 139.97 178.029 89.4331 87.4909 91.1764 -50.468 171.394 28.2073 -70.7711 144.875 -48.8059 -54.327 184.653 54.775 -64.8133 182.361 63.2236 -74.2498 173.146 65.6562 -95.9983 192.068 36.3282 11.5531 11.3304 114.653 
152.606 176.377 148.437 143.164 154.806 140.201 177.882 89.3302 87.4455 91.1107 -50.4953 171.333 28.1223 -70.6718 144.824 -48.7559 -54.3953 184.674 54.7371 -64.8504 182.351 63.1794 -74.3106 173.131 65.6129 -96.0138 192.081 36.2926 11.5407 11.3095 114.582 
152.597 176.375 148.452 143.27 154.813 140.276 177.747 89.1902 87.386 91.0599 -50.4586 171.289 28.0802 -70.5649 144.767 -48.6618 -54.4564 184.682 54.6939 -64.8769 182.34 63.1407 -74.3503 173.117 65.5728 -96.0002 192.071 36.2527 11.5414 11.2966 114.554 
152.651 176.351 148.387 143.387 154.775 140.281 177.676 89.0296 87.3089 90.9814 -50.4117 171.239 28.0692 -70.5181 144.739 -48.5448 -54.5422 184.654 54.6592 -64.9457 182.325 63.1191 -74.4405 173.093 65.535 -95.9821 192.086 36.2079 11.547 11.3023 114.567 
152.569 176.357 148.315 143.255 154.631 140.126 177.585 88.9754 87.2714 90.9606 -50.3271 171.374 27.9891 -70.4871 144.715 -48.5014 -54.5264 184.72 54.5753 -64.9546 182.402 63.0543 -74.4317 173.154 65.4781 -95.9704 192.142 36.1529 11.5524 11.3086 114.512 
152.417 176.362 148.258 143.262 154.494 139.933 177.503 88.7888 87.1378 90.798 -50.1059 171.524 27.9565 -70.2849 144.777 -48.5768 -54.4489 184.792 54.3954 -64.8989 182.514 62.8968 -74.3988 173.239 65.3271 -95.8191 192.258 36.0039 11.5404 11.3421 114.499 
152.213 176.34 148.261 143.24 154.453 139.753 177.629 88.7252 87.1418 90.7898 -49.9492 171.487 28.1488 -70.1897 144.812 -48.6436 -54.3932 184.693 54.3472 -64.9008 182.502 62.8784 -74.4324 173.236 65.2911 -95.727 192.279 35.9359 11.534 11.3872 114.52 
151.931 176.318 148.15 143.166 154.408 139.499 177.816 88.8131 87.3568 90.9245 -49.7436 171.577 28.2465 -70.1165 144.834 -48.7178 -54.2525 184.599 54.3313 -64.8247 182.522 62.9479 -74.4062 173.267 65.3104 -95.6288 192.32 35.8734 11.5222 11.4196 114.505 
151.744 176.283 148.006 143.06 154.341 139.356 177.985 88.9204 87.5556 91.0875 -49.5531 171.66 28.2315 -69.9844 144.849 -48.7513 -54.0674 184.535 54.2724 -64.689 182.545 62.9708 -74.3064 173.298 65.3333 -95.5123 192.34 35.8118 11.4798 11.4371 114.429 
151.669 176.223 147.931 143.155 154.418 139.251 178.207 88.9686 87.6633 91.1346 -49.3093 171.727 28.243 -69.9065 145.012 -48.8418 -53.8883 184.462 54.1739 -64.5271 182.528 62.9298 -74.1963 173.27 65.2926 -95.3848 192.37 35.7476 11.4364 11.4504 114.393 
151.697 176.222 148.55 143.516 154.816 139.416 178.073 88.6716 87.3464 90.8346 -49.274 171.893 28.0508 -69.3993 145.33 -49.0379 -53.7028 184.451 53.9714 -64.4631 182.629 62.8239 -74.1872 173.232 65.3446 -95.2277 192.39 35.7819 11.2876 11.5314 114.213 
151.525 176.205 148.352 143.346 154.89 139.304 178.201 88.8356 87.5179 90.9554 -49.0313 172.124 28.035 -69.2282 145.61 -49.1685 -53.4056 184.543 53.9232 -64.1866 182.798 62.7898 -73.9392 173.342 65.3441 -95.0397 192.492 35.7801 11.2063 11.5979 114.163 
151.283 176.192 148.44 143.213 154.899 139.393 178.1 88.9206 87.583 91.0371 -48.837 172.51 27.8502 -68.8941 145.93 -49.1 -53.0486 184.828 53.8897 -63.8182 183.035 62.7469 -73.5496 173.508 65.3361 -94.8028 192.654 35.8254 11.16 11.5902 114.046 
150.986 176.187 148.618 143.171 154.989 139.319 177.884 89.0311 87.6436 91.1661 -48.5484 172.95 27.6532 -68.418 146.23 -48.9656 -52.6066 185.136 53.8711 -63.3909 183.241 62.7309 -73.0851 173.675 65.336 -94.5095 192.812 35.8891 11.1504 11.523 113.858 
150.689 176.143 149.244 143.199 155.138 134.784 177.234 88.928 88.7835 91.7223 -52.0117 171.849 28.5514 -68.109 147.062 -49.5373 -51.9958 185.025 53.653 -62.3107 182.896 63.0898 -72.1474 173.35 65.3849 -94.1128 192.939 35.9034 11.2318 11.106 113.878 
150.586 176.201 150.502 143.689 155.14 132.665 176.992 88.4372 89.7555 92.0901 -53.0198 172.152 29.0066 -67.929 148.3 -50.311 -51.1742 185.229 53.119 -61.0001 183.038 63.3368 -71.092 173.534 65.5356 -93.6973 193.288 35.9324 11.0147 11.014 113.583 
150.659 176.305 151.568 143.571 154.961 131.183 176.883 87.8563 90.2577 92.3247 -53.3927 172.714 29.2577 -67.863 149.346 -51.0176 -50.3766 185.434 52.4777 -59.873 183.178 63.3788 -70.057 173.739 65.6827 -93.2924 193.632 35.9789 10.7631 11.0033 113.199 
150.744 176.371 152.486 143.162 154.741 129.937 176.982 87.2683 90.4571 92.4317 -53.2967 173.195 29.5442 -67.8708 149.787 -51.3883 -49.661 185.375 51.9144 -59.0023 183.052 63.3891 -69.2423 173.771 65.8407 -92.8623 193.829 36.0039 10.5636 10.9878 112.834 
150.896 176.372 153.204 143.287 154.726 129.254 177.223 86.8259 90.6784 92.5315 -53.1247 173.486 29.6517 -67.9584 149.989 -51.5921 -49.1201 185.118 51.5381 -58.2989 182.902 63.4463 -68.6324 173.693 65.991 -92.4938 193.925 36.0303 10.3867 11.1141 112.58 
150.998 176.316 153.476 143.408 154.651 128.963 177.407 86.5479 90.8072 92.5611 -52.7161 173.751 29.8178 -67.8748 150.305 -51.6071 -48.7115 184.953 51.3531 -57.8354 182.816 63.5706 -68.2796 173.679 66.1878 -92.1825 194.062 36.0777 10.2321 11.2013 112.398 
150.825 176.228 153.352 143.286 154.522 128.961 177.626 86.1309 90.876 92.5307 -52.3137 173.912 30.0271 -67.7768 150.76 -51.5721 -48.4734 184.969 51.0746 -57.5434 182.837 63.6774 -68.0756 173.753 66.3584 -91.9661 194.24 36.1265 10.1072 11.227 112.224 
150.592 176.149 153.179 143.454 154.576 128.99 177.733 85.9911 91.0891 92.6503 -52.0367 174.144 30.1817 -67.5821 151.231 -51.4868 -48.2405 185.013 50.9373 -57.255 182.973 63.8116 -67.8572 173.876 66.518 -91.822 194.425 36.1932 10.0018 11.3226 111.978 
150.049 176.063 153.13 143.803 154.704 129.158 177.758 85.96 91.2628 92.6979 -51.7224 174.47 30.3278 -67.2664 151.85 -51.424 -48.0498 185.057 50.9212 -57.0429 183.093 63.9666 -67.7271 173.984 66.6541 -91.6868 194.588 36.2684 9.93413 11.4039 111.803 
149.599 176.031 152.824 144.07 154.852 129.637 177.643 86.0829 91.3751 92.7103 -51.5022 174.714 30.2954 -66.7764 152.524 -51.539 -47.9162 185.209 50.9042 -56.9497 183.278 64.054 -67.6649 174.165 66.7182 -91.6226 194.727 36.2951 9.9166 11.4524 111.577 
148.794 179.96 152.509 144.319 154.954 130.31 176.49 86.3426 91.4058 92.6619 -51.4036 175.066 30.2796 -65.1371 153.373 -51.5449 -47.9493 185.459 51.1861 -57.0133 183.52 64.201 -67.7558 174.403 66.8436 -91.6292 194.906 36.3593 9.90351 11.4495 110.826 
147.938 176.721 153.039 144.588 155.273 131.15 174.544 86.2468 91.0081 92.0195 -51.4979 175.454 30.0184 -64.0874 153.349 -51.0934 -47.9525 185.627 51.2289 -57.1208 183.71 64.2272 -67.9652 174.525 66.9799 -91.6332 195.001 36.4624 9.7921 11.4997 110.002 
146.914 173.789 152.63 144.488 155.301 131.685 172.994 86.5219 91.0542 92.0655 -51.3713 175.683 30.1109 -63.3238 153.284 -50.615 -47.971 185.755 51.3891 -57.2435 183.85 64.3232 -68.0766 174.673 67.0719 -91.6877 195.105 36.4984 9.79204 11.4968 109.376 
145.878 171.467 152.253 144.361 155.347 131.999 171.674 86.8542 91.1992 92.2534 -51.2812 176.002 30.1903 -62.7328 153.22 -50.184 -47.9291 185.949 51.4634 -57.2967 184.029 64.3815 -68.0776 174.863 67.1136 -91.7576 195.231 36.5209 9.82195 11.4714 108.748 
145.072 169.68 152.023 144.357 155.36 132.172 170.585 87.1115 91.3869 92.4672 -51.2012 176.302 30.0957 -62.3264 152.906 -49.7345 -47.9258 185.973 51.5661 -57.3071 184.11 64.434 -68.0525 174.922 67.136 -91.8097 195.265 36.523 9.83627 11.4989 108.251 
144.398 168.286 151.891 144.493 155.432 132.173 169.716 87.3473 91.5597 92.7031 -51.1926 176.523 30.1379 -62.0065 152.657 -49.2943 -47.8936 185.966 51.6433 -57.3169 184.126 64.4898 -68.0316 174.924 67.1549 -91.8753 195.292 36.5485 9.85978 11.4875 107.784 
144.058 167.25 151.868 144.481 155.432 131.906 169.13 87.3755 91.6539 92.9028 -51.0711 176.686 30.2459 -61.841 152.379 -48.907 -47.9136 185.884 51.6421 -57.3503 184.041 64.4975 -68.0403 174.843 67.1419 -91.9253 195.3 36.5423 9.8726 11.455 107.452 
144.007 166.458 151.97 144.32 155.404 131.66 168.786 87.4764 91.6312 93.0212 -51.0007 176.694 30.3826 -61.808 152.078 -48.5822 -47.9607 185.751 51.7089 -57.4673 183.818 64.4733 -68.1433 174.724 67.122 -91.9915 195.297 36.5244 9.91022 11.3371 107.246 
144.037 165.884 152.025 144.181 155.389 131.384 168.579 87.4203 91.5952 93.0938 -51.0008 176.544 30.5363 -61.8444 151.872 -48.3762 -48.0267 185.618 51.636 -57.5604 183.639 64.393 -68.2151 174.601 67.0395 -92.0437 195.27 36.4818 9.94026 11.2855 107.076 
144.183 165.505 151.908 144.125 155.504 131.113 168.511 87.3976 91.6308 93.1871 -50.9215 176.637 30.5073 -61.9492 151.832 -48.3514 -47.992 185.582 51.4176 -57.5231 183.587 64.2195 -68.1451 174.521 66.8647 -92.0955 195.22 36.4071 9.94863 11.2974 106.933 
144.386 165.467 152.042 144.191 155.562 130.993 168.596 87.3746 91.6515 93.2915 -50.7899 176.663 30.4409 -62.1304 151.585 -48.2678 -47.9828 185.396 51.3686 -57.4905 183.436 64.1436 -68.1025 174.366 66.7882 -92.1147 195.154 36.3713 9.95034 11.322 106.912 
144.546 165.565 152.141 144.232 155.576 130.845 168.73 87.3082 91.6188 93.3494 -50.7167 176.592 30.3885 -62.2669 151.294 -48.2153 -48.0347 185.133 51.3493 -57.5374 183.198 64.0882 -68.1505 174.154 66.7306 -92.1308 195.034 36.3362 9.96003 11.328 106.925 
144.763 165.676 152.061 144.346 155.601 130.775 168.904 87.3105 91.6005 93.3691 -50.8218 176.445 30.2848 -62.4431 151.167 -48.2197 -48.054 184.946 51.2904 -57.5702 183.052 64.0368 -68.1814 174.015 66.6655 -92.1659 194.949 36.3177 9.9827 11.3586 106.913 
144.857 165.851 151.924 144.401 155.601 130.578 169.232 87.2672 91.5669 93.353 -50.7206 176.441 30.1045 -62.5959 151.068 -48.3619 -48.0241 184.747 51.1882 -57.5413 182.856 63.9493 -68.1419 173.812 66.5512 -92.1357 194.784 36.2681 10.0124 11.371 107.016 
145.042 166.054 151.855 144.326 155.543 130.351 169.559 87.1431 91.4766 93.2971 -50.6308 176.443 30.0185 -62.7582 151.071 -48.5148 -48.0516 184.637 51.088 -57.581 182.693 63.8777 -68.172 173.677 66.4565 -92.1175 194.686 36.2284 10.0539 11.3344 107.176 
