163.968 177.215 157.398 153.457 163.712 158.923 178.993 76.1789 82.126 85.4637 -117.948 335.956 54.4414 -135.45 280.696 -8.25102 -124.119 314.126 98.2854 -122.892 303.306 103.922 -127.024 286.822 102.887 -156.938 310.197 91.7775 12.9349 10.0771 109.431
173.667 176.65 157.336 153.289 164.042 155.802 178.883 76.8733 83.2175 86.6097 -116.989 331.442 54.3584 -138.555 284.138 -8.76771 -122.437 313.436 98.4792 -121.04 303.13 104.246 -124.995 286.489 103.196 -155.561 309.356 91.6 12.914 10.4105 112.693
175.636 176.279 155.629 153.242 162.63 153.13 178.745 77.3494 84.0616 86.8376 -115.097 327.714 54.7938 -136.93 283.68 -7.63641 -120.02 313.247 98.7183 -118.347 303.256 104.586 -122.121 286.052 103.443 -152.921 308.387 91.1877 12.8282 10.6032 114.309
160.518 176.228 155.516 153.418 161.716 149.55 178.733 77.6318 84.3295 86.656 -114.785 324.561 55.794 -135.192 282.949 -7.20953 -119.069 313.092 98.8229 -117.43 303.129 104.668 -121.421 285.64 103.578 -152.008 308.062 91.0654 12.7032 10.6261 113.983
148.089 175.834 156.344 153.66 161.097 145.721 178.546 78.0516 84.5195 87.241 -113.399 320.748 57.6047 -135.943 284.528 -7.1927 -117.666 312.865 98.8537 -116.252 302.862 104.746 -120.255 285.448 103.945 -150.89 307.839 90.9023 12.4837 10.5569 115.481
138.768 175.444 157.438 154.484 160.87 140.415 178.379 78.0409 84.4044 87.7091 -112.29 315.406 60.2172 -136.26 285.883 -7.26818 -116.658 313.022 98.9391 -115.278 303.083 104.932 -119.034 285.764 104.447 -149.825 307.707 90.7035 12.314 10.5867 117.221
138.061 175.171 157.694 155.615 161.095 135.681 178.273 77.6811 84.0065 87.6891 -112.425 310.465 61.8255 -136.93 287.074 -7.4773 -116.054 313.336 98.8409 -114.623 303.359 105.042 -118.005 286.09 104.63 -148.906 307.593 90.4479 12.374 10.4668 119.076
139.494 174.781 157.43 156.313 161.209 134.413 178.136 77.3425 83.3442 87.3387 -112.261 308.542 62.4396 -138.115 289.145 -7.43388 -115.493 313.956 98.7114 -114.176 303.739 105.156 -117.201 286.613 104.842 -148.025 307.808 90.1944 12.4315 10.1452 121.372
140.678 174.594 157.038 157.008 161.216 134.282 178.075 77.1902 82.9155 87.1756 -111.314 308.243 62.5487 -139.276 290.94 -7.58689 -114.864 314.176 98.6723 -113.663 303.8 105.167 -116.479 286.784 104.725 -147.32 308.15 89.9786 12.6856 9.99672 123.272
140.338 174.459 156.868 156.567 161.289 134.334 178.03 77.34 82.9569 87.0492 -109.606 309.448 62.6721 -140.487 292.972 -7.87662 -114.266 314.557 98.3407 -113.078 304.076 104.893 -115.856 287.05 104.445 -146.855 308.374 89.7244 12.6486 9.83705 124.492
139.277 174.348 157.347 156.426 161.726 134.836 177.995 77.0298 82.3697 86.7036 -109.257 310.83 62.1008 -142.016 294.468 -8.04239 -114.082 315.141 97.6742 -112.778 304.31 104.192 -115.233 287.291 103.887 -146.374 308.295 89.3005 12.5795 9.5636 126.018
139.042 174.275 158.026 156.936 162.261 135.0 177.973 76.4892 81.4252 86.1756 -109.603 311.397 61.7398 -143.188 295.32 -7.76047 -114.316 315.884 97.206 -112.88 304.544 103.703 -114.839 287.518 103.539 -146.028 308.129 88.9683 12.5795 9.16827 127.604
139.44 174.27 159.085 156.883 162.695 135.604 177.975 76.1133 80.7157 85.5827 -109.85 312.284 60.657 -144.762 296.488 -7.93013 -114.31 316.274 96.337 -112.706 304.645 102.741 -114.406 287.671 102.765 -145.76 307.902 88.4844 12.4733 8.97825 128.645
139.955 174.27 160.101 157.01 163.203 135.834 173.174 75.7756 80.0374 85.028 -110.665 312.261 59.6515 -141.074 298.209 -8.61409 -114.344 316.366 95.4625 -112.625 304.474 101.82 -114.073 287.539 102.045 -145.584 307.426 87.9702 12.3778 8.77795 125.483
140.44 174.27 160.585 157.566 163.857 135.942 169.693 75.4212 79.3506 84.4343 -111.121 311.972 58.8703 -139.568 298.763 -9.40717 -114.215 316.041 94.6333 -112.534 304.024 100.985 -113.878 287.13 101.39 -145.377 307.008 87.346 12.374 8.70247 124.36
139.209 174.27 161.086 158.981 164.734 135.206 168.715 74.963 78.5785 83.8543 -112.898 311.214 58.3317 -138.872 297.697 -9.86387 -114.171 315.591 93.7168 -112.524 303.417 100.139 -113.654 286.521 100.654 -145.121 306.436 86.6004 12.4967 8.56655 124.16
136.91 176.776 162.096 161.916 165.629 133.69 169.433 73.9673 77.1596 83.5614 -114.936 309.503 58.4195 -138.041 293.615 -9.07186 -114.617 314.931 93.0324 -113.053 302.471 99.411 -113.476 285.605 99.8306 -144.804 305.883 85.7282 13.1925 8.52918 125.059
136.405 163.845 163.451 165.211 166.667 131.624 170.793 72.9528 76.335 83.0479 -117.875 307.164 58.2091 -137.767 288.346 -7.27694 -115.258 314.517 92.0473 -113.479 301.974 98.6746 -113.24 284.617 98.9068 -144.525 305.19 84.7086 13.9364 8.46884 126.127
138.655 161.746 162.399 168.443 164.416 128.619 170.787 70.7767 74.6898 82.3131 -121.918 305.001 57.7804 -143.922 283.738 -10.49 -117.496 314.734 90.0113 -113.842 302.178 96.5156 -111.524 285.089 96.0623 -144.488 303.796 83.2468 15.558 8.97874 132.368
131.131 163.271 163.479 170.76 164.365 127.264 172.86 66.4978 72.2242 79.3485 -122.938 303.66 58.5601 -147.55 284.306 -12.4095 -120.405 314.598 87.6349 -114.429 302.37 94.9177 -111.371 286.755 94.0717 -144.552 303.109 82.4673 16.507 8.97978 135.044
123.532 167.083 167.862 167.946 162.444 130.955 171.976 65.509 71.3269 77.3941 -121.493 308.06 56.7687 -148.982 286.787 -14.6345 -121.591 314.12 86.5489 -114.27 303.676 93.3262 -110.673 289.301 92.4318 -144.663 301.87 82.1244 16.6129 9.99638 133.467
110.064 171.755 166.267 165.901 160.697 135.22 170.845 64.925 70.4567 75.6445 -123.485 311.671 55.0687 -151.557 290.256 -16.9871 -122.34 314.544 84.5935 -114.249 304.909 91.5596 -110.08 291.433 90.6553 -144.694 300.488 81.757 16.8451 9.57032 130.921
108.029 173.289 162.607 164.658 159.327 141.843 171.582 64.3299 69.5529 73.8366 -125.325 314.593 51.4259 -156.409 292.93 -18.9625 -122.822 314.406 82.5057 -114.472 305.152 89.9666 -110.277 292.276 89.1264 -144.681 299.149 81.2558 17.1871 8.96644 129.665
131.526 173.014 159.478 162.046 156.236 154.676 172.445 64.7679 69.3127 72.8314 -129.841 320.042 42.4901 -157.924 290.215 -19.4479 -122.946 314.591 80.5264 -114.404 305.399 88.3339 -109.909 292.733 87.6178 -144.489 297.611 80.7694 17.203 8.25781 127.871
154.271 174.031 156.422 160.261 153.369 160.987 172.475 64.8498 68.9808 71.8213 -133.56 322.647 37.0288 -158.61 287.047 -19.7812 -123.173 314.233 78.687 -114.436 305.379 86.8061 -109.602 292.785 86.2796 -144.163 296.137 80.1919 17.2076 8.01753 126.365
167.777 174.794 153.937 158.113 150.479 164.228 172.366 65.0333 68.9983 71.0779 -136.318 323.969 33.6773 -158.71 284.603 -19.8254 -123.349 313.939 77.0252 -114.361 305.439 85.4091 -109.241 292.671 85.1935 -143.845 294.911 79.6781 16.9118 7.83314 124.573
174.37 175.45 150.304 155.793 148.276 165.933 172.504 65.511 69.3958 70.7719 -138.624 324.653 31.2606 -158.472 282.566 -19.9207 -123.279 313.75 75.5276 -114.18 305.667 84.2073 -108.915 292.583 84.4063 -143.57 294.002 79.3165 16.4628 7.78612 122.458
175.79 175.307 146.988 153.76 147.423 166.049 172.615 66.2974 69.8189 71.0508 -140.181 325.157 29.2563 -157.743 281.033 -19.8317 -123.219 313.932 74.1174 -114.128 306.247 82.9442 -108.507 293.058 83.6481 -143.309 293.367 78.903 15.8822 7.90067 120.08
176.363 174.131 145.694 151.054 146.321 165.618 174.43 68.1147 71.1424 72.3218 -141.295 325.929 27.7412 -157.112 280.539 -19.9299 -122.482 314.328 73.3325 -113.396 306.521 81.8427 -107.57 293.356 82.8584 -142.86 292.647 78.4023 15.2621 7.78127 118.154
176.482 173.702 144.799 149.25 145.7 164.202 177.451 69.6758 72.3072 73.5517 -142.018 326.231 26.6738 -156.665 280.538 -19.9717 -122.102 314.92 72.7117 -112.882 307.077 80.8285 -106.742 293.93 81.9751 -142.362 292.088 77.909 14.8792 7.74012 116.668
176.454 174.27 144.497 147.932 145.38 162.603 177.979 71.1805 73.4955 75.0287 -142.464 325.863 25.9246 -156.755 279.647 -19.931 -121.446 315.417 72.1356 -112.308 307.549 79.885 -106.048 294.384 81.1064 -141.82 291.671 77.4506 14.708 7.89402 116.258
175.658 174.27 142.077 146.627 144.916 161.94 177.98 72.127 74.1628 75.482 -141.218 323.972 24.7455 -155.327 277.769 -19.6826 -119.784 315.243 70.9455 -111.539 307.533 79.2955 -105.922 294.423 81.0394 -141.391 291.761 77.2409 14.5785 8.20388 114.782
174.123 176.915 140.126 145.54 144.68 160.789 178.913 73.0658 74.6926 75.83 -138.933 321.801 23.9182 -152.551 275.932 -19.5174 -118.158 314.91 69.8957 -110.745 307.289 78.788 -105.64 294.177 80.9829 -140.877 291.676 76.9639 14.4661 8.49146 112.935
172.116 176.132 138.497 144.699 144.74 159.264 178.092 73.7686 74.9481 76.1426 -136.384 319.417 23.3669 -151.267 273.476 -19.1791 -116.685 314.455 68.9192 -110.035 307.001 78.2432 -105.168 293.932 80.8248 -140.224 291.484 76.6328 14.3119 8.90223 112.514
170.397 175.858 137.402 144.374 145.124 158.23 176.81 74.1395 75.1134 76.3401 -134.267 317.31 22.8191 -150.241 270.915 -19.4383 -115.681 314.106 68.146 -109.499 306.983 77.6957 -104.566 293.94 80.4993 -139.433 291.148 76.1464 14.1248 9.37872 112.934
168.845 176.028 136.754 144.628 145.752 157.475 175.821 74.0747 75.1708 76.4218 -132.667 315.701 22.5238 -149.315 269.303 -19.8133 -115.284 313.871 67.6492 -109.168 307.157 77.2092 -103.968 294.152 80.1006 -138.596 290.717 75.6096 13.9361 9.76399 113.545
168.145 176.028 136.228 144.781 146.188 156.929 175.374 73.8864 75.0506 76.6056 -131.304 314.307 22.2983 -148.504 267.786 -19.9462 -114.892 313.605 67.3327 -108.905 307.232 76.8353 -103.429 294.386 79.8636 -137.79 290.406 75.2463 13.7718 10.1677 114.2
167.744 175.915 136.202 144.839 146.585 156.807 175.128 73.6853 74.8463 76.8521 -130.504 313.581 21.9924 -147.19 266.823 -19.8728 -114.672 313.678 67.1217 -108.823 307.54 76.5363 -103.034 294.947 79.6947 -137.114 290.376 74.963 13.6802 10.4991 114.415
167.436 175.982 136.35 144.786 147.129 156.88 175.006 73.7827 74.6603 77.1087 -129.761 313.215 21.6721 -146.08 266.394 -19.9809 -114.032 313.777 66.7472 -108.476 307.689 76.0829 -102.479 295.34 79.2503 -136.38 290.377 74.5924 13.727 10.8266 114.328
167.473 176.03 136.723 144.263 147.433 156.779 174.84 73.9306 74.4194 77.2931 -128.513 313.016 21.6286 -145.137 266.417 -20.0354 -113.352 314.143 66.6758 -108.113 307.92 75.9895 -102.022 295.878 79.1522 -135.72 290.625 74.3607 13.84 11.006 114.533
167.668 175.803 136.78 143.555 148.103 156.803 174.44 74.1946 74.2309 77.6817 -127.276 313.155 21.4634 -144.446 266.427 -20.366 -112.499 314.447 66.5228 -107.62 308.061 75.8253 -101.482 296.384 78.8852 -135.104 290.866 74.0341 14.0383 11.2044 114.889
167.975 175.251 136.855 143.191 148.871 156.706 173.9 74.386 74.0055 78.0963 -125.632 313.126 21.3293 -144.072 266.272 -20.6509 -111.65 314.814 66.3899 -107.133 308.299 75.7234 -100.951 296.954 78.7043 -134.533 291.268 73.7517 14.2153 11.3968 115.534
168.137 174.793 136.86 143.164 149.934 156.766 173.841 74.4222 73.774 78.6283 -124.631 313.364 21.215 -144.042 266.549 -20.9828 -111.113 315.15 66.2952 -106.747 308.606 75.5654 -100.354 297.654 78.3984 -134.017 291.552 73.517 14.3536 11.5809 116.037
168.342 174.437 137.549 143.123 151.186 156.388 174.084 74.4193 73.3662 79.089 -122.722 313.227 21.0783 -143.318 267.285 -21.8483 -110.548 315.933 66.2292 -106.239 309.3 75.2097 -99.4825 298.956 77.7799 -132.942 291.882 72.9105 14.6505 11.8041 116.886
168.48 174.535 138.338 143.231 151.674 156.256 174.718 74.5383 73.1156 79.1568 -121.599 312.726 21.0777 -143.309 267.601 -21.7989 -110.596 316.53 66.0773 -106.217 309.734 75.0207 -99.2468 299.663 77.5155 -132.654 292.074 72.8203 14.7865 11.7085 116.849
168.575 174.777 138.866 142.988 152.049 156.127 175.207 74.7094 73.0363 79.173 -120.215 312.431 21.1154 -142.977 268.329 -21.9881 -110.47 317.211 65.7997 -105.962 310.225 74.7736 -98.8739 300.357 77.1641 -132.197 292.251 72.6084 14.9548 11.5079 116.614
168.534 174.839 139.216 142.428 152.193 155.71 175.382 74.8905 73.0462 79.1352 -118.624 311.989 21.2089 -142.192 268.724 -22.0615 -110.098 317.608 65.6205 -105.565 310.464 74.6405 -98.5359 300.689 77.018 -131.747 292.412 72.4195 15.0967 11.3506 116.342
168.72 174.979 139.307 142.298 152.688 155.838 175.329 74.8647 73.0663 79.3283 -117.744 311.726 20.7206 -141.31 268.96 -22.2106 -109.673 317.528 65.1987 -105.087 310.399 74.263 -98.0507 300.747 76.6259 -131.271 292.31 72.0636 15.1724 11.2906 115.816
168.501 174.941 138.796 141.774 153.069 155.619 175.024 74.9346 73.0714 79.6356 -117.076 311.695 20.4731 -140.495 269.105 -22.1813 -108.946 317.299 64.6774 -104.521 310.112 73.8974 -97.6669 300.551 76.2756 -130.961 292.357 71.8102 15.2949 11.2835 115.046
167.673 174.738 139.946 143.049 149.579 155.338 174.879 75.0341 74.4157 79.7579 -117.05 312.348 20.4021 -139.926 269.822 -22.6628 -108.685 317.38 64.6188 -103.148 310.458 73.4564 -96.4692 299.976 76.0052 -130.474 292.267 71.5001 14.7475 10.507 115.056
167.301 174.504 139.726 143.971 148.665 155.206 174.44 74.9762 74.7758 79.4633 -116.585 312.429 20.1598 -139.484 269.998 -22.9967 -108.058 317.225 64.3636 -102.341 310.461 73.2973 -96.0624 299.666 75.9494 -130.168 292.458 71.2171 14.6792 10.3459 114.909
167.383 174.295 139.796 144.623 148.63 155.215 174.217 74.7872 74.729 79.3211 -116.056 312.413 19.9196 -139.299 269.687 -23.4804 -107.542 317.049 64.3531 -101.843 310.401 73.2506 -95.7913 299.576 75.8941 -129.856 292.65 71.0133 14.7752 10.4373 115.377
166.37 173.663 141.304 144.726 146.234 155.141 174.437 74.7221 75.3035 79.702 -116.297 313.452 19.9561 -139.335 270.398 -24.2079 -107.475 317.512 64.4954 -101.173 310.995 72.8555 -94.9124 299.796 75.5156 -129.435 292.915 70.8024 14.4203 10.2834 116.059
165.759 172.821 142.641 144.603 143.719 155.605 175.144 74.5437 75.7399 80.1453 -117.021 314.433 19.7388 -139.53 271.047 -24.7659 -107.553 317.796 64.5551 -100.63 311.449 72.3692 -94.0908 300.004 74.9298 -128.98 293.023 70.6136 14.2516 10.2257 116.521
165.764 172.222 144.082 144.683 141.708 156.8 176.182 74.2547 76.1547 80.5441 -118.938 315.855 19.2343 -139.866 272.566 -25.5556 -107.852 318.079 64.7339 -100.295 312.036 71.8654 -93.4641 300.378 74.1947 -128.524 293.135 70.3302 14.2479 10.3895 116.788
165.43 172.132 145.173 144.669 139.931 157.435 177.231 74.0167 76.3969 80.8074 -119.982 316.819 18.8569 -140.371 273.96 -26.3746 -108.126 318.292 64.8582 -100.068 312.527 71.3741 -92.9605 300.749 73.4668 -128.127 293.243 70.0152 14.3247 10.635 116.997
164.637 173.749 146.126 144.602 138.285 157.555 177.8 73.9051 76.5107 80.8867 -120.571 317.456 18.8193 -140.999 274.977 -26.9325 -108.39 318.473 65.147 -100.03 312.908 71.1295 -92.6769 301.029 72.9561 -127.861 293.344 69.8538 14.4766 10.9366 117.384
163.708 174.746 146.807 144.656 137.085 157.469 178.15 73.943 76.6264 80.9248 -120.801 317.938 18.769 -141.384 275.885 -27.313 -108.535 318.774 65.2762 -100.002 313.33 70.905 -92.4565 301.357 72.4954 -127.645 293.536 69.6677 14.647 11.143 117.526
162.969 174.27 147.224 144.789 136.176 157.318 177.983 74.0413 76.6082 80.8516 -120.871 318.288 18.7449 -143.487 275.66 -27.3778 -108.683 319.15 65.3196 -100.119 313.718 70.7791 -92.4411 301.696 72.1396 -127.63 293.849 69.5449 14.8899 11.2499 118.952
162.937 175.745 145.622 142.573 135.15 156.572 176.959 75.0425 77.0261 79.7718 -118.392 318.057 18.4733 -140.545 275.222 -27.3059 -108.266 319.969 65.3615 -99.9456 314.006 70.9212 -92.8017 301.442 72.8784 -127.983 294.674 69.4666 14.2679 10.9988 117.932
162.394 177.042 143.968 141.115 134.768 155.236 175.527 75.8266 77.3263 78.9991 -115.341 318.291 18.7912 -139.347 274.529 -27.0561 -107.848 320.673 65.2743 -99.8785 314.279 71.0977 -93.266 301.345 73.507 -128.328 295.361 69.4789 13.808 10.732 117.68
160.981 176.182 144.284 141.678 135.687 154.585 175.965 75.6573 77.2811 78.9996 -115.499 318.888 18.9512 -140.578 276.09 -27.0549 -108.218 321.478 64.8443 -100.258 315.128 70.8139 -93.7564 302.222 73.2218 -128.744 296.128 69.4635 13.9144 10.6485 117.111
160.548 176.226 144.241 142.532 136.215 154.768 176.707 75.4737 77.2342 79.2123 -116.462 319.699 18.8579 -141.98 277.838 -27.2094 -108.672 322.229 64.445 -100.698 315.9 70.6954 -94.1331 303.08 72.8687 -129.214 296.85 69.4186 14.1295 10.4339 116.603
160.511 176.803 144.266 143.537 136.907 155.027 176.785 75.3249 77.2727 79.4905 -117.529 320.584 18.7962 -143.505 279.817 -27.4015 -109.244 322.991 64.019 -101.24 316.631 70.5733 -94.6614 303.848 72.4349 -129.878 297.6 69.3735 14.3946 10.1632 115.918
160.69 177.437 144.188 144.633 137.758 155.329 176.755 75.3296 77.3619 79.8953 -118.553 321.409 18.7809 -145.114 281.552 -27.3656 -109.769 323.621 63.4702 -101.775 317.126 70.3969 -95.2012 304.365 71.9444 -130.65 298.202 69.3029 14.6192 9.80954 115.184
161.109 178.246 143.989 145.631 138.299 155.741 176.83 75.38 77.5063 80.3513 -119.767 322.114 18.6691 -146.63 283.132 -27.1669 -110.391 324.2 62.9355 -102.372 317.559 70.1981 -95.847 304.797 71.4389 -131.469 298.751 69.305 14.8544 9.4659 114.257
162.591 176.676 143.224 145.396 139.2 156.031 175.6 75.7867 77.9208 79.5125 -119.403 322.397 18.5952 -146.448 281.54 -26.752 -110.359 324.471 62.7038 -102.818 317.654 70.468 -97.0953 304.33 72.2432 -132.569 299.555 69.473 14.378 9.34274 114.42
163.857 176.176 142.528 145.403 140.013 155.547 174.851 76.0982 78.2949 79.0206 -118.81 322.893 18.8886 -146.553 280.506 -26.4412 -110.59 324.76 62.7456 -103.452 317.83 70.8295 -98.3889 304.074 72.9781 -133.776 300.401 69.6353 13.99 9.32505 114.688
164.259 176.095 142.633 146.028 141.051 154.46 174.236 75.9125 78.501 78.5772 -118.569 323.777 19.4711 -146.857 280.521 -26.3917 -111.399 325.143 63.1654 -104.33 318.197 71.3483 -99.6489 304.064 73.6413 -134.997 301.264 69.766 13.6596 9.29549 115.155
164.374 175.902 143.009 146.788 142.138 153.911 173.4 75.5687 78.83 78.3905 -119.235 324.859 19.9158 -146.957 281.53 -26.7078 -112.187 325.122 63.7632 -105.114 318.213 72.0624 -100.875 303.755 74.3488 -136.202 301.863 69.8384 13.4021 9.25167 115.206
165.739 175.096 143.355 147.54 142.979 154.838 172.541 75.1178 79.1545 78.065 -121.849 327.653 20.0852 -147.208 283.75 -27.0175 -112.957 324.755 64.5365 -105.991 317.968 72.9796 -102.328 303.151 75.1179 -137.509 302.313 69.9741 13.2688 9.36446 114.913
161.248 174.692 143.591 148.029 143.963 155.448 172.061 74.6917 79.0998 77.4006 -123.636 329.683 20.923 -147.873 286.366 -27.3427 -113.831 324.716 65.4997 -106.982 317.919 74.0198 -103.743 302.819 75.9794 -138.786 302.891 70.2501 13.2743 9.44897 115.002
163.151 175.109 145.096 149.157 146.435 157.614 172.548 73.531 78.4573 77.1392 -126.566 330.833 21.0165 -149.11 289.173 -27.3472 -115.371 325.132 65.9071 -108.154 318.135 74.6718 -104.964 303.187 76.4492 -140.093 303.573 70.639 13.5469 9.02125 114.742
165.521 175.337 146.598 150.195 148.622 159.547 173.256 72.808 77.7828 76.9949 -129.127 332.727 21.2967 -150.542 292.105 -27.5124 -116.982 325.859 66.3791 -109.474 318.566 75.2282 -106.009 303.809 76.7717 -141.354 304.156 71.111 13.8128 8.62261 114.289
169.753 175.201 146.547 149.941 148.685 160.694 173.478 73.1034 78.0212 76.8697 -129.342 333.306 21.5377 -151.821 292.973 -27.8358 -117.434 325.793 67.2754 -110.442 318.438 76.2147 -107.257 303.336 77.6158 -142.817 304.735 71.4804 13.7815 8.84962 115.043
171.96 174.964 145.928 149.197 148.555 161.738 173.582 73.6161 78.4982 76.8044 -129.442 334.384 22.228 -152.92 293.893 -28.4794 -117.45 325.041 68.4591 -111.259 317.643 77.4622 -108.789 302.243 78.5445 -144.267 305.205 71.6621 13.8131 9.29397 116.245
174.516 174.608 145.353 148.459 148.424 162.938 173.476 74.3122 79.142 77.2735 -130.249 336.74 23.2312 -154.251 295.905 -28.713 -117.847 325.023 69.8901 -112.303 317.409 78.9137 -110.489 301.897 79.6166 -145.895 306.143 72.058 13.8754 9.4704 117.383
176.138 174.517 145.202 148.123 148.652 163.299 173.514 75.2896 79.8283 77.9667 -131.084 339.402 24.4586 -155.66 297.809 -28.973 -118.324 325.612 71.3614 -113.562 317.736 80.364 -112.465 302.199 80.7361 -147.758 307.751 72.5502 14.0223 9.60401 118.509
176.929 174.584 145.004 147.53 148.541 163.256 173.593 76.5903 80.627 78.829 -132.039 342.077 25.5442 -157.302 299.577 -29.1336 -118.757 326.367 72.7082 -114.967 318.25 81.6827 -114.707 302.79 81.7731 -149.787 309.725 73.0963 14.2162 9.74922 119.282
177.272 173.825 146.862 148.528 149.753 163.931 172.888 76.7017 80.5711 79.9646 -131.885 344.141 27.3721 -159.193 301.351 -29.0276 -119.977 326.639 74.0708 -116.645 318.202 82.8616 -116.335 302.934 82.6136 -151.692 311.29 73.7249 14.4602 9.70056 120.451
171.959 173.896 148.205 148.455 150.711 163.617 173.794 76.5575 79.7231 79.7705 -130.114 346.498 29.0906 -161.043 303.981 -29.3364 -121.061 326.221 75.0468 -118.459 317.285 83.4827 -118.548 302.483 82.708 -153.238 312.316 73.7227 15.2011 9.74814 121.866
171.701 173.759 150.459 149.58 152.338 165.609 174.083 76.2749 79.552 80.5107 -129.321 349.094 30.9224 -162.67 306.255 -28.8497 -122.533 326.284 76.0746 -120.124 317.035 84.2188 -120.514 302.523 83.1967 -155.081 313.775 74.154 15.4683 9.65547 122.745
179.311 173.828 151.881 151.13 153.31 168.766 174.504 75.0437 78.8443 80.8405 -128.151 349.392 31.5546 -164.496 308.0 -28.4544 -124.195 325.641 76.1479 -121.897 316.589 83.6803 -122.892 302.155 82.7722 -157.039 315.758 74.2222 15.4817 10.3054 123.164
173.006 173.706 153.613 152.784 154.124 170.32 174.235 73.5751 78.0811 81.3037 -127.861 347.929 31.91 -165.578 308.91 -28.0463 -125.943 325.095 75.9883 -123.596 316.021 83.1768 -124.795 301.554 82.3695 -158.383 316.943 73.9893 15.3298 10.672 123.82
165.264 173.738 154.805 154.185 155.412 170.533 174.44 72.3584 77.5072 81.2347 -127.566 345.906 32.3156 -166.629 309.933 -27.7465 -127.451 324.824 75.6064 -125.097 315.806 82.6261 -126.784 301.288 81.921 -159.542 318.042 73.6992 15.1796 11.0306 124.138
166.65 173.522 155.91 155.124 156.315 168.736 174.406 71.5491 77.1373 81.0886 -127.034 342.186 32.6388 -167.406 311.174 -27.3336 -128.759 324.571 75.2718 -126.509 315.584 82.1122 -128.817 301.095 81.4549 -160.618 318.956 73.4057 15.0346 11.3537 124.094
170.773 171.886 158.69 155.802 158.939 165.435 176.142 70.8279 76.3116 80.0354 -126.764 338.477 33.0087 -168.14 312.612 -26.5947 -130.132 324.813 74.6061 -128.32 315.439 81.2994 -132.04 301.632 81.2907 -161.632 319.876 72.9618 14.6697 11.2691 123.806
173.65 174.026 160.417 155.684 159.93 162.718 177.504 70.7099 76.2696 79.6448 -126.557 335.678 33.3852 -168.625 314.935 -26.2015 -130.903 324.752 73.936 -129.675 315.199 80.6811 -134.561 301.685 80.8956 -162.681 320.901 72.6326 14.4372 11.14 122.814
177.951 175.152 161.194 154.749 159.506 158.638 176.222 71.4321 76.7594 79.5766 -126.315 332.485 33.9517 -168.99 318.775 -25.3896 -131.072 324.684 73.2233 -130.708 315.037 80.0342 -136.773 301.86 80.2606 -163.79 322.33 72.4337 14.2542 10.9684 120.979
169.125 174.845 161.086 153.663 158.883 154.404 174.158 72.5859 77.6909 80.0977 -126.515 329.611 34.9176 -167.598 321.769 -24.2525 -131.119 324.802 73.1122 -131.512 315.193 79.9535 -138.478 302.467 80.0564 -164.757 323.655 72.3282 14.2211 10.8592 118.694
161.867 172.535 160.477 152.42 158.286 150.025 173.033 73.4182 78.3267 80.3389 -127.096 327.331 36.299 -166.89 325.371 -23.3518 -131.343 325.044 73.2304 -132.214 315.4 79.8592 -139.866 303.132 79.7446 -165.555 324.875 72.3605 14.3502 10.8349 117.329
154.123 172.209 159.304 151.02 157.517 144.925 173.116 74.2818 79.0827 80.8008 -127.627 324.69 38.2014 -167.286 329.045 -23.5055 -131.287 325.174 73.2742 -132.519 315.541 79.656 -140.698 303.751 79.2482 -166.072 325.858 72.3259 14.5576 10.8643 117.152
151.257 171.264 158.516 150.074 156.967 140.906 172.958 75.2189 79.6427 81.203 -128.078 322.343 39.9175 -167.561 332.417 -23.7108 -131.38 325.381 73.8398 -132.958 315.826 79.7588 -141.489 304.529 78.9804 -166.561 326.811 72.3538 14.9238 11.0425 117.566
151.164 170.322 157.421 149.046 156.213 138.354 172.822 76.0382 80.2661 81.6513 -128.228 320.481 41.2139 -168.223 335.867 -23.9935 -131.368 325.552 74.1479 -133.279 316.041 79.7745 -142.162 305.196 78.6671 -166.972 327.796 72.4009 15.1985 11.0966 118.176
150.831 169.701 156.339 147.97 155.297 137.265 173.137 76.6485 80.7737 82.1243 -128.667 319.278 42.0654 -169.006 338.965 -24.3759 -131.278 325.74 74.2913 -133.387 316.159 79.6755 -142.402 305.669 78.3053 -167.257 328.57 72.4672 15.3764 11.0429 118.763
150.189 169.955 155.34 146.94 154.373 136.77 173.551 76.9812 81.1594 82.5495 -128.984 318.193 42.6367 -169.509 341.309 -25.0388 -131.073 325.716 74.1573 -133.318 316.074 79.3896 -142.414 305.889 77.8357 -167.328 329.054 72.3907 15.4897 10.9907 119.216
148.803 170.375 154.278 145.975 153.571 136.82 173.415 77.3408 81.5482 83.009 -129.256 317.604 43.2561 -169.631 343.084 -25.6716 -130.858 325.519 74.0651 -133.268 315.949 79.1948 -142.442 306.034 77.4589 -167.404 329.438 72.3936 15.6081 11.0474 119.303
147.189 171.176 153.467 144.989 152.685 136.674 173.457 77.3906 81.5927 83.0649 -129.815 317.503 43.9262 -169.945 345.073 -26.1356 -131.033 325.622 74.1134 -133.59 316.144 79.0923 -142.837 306.433 77.1795 -167.569 330.103 72.4152 15.7113 11.1879 119.754
144.856 172.017 152.946 144.149 151.803 136.351 172.982 77.5882 81.6527 83.1728 -130.475 317.914 44.4739 -170.06 346.776 -26.3674 -131.188 325.437 74.1256 -134.018 316.122 78.9376 -143.385 306.695 76.8462 -167.765 330.754 72.4954 15.8491 11.3603 119.819
143.326 172.648 152.494 143.353 151.065 136.269 172.765 77.9722 81.8911 83.4902 -130.731 318.585 45.0071 -170.052 347.839 -26.5443 -131.383 325.332 74.2746 -134.491 316.267 78.963 -143.957 307.09 76.7241 -168.06 331.47 72.5932 15.9316 11.5696 119.774
