165.202 175.812 140.901 144.239 141.699 177.919 178.477 81.662 82.1517 82.171 51.5851 328.314 -25.251 26.5405 295.942 -97.2225 29.4387 292.309 10.8592 20.7336 283.425 16.7148 12.0719 273.306 12.4301 -5.9853 300.567 -5.76917 14.7668 8.7838 120.167
166.213 175.832 141.01 144.362 141.619 177.823 178.486 81.6524 82.1034 82.0521 51.6967 327.758 -25.2535 26.564 295.49 -97.0674 29.5486 291.968 10.9613 20.8196 283.175 16.8181 12.0986 273.075 12.5049 -5.86009 300.417 -5.62607 14.8166 8.84088 120.094
169.636 175.974 141.128 144.469 141.485 177.37 178.534 81.6946 82.119 81.9772 52.6085 327.423 -24.6146 26.6411 294.907 -96.9186 29.7307 291.607 11.1309 20.9715 282.914 17.0036 12.1951 272.833 12.6515 -5.67247 300.253 -5.4495 14.8586 8.89603 120.028
170.777 176.074 141.318 144.532 141.39 176.91 178.564 81.7665 82.1458 81.9217 52.7129 326.87 -24.6031 26.8187 294.562 -96.7022 29.89 291.418 11.4109 21.0941 282.792 17.2749 12.2783 272.764 12.8841 -5.47545 300.238 -5.21855 14.9185 8.91643 119.973
171.628 178.551 141.469 144.547 141.283 176.731 179.445 81.835 82.1717 81.8492 52.8081 326.819 -24.5268 27.4431 294.029 -96.2813 29.9808 291.332 11.6945 21.1376 282.8 17.5327 12.2666 272.833 13.0804 -5.30986 300.383 -5.00615 14.9861 8.95737 119.484
174.59 178.788 141.492 144.485 141.146 176.286 179.51 81.9508 82.2174 81.8157 52.895 327.913 -24.5239 27.4633 293.757 -96.1621 30.0254 291.245 11.9515 21.1265 282.82 17.7419 12.1904 272.909 13.2316 -5.17012 300.555 -4.8469 15.0475 8.99771 119.57
177.135 179.071 141.407 144.385 140.984 175.898 179.597 82.0735 82.269 81.8098 52.8563 328.931 -24.5107 27.4382 293.96 -96.1357 30.0753 291.182 12.1203 21.1069 282.845 17.9086 12.1197 272.968 13.3682 -5.14779 300.698 -4.67808 15.0781 9.02729 119.582
173.849 179.122 141.35 144.259 140.861 175.443 179.633 82.2759 82.3676 81.874 52.5179 329.807 -24.7578 27.2326 294.196 -96.2562 30.1103 291.125 12.2504 21.0453 282.901 18.0296 11.9995 273.082 13.4704 -5.1702 300.914 -4.56779 15.1031 9.06052 119.673
170.494 179.046 141.326 144.196 140.763 175.32 179.636 82.3632 82.3839 81.8535 52.3813 330.037 -24.7537 27.0292 294.027 -96.2646 30.0489 290.983 12.3518 20.9298 282.859 18.134 11.839 273.077 13.5801 -5.22832 300.97 -4.48323 15.1178 9.10365 119.708
168.471 178.777 141.323 144.153 140.639 175.005 179.597 82.5273 82.4627 81.8762 52.273 330.492 -24.696 26.8489 293.953 -96.2369 30.0885 290.954 12.4422 20.9107 282.908 18.2383 11.7782 273.139 13.6817 -5.27989 301.055 -4.39506 15.1276 9.12918 119.657
168.65 178.727 141.282 144.082 140.488 174.719 179.584 82.651 82.5399 81.9135 52.2133 330.605 -24.7347 26.6919 293.721 -96.1882 30.1323 290.858 12.4581 20.914 282.876 18.3022 11.7489 273.118 13.7636 -5.35196 301.036 -4.33766 15.1347 9.14664 119.501
168.476 178.975 141.306 144.06 140.386 174.182 179.621 82.7742 82.6175 81.9551 52.2163 330.863 -24.6884 26.5359 293.151 -96.0978 30.1108 290.628 12.5174 20.8407 282.734 18.3871 11.6162 272.988 13.8573 -5.43857 300.952 -4.28235 15.139 9.16516 119.35
168.815 179.046 141.289 144.009 140.252 173.715 179.623 82.8121 82.6621 81.9378 52.1277 330.922 -24.7107 26.2586 292.637 -96.0319 30.0285 290.401 12.5389 20.7588 282.574 18.4616 11.4702 272.807 13.9614 -5.5769 300.774 -4.22706 15.1257 9.18993 119.299
169.474 179.249 141.292 143.966 140.183 173.179 179.621 82.8778 82.7696 81.9703 52.0614 330.793 -24.6901 25.8743 292.1 -95.9182 29.8524 290.24 12.5633 20.5999 282.477 18.545 11.2216 272.713 14.0766 -5.80587 300.661 -4.1752 15.112 9.203 119.219
170.06 179.707 141.284 143.914 140.155 172.618 179.572 82.9312 82.8794 82.0395 52.0086 330.577 -24.7058 25.4513 291.208 -95.806 29.6489 289.926 12.5423 20.4175 282.241 18.5779 10.9306 272.491 14.157 -6.04045 300.428 -4.16947 15.0965 9.21862 119.115
171.239 179.849 141.14 143.756 140.031 171.954 179.521 83.0507 83.0591 82.0589 52.0402 330.299 -24.7122 25.0021 290.131 -95.7228 29.4251 289.517 12.5548 20.1973 281.953 18.6531 10.5438 272.216 14.2578 -6.27581 300.138 -4.22116 15.0637 9.24568 119.146
171.701 179.789 140.965 143.616 140.064 171.363 179.44 83.1391 83.2369 82.1966 52.035 330.349 -24.8655 24.5344 289.255 -95.8442 29.2635 289.21 12.3787 20.0461 281.712 18.5524 10.2731 272.012 14.2104 -6.50352 299.913 -4.37087 15.0327 9.23458 119.09
172.401 179.967 140.823 143.542 140.122 170.843 179.479 83.2734 83.4512 82.3151 52.0549 330.163 -24.9969 24.1435 288.564 -96.0646 29.0777 288.924 12.2503 19.891 281.477 18.4408 9.99891 271.794 14.0912 -6.71089 299.673 -4.58323 15.0213 9.2289 119.228
173.08 179.744 140.77 143.533 140.266 170.339 179.525 83.4489 83.6764 82.4167 52.0798 330.027 -25.2328 23.7881 287.855 -96.3017 28.8786 288.758 12.0605 19.7102 281.368 18.2438 9.67555 271.716 13.8823 -6.90682 299.56 -4.874 15.0062 9.2224 119.268
173.803 179.266 140.656 143.563 140.458 169.388 179.542 83.6178 83.9252 82.4699 52.2487 330.314 -25.3654 23.3429 287.034 -96.6381 28.5944 288.382 11.8327 19.3914 281.104 17.9907 9.11638 271.533 13.5748 -7.08889 299.484 -5.27444 14.9707 9.21182 119.512
174.474 179.413 140.677 143.662 140.594 168.872 179.537 83.6862 84.0286 82.4279 52.4465 330.354 -25.6357 23.1206 286.228 -97.0751 28.3391 288.043 11.5146 19.1089 280.841 17.6182 8.65471 271.326 13.1545 -7.18972 299.376 -5.75514 14.9433 9.20803 119.673
174.952 179.547 140.682 143.758 140.704 168.888 179.523 83.6419 83.9789 82.2849 52.5722 330.175 -26.0363 22.9718 285.97 -97.4769 28.0897 288.044 11.1356 18.86 280.84 17.1762 8.3146 271.352 12.6803 -7.27977 299.416 -6.21079 14.9445 9.19787 119.789
174.892 179.81 140.689 143.858 140.747 169.044 179.501 83.638 83.9419 82.1617 52.5818 330.013 -26.4685 22.7052 285.908 -97.9742 27.9453 287.996 10.6722 18.6898 280.807 16.6721 8.06079 271.345 12.1366 -7.36202 299.458 -6.65696 14.9613 9.19564 119.861
175.005 179.527 140.745 144.011 140.825 168.803 179.42 83.5864 83.8548 82.0345 52.7184 330.104 -26.8077 22.4778 285.696 -98.5622 27.7368 287.897 10.2144 18.4473 280.758 16.1657 7.73698 271.336 11.6026 -7.45671 299.536 -7.11282 14.9819 9.21312 119.911
176.06 179.137 140.587 144.162 140.721 168.202 179.348 83.659 83.8973 81.9024 53.0092 330.338 -27.1016 22.2447 285.236 -99.1504 27.6265 287.567 9.77868 18.285 280.508 15.7036 7.43752 271.088 11.0402 -7.53728 299.443 -7.58187 15.0132 9.2268 119.945
177.647 178.789 140.409 144.363 140.618 166.873 179.256 83.8276 84.0108 81.8353 53.2656 331.589 -27.2856 21.8939 284.797 -99.6505 27.5457 287.222 9.35554 18.1472 280.249 15.2381 7.14288 270.823 10.4575 -7.6151 299.369 -8.031 15.0303 9.24216 119.944
179.843 178.527 140.208 144.532 140.61 165.054 179.196 84.1973 84.3412 81.9367 53.5145 333.623 -27.6237 21.3889 284.341 -100.218 27.5536 286.92 8.93866 18.0532 280.07 14.8151 6.82314 270.716 9.92228 -7.71607 299.504 -8.49522 15.016 9.22094 119.845
178.623 178.113 140.095 144.637 140.801 164.229 179.084 84.641 84.8434 82.2688 53.5992 334.908 -28.1185 20.9442 283.941 -100.73 27.53 286.705 8.52963 17.9581 279.967 14.4111 6.5192 270.775 9.41535 -7.83907 299.744 -8.97925 15.0052 9.18449 119.637
179.321 176.273 137.233 144.217 142.167 160.491 178.529 85.5045 85.8652 83.9647 54.0761 336.175 -28.6987 20.5975 283.009 -101.217 27.6961 286.321 7.87791 17.8464 279.776 14.1621 6.55083 270.836 9.12566 -8.12413 299.719 -9.58701 15.1959 9.00528 118.886
179.861 174.22 135.007 143.95 143.447 156.756 177.842 86.2292 86.8288 85.4513 54.4831 337.128 -29.2991 20.1797 282.128 -101.666 27.8023 285.853 7.12968 17.7352 279.518 13.7906 6.46036 270.825 8.72713 -8.42906 299.733 -10.2353 15.2986 8.87157 118.136
178.417 173.185 133.143 143.615 144.396 154.414 177.259 86.652 87.5722 86.5832 54.8628 336.912 -29.9784 19.9151 281.558 -101.884 27.6887 285.586 6.46522 17.5222 279.444 13.4732 6.25102 270.928 8.4171 -8.75005 299.783 -10.8102 15.3341 8.82405 117.517
175.39 173.114 131.642 143.426 145.278 152.722 176.608 86.9435 88.1597 87.3884 54.9548 335.972 -30.6567 19.7333 281.388 -102.067 27.4493 285.582 5.81635 17.2161 279.577 13.1152 5.90765 271.225 8.03975 -9.08588 300.019 -11.3676 15.3566 8.77924 116.961
162.883 173.012 130.561 143.124 145.861 151.912 176.129 87.1612 88.5861 87.9683 54.7264 333.786 -31.1494 19.4756 281.106 -102.33 27.0461 285.383 5.31634 16.7301 279.585 12.786 5.36113 271.455 7.69438 -9.41936 300.219 -11.8613 15.3807 8.797 116.599
164.123 172.96 130.01 142.882 146.056 152.314 175.879 87.1099 88.6834 88.092 54.5654 330.219 -31.8951 19.2489 280.664 -102.673 26.5757 284.999 4.89978 16.2018 279.434 12.4675 4.7646 271.494 7.369 -9.66099 300.224 -12.2771 15.4104 8.88216 116.452
165.081 172.719 129.375 142.869 146.979 151.007 175.859 87.5437 89.281 88.5735 54.021 326.866 -32.708 18.3566 279.061 -103.294 26.0284 284.024 4.41409 15.5529 278.867 12.1331 3.85506 271.155 7.00588 -10.2512 299.918 -12.9194 15.4118 8.93694 116.317
163.183 172.632 129.783 143.103 147.343 149.721 176.167 87.5186 89.2082 88.2713 53.5185 325.51 -33.2498 17.8472 278.333 -103.665 25.7754 283.483 4.1155 15.2768 278.574 11.7792 3.37436 270.972 6.65905 -10.355 299.788 -13.272 15.4019 9.04728 116.453
157.76 172.546 130.118 143.233 147.665 147.063 176.442 87.669 89.2465 88.1589 52.6272 326.166 -33.4419 17.4944 277.889 -104.147 25.6566 283.221 3.91446 15.1198 278.489 11.5099 3.12558 270.986 6.374 -10.4414 299.765 -13.6203 15.4322 9.12481 116.624
153.331 172.554 130.73 143.424 147.868 145.578 176.674 87.8836 89.2291 87.9869 51.6045 326.084 -33.8496 17.2945 277.444 -104.676 25.6122 282.833 3.6305 15.0256 278.229 11.044 2.95693 270.763 5.83446 -10.5125 299.598 -14.045 15.5043 9.1953 116.673
147.51 172.363 131.387 143.847 148.108 143.79 176.761 87.9308 89.1385 87.6841 50.5394 326.444 -33.9968 17.4319 277.169 -104.931 25.542 282.444 3.31586 14.9271 277.943 10.5543 2.71304 270.501 5.25645 -10.524 299.458 -14.4499 15.5163 9.26732 116.558
143.038 171.987 131.722 144.178 148.407 142.092 176.98 87.9183 89.0473 87.3684 49.667 326.888 -33.83 17.5088 276.757 -104.956 25.4443 281.967 3.05725 14.8588 277.542 10.1757 2.5028 270.045 4.81374 -10.6091 299.116 -14.7782 15.526 9.34034 116.528
139.999 173.131 132.033 144.534 148.685 140.92 177.58 87.7632 88.8846 86.9889 48.8733 326.815 -33.7779 17.8095 276.378 -104.662 25.3236 281.535 2.894 14.7977 277.216 9.96475 2.30298 269.627 4.59784 -10.6412 298.751 -15.0035 15.4933 9.44247 116.469
140.84 173.697 132.508 145.117 148.945 140.839 177.78 87.4954 88.6181 86.5854 48.5384 325.974 -33.8798 18.0726 276.152 -104.427 25.2681 281.438 2.64138 14.7765 277.176 9.70662 2.18569 269.435 4.34155 -10.6946 298.633 -15.2297 15.4594 9.52501 116.34
143.718 173.721 132.995 145.621 149.015 141.544 177.789 87.1189 88.1876 86.0299 48.2784 324.629 -34.1638 18.2541 276.233 -104.332 25.1798 281.561 2.39231 14.7187 277.297 9.39556 2.07775 269.399 4.00062 -10.7457 298.607 -15.394 15.4897 9.60865 116.36
145.46 173.24 133.445 145.967 148.842 141.738 177.62 86.7417 87.6517 85.3946 48.3427 323.168 -34.2371 18.4676 276.499 -104.417 24.9588 281.81 2.14821 14.4664 277.574 9.04766 1.82994 269.572 3.604 -10.8043 298.749 -15.6275 15.5385 9.71837 116.416
147.427 172.55 133.915 146.204 148.549 141.921 177.377 86.2694 87.0492 84.8016 48.3991 321.321 -34.1534 18.686 276.787 -104.635 24.7072 282.018 1.84399 14.1905 277.798 8.64733 1.62069 269.738 3.1844 -10.8535 298.885 -15.8526 15.6043 9.8324 116.444
151.703 172.35 134.343 146.465 148.316 142.928 177.306 85.8539 86.5075 84.1909 48.6252 318.049 -33.6443 18.8005 276.689 -104.899 24.3946 282.037 1.66517 13.8118 277.858 8.36316 1.22734 269.83 2.87888 -10.8889 299.005 -16.0093 15.6455 9.89156 116.57
149.07 172.138 134.903 146.546 147.941 146.971 177.238 85.4619 85.9831 83.4908 48.0043 313.277 -33.0133 18.8176 276.218 -105.256 24.0074 281.898 1.5001 13.3085 277.811 8.07038 0.610511 269.896 2.58529 -10.9218 299.109 -16.1845 15.6349 9.92288 116.703
145.623 172.4 135.417 146.545 147.641 163.074 177.08 85.1684 85.5521 82.7982 46.205 302.268 -33.4319 18.7666 275.348 -105.565 23.5725 281.459 1.37306 12.7648 277.488 7.80566 -0.0882646 269.722 2.28871 -11.0155 298.975 -16.3645 15.6324 9.95763 116.724
145.622 172.793 135.955 146.627 147.456 175.947 177.014 84.9081 85.2188 82.2482 40.1708 291.641 -34.1682 18.6531 274.481 -105.95 23.1717 281.039 1.23766 12.2494 277.19 7.55824 -0.770699 269.551 2.00623 -11.1207 298.838 -16.6254 15.5988 9.97314 116.837
176.821 172.927 136.607 146.702 147.198 157.14 176.701 84.6803 84.8439 81.5791 34.4789 278.637 -29.8843 18.7246 273.722 -106.231 22.6971 280.522 1.10437 11.6228 276.823 7.25755 -1.60689 269.331 1.63621 -11.222 298.646 -16.9273 15.5343 10.0073 116.76
148.553 172.973 137.219 146.729 147.159 141.795 176.636 84.6983 84.7439 81.228 25.8512 268.063 -24.3267 18.7554 272.269 -106.316 22.1899 279.551 1.21061 10.9699 276.08 7.16788 -2.47686 268.822 1.47575 -11.3205 298.09 -17.3371 15.4471 10.036 116.759
150.473 172.923 137.899 146.969 147.293 138.061 176.612 84.7778 84.6737 80.8626 21.6176 262.597 -22.7636 18.774 270.947 -106.408 21.6948 278.354 1.27369 10.3303 275.095 6.98063 -3.36197 268.116 1.15301 -11.4274 297.417 -17.6917 15.3922 10.0538 116.787
151.849 172.805 138.704 147.097 147.262 137.187 176.527 84.8186 84.6106 80.5174 18.7893 258.956 -22.0703 18.8466 269.439 -106.303 21.1084 277.113 1.43463 9.63799 274.123 6.91697 -4.28486 267.376 0.976131 -11.5243 296.727 -17.9322 15.2975 10.1228 116.743
152.373 172.567 139.511 147.207 147.175 137.135 176.308 84.8624 84.5766 80.2102 16.6037 256.198 -21.3619 19.0789 268.025 -105.833 20.4585 276.054 1.70828 8.8608 273.35 6.97415 -5.2779 266.867 0.921687 -11.6014 296.222 -18.0723 15.151 10.1853 116.532
151.522 172.347 140.146 147.221 147.34 137.777 176.208 85.0309 84.7202 80.1735 15.4427 254.38 -20.8473 19.0876 266.149 -105.388 19.9434 274.744 2.09027 8.28882 272.279 7.18635 -5.96706 266.062 1.05731 -11.7101 295.353 -18.1217 15.0801 10.238 116.436
150.371 172.149 140.817 147.247 147.347 138.926 176.428 85.1163 84.9047 80.1087 14.5393 252.911 -20.2916 18.9455 264.205 -104.774 19.3485 273.57 2.54724 7.63718 271.365 7.53134 -6.80592 265.415 1.32028 -11.8281 294.678 -18.111 14.9668 10.2511 116.412
148.338 172.022 141.348 147.332 147.517 139.455 176.614 85.2011 85.0686 80.0995 13.3449 251.542 -19.5787 18.7359 261.95 -103.997 18.6677 272.28 3.01944 6.88632 270.367 7.92251 -7.65654 264.728 1.63873 -11.9918 293.844 -18.0832 14.8897 10.2863 116.24
145.775 171.968 141.861 147.421 147.552 140.033 177.031 85.1778 85.204 80.015 12.1436 250.717 -19.2389 18.4063 259.74 -103.156 17.7999 270.951 3.5002 5.98107 269.289 8.33808 -8.66958 263.956 1.94226 -12.2433 292.995 -18.015 14.8204 10.2971 116.142
144.17 171.817 142.59 147.874 147.64 140.601 177.11 84.9153 85.1086 79.6769 10.7543 249.41 -18.8959 18.0057 257.362 -102.162 16.6367 269.493 3.84635 4.72714 268.136 8.68045 -10.0072 263.2 2.16311 -12.5569 292.134 -18.0188 14.76 10.2944 115.86
143.512 171.518 143.847 148.692 147.674 140.907 176.43 84.4423 84.8309 79.2002 9.06103 247.646 -18.1948 17.7502 254.831 -100.937 15.2981 268.122 4.06321 3.2568 267.016 8.93255 -11.5414 262.508 2.32362 -12.9688 291.394 -18.022 14.6797 10.22 115.056
142.571 171.356 145.126 149.351 147.689 140.503 176.287 83.9837 84.5709 78.8206 7.47903 246.305 -17.6906 17.7214 252.507 -100.01 14.2824 266.676 4.31649 2.17727 265.578 9.18615 -12.5922 261.281 2.53375 -13.3273 290.129 -17.9982 14.6216 10.0988 114.774
143.515 171.167 146.556 150.219 147.718 140.274 175.399 83.7817 84.4814 78.5829 5.80408 244.031 -16.8298 17.8631 250.214 -99.016 13.3504 265.268 4.46104 1.11305 264.18 9.29524 -13.6108 260.215 2.51353 -13.7168 289.068 -18.0939 14.6315 9.92809 113.919
144.099 170.926 148.206 151.261 147.507 140.177 174.999 83.512 84.4985 78.7159 4.61927 242.75 -16.3168 17.8072 248.915 -98.4453 12.5406 264.137 4.51674 0.310724 262.892 9.30806 -14.3282 259.164 2.43982 -14.0685 288.343 -18.1446 14.652 9.74775 113.531
143.881 170.761 149.313 152.188 147.506 140.281 174.556 83.3746 84.6582 79.1154 3.61721 242.215 -15.9645 17.3008 247.3 -97.6388 11.5554 262.715 4.58169 -0.714416 261.53 9.40575 -15.2389 258.256 2.46414 -14.5588 287.824 -18.1327 14.7384 9.61489 112.752
144.373 170.569 150.272 153.043 147.219 141.187 173.785 83.4125 85.0426 79.6926 2.68011 241.266 -15.5378 16.2947 245.241 -96.467 10.1705 261.376 4.73336 -2.17698 260.337 9.59815 -16.6035 257.677 2.55166 -15.1565 287.592 -18.1739 14.7787 9.42269 111.67
144.682 170.437 150.829 153.282 147.002 141.403 172.963 83.4749 85.4325 80.1962 1.2667 240.435 -14.8656 15.1947 243.145 -95.2519 8.84588 260.31 4.81963 -3.58411 259.417 9.79477 -17.9113 257.35 2.76525 -15.8976 287.397 -18.2319 14.769 9.25661 110.377
145.298 170.396 151.214 153.456 146.97 141.541 172.295 83.6834 86.0566 80.9741 0.171204 239.851 -14.6486 14.4506 241.631 -94.6946 8.10825 259.292 4.69177 -4.30937 258.289 9.79602 -18.5647 256.684 2.85717 -16.5855 287.037 -18.4146 14.7459 9.05311 109.331
145.479 170.066 151.572 153.41 146.509 141.026 171.376 83.9074 86.7085 81.8089 -0.979304 239.18 -14.5254 13.841 240.307 -94.5947 7.57224 257.949 4.34158 -4.7618 256.643 9.48956 -18.9846 255.459 2.69128 -17.242 286.318 -18.6638 14.6879 8.83906 108.406
146.015 169.857 151.852 153.888 145.722 140.68 170.977 84.2916 87.479 82.6855 -2.41466 238.944 -14.8244 13.3078 240.002 -94.9228 7.09639 256.81 3.84346 -5.24045 255.309 9.07842 -19.5257 254.488 2.33006 -17.9054 286.079 -18.9271 14.5606 8.61822 107.532
147.087 169.926 152.362 154.743 144.87 140.591 170.615 84.9597 88.4653 83.7417 -3.99821 238.478 -14.8817 12.716 240.559 -95.6258 6.45659 255.881 3.23895 -6.0222 254.313 8.55332 -20.4105 253.958 1.78562 -18.5906 286.424 -19.2102 14.3383 8.33375 106.565
148.521 169.976 152.61 155.219 144.535 140.434 170.018 85.6373 89.2624 84.6356 -6.19499 237.59 -14.7474 12.2234 240.63 -96.0108 5.64303 254.924 2.63144 -7.08795 253.56 8.07994 -21.5227 253.635 1.34013 -19.3383 286.691 -19.5468 14.103 8.12366 105.299
149.258 170.513 150.809 152.793 146.033 140.471 168.74 85.723 89.2319 85.5063 -7.34654 237.04 -14.521 11.6201 241.224 -97.4231 4.70369 253.893 0.783467 -8.58854 253.399 6.5642 -23.0047 254.345 0.377047 -20.0147 287.287 -20.2819 13.708 8.1088 103.9
149.796 170.477 149.251 150.708 146.976 140.657 167.591 85.5304 89.0044 86.5022 -8.11752 236.461 -13.9957 11.1897 241.083 -97.9737 3.96419 252.769 -0.76456 -9.69442 252.935 5.31548 -24.1271 254.385 -0.195271 -20.642 287.505 -20.7952 13.2318 8.20711 102.391
150.342 170.446 147.88 149.164 147.844 140.871 166.743 85.4385 88.8683 87.4854 -8.68684 236.01 -13.3382 10.9907 240.554 -98.1521 3.73882 251.681 -2.06105 -10.1586 252.255 4.29735 -24.6555 254.002 -0.535674 -21.2373 287.459 -21.1972 12.8212 8.30759 100.804
150.539 170.446 146.813 148.067 148.646 141.033 166.149 85.1442 88.532 87.918 -9.09071 235.689 -12.6664 10.8533 239.644 -98.1417 3.48824 250.795 -2.88895 -10.5357 251.634 3.68748 -25.0941 253.518 -0.612511 -21.8444 287.069 -21.49 12.5499 8.42545 99.7999
151.807 170.635 146.675 148.686 147.686 141.013 166.339 85.1559 88.6571 88.1125 -11.2353 235.259 -13.1791 10.8665 239.17 -98.0791 3.26324 251.0 -3.0063 -10.9463 251.905 3.95108 -25.5002 253.333 -0.441667 -22.5502 286.993 -21.7414 12.4773 8.44676 99.2775
153.624 170.666 146.491 148.082 148.103 142.084 166.962 85.3417 88.3787 87.728 -11.7369 235.397 -13.7268 10.5909 239.325 -98.7069 2.95239 251.821 -2.91601 -11.3738 253.112 4.0299 -25.7416 254.547 -0.616655 -23.275 287.265 -22.1023 12.9949 8.75664 99.7903
154.995 170.692 146.248 147.413 148.329 142.906 167.41 85.3738 87.8914 87.2291 -12.2674 235.445 -14.3146 10.2478 239.497 -99.3131 2.47865 252.868 -2.81715 -12.0119 254.597 4.1099 -26.1577 255.853 -0.765558 -23.9186 287.553 -22.4654 13.4292 9.11273 100.445
154.617 171.346 145.16 146.096 147.937 141.965 167.876 85.7327 87.6838 86.8091 -13.5012 235.608 -14.9888 9.90682 240.131 -100.094 1.10865 253.417 -2.96331 -13.2995 255.404 3.62721 -27.2024 256.676 -1.39234 -24.6287 287.987 -23.0123 13.6933 9.31076 100.812
154.986 171.277 144.193 145.567 148.012 142.655 168.257 85.2188 87.1911 86.4615 -13.8022 235.745 -15.4747 9.55509 239.765 -100.336 0.369058 254.123 -3.28461 -14.0602 256.429 3.45875 -27.8588 257.59 -1.61991 -25.1066 288.211 -23.4386 13.8106 9.65505 100.995
155.3 171.021 143.399 145.324 148.047 143.204 168.933 84.5787 86.4761 85.9051 -13.8986 235.869 -15.6793 9.21375 239.441 -100.379 -0.361783 254.939 -3.41166 -14.8552 257.461 3.34827 -28.5873 258.392 -1.79409 -25.591 288.352 -23.7296 13.8836 9.91213 101.429
155.405 170.556 143.046 145.301 148.107 143.663 169.908 84.0256 85.8945 85.5011 -13.663 236.064 -16.1363 8.74659 239.569 -100.84 -0.852576 255.695 -3.62271 -15.3728 258.259 3.1308 -29.0663 258.895 -2.03963 -26.0552 288.376 -24.0587 13.9333 10.0662 102.229
155.6 170.104 143.017 145.422 148.236 144.06 170.974 83.7151 85.4705 85.281 -13.6389 236.149 -16.7502 8.29478 239.644 -101.283 -1.33759 256.183 -3.61913 -15.7836 258.652 2.99434 -29.4173 258.957 -2.17061 -26.5755 288.152 -24.3049 13.9805 10.1475 103.097
155.84 169.694 143.304 145.552 148.367 144.357 171.945 83.875 85.4134 85.2902 -13.6959 236.296 -17.2408 7.93578 239.844 -101.665 -1.49367 256.481 -3.48177 -15.9332 258.872 2.99863 -29.5633 258.946 -2.1582 -27.0318 287.994 -24.4476 13.9928 10.1653 103.683
155.903 169.264 143.544 145.643 148.37 144.57 172.898 84.0024 85.386 85.2784 -13.7992 236.553 -17.7452 7.46933 240.408 -102.197 -1.75434 256.866 -3.4804 -16.1935 259.202 2.92963 -29.8069 259.099 -2.23005 -27.5164 288.034 -24.6238 14.0199 10.1966 104.273
154.749 170.181 143.367 145.244 148.045 143.295 172.234 85.0449 85.7739 85.0818 -14.5113 236.753 -18.2665 6.93258 241.821 -102.921 -2.49705 256.111 -3.94878 -17.0427 258.889 2.38915 -30.6699 259.154 -2.85393 -28.0379 288.407 -24.9045 14.0535 10.4168 103.673
153.451 170.989 143.115 144.767 147.71 141.887 171.608 85.6224 86.0929 84.9569 -15.0289 237.182 -18.7282 6.37307 243.328 -103.663 -3.17433 255.752 -4.68689 -17.7133 258.742 1.70958 -31.3692 259.257 -3.53801 -28.5968 288.862 -25.2463 14.0415 10.5769 103.143
152.407 171.662 142.791 144.318 147.328 140.611 170.9 85.8915 86.3165 84.7819 -15.6459 237.591 -19.2315 5.841 244.252 -103.999 -3.93402 255.755 -5.34862 -18.4273 258.827 1.10718 -32.1047 259.504 -4.17173 -29.1108 289.318 -25.611 14.0227 10.6392 102.599
151.655 172.235 142.608 143.87 146.937 139.615 170.154 85.8985 86.3683 84.5483 -16.3824 238.136 -19.9333 5.33773 244.774 -104.038 -4.92244 256.212 -5.86897 -19.3226 259.294 0.562031 -32.9703 260.061 -4.76403 -29.6307 289.89 -26.0181 14.0268 10.6502 102.145
151.261 172.744 142.311 143.463 146.697 138.963 169.669 85.7142 86.262 84.3186 -17.148 238.595 -20.3076 4.87086 244.499 -103.612 -5.87921 256.678 -6.04756 -20.1927 259.812 0.332726 -33.8008 260.606 -5.00019 -30.1158 290.304 -26.2653 14.0074 10.6769 101.717
151.308 173.166 142.124 143.179 146.585 138.687 169.19 85.6561 86.2258 84.1688 -17.6012 239.025 -20.7203 4.34406 244.418 -103.423 -6.56691 257.233 -6.24333 -20.8573 260.403 0.111263 -34.4434 261.211 -5.22606 -30.6008 290.774 -26.5322 14.0101 10.6744 101.401
151.616 173.507 142.206 143.015 146.395 138.644 168.829 85.6786 86.2952 84.0346 -18.0452 239.255 -21.2814 3.71973 244.701 -103.599 -7.16504 257.74 -6.44037 -21.4433 260.828 -0.136239 -35.0298 261.657 -5.52509 -31.0945 291.165 -26.7792 14.0251 10.5806 101.382
152.044 173.777 142.456 142.901 146.321 138.753 168.667 85.9472 86.5621 84.1359 -18.1713 239.493 -21.7412 3.24814 245.156 -104.034 -7.33163 258.129 -6.64927 -21.657 261.172 -0.318894 -35.2605 261.966 -5.73195 -31.5329 291.483 -27.0543 14.0247 10.5296 101.414
152.546 173.954 142.643 142.938 146.328 138.986 168.615 86.2376 86.8746 84.269 -18.5263 239.451 -21.9854 2.67673 245.234 -104.384 -7.53957 258.139 -6.83146 -21.9435 261.212 -0.390644 -35.5788 262.045 -5.82791 -31.985 291.61 -27.2499 14.0198 10.4755 101.313
152.853 174.061 142.639 143.077 146.404 139.053 168.598 86.5193 87.0964 84.3759 -18.9796 239.465 -22.4728 2.20833 245.611 -105.054 -7.60217 258.006 -7.34026 -22.1706 261.153 -0.679019 -35.8312 261.969 -6.09922 -32.4749 291.626 -27.5672 14.0118 10.4994 101.139
152.79 174.028 142.374 143.227 146.412 139.126 168.414 86.4998 87.1525 84.3493 -19.4089 239.559 -23.0409 1.52458 245.695 -105.396 -8.08397 258.006 -7.86727 -22.7332 261.206 -0.968515 -36.3897 262.015 -6.39694 -33.0333 291.675 -27.8624 14.0156 10.5544 100.864
152.475 173.835 141.771 143.295 146.4 139.144 168.045 86.2284 87.0988 84.2554 -19.8311 239.604 -23.7389 0.548598 244.994 -105.394 -8.97779 258.037 -8.41278 -23.6259 261.338 -1.24156 -37.239 262.118 -6.69715 -33.6599 291.594 -28.2235 14.0272 10.6576 100.445
152.147 173.728 140.757 143.24 146.444 139.19 167.782 85.8988 86.9835 84.1157 -19.9511 239.53 -24.2558 -0.42659 243.979 -105.229 -9.61868 257.663 -9.26255 -24.4963 261.335 -1.51248 -38.1162 262.133 -6.91899 -34.2438 291.414 -28.5441 13.9577 10.9562 99.4476
151.73 173.526 139.234 143.283 146.461 139.178 167.413 85.1336 86.695 83.8344 -20.1433 239.582 -24.8054 -1.33004 243.284 -104.986 -10.4529 257.427 -10.3938 -25.4831 261.475 -1.89171 -39.1207 262.316 -7.27473 -34.7874 291.378 -28.8455 13.8833 11.427 98.3612
151.397 173.272 138.139 143.378 146.432 139.348 167.236 84.4672 86.4176 83.5884 -20.1299 239.708 -25.2949 -2.08574 243.144 -105.008 -11.3735 257.293 -11.2486 -26.3462 261.624 -2.19759 -39.9749 262.478 -7.55367 -35.3424 291.406 -29.0751 13.8604 11.8938 97.7812
