151.439 169.021 143.763 146.369 148.268 142.84 160.012 80.9025 80.7364 77.4902 -118.42 152.153 -72.0401 -85.4165 144.157 -133.242 -104.387 174.651 -44.254 -116.972 177.266 -41.8905 -129.298 179.179 -49.1131 -115.525 202.328 -67.7909 15.4067 9.69957 100.37
151.551 168.871 143.817 146.41 148.363 143.01 159.906 81.006 80.8252 77.6074 -118.668 152.123 -72.368 -85.5979 143.958 -133.28 -104.608 174.669 -44.432 -117.187 177.272 -42.0573 -129.519 179.155 -49.2521 -115.875 202.31 -68.0436 15.393 9.70774 100.151
151.605 168.85 143.759 146.37 148.363 143.157 159.89 81.0808 80.8943 77.706 -118.834 152.137 -72.6251 -85.7426 143.856 -133.295 -104.796 174.698 -44.5663 -117.372 177.292 -42.175 -129.71 179.155 -49.3363 -116.158 202.326 -68.2196 15.3762 9.70909 99.9718
151.61 168.721 143.793 146.43 148.413 143.171 159.771 81.0611 80.8686 77.7045 -119.238 152.223 -72.755 -85.9258 143.81 -133.225 -105.023 174.818 -44.7002 -117.597 177.398 -42.2823 -129.93 179.233 -49.4157 -116.445 202.393 -68.345 15.3903 9.71587 99.7626
151.551 168.65 143.823 146.504 148.453 143.136 159.517 80.9624 80.7633 77.6292 -119.65 152.325 -72.8251 -86.1099 143.727 -132.947 -105.295 174.946 -44.8106 -117.862 177.522 -42.3741 -130.185 179.335 -49.4842 -116.694 202.462 -68.4011 15.4115 9.72992 99.4417
151.502 168.665 143.756 146.434 148.354 143.155 159.227 80.8804 80.653 77.5612 -119.91 152.321 -72.8824 -86.2934 143.581 -132.543 -105.556 174.954 -44.8649 -118.122 177.546 -42.4161 -130.44 179.345 -49.4843 -116.91 202.454 -68.3851 15.4131 9.74179 99.0509
151.529 168.667 143.714 146.39 148.276 143.191 159.119 80.834 80.5881 77.4966 -120.065 152.277 -72.8862 -86.4746 143.561 -132.337 -105.79 174.942 -44.7981 -118.352 177.534 -42.3477 -130.685 179.329 -49.3874 -117.077 202.419 -68.2828 15.3836 9.73947 98.9561
151.51 168.793 143.632 146.307 148.132 143.134 159.09 80.7889 80.5268 77.4228 -120.202 152.078 -72.6301 -86.58 143.392 -132.039 -105.937 174.775 -44.6087 -118.496 177.363 -42.169 -130.839 179.166 -49.1925 -117.136 202.253 -68.0635 15.3632 9.72994 98.9025
151.426 168.863 143.609 146.316 148.091 142.937 159.095 80.7512 80.4768 77.3434 -120.416 152.002 -72.1512 -86.641 143.429 -131.804 -106.057 174.663 -44.3402 -118.623 177.252 -41.914 -130.97 179.074 -48.9518 -117.204 202.181 -67.7706 15.3659 9.72339 98.9891
151.393 168.975 143.627 146.384 148.097 142.782 159.161 80.6988 80.4327 77.2616 -120.621 151.988 -71.7031 -86.8186 143.593 -131.714 -106.265 174.602 -44.0686 -118.834 177.185 -41.6585 -131.18 179.048 -48.7291 -117.326 202.172 -67.465 15.3851 9.71093 99.2229
151.409 169.084 143.597 146.408 148.067 142.708 159.363 80.6792 80.4338 77.2195 -120.81 151.949 -71.3341 -86.9881 143.776 -131.742 -106.493 174.498 -43.7681 -119.051 177.072 -41.3809 -131.388 178.986 -48.4899 -117.445 202.133 -67.1506 15.4022 9.70305 99.5684
151.366 169.197 143.575 146.399 148.014 142.616 159.464 80.6376 80.4106 77.1787 -120.931 151.901 -70.8768 -87.2158 143.86 -131.63 -106.719 174.355 -43.4633 -119.278 176.937 -41.09 -131.607 178.899 -48.2253 -117.611 202.077 -66.8191 15.4316 9.69416 99.8052
151.368 169.233 143.593 146.441 148.026 142.597 159.548 80.6122 80.3998 77.1509 -120.99 151.943 -70.6301 -87.4199 144.043 -131.599 -106.888 174.315 -43.2322 -119.45 176.865 -40.8565 -131.786 178.841 -48.0008 -117.808 202.079 -66.5471 15.4528 9.67967 99.9829
151.316 169.315 143.526 146.369 147.961 142.518 159.77 80.5741 80.3857 77.141 -120.967 151.931 -70.2643 -87.6006 144.142 -131.562 -107.017 174.254 -43.0045 -119.592 176.801 -40.6199 -131.936 178.788 -47.7625 -117.988 202.069 -66.286 15.4629 9.66893 100.167
151.309 169.464 143.423 146.225 147.858 142.511 160.087 80.5802 80.4013 77.1735 -120.789 151.919 -69.8738 -87.6645 144.226 -131.522 -107.054 174.182 -42.7197 -119.656 176.752 -40.3319 -132.009 178.74 -47.4663 -118.088 202.071 -66.0035 15.4473 9.65455 100.383
151.372 169.574 143.377 146.071 147.764 142.62 160.37 80.6864 80.504 77.2841 -120.564 151.835 -69.501 -87.5967 144.137 -131.328 -106.932 174.162 -42.3531 -119.553 176.721 -39.9749 -131.933 178.655 -47.1021 -118.141 202.031 -65.7447 15.4137 9.64265 100.512
151.388 169.668 143.343 145.956 147.703 142.716 160.699 80.7634 80.6013 77.3894 -120.266 151.842 -69.2043 -87.548 144.237 -131.293 -106.848 174.181 -42.0272 -119.487 176.724 -39.6525 -131.89 178.628 -46.773 -118.187 202.043 -65.5098 15.3774 9.62549 100.796
151.382 169.844 143.359 145.908 147.708 142.71 161.116 80.8536 80.7097 77.4855 -120.089 151.906 -68.8663 -87.4611 144.39 -131.323 -106.762 174.232 -41.6821 -119.421 176.762 -39.3186 -131.844 178.644 -46.4487 -118.204 202.079 -65.2743 15.3389 9.60526 101.157
151.381 170.061 143.415 145.893 147.751 142.732 161.479 80.8813 80.7691 77.5382 -119.991 151.988 -68.5571 -87.3841 144.568 -131.257 -106.742 174.365 -41.3244 -119.42 176.879 -38.9763 -131.863 178.738 -46.1177 -118.224 202.147 -65.0105 15.289 9.58754 101.505
151.377 170.329 143.463 145.893 147.801 142.731 161.718 80.8989 80.813 77.5885 -119.987 152.114 -68.3881 -87.3091 144.682 -131.112 -106.75 174.501 -41.0601 -119.445 177.004 -38.7317 -131.9 178.846 -45.887 -118.25 202.227 -64.8102 15.2473 9.57388 101.668
151.432 170.594 143.49 145.857 147.81 142.775 161.901 80.9575 80.8577 77.6294 -120.143 152.182 -68.225 -87.3307 144.709 -130.94 -106.879 174.533 -40.8167 -119.584 177.079 -38.5209 -132.044 178.943 -45.6875 -118.324 202.294 -64.6248 15.2016 9.57142 101.725
151.52 170.883 143.512 145.848 147.844 142.848 162.074 81.0599 80.9411 77.7023 -120.384 152.257 -68.1214 -87.3432 144.653 -130.715 -107.01 174.543 -40.5828 -119.723 177.133 -38.312 -132.192 179.021 -45.4885 -118.417 202.357 -64.4547 15.1461 9.56893 101.654
151.563 170.961 143.53 145.85 147.885 142.89 162.085 81.1283 80.9975 77.7688 -120.613 152.425 -68.048 -87.4583 144.629 -130.5 -107.182 174.597 -40.3947 -119.892 177.23 -38.1444 -132.36 179.149 -45.3251 -118.532 202.469 -64.3086 15.1146 9.57352 101.576
151.608 171.052 143.523 145.82 147.881 142.953 162.084 81.1539 81.0203 77.7994 -120.775 152.563 -68.0382 -87.5695 144.616 -130.317 -107.365 174.62 -40.2616 -120.07 177.3 -38.0285 -132.531 179.269 -45.2095 -118.606 202.569 -64.1808 15.0861 9.57638 101.495
151.638 171.138 143.498 145.782 147.873 143.013 162.062 81.1747 81.0277 77.827 -120.907 152.704 -67.9241 -87.6101 144.554 -130.011 -107.513 174.626 -40.0727 -120.223 177.375 -37.8572 -132.669 179.396 -45.0422 -118.643 202.68 -63.9864 15.0657 9.58051 101.336
151.65 171.125 143.5 145.803 147.894 143.017 162.055 81.1312 80.9737 77.7782 -121.005 152.909 -67.7864 -87.7055 144.652 -129.851 -107.652 174.69 -39.9094 -120.367 177.5 -37.7024 -132.798 179.578 -44.8949 -118.667 202.838 -63.7712 15.065 9.58741 101.308
151.696 171.203 143.563 145.861 147.959 143.054 162.083 81.0676 80.8933 77.685 -121.07 153.08 -67.5646 -87.7361 144.723 -129.614 -107.752 174.866 -39.6735 -120.475 177.725 -37.4902 -132.888 179.841 -44.7039 -118.645 203.023 -63.5222 15.0775 9.58791 101.329
151.694 171.308 143.65 145.935 148.022 143.049 162.035 81.0174 80.8279 77.6157 -121.103 153.219 -67.2876 -87.6059 144.712 -129.191 -107.721 175.046 -39.3864 -120.449 177.925 -37.2261 -132.84 180.039 -44.4624 -118.546 203.166 -63.2388 15.0987 9.5924 101.228
151.649 171.45 143.754 146.039 148.109 142.986 161.91 80.8572 80.658 77.4558 -121.217 153.374 -67.0197 -87.4038 144.668 -128.628 -107.765 175.271 -39.1422 -120.501 178.158 -37.0115 -132.873 180.271 -44.2639 -118.451 203.299 -62.9581 15.1145 9.59457 101.057
151.609 171.446 143.887 146.189 148.217 142.881 161.696 80.5965 80.4144 77.238 -121.369 153.457 -66.755 -87.1792 144.65 -128.046 -107.725 175.544 -38.9329 -120.467 178.38 -36.8039 -132.833 180.446 -44.0448 -118.335 203.359 -62.6527 15.1375 9.59524 100.891
151.571 171.45 144.048 146.356 148.363 142.826 161.476 80.3897 80.2316 77.1028 -121.497 153.594 -66.5197 -86.9174 144.677 -127.404 -107.678 175.891 -38.6917 -120.422 178.662 -36.5653 -132.786 180.663 -43.789 -118.24 203.469 -62.3615 15.147 9.59136 100.708
151.431 171.345 144.147 146.452 148.442 142.743 161.03 80.1983 80.0502 76.9898 -121.493 153.695 -66.2105 -86.5852 144.573 -126.544 -107.515 176.197 -38.505 -120.267 178.908 -36.3608 -132.637 180.819 -43.5494 -118.145 203.57 -62.1005 15.1671 9.60017 100.223
151.303 171.242 144.145 146.4 148.388 142.664 160.638 80.0774 79.9238 76.9333 -121.39 153.741 -65.8039 -86.2958 144.363 -125.626 -107.41 176.357 -38.2381 -120.167 179.052 -36.1028 -132.542 180.92 -43.2551 -118.041 203.639 -61.7924 15.1552 9.60923 99.7267
151.246 171.057 144.132 146.279 148.273 142.665 160.22 79.9935 79.8264 76.9031 -121.115 153.783 -65.4811 -86.0067 144.04 -124.675 -107.339 176.446 -37.9432 -120.1 179.152 -35.835 -132.486 181.004 -42.9478 -117.915 203.694 -61.478 15.1068 9.61714 99.1946
151.371 170.841 144.089 146.073 148.088 142.855 160.042 80.0023 79.8295 76.9568 -120.623 153.947 -65.1411 -85.5544 143.867 -123.733 -107.219 176.56 -37.3404 -119.947 179.33 -35.2958 -132.337 181.244 -42.3806 -117.554 203.859 -60.9056 15.0044 9.64416 98.9047
151.526 170.826 144.066 145.933 147.962 143.009 160.108 80.08 79.9095 77.0477 -120.486 154.001 -65.167 -85.3519 143.817 -123.534 -107.196 176.508 -37.0897 -119.896 179.345 -35.0872 -132.28 181.335 -42.1665 -117.318 203.904 -60.6834 14.924 9.65954 98.8995
151.718 170.729 144.133 145.943 147.952 143.147 160.226 80.1027 79.9522 77.0588 -120.407 154.153 -65.228 -85.1899 144.122 -123.664 -107.187 176.546 -36.8982 -119.861 179.428 -34.9121 -132.241 181.522 -41.9958 -117.079 204.044 -60.4525 14.865 9.66386 99.1342
151.849 170.62 144.147 145.902 147.887 143.225 160.496 80.1556 80.02 77.0729 -120.185 154.257 -65.1524 -85.0563 144.45 -123.949 -107.086 176.583 -36.7048 -119.755 179.504 -34.7267 -132.143 181.662 -41.8243 -116.867 204.173 -60.2552 14.8147 9.65744 99.506
151.949 170.478 144.101 145.866 147.806 143.223 160.933 80.2348 80.1195 77.0964 -119.845 154.338 -64.9758 -85.0231 144.924 -124.504 -106.897 176.578 -36.5508 -119.575 179.536 -34.5634 -131.974 181.748 -41.6994 -116.668 204.31 -60.0951 14.7984 9.64354 100.062
152.013 170.319 144.12 145.919 147.815 143.162 161.228 80.3503 80.2319 77.1438 -119.634 154.473 -64.7248 -84.9481 145.43 -125.006 -106.609 176.637 -36.4216 -119.312 179.627 -34.4088 -131.731 181.85 -41.5791 -116.51 204.494 -59.9714 14.7999 9.62936 100.5
152.075 170.121 144.19 146.058 147.889 143.081 161.291 80.4005 80.2995 77.1713 -119.376 154.634 -64.5463 -84.8375 145.893 -125.378 -106.183 176.778 -36.3695 -118.916 179.733 -34.3032 -131.358 181.917 -41.4866 -116.334 204.671 -59.888 14.8349 9.60749 100.762
152.179 169.985 144.267 146.143 147.938 143.099 161.361 80.4273 80.3543 77.2022 -119.104 154.787 -64.4791 -84.753 146.254 -125.617 -105.847 176.984 -36.2643 -118.593 179.896 -34.1647 -131.048 182.039 -41.3532 -116.152 204.831 -59.7866 14.8574 9.58564 101.029
152.237 169.849 144.354 146.229 148.002 143.114 161.264 80.3746 80.3442 77.2077 -118.801 154.946 -64.4117 -84.5306 146.465 -125.496 -105.418 177.306 -36.1089 -118.161 180.133 -33.9776 -130.634 182.194 -41.1445 -115.867 204.969 -59.6343 14.873 9.57517 101.111
152.253 169.719 144.509 146.419 148.163 143.051 160.955 80.2649 80.2469 77.1124 -118.615 155.128 -64.3185 -84.1346 146.668 -125.178 -104.941 177.682 -36.0087 -117.681 180.394 -33.8555 -130.173 182.352 -41.0121 -115.533 205.117 -59.4975 14.9134 9.57158 100.989
152.209 169.723 144.639 146.536 148.258 142.983 160.666 80.1765 80.1615 77.0625 -118.338 155.312 -64.1166 -83.6521 146.567 -124.506 -104.47 178.059 -35.8384 -117.219 180.687 -33.6874 -129.73 182.536 -40.8303 -115.179 205.27 -59.3526 14.9173 9.56735 100.639
152.161 169.83 144.682 146.503 148.217 143.01 160.588 80.1935 80.1618 77.0948 -117.935 155.383 -63.8461 -83.1646 146.457 -123.866 -104.059 178.306 -35.5615 -116.831 180.897 -33.4354 -129.366 182.665 -40.5646 -114.842 205.38 -59.1591 14.8702 9.54824 100.391
152.132 169.932 144.683 146.39 148.097 143.022 160.634 80.2838 80.2302 77.1807 -117.43 155.401 -63.5822 -82.681 146.288 -123.362 -103.648 178.406 -35.2554 -116.434 180.983 -33.1579 -128.994 182.696 -40.2734 -114.495 205.42 -58.9625 14.8081 9.5348 100.225
152.112 170.073 144.685 146.321 148.001 142.981 160.718 80.3308 80.2568 77.2136 -117.18 155.43 -63.361 -82.2421 146.145 -122.961 -103.273 178.427 -35.0386 -116.076 181.004 -32.9513 -128.658 182.692 -40.056 -114.158 205.437 -58.7786 14.7619 9.52327 100.018
152.128 170.158 144.69 146.258 147.913 143.009 160.704 80.4013 80.3202 77.2824 -116.907 155.413 -63.1795 -81.9068 146.012 -122.574 -102.948 178.394 -34.8002 -115.763 180.984 -32.7199 -128.351 182.669 -39.8245 -113.839 205.434 -58.5709 14.7298 9.51076 99.8314
152.123 170.195 144.965 146.319 147.819 143.237 160.507 80.297 80.223 77.0874 -116.793 155.341 -63.0139 -81.8306 145.619 -121.998 -102.8 178.347 -34.6032 -115.565 180.933 -32.5424 -128.089 182.67 -39.6941 -113.607 205.467 -58.3408 14.876 9.54273 99.4548
152.076 170.14 144.922 146.249 147.75 143.225 160.307 80.3151 80.2464 77.1427 -116.506 155.273 -62.8738 -81.5881 145.42 -121.594 -102.489 178.311 -34.4658 -115.265 180.925 -32.3905 -127.805 182.642 -39.5302 -113.348 205.422 -58.1987 14.8534 9.54263 99.1931
152.018 169.954 144.873 146.267 147.788 143.112 160.139 80.4042 80.3384 77.2598 -116.105 155.313 -62.6859 -81.3838 145.37 -121.375 -102.082 178.316 -34.3204 -114.87 180.925 -32.2162 -127.433 182.611 -39.3479 -113.127 205.433 -58.0687 14.8547 9.53715 99.039
151.942 169.721 144.87 146.314 147.849 142.954 159.937 80.4872 80.4287 77.3707 -115.679 155.311 -62.4841 -81.1467 145.257 -121.109 -101.635 178.329 -34.1677 -114.429 180.893 -32.0327 -127.023 182.515 -39.1495 -112.924 205.389 -57.9461 14.8588 9.53416 98.8612
151.835 169.507 144.859 146.385 147.959 142.761 159.737 80.6027 80.5528 77.512 -115.19 155.391 -62.2107 -80.8571 145.26 -120.836 -101.144 178.399 -33.9684 -113.943 180.901 -31.8094 -126.57 182.456 -38.922 -112.713 205.411 -57.7982 14.8637 9.53012 98.7222
151.786 169.33 144.843 146.435 148.058 142.66 159.662 80.7052 80.6748 77.6607 -114.777 155.452 -62.0591 -80.671 145.24 -120.679 -100.799 178.435 -33.7701 -113.6 180.886 -31.6001 -126.255 182.403 -38.703 -112.564 205.403 -57.6557 14.8496 9.51892 98.7034
151.774 169.164 144.82 146.461 148.13 142.6 159.557 80.7878 80.7594 77.7676 -114.351 155.469 -61.8998 -80.5982 145.283 -120.601 -100.534 178.473 -33.6253 -113.346 180.904 -31.4449 -126.035 182.397 -38.535 -112.46 205.428 -57.545 14.8276 9.50556 98.7265
151.742 169.075 144.779 146.461 148.186 142.5 159.582 80.8715 80.8482 77.8721 -113.93 155.565 -61.7257 -80.5178 145.289 -120.53 -100.32 178.572 -33.4588 -113.138 180.988 -31.2824 -125.853 182.456 -38.3721 -112.382 205.501 -57.45 14.807 9.49923 98.7938
151.709 168.991 144.692 146.414 148.194 142.441 159.595 80.9446 80.9287 77.953 -113.518 155.568 -61.5965 -80.3764 145.296 -120.47 -100.055 178.605 -33.3276 -112.875 180.998 -31.1465 -125.609 182.444 -38.2315 -112.237 205.515 -57.3592 14.7916 9.49582 98.8194
151.696 168.894 144.598 146.329 148.169 142.434 159.546 81.0251 80.9923 78.0229 -113.078 155.563 -61.3909 -80.3078 145.279 -120.325 -99.8745 178.628 -33.1665 -112.694 181.042 -30.9952 -125.439 182.494 -38.0756 -112.126 205.571 -57.2565 14.7812 9.50398 98.8215
151.695 168.727 144.518 146.212 148.091 142.472 159.336 81.1264 81.0613 78.1039 -112.65 155.441 -61.1731 -80.2782 145.151 -120.118 -99.6509 178.52 -33.0578 -112.462 180.986 -30.8801 -125.214 182.455 -37.9422 -111.983 205.562 -57.1716 14.7868 9.52244 98.6557
151.757 168.598 144.5 146.078 148.0 142.632 159.155 81.2488 81.1424 78.1948 -112.183 155.286 -60.9635 -80.299 144.933 -119.877 -99.4967 178.4 -32.9034 -112.3 180.941 -30.7267 -125.058 182.438 -37.7683 -111.878 205.544 -57.0811 14.7832 9.5399 98.5121
151.841 168.54 144.459 145.886 147.877 142.857 159.005 81.3961 81.2341 78.3061 -111.699 155.139 -60.8327 -80.3102 144.709 -119.606 -99.3839 178.251 -32.76 -112.183 180.902 -30.5903 -124.949 182.434 -37.6065 -111.768 205.53 -57.014 14.7539 9.56091 98.3313
151.891 168.536 144.362 145.623 147.692 143.044 158.918 81.5112 81.3012 78.4056 -111.211 154.982 -60.6625 -80.316 144.422 -119.316 -99.2596 178.089 -32.6338 -112.057 180.872 -30.4701 -124.832 182.442 -37.4538 -111.626 205.501 -56.9622 14.7168 9.58662 98.1593
152.003 168.573 144.328 145.447 147.585 143.221 158.898 81.5716 81.3161 78.4404 -110.879 154.98 -60.555 -80.3878 144.34 -119.204 -99.2614 178.025 -32.5603 -112.061 180.959 -30.4129 -124.83 182.625 -37.3829 -111.488 205.613 -56.9312 14.6916 9.60356 98.1246
152.085 168.691 144.312 145.315 147.522 143.338 158.954 81.6112 81.3171 78.4435 -110.612 155.095 -60.6147 -80.408 144.391 -119.274 -99.1998 178.081 -32.5966 -111.996 181.133 -30.4654 -124.756 182.87 -37.4333 -111.298 205.785 -56.9946 14.677 9.62379 98.1522
152.155 168.813 144.216 145.106 147.35 143.438 158.968 81.736 81.3615 78.4985 -110.244 155.164 -60.5483 -80.2827 144.389 -119.203 -98.9747 177.976 -32.6172 -111.78 181.164 -30.491 -124.539 182.956 -37.442 -111.035 205.924 -57.0253 14.6551 9.6465 97.9449
152.042 168.81 144.208 145.124 147.36 143.292 158.682 81.7483 81.3402 78.5173 -109.87 155.519 -60.5322 -80.0 144.634 -119.079 -98.5261 178.15 -32.8483 -111.363 181.38 -30.6668 -124.125 183.167 -37.5963 -110.767 206.235 -57.1618 14.6994 9.6565 97.5197
152.058 168.562 144.302 145.207 147.44 143.315 158.187 81.8547 81.3932 78.6143 -109.387 155.91 -60.7504 -79.6487 144.93 -118.92 -97.9847 178.529 -33.0756 -110.839 181.744 -30.8439 -123.596 183.448 -37.7471 -110.48 206.613 -57.3623 14.7491 9.66829 97.0261
152.011 168.262 144.395 145.28 147.507 143.31 157.653 81.997 81.4976 78.7699 -108.796 156.237 -60.9797 -79.3165 145.146 -118.729 -97.3852 178.855 -33.2433 -110.238 182.029 -30.9756 -122.968 183.632 -37.8687 -110.128 206.895 -57.5471 14.8229 9.68412 96.5921
151.852 168.04 144.406 145.335 147.586 143.154 157.494 82.0812 81.5942 78.8921 -108.168 156.624 -61.1399 -78.8583 145.506 -118.844 -96.7618 179.2 -33.3887 -109.601 182.322 -31.0955 -122.3 183.852 -38.0089 -109.674 207.165 -57.7278 14.8981 9.70328 96.553
151.697 167.917 144.381 145.382 147.671 142.931 157.566 82.1289 81.6401 78.9066 -107.92 156.984 -61.269 -78.4346 145.894 -119.191 -96.2769 179.418 -33.5881 -109.112 182.568 -31.2712 -121.779 184.123 -38.216 -109.169 207.443 -57.9185 14.946 9.71757 96.6325
151.427 167.87 144.225 145.304 147.583 142.661 157.658 82.1294 81.6582 78.9042 -107.501 157.232 -61.1824 -77.8013 146.113 -119.302 -95.6053 179.541 -33.7788 -108.466 182.719 -31.4335 -121.116 184.29 -38.4057 -108.527 207.65 -58.0751 14.9761 9.71502 96.5512
151.266 167.853 144.234 145.365 147.61 142.56 157.419 82.1129 81.6529 78.9176 -106.928 157.587 -61.3267 -76.9432 146.368 -119.104 -94.7469 179.905 -34.0537 -107.633 183.028 -31.6663 -120.282 184.535 -38.6328 -107.85 207.965 -58.2948 15.0005 9.71383 96.0941
151.034 167.473 144.367 145.549 147.755 142.405 156.898 82.1009 81.6794 78.9736 -105.958 157.966 -61.4757 -75.9127 146.828 -118.958 -93.6667 180.323 -34.2928 -106.56 183.298 -31.8523 -119.195 184.698 -38.8147 -107.055 208.262 -58.4641 15.0716 9.70631 95.7254
150.726 167.201 144.253 145.521 147.722 142.134 156.935 82.19 81.8048 79.0578 -104.885 158.219 -61.2636 -74.97 147.308 -119.26 -92.583 180.413 -34.379 -105.491 183.376 -31.8782 -118.122 184.787 -38.8613 -106.152 208.484 -58.5097 15.1142 9.70315 95.8138
150.419 166.926 144.279 145.642 147.751 141.815 156.699 82.0644 81.74 78.9834 -104.069 158.576 -60.9882 -74.1355 147.724 -119.186 -91.7213 180.645 -34.4921 -104.647 183.616 -31.9574 -117.26 185.122 -38.9686 -105.234 208.869 -58.481 15.1681 9.68201 95.6569
150.169 166.277 144.715 145.972 147.948 141.458 156.113 82.0141 81.7054 78.904 -102.381 159.474 -61.2902 -71.8266 148.987 -119.387 -89.7005 181.268 -34.6921 -102.631 184.168 -32.1584 -115.184 185.73 -39.2256 -103.076 209.601 -58.4759 15.2299 9.66261 95.5193
150.134 166.188 144.911 146.18 148.053 141.389 156.255 81.8496 81.6618 78.79 -101.895 159.902 -61.6112 -71.0059 149.839 -120.05 -89.2825 181.663 -34.8954 -102.205 184.513 -32.3895 -114.717 186.203 -39.5324 -102.301 210.029 -58.5912 15.2343 9.61441 96.0436
150.043 166.0 145.092 146.364 148.135 141.416 155.874 81.5824 81.4969 78.588 -100.985 160.271 -62.2345 -69.9265 150.68 -120.406 -88.6112 182.128 -35.3608 -101.555 184.898 -32.8671 -114.03 186.638 -40.0651 -101.371 210.442 -58.8618 15.2362 9.57778 96.1042
149.834 165.736 145.296 146.555 148.234 141.208 155.499 81.495 81.4435 78.4493 -100.553 160.527 -62.4807 -68.9928 151.502 -120.816 -87.8888 182.368 -35.7184 -100.854 185.112 -33.2242 -113.303 186.899 -40.4926 -100.488 210.754 -59.0457 15.2444 9.56501 96.1514
149.696 165.633 145.437 146.613 148.215 141.125 155.378 81.4978 81.4876 78.4244 -99.663 160.616 -62.5812 -68.0618 151.817 -121.123 -87.0554 182.606 -35.9514 -100.033 185.333 -33.4727 -112.458 187.112 -40.8205 -99.6316 210.957 -59.3105 15.2704 9.56069 96.2828
149.529 165.502 145.546 146.676 148.212 140.944 155.214 81.3828 81.4529 78.3265 -98.7862 160.627 -62.7881 -67.313 152.0 -121.509 -86.2507 182.852 -36.3631 -99.2276 185.56 -33.8815 -111.623 187.342 -41.3086 -98.7373 211.113 -59.6926 15.3154 9.56569 96.3881
149.376 165.14 145.873 146.95 148.404 140.841 154.651 81.3409 81.427 78.2316 -97.8541 161.098 -63.2797 -66.5193 152.898 -121.936 -85.4409 183.348 -36.8955 -98.472 186.048 -34.3835 -110.879 187.819 -41.8661 -97.9223 211.639 -60.0935 15.2862 9.55011 96.3
149.245 164.815 146.246 147.208 148.545 140.732 154.147 81.2921 81.374 78.1339 -96.7386 161.415 -63.6582 -65.542 153.522 -122.219 -84.3533 183.909 -37.3735 -97.4521 186.566 -34.8281 -109.884 188.203 -42.3557 -97.0578 212.034 -60.4999 15.2839 9.54364 96.1583
149.196 164.864 146.531 147.313 148.604 140.748 154.098 81.3702 81.5112 78.2358 -95.4711 161.552 -64.0247 -64.5977 153.695 -122.507 -83.2864 184.447 -37.5605 -96.415 187.05 -35.0342 -108.844 188.562 -42.6458 -96.1054 212.252 -60.8545 15.2786 9.51915 96.3779
149.112 164.823 146.783 147.454 148.672 140.78 153.881 81.4178 81.6152 78.354 -94.0857 161.891 -64.5537 -63.8452 154.196 -122.914 -82.2781 184.954 -37.9027 -95.4384 187.53 -35.3435 -107.865 188.965 -42.9957 -95.2485 212.608 -61.2035 15.2853 9.50917 96.4593
148.956 164.768 146.934 147.454 148.588 140.709 153.669 81.5765 81.7371 78.4927 -92.5949 162.123 -64.6113 -62.8196 154.43 -123.03 -81.0527 185.258 -38.147 -94.2665 187.846 -35.5492 -106.713 189.133 -43.214 -94.4087 212.849 -61.5011 15.2845 9.53797 96.2598
148.808 164.65 147.293 147.527 148.499 140.847 153.382 81.4745 81.6769 78.5493 -91.3086 161.98 -64.3594 -62.009 153.604 -122.516 -79.8996 185.276 -38.1318 -93.1222 187.939 -35.5073 -105.505 189.133 -43.1716 -93.4512 212.72 -61.5993 15.4195 9.57813 96.0163
148.879 164.684 147.28 147.384 148.346 140.922 153.352 81.6515 81.8344 78.7597 -89.8692 161.751 -64.7305 -61.1797 153.28 -122.65 -78.7639 185.106 -38.2548 -91.9646 187.787 -35.6198 -104.355 188.924 -43.2704 -92.5105 212.497 -61.7498 15.4187 9.62169 95.8642
149.031 164.691 147.054 147.103 148.118 141.139 153.427 82.0085 82.1407 79.1005 -88.2461 161.637 -65.105 -60.3748 153.226 -123.02 -77.6513 184.846 -38.4125 -90.8473 187.566 -35.7445 -103.26 188.666 -43.3621 -91.672 212.372 -61.9741 15.3686 9.6629 95.7775
149.124 164.589 146.974 146.95 147.951 141.32 153.331 82.2057 82.2488 79.2401 -86.9271 161.553 -65.5739 -59.461 153.231 -123.185 -76.6065 184.659 -38.7079 -89.8178 187.398 -36.0167 -102.258 188.438 -43.5898 -90.8537 212.259 -62.2435 15.3253 9.70253 95.4657
149.029 164.612 146.714 146.693 147.707 141.238 153.432 82.4262 82.3889 79.4411 -85.4299 161.242 -65.292 -58.3991 152.831 -123.116 -75.3474 184.216 -38.7788 -88.6022 187.026 -36.0447 -101.051 187.999 -43.5778 -89.9447 211.961 -62.3454 15.3252 9.7481 95.1694
148.921 164.883 146.279 146.32 147.391 141.008 153.829 82.546 82.514 79.6114 -84.0294 160.775 -65.0845 -57.6219 152.535 -123.587 -74.2859 183.469 -38.8894 -87.5011 186.371 -36.1139 -99.9532 187.43 -43.6101 -88.971 211.517 -62.38 15.3388 9.81397 95.3243
148.811 165.002 145.78 145.948 147.071 140.825 154.156 82.6654 82.6155 79.7579 -82.5652 160.284 -65.0441 -56.9165 152.527 -124.302 -73.2963 182.521 -39.0509 -86.4475 185.53 -36.2321 -98.8846 186.743 -43.6912 -87.9514 211.032 -62.3645 15.377 9.89373 95.5977
148.685 165.184 145.376 145.649 146.841 140.584 154.391 82.7304 82.6398 79.9189 -81.4274 160.203 -64.8373 -56.0726 152.872 -124.772 -72.277 182.032 -39.3008 -85.4227 185.171 -36.409 -97.8638 186.465 -43.7864 -87.0376 210.969 -62.412 15.3768 9.9775 95.6358
148.574 165.502 144.903 145.327 146.576 140.289 154.849 82.7662 82.6046 79.9833 -80.5055 160.25 -64.7799 -55.3786 153.354 -125.421 -71.4522 181.533 -39.6051 -84.6094 184.844 -36.6496 -97.0554 186.3 -43.9409 -86.141 211.009 -62.4138 15.3519 10.0298 95.6977
148.59 165.823 144.499 145.02 146.334 140.14 155.161 82.9523 82.6592 80.1091 -79.6274 160.152 -64.5403 -54.8936 153.698 -126.094 -70.6772 180.925 -39.8367 -83.833 184.506 -36.8201 -96.2799 186.154 -44.0467 -85.3026 211.068 -62.4062 15.3487 10.1131 95.7403
148.639 166.078 144.087 144.685 146.078 140.191 155.464 83.127 82.6992 80.1951 -78.5487 159.915 -64.3454 -54.2901 153.805 -126.581 -69.9717 180.233 -39.9745 -83.1268 184.08 -36.9351 -95.5588 185.919 -44.1277 -84.4288 210.988 -62.3832 15.3459 10.1852 95.8049
148.54 166.183 143.778 144.424 145.896 139.982 155.571 83.2609 82.6734 80.2391 -77.9108 159.804 -64.0633 -53.5321 154.062 -126.92 -69.1407 179.661 -40.169 -82.3162 183.705 -37.0848 -94.7331 185.655 -44.2182 -83.6028 210.928 -62.3627 15.3654 10.2644 95.7031
148.416 166.249 143.463 144.246 145.809 139.725 155.709 83.33 82.5485 80.2196 -77.4535 160.02 -63.8665 -52.8998 154.614 -127.336 -68.3967 179.278 -40.5255 -81.6147 183.538 -37.3543 -94.0257 185.61 -44.3922 -82.8969 211.119 -62.3643 15.3861 10.3581 95.458
