155.789 170.79 148.324 148.708 133.345 160.854 161.115 80.4058 76.8946 75.8288 175.775 385.525 -10.9868 170.739 345.033 -60.8443 155.721 402.487 21.4333 157.774 396.742 32.4619 165.759 382.574 36.9425 131.787 375.33 21.4612 20.6667 9.41572 104.82
156.001 170.271 148.438 148.586 132.74 160.747 160.349 80.6571 77.1464 76.108 175.704 385.479 -11.2843 170.9 345.574 -60.6357 155.508 402.492 21.2931 157.585 396.715 32.2469 165.749 382.345 36.7021 131.697 375.161 21.3011 20.7668 9.44863 104.205
156.032 169.849 148.436 148.463 132.294 160.818 159.837 80.6793 77.1487 76.0128 175.591 385.358 -11.606 170.98 345.761 -60.5792 155.443 402.383 21.0705 157.559 396.625 31.991 165.913 382.105 36.4504 131.684 375.007 21.1601 20.9466 9.47839 103.779
155.999 169.569 148.367 148.388 132.141 160.917 159.256 80.5641 77.081 75.7047 175.396 385.352 -11.9765 170.948 345.842 -60.3972 155.337 402.216 20.8306 157.506 396.533 31.7517 166.013 381.836 36.2627 131.627 374.882 21.1003 21.1066 9.50855 103.316
155.927 169.001 148.228 148.178 132.058 161.182 157.745 80.3411 76.93 75.3529 175.185 385.292 -12.4695 170.996 346.404 -59.9105 155.082 401.818 20.5991 157.326 396.25 31.5044 166.201 381.282 36.0268 131.502 374.576 21.0707 21.5424 9.57009 102.25
156.108 168.825 148.006 148.06 131.602 161.504 157.386 80.1153 76.714 75.0218 175.061 385.646 -13.0197 170.979 346.727 -59.8997 154.83 401.589 20.5432 157.134 396.052 31.4458 166.365 380.868 35.8436 131.474 374.369 21.0218 22.0886 9.58739 102.031
156.277 168.769 148.017 148.049 130.786 161.274 157.517 80.0284 76.669 74.8287 174.992 385.607 -13.1876 170.956 346.594 -59.7767 154.655 401.507 20.5922 156.982 395.979 31.4279 166.383 380.54 35.7809 131.489 374.319 20.9913 22.3731 9.65616 102.228
156.365 168.37 148.214 148.106 130.207 161.044 157.578 79.9629 76.5801 74.7153 175.125 385.449 -13.0112 171.227 346.645 -59.5888 154.508 401.38 20.8111 156.783 395.786 31.6008 166.303 380.194 35.8821 131.513 374.216 20.9681 22.594 9.69313 102.405
156.288 168.4 148.416 148.069 129.894 160.688 157.76 79.6862 76.3086 74.2221 175.19 385.297 -12.7431 171.231 346.546 -59.3556 154.333 401.227 20.9979 156.565 395.591 31.7663 166.226 379.804 36.0226 131.511 374.198 20.9899 22.854 9.73376 102.768
156.291 168.4 148.424 148.033 129.877 160.922 157.982 79.4343 76.0661 73.816 175.155 385.536 -12.8468 171.145 346.512 -59.4141 154.376 401.269 21.0338 156.598 395.646 31.8673 166.149 379.913 36.1732 131.558 374.369 21.0583 22.7897 9.7006 102.996
156.403 168.45 148.452 148.024 130.02 161.184 158.678 79.3028 75.8793 73.5815 175.166 385.907 -12.9612 170.913 346.251 -59.7763 154.494 401.463 20.9557 156.698 395.816 31.8748 166.243 380.15 36.156 131.648 374.581 21.101 22.8303 9.63686 103.474
156.431 168.567 148.696 148.089 130.172 161.424 158.952 79.1248 75.6361 73.1994 175.163 385.996 -12.8841 170.769 346.081 -59.94 154.423 401.503 20.9473 156.613 395.827 31.9311 166.168 380.234 36.2248 131.669 374.619 21.1432 22.8067 9.59526 103.831
156.413 168.683 148.874 148.179 130.271 161.552 159.109 78.8866 75.365 72.7917 175.228 386.067 -12.6878 170.611 345.904 -60.0725 154.387 401.309 21.0438 156.544 395.605 32.096 166.107 380.011 36.3265 131.627 374.503 21.2215 22.9609 9.5498 104.131
156.348 168.756 149.047 148.273 130.099 161.65 159.272 78.9081 75.2996 72.8306 175.349 386.203 -12.4694 170.651 346.007 -60.2879 154.432 401.314 21.1134 156.537 395.543 32.2171 166.054 380.05 36.3072 131.639 374.428 21.251 23.0318 9.49432 104.24
156.265 168.919 149.238 148.356 130.123 161.7 159.848 78.6981 75.0768 72.7011 175.493 386.043 -12.1804 170.505 345.693 -60.4375 154.586 401.222 21.1956 156.641 395.441 32.34 165.855 380.202 36.4716 131.707 374.463 21.3423 22.7456 9.48704 104.618
156.268 169.281 149.509 148.389 130.476 161.971 159.745 78.6695 75.1112 73.039 175.623 385.834 -11.9811 170.567 345.93 -60.3643 154.738 401.094 21.3442 156.777 395.337 32.4803 165.559 380.516 36.7509 131.759 374.345 21.5151 22.1221 9.50675 104.347
156.137 167.799 151.911 149.377 130.268 162.481 158.596 79.1159 75.7619 72.9508 176.468 385.484 -11.2115 171.047 346.701 -60.0368 155.008 401.368 21.7274 156.817 395.529 33.0765 165.337 380.229 37.4962 131.913 374.331 21.6774 21.9768 9.26454 104.059
155.965 167.57 154.174 150.479 130.223 162.951 158.028 79.3144 76.2678 73.1295 177.358 385.056 -10.39 171.382 346.857 -59.7638 155.25 401.56 22.2143 156.834 395.7 33.7144 165.384 379.891 38.3396 132.122 374.465 21.8685 22.013 9.1162 104.426
155.605 167.492 156.14 151.752 130.252 163.02 157.101 79.1409 76.5088 73.4112 178.127 384.685 -9.26172 171.741 347.601 -59.4833 155.433 401.733 22.6333 156.935 395.909 34.24 165.414 379.876 38.923 132.324 374.815 22.0309 22.0667 9.00517 104.479
156.502 166.193 157.993 154.457 132.103 162.965 153.883 77.9902 76.2423 72.4594 178.766 384.275 -8.17205 171.893 348.476 -59.0659 155.896 401.55 22.6297 157.414 395.882 34.8457 165.069 379.542 40.0481 132.636 375.412 22.4056 21.5326 8.47388 104.12
155.58 166.96 159.388 154.865 132.144 162.984 152.992 78.3666 76.7892 72.6788 179.491 384.291 -7.39889 172.166 349.737 -58.7763 156.099 401.937 23.0201 157.325 396.247 35.284 165.305 379.261 40.6639 132.795 375.608 22.5687 21.8927 8.44667 103.728
156.535 165.631 160.87 156.933 134.214 163.461 151.602 77.444 76.4466 72.016 180.209 384.063 -6.34953 172.453 350.734 -58.6607 156.435 401.774 23.2072 157.347 396.051 36.0055 165.017 378.63 41.869 132.996 376.024 22.8186 21.7726 7.99292 103.766
157.421 164.912 161.183 159.413 136.457 163.259 149.934 75.7006 75.5677 71.2289 180.775 383.438 -4.74122 172.574 350.885 -58.6335 156.951 401.027 23.4597 157.737 395.372 37.0691 164.709 377.93 42.8491 133.277 376.523 23.1322 22.0114 7.25511 104.58
157.352 165.024 161.955 160.708 139.238 162.919 148.152 75.1708 75.7725 71.7184 180.589 383.208 -4.45745 172.208 351.531 -58.8709 157.404 400.96 23.0887 157.888 395.403 37.5166 165.152 377.369 43.5598 133.382 376.788 23.3643 22.6385 6.58161 104.295
158.953 167.665 163.008 161.897 141.719 163.494 148.729 74.9097 75.8352 71.9647 180.612 383.215 -4.78871 171.486 351.386 -59.6213 157.755 401.01 22.6068 157.931 395.445 37.7324 165.704 376.866 44.0212 133.516 376.923 23.5246 23.3915 6.04214 104.518
157.354 169.31 163.963 160.936 140.661 163.313 149.946 76.2039 76.8314 73.3805 180.686 383.941 -5.42997 171.036 351.107 -59.9911 157.5 402.013 22.3951 157.949 396.415 36.9152 166.477 377.588 43.1523 133.531 376.899 23.3262 23.8114 6.47795 104.795
155.937 171.015 164.116 161.78 141.664 164.032 150.455 75.5776 75.7431 73.4214 180.84 383.722 -5.34355 170.79 351.31 -60.4222 157.378 401.897 22.1865 158.142 395.853 36.7947 166.61 377.798 43.2269 133.656 377.011 23.29 23.2992 6.07873 104.996
154.351 174.27 166.927 167.019 147.304 165.914 153.543 72.0982 72.6217 70.3432 182.367 383.858 -3.06291 166.228 351.579 -62.8794 157.818 400.765 22.7503 158.346 394.043 38.7348 167.162 374.639 45.129 134.316 378.082 23.6321 26.3835 4.3042 110.453
157.267 174.27 169.835 169.891 150.451 166.589 153.626 67.9873 70.186 66.5412 183.901 383.661 -0.86711 164.738 351.502 -63.5026 158.241 399.118 23.119 158.088 392.407 40.6053 166.989 371.04 46.8485 135.043 378.98 23.8322 29.8276 2.94766 114.907
161.315 174.27 172.932 170.629 152.338 167.665 152.78 66.6169 69.7357 64.3875 183.207 384.629 -2.27086 162.728 352.303 -64.8222 158.401 398.974 22.0517 157.823 392.392 40.8015 167.315 369.17 47.238 135.262 379.337 23.8542 32.4005 2.56847 115.441
163.533 174.27 172.624 171.595 153.762 167.765 152.783 66.2875 69.5579 62.9673 182.625 384.273 -3.01493 162.638 352.368 -65.3326 157.88 398.756 21.4436 157.586 392.196 40.4451 167.205 368.695 46.9237 135.04 378.978 23.6722 32.5815 2.49953 114.782
162.959 174.27 170.896 172.83 155.106 166.721 153.122 65.728 69.3314 61.6764 181.481 383.035 -3.35274 163.456 352.039 -65.2625 157.672 398.234 21.1145 157.912 391.869 40.2565 167.018 368.938 46.2547 134.882 378.772 23.5796 31.8576 2.31454 113.585
163.065 174.27 169.626 174.053 156.919 166.357 152.362 65.4941 69.3737 61.8475 180.865 382.585 -3.91697 164.862 351.824 -64.7708 157.297 398.102 20.889 158.189 391.87 39.9382 167.265 369.845 45.498 134.724 378.648 23.4365 30.9805 2.05089 112.369
163.232 174.27 167.534 175.257 158.468 165.655 152.885 65.3332 69.7247 62.205 180.159 382.252 -4.3565 166.08 351.418 -64.5005 157.573 397.911 20.8676 159.062 391.89 39.8665 167.291 371.015 44.8524 134.647 378.749 23.4025 29.419 1.84449 111.373
163.526 174.27 166.547 175.732 159.113 164.99 152.435 65.9274 70.7534 63.142 179.952 382.155 -4.4644 166.765 351.581 -64.3568 157.831 398.232 20.9704 159.872 392.471 39.7261 167.338 372.369 44.2357 134.56 378.922 23.4527 28.3019 1.86475 110.257
163.511 174.27 165.201 175.474 160.168 164.762 153.09 66.002 71.0249 64.1606 179.911 381.89 -4.42969 167.354 351.266 -64.3298 157.865 398.17 21.2393 160.259 392.56 39.5653 167.348 373.435 43.812 134.516 378.983 23.4221 27.3707 2.23386 110.169
163.002 175.14 164.847 174.997 161.396 164.887 152.915 65.9259 71.0011 65.339 180.023 381.508 -4.11658 168.367 350.747 -63.5163 157.537 397.97 21.5341 160.351 392.377 39.364 167.345 374.269 43.6142 134.411 378.844 23.377 26.5091 2.69427 110.119
162.124 179.522 164.704 174.545 161.295 164.396 151.605 66.664 71.8071 66.7549 180.131 381.049 -3.77073 169.211 350.583 -62.5937 157.664 398.238 21.6368 160.657 392.679 39.2239 167.382 374.915 43.5181 134.288 378.789 23.4142 25.8865 2.93606 109.251
161.547 178.485 163.472 173.494 161.538 163.779 151.16 66.8784 72.346 67.8446 180.063 380.451 -3.50043 169.777 349.541 -61.6919 157.829 398.111 21.879 160.945 392.733 39.2493 167.258 375.471 43.4508 134.174 378.806 23.4512 25.2716 3.27655 109.289
161.404 179.784 163.63 170.343 159.352 164.022 149.687 68.9175 73.4843 69.6848 179.688 380.667 -4.37927 170.096 349.65 -60.6385 158.161 399.188 21.6321 160.916 393.455 39.0345 167.283 376.19 43.7919 133.934 378.685 23.4893 24.3834 2.96416 107.872
160.811 174.27 162.502 167.286 157.241 164.234 148.338 71.2057 74.7187 71.6787 179.592 381.006 -4.98653 170.975 349.479 -59.2364 158.394 400.301 21.6841 160.61 394.267 38.7798 167.264 376.744 44.0678 133.688 378.487 23.4877 23.7826 3.16831 106.829
159.534 178.912 162.381 162.236 147.697 163.759 150.45 75.1236 76.637 75.4436 179.889 382.25 -5.43992 172.103 349.733 -59.1613 157.822 402.241 22.3158 159.948 395.781 37.8 166.813 378.775 43.2562 133.276 377.886 23.1675 22.3016 4.54161 105.957
158.446 175.888 161.574 158.455 142.414 163.389 152.363 77.9903 78.0185 77.0447 179.929 383.41 -6.1402 172.994 349.613 -58.7049 157.3 403.482 22.7175 159.162 396.919 36.832 166.639 379.935 42.3 132.921 377.346 22.8605 21.8421 5.87965 105.174
156.041 171.756 159.86 154.781 135.873 162.306 154.39 79.9548 78.7506 78.1494 179.895 383.642 -5.79775 174.106 349.354 -58.1154 156.734 403.686 23.6458 158.117 397.19 36.2211 165.823 380.695 41.1158 132.427 376.733 22.3709 21.5865 7.50148 104.766
154.62 170.176 160.199 153.815 132.961 161.966 155.512 80.2147 78.5721 77.8352 179.704 383.599 -5.72828 173.875 348.815 -58.0279 156.32 403.627 23.7391 157.389 397.265 35.7565 165.537 380.798 40.7046 132.192 376.619 22.1104 21.5818 8.21747 105.017
153.642 168.281 160.75 153.318 131.169 161.585 155.189 80.2987 78.4205 77.5369 179.769 383.196 -5.36692 173.987 348.946 -57.5833 155.784 403.295 23.8121 156.621 397.079 35.4301 165.229 380.547 40.3824 131.927 376.295 21.8696 21.7718 8.76099 104.531
152.943 168.007 161.344 153.253 130.26 161.346 156.151 80.4605 78.299 77.2029 179.658 382.753 -5.15218 173.733 347.948 -57.5446 155.555 403.075 23.7047 156.042 396.924 35.1384 164.887 380.298 40.2793 131.681 376.078 21.6763 21.6913 9.10793 104.821
152.236 168.415 161.775 153.494 129.732 161.021 157.424 80.4862 78.1375 76.4573 179.49 382.625 -5.02827 173.064 346.8 -57.7328 155.428 403.033 23.3944 155.65 396.941 34.798 164.767 379.935 40.1958 131.511 376.044 21.523 21.8073 9.30293 105.449
151.544 168.932 161.197 153.094 130.398 160.449 159.437 81.1313 78.4118 76.0533 179.206 382.523 -5.0141 172.456 345.676 -58.3039 155.558 403.28 22.9487 155.369 397.119 34.4045 164.793 379.514 39.8712 131.311 375.915 21.2933 22.2716 9.40344 106.009
150.891 167.965 160.6 152.482 131.174 160.119 159.9 81.5265 78.6849 75.5048 178.968 381.891 -5.04865 171.984 345.347 -58.3588 155.442 403.111 22.5123 155.03 397.015 33.9614 164.787 378.605 39.382 131.009 375.531 21.0508 23.1916 9.5438 105.651
151.352 167.546 161.658 154.528 134.922 161.903 157.284 80.5083 78.1455 75.0362 178.605 380.828 -5.73732 171.369 345.696 -58.276 155.333 402.353 21.5973 154.901 396.127 33.8578 164.249 377.678 39.7994 130.776 375.13 20.9098 22.7424 8.78915 105.004
151.308 165.923 159.576 152.454 135.78 162.003 157.698 81.2155 78.8539 74.3618 178.177 381.685 -7.0427 170.603 346.478 -58.7812 155.211 402.542 21.0233 154.906 396.465 33.0813 164.303 377.325 38.8787 130.485 374.941 20.7037 23.3747 8.99348 103.909
152.934 167.623 155.237 150.657 133.64 161.466 158.362 81.1718 78.4403 74.3265 177.141 382.431 -8.47259 170.178 346.215 -59.4939 155.096 402.198 20.8387 155.368 396.307 32.5525 164.597 378.015 37.6913 130.36 374.875 20.4682 23.1991 9.21498 103.668
154.132 169.119 151.6 149.261 131.99 160.943 159.388 81.3611 78.2551 74.6033 176.274 383.478 -9.75839 169.906 345.926 -60.3464 155.059 402.154 20.5171 155.72 396.347 31.9693 164.912 378.773 36.532 130.23 374.849 20.2253 23.1479 9.38442 103.549
154.859 169.851 148.973 148.203 130.43 160.57 159.823 81.4247 78.134 74.9394 175.61 384.565 -10.6603 169.698 346.149 -60.7339 154.995 402.268 20.3617 156.016 396.557 31.5903 165.37 379.387 35.6728 130.177 374.971 20.2015 23.419 9.52787 103.251
156.476 168.976 148.384 147.364 132.092 161.879 161.69 81.8882 78.5762 76.4092 175.049 384.559 -12.1275 168.818 345.438 -61.4754 155.144 402.335 19.549 156.47 396.471 30.761 165.62 379.848 35.2995 130.026 374.664 20.168 22.4971 9.35143 103.022
157.802 167.967 148.554 146.567 134.885 163.122 163.635 82.3721 78.9916 77.944 174.754 384.445 -13.1125 167.877 345.015 -61.9811 155.371 402.389 18.8889 156.866 396.299 30.2109 165.867 380.132 35.1673 129.857 374.373 20.255 21.8153 9.07681 102.604
158.786 167.831 148.835 145.919 137.896 164.249 164.985 82.9264 79.5854 79.563 174.481 384.797 -14.3086 166.996 344.602 -62.561 155.449 402.63 18.2727 157.154 396.359 29.7401 166.286 380.469 34.9753 129.776 374.124 20.3196 21.4754 8.77555 102.503
159.669 165.796 150.241 146.179 137.007 164.111 165.332 83.3462 80.1687 79.1951 175.143 384.238 -13.7537 167.026 345.076 -62.2276 155.294 402.614 18.562 156.95 396.329 30.1024 166.161 379.555 35.1124 129.655 373.827 20.3341 22.3408 8.64417 102.213
159.493 163.38 151.794 146.768 135.611 163.879 165.278 83.3663 80.4108 78.7723 175.793 383.987 -12.9842 167.333 345.794 -61.6265 155.219 402.594 18.955 156.79 396.356 30.5215 166.237 378.735 35.3663 129.619 373.82 20.3805 23.2935 8.61439 101.84
159.431 159.826 153.394 147.763 134.675 163.574 165.705 83.1697 80.4504 78.1614 176.099 384.123 -12.7449 167.555 347.06 -61.2061 155.005 402.861 19.1637 156.613 396.662 30.7474 166.274 378.24 35.3542 129.689 374.042 20.4191 24.2949 8.58793 101.391
158.541 163.542 151.631 147.849 132.184 162.64 163.107 82.5763 79.75 77.6307 175.577 384.615 -12.5216 168.041 346.962 -60.9787 154.865 402.633 19.6847 156.638 396.658 30.9403 166.116 378.829 35.3015 129.768 374.383 20.4341 23.9764 8.96663 101.816
158.158 166.728 149.972 147.759 131.03 162.038 161.918 82.4496 79.5094 77.5874 175.317 385.324 -12.4335 168.491 346.711 -61.0314 155.005 402.644 19.8878 156.889 396.786 30.9676 166.017 379.645 35.2314 129.868 374.571 20.4335 23.2522 9.15747 102.121
157.743 168.385 148.81 147.641 130.448 161.643 161.149 82.3031 79.2756 77.5733 175.033 385.838 -12.3862 168.82 346.42 -60.9974 155.018 402.718 20.0179 156.995 396.952 30.9631 165.838 380.447 35.2371 129.939 374.757 20.4678 22.5398 9.31466 102.413
157.422 169.075 148.012 147.566 130.057 161.37 160.315 82.142 79.0295 77.5497 174.736 386.135 -12.4741 169.066 346.394 -60.8855 154.956 402.735 20.0482 157.027 397.058 30.8737 165.714 381.064 35.1869 129.992 374.86 20.4836 22.0245 9.45849 102.369
157.099 169.331 147.619 147.653 130.041 161.254 159.618 81.9559 78.7044 77.3958 174.587 386.149 -12.3168 169.404 346.373 -60.6982 154.904 402.638 20.2342 156.968 396.975 30.9944 165.464 381.45 35.3638 130.023 374.887 20.5303 21.5524 9.5479 102.39
156.808 169.452 147.361 147.772 129.921 161.048 159.069 81.7624 78.4208 77.3588 174.439 386.241 -12.2148 169.642 346.405 -60.5393 154.803 402.551 20.3495 156.918 396.907 31.0557 165.397 381.672 35.3468 130.017 374.917 20.6089 21.4909 9.61216 102.284
157.414 168.532 148.864 148.379 131.833 162.498 159.087 81.9816 78.698 77.9018 174.442 385.84 -12.7006 169.587 346.206 -60.6011 154.73 402.484 20.2391 156.854 396.704 31.1011 165.201 381.644 35.9606 129.94 374.574 20.7878 20.6877 9.3898 102.046
156.857 169.131 148.649 148.589 132.916 162.27 159.19 82.0057 78.5347 78.2589 174.319 385.743 -12.1423 169.92 346.235 -60.5175 154.749 402.526 20.6342 156.845 396.703 31.4114 164.741 382.409 36.3952 130.021 374.602 20.9928 19.8657 9.46632 102.206
156.487 169.384 148.614 148.713 132.894 161.904 159.157 81.9425 78.3433 78.0833 174.36 385.834 -11.6182 170.103 346.431 -60.2957 154.757 402.865 20.7045 156.852 397.032 31.4821 164.807 382.866 36.4313 130.157 374.884 21.175 19.8902 9.4897 102.186
156.176 168.94 150.615 149.189 134.124 162.78 158.507 81.8431 78.2856 78.4087 174.529 385.517 -11.6855 169.876 346.458 -60.1451 154.793 403.009 20.3908 156.795 397.029 31.4101 164.882 382.863 36.7896 130.219 374.892 21.3516 19.6343 9.2616 101.971
155.669 169.433 153.178 149.871 136.028 163.816 157.487 81.5783 78.1007 78.8878 175.037 385.231 -11.4209 169.621 346.702 -59.8788 154.736 403.129 20.1058 156.654 396.947 31.4657 164.857 382.809 37.322 130.282 374.896 21.5023 19.4096 8.91191 101.844
154.745 168.155 155.366 150.558 135.734 163.477 156.373 81.7057 78.4742 77.9488 175.892 384.53 -10.4043 169.696 347.712 -59.3511 154.637 403.36 20.1968 156.277 397.232 31.8034 164.666 381.995 37.5178 130.329 374.964 21.564 20.4461 8.75769 101.274
153.532 167.668 157.319 151.309 135.196 163.111 155.937 81.6274 78.6831 76.9748 176.526 383.988 -9.39012 169.896 348.262 -58.9929 154.411 403.572 20.3842 155.838 397.519 32.1625 164.728 381.101 37.746 130.437 375.085 21.5958 21.7414 8.67758 101.326
152.435 168.184 159.021 152.41 134.201 162.632 156.151 80.4738 78.0727 75.6239 176.969 383.284 -7.97793 169.989 348.175 -58.9984 154.03 403.289 20.7495 155.363 397.447 32.6335 164.613 380.437 38.0884 130.603 375.388 21.536 22.6524 8.73074 102.479
151.803 168.518 160.72 153.486 133.673 162.619 154.765 79.9636 77.9598 75.4041 177.254 382.851 -7.53562 170.247 348.755 -58.7536 153.574 403.079 20.9364 154.771 397.335 32.9599 164.571 379.778 38.3898 130.618 375.277 21.4232 23.4313 8.69157 102.732
151.41 168.157 161.175 153.776 132.926 162.593 153.65 80.0722 78.3405 75.3497 177.459 382.659 -7.46579 170.495 349.487 -58.5478 153.273 403.003 21.0065 154.314 397.369 33.0729 164.612 379.064 38.4219 130.552 375.03 21.3155 24.3085 8.72775 102.354
151.313 166.215 161.805 154.191 132.478 162.179 152.422 79.8454 78.2829 74.3992 177.311 382.642 -7.95338 170.416 350.407 -58.4016 152.894 402.895 20.9291 153.896 397.346 32.9531 164.541 378.253 38.2024 130.548 374.882 21.2325 25.2635 8.84622 101.937
152.343 164.717 161.031 153.577 135.628 163.158 153.192 79.627 77.9315 74.8622 177.014 382.639 -9.35112 169.823 350.261 -58.6375 152.934 402.356 20.3928 154.105 396.64 32.4528 164.313 378.288 38.3358 130.378 374.44 21.1275 23.9708 8.69715 101.367
153.567 165.791 157.933 152.173 134.991 162.897 154.18 79.0674 76.9956 74.1711 176.279 382.935 -10.1911 169.726 349.433 -58.9559 153.04 401.62 20.5945 154.484 395.942 32.4238 164.056 378.62 38.0254 130.264 374.405 20.9516 23.0842 8.88199 101.738
154.177 166.505 155.51 151.07 134.014 162.572 154.564 78.6968 76.3055 73.7495 175.699 383.231 -10.9274 169.656 348.914 -59.0798 153.199 401.177 20.5386 154.859 395.552 32.1466 164.125 378.968 37.447 130.21 374.473 20.7988 22.6929 9.09073 101.638
154.818 169.549 153.233 150.126 133.322 162.16 156.338 78.5432 75.9494 73.6569 174.851 383.748 -12.0925 169.112 347.553 -59.7228 153.344 401.028 20.2177 155.226 395.496 31.6601 164.189 379.559 36.7984 130.152 374.626 20.6304 22.2109 9.25741 102.287
155.227 170.145 151.338 149.409 132.779 161.807 157.773 78.5161 75.7071 73.5815 174.318 384.479 -12.806 168.785 346.7 -60.2427 153.452 401.112 20.0023 155.469 395.594 31.3293 164.379 380.004 36.2081 130.12 374.854 20.4784 22.1882 9.35743 102.886
155.556 169.812 150.06 148.873 131.673 161.58 158.845 78.4531 75.4831 73.638 173.881 385.151 -13.3694 168.562 346.097 -60.7467 153.521 401.31 19.8518 155.624 395.798 31.0846 164.572 380.467 35.6492 130.141 375.171 20.3232 22.3687 9.44668 103.56
155.711 169.984 148.551 148.176 130.831 161.156 160.121 78.5649 75.3153 73.6085 173.633 385.638 -13.5322 168.527 345.543 -61.5453 153.623 401.499 19.6173 155.657 395.94 30.7641 164.376 381.065 35.1471 130.127 375.38 19.9228 21.9973 9.55441 104.311
155.705 170.062 147.992 147.994 130.296 160.817 160.441 79.0383 75.6514 74.0989 173.752 386.025 -13.2972 168.639 345.828 -62.0113 153.742 401.865 19.5254 155.712 396.216 30.6602 164.327 381.501 34.8814 130.112 375.481 19.6559 21.7852 9.51672 104.478
156.141 169.145 148.89 148.273 132.268 161.872 160.946 79.6652 76.4839 75.3083 173.874 385.874 -13.8002 168.302 345.353 -62.4766 153.887 402.013 18.8821 155.784 396.236 30.1867 164.298 381.589 35.1601 130.022 375.055 19.4794 20.5837 9.2887 104.49
156.25 169.741 148.144 148.068 132.368 161.349 161.18 79.8407 76.5327 75.5242 173.72 386.336 -13.9167 167.895 345.165 -62.7297 153.999 402.127 18.7078 155.957 396.329 30.0185 164.637 381.634 34.7106 130.029 375.132 19.3738 21.0197 9.24846 104.702
156.214 170.181 147.793 147.973 131.933 160.956 161.44 79.9065 76.4487 75.3796 173.658 386.746 -13.853 167.669 345.052 -63.0465 154.0 402.389 18.524 155.962 396.545 29.8791 164.667 381.846 34.4011 130.044 375.328 19.2598 21.183 9.20623 104.997
156.115 170.392 147.25 147.797 131.624 160.633 160.839 80.0631 76.5611 75.4824 173.652 387.395 -13.9364 167.9 346.001 -63.1244 153.874 402.64 18.4797 155.909 396.801 29.7952 164.623 382.136 34.1196 130.01 375.455 19.1421 21.3037 9.21287 104.471
155.92 170.199 147.262 147.785 131.195 160.374 160.062 80.0609 76.4707 75.2834 173.768 387.461 -13.6553 168.175 346.781 -62.9674 153.769 402.661 18.5722 155.789 396.797 29.8481 164.427 382.207 34.0673 129.979 375.466 19.0852 21.2976 9.24734 104.005
155.657 169.821 147.289 147.791 130.983 160.139 159.581 79.9315 76.2538 74.9658 173.874 387.517 -13.3714 168.37 347.197 -62.784 153.699 402.65 18.7065 155.708 396.731 29.9779 164.367 382.139 34.1005 129.98 375.525 19.0831 21.4333 9.24086 103.871
155.532 169.654 147.512 147.851 130.693 160.026 159.339 79.8551 76.1362 74.8666 174.004 387.423 -13.1321 168.36 347.232 -62.7069 153.723 402.62 18.7341 155.71 396.679 30.0183 164.405 382.058 34.0077 129.944 375.596 19.0774 21.6701 9.22885 103.817
155.386 169.767 147.669 147.987 130.776 159.857 159.405 79.8254 76.1201 74.8302 173.952 387.18 -12.9613 168.245 346.937 -62.5922 153.647 402.595 18.8286 155.67 396.664 30.095 164.291 382.062 34.0415 129.856 375.665 19.1185 21.6935 9.22552 103.994
155.329 169.761 147.813 148.106 130.795 159.774 159.464 79.7546 76.0963 74.7689 173.837 386.974 -12.9862 168.073 346.661 -62.4517 153.673 402.633 18.8613 155.721 396.756 30.1258 164.255 382.155 34.0844 129.817 375.859 19.2069 21.6986 9.23758 104.037
155.2 169.751 148.108 148.239 130.684 159.75 159.359 79.6988 76.0468 74.6672 173.837 386.767 -12.7833 167.998 346.622 -62.3569 153.73 402.68 18.872 155.747 396.821 30.16 164.247 382.175 34.1407 129.786 376.009 19.2658 21.7309 9.23424 103.952
155.257 170.01 148.189 148.21 130.593 159.834 159.469 79.7935 76.1998 74.8442 173.753 386.657 -12.8596 167.86 346.309 -62.3443 153.891 402.797 18.8204 155.91 396.983 30.1092 164.319 382.346 34.1588 129.804 376.129 19.345 21.6079 9.24259 104.0
155.283 170.199 148.177 148.193 130.838 159.88 159.678 80.0137 76.4006 75.0482 173.746 386.626 -12.8512 167.894 346.12 -62.3988 154.031 402.925 18.8777 156.011 397.105 30.1628 164.294 382.511 34.2617 129.813 376.191 19.3758 21.4301 9.23392 104.096
155.199 170.277 148.154 148.23 131.23 159.849 159.652 80.2206 76.6239 75.3817 173.869 386.746 -12.6872 168.082 346.292 -62.3616 154.174 403.062 19.001 156.146 397.222 30.2609 164.279 382.707 34.3839 129.839 376.239 19.4026 21.2558 9.22074 104.049
155.228 170.241 148.116 148.286 132.129 159.841 159.438 80.2999 76.7927 75.5957 173.887 386.831 -12.7801 168.344 346.496 -62.2119 154.303 403.076 19.1284 156.28 397.254 30.3686 164.081 382.974 34.7005 129.869 376.231 19.4188 20.6793 9.21824 103.93
