167.027 175.347 130.433 135.505 136.801 165.291 173.377 83.9144 85.7048 84.6862 132.162 192.23 41.1132 123.062 185.016 -31.093 98.1413 195.665 65.5924 84.0721 197.051 70.8003 71.3446 196.785 65.1099 80.4799 228.934 44.1804 13.0869 8.94214 104.251
166.408 175.366 130.019 135.429 136.66 165.153 173.587 83.7791 85.6698 84.4669 132.063 193.104 40.768 122.285 185.412 -31.5647 97.6038 196.193 65.2691 83.5845 197.515 70.524 70.6876 197.142 64.7947 79.8854 229.279 43.8326 12.9714 8.92869 104.558
166.035 175.374 129.831 135.483 136.517 165.252 173.697 83.6357 85.6255 84.2207 131.831 193.936 40.4821 121.504 185.656 -31.8608 97.0824 196.612 64.9503 83.1149 197.882 70.2544 70.0616 197.441 64.4595 79.2701 229.599 43.5175 12.9094 8.92627 104.664
165.667 175.355 129.898 135.712 136.302 165.239 173.679 83.5028 85.5671 83.8902 131.091 194.504 40.3618 120.619 185.807 -31.9406 96.4737 197.048 64.6989 82.5318 198.375 70.0427 69.2879 197.945 64.13 78.7128 230.11 43.2888 12.8629 8.91061 104.623
165.377 175.277 130.032 135.831 136.05 165.261 173.49 83.4224 85.5651 83.6854 129.763 194.773 40.0308 119.769 186.164 -32.0167 95.944 197.584 64.3797 82.0367 198.93 69.7891 68.6649 198.492 63.8007 78.1058 230.709 43.0405 12.8628 8.9136 104.413
164.624 175.179 130.105 135.99 136.041 165.029 173.256 83.4557 85.5805 83.5627 128.226 194.736 39.4394 118.906 186.31 -32.3005 95.2993 197.878 63.8667 81.4287 199.271 69.3133 67.9705 198.825 63.3007 77.4286 231.079 42.5897 12.8549 8.92679 104.111
163.804 175.173 130.164 136.19 136.088 164.69 173.109 83.596 85.6594 83.481 126.671 194.688 38.785 117.99 186.577 -32.6641 94.5091 198.161 63.3781 80.6579 199.681 68.8422 67.1138 199.275 62.7637 76.7229 231.502 42.1489 12.8456 8.9549 103.865
163.668 175.203 130.11 136.386 135.978 164.443 173.121 83.6044 85.6308 83.2328 126.058 195.271 38.0109 117.037 186.72 -32.9052 93.834 198.723 62.988 79.9852 200.287 68.4583 66.2882 199.896 62.3233 76.0565 232.023 41.7086 12.8046 8.91106 103.732
163.602 175.215 130.008 136.484 135.727 164.503 173.073 83.5306 85.5576 82.9629 125.884 196.229 37.2793 116.092 186.978 -33.1211 93.2117 199.345 62.5629 79.3855 200.899 68.0459 65.5089 200.499 61.8785 75.3729 232.601 41.2993 12.7507 8.86632 103.555
164.636 175.089 129.989 136.552 135.557 165.296 172.925 83.4233 85.4159 82.768 126.09 197.456 36.569 115.192 187.195 -33.3178 92.5412 199.802 62.0778 78.7266 201.423 67.537 64.6713 201.032 61.3689 74.725 233.17 40.9065 12.67 8.85744 103.306
165.079 175.021 130.031 136.63 135.577 165.737 172.765 83.3998 85.3838 82.7191 125.393 197.961 36.1189 114.483 187.615 -33.6343 91.9275 200.193 61.5707 78.0927 201.867 67.0359 63.9632 201.484 60.8699 74.0442 233.634 40.4803 12.626 8.86493 103.126
164.981 175.066 129.959 136.725 135.66 165.438 172.859 83.556 85.4582 82.7462 124.692 198.616 35.6949 113.818 188.066 -34.1034 91.4398 200.572 61.1965 77.5495 202.225 66.6814 63.3955 201.789 60.5202 73.2419 233.943 40.0541 12.6322 8.83129 103.111
164.564 175.107 130.049 136.828 135.645 165.013 172.814 83.682 85.4605 82.7688 123.678 199.521 35.3717 113.358 189.029 -34.4596 91.0098 201.242 60.8791 77.0744 202.818 66.3364 62.9595 202.319 60.1551 72.4827 234.578 39.7498 12.7381 8.79327 103.05
164.177 175.029 130.245 137.025 135.684 164.796 172.821 83.8279 85.4964 82.8599 122.677 200.455 35.2682 112.987 190.163 -34.8557 90.5797 201.99 60.5696 76.5626 203.509 65.9858 62.5225 202.969 59.7421 71.7833 235.405 39.4378 12.8697 8.73335 103.021
163.453 174.98 130.404 137.25 135.863 164.313 172.738 83.9155 85.561 82.9224 121.295 201.197 35.0455 112.26 190.981 -35.0934 89.843 202.76 60.2269 75.8137 204.364 65.6491 61.8071 203.945 59.3844 71.111 236.393 39.1482 12.9312 8.72633 102.808
162.188 174.859 130.519 137.456 136.213 163.597 172.529 83.9315 85.5637 82.8688 120.124 201.639 34.8131 111.541 191.67 -35.5459 89.1331 203.448 59.7043 75.1066 205.166 65.177 61.0988 204.803 58.9182 70.4816 237.187 38.7183 12.9171 8.78749 102.625
161.365 174.665 130.623 137.56 136.509 163.17 172.409 84.1051 85.6059 82.9192 119.062 201.974 34.6857 110.996 192.53 -36.015 88.5534 203.839 59.2359 74.4531 205.638 64.7267 60.4521 205.278 58.4785 69.7492 237.732 38.3357 12.895 8.82997 102.475
160.553 174.603 130.711 137.66 136.724 162.501 172.379 84.2758 85.6139 82.9722 117.568 202.237 34.7849 110.265 192.989 -36.154 87.8562 204.237 59.0265 73.6807 206.222 64.522 59.6944 205.938 58.2944 69.0186 238.339 38.1342 12.9028 8.87412 102.272
158.802 174.574 130.926 137.883 136.807 161.125 172.313 84.4123 85.6535 82.9887 115.509 202.319 35.1714 109.385 193.238 -36.1086 87.0534 204.79 58.9496 72.8521 207.013 64.4329 58.8288 206.858 58.1713 68.3722 239.146 37.9991 12.8981 8.92168 102.048
156.561 174.452 131.097 138.056 136.957 159.664 172.197 84.5839 85.7382 83.0591 113.727 202.381 35.8308 108.671 193.708 -36.1692 86.2784 205.277 58.8872 72.0383 207.728 64.3494 57.996 207.697 58.0447 67.7768 239.941 37.8936 12.8735 8.96714 101.941
153.328 174.321 131.516 138.252 137.558 157.6 171.901 84.8836 85.8792 83.2557 109.559 201.975 36.1818 107.484 194.731 -36.6084 85.0774 206.216 58.6216 70.7328 208.908 64.1108 56.7764 208.851 57.8279 66.466 241.015 37.5167 12.8632 9.07778 101.864
149.809 174.387 131.755 138.266 137.86 154.949 171.86 84.8933 85.938 83.4293 106.517 201.201 37.1631 107.227 195.509 -36.7726 84.7747 206.909 58.7013 70.4171 209.624 64.2285 56.5704 209.535 58.0137 66.1293 241.647 37.5335 12.866 9.13315 102.05
145.535 174.467 131.878 138.419 137.897 151.872 171.872 84.678 85.8406 83.368 102.921 200.648 38.3974 106.65 196.13 -36.5183 84.2684 208.046 58.8605 69.938 210.747 64.4542 56.0633 210.56 58.2928 65.5733 242.561 37.5656 12.8156 9.1687 102.097
145.371 174.459 131.98 138.49 138.043 149.098 171.841 84.5918 85.8011 83.4306 99.6058 200.042 39.4026 106.258 197.174 -36.3217 83.9473 209.129 58.9674 69.6024 211.812 64.6518 55.7599 211.516 58.5587 65.0248 243.511 37.6612 12.8141 9.23013 102.004
149.554 174.373 132.075 138.635 138.186 148.365 171.854 84.5483 85.8016 83.4691 98.2175 200.001 39.974 105.827 198.013 -36.0792 83.6773 210.132 59.2175 69.2968 212.8 65.0194 55.4597 212.376 58.9666 64.494 244.368 37.8802 12.804 9.27514 101.926
152.662 174.389 132.111 138.697 138.322 147.987 171.909 84.7581 85.9558 83.6274 97.0524 199.896 40.448 105.281 198.532 -36.0284 83.2761 210.658 59.4053 68.8306 213.408 65.2837 55.0193 212.933 59.2501 63.9505 244.944 37.975 12.7918 9.30283 101.863
154.756 174.381 132.202 138.717 138.599 147.579 171.949 84.819 86.0526 83.836 96.0434 200.231 40.9222 104.986 199.433 -35.9812 83.0308 211.541 59.5736 68.5488 214.302 65.5406 54.8301 213.748 59.56 63.5039 245.737 38.1043 12.8176 9.36679 101.866
156.648 174.431 132.23 138.664 138.728 147.589 172.008 84.8577 86.118 84.0541 95.2103 200.919 41.2204 104.76 200.7 -35.8692 82.7608 212.739 59.8164 68.2435 215.497 65.8169 54.6326 214.867 59.8604 63.0896 246.831 38.276 12.8703 9.41714 101.982
158.169 174.342 132.425 138.673 138.905 147.385 171.9 84.9187 86.0816 84.196 93.6982 201.44 41.3738 104.441 202.029 -35.5728 82.4214 213.967 60.0409 67.8516 216.828 66.0559 54.3635 216.171 60.1254 62.6634 248.094 38.5051 12.9502 9.53118 101.831
159.093 174.218 132.576 138.727 139.129 147.424 171.746 84.881 86.0116 84.2114 92.2245 201.909 41.3014 103.928 203.069 -35.3498 81.7538 214.943 60.1405 67.1839 217.918 66.1695 53.795 217.27 60.2413 62.1481 249.135 38.6324 13.0012 9.65049 101.738
159.248 174.217 132.586 138.737 139.313 147.363 171.624 84.9028 86.0558 84.3308 90.8174 202.897 41.1326 103.335 204.084 -35.1012 81.1151 216.052 60.2769 66.5611 219.055 66.3598 53.2364 218.397 60.4708 61.5216 250.231 38.7813 13.0186 9.71054 101.561
159.284 173.942 132.622 138.808 139.408 146.608 171.69 84.6645 85.8952 84.2676 89.5438 203.886 41.107 102.834 205.246 -35.0887 80.6124 217.014 60.2681 65.9773 219.998 66.4901 52.7132 219.247 60.6199 60.9098 251.108 38.9817 13.0051 9.83666 101.511
159.197 173.864 132.803 138.982 139.618 146.786 171.719 84.6489 85.8437 84.2505 88.8315 204.733 41.3703 101.918 205.671 -34.9226 79.8803 217.872 60.4226 65.2344 220.967 66.6944 52.0172 220.201 60.8466 60.158 251.916 39.0297 13.0522 9.91941 101.484
159.15 173.817 132.923 139.059 139.674 147.044 171.758 84.6714 85.9015 84.3241 87.7762 205.518 41.4065 101.07 206.186 -34.8195 79.0953 218.747 60.6008 64.4609 221.915 66.8936 51.2734 221.143 61.0369 59.4221 252.789 39.05 13.0844 9.94416 101.56
158.909 173.834 133.109 139.195 139.729 147.554 171.766 84.6808 85.9524 84.4084 87.098 206.728 41.2846 100.159 206.92 -34.7026 78.2829 219.941 60.744 63.6805 223.146 67.0218 50.4979 222.393 61.1681 58.6526 253.972 39.0586 13.1027 9.92599 101.561
158.957 173.83 133.184 139.199 139.641 147.904 171.869 84.6165 85.8874 84.3627 86.7693 207.723 41.1541 99.4502 207.672 -34.7921 77.7929 221.049 60.6823 63.1721 224.184 67.0408 50.0215 223.268 61.244 57.7555 254.805 38.9216 13.1441 9.98097 101.495
158.716 173.823 133.304 139.485 139.87 148.595 171.831 84.1945 85.7376 84.2605 85.2416 209.669 40.5327 97.3586 209.042 -35.0968 75.9692 223.195 60.3136 61.4055 226.131 66.81 48.1691 224.946 61.1094 55.6417 256.398 38.5341 13.0422 9.96806 101.621
158.427 173.846 133.415 139.731 139.789 148.925 171.777 83.8159 85.591 83.9951 84.7401 210.437 40.2421 96.0742 208.73 -34.9609 75.0907 223.942 60.1478 60.6329 226.685 66.7366 47.1925 225.324 61.0953 54.5667 256.764 38.3882 12.9203 9.86432 101.411
158.587 174.001 133.358 139.668 139.743 149.048 171.842 83.7939 85.5456 83.8542 84.4968 211.134 39.7975 95.3 209.347 -35.5392 74.5238 224.914 59.8397 60.0821 227.409 66.4251 46.6468 225.841 60.8167 53.5845 257.235 37.9878 12.9589 9.77925 101.598
158.459 174.177 133.263 139.651 139.838 148.789 171.845 83.7474 85.5804 83.8619 83.5066 211.72 39.5936 94.4157 209.864 -35.8057 73.6505 225.723 59.6586 59.251 228.056 66.2584 45.8104 226.376 60.6673 52.5725 257.722 37.7687 12.9457 9.72664 101.688
158.572 174.255 133.137 139.657 139.845 149.062 171.834 83.4987 85.5852 83.8276 83.1737 212.572 39.2982 93.5758 210.329 -35.8952 72.7331 226.605 59.5245 58.4357 228.659 66.1554 44.9525 226.844 60.5731 51.5624 258.22 37.6062 12.8961 9.62721 101.813
159.147 174.107 132.988 139.717 139.836 148.566 171.84 83.1966 85.5042 83.8124 82.3632 213.21 38.8549 92.865 210.918 -36.0595 72.1012 227.218 59.1982 57.8099 228.981 65.9364 44.2248 226.981 60.3874 50.602 258.52 37.4981 12.7608 9.58156 101.67
159.576 174.243 132.849 139.796 139.829 148.673 171.879 83.2535 85.4852 83.6464 81.5354 213.182 38.6805 91.9089 210.42 -35.9724 71.2539 227.49 59.1274 56.9445 229.202 65.7829 43.289 227.149 60.1854 49.7125 258.572 37.2061 12.7584 9.46885 101.607
158.801 174.206 133.355 139.745 139.698 147.878 172.075 84.0436 85.797 83.3058 80.8865 213.845 38.816 91.3988 211.506 -35.9726 71.0567 227.94 59.1061 56.5127 229.758 65.6275 42.4626 227.833 60.0381 48.8966 259.219 37.0572 12.4015 9.364 101.067
159.378 174.322 133.201 139.958 139.918 148.13 172.116 84.1443 85.9137 83.3179 79.6814 214.092 38.3146 90.4851 211.287 -35.9112 69.9647 228.39 59.0775 55.4387 230.227 65.5028 41.3467 228.318 59.8212 48.1232 259.661 36.7853 12.3756 9.25309 101.076
159.817 174.444 133.337 140.054 139.786 148.205 172.131 84.1927 86.0543 83.4406 78.2404 214.273 37.9051 89.8788 211.264 -35.9506 69.0648 228.808 59.0162 54.5792 230.586 65.3215 40.4662 228.633 59.5134 47.4405 260.065 36.4775 12.3885 9.14864 101.16
159.888 174.516 133.481 139.984 139.652 147.87 172.136 84.2201 86.1274 83.5374 76.6547 214.274 37.4562 89.3558 211.126 -36.0641 68.3002 229.073 58.8302 53.9015 230.712 65.0109 39.7884 228.637 59.1573 46.6195 260.122 36.0825 12.4068 9.10385 101.162
160.293 174.533 133.614 139.845 139.678 147.76 172.038 84.2781 86.1402 83.5938 75.0081 213.804 37.0262 88.7662 210.834 -36.1461 67.4647 229.315 58.7005 53.1274 230.924 64.7333 39.095 228.828 58.8474 45.8838 260.148 35.688 12.494 9.09782 101.231
160.616 174.548 133.848 139.889 140.001 147.977 171.798 84.2473 86.1665 83.7102 73.7325 213.766 36.2549 88.2115 211.042 -36.3623 66.4022 229.734 58.4312 52.1659 231.343 64.3198 38.2475 229.314 58.3814 45.2449 260.494 35.2553 12.5566 9.11939 101.384
160.766 174.388 134.258 140.218 140.508 148.26 171.289 84.0464 86.076 83.796 72.238 213.662 35.9435 87.4387 211.091 -36.2575 65.1413 230.117 58.2521 51.0186 231.857 64.0787 37.1661 229.978 58.119 44.4998 261.037 35.1035 12.6144 9.20057 101.176
159.969 174.281 134.847 139.988 140.28 148.012 171.371 84.619 86.3818 83.7498 72.1344 214.61 36.3751 87.3038 212.8 -36.1979 65.2252 231.132 58.3125 50.9821 232.776 64.1365 36.9401 230.973 58.339 43.6839 262.048 35.2111 12.3727 9.15488 100.488
159.825 173.983 135.012 140.407 140.887 148.042 171.01 84.4811 86.349 84.0013 70.6943 214.385 36.4625 86.5563 212.173 -35.851 64.2935 231.327 58.3493 50.1282 233.057 64.2484 36.2156 231.19 58.4989 42.7717 262.061 35.1357 12.5038 9.25247 100.252
159.863 174.023 135.217 140.704 141.094 148.058 170.886 84.1046 86.1448 83.9901 69.5844 214.554 36.4679 85.668 211.314 -35.4728 63.4714 231.693 58.364 49.3938 233.348 64.3685 35.5357 231.325 58.7126 41.8292 261.981 35.0806 12.5927 9.27051 100.077
159.068 173.956 135.68 140.375 140.84 147.758 171.071 84.2068 85.9997 83.4798 69.6173 215.365 36.8095 85.1954 211.749 -35.1393 63.0285 232.222 58.4416 48.8174 233.857 64.4381 34.8065 231.999 58.9899 41.0312 262.454 35.1657 12.3838 9.1924 99.5549
158.195 173.761 135.729 140.784 141.507 147.783 170.784 83.9382 85.8586 83.6292 68.2446 215.239 36.9096 84.3479 210.9 -34.8433 62.0404 232.291 58.4707 47.8917 234.078 64.5683 34.0147 232.123 59.1779 40.2409 262.35 35.0974 12.494 9.30586 99.5182
155.921 173.799 136.083 140.308 140.948 147.578 170.98 84.1911 85.813 83.2664 68.6957 216.364 37.5656 84.2637 211.65 -34.4922 62.1097 233.141 58.699 47.8321 234.784 64.808 33.8291 232.795 59.6396 39.4812 262.874 35.2794 12.3279 9.24981 98.9836
155.197 173.598 136.043 140.655 141.367 148.047 170.909 83.9735 85.6302 83.4539 67.5008 216.353 37.7282 83.3712 211.067 -34.1493 61.1404 233.198 58.9456 46.8336 235.089 65.1631 32.986 232.957 60.0129 38.6616 262.848 35.4226 12.4584 9.41152 99.1335
154.822 173.632 135.826 140.759 141.362 148.301 170.978 83.534 85.2913 83.3381 66.7095 216.439 38.0288 82.6417 210.406 -33.7232 60.2848 233.409 59.2069 45.9895 235.425 65.5455 32.2913 233.037 60.3825 37.8242 262.61 35.5781 12.6215 9.62489 99.4315
155.416 173.824 135.698 140.885 141.289 148.634 171.171 83.0683 85.0359 83.2093 66.1548 216.493 38.256 81.7903 209.99 -33.54 59.2773 233.634 59.4429 45.0345 235.639 65.8745 31.4633 233.054 60.6634 36.9901 262.457 35.7443 12.7502 9.72745 99.9271
156.848 174.09 135.488 140.959 141.186 148.724 171.456 82.8026 84.8923 83.1597 65.4384 216.76 38.5872 81.0684 210.006 -33.5822 58.3934 233.969 59.6623 44.141 236.033 66.1592 30.6838 233.356 60.8577 36.3002 262.696 35.9088 12.8828 9.80434 100.375
158.617 174.386 135.299 140.932 140.821 148.617 171.714 82.6952 84.7892 83.0582 64.465 216.837 38.9836 80.3636 209.788 -33.4668 57.5971 234.035 59.9458 43.3181 236.218 66.4967 29.8928 233.432 61.113 35.5312 262.752 36.1064 12.9842 9.90028 100.572
159.603 174.489 135.313 140.949 140.545 148.751 171.777 82.699 84.7583 83.0245 63.4553 216.772 39.4228 79.5466 209.498 -33.1755 56.8434 233.846 60.1397 42.4157 236.312 66.7839 28.9724 233.487 61.3246 34.744 262.853 36.3057 13.0289 10.0208 100.366
159.769 174.579 135.419 140.607 140.001 149.328 171.925 82.4776 84.6934 82.9176 62.9225 217.082 39.8031 78.7485 209.304 -32.8451 56.1634 234.091 60.374 41.5642 236.708 67.2244 28.124 233.819 61.7695 33.8279 263.027 36.6067 13.0733 10.0795 100.257
159.846 174.636 135.603 140.463 139.766 149.608 172.15 82.0825 84.5087 82.7346 62.7885 217.36 40.0359 78.0059 209.005 -32.7172 55.4599 234.061 60.4529 40.8263 236.744 67.4953 27.4218 233.734 62.0996 32.9992 262.824 36.7682 13.0855 10.2261 100.381
160.077 174.723 135.746 140.626 139.852 149.967 172.426 81.7683 84.4267 82.6678 62.293 217.3 40.3494 77.0789 208.469 -32.732 54.2032 233.965 60.6369 39.5831 236.754 67.7306 26.2538 233.818 62.2829 32.2221 262.738 36.8166 13.1393 10.2403 100.883
160.777 174.83 135.645 140.776 139.677 150.147 172.708 81.5444 84.3389 82.502 62.0422 217.303 40.8041 76.3408 207.958 -32.7234 53.1452 233.797 60.9581 38.6131 236.608 68.0905 25.3164 233.651 62.5878 31.43 262.484 36.956 13.2115 10.2721 101.407
161.679 174.903 135.695 140.869 139.553 150.341 172.962 81.333 84.2945 82.4834 61.8737 217.393 41.0507 75.6171 207.83 -32.7041 52.2182 233.897 61.2527 37.8382 236.553 68.398 24.5941 233.539 62.9039 30.5605 262.294 37.1435 13.26 10.2682 101.873
163.365 174.802 136.038 139.726 139.216 151.181 173.06 81.0333 84.2532 82.9599 61.1971 217.732 40.6314 75.5528 208.947 -32.492 51.2624 234.163 61.54 36.5907 236.742 68.7055 23.4454 233.962 63.445 29.7191 262.617 37.6841 13.2188 9.86588 102.12
167.248 174.781 135.825 138.651 138.317 152.302 172.792 80.4665 83.8399 82.8875 61.3646 218.212 40.2309 75.5226 209.368 -32.2752 50.6664 234.526 61.8489 35.5623 236.835 68.9817 22.3755 233.959 63.9291 28.9075 262.398 38.1701 13.1024 9.32757 102.799
166.307 174.734 135.665 139.201 138.6 151.988 173.038 80.3668 83.6924 82.5579 62.4738 218.953 40.7426 75.4469 209.604 -32.3684 50.2486 234.841 62.2364 35.3888 236.882 69.2893 22.1915 233.716 64.1946 28.3954 262.085 38.2238 13.1023 9.41903 103.659
166.34 174.725 135.756 139.719 138.76 151.758 173.222 80.4039 83.6903 82.3396 62.9173 219.161 41.3068 75.0555 209.555 -32.34 49.5843 234.892 62.6517 34.9296 236.843 69.5893 21.7142 233.589 64.3656 27.9481 261.957 38.3481 13.1074 9.5142 104.207
166.535 174.863 136.06 140.133 138.793 151.36 173.44 80.6672 83.8551 82.2732 62.8233 219.136 41.9451 74.5533 209.019 -32.2542 49.025 234.882 63.2306 34.494 236.769 70.016 21.2671 233.474 64.648 27.5562 261.779 38.4867 13.1245 9.51121 104.693
167.268 174.82 136.058 139.449 138.723 151.825 173.18 80.4543 83.8069 82.5737 62.4281 219.037 41.7851 74.3016 208.995 -32.0479 48.4213 234.577 63.2773 33.5955 236.624 70.1679 20.3649 233.533 64.9753 27.1665 261.824 38.8062 12.9971 9.29036 104.483
168.251 174.617 135.516 138.825 138.435 152.16 172.563 80.2689 83.7297 82.9114 61.9275 219.016 41.6983 74.2136 209.173 -31.8637 48.1845 234.377 63.1812 32.9335 236.622 70.2337 19.6823 233.642 65.2086 26.8485 261.941 39.0933 12.883 9.08675 104.119
166.464 174.458 135.831 139.463 138.88 151.253 172.398 80.7098 83.9267 83.0084 61.3549 218.741 42.1767 74.0664 209.129 -31.6024 48.207 234.155 63.4624 33.1948 236.407 70.4121 19.9668 233.238 65.322 26.6623 261.715 39.1246 12.9329 9.34918 103.912
165.903 174.352 136.243 140.011 139.14 150.489 172.296 81.1053 84.0823 83.0108 60.6322 218.238 42.7387 73.7148 208.76 -31.185 48.1469 233.942 63.7751 33.3248 236.265 70.6116 20.1052 232.98 65.4299 26.4969 261.555 39.1997 12.9858 9.5901 103.598
165.272 174.303 136.673 140.422 139.3 149.911 172.213 81.6049 84.3204 83.1197 59.817 217.551 43.3091 73.2061 208.225 -30.8059 48.0078 233.483 64.0832 33.2939 235.906 70.7728 20.0845 232.633 65.4717 26.3029 261.373 39.2855 13.0516 9.73437 103.18
164.711 174.291 137.093 140.815 139.552 149.501 172.115 81.9852 84.488 83.1947 58.9761 216.705 43.765 72.6651 207.478 -30.3932 47.8052 232.916 64.3885 33.1961 235.438 70.9562 20.0083 232.19 65.5625 26.1345 261.012 39.4107 13.1067 9.87336 102.849
165.358 174.387 137.842 140.224 139.84 150.361 171.605 82.1161 84.9822 84.1116 57.8311 215.368 44.1039 72.2245 206.746 -29.4435 47.2709 231.957 64.7368 32.3715 234.68 71.5057 19.3626 231.987 66.2539 25.7977 260.734 40.0297 13.1105 9.62833 101.961
168.021 174.368 138.001 139.276 139.499 151.32 171.156 82.07 85.2088 84.6981 57.1702 214.79 44.08 72.2677 206.574 -29.0227 47.0957 231.596 64.814 31.7349 234.581 71.7346 18.8526 232.227 66.5746 25.7003 260.792 40.3716 13.1325 9.39624 101.573
169.352 174.666 137.41 138.163 139.349 154.272 173.137 80.9638 84.2391 84.6264 56.3792 213.965 44.5483 70.3253 205.188 -28.8449 46.2046 231.244 65.2682 30.2867 234.735 72.0952 17.7324 232.649 67.0142 25.4986 260.366 40.8854 13.4639 9.3148 103.384
172.618 174.814 137.972 138.101 138.933 155.253 173.328 80.6298 84.1418 84.9061 56.4094 213.794 44.4198 70.4151 205.208 -28.5352 45.9816 231.159 65.2888 29.8927 234.82 72.2839 17.4278 232.738 67.312 25.3948 260.392 41.1832 13.4836 9.32351 103.163
175.507 175.415 137.573 137.452 138.51 157.459 174.693 79.8518 83.0468 84.6357 57.1076 213.493 44.5847 68.89 203.881 -28.0747 45.7591 230.326 65.1197 28.9787 234.704 72.1444 16.4721 232.579 67.4561 25.3433 259.962 41.4311 13.3721 9.50836 103.364
177.555 175.637 137.698 137.635 137.756 157.918 174.841 79.5197 83.0518 84.9368 57.6503 213.951 44.2074 69.36 204.421 -28.1576 45.8583 230.7 64.9196 29.1088 234.975 72.1524 16.6695 232.685 67.5146 25.3064 260.117 41.4927 13.4076 9.5876 103.261
179.836 175.38 137.723 137.841 137.012 157.875 174.684 79.2023 83.044 85.136 58.0294 214.645 43.8482 69.8411 204.94 -28.035 45.8619 231.287 64.8111 29.2396 235.368 72.2147 16.8499 232.884 67.63 25.1953 260.367 41.5689 13.4435 9.60118 103.086
176.679 174.802 137.349 137.856 136.153 157.809 174.379 78.9783 83.0469 85.2962 58.4415 215.814 43.4227 70.3353 205.833 -27.9107 45.8445 232.155 64.7458 29.3333 235.981 72.2783 16.9664 233.297 67.73 24.9779 260.868 41.6558 13.4768 9.54755 102.935
173.829 174.242 136.894 137.711 135.408 157.631 173.958 78.803 83.1736 85.4867 58.6866 217.131 43.1125 70.8808 207.013 -27.904 45.6171 233.336 64.7152 29.2519 236.97 72.3779 16.9658 234.151 67.802 24.6645 261.633 41.6795 13.5748 9.54655 102.963
171.116 173.904 136.451 137.41 134.929 157.455 173.574 78.7292 83.3967 85.7063 58.7211 218.397 42.8196 71.3061 208.136 -28.1133 45.158 234.467 64.7205 28.9397 237.948 72.4638 16.7604 235.041 67.8545 24.2616 262.39 41.592 13.6462 9.54474 103.23
168.787 173.846 135.991 137.053 134.762 157.342 173.298 78.7553 83.6724 85.6612 58.3856 219.187 42.567 71.3204 208.811 -28.5092 44.3984 235.089 64.6223 28.3078 238.528 72.3869 16.1046 235.7 67.6566 23.7688 262.96 41.3447 13.6103 9.54624 103.499
169.507 174.059 136.097 136.734 135.53 156.49 172.671 78.8199 84.0778 85.3206 57.3262 219.738 42.3377 71.1781 209.285 -28.8355 43.772 235.703 64.4373 27.8627 239.028 72.2825 15.5428 236.461 67.4311 23.2315 263.538 41.0425 13.4909 9.52939 103.433
168.512 174.2 136.339 136.238 136.075 155.956 171.792 79.0475 84.4575 85.2366 56.5015 220.649 41.9171 70.9538 210.319 -29.1188 43.3672 236.54 64.1925 27.5489 239.584 71.9719 15.0988 237.09 67.098 22.4663 264.179 40.7158 13.3492 9.37032 103.295
167.5 174.474 137.1 136.339 136.742 155.746 171.074 79.3321 85.0038 85.2407 55.6412 221.932 41.6832 70.4392 211.772 -29.4089 42.7113 237.958 64.1852 26.9708 240.644 71.9019 14.395 238.31 66.9388 21.5457 265.398 40.5342 13.2271 9.04459 103.367
166.822 174.752 136.939 136.236 136.718 155.615 170.758 79.1538 85.195 84.8223 55.4912 223.492 40.9167 70.0269 213.152 -29.966 41.937 239.278 63.8929 26.5031 241.37 71.5959 13.7033 238.833 66.5904 20.4086 265.975 40.1654 13.0038 8.86137 103.881
167.252 175.01 137.056 136.566 137.126 155.1 170.501 79.0244 85.4391 84.3619 54.5485 224.656 40.3152 69.1176 213.986 -30.5417 40.9163 240.413 63.5858 25.7432 242.036 71.3863 12.7497 239.499 66.3061 19.1016 266.54 39.7696 12.8718 8.65574 104.195
173.497 175.368 135.151 135.798 137.339 156.66 171.689 77.6986 84.7895 83.8594 51.7467 226.05 40.3067 65.2267 214.546 -31.2038 37.7226 242.732 62.739 22.3319 244.04 70.6259 9.35376 241.847 65.4494 15.9859 267.829 38.8964 12.9713 8.3648 106.039
173.979 175.41 135.663 135.824 136.665 156.521 171.267 77.8569 84.7186 83.108 50.5272 227.802 39.7435 64.0195 216.208 -31.3483 36.2918 244.38 62.614 20.9324 245.569 70.3965 7.75428 243.238 65.0833 14.3947 269.113 38.7445 12.8787 8.33971 105.987
179.086 174.925 133.882 134.585 135.522 157.129 172.022 77.3642 83.9904 82.412 47.9756 228.149 40.4875 61.7451 216.426 -31.5101 34.4284 245.175 62.0913 18.5116 246.828 69.7988 5.32632 244.849 64.3345 12.5798 270.086 38.4135 13.0363 8.48348 106.276
179.266 174.929 134.179 134.566 135.139 155.893 172.425 77.5646 83.7671 81.9554 45.8724 229.439 39.8956 59.814 217.053 -31.4424 32.7026 246.186 61.893 16.9874 247.906 69.4934 3.62624 245.465 64.2037 10.6166 270.832 38.1847 12.842 8.66836 105.843
173.92 174.644 132.817 133.659 134.445 155.839 174.008 76.8349 83.0541 81.4872 43.0548 229.214 40.4689 57.0899 215.914 -31.2924 30.1564 246.426 61.6178 14.301 248.644 69.1141 0.997851 246.344 63.7337 8.65542 271.039 37.8559 12.999 8.94384 106.53
170.966 174.705 133.595 134.03 134.281 154.78 174.658 76.7004 82.7147 80.8704 41.0668 230.481 39.8765 55.5331 216.557 -31.5256 28.5077 247.444 61.3831 12.9638 249.438 68.796 -0.435753 246.661 63.5018 6.78262 271.524 37.608 12.9527 9.06184 106.531
