145.145 176.089 143.473 141.346 143.576 145.896 171.437 86.7194 77.9095 77.4237 210.882 296.885 138.971 252.222 275.94 89.5425 174.055 298.266 156.393 161.782 289.749 152.74 155.729 277.957 149.296 162.227 294.9 116.7 11.6785 10.1858 109.27
145.481 177.108 144.94 139.845 141.521 145.794 171.999 86.0371 77.4935 77.1922 211.21 297.5 138.628 252.355 276.448 89.8591 174.389 298.016 155.711 162.173 289.685 152.199 156.463 277.709 149.103 161.995 294.366 116.377 11.9203 10.6581 107.826
146.289 177.82 146.453 138.875 140.001 145.706 172.215 84.8266 77.2999 77.1174 211.553 298.329 137.836 252.035 277.082 89.9278 174.365 298.184 154.633 162.357 289.613 151.772 156.963 277.404 148.962 161.669 293.82 116.088 12.0584 10.5288 107.141
147.787 178.213 147.313 138.177 138.859 145.53 171.937 83.3124 77.0594 76.8474 211.842 299.097 137.013 251.83 278.11 90.4756 174.239 298.481 153.414 162.526 289.641 151.409 157.43 277.244 148.802 161.417 293.448 115.847 12.2238 10.2986 106.306
149.561 178.421 147.566 137.756 138.026 145.506 171.466 81.8096 76.821 76.55 212.227 299.803 136.089 251.51 279.042 91.0341 174.049 298.927 152.277 162.692 289.897 151.144 157.802 277.359 148.685 161.233 293.369 115.732 12.3868 10.0492 105.676
151.451 178.023 146.918 137.631 137.571 145.911 170.713 80.9015 76.6952 76.4339 212.546 300.537 135.012 251.11 279.75 91.7275 173.683 299.273 151.447 162.652 290.1 150.896 157.95 277.436 148.571 160.978 293.239 115.56 12.4986 9.88227 105.104
152.952 177.093 146.217 137.712 137.354 146.571 169.996 80.1173 76.6173 76.3883 212.936 301.634 133.656 250.568 280.263 92.2662 173.17 299.753 150.617 162.503 290.461 150.624 157.935 277.713 148.43 160.685 293.243 115.368 12.6134 9.70219 104.737
153.638 176.832 145.378 137.912 137.365 147.085 169.596 79.5878 76.4379 76.2488 213.039 302.269 132.096 249.771 280.506 92.5743 172.794 300.031 149.847 162.188 290.674 150.229 157.718 277.934 148.148 160.271 293.183 115.09 12.7896 9.59445 104.11
154.435 175.658 145.552 138.362 137.489 147.456 169.098 79.074 76.3203 76.0735 213.196 302.635 130.71 249.074 280.293 92.5706 172.287 300.443 149.067 161.991 291.113 149.826 157.556 278.353 147.793 159.972 293.322 114.813 12.9712 9.5563 104.012
155.145 174.151 145.458 138.789 137.66 147.632 168.898 78.7662 76.2905 76.0086 213.138 302.934 129.81 248.529 279.928 92.5432 171.812 300.692 148.661 161.724 291.482 149.632 157.294 278.71 147.601 159.693 293.54 114.662 13.0655 9.63522 104.186
155.078 172.923 145.273 139.391 138.011 148.082 169.046 78.9271 76.5222 76.1929 213.317 303.467 128.828 247.919 278.785 91.9811 171.432 301.108 148.491 161.626 292.083 149.584 157.136 279.313 147.53 159.501 293.975 114.548 13.1127 9.77487 104.798
155.427 172.387 145.201 140.023 138.408 147.978 168.928 78.99 76.6904 76.2454 213.27 303.647 127.932 247.547 278.064 91.2985 171.418 301.635 148.31 161.717 292.773 149.594 157.149 280.002 147.519 159.394 294.57 114.49 13.1606 9.84215 105.076
154.979 171.657 144.926 140.589 138.892 147.703 169.518 79.3365 76.9033 76.373 213.078 303.66 127.514 247.131 277.224 90.9234 171.34 301.919 148.461 161.58 293.252 149.67 156.905 280.546 147.47 159.253 295.157 114.436 13.1891 9.94897 105.297
152.95 171.123 142.798 142.243 141.006 147.618 170.198 83.0696 77.5332 77.0791 212.518 302.287 128.651 246.649 274.694 90.1519 172.38 302.104 150.909 161.164 293.425 150.225 155.924 281.075 147.578 159.174 295.968 114.528 12.9676 9.81702 105.281
151.724 172.54 141.059 143.606 142.944 148.131 172.461 84.9867 78.0095 77.8685 211.662 301.345 129.68 245.922 272.942 88.9542 172.518 301.877 152.337 160.4 293.281 150.641 154.652 281.284 147.577 158.829 296.662 114.546 12.6838 9.691 106.324
151.978 172.835 139.812 144.62 144.465 149.704 174.255 86.3529 78.5519 78.6323 211.327 301.106 129.888 245.043 270.893 87.7418 172.318 301.342 153.333 159.657 292.929 150.981 153.42 281.284 147.48 158.304 297.083 114.493 12.4788 9.57057 107.335
152.711 172.6 139.221 145.257 145.431 151.612 174.978 87.2673 79.0389 79.2825 211.118 301.105 129.445 243.97 269.021 86.8245 171.659 300.502 153.838 158.728 292.286 151.088 152.091 281.032 147.221 157.481 297.175 114.277 12.4135 9.38972 107.822
153.487 172.635 139.722 145.794 146.118 153.285 175.373 87.5994 79.264 79.5735 210.969 300.764 128.891 243.151 267.626 85.8003 170.852 299.859 153.889 157.957 291.718 151.008 151.089 280.726 146.93 156.742 297.127 114.026 12.4224 9.1889 108.419
154.408 172.671 140.897 146.286 146.462 154.898 175.731 87.4947 79.2762 79.6457 210.744 300.065 128.017 242.038 265.884 84.6421 169.958 299.029 153.531 157.151 290.979 150.695 150.132 280.245 146.492 155.848 296.793 113.665 12.5482 9.04012 108.889
155.505 173.077 142.406 146.565 146.443 156.473 176.081 87.1213 79.1824 79.6258 210.792 299.631 127.023 241.137 264.431 83.6003 169.294 298.551 153.015 156.69 290.549 150.423 149.582 279.947 146.263 155.111 296.526 113.408 12.6541 8.93228 109.197
156.693 173.423 144.237 146.68 146.14 157.893 176.184 86.1114 79.0621 79.6014 210.634 299.368 125.902 240.074 263.083 82.7512 168.665 298.317 152.118 156.263 290.206 150.126 149.121 279.638 146.104 154.25 296.147 113.142 12.7333 8.69957 109.385
157.688 173.909 145.772 146.793 145.773 158.97 176.392 85.5418 79.211 79.7845 210.728 299.594 124.723 239.24 262.201 82.2477 168.362 298.628 151.259 156.255 290.234 149.928 149.169 279.499 146.178 153.654 295.701 112.858 12.6925 8.44057 109.333
158.568 174.734 147.083 146.732 145.277 159.91 176.464 84.7553 79.2892 79.8912 210.794 300.071 123.8 238.551 261.872 82.5333 168.09 299.07 150.472 156.203 290.418 149.788 149.19 279.501 146.263 153.158 295.465 112.708 12.6466 8.20174 108.925
159.234 175.823 148.082 146.746 144.851 160.622 176.882 83.9905 79.3139 79.9202 210.844 300.174 122.922 237.872 261.319 82.3875 167.957 299.434 149.631 156.26 290.58 149.616 149.278 279.499 146.333 152.68 295.149 112.559 12.6185 7.99447 108.666
159.513 176.979 148.667 146.766 144.474 161.022 177.332 83.3803 79.3365 79.9591 210.74 300.56 122.268 237.27 261.122 82.4541 167.789 299.864 148.962 156.221 290.899 149.508 149.282 279.667 146.452 152.216 295.008 112.472 12.5864 7.86879 108.321
159.687 178.712 148.637 146.686 144.204 161.268 177.801 83.3162 79.6015 80.1935 210.739 301.11 121.695 236.786 261.159 82.424 167.689 300.273 148.596 156.285 291.37 149.495 149.386 279.987 146.633 151.874 294.94 112.379 12.5186 7.95562 107.989
160.112 174.27 148.309 146.624 143.849 161.716 178.232 82.9604 79.7962 80.3396 210.771 301.856 121.074 235.612 261.078 80.5963 167.632 301.048 148.223 156.325 292.095 149.582 149.395 280.565 146.891 151.534 295.201 112.452 12.4241 7.84395 109.351
160.278 174.27 147.949 146.509 143.531 161.883 178.155 82.6968 79.9803 80.4981 210.725 302.36 120.234 235.148 260.835 80.448 167.714 301.813 147.92 156.446 292.88 149.694 149.454 281.25 147.191 151.218 295.502 112.573 12.3708 7.7578 109.166
160.518 174.27 147.843 146.383 143.233 162.222 178.028 82.5042 80.0916 80.6503 210.631 302.814 119.624 234.799 260.597 80.5313 167.473 302.124 147.892 156.212 293.29 149.837 149.165 281.633 147.433 150.871 295.708 112.738 12.3348 7.76338 109.09
160.727 174.27 147.688 146.185 142.982 162.438 177.982 82.1692 79.9654 80.636 210.354 302.589 119.782 234.907 260.848 80.7547 167.161 302.191 147.868 155.834 293.418 149.88 148.763 281.773 147.548 150.487 295.759 112.879 12.3566 7.75208 108.917
161.126 174.27 147.527 146.074 142.756 162.77 177.981 81.9834 79.8481 80.6021 210.214 302.964 119.706 234.934 261.081 81.0367 166.83 302.401 148.024 155.467 293.668 150.027 148.391 282.01 147.758 150.205 295.943 113.109 12.3637 7.75891 108.975
161.358 174.27 147.36 145.999 142.551 163.01 177.981 81.958 79.8139 80.6947 210.032 303.519 119.634 234.783 261.29 81.3481 166.455 302.599 148.238 155.094 293.92 150.149 148.045 282.229 147.935 149.92 296.152 113.287 12.3526 7.82435 109.038
161.365 174.27 147.147 145.86 142.28 163.096 177.98 82.0011 79.7304 80.7892 209.818 303.851 119.624 234.664 261.576 81.5903 166.222 302.905 148.406 154.865 294.219 150.236 147.862 282.489 148.151 149.658 296.325 113.465 12.3393 7.86399 108.986
161.454 174.27 147.256 145.868 142.102 163.085 177.98 81.9152 79.5032 80.7107 209.57 303.655 119.351 234.4 261.563 81.286 165.773 302.95 148.269 154.462 294.252 150.079 147.512 282.538 148.111 149.299 296.281 113.447 12.393 7.90682 109.196
161.948 174.27 147.274 146.043 142.035 163.229 177.98 81.9312 79.4303 80.72 209.549 304.189 118.764 233.999 261.568 81.2443 165.367 303.197 148.238 154.145 294.501 150.052 147.23 282.747 148.193 149.015 296.422 113.49 12.3717 7.95905 109.325
162.329 174.27 147.811 146.344 142.074 163.149 177.98 81.7712 79.1258 80.4658 209.25 303.824 117.82 233.459 261.547 80.4542 164.963 303.409 147.723 153.853 294.656 149.662 147.007 282.913 147.974 148.612 296.336 113.269 12.4782 7.97934 109.578
162.726 174.27 148.396 146.68 142.352 163.159 177.98 81.7945 79.0255 80.3613 209.119 303.394 116.877 232.744 261.364 79.4062 165.033 304.127 147.009 153.937 295.317 149.239 147.079 283.543 147.849 148.221 296.402 112.984 12.5029 7.90302 109.509
162.829 174.27 148.688 146.828 142.434 162.73 177.98 81.7579 79.0009 80.3215 209.006 303.252 115.957 231.671 260.753 78.6578 165.02 304.753 146.154 153.941 296.009 148.701 147.067 284.21 147.55 147.856 296.621 112.566 12.5011 7.91196 109.279
163.627 174.27 148.535 146.798 142.28 162.763 177.981 81.497 78.9959 80.1642 209.143 303.541 115.412 230.714 260.724 78.7362 164.71 305.295 145.31 153.724 296.65 148.15 146.838 284.781 147.109 147.576 296.921 112.106 12.4451 7.98018 108.89
166.304 174.27 147.956 146.45 141.805 163.818 177.981 81.0995 78.8173 79.7824 209.355 304.924 114.617 230.047 261.024 79.0818 164.171 305.84 144.749 153.14 297.215 147.709 146.184 285.282 146.659 147.274 297.52 111.766 12.3318 7.94137 108.759
166.927 174.27 147.305 146.124 141.409 163.944 177.982 80.8546 78.7968 79.6374 209.284 305.181 114.761 229.47 260.995 78.957 163.693 306.169 144.254 152.532 297.643 147.303 145.519 285.692 146.217 146.977 297.993 111.368 12.2187 7.93268 108.892
167.009 174.27 146.24 145.706 141.191 163.8 177.982 80.5046 78.6595 79.3608 209.126 305.469 115.406 229.172 261.218 79.2005 163.471 306.211 143.835 151.835 297.917 146.922 144.708 286.031 145.699 146.724 298.663 110.965 12.1212 7.90386 108.371
167.069 174.27 145.471 145.228 141.028 163.724 177.982 80.491 78.6655 79.2029 208.996 306.003 116.169 229.063 261.881 79.4255 163.466 306.496 143.731 151.243 298.455 146.74 143.933 286.689 145.33 146.581 299.788 110.662 11.9851 7.87981 107.599
167.625 174.27 145.327 144.808 140.928 163.923 177.982 80.7759 78.7683 79.2707 208.687 306.598 116.483 229.253 263.251 79.7955 162.987 306.703 143.6 150.519 298.742 146.324 143.106 287.025 144.776 146.28 300.547 110.117 11.7951 7.93721 106.775
167.826 174.27 144.38 144.402 140.985 163.676 177.982 80.979 78.7539 79.2464 208.196 306.546 116.62 229.384 264.59 79.8834 162.921 306.574 143.182 150.014 298.87 145.741 142.502 287.238 144.14 145.947 301.019 109.5 11.6555 8.16583 105.373
167.451 174.27 143.454 143.784 140.879 163.197 177.982 81.1193 78.7636 79.292 207.24 305.823 116.682 229.141 265.374 80.0808 162.407 306.163 142.595 149.15 298.645 144.932 141.577 287.12 143.233 145.409 301.125 108.676 11.5506 8.38598 104.248
166.7 174.27 143.208 143.442 140.979 162.869 177.983 81.5039 78.9612 79.3872 206.229 306.015 116.89 228.596 265.664 80.1296 161.612 305.883 142.505 148.232 298.378 144.549 140.577 286.944 142.63 144.839 301.325 108.17 11.4469 8.42099 103.934
165.535 174.27 143.207 143.256 141.071 162.492 177.983 81.8633 79.0691 79.3919 205.165 306.168 116.963 228.036 265.822 80.1225 160.725 305.645 142.445 147.356 298.0 144.202 139.685 286.602 142.097 144.198 301.319 107.749 11.4017 8.3425 103.87
164.322 174.27 143.104 143.154 141.18 162.116 177.983 81.7607 79.0398 79.2132 204.217 306.301 116.711 227.125 265.346 79.5067 160.177 305.476 142.243 146.777 297.782 144.023 138.998 286.503 141.793 143.558 301.444 107.536 11.4172 8.19869 104.097
163.135 174.27 143.137 143.082 141.157 161.778 177.983 81.4781 78.9156 78.944 203.223 306.259 116.717 226.084 264.673 79.3117 159.441 305.141 142.154 146.019 297.421 143.957 138.096 286.283 141.582 142.78 301.599 107.465 11.4209 8.01683 104.13
162.207 174.27 143.226 143.0 141.025 161.69 177.982 81.1273 78.6836 78.616 202.637 306.129 116.585 225.355 263.966 79.2043 158.997 305.116 142.068 145.587 297.327 143.929 137.561 286.298 141.51 142.356 301.805 107.53 11.4562 7.8132 104.338
161.417 174.27 143.555 143.03 141.0 161.637 177.982 80.7671 78.4158 78.3016 202.19 305.915 116.403 224.702 263.13 79.1689 158.569 304.973 141.927 145.178 297.107 143.842 137.067 286.189 141.402 141.973 301.868 107.557 11.5043 7.6133 104.464
160.826 174.27 143.878 143.049 140.908 161.705 177.982 80.5217 78.131 77.9991 201.815 305.919 116.175 224.238 262.737 79.0111 158.133 304.995 141.828 144.848 297.028 143.756 136.733 286.121 141.368 141.628 301.845 107.607 11.5461 7.51811 104.768
160.348 174.27 144.165 143.104 140.874 161.775 177.982 80.2896 77.8778 77.7626 201.542 305.916 115.839 223.77 262.491 78.7402 157.893 305.162 141.675 144.657 297.14 143.665 136.512 286.251 141.36 141.333 301.921 107.659 11.5901 7.44611 104.968
160.04 174.27 144.276 143.172 140.809 161.867 177.982 80.2056 77.7394 77.6559 201.329 306.026 115.763 223.521 262.656 78.8772 157.608 305.44 141.688 144.461 297.341 143.705 136.354 286.399 141.492 141.079 301.906 107.791 11.6221 7.42657 105.096
159.816 174.27 144.338 143.214 140.586 161.86 177.982 80.4475 77.7665 77.6485 201.259 306.378 115.823 223.702 263.699 79.383 157.502 305.963 141.831 144.524 297.733 143.803 136.543 286.612 141.699 141.01 301.881 107.904 11.622 7.48129 104.889
159.671 174.27 144.346 143.226 140.391 161.722 177.983 80.7497 77.923 77.7719 201.147 306.447 116.36 223.96 264.778 80.1088 157.324 306.37 142.111 144.506 298.087 144.011 136.655 286.788 141.962 140.94 301.77 108.078 11.6163 7.62153 104.637
159.61 174.27 144.473 143.378 140.442 161.537 177.983 81.0321 78.1191 77.9921 201.03 306.203 116.907 224.114 265.699 80.7726 157.344 306.812 142.331 144.617 298.525 144.239 136.853 287.118 142.267 140.889 301.716 108.262 11.6383 7.74701 104.165
159.496 174.27 144.377 143.296 140.392 161.265 177.984 81.4867 78.3913 78.2429 200.93 306.213 117.503 224.386 266.686 81.1313 157.6 307.37 142.754 144.835 299.118 144.618 137.143 287.618 142.69 140.936 301.848 108.552 11.653 7.89343 103.858
159.35 174.27 144.543 143.202 140.492 160.946 177.984 81.8443 78.6233 78.5147 200.652 305.67 118.165 224.428 267.117 81.4028 157.588 307.443 143.184 144.728 299.262 144.938 137.048 287.776 142.967 140.852 301.857 108.775 11.6644 8.01078 103.687
159.319 174.27 144.551 143.146 140.587 160.826 177.984 82.1561 78.9075 78.8105 200.404 305.573 119.04 224.434 267.377 81.8801 157.439 307.426 143.78 144.431 299.345 145.388 136.729 287.885 143.279 140.727 302.04 109.072 11.6306 8.0933 103.618
159.379 174.27 144.629 143.19 140.638 160.869 177.984 82.2835 78.9771 78.8947 200.287 305.588 119.421 224.545 267.761 82.1751 157.384 307.501 144.109 144.316 299.438 145.679 136.585 287.971 143.546 140.598 302.12 109.332 11.599 8.12595 103.435
159.495 174.27 144.827 143.338 140.803 160.951 177.983 82.5104 79.2197 79.1077 200.135 305.755 119.772 224.442 267.915 82.33 157.283 307.432 144.576 144.163 299.411 146.114 136.394 287.983 143.867 140.4 302.289 109.624 11.5841 8.11634 103.309
159.647 174.27 144.725 143.334 140.861 160.926 177.983 82.9032 79.5363 79.3322 200.068 305.997 120.283 224.53 268.422 82.3991 157.383 307.63 145.101 144.181 299.607 146.595 136.423 288.172 144.251 140.326 302.557 109.919 11.5663 8.1125 103.223
159.774 174.27 144.334 143.181 140.897 160.949 177.984 83.2176 79.8441 79.4821 200.003 306.723 120.691 224.437 268.734 82.1511 157.538 307.652 145.63 144.194 299.693 147.07 136.495 288.217 144.586 140.331 302.737 110.206 11.5574 8.20964 103.557
159.967 174.27 144.111 143.19 140.997 160.967 177.984 83.3598 80.1181 79.6408 199.954 307.388 121.066 224.527 269.239 82.2214 157.473 307.599 146.026 144.113 299.633 147.465 136.498 288.109 144.845 140.303 302.792 110.436 11.5352 8.25271 103.742
160.13 174.27 143.836 143.404 141.251 160.991 177.984 83.3911 80.4754 79.8496 200.135 308.435 121.275 224.563 269.485 82.2114 157.763 307.751 146.381 144.278 299.898 147.99 136.702 288.353 145.218 140.489 303.137 110.76 11.5305 8.32224 103.913
160.237 174.27 143.502 143.503 141.499 160.871 177.984 83.3908 80.8448 80.1536 200.253 309.214 121.76 224.257 269.555 82.1972 157.99 307.783 146.758 144.334 300.116 148.486 136.833 288.585 145.544 140.688 303.514 111.054 11.5393 8.49185 104.211
160.8 174.872 143.656 143.62 141.712 160.944 178.196 83.254 81.1522 80.4226 200.45 309.71 122.119 224.267 269.791 82.2806 157.944 307.717 147.034 144.304 300.143 148.901 136.869 288.633 145.814 140.816 303.723 111.292 11.5432 8.54646 104.505
161.186 179.308 143.9 143.633 141.945 160.808 178.297 82.9833 81.2954 80.5614 200.541 309.84 122.604 224.942 270.426 83.6101 157.946 307.335 147.164 144.216 299.92 149.135 136.886 288.437 145.918 140.957 303.808 111.406 11.566 8.69526 103.517
160.847 178.747 144.775 143.716 142.256 160.149 175.761 83.622 81.3713 80.6409 200.254 309.719 123.141 225.594 271.346 84.2336 158.079 306.975 147.755 144.114 299.634 149.306 136.926 288.166 146.018 141.042 303.714 111.462 11.6191 8.93008 102.873
160.266 177.467 145.4 143.883 142.598 159.35 173.65 84.0547 81.3127 80.6128 199.871 309.227 123.457 226.043 271.963 84.665 158.134 306.717 148.02 144.028 299.367 149.268 136.969 287.941 145.968 141.113 303.559 111.398 11.7082 9.05325 102.377
160.146 176.55 146.55 144.174 142.941 159.025 172.091 84.379 81.2898 80.6215 199.668 309.066 123.429 226.225 272.317 85.3054 158.069 306.473 148.185 143.904 299.136 149.198 136.952 287.734 145.888 141.127 303.331 111.308 11.7921 9.17644 101.81
160.21 177.025 147.586 144.329 143.135 158.896 170.378 84.3678 81.2894 80.6216 199.538 309.075 123.273 226.404 272.591 86.0758 157.946 306.255 148.171 143.822 298.913 149.139 136.966 287.507 145.812 141.134 303.087 111.23 11.8535 9.23082 101.255
160.097 177.572 148.747 144.534 143.393 158.776 168.989 84.4709 81.3325 80.6396 199.441 309.133 123.225 226.443 272.767 86.7444 157.858 306.028 148.32 143.751 298.709 149.19 136.915 287.334 145.806 141.116 302.979 111.232 11.8904 9.25674 100.73
159.551 179.13 148.908 144.612 143.581 158.307 167.497 84.6583 81.2965 80.5981 199.154 308.843 123.446 226.626 272.94 87.3694 157.792 305.899 148.506 143.667 298.529 149.223 136.858 287.212 145.802 141.129 302.916 111.245 11.9492 9.21218 100.342
159.222 178.513 148.922 144.476 143.619 158.016 166.391 84.7082 81.2009 80.5128 198.907 308.488 123.526 226.717 272.642 87.4676 157.844 305.692 148.623 143.66 298.336 149.263 136.829 287.105 145.829 141.131 302.841 111.312 12.0152 9.20032 100.258
159.155 176.481 149.388 144.462 143.7 157.931 165.78 84.7196 81.1408 80.4817 198.745 308.271 123.463 226.676 272.264 87.5817 157.782 305.432 148.685 143.592 298.039 149.271 136.761 286.876 145.81 141.092 302.667 111.341 12.0784 9.13715 100.245
158.869 175.05 149.96 144.526 143.75 157.833 165.375 84.6941 81.1259 80.4717 198.67 308.21 123.586 226.746 272.355 87.8826 157.687 305.348 148.762 143.553 297.901 149.309 136.747 286.764 145.811 141.101 302.593 111.375 12.1277 9.07033 100.186
158.718 173.676 150.294 144.576 143.782 157.853 164.845 84.5599 80.9469 80.3488 198.598 308.047 123.493 226.721 272.328 88.1018 157.524 305.249 148.687 143.463 297.741 149.202 136.666 286.637 145.738 141.045 302.443 111.355 12.1849 9.00232 100.126
158.163 172.249 149.452 144.641 143.843 157.597 164.384 84.5949 80.8174 80.238 198.401 307.896 123.534 226.879 272.514 88.2505 157.287 305.253 148.636 143.374 297.61 149.097 136.631 286.497 145.659 141.032 302.248 111.301 12.2305 8.90631 100.284
157.906 170.94 148.838 144.7 143.789 157.624 164.164 84.5758 80.7415 80.158 198.342 307.94 123.531 226.944 272.595 88.4774 157.022 305.229 148.605 143.269 297.526 149.043 136.537 286.373 145.619 140.982 302.085 111.286 12.2222 8.85986 100.395
158.092 169.933 148.611 144.696 143.669 157.982 164.346 84.3165 80.6832 80.087 198.508 308.177 123.251 226.777 272.391 88.4753 156.791 305.235 148.4 143.231 297.526 148.982 136.46 286.343 145.587 140.912 301.97 111.268 12.201 8.81305 100.591
158.459 169.078 148.622 144.727 143.638 158.314 164.494 84.0583 80.6583 80.091 198.653 308.275 122.759 226.638 272.034 88.2878 156.677 305.215 148.112 143.227 297.497 148.879 136.429 286.308 145.547 140.838 301.781 111.182 12.1945 8.7574 100.76
158.272 168.55 148.783 144.726 143.626 158.213 164.78 84.0762 80.5703 80.0483 198.527 308.089 122.753 226.669 271.922 88.1437 156.502 305.171 148.071 143.1 297.406 148.759 136.331 286.205 145.466 140.792 301.633 111.108 12.1993 8.75214 101.017
157.99 168.24 148.665 144.818 143.711 158.126 165.051 84.1977 80.5144 80.024 198.441 307.875 122.752 226.574 271.695 88.0106 156.45 305.046 148.092 142.979 297.289 148.67 136.167 286.124 145.366 140.749 301.601 111.047 12.1899 8.73976 101.084
157.249 167.932 147.719 144.823 143.756 157.671 165.282 84.3686 80.5093 80.0632 198.113 307.409 123.078 226.548 271.663 88.0976 156.237 304.924 148.136 142.764 297.146 148.583 135.945 286.007 145.253 140.68 301.567 110.974 12.1717 8.71238 101.138
156.24 167.862 147.06 144.882 143.806 156.976 165.405 84.5175 80.4594 80.0175 197.754 307.049 123.317 226.606 271.916 88.1003 156.189 305.07 148.126 142.729 297.235 148.488 135.919 286.104 145.168 140.668 301.713 110.899 12.1795 8.66039 101.074
155.33 167.942 146.437 144.754 143.688 156.6 165.434 84.5302 80.4121 79.9591 197.55 306.895 123.41 226.544 271.982 88.0799 156.231 305.158 148.032 142.718 297.329 148.371 135.871 286.21 145.064 140.659 301.885 110.812 12.1541 8.6264 100.925
154.415 168.211 145.982 144.756 143.668 156.15 165.374 84.4216 80.2579 79.7503 197.351 306.873 123.375 226.54 272.332 87.9179 156.369 305.319 147.847 142.828 297.489 148.219 135.949 286.352 144.947 140.69 302.092 110.71 12.1351 8.61928 100.767
153.848 168.64 145.603 144.688 143.685 155.995 165.387 84.5092 80.2769 79.7246 197.28 306.933 123.409 226.474 272.485 87.8423 156.597 305.398 147.837 142.941 297.62 148.203 135.989 286.501 144.915 140.703 302.341 110.654 12.0892 8.63336 100.472
153.611 168.965 145.455 144.573 143.664 155.971 165.281 84.5615 80.2809 79.6881 197.202 306.911 123.46 226.421 272.538 87.81 156.701 305.364 147.845 142.937 297.616 148.166 135.919 286.532 144.834 140.68 302.549 110.595 12.0488 8.61522 100.24
153.375 169.542 145.043 144.455 143.61 156.047 165.623 84.6901 80.3903 79.7338 197.291 307.15 123.471 226.299 272.595 87.7076 157.029 305.473 147.888 143.087 297.744 148.214 135.925 286.705 144.815 140.691 302.95 110.558 11.9543 8.51963 99.8903
153.628 170.337 144.982 144.118 143.448 156.117 165.765 84.7437 80.5462 79.8387 197.306 307.231 123.646 226.162 272.57 87.382 157.27 305.451 147.918 143.095 297.819 148.267 135.848 286.798 144.814 140.603 303.213 110.527 11.8663 8.56084 99.7315
154.281 170.834 144.759 143.701 143.182 156.491 166.302 84.7284 80.7506 79.9854 197.436 307.4 123.735 225.883 272.129 86.8905 157.582 305.277 147.898 143.077 297.747 148.324 135.697 286.77 144.773 140.473 303.417 110.476 11.758 8.56412 99.6518
155.062 171.497 144.497 143.321 142.904 156.94 167.016 84.4861 80.8197 80.0108 197.567 307.428 123.543 225.418 271.546 86.3041 157.809 305.044 147.673 143.054 297.65 148.28 135.554 286.723 144.693 140.268 303.502 110.409 11.699 8.61077 99.5516
156.115 172.13 143.664 142.905 142.576 157.596 168.07 83.8658 80.8571 80.0072 197.724 307.316 123.253 224.722 270.538 85.5603 157.773 304.528 147.186 142.857 297.343 148.157 135.228 286.481 144.508 139.966 303.469 110.292 11.642 8.65716 99.6813
157.127 173.286 143.216 142.528 142.153 158.303 169.685 83.5672 80.9171 79.9517 197.854 307.379 122.896 224.043 269.572 84.6096 157.428 304.44 146.992 142.692 297.151 148.168 134.963 286.307 144.466 139.649 303.46 110.275 11.585 8.41263 100.504
158.079 175.171 142.955 142.18 141.715 158.988 171.506 83.4677 80.9775 79.894 197.946 307.386 122.566 223.421 268.705 83.6601 157.031 304.554 146.953 142.549 297.097 148.224 134.744 286.243 144.5 139.365 303.463 110.314 11.5305 8.16033 101.495
158.842 176.596 142.537 141.732 141.235 159.393 172.542 83.4751 81.0292 79.8269 197.894 307.054 122.448 222.97 268.118 82.956 156.919 304.619 146.961 142.486 297.101 148.29 134.614 286.229 144.567 139.102 303.456 110.362 11.4813 8.07208 101.975
