164.796 174.27 147.96 142.504 135.609 169.657 172.282 79.3049 80.3561 79.1487 -68.332 276.605 140.67 -13.931 242.25 159.565 -84.9761 251.138 91.5426 -79.7474 244.904 77.2347 -67.283 239.404 67.0207 -54.1724 276.55 78.9627 11.8476 5.05905 105.493
164.733 174.27 147.913 142.514 135.303 169.647 172.344 79.4323 80.3901 79.0693 -68.4934 275.988 140.573 -13.9702 242.146 159.705 -85.3452 250.996 91.4802 -80.1377 244.755 77.2532 -67.5895 239.06 67.1364 -54.3306 276.146 78.8843 11.9883 5.14228 105.833
164.592 174.27 147.834 142.457 135.074 169.602 172.845 79.5192 80.4031 79.02 -68.6932 275.319 140.464 -14.0511 242.06 159.79 -85.7102 250.939 91.4026 -80.5199 244.69 77.2352 -67.9434 238.86 67.1759 -54.5117 275.859 78.8268 12.0796 5.2056 106.173
164.31 174.27 147.725 142.373 134.849 169.485 173.773 79.5887 80.4286 78.9933 -68.8614 274.864 140.446 -13.9387 242.013 159.827 -85.9525 250.839 91.327 -80.788 244.595 77.2031 -68.1874 238.673 67.1773 -54.6343 275.619 78.7902 12.1574 5.25889 106.551
164.071 174.27 147.675 142.299 134.681 169.417 174.722 79.6428 80.4534 78.9648 -69.0177 274.627 140.486 -13.7519 241.917 159.864 -86.0951 250.694 91.2608 -80.9396 244.446 77.1811 -68.3186 238.493 67.1583 -54.695 275.403 78.773 12.204 5.30455 106.885
163.897 174.27 147.535 142.188 134.323 169.408 175.504 79.6632 80.484 78.9359 -69.2101 274.462 140.534 -13.4918 241.818 159.838 -86.1461 250.5 91.2112 -81.0094 244.238 77.1496 -68.319 238.244 67.128 -54.7088 275.204 78.7151 12.2935 5.32431 107.145
163.852 174.261 147.454 142.048 134.054 169.428 176.131 79.6543 80.4936 78.9426 -69.3691 274.313 140.618 -13.5029 241.941 160.115 -86.1633 250.355 91.2191 -81.0297 244.077 77.1796 -68.3263 238.106 67.1426 -54.7342 275.079 78.7061 12.3366 5.34508 107.221
163.839 174.867 147.437 141.934 134.04 169.423 176.27 79.6669 80.5069 78.951 -69.4758 274.001 140.585 -13.4383 241.75 160.041 -86.1668 250.181 91.1778 -81.0294 243.9 77.1307 -68.3719 238.005 67.0587 -54.7424 274.932 78.6265 12.296 5.339 107.193
163.886 175.759 147.441 141.869 134.082 169.449 176.419 79.6819 80.5236 78.9858 -69.5869 273.904 140.569 -13.4402 241.569 159.932 -86.216 250.078 91.0984 -81.0782 243.794 77.051 -68.4671 237.948 66.9641 -54.7881 274.835 78.5455 12.2687 5.33887 107.176
163.915 176.8 147.373 141.769 133.998 169.45 176.689 79.7251 80.6027 79.0492 -69.6824 274.11 140.643 -13.3391 241.432 159.858 -86.1939 249.915 91.0419 -81.0691 243.617 76.9982 -68.453 237.8 66.9112 -54.7733 274.734 78.4681 12.2688 5.33631 107.137
164.127 177.873 147.325 141.631 133.826 169.559 176.882 79.7368 80.6661 79.1662 -69.6949 274.416 140.686 -13.2769 241.375 159.757 -86.2066 249.824 91.0074 -81.0887 243.464 76.9911 -68.4792 237.655 66.8877 -54.7996 274.69 78.3767 12.2805 5.3424 107.1
164.407 178.545 147.332 141.581 133.71 169.668 176.925 79.7608 80.6885 79.2488 -69.499 274.437 140.629 -13.1656 241.376 159.72 -86.1392 249.723 90.9997 -81.0138 243.36 76.9726 -68.4079 237.552 66.8901 -54.7566 274.651 78.3339 12.3204 5.32794 107.064
164.553 179.057 147.379 141.566 133.734 169.684 176.975 79.8464 80.7437 79.3496 -69.4341 274.247 140.486 -13.1418 241.402 159.677 -86.1698 249.553 90.9445 -81.0072 243.213 76.9071 -68.4137 237.449 66.8383 -54.7945 274.584 78.2775 12.3104 5.31318 107.062
164.556 179.217 147.419 141.575 133.851 169.598 177.01 79.914 80.7716 79.4158 -69.2801 273.775 140.231 -13.0776 241.533 159.672 -86.1236 249.408 90.9024 -80.9213 243.12 76.8155 -68.3518 237.416 66.7581 -54.7723 274.546 78.2261 12.2716 5.26907 107.061
164.458 179.941 147.416 141.54 133.936 169.386 177.225 80.0018 80.8168 79.493 -69.0514 272.91 139.793 -12.7137 241.272 159.292 -85.9168 248.821 90.5621 -80.6646 242.6 76.4396 -68.1135 236.989 66.3757 -54.6256 274.141 77.9219 12.223 5.24178 107.155
164.17 179.536 147.467 141.57 133.903 169.141 177.275 80.0822 80.8464 79.561 -69.0124 272.444 139.503 -12.58 240.98 158.969 -85.7469 248.352 90.2783 -80.4385 242.226 76.1152 -67.8481 236.685 66.0615 -54.5342 273.925 77.7154 12.2373 5.21943 107.077
164.055 179.144 147.532 141.56 133.809 169.003 177.368 80.2266 80.976 79.7224 -68.8971 272.148 139.26 -12.346 240.578 158.623 -85.6447 247.758 90.0184 -80.2834 241.639 75.868 -67.6508 236.16 65.8232 -54.4594 273.557 77.4806 12.2568 5.21291 107.047
164.142 178.553 147.604 141.586 133.846 168.991 177.371 80.344 81.0831 79.8746 -68.745 271.894 139.057 -12.162 240.068 158.247 -85.5676 247.189 89.7092 -80.1758 241.083 75.5639 -67.5299 235.65 65.5355 -54.4043 273.156 77.2287 12.274 5.20759 107.021
164.407 177.606 147.639 141.491 133.875 169.096 177.423 80.5612 81.3085 80.1677 -68.7738 271.9 138.976 -11.9981 239.483 157.902 -85.5628 246.543 89.5191 -80.1106 240.429 75.3649 -67.462 235.115 65.3259 -54.3972 272.799 77.007 12.2538 5.17103 106.846
164.778 176.126 147.67 141.436 133.839 169.284 177.489 80.7165 81.4807 80.4008 -68.7983 271.899 138.932 -12.0073 238.815 157.621 -85.6549 245.939 89.2731 -80.1545 239.775 75.1688 -67.4793 234.5 65.1524 -54.4526 272.348 76.7986 12.2952 5.18548 106.754
165.248 174.931 147.657 141.397 133.939 169.531 177.502 80.8671 81.6572 80.6393 -68.9149 271.939 138.918 -11.9749 238.34 157.421 -85.7107 245.346 89.1456 -80.1798 239.161 75.0725 -67.5138 233.974 65.0451 -54.5111 271.956 76.6291 12.2725 5.19684 106.615
165.796 173.451 147.723 141.371 134.303 169.735 177.514 81.0911 81.8451 80.843 -69.0383 271.708 138.787 -12.1228 237.751 157.352 -85.8268 244.653 88.976 -80.2232 238.51 74.9016 -67.617 233.497 64.8532 -54.5802 271.486 76.4976 12.1478 5.18079 106.453
166.482 172.937 147.738 141.285 134.816 169.94 177.513 81.4292 82.1462 81.1214 -69.1467 271.261 138.56 -12.2376 237.085 157.305 -85.9837 243.741 88.9045 -80.3133 237.663 74.8011 -67.804 232.882 64.6679 -54.6641 270.867 76.348 11.9059 5.13987 106.188
166.974 172.529 147.772 141.292 135.211 170.009 177.369 81.7572 82.417 81.3543 -69.2625 270.427 138.182 -12.4524 236.134 157.134 -86.1799 242.748 88.7145 -80.4693 236.756 74.5852 -68.0165 232.133 64.3729 -54.7512 270.106 76.1048 11.7226 5.12071 105.889
167.292 171.81 147.861 141.369 135.589 169.968 177.116 82.1217 82.7093 81.5712 -69.3296 269.243 137.629 -12.6646 235.022 156.998 -86.4235 241.681 88.5318 -80.6677 235.783 74.3692 -68.2554 231.321 64.0647 -54.8214 269.249 75.8952 11.5314 5.09633 105.669
167.443 171.566 147.991 141.382 135.625 169.743 176.576 82.4337 83.0032 81.8516 -69.3543 267.835 136.87 -12.9002 233.745 156.758 -86.6755 240.553 88.3249 -80.859 234.653 74.1575 -68.436 230.309 63.7767 -54.8995 268.331 75.6613 11.428 5.06864 105.469
167.617 173.917 148.069 141.458 135.582 169.551 175.942 82.5952 83.1962 82.0651 -69.3616 266.511 136.151 -13.1523 232.582 156.564 -86.9293 239.505 88.1961 -81.1146 233.554 74.0484 -68.6635 229.202 63.6142 -54.9968 267.329 75.4061 11.3878 5.07045 105.326
167.828 176.711 147.834 141.33 135.131 169.382 175.639 82.7589 83.4818 82.2772 -69.5713 265.255 135.588 -13.3037 231.768 156.341 -87.1007 238.514 88.2469 -81.309 232.501 74.0548 -68.7313 228.191 63.5348 -55.1215 266.599 75.1632 11.4094 5.01601 105.007
167.898 179.706 147.549 141.217 134.503 169.273 175.263 82.9024 83.7745 82.51 -69.9972 264.582 135.304 -13.4112 231.165 156.071 -87.2412 237.413 88.2573 -81.4442 231.265 74.0765 -68.6425 226.93 63.5153 -55.2655 265.811 74.8556 11.542 4.99033 104.754
168.051 177.619 147.011 140.993 133.524 169.27 175.063 82.9973 84.038 82.6795 -70.5004 264.37 135.439 -13.3259 230.722 155.77 -87.3074 236.418 88.4577 -81.5431 230.162 74.2564 -68.4191 225.738 63.6817 -55.4248 265.184 74.6419 11.8321 4.95985 104.462
168.171 175.62 146.362 140.639 132.475 169.475 174.657 83.1692 84.3722 82.9805 -71.0902 264.389 135.615 -13.2298 230.416 155.346 -87.2855 235.309 88.6187 -81.4789 228.965 74.3929 -68.0137 224.56 63.7926 -55.5996 264.699 74.3811 12.1292 4.92177 104.023
168.014 174.27 145.864 140.401 131.566 169.638 174.519 83.3279 84.6436 83.2332 -71.4213 264.198 135.78 -12.6354 229.94 154.647 -87.1684 234.148 88.7453 -81.3363 227.771 74.5182 -67.5674 223.385 63.9209 -55.7017 264.073 74.1442 12.4372 4.92286 103.882
167.941 174.27 145.425 140.171 130.527 169.949 174.582 83.5451 84.9292 83.5632 -71.853 264.015 135.948 -12.3917 229.481 154.223 -87.0907 233.121 88.8236 -81.1982 226.759 74.5639 -67.0832 222.383 64.0133 -55.825 263.618 73.9445 12.8329 4.90184 103.531
167.753 174.27 145.209 140.076 129.87 170.351 174.913 83.7995 85.2072 83.9521 -72.1201 263.877 136.077 -12.1851 228.928 153.87 -87.0864 232.166 88.698 -81.1329 225.833 74.449 -66.7723 221.466 63.997 -55.9056 263.081 73.7296 13.1913 4.92418 103.398
167.296 174.27 145.231 140.168 129.378 170.705 175.521 83.8628 85.2176 84.0857 -72.3046 263.661 136.149 -12.0048 228.395 153.689 -87.1146 231.501 88.4051 -81.1007 225.245 74.1724 -66.5387 220.788 63.8974 -55.9186 262.512 73.5852 13.5459 4.95116 103.686
166.895 174.27 145.41 140.288 129.076 171.171 176.266 83.8479 85.1138 84.0802 -72.3358 263.648 136.281 -11.8989 228.009 153.747 -87.2177 231.099 88.2033 -81.1631 224.881 74.0356 -66.4839 220.265 63.924 -55.8934 261.952 73.5252 13.821 5.01675 104.115
167.02 174.27 145.651 140.472 128.819 171.846 177.015 83.7458 84.956 84.0854 -72.3987 263.917 136.36 -11.9642 227.682 153.737 -87.3321 230.84 87.814 -81.2361 224.656 73.6788 -66.4671 219.895 63.75 -55.9272 261.53 73.3969 14.0916 5.05164 104.561
167.235 175.016 145.967 140.786 128.573 172.531 177.857 83.4725 84.6566 83.8419 -72.4341 264.355 136.593 -12.1295 227.522 154.008 -87.3599 230.871 87.4313 -81.2814 224.697 73.3304 -66.4132 219.725 63.5457 -55.8774 261.219 73.3385 14.3492 5.09823 105.058
167.224 177.165 146.246 141.088 128.634 172.852 178.185 83.2695 84.4037 83.5397 -72.4332 264.359 136.577 -12.1572 227.198 154.001 -87.3908 230.942 87.1372 -81.3404 224.808 73.0381 -66.4447 219.705 63.334 -55.8321 260.975 73.2798 14.4516 5.11303 105.431
167.218 179.419 146.453 141.186 128.55 172.917 178.287 83.0265 84.1073 83.2877 -72.3881 264.08 136.427 -12.3054 226.83 153.948 -87.3243 230.959 86.8744 -81.2576 224.878 72.7354 -66.3904 219.737 63.1049 -55.7986 260.81 73.2768 14.5189 5.08943 105.632
167.134 178.161 146.748 141.369 128.69 172.752 178.363 82.87 83.8956 83.0217 -72.1925 263.723 136.091 -12.5034 226.675 154.062 -87.3834 231.077 86.6932 -81.3227 225.023 72.5368 -66.5014 219.83 62.9423 -55.7918 260.678 73.2729 14.49 5.07432 105.862
166.924 176.212 146.948 141.478 128.832 172.718 178.408 82.7596 83.733 82.8198 -72.0906 263.55 135.934 -12.6015 226.595 154.135 -87.3947 231.203 86.5551 -81.3372 225.166 72.3836 -66.5704 219.943 62.7961 -55.7569 260.623 73.2628 14.4488 5.06443 106.026
166.456 175.586 147.164 141.59 128.985 172.363 178.445 82.6401 83.5025 82.4871 -71.8296 262.912 135.665 -12.611 226.49 154.307 -87.3656 231.361 86.4747 -81.3263 225.407 72.2602 -66.6391 220.152 62.6805 -55.6733 260.547 73.3013 14.3796 5.0408 106.207
165.732 175.896 147.3 141.706 129.053 172.225 178.554 82.4941 83.2543 82.1266 -71.7226 262.493 135.59 -12.5024 226.414 154.372 -87.2663 231.575 86.3195 -81.2646 225.715 72.0789 -66.6365 220.399 62.5168 -55.5347 260.514 73.3014 14.3376 5.04283 106.444
165.016 176.206 147.327 141.627 128.959 172.241 178.663 82.4169 83.0707 81.9493 -71.6201 262.519 135.646 -12.2984 226.419 154.373 -87.058 231.761 86.2506 -81.0423 226.02 71.9664 -66.4698 220.708 62.4215 -55.3568 260.664 73.3309 14.3238 5.03062 106.505
164.877 176.238 147.109 141.325 128.55 172.437 178.675 82.3489 82.9554 81.8653 -71.723 262.562 135.79 -12.1161 226.405 154.293 -86.7948 231.899 86.352 -80.7902 226.262 71.9429 -66.2518 221.0 62.3622 -55.1937 260.955 73.3459 14.3362 4.94774 106.236
164.525 176.432 146.686 140.805 127.985 172.418 178.743 82.2999 82.904 81.9326 -71.9064 262.331 135.734 -11.8746 226.758 154.174 -86.4178 232.076 86.6512 -80.4311 226.586 72.0643 -65.9259 221.449 62.3748 -55.0563 261.562 73.3799 14.3137 4.83161 105.704
164.08 176.149 146.414 140.38 127.42 172.167 178.643 82.2768 82.9001 81.9386 -71.791 261.878 135.523 -11.615 227.137 154.158 -86.0697 232.184 87.0256 -80.1313 226.786 72.3059 -65.6435 221.774 62.4979 -54.9196 262.032 73.4432 14.2803 4.75034 105.204
163.8 175.373 146.255 139.995 127.288 171.999 178.37 82.0099 82.7238 81.9338 -71.7171 261.877 135.518 -11.5384 227.636 154.14 -85.6712 232.647 87.2311 -79.77 227.234 72.4653 -65.4379 222.316 62.5785 -54.7836 262.626 73.5203 14.1824 4.72258 104.833
163.397 174.4 146.306 139.935 127.667 171.595 178.028 81.6789 82.3663 81.5676 -71.3021 261.486 135.282 -11.4969 228.131 154.159 -85.3581 233.264 87.2706 -79.521 227.875 72.468 -65.4375 223.002 62.5314 -54.6078 263.041 73.5667 13.9761 4.71892 104.787
162.749 173.795 146.548 140.054 128.306 170.575 177.75 81.335 81.9461 81.0825 -70.5398 260.553 134.579 -11.5525 228.695 154.305 -85.1232 234.029 87.3103 -79.3359 228.696 72.4469 -65.5167 223.86 62.4574 -54.4496 263.494 73.6854 13.7082 4.69967 104.876
162.416 177.224 146.829 140.247 129.326 169.545 177.499 81.1422 81.6589 80.6899 -69.8784 259.703 133.95 -11.4831 229.413 154.531 -85.0113 234.807 87.4023 -79.2655 229.53 72.4909 -65.7558 224.774 62.4261 -54.3244 263.97 73.8587 13.3171 4.68837 105.124
161.815 179.304 147.264 140.621 130.402 168.14 177.193 80.9404 81.3081 80.2641 -69.1654 258.428 132.971 -11.5926 230.241 154.838 -84.9779 235.838 87.3547 -79.2465 230.661 72.3974 -66.0165 225.922 62.2948 -54.1983 264.574 74.0587 12.9696 4.69657 105.543
160.661 176.326 147.739 141.011 131.517 166.109 176.868 80.7341 80.9076 79.7811 -68.1716 256.162 131.454 -11.6948 231.088 155.22 -84.949 236.91 87.3351 -79.245 231.832 72.3153 -66.3227 227.073 62.1703 -54.0274 265.114 74.2555 12.632 4.70988 105.991
160.496 174.396 148.038 141.31 132.569 164.829 176.788 80.5734 80.6092 79.4168 -67.7118 254.904 130.794 -11.6852 232.112 155.646 -84.9374 238.126 87.4772 -79.2772 233.077 72.4463 -66.6468 228.282 62.2501 -53.8629 265.798 74.5229 12.3078 4.75694 106.385
160.829 174.27 148.118 141.47 132.986 164.334 176.407 80.5118 80.4675 79.2804 -67.592 254.942 130.918 -11.4223 232.862 155.738 -84.9025 239.306 87.8031 -79.3021 234.248 72.7602 -66.8149 229.333 62.5698 -53.6862 266.603 74.8102 12.2142 4.78944 106.557
161.194 174.27 148.002 141.526 133.248 164.097 176.467 80.377 80.2862 79.1471 -67.8144 255.478 131.345 -11.1387 234.065 155.896 -84.7712 240.468 88.0732 -79.2305 235.426 73.0177 -66.8437 230.391 62.8424 -53.5463 267.537 74.9915 12.1762 4.83879 106.717
161.447 174.27 148.003 141.71 133.648 164.068 177.305 80.1359 80.0186 78.9177 -68.1737 256.398 132.102 -10.6194 235.494 156.117 -84.6523 241.704 88.2292 -79.1954 236.633 73.2515 -66.9315 231.443 63.105 -53.4389 268.361 75.1981 12.1473 4.95634 107.37
161.691 176.365 148.079 141.942 134.132 164.195 178.122 80.0481 79.9028 78.7848 -68.5353 257.56 132.89 -10.4376 236.946 156.734 -84.569 242.779 88.3328 -79.1564 237.7 73.4514 -66.9661 232.404 63.3346 -53.3306 269.149 75.4121 12.079 5.07673 107.79
162.1 176.838 148.264 142.345 134.802 164.481 178.73 79.876 79.6853 78.4511 -68.7009 258.656 133.682 -10.0625 237.87 157.06 -84.5333 243.951 88.2833 -79.1986 238.829 73.5473 -67.1104 233.34 63.4807 -53.1846 269.717 75.6084 11.9799 5.24625 108.486
162.463 176.943 148.47 142.664 135.265 164.792 178.923 79.6786 79.463 78.1268 -68.7654 259.578 134.284 -9.8184 239.0 157.535 -84.4002 245.016 88.2452 -79.1357 239.883 73.6206 -67.1188 234.224 63.619 -53.0298 270.287 75.8028 11.8999 5.40084 109.061
162.595 177.629 148.741 142.986 135.713 164.904 179.165 79.6744 79.3911 77.9479 -68.7743 260.062 134.507 -9.56564 240.03 157.976 -84.3628 245.856 88.2117 -79.113 240.769 73.6322 -67.1234 235.0 63.733 -52.8984 270.814 75.9702 11.8536 5.50503 109.584
162.689 178.07 148.96 143.192 136.158 164.926 179.32 79.6631 79.3267 77.8187 -68.7783 260.642 134.65 -9.44143 241.024 158.343 -84.3521 246.761 88.2723 -79.105 241.694 73.705 -67.1753 235.865 63.8659 -52.8049 271.475 76.1522 11.7726 5.56117 109.914
162.518 178.425 149.107 143.304 136.283 164.686 179.445 79.6133 79.2176 77.6709 -68.6758 261.035 134.572 -9.30564 242.145 158.67 -84.3227 247.788 88.4204 -79.0754 242.712 73.8692 -67.1624 236.752 64.1206 -52.701 272.245 76.3311 11.7942 5.61256 110.187
162.458 178.709 149.119 143.264 136.092 164.612 179.545 79.4367 79.056 77.5224 -68.836 261.796 134.711 -9.22896 243.344 158.922 -84.1834 248.984 88.6552 -78.9508 243.857 74.0964 -67.0336 237.77 64.4231 -52.5788 273.257 76.5157 11.876 5.61587 110.26
162.294 178.898 149.205 143.297 136.017 164.552 179.612 79.3244 78.9098 77.3357 -68.7195 262.509 134.874 -9.0955 244.328 159.229 -84.0455 250.062 88.8608 -78.8233 244.88 74.3336 -66.9103 238.657 64.7353 -52.3768 274.073 76.7275 11.9494 5.64593 110.424
162.131 178.597 149.338 143.39 136.057 164.629 179.506 79.1478 78.7395 77.106 -68.5401 263.511 135.194 -9.00262 245.307 159.465 -83.7925 251.106 89.0011 -78.578 245.859 74.5205 -66.6542 239.548 64.9805 -52.1761 274.899 76.9335 11.9906 5.6723 110.51
161.96 178.005 149.555 143.547 136.256 164.73 179.297 78.9568 78.5511 76.8718 -68.2843 264.601 135.423 -9.09517 246.121 159.649 -83.5716 252.217 88.9856 -78.3573 246.965 74.5384 -66.4487 240.605 65.0692 -52.0169 275.788 77.1244 12.0126 5.71629 110.581
161.848 177.295 149.868 143.801 136.653 164.899 179.047 78.8991 78.4608 76.6566 -67.8575 265.373 135.621 -9.13346 246.783 159.965 -83.4271 253.143 88.8481 -78.2157 247.856 74.5328 -66.3362 241.401 65.1516 -51.8122 276.325 77.3011 11.9663 5.83158 110.862
161.797 176.639 150.057 143.931 137.011 165.085 178.816 78.8525 78.3863 76.4997 -67.4319 266.09 135.829 -9.19183 247.279 160.207 -83.2727 254.088 88.7709 -78.0815 248.812 74.5323 -66.2709 242.334 65.1814 -51.6182 276.986 77.5018 11.9096 5.91653 110.987
161.729 176.212 150.122 143.994 137.225 165.235 178.666 78.705 78.2403 76.2607 -67.1547 266.836 136.038 -9.23017 248.029 160.418 -83.154 255.205 88.7222 -78.032 249.89 74.5697 -66.3046 243.309 65.256 -51.4763 277.691 77.6276 11.8665 6.01809 111.159
161.622 176.748 149.843 143.711 136.913 165.303 178.855 78.5299 78.1529 76.2015 -67.0401 267.655 136.173 -8.94921 249.237 160.502 -82.9483 256.227 88.9664 -77.8922 250.847 74.8338 -66.1829 244.203 65.5127 -51.3954 278.67 77.7264 11.9001 6.0317 111.16
161.519 177.048 149.65 143.459 136.506 165.383 178.96 78.3539 78.0699 76.1936 -66.8623 268.664 136.277 -8.55786 250.578 160.487 -82.648 257.183 89.247 -77.6589 251.706 75.1336 -65.9425 244.986 65.7888 -51.2681 279.685 77.7403 11.9842 6.01601 111.041
161.63 177.003 149.409 143.106 135.989 165.437 178.944 77.8668 77.7078 76.0199 -65.9276 270.14 136.136 -8.13192 252.908 160.544 -81.9806 259.335 89.7263 -77.1902 253.776 75.5772 -65.6155 246.868 66.1943 -50.8858 281.629 77.7606 12.0802 6.06012 110.628
161.625 176.768 149.52 143.205 135.907 165.508 178.862 77.6527 77.5368 75.9513 -65.2134 270.675 135.891 -8.06621 253.769 160.693 -81.7212 260.069 89.7998 -77.0494 254.392 75.6782 -65.5668 247.266 66.336 -50.6445 282.013 77.6681 12.1421 6.08565 110.597
161.601 176.538 149.641 143.378 136.09 165.361 178.781 77.2312 77.1854 75.5927 -64.534 270.881 135.5 -8.07624 254.751 160.836 -81.4041 261.214 89.6599 -76.8556 255.44 75.5649 -65.4856 248.093 66.2466 -50.37 282.587 77.596 12.1119 6.13994 110.866
161.635 176.132 149.643 143.472 136.119 165.496 178.638 76.7932 76.86 75.2748 -64.051 271.707 135.508 -8.15931 255.456 160.847 -81.1787 262.389 89.5035 -76.8361 256.464 75.4998 -65.6169 248.81 66.2019 -50.171 283.046 77.4664 12.1164 6.23403 111.06
161.712 176.23 149.531 143.362 136.048 165.624 178.673 76.5248 76.7049 75.1723 -63.7556 272.772 135.549 -8.10028 256.369 160.738 -80.8508 263.406 89.4003 -76.6153 257.372 75.4288 -65.4848 249.607 66.113 -49.9269 283.765 77.2988 12.0872 6.24522 111.009
161.578 176.476 149.556 143.353 136.194 165.346 178.759 76.3326 76.5369 75.0194 -63.453 273.513 135.318 -8.20814 257.538 160.74 -80.683 264.667 89.3463 -76.5007 258.633 75.3377 -65.4647 250.821 66.0175 -49.7955 284.785 77.2327 12.025 6.26806 110.968
161.499 176.671 149.445 143.22 136.045 165.263 178.828 76.1778 76.3615 74.8815 -63.4614 274.502 135.478 -7.99834 258.827 160.623 -80.2698 265.789 89.467 -76.1202 259.822 75.4 -65.1153 252.001 66.0766 -49.5253 285.945 77.1834 12.0789 6.31103 110.675
161.463 176.97 149.427 143.231 135.992 165.155 178.933 76.0182 76.191 74.6962 -63.3221 275.712 135.597 -7.59975 260.263 160.496 -79.9089 266.881 89.5405 -75.8235 261.004 75.4425 -64.8399 253.161 66.1396 -49.3329 287.061 77.1049 12.1285 6.41583 110.593
161.474 176.929 149.374 143.137 135.97 165.187 178.919 76.2876 76.4002 74.9146 -62.9882 276.847 135.658 -6.98476 261.55 160.492 -79.4827 267.44 89.8336 -75.4324 261.726 75.6419 -64.4366 254.016 66.2999 -48.9984 288.069 77.0472 12.1245 6.47608 110.065
161.348 175.525 149.705 143.377 136.457 165.053 178.425 76.4963 76.5881 75.1728 -62.1875 277.175 135.045 -6.65278 262.519 160.552 -79.0018 267.84 89.7715 -74.9924 262.301 75.4973 -64.0392 254.753 66.1266 -48.6316 288.873 76.8867 12.0377 6.54845 109.57
161.209 173.733 150.199 143.815 137.217 165.015 177.794 76.6697 76.7152 75.2653 -61.3293 277.327 134.337 -6.35567 263.225 160.532 -78.6504 268.246 89.2101 -74.6918 262.745 75.0434 -63.8353 255.188 65.6942 -48.1861 289.16 76.5299 11.8746 6.69639 109.711
160.901 173.645 150.684 144.201 137.749 164.845 177.763 76.7601 76.8093 75.3998 -60.6817 277.614 133.598 -5.69653 264.16 160.391 -78.2751 268.617 88.6552 -74.3325 263.021 74.6675 -63.5342 255.403 65.3698 -47.694 289.393 76.161 11.783 6.78042 110.315
160.628 174.13 150.879 144.26 137.893 164.642 177.933 76.7427 76.8723 75.591 -60.1948 278.49 133.221 -4.85671 264.992 159.995 -77.7879 269.079 88.3441 -73.8786 263.337 74.4973 -63.1477 255.741 65.1681 -47.1875 289.848 75.7999 11.7485 6.77391 110.683
160.747 175.32 150.456 143.828 137.346 164.667 178.352 76.5517 76.8919 75.7701 -59.8748 279.946 133.389 -3.84538 265.847 159.285 -77.1715 270.009 88.3094 -73.4004 264.054 74.5781 -62.7425 256.435 65.1211 -46.6535 290.738 75.4469 11.8046 6.71353 110.747
160.719 177.244 149.998 143.326 136.644 164.354 179.029 76.6005 77.1374 76.05 -59.572 281.179 133.514 -2.77611 266.304 158.538 -76.592 270.649 88.1354 -72.9208 264.485 74.5487 -62.2295 256.876 64.9997 -46.0514 291.446 75.0489 11.9264 6.64977 110.776
160.919 178.404 149.658 142.993 136.21 164.381 179.438 76.8968 77.4749 76.4294 -58.8943 282.326 133.213 -1.9659 266.989 157.968 -76.0662 271.056 88.0095 -72.3743 264.897 74.3786 -61.5915 257.43 64.7769 -45.5234 292.301 74.6089 12.0184 6.56407 110.362
160.923 178.182 149.388 142.742 136.075 164.3 179.36 77.1656 77.758 76.7756 -57.678 282.911 132.497 -1.12609 267.56 157.438 -75.3755 271.223 87.8624 -71.7055 265.063 74.2033 -60.91 257.686 64.5493 -44.8612 292.779 74.0644 12.0397 6.52912 109.814
160.918 178.67 149.409 142.812 136.392 164.335 179.532 77.3145 77.8723 76.8582 -56.692 283.652 131.938 -0.0460892 268.188 156.907 -74.599 271.478 87.4269 -70.8938 265.344 73.7679 -60.1049 258.092 64.1147 -44.1039 293.231 73.6176 11.9843 6.52779 109.947
160.646 178.488 149.145 142.649 136.256 164.187 179.467 77.261 77.9517 77.0204 -56.5041 284.831 131.647 1.13466 269.041 155.989 -73.7812 271.98 86.9081 -70.0449 265.765 73.3485 -59.1796 258.564 63.6676 -43.3904 293.983 73.0838 12.0055 6.53117 110.293
160.709 175.498 148.505 142.14 135.653 164.018 178.503 77.5935 78.4569 77.4329 -56.1507 285.857 131.316 2.65515 269.797 154.972 -73.0767 272.267 86.795 -69.3356 265.96 73.2431 -58.3104 258.914 63.3809 -42.6626 294.793 72.5451 11.9447 6.42825 110.271
161.298 175.811 148.048 141.915 135.166 164.176 178.631 77.7127 78.844 77.7364 -55.232 286.995 130.949 3.90153 270.426 154.051 -72.3026 272.523 86.4802 -68.6446 265.916 73.0647 -57.4766 258.839 63.0891 -41.855 295.174 71.8258 11.9895 6.35471 110.263
161.922 177.684 147.532 141.487 134.772 164.436 179.231 77.6678 79.0745 78.0749 -53.8993 288.65 130.52 4.86058 271.345 153.124 -71.4663 273.327 86.3764 -67.9264 266.451 72.9837 -56.7818 259.39 62.8618 -41.0974 296.001 71.1342 12.006 6.23875 109.849
162.364 179.138 147.222 141.422 134.423 164.484 179.696 77.5269 79.0466 77.9396 -52.9116 290.44 130.259 5.80231 272.501 152.216 -70.7422 274.428 86.0573 -67.3767 267.307 72.7201 -56.2344 260.006 62.6652 -40.2923 296.574 70.4233 12.1588 6.20702 110.009
162.337 178.176 147.253 141.473 134.327 164.625 179.358 77.5878 79.12 77.9498 -52.0242 291.679 129.864 6.80154 273.608 151.51 -69.8237 275.026 85.6896 -66.4306 267.83 72.372 -55.2231 260.533 62.3562 -39.3398 297.19 69.9335 12.2139 6.17342 110.209
161.923 177.384 147.036 141.247 133.982 164.176 178.51 77.7869 79.4976 78.341 -50.9615 292.112 128.76 7.85125 274.764 150.627 -68.8242 275.437 85.463 -65.3799 268.13 72.0899 -54.031 261.004 61.9539 -38.4293 298.095 69.3524 12.2019 6.02485 109.978
162.395 176.594 146.493 140.889 133.623 163.931 177.063 77.952 79.9543 78.8367 -49.8153 293.366 128.343 8.96612 275.99 149.819 -67.7666 275.989 85.5166 -64.421 268.38 72.2357 -53.0399 261.295 61.9748 -37.4576 298.785 68.7264 12.1841 5.95304 109.434
163.094 176.554 146.004 140.635 133.136 163.908 175.537 77.7259 80.0275 79.1121 -48.8242 295.269 128.233 10.003 277.532 148.918 -66.6191 277.347 85.4602 -63.4722 269.423 72.2506 -52.137 262.192 61.9387 -36.5006 299.999 68.0827 12.3395 5.90146 108.998
