154.971 178.374 127.633 135.033 144.131 141.356 176.288 79.1878 80.7243 84.9941 -93.8514 285.907 -36.8005 -69.6627 305.231 -119.074 -99.7484 301.639 -17.3615 -89.1652 296.641 -6.13596 -77.7544 292.689 -4.0534 -69.1855 325.867 -21.5961 14.215 5.97559 115.953
155.327 179.384 127.358 135.106 144.662 142.589 175.632 79.4556 80.7467 85.2328 -91.1415 286.887 -36.239 -66.4735 304.028 -117.017 -96.9458 301.899 -16.023 -86.3502 297.083 -4.64157 -75.0272 293.283 -2.34321 -66.3096 326.476 -20.2572 14.2285 5.89977 115.098
155.54 179.955 127.043 134.982 144.583 142.978 174.643 80.0375 80.9076 85.4312 -88.1067 287.151 -35.0858 -63.7681 304.591 -115.524 -94.4341 302.552 -14.9789 -83.8541 298.021 -3.53968 -72.6232 294.274 -1.20074 -63.5439 327.3 -19.0352 14.3348 6.09846 114.231
156.198 179.485 127.227 135.152 145.066 143.876 174.03 80.5292 81.2367 85.6876 -85.2432 287.713 -34.652 -60.9777 304.489 -113.863 -91.7157 302.601 -13.8605 -81.07 298.308 -2.37179 -69.7754 294.928 0.065093 -60.8859 328.106 -17.9245 14.3517 6.04608 113.438
156.455 179.064 128.151 135.927 145.398 144.079 173.782 80.957 81.2668 85.6362 -82.2854 288.227 -34.2472 -57.9884 305.139 -112.837 -89.4125 303.092 -13.1328 -78.8553 298.957 -1.68956 -67.5581 295.615 0.783171 -58.3463 328.73 -16.8568 14.4275 6.28246 112.681
156.353 178.734 129.377 136.626 145.979 144.004 173.58 80.9185 81.1078 85.627 -79.8786 288.909 -33.4891 -55.5668 305.583 -111.656 -87.2945 303.601 -12.1282 -76.8134 299.367 -0.796678 -65.618 296.003 1.70924 -56.1296 329.201 -15.7704 14.5127 6.32189 112.508
156.333 179.597 129.913 137.275 146.323 143.565 174.111 81.2408 81.0203 85.6509 -77.6367 289.357 -32.7085 -52.5234 306.18 -111.246 -85.4657 303.939 -11.643 -75.0106 299.762 -0.304029 -63.8932 296.311 2.2025 -53.8751 329.521 -14.8484 14.6376 6.46148 112.267
156.712 179.755 131.163 137.671 146.495 143.426 174.063 81.383 81.008 85.6889 -75.491 289.298 -31.8904 -50.2588 305.638 -110.557 -83.5564 304.162 -10.9167 -72.9624 300.157 0.398636 -61.8554 296.921 2.83407 -51.8573 329.972 -14.1481 14.8732 6.43146 111.887
156.901 179.682 131.049 137.343 146.362 143.271 173.941 81.9332 81.2609 86.0099 -73.743 289.695 -31.3027 -47.7496 306.073 -109.784 -81.8405 304.338 -10.5396 -71.1578 300.422 0.852402 -60.1151 297.34 3.29048 -49.8757 330.542 -13.3899 15.0199 6.38175 111.25
157.348 179.971 132.848 137.909 146.518 143.256 173.466 82.0579 81.308 86.1251 -70.015 290.874 -29.9161 -44.6729 307.249 -108.055 -78.1862 305.729 -9.00541 -67.3909 302.036 2.19328 -56.2545 299.239 4.4936 -46.2154 332.144 -12.1183 15.2817 6.46389 111.043
157.679 179.322 133.719 138.284 146.32 142.974 173.585 81.9248 81.135 85.789 -68.448 291.737 -29.7079 -43.099 309.008 -107.439 -76.514 306.735 -8.24909 -65.862 302.845 2.76119 -54.6953 299.895 4.99778 -44.508 332.669 -11.3935 15.3212 6.60673 111.52
157.985 178.994 134.22 139.02 146.808 142.745 173.674 81.5158 80.7551 85.5171 -66.4964 292.455 -29.523 -41.1072 309.745 -106.929 -74.7571 307.784 -7.723 -64.3385 303.636 3.19172 -53.2578 300.419 5.43234 -42.6285 332.921 -10.6993 15.3749 6.75569 111.693
157.851 178.925 139.249 140.887 146.368 142.625 174.816 79.4422 78.252 81.675 -64.6889 292.944 -28.9824 -39.4388 310.483 -105.388 -72.401 307.04 -6.73958 -62.8067 302.284 3.14797 -51.5789 298.672 5.67915 -41.1709 332.089 -8.70917 15.4585 7.64159 110.717
157.011 179.297 143.529 141.161 145.473 141.951 175.985 78.4576 77.7336 80.4206 -63.3444 294.628 -28.955 -38.128 312.902 -104.525 -70.2881 307.141 -5.74878 -61.7014 301.781 3.26182 -50.3558 297.724 5.99982 -39.4945 331.807 -7.32109 15.1825 8.55545 110.628
156.198 179.627 147.411 141.86 144.69 141.011 177.29 77.6435 77.2019 79.4673 -62.1565 296.713 -28.7657 -36.6592 314.366 -103.577 -68.2294 307.765 -4.77654 -60.5121 302.161 3.57997 -49.0731 297.641 6.6263 -37.7485 331.909 -6.34842 14.8176 9.46108 110.775
154.84 179.94 151.518 143.047 145.018 140.249 178.84 76.2319 76.2891 78.4856 -60.6399 299.286 -29.1378 -35.4429 316.406 -102.585 -66.2932 309.243 -3.66769 -59.5602 302.98 4.01985 -48.3533 297.727 7.13859 -36.1743 331.848 -5.32769 14.6692 10.2438 111.502
154.159 179.421 157.06 145.981 148.358 139.657 179.796 73.2467 74.1361 76.3302 -59.7597 302.887 -29.3431 -34.742 320.593 -102.283 -63.4914 312.527 -2.40935 -57.8167 305.12 4.77834 -46.9403 299.518 7.67553 -34.5189 332.329 -4.36887 15.376 10.7706 114.023
150.393 178.311 159.597 147.118 149.548 139.672 179.404 72.18 73.1402 75.1737 -58.6744 307.203 -30.0765 -33.5677 321.597 -101.333 -61.76 314.182 -1.20919 -56.7369 306.286 5.50521 -46.0863 300.214 8.36105 -33.198 332.668 -3.44175 15.5327 11.2765 114.744
148.034 176.585 161.342 148.232 150.466 140.609 178.796 71.2815 72.4084 74.3889 -57.3658 310.513 -30.9816 -32.5901 321.894 -100.463 -60.0359 315.173 -0.217437 -55.5247 306.945 6.23276 -45.0383 300.511 9.11383 -31.9309 332.82 -2.6986 15.5266 11.6407 115.145
146.918 174.68 162.401 149.555 151.308 142.806 178.125 70.8887 71.8577 73.8844 -55.7104 312.378 -32.0198 -31.9007 321.39 -99.526 -58.6218 315.515 0.706007 -54.1746 307.237 7.10505 -43.757 300.689 10.0573 -30.8545 332.84 -2.23294 15.5186 11.7558 115.556
147.581 174.27 162.295 149.412 151.246 144.999 177.981 71.067 71.9515 74.026 -54.1556 313.762 -33.0532 -30.9918 320.779 -98.8518 -57.3853 315.308 1.23047 -52.7665 307.208 7.71198 -42.2735 300.953 10.7678 -29.7703 333.3 -1.84018 15.5157 11.7277 115.097
148.774 174.27 161.973 149.547 151.113 147.582 177.981 70.9421 71.7214 74.1593 -53.2298 316.321 -34.6724 -29.9786 320.865 -98.2434 -56.4005 315.462 1.65924 -51.7382 307.128 8.10819 -41.497 300.724 11.2125 -28.8022 333.301 -1.32474 15.4344 11.5826 115.011
150.114 174.27 160.773 148.802 150.331 148.5 177.98 70.8668 71.8759 74.5495 -52.3588 317.508 -35.3309 -28.8438 321.508 -98.1528 -55.3364 315.184 1.59078 -50.7437 306.803 8.17931 -40.6404 300.309 11.2766 -27.762 333.207 -0.988285 15.3595 11.4532 114.624
151.192 174.27 159.318 148.396 149.542 149.712 177.98 70.9816 71.9412 74.689 -51.6779 318.281 -35.8387 -27.7786 321.504 -98.1815 -54.5391 315.057 1.51246 -49.8243 306.796 8.3022 -39.7531 300.206 11.3696 -26.8938 333.235 -0.872925 15.3477 11.2778 114.424
153.139 174.27 158.178 148.322 149.042 151.708 177.98 71.0931 71.83 74.8157 -50.2199 318.224 -36.464 -26.5657 320.614 -98.0722 -53.8339 314.532 1.33261 -48.8549 306.445 8.35028 -38.8736 299.88 11.4646 -26.1398 332.998 -0.847967 15.3402 11.0513 114.12
157.017 174.411 157.378 148.366 148.622 154.502 178.029 71.1007 71.4969 74.9553 -47.7252 317.965 -36.0529 -26.1488 320.123 -97.4086 -52.678 313.774 1.78082 -47.1725 305.906 8.94231 -37.2851 299.541 11.9116 -25.1929 332.898 -0.446351 15.551 10.7916 113.955
155.292 175.605 156.515 147.739 148.065 153.569 178.449 71.2202 71.7112 75.3813 -47.5308 315.212 -34.1802 -25.9142 319.826 -97.6743 -52.442 312.921 1.39346 -46.4597 305.354 8.90856 -36.4524 299.435 11.8341 -25.1011 333.06 -0.568345 15.632 10.438 113.718
152.954 177.201 155.699 147.152 147.273 150.844 179.012 71.5907 72.2363 75.8875 -46.7939 312.227 -31.4455 -25.4034 319.672 -97.6585 -52.2528 312.537 1.40788 -46.0121 305.165 9.11377 -35.8475 299.408 11.9016 -24.8363 333.205 -0.475794 15.5837 10.2332 113.666
149.106 177.971 154.808 146.102 146.383 147.47 179.284 71.9027 72.7541 76.5117 -45.9831 309.253 -28.1233 -24.7743 319.38 -97.4079 -52.1765 312.44 1.50089 -45.7048 305.128 9.31418 -35.4556 299.563 12.0855 -24.6509 333.548 -0.340159 15.4803 10.0231 113.713
146.753 179.04 154.36 145.458 145.778 144.984 179.382 71.9711 72.9781 76.8335 -45.3744 307.09 -25.3983 -24.5687 319.038 -96.9551 -52.125 312.733 1.57317 -45.4839 305.372 9.42032 -35.1932 299.901 12.2399 -24.497 334.002 -0.160919 15.3442 9.85513 113.354
147.117 178.838 153.968 144.602 145.133 143.633 178.847 71.4634 72.8858 76.9898 -44.817 305.953 -24.0501 -23.997 319.105 -96.4448 -51.8682 313.123 1.36304 -45.2192 305.379 9.25423 -35.0406 299.984 12.2158 -24.2771 334.324 0.18766 15.2157 9.60401 112.786
147.247 178.981 153.77 144.198 144.704 142.439 178.42 70.5338 72.475 76.8489 -44.0927 305.377 -23.2257 -23.4246 319.018 -95.9868 -51.4547 313.671 1.27013 -44.9968 305.424 9.26533 -35.0741 299.825 12.3691 -24.0006 334.238 0.633411 15.0256 9.37804 112.45
147.612 179.328 153.618 143.631 144.341 141.406 178.189 69.928 72.3012 76.8937 -43.7299 304.863 -22.4762 -22.9355 318.861 -95.5793 -51.0652 313.791 1.31839 -44.6776 305.169 9.4342 -34.9076 299.568 12.7256 -23.6763 334.122 1.16256 14.8712 9.12125 112.078
147.13 179.627 153.498 143.316 144.086 140.729 178.497 68.9237 71.8883 76.7355 -44.3424 305.176 -22.2842 -22.5411 318.794 -95.2792 -50.6168 314.097 1.36342 -44.3437 304.968 9.66649 -34.7347 299.318 13.1272 -23.4008 333.958 1.66715 14.7562 8.78869 112.131
145.858 179.862 153.208 142.533 143.795 140.064 178.692 68.2999 71.5971 76.6073 -43.9482 305.393 -21.93 -22.077 318.55 -94.8804 -50.1513 313.799 1.27114 -43.8087 304.307 9.82558 -34.3239 298.851 13.5647 -23.0138 333.749 2.23185 14.6927 8.35738 111.511
142.763 179.273 152.245 140.135 143.886 138.396 178.637 68.3654 70.6548 77.4254 -44.3561 307.448 -22.3965 -21.0361 318.84 -94.4101 -50.0573 314.208 1.63769 -42.7725 304.774 10.3097 -34.0087 299.743 14.2138 -22.4047 333.666 2.8678 15.5543 7.79437 112.296
144.041 178.792 148.99 138.765 144.231 139.487 176.795 68.432 70.2455 78.0988 -42.7816 307.972 -22.8918 -20.0537 317.121 -93.7062 -49.9773 313.737 1.71947 -42.0161 304.562 10.9315 -33.7274 299.993 14.9082 -21.9699 333.36 3.49216 16.1947 7.15512 111.861
143.714 178.05 146.303 137.871 144.762 140.955 177.921 67.705 69.3244 79.5094 -42.7682 309.005 -23.9803 -18.7994 315.527 -93.173 -49.2255 314.104 2.43711 -41.007 304.927 12.0311 -33.8122 300.74 15.7763 -21.2881 332.602 4.12061 17.4722 6.81621 113.196
143.983 179.645 144.974 137.892 146.381 142.98 179.875 66.7519 68.4971 80.6087 -42.5045 309.916 -24.7633 -17.6431 314.093 -93.0778 -48.3689 314.568 3.27251 -40.1622 305.171 13.0884 -33.8925 301.268 16.5604 -20.5613 331.652 4.7829 18.5627 6.6657 114.927
145.535 179.346 145.288 138.287 148.271 145.049 179.775 66.5687 68.0916 81.9353 -42.018 310.176 -25.2265 -17.028 312.571 -93.0644 -47.8764 314.389 3.9762 -39.385 304.879 13.8813 -33.8471 301.496 17.3035 -19.8902 330.896 5.38282 19.3359 6.48867 115.531
146.452 177.788 144.641 138.377 148.228 144.862 179.202 67.417 68.3052 81.6926 -39.5976 307.722 -23.3807 -15.726 310.299 -92.796 -47.7585 312.957 4.46169 -38.6154 303.886 14.3864 -32.692 300.75 17.7308 -19.4427 330.523 5.75071 19.3753 6.30077 115.25
148.659 174.914 144.784 139.07 148.133 144.068 178.145 69.2725 69.8067 81.9831 -37.8548 304.886 -21.7827 -14.4387 308.328 -92.6686 -47.8595 311.209 4.89422 -38.1154 302.606 15.049 -31.4151 299.739 18.4875 -18.9036 330.15 5.86399 18.787 5.83919 114.532
150.452 174.749 144.899 139.72 148.194 144.237 176.058 70.9108 71.0173 82.2712 -36.7903 303.069 -21.1698 -13.1926 306.892 -92.2822 -47.7085 309.569 5.33628 -37.4875 301.524 15.6784 -30.2109 298.899 19.2381 -18.2864 329.808 6.09788 18.2656 5.52048 113.669
152.239 172.099 144.967 139.797 147.386 144.036 173.104 72.7402 72.4117 82.369 -36.2154 301.087 -20.3905 -12.8575 306.203 -91.7427 -47.665 307.99 5.58038 -37.0647 300.577 16.1645 -29.0425 297.999 19.8314 -17.705 329.648 6.30749 17.5475 5.234 112.057
153.765 170.957 143.871 139.806 146.926 144.382 170.779 74.3685 73.5075 82.5091 -35.7161 299.777 -20.1507 -12.3605 305.291 -91.0915 -47.5446 306.463 5.75722 -36.7621 299.693 16.649 -28.2249 297.016 20.4922 -17.0793 329.263 6.66064 16.8476 5.11576 110.349
154.514 171.176 143.065 139.987 146.514 144.665 169.189 75.1543 74.0693 82.4836 -35.191 298.696 -19.7869 -11.8562 304.517 -90.4722 -47.1449 305.23 5.99719 -36.3435 298.881 17.126 -27.4847 296.128 21.1049 -16.5544 328.785 7.06905 16.3811 5.14199 109.274
154.963 172.389 143.328 140.493 146.915 145.044 168.348 75.0414 73.8605 82.2315 -34.0903 297.726 -19.8256 -10.9421 303.56 -89.9922 -46.5203 304.586 6.51572 -35.9097 298.305 17.559 -27.1871 295.469 21.6647 -16.0618 327.796 7.42522 16.2806 5.41626 109.481
154.66 173.726 144.509 140.492 147.12 144.709 167.783 75.0662 73.7582 82.1858 -33.7313 297.111 -19.6436 -10.2498 303.306 -89.6799 -46.4068 304.054 6.79182 -35.7751 297.552 17.778 -27.2014 294.486 21.9199 -15.6628 326.694 7.76028 16.1941 5.36378 109.944
154.122 174.72 145.571 140.571 146.988 144.272 167.383 75.0135 73.7951 82.1492 -33.3448 296.365 -19.2468 -9.72874 302.824 -89.3373 -46.1791 303.247 7.01466 -35.5066 296.581 18.0463 -26.9257 293.383 22.1647 -15.3286 325.666 8.03604 16.1085 5.21856 110.265
153.407 174.863 146.587 140.794 146.637 143.82 167.294 75.0224 73.9418 81.9456 -32.8749 295.438 -18.6712 -9.47357 302.033 -89.0404 -45.8561 302.195 7.33623 -35.1347 295.512 18.4022 -26.3567 292.251 22.4633 -15.0149 324.685 8.22447 15.966 5.14022 110.51
152.416 173.584 147.802 140.968 146.875 143.461 166.318 74.4016 74.1342 82.5402 -31.6564 293.183 -17.3501 -9.14243 299.752 -88.3485 -44.8158 300.222 8.14528 -34.233 293.363 19.3961 -25.7432 290.425 23.4233 -14.3486 322.634 8.83575 16.1755 4.95434 110.76
151.595 170.401 148.387 141.246 146.321 143.118 165.819 74.0232 74.1094 82.6658 -31.4304 292.467 -16.8732 -9.33833 298.679 -88.0191 -44.3475 299.097 8.25119 -33.8501 292.291 19.6657 -25.3681 289.337 23.6261 -14.1906 321.744 8.95225 16.196 4.93056 110.565
150.979 168.159 148.513 141.255 145.565 142.808 165.833 74.1763 74.4581 82.5602 -31.0629 291.681 -16.3618 -9.11809 297.874 -87.7402 -43.973 297.825 8.34362 -33.4993 291.198 19.8784 -24.6672 288.154 23.8524 -13.9598 321.033 9.12213 15.8437 4.9667 110.206
150.39 167.317 147.924 141.203 145.269 142.592 166.379 74.6536 74.9953 82.7902 -30.559 291.022 -15.8823 -8.74073 296.985 -87.7311 -43.7795 296.719 8.5003 -33.2816 290.211 20.0528 -24.2074 287.134 24.0491 -13.6842 320.415 9.25044 15.5307 4.97805 109.966
150.249 166.904 147.068 141.196 145.102 142.612 166.875 75.1608 75.6392 83.1114 -30.1943 290.286 -15.637 -8.44975 295.724 -87.772 -43.4089 295.546 8.7225 -32.95 289.262 20.255 -23.5813 286.242 24.3268 -13.3287 319.88 9.33326 15.1584 5.10054 109.528
149.998 166.128 146.154 141.237 145.056 142.561 167.153 75.3605 76.0612 83.4006 -29.7212 289.733 -15.3029 -8.30813 294.193 -87.5468 -42.9021 294.489 9.00752 -32.5648 288.371 20.5519 -23.0179 285.386 24.7296 -12.9754 319.338 9.48891 14.8414 5.22776 108.974
150.116 165.691 145.05 141.358 144.844 142.619 167.381 75.6233 76.5648 83.6814 -29.0588 289.359 -15.0803 -8.10722 292.798 -87.248 -42.1862 293.417 9.24932 -31.971 287.608 20.865 -22.1642 284.78 25.1321 -12.5587 319.087 9.63956 14.5577 5.38805 108.16
150.576 165.489 144.177 141.505 144.737 142.902 167.626 75.7079 76.8094 83.7629 -28.5577 289.019 -14.9976 -7.83879 291.06 -86.74 -41.4118 292.499 9.72484 -31.319 286.976 21.3867 -21.3 284.211 25.7805 -12.0852 318.746 9.88569 14.2538 5.55881 107.548
151.192 165.826 144.016 141.971 145.228 143.258 168.051 75.6875 76.904 83.6951 -28.2927 288.808 -15.1466 -7.42326 289.65 -86.4802 -40.6192 291.749 10.3194 -30.674 286.398 21.8671 -20.553 283.826 26.3905 -11.5908 318.333 10.1073 14.0923 5.78637 107.429
151.998 166.481 144.614 143.24 146.066 143.974 168.591 75.3521 76.7134 83.1492 -27.5689 288.164 -15.256 -6.85426 288.409 -86.3739 -39.5739 291.155 11.0446 -29.8403 285.988 22.3801 -19.5923 283.758 26.9352 -11.0489 317.824 10.3364 14.1419 6.15876 107.703
152.262 167.396 145.709 144.538 147.122 144.413 169.244 74.9857 76.6043 82.872 -26.3483 287.09 -14.8553 -6.12161 287.022 -86.14 -38.4301 290.443 11.9765 -28.8777 285.338 23.0088 -18.5698 283.484 27.6414 -10.496 317.116 10.5899 14.1405 6.48409 108.379
151.989 168.563 146.963 145.083 148.163 144.321 169.956 74.4082 76.4124 82.5384 -25.2879 285.502 -13.8008 -5.52757 286.022 -85.8982 -37.2033 289.436 12.6715 -27.7761 284.303 23.4745 -17.4407 282.876 28.26 -9.97575 316.325 10.872 14.0895 6.71081 108.93
152.575 170.076 148.604 145.964 148.07 144.582 170.765 73.6403 75.9266 81.9522 -23.5628 283.818 -12.9995 -4.93857 285.562 -85.8086 -35.5039 288.642 13.6123 -26.1026 283.686 24.1437 -15.7456 282.702 28.7194 -9.36705 315.61 11.0483 14.4251 7.04672 110.169
152.482 171.071 150.996 146.695 148.777 144.516 171.311 72.7103 75.5823 81.4137 -22.1093 282.027 -11.909 -4.64397 285.896 -85.6708 -33.6754 287.636 14.265 -24.3824 282.656 24.5004 -14.0833 282.552 29.0611 -8.82553 314.977 11.1612 14.8225 7.3791 111.319
152.233 171.933 153.09 147.291 149.844 144.303 171.653 71.9822 75.6184 80.8905 -20.3643 280.315 -10.7236 -4.65286 287.046 -85.5815 -31.8461 286.547 14.5657 -22.746 281.592 24.6668 -12.3416 282.41 29.266 -8.36753 314.639 11.195 15.024 7.69733 112.054
151.95 171.868 152.983 146.576 150.293 143.714 172.514 71.1243 76.2234 81.2501 -18.482 278.915 -9.15077 -5.46818 288.514 -85.6159 -30.0899 285.167 14.2108 -21.4283 280.394 24.4639 -10.9639 282.19 29.1213 -8.15157 314.678 11.2041 15.1764 8.15113 111.788
151.12 171.351 150.046 144.971 150.631 142.863 173.828 71.1929 78.0622 82.5124 -15.2979 276.625 -5.80707 -5.33385 289.665 -85.4207 -27.8842 282.342 13.6682 -19.3726 278.135 24.8839 -8.69839 281.298 29.8581 -7.44439 314.674 11.7756 14.8555 8.03741 110.188
150.546 170.841 147.147 144.405 149.542 142.319 173.877 72.1779 79.035 83.5513 -13.2317 275.536 -4.05231 -4.87554 289.961 -85.4735 -26.5836 280.281 12.8407 -18.2961 277.633 24.9284 -7.60906 281.199 29.6944 -7.15943 314.965 11.8001 14.788 8.77798 108.309
150.35 170.199 144.455 144.631 149.798 142.332 173.746 73.0258 79.8582 84.5508 -11.777 274.461 -2.55329 -4.35484 289.841 -85.0153 -25.2928 278.633 12.1243 -17.2882 277.244 25.0944 -6.57373 281.208 30.0026 -6.67114 315.193 11.9625 14.5098 9.61213 106.299
150.485 170.035 141.768 144.845 150.092 142.916 173.83 73.7823 80.6554 85.5346 -10.5418 273.598 -1.84042 -3.42402 289.107 -84.5017 -24.4191 277.523 11.6018 -16.6445 276.833 25.2126 -5.92437 280.999 30.2313 -6.16598 315.14 12.121 14.2676 10.113 104.735
150.51 169.754 139.923 144.917 149.924 143.131 173.713 73.9101 81.3613 86.1733 -9.19803 272.871 -1.09141 -2.52968 288.009 -83.6899 -23.6414 277.059 11.3368 -16.2362 276.737 25.5414 -5.25518 280.618 30.3882 -5.61803 314.981 12.3832 13.8126 10.56 103.463
150.83 169.642 138.515 144.952 150.458 143.921 173.753 74.9966 82.4776 87.1268 -8.50195 271.88 -0.488191 -1.87346 286.725 -83.1404 -23.3481 275.984 11.4084 -16.0315 275.859 25.794 -5.04612 280.005 30.8044 -5.19311 314.623 12.6348 13.6175 10.5599 102.336
150.909 169.547 138.188 144.96 150.599 144.445 173.675 75.6177 83.04 87.8975 -7.87121 270.779 0.0643787 -1.39508 284.901 -82.5587 -23.2065 275.109 11.595 -15.9854 275.149 25.9667 -5.01334 279.172 31.0578 -4.84107 314.016 12.8391 13.4145 10.5997 101.321
150.928 169.2 138.314 145.235 151.181 144.94 173.637 76.55 83.7682 88.6853 -7.7412 269.522 0.564812 -1.07686 283.537 -82.0246 -23.1274 274.077 12.0301 -15.9163 274.056 26.1837 -5.00207 278.268 31.4939 -4.4623 313.387 13.0259 13.3104 10.4152 100.717
150.252 168.517 139.6 145.696 151.524 144.792 173.709 77.0959 83.9397 88.935 -7.3011 269.159 1.01765 -0.925769 284.032 -82.0224 -22.893 273.622 12.2352 -15.7193 273.8 26.2687 -4.78765 278.042 31.6763 -4.09692 313.209 13.1558 13.2482 10.5716 100.917
149.468 167.734 138.523 145.791 151.707 144.49 174.048 77.854 84.3883 88.9955 -6.52424 268.96 1.41209 -0.354495 285.081 -82.4023 -22.1802 272.826 12.0432 -15.1189 273.462 26.3711 -4.04885 278.057 31.922 -3.64321 313.16 13.2219 13.1169 10.9479 101.102
148.875 166.672 139.93 146.228 151.516 144.136 174.407 78.1992 84.653 88.9015 -5.67042 268.635 1.60619 0.405626 286.258 -82.717 -21.3705 272.407 12.198 -14.3409 273.23 26.4888 -3.07945 277.981 32.033 -3.06993 313.058 13.2812 12.9516 11.0684 101.903
148.703 165.979 139.495 145.372 150.66 143.555 174.741 79.0692 85.1642 89.1613 -5.18615 268.269 2.3715 1.03079 286.864 -82.6966 -20.8479 271.894 12.2362 -13.8835 273.024 26.6629 -2.12292 277.344 32.1956 -2.45833 313.184 13.3978 12.1535 11.2528 101.824
149.233 165.692 140.969 145.42 150.799 143.395 174.511 80.2111 85.4968 88.8257 -4.64971 267.641 3.03212 1.74292 286.29 -82.2174 -20.4521 271.576 12.9038 -13.3447 273.03 26.8609 -1.08062 277.262 32.4433 -1.74146 313.382 13.5476 11.5734 11.1588 101.485
149.828 165.765 141.764 145.491 151.118 143.763 174.123 80.9271 85.5439 88.3843 -3.84131 267.076 3.35316 2.49176 285.175 -81.5961 -19.8246 271.426 13.4202 -12.6123 272.99 26.8581 0.00700378 277.206 32.6063 -0.907706 313.476 13.6972 11.1457 10.9898 100.681
149.835 165.66 143.077 145.442 151.542 143.967 173.609 81.2685 85.5436 88.0689 -2.88932 266.613 3.43879 3.48767 284.337 -81.114 -19.2013 271.47 14.0574 -11.8733 272.819 26.7785 0.935029 277.023 32.71 -0.0245684 313.293 13.7814 10.888 10.6728 100.691
149.861 165.999 145.878 145.641 151.454 143.754 172.757 82.3762 85.8092 87.9268 -2.08523 266.181 3.49089 4.44071 284.291 -80.9055 -18.6245 271.212 14.8371 -11.0613 272.639 26.787 2.00336 276.622 32.4984 0.923617 313.256 13.8603 10.7471 10.4962 100.923
149.732 166.466 149.081 145.6 151.363 143.344 172.031 83.641 86.2732 87.9172 -1.14949 265.814 3.7143 5.20841 284.583 -80.9255 -18.1809 271.155 16.0717 -10.2912 272.634 27.0633 3.02057 276.463 32.4546 1.81954 313.254 13.9041 10.6901 10.3138 102.008
149.699 167.038 152.015 145.735 151.413 142.978 171.552 84.8462 86.4549 87.7131 -0.447896 265.616 3.9851 5.92423 284.583 -80.8471 -17.5849 270.969 17.1662 -9.4157 272.912 27.5386 4.11165 276.673 32.6175 2.62414 313.36 13.943 10.6695 10.3802 102.728
150.011 167.328 151.935 145.436 150.465 142.972 171.188 85.3811 86.5312 87.8461 0.299635 265.177 4.73441 6.77412 283.472 -80.1245 -16.981 270.753 17.5895 -8.74059 272.987 27.8661 4.9787 276.399 32.6286 3.40843 313.375 14.08 10.6828 10.4139 102.161
150.357 167.652 152.025 145.864 150.453 143.254 170.702 85.4741 86.3335 87.6619 1.07601 264.768 5.01366 7.5713 282.363 -79.3989 -16.4304 271.043 18.1538 -8.00642 273.19 28.1039 5.87909 276.397 32.6856 4.14134 313.353 14.2193 10.7239 10.2404 101.923
150.392 167.59 151.217 145.539 150.43 143.538 170.472 85.5328 85.9824 87.6439 1.49466 264.257 5.29524 8.2195 281.03 -78.5831 -15.645 270.619 18.2978 -7.26252 273.037 28.2391 6.59644 276.057 32.8735 4.77595 313.073 14.3819 10.6931 10.386 101.018
150.377 167.361 150.571 144.982 149.982 143.639 170.123 85.902 85.7816 87.8443 1.62413 263.612 5.47377 8.63253 279.881 -77.8888 -15.0247 269.666 18.2042 -6.62648 272.446 28.2256 7.07729 275.299 32.8438 5.25329 312.617 14.5096 10.8121 10.5011 99.9137
150.313 167.389 151.154 144.58 149.549 143.665 169.747 86.4809 85.7085 88.1323 1.57397 263.217 5.48674 9.10868 279.313 -77.6155 -14.6686 268.68 18.0662 -6.24054 271.873 28.1385 7.32259 274.561 32.7468 5.6088 312.234 14.629 10.9336 10.6396 99.165
150.216 167.614 152.562 144.445 149.255 143.524 169.626 86.9321 85.6175 88.1077 1.62231 263.002 5.24685 9.64636 279.357 -77.7523 -14.2042 267.917 17.9127 -5.70543 271.591 28.0994 7.79301 274.26 32.5855 5.94628 312.03 14.661 11.0961 10.7745 98.9267
149.998 167.304 153.936 144.203 149.074 143.348 169.516 87.1554 85.5653 88.0155 1.8156 262.756 5.035 9.84886 279.552 -77.868 -13.6881 267.155 17.7808 -5.20231 271.16 28.0091 8.21639 273.957 32.4785 6.1319 311.715 14.6507 11.1568 10.9324 98.8855
149.779 166.36 153.704 143.62 148.593 142.883 169.576 87.0825 85.4429 88.1424 1.60715 262.391 5.32026 9.63212 279.626 -77.6684 -13.2755 266.208 17.2756 -4.89076 270.542 27.9155 8.46228 273.269 32.3913 6.10246 311.315 14.6903 11.1313 11.1375 98.3839
149.731 166.171 153.528 143.423 148.371 142.838 169.699 87.3698 85.3865 88.1235 1.57188 262.429 5.33572 9.67684 279.717 -77.8253 -13.1483 265.744 17.2944 -4.75128 270.32 27.9383 8.54837 273.098 32.4227 6.08357 311.184 14.6939 11.1428 11.2421 98.5056
149.778 166.343 153.454 143.23 148.152 142.837 169.836 87.6422 85.447 88.1612 1.54676 262.362 5.28731 9.79335 279.685 -78.0958 -13.1566 265.34 17.2681 -4.74593 269.98 27.8303 8.47484 272.821 32.3166 6.06871 311.016 14.6705 11.2227 11.2512 98.5704
149.73 165.862 153.666 142.885 147.73 142.572 169.606 87.4528 85.5954 88.2262 1.48036 262.321 5.35603 9.54057 279.778 -78.1207 -13.3178 265.189 16.8755 -4.9191 269.595 27.5185 8.27968 272.441 32.0116 5.97043 310.876 14.5785 11.2674 11.1453 98.3396
149.891 165.778 154.077 143.023 147.48 142.72 169.519 86.7899 85.0355 87.4274 1.41706 262.038 5.24104 8.93673 279.347 -78.2705 -13.5987 265.107 16.9557 -4.87028 269.276 27.4348 8.40448 272.286 31.9284 5.7609 310.574 14.6447 11.3168 10.7764 98.6447
149.724 165.889 153.368 142.923 147.819 143.006 169.606 86.7135 85.0239 87.5547 1.19016 261.755 5.16055 8.87543 278.499 -78.2308 -13.9182 264.944 16.9283 -5.17332 269.021 27.3523 8.02819 272.065 31.9238 5.53354 310.251 14.4959 11.3086 10.7209 98.6117
149.497 165.804 152.72 142.718 148.27 143.273 170.133 86.5995 85.1643 87.8248 1.02092 261.453 5.1785 8.73145 277.531 -78.2653 -14.2035 264.717 16.787 -5.53048 268.73 27.308 7.59443 271.835 31.983 5.2627 309.89 14.2343 11.2352 10.7301 98.5073
149.369 165.446 151.622 142.572 147.77 143.292 169.926 85.5871 84.7349 87.1483 0.613884 261.029 5.44624 7.68381 275.999 -77.7857 -14.4655 264.438 16.4672 -5.71303 268.328 27.2893 7.55765 271.601 31.9747 4.81788 309.521 14.1883 11.1677 10.5606 97.7196
149.497 165.74 150.716 142.323 147.524 143.311 169.794 85.735 85.0318 87.3595 0.187968 260.536 5.83976 7.17978 274.032 -77.2142 -14.9589 263.915 16.2336 -6.31596 268.051 27.3555 7.02277 271.339 31.9829 4.50775 309.192 13.9871 11.1687 10.7135 96.4699
