162.122 179.081 154.216 133.703 135.0 158.652 179.686 71.0521 74.0457 78.5803 -1.71993 379.538 59.3476 -3.98143 310.38 23.4023 -17.7581 388.63 89.6347 -10.8646 390.11 101.593 -3.106 386.009 111.683 -32.4011 361.828 106.666 13.4244 8.43876 108.126
161.759 178.398 153.887 133.906 135.495 158.236 179.472 71.2438 74.1842 78.894 -1.40571 380.085 59.5716 -3.65283 310.642 23.2059 -17.0971 388.933 89.2026 -10.7042 390.455 101.364 -2.94033 386.378 111.38 -32.2557 362.085 106.47 13.4293 8.53212 107.658
161.455 177.232 153.948 134.21 135.959 157.758 179.09 71.3489 74.3361 79.1164 -1.19617 380.87 59.833 -3.28154 311.059 23.1075 -16.8082 389.35 88.9161 -10.7106 390.941 101.278 -2.87919 386.877 111.256 -32.1924 362.428 106.324 13.362 8.52883 107.427
161.213 176.595 153.85 135.22 136.625 157.556 178.882 71.342 74.3522 79.3063 -0.646214 381.863 60.4842 -2.62623 311.728 22.6613 -16.1406 389.927 89.014 -10.6608 391.592 101.827 -2.85673 387.438 111.677 -32.0217 362.918 106.301 13.5073 8.54236 107.422
161.236 175.801 153.537 135.606 136.861 157.288 178.599 71.6696 74.5242 79.5965 -0.265795 382.552 60.9732 -2.13847 312.029 22.303 -15.4065 390.552 88.9224 -10.4722 392.19 102.051 -2.71177 387.96 111.797 -31.9178 363.378 106.305 13.6352 8.67061 107.194
160.44 176.114 154.154 136.984 137.912 156.685 178.255 72.1489 74.7466 79.8379 -0.160838 382.413 60.8104 -0.626564 312.999 21.2044 -14.0993 390.926 90.5081 -10.3523 392.432 101.907 -2.49986 388.028 111.444 -31.8639 363.637 106.225 13.909 11.102 106.732
160.091 175.208 155.814 138.193 138.778 156.091 176.842 72.4917 75.0317 80.1027 -0.184824 382.462 60.6431 -0.202322 313.652 20.4738 -13.2063 391.234 91.1043 -10.3154 392.782 101.659 -2.35249 388.204 111.011 -31.8843 363.989 106.188 14.1519 12.4912 105.969
159.91 176.298 157.483 139.258 139.735 155.572 175.389 72.5384 75.1333 80.2393 -0.204993 382.615 60.4477 0.118917 314.467 19.4162 -12.469 391.38 91.5775 -10.3661 393.05 101.738 -2.30268 388.395 110.943 -31.845 364.262 106.088 14.2823 13.4504 105.307
159.703 176.607 158.875 140.495 140.618 154.858 174.106 72.2707 75.3313 80.27 -0.0916796 382.959 60.6394 0.185929 315.906 18.6546 -11.9442 391.308 91.6 -10.3069 393.346 101.721 -2.18817 388.508 110.813 -31.8302 364.46 105.974 14.4006 13.8951 104.101
159.248 175.51 160.649 141.314 141.025 154.29 172.48 71.9479 75.4123 80.1511 0.162378 383.283 60.7411 0.309245 317.458 18.0279 -11.5615 391.226 91.7428 -10.3111 393.547 101.824 -2.15848 388.574 110.83 -31.7238 364.604 105.789 14.4862 14.2832 103.137
158.883 170.792 161.893 141.875 141.221 153.726 169.567 71.4724 75.4784 80.1259 0.336738 383.745 60.8084 0.449113 320.038 17.424 -11.0274 391.114 91.6619 -10.2408 393.868 101.899 -2.11961 388.808 110.804 -31.614 364.903 105.714 14.6044 14.633 101.059
158.514 164.544 162.467 141.895 141.115 152.906 166.163 70.8252 75.4405 80.0344 0.450805 384.144 61.1393 0.182808 322.57 17.1654 -10.454 390.686 91.1126 -9.9844 393.984 101.842 -1.93903 388.908 110.723 -31.6492 365.095 105.666 14.6255 14.6884 98.3811
158.257 161.765 163.677 142.166 140.882 152.353 164.263 70.6282 75.5756 79.9209 0.640504 384.305 61.2903 -0.0332737 323.937 17.2251 -10.0229 390.577 90.8515 -9.83856 394.194 101.732 -1.84169 389.009 110.639 -31.628 365.266 105.621 14.6363 14.8946 96.9146
158.272 162.153 164.508 142.252 140.785 152.319 163.982 70.4882 75.534 79.8218 0.657555 384.136 61.0145 0.152755 323.892 17.1931 -10.0379 390.494 90.8577 -9.85902 394.118 101.57 -1.79575 388.912 110.495 -31.5543 365.212 105.428 14.6261 15.024 97.0925
158.009 160.206 165.47 141.923 140.521 152.245 163.207 70.4413 75.4608 79.8179 0.521061 384.337 60.6868 -0.0942655 324.666 16.8324 -10.0869 390.484 90.533 -9.83541 394.014 101.16 -1.71923 388.863 110.026 -31.4735 365.103 105.162 14.6697 15.0446 96.5948
158.006 158.587 166.046 141.584 140.234 152.199 162.454 70.3188 75.5089 79.8378 0.493459 384.482 60.375 -0.362071 325.313 16.6279 -10.0594 390.249 89.9334 -9.77157 393.868 100.68 -1.62087 388.738 109.552 -31.4112 364.908 104.934 14.6546 14.975 95.6876
157.908 160.57 166.838 141.456 140.16 152.056 162.916 70.1453 75.4055 79.7478 0.570176 384.68 60.2408 -0.278919 325.306 16.1691 -9.95509 390.199 89.6515 -9.6412 393.817 100.559 -1.48214 388.69 109.389 -31.3356 364.898 104.715 14.6806 14.8817 95.6551
157.5 161.168 167.7 141.13 139.986 152.045 163.051 69.9444 75.3422 79.756 0.595378 384.73 60.15 -0.428747 325.538 15.7131 -10.0944 390.246 89.5903 -9.52135 393.809 100.403 -1.39794 388.713 109.223 -31.2708 364.965 104.516 14.672 14.7164 95.8136
157.047 162.785 168.829 141.284 140.009 151.84 163.168 69.719 75.3176 79.8101 0.997085 384.598 60.1525 -0.440424 325.586 15.3485 -9.78794 390.233 89.2369 -9.1327 393.917 100.157 -0.987786 388.885 108.988 -30.9918 365.152 104.333 14.6385 14.5826 95.4906
156.848 167.398 169.138 141.353 140.068 151.873 165.024 69.7197 75.1513 79.7382 1.09574 384.1 60.0722 -0.552345 323.743 15.1265 -9.73102 390.103 89.0133 -8.90633 393.682 99.9192 -0.742805 388.729 108.801 -30.9002 365.069 104.167 14.5544 14.434 96.605
157.025 168.952 169.445 141.574 139.953 151.607 165.498 69.5827 75.104 79.4751 1.68166 383.878 60.3485 -0.499997 323.144 15.0665 -9.20215 389.799 88.8526 -8.35393 393.503 99.9181 -0.267058 388.42 108.847 -30.7117 364.989 103.957 14.5396 14.326 96.8293
156.919 170.419 169.631 141.755 140.258 151.614 166.061 69.4851 74.9325 79.3386 2.41175 383.796 60.5206 0.361794 322.801 14.7488 -8.58719 389.485 88.9342 -7.87441 393.077 100.206 0.108086 387.916 109.181 -30.4265 364.736 103.654 14.4974 14.2843 97.2488
156.736 170.639 169.786 142.306 140.5 151.128 166.386 69.311 74.9941 79.125 3.41744 383.718 61.2753 1.19989 322.737 14.5075 -7.61799 388.926 88.7873 -7.14309 392.695 100.574 0.559111 387.197 109.536 -30.2393 364.5 103.296 14.5984 14.1926 96.9976
156.571 170.382 170.118 142.891 140.668 150.372 166.826 68.774 75.0175 78.9264 4.40212 383.612 61.9678 2.15293 322.454 14.1267 -6.62325 388.002 88.3864 -6.5071 392.207 100.894 1.01646 386.409 109.795 -30.0175 364.134 102.872 14.7184 14.2357 96.4883
156.24 169.713 169.097 143.842 141.266 149.595 167.196 66.6858 74.9806 78.5967 5.51145 383.435 62.6058 3.2016 322.21 13.6877 -6.23867 385.978 87.5122 -5.93626 391.438 101.226 1.27165 385.364 110.065 -29.746 363.477 102.315 14.803 13.8954 95.59
155.4 160.864 169.238 143.722 141.21 149.292 164.919 66.5573 75.27 78.7296 5.88074 384.088 63.0239 3.77201 324.546 13.805 -6.29058 386.005 86.8437 -5.47986 391.468 100.866 1.63825 385.295 109.789 -29.453 363.168 101.906 14.6213 13.2303 94.2394
154.973 153.986 169.517 143.874 141.374 149.098 162.791 66.7427 75.5036 78.795 6.29735 384.564 63.3947 3.8189 326.55 13.9741 -6.03826 385.981 86.1767 -4.93376 391.336 100.501 2.0246 385.04 109.491 -29.2108 362.803 101.497 14.4897 12.7756 92.8942
154.233 148.251 169.156 142.768 140.595 148.688 160.959 67.108 75.4652 78.6629 6.13767 384.371 63.0034 2.72283 327.184 14.5545 -6.27387 385.677 85.3942 -4.73627 390.753 99.3608 2.30201 384.579 108.583 -28.9637 362.146 101.116 14.2332 12.4369 92.1626
153.215 143.798 169.028 141.856 140.071 148.464 159.24 67.3736 75.3664 78.4039 6.33894 383.85 62.5012 2.07817 327.411 14.7395 -6.32807 385.077 84.7435 -4.50328 389.896 98.3922 2.53953 383.813 107.785 -28.5984 361.277 100.575 14.0382 12.2651 91.6944
152.061 140.264 168.793 141.027 139.377 148.225 157.878 67.8085 75.2975 78.1768 6.79923 383.048 62.2188 1.73083 327.074 15.139 -6.15241 384.463 84.2445 -4.11435 388.964 97.6898 2.83087 382.916 107.231 -28.2648 360.45 100.164 13.915 12.0683 91.4006
150.876 136.814 168.65 140.276 138.646 147.979 156.68 68.2112 75.2827 77.9809 7.24279 382.402 61.9772 1.54558 326.846 15.6414 -5.82166 384.025 83.7514 -3.64725 388.258 97.2189 3.21031 382.163 106.849 -28.0003 359.932 99.8592 13.8468 11.8746 90.955
150.105 135.45 168.204 139.243 138.103 148.317 155.905 68.5949 75.2396 77.9989 7.24872 381.894 61.1049 1.73207 326.652 15.7217 -5.8282 383.776 83.2801 -3.5379 387.68 96.6886 3.40302 381.694 106.385 -27.6873 359.407 99.5498 13.7191 11.7366 90.742
148.817 135.024 167.885 138.424 137.497 148.125 155.403 68.978 75.3387 78.0211 7.63402 381.496 60.8744 1.83797 326.226 15.8921 -5.35849 383.483 82.631 -3.08913 387.273 96.2216 3.87735 381.292 105.997 -27.3684 359.061 99.3091 13.6238 11.6422 90.2225
147.764 137.087 167.377 138.097 137.216 148.024 155.462 69.0459 75.4926 78.0644 8.0947 381.34 60.7276 2.2327 325.812 15.7727 -4.75272 383.11 81.9465 -2.64131 387.05 95.9811 4.3159 380.979 105.778 -27.1052 358.89 99.0485 13.5947 11.6357 89.6636
146.45 135.696 166.125 137.867 137.065 147.755 154.776 68.4325 75.5512 78.2384 8.37966 381.36 60.7378 2.21648 326.054 15.647 -4.2967 382.276 80.926 -2.33563 386.804 95.6484 4.62992 380.756 105.481 -26.828 358.642 98.877 13.5492 11.7249 88.2296
145.155 136.35 165.184 137.583 136.859 147.334 154.6 68.2135 75.6714 78.5253 8.43962 381.371 60.6673 2.29193 325.864 15.4523 -3.78797 381.644 79.9159 -2.16382 386.643 95.1481 4.93251 380.664 104.974 -26.5852 358.391 98.7167 13.5238 12.1345 86.9953
143.544 135.764 163.941 137.655 136.886 146.778 154.364 67.485 75.7362 78.7669 8.57143 381.563 60.9471 2.2238 325.894 15.2161 -3.52294 380.773 78.8647 -2.01744 386.519 94.7727 5.19384 380.596 104.601 -26.3505 358.136 98.5991 13.4917 12.4285 85.6528
142.603 137.938 163.176 137.761 136.98 146.373 154.67 67.0267 75.8651 79.0301 8.69412 381.792 61.076 2.46514 325.649 14.6947 -3.00475 380.029 78.0838 -1.87666 386.424 94.4856 5.39468 380.549 104.301 -26.1212 357.874 98.4762 13.4707 13.059 84.6135
142.514 140.599 162.119 137.743 137.038 146.19 155.377 66.516 75.9286 79.2514 8.69161 381.824 60.8773 2.67827 324.954 14.2232 -2.49179 379.194 77.352 -1.8576 386.31 94.2111 5.51252 380.539 104.032 -25.9311 357.649 98.3978 13.4205 13.912 83.777
142.419 142.572 161.781 137.552 137.036 145.91 156.061 66.6414 75.9641 79.4302 8.70389 381.79 60.8391 2.78157 324.28 13.6865 -2.02483 378.873 76.9251 -1.88171 386.186 93.8436 5.55982 380.545 103.702 -25.7776 357.399 98.2837 13.3513 14.5476 83.5173
142.617 142.487 161.417 137.485 136.96 145.765 156.698 66.8841 76.0061 79.6452 8.86001 381.618 60.9279 2.96268 323.697 13.413 -1.46347 378.648 76.8032 -1.8155 386.045 93.7177 5.68013 380.48 103.576 -25.6252 357.172 98.2452 13.3426 15.1085 83.4856
143.359 141.967 161.58 137.426 136.953 145.974 157.195 67.3844 75.9556 79.7405 8.85135 381.248 60.5558 3.14663 322.869 13.3159 -1.92616 379.049 77.3303 -1.97884 385.815 93.5584 5.619 380.383 103.402 -25.5218 356.853 98.2002 13.3344 14.4861 85.0429
143.943 140.726 161.927 137.172 136.901 146.166 157.281 68.023 75.9766 79.9375 8.64727 381.043 60.0613 3.18594 322.618 13.2427 -2.0432 379.499 77.6982 -2.20283 385.776 93.3256 5.57077 380.49 103.179 -25.4625 356.735 98.2283 13.29 14.4607 85.7072
144.175 139.127 162.353 136.935 136.831 146.27 157.189 68.7238 76.0367 80.1198 8.48271 380.974 59.7334 3.20036 322.606 13.2328 -2.19428 380.074 78.0456 -2.32223 385.812 93.1354 5.57465 380.637 103.006 -25.4193 356.698 98.2421 13.2489 14.2796 86.3058
144.413 139.018 162.792 136.853 136.91 146.481 157.34 69.252 76.0757 80.1454 8.27803 380.793 59.3961 3.19951 322.267 13.2714 -2.37586 380.521 78.4814 -2.48185 385.847 93.0344 5.52754 380.745 102.934 -25.4019 356.663 98.2785 13.1898 14.2322 87.1457
143.964 139.395 161.346 137.117 137.103 146.217 157.681 68.4449 76.0221 79.9574 8.23555 380.673 59.5308 3.0407 321.83 13.1899 -2.7249 379.918 78.1104 -2.56815 385.819 92.9609 5.45776 380.74 102.876 -25.4051 356.597 98.266 13.171 14.0599 86.9917
143.43 142.017 160.074 137.503 137.278 145.819 158.504 67.1976 75.9701 79.7881 8.20149 380.703 59.869 2.93156 321.131 12.9836 -2.9932 379.063 77.8157 -2.57116 385.817 93.0297 5.486 380.698 102.941 -25.4543 356.61 98.3111 13.1757 14.0082 86.9168
143.59 144.778 160.067 137.598 137.337 145.55 159.029 66.8249 75.9038 79.6236 8.17569 380.648 59.8469 2.96799 320.398 12.7605 -2.60213 378.499 77.6617 -2.55763 385.679 93.0398 5.4825 380.577 102.964 -25.4958 356.526 98.2889 13.1486 14.5931 86.7121
144.253 144.511 159.252 137.707 137.319 145.386 159.388 66.0368 75.9042 79.5177 8.01678 380.169 59.6535 2.35473 319.363 13.0022 -2.60865 377.565 77.2025 -2.61313 385.537 92.7466 5.46269 380.464 102.703 -25.625 356.465 98.3577 13.1356 14.9904 86.2565
144.869 145.446 158.41 137.931 137.411 145.346 159.999 64.7798 75.8138 79.3757 7.78528 379.9 59.2991 2.13641 318.656 12.7415 -2.68445 376.325 76.7512 -2.81068 385.258 92.6807 5.30313 380.184 102.576 -25.7316 356.247 98.2571 13.1866 15.5702 85.6774
145.062 146.681 162.412 138.443 137.655 144.846 161.842 64.0074 75.9568 79.3117 7.84407 379.717 59.6164 1.86253 317.319 12.7654 -5.51923 376.806 77.0852 -2.76212 385.035 92.753 5.35557 379.767 102.606 -25.9327 356.127 98.244 13.2661 11.86 88.6822
146.948 148.701 164.602 139.176 137.923 144.71 163.158 63.2715 75.9622 79.1028 8.26164 379.199 59.7821 1.5675 316.092 12.7086 -6.5182 376.388 77.0083 -2.65246 384.708 92.9192 5.35585 379.257 102.762 -26.0424 355.957 98.2149 13.3525 10.5526 89.7421
151.206 154.591 166.946 139.773 138.34 144.152 165.529 62.1633 76.0191 78.9965 8.93991 379.236 60.3719 1.26777 314.729 12.552 -6.92108 375.636 76.7633 -2.5108 384.472 93.2551 5.39897 378.855 103.142 -26.1905 355.862 98.2404 13.3114 10.1389 90.2281
154.909 158.973 168.685 140.376 138.673 144.149 166.913 61.3688 75.9673 78.7795 9.14442 378.898 60.2597 0.913294 313.549 12.4877 -7.33804 375.032 76.7013 -2.54579 384.187 93.44 5.29885 378.464 103.338 -26.3151 355.71 98.2391 13.3177 9.89388 90.7887
157.49 162.374 169.593 140.825 138.873 144.225 167.963 60.9625 75.8858 78.6274 9.26504 378.283 60.1518 0.585887 312.393 12.4374 -7.61995 374.491 76.7507 -2.60671 383.761 93.5483 5.18456 377.983 103.432 -26.4131 355.392 98.2286 13.356 9.72544 91.4013
159.467 164.189 169.992 140.878 138.886 144.422 168.375 60.9586 75.6944 78.5128 9.2239 377.543 59.7822 0.346667 311.53 12.3478 -7.78105 374.096 76.7914 -2.68279 383.194 93.5885 5.05817 377.449 103.451 -26.4987 355.013 98.1703 13.3928 9.5707 91.8387
161.068 164.012 170.288 140.822 138.885 144.636 168.115 61.0731 75.5416 78.376 9.22613 376.85 59.3789 0.243255 311.125 12.2328 -7.92717 373.784 76.8227 -2.73203 382.674 93.6068 4.92276 376.957 103.417 -26.5672 354.608 98.0573 13.4602 9.38638 92.0094
162.188 162.268 170.437 141.114 139.019 144.72 167.574 61.181 75.4204 78.2023 9.42164 376.109 59.4887 0.137629 311.035 12.2289 -7.99096 373.577 77.1308 -2.75814 382.274 93.8325 4.79056 376.506 103.619 -26.6692 354.318 98.0386 13.5243 9.2505 92.1995
163.013 159.298 170.362 141.354 139.042 144.95 166.827 61.4249 75.286 78.1043 9.51851 375.381 59.5127 -0.0410013 311.093 12.422 -7.97906 373.542 77.4102 -2.73193 381.984 94.0784 4.74979 376.181 103.829 -26.7759 354.185 98.0691 13.594 9.12821 92.3181
163.548 153.639 169.723 141.189 138.838 145.336 165.247 61.6905 75.1155 78.0695 9.49554 374.556 59.2584 -0.257597 311.576 12.6036 -7.66076 373.319 77.7053 -2.7428 381.577 94.1895 4.6565 375.81 103.888 -26.8725 353.969 98.0585 13.6845 9.44588 91.9093
164.603 146.716 168.913 141.223 138.487 145.705 163.524 62.04 74.8862 77.9904 9.58861 373.116 59.0943 -0.897785 311.738 13.0878 -6.74997 372.601 77.8802 -2.63502 380.864 94.2645 4.60632 375.098 103.86 -27.1023 353.578 98.0378 13.8963 10.4863 90.9226
164.135 144.582 168.396 141.024 138.068 146.09 162.689 63.2707 74.8344 78.0223 9.48092 372.14 58.6898 -1.17663 311.434 13.4615 -5.96409 372.848 78.6035 -2.62432 380.519 94.2123 4.55058 374.772 103.741 -27.255 353.385 98.0263 14.0323 11.232 91.3799
163.788 142.703 167.851 140.726 137.759 146.584 162.224 64.7427 74.6913 77.9632 9.17674 371.341 58.2895 -1.36141 311.207 13.7158 -5.54987 373.478 79.5098 -2.86591 380.267 94.1504 4.36383 374.592 103.654 -27.3829 353.201 98.0251 14.0912 11.8459 92.3773
163.11 139.949 167.571 140.525 137.447 146.841 161.892 66.1166 74.5958 77.8762 8.83755 370.728 58.0972 -1.72045 311.117 14.0406 -5.31196 374.097 80.2514 -3.08544 380.071 93.973 4.2338 374.443 103.48 -27.4885 352.994 98.0494 14.1149 12.3987 93.2161
162.068 136.428 167.365 140.416 137.295 147.075 161.237 67.2137 74.5284 77.7727 8.42531 370.21 57.661 -2.1879 311.165 14.3639 -5.20902 374.549 80.8734 -3.33002 379.891 93.6878 4.06373 374.322 103.205 -27.5986 352.801 97.9891 14.1123 12.997 93.8719
160.282 133.771 167.402 140.341 137.309 147.097 160.404 67.9807 74.4859 77.6656 8.04676 370.114 57.4475 -2.34974 311.752 14.3393 -5.14713 374.944 81.3475 -3.56904 379.83 93.5846 3.87074 374.291 103.073 -27.6671 352.678 97.918 14.1224 13.4957 94.0394
157.881 132.935 167.17 140.463 137.356 147.17 159.981 68.4898 74.3315 77.3857 7.77355 369.748 57.361 -2.63558 311.758 14.3689 -5.03977 374.947 81.5499 -3.78004 379.584 93.5384 3.67416 374.059 102.987 -27.7592 352.447 97.8394 14.1724 13.9148 94.1086
155.557 133.744 166.997 140.388 137.31 147.327 159.885 68.9766 74.2724 77.2947 7.27377 369.411 57.0395 -2.79288 311.545 14.3062 -5.13821 375.093 81.6687 -4.01636 379.453 93.3144 3.52023 373.964 102.713 -27.831 352.28 97.7633 14.2244 14.198 94.3762
153.346 134.212 167.015 140.397 137.354 147.511 159.852 69.2948 74.2399 77.1489 6.83187 369.429 56.7652 -2.74441 311.682 14.1915 -5.42739 375.387 81.981 -4.24993 379.473 93.2752 3.38614 373.987 102.649 -27.88 352.221 97.692 14.2104 14.3007 94.835
151.484 135.962 166.839 140.259 137.261 147.717 160.094 69.7081 74.2561 77.1919 6.43973 369.475 56.5926 -2.59722 311.499 14.2065 -5.59088 375.738 82.2452 -4.40357 379.54 93.299 3.35946 374.087 102.665 -27.913 352.245 97.7448 14.1691 14.3693 95.3124
150.018 137.473 166.508 140.153 137.275 148.038 160.386 70.1488 74.2666 77.2277 6.04325 369.575 56.3105 -2.37186 311.378 14.1701 -5.76095 376.094 82.4446 -4.59352 379.607 93.323 3.28603 374.205 102.698 -27.9402 352.259 97.7831 14.0957 14.4262 95.6825
148.687 138.498 166.028 139.952 137.166 148.177 160.601 70.4396 74.3114 77.2878 5.74551 369.611 56.2005 -2.34691 311.225 14.119 -5.81531 376.28 82.4245 -4.67891 379.665 93.2799 3.22805 374.307 102.676 -27.9866 352.288 97.8108 14.0528 14.4193 95.7557
147.572 138.167 165.592 139.835 137.026 148.292 160.569 70.5686 74.29 77.2733 5.59789 369.629 56.2283 -2.4834 311.232 14.206 -5.99214 376.436 82.4799 -4.73911 379.716 93.2678 3.1597 374.404 102.704 -28.0282 352.334 97.8686 14.0105 14.3174 95.8991
146.796 139.201 165.002 139.867 137.039 148.416 160.776 70.6651 74.2152 77.1889 5.59674 369.62 56.3608 -2.3905 311.056 14.0496 -6.13723 376.616 82.6006 -4.84784 379.795 93.4101 3.01003 374.522 102.91 -28.0465 352.421 97.9301 13.9487 14.2229 96.2318
146.121 139.488 164.365 139.756 136.975 148.477 160.931 70.6601 74.109 77.0761 5.45754 369.638 56.4161 -2.44716 310.916 14.0455 -6.40462 376.71 82.7467 -5.01231 379.809 93.4984 2.86906 374.591 103.043 -28.0828 352.452 97.9917 13.8871 14.1549 96.5891
146.37 139.211 163.664 139.639 136.957 148.934 161.459 70.7529 73.995 77.0019 5.22402 369.561 56.1227 -2.36051 310.65 14.1031 -7.03935 376.991 83.0882 -5.37766 379.854 93.6172 2.60071 374.725 103.195 -28.1235 352.471 98.0574 13.8211 14.0187 97.4466
146.055 139.71 162.552 139.567 136.821 149.228 162.056 70.9573 73.9185 76.8605 5.1776 369.694 55.9982 -2.17376 310.55 14.102 -7.30402 377.274 83.3634 -5.44491 379.934 93.855 2.54456 374.808 103.425 -28.0751 352.533 98.1089 13.8155 13.8218 98.0842
146.696 139.177 161.665 139.464 136.727 149.432 162.664 70.8867 73.776 76.7586 5.0721 369.628 55.8374 -2.27222 310.13 14.4297 -7.59223 377.27 83.5008 -5.60682 379.882 93.8533 2.43965 374.836 103.469 -28.0777 352.535 98.2105 13.764 13.8275 98.6042
147.715 138.209 160.701 139.301 136.676 149.919 163.379 71.0094 73.6919 76.8179 5.01845 369.329 55.4619 -2.1292 309.538 14.7872 -7.77666 377.236 83.8388 -5.65253 379.664 93.9653 2.4265 374.692 103.6 -28.0429 352.38 98.2481 13.7242 13.8491 99.4558
148.164 140.582 159.853 139.325 136.741 150.186 164.471 71.0873 73.628 76.8546 5.00601 369.064 55.2875 -1.99817 308.665 14.7996 -7.80239 377.118 83.9403 -5.61308 379.462 94.0106 2.47143 374.523 103.622 -28.0081 352.213 98.224 13.7334 13.8311 100.2
148.815 144.869 159.042 139.44 136.783 150.462 166.182 71.0569 73.5966 76.855 5.05079 368.623 55.2043 -2.19361 307.309 14.9347 -7.91774 377.009 83.9714 -5.54959 379.365 93.9564 2.54067 374.458 103.58 -27.9458 352.135 98.3129 13.7377 13.7533 101.172
149.245 150.712 158.376 139.462 136.836 150.751 168.046 71.0935 73.5069 76.8971 5.23651 368.337 55.275 -2.06965 305.954 14.8386 -7.85389 376.902 84.0986 -5.48881 379.173 94.0628 2.60362 374.31 103.709 -27.8398 351.992 98.3722 13.7269 13.764 102.199
149.522 156.76 157.719 139.679 136.849 150.959 169.809 71.0435 73.5172 76.9038 5.69578 368.16 55.7032 -1.88932 304.839 15.1485 -7.59585 376.876 84.3589 -5.18145 379.184 94.459 2.81515 374.238 104.152 -27.7952 352.086 98.5401 13.7259 13.5853 103.102
149.627 162.344 157.267 139.739 136.795 150.898 171.334 70.8073 73.4363 76.9169 6.04232 368.047 56.0775 -1.81773 303.932 15.3565 -7.28839 376.689 84.3841 -4.9409 379.1 94.6435 2.99686 374.129 104.398 -27.7423 352.15 98.643 13.7039 13.5299 103.599
150.304 167.804 157.02 139.589 136.7 151.169 173.356 70.8249 73.3175 76.9625 6.3617 367.629 56.234 -1.49005 302.419 15.8362 -6.91191 376.65 84.4401 -4.64931 378.953 94.795 3.25595 374.006 104.656 -27.5744 352.198 98.7844 13.6502 13.5002 104.502
150.805 172.817 156.881 139.173 136.574 151.427 176.094 71.0074 73.295 77.1038 6.50769 367.543 56.2427 -0.719399 300.658 16.4422 -6.64252 376.857 84.4658 -4.48745 378.98 94.872 3.47724 374.102 104.849 -27.3883 352.29 98.8818 13.5143 13.5112 105.686
151.713 175.639 155.123 138.669 136.429 152.023 178.525 70.7626 73.1976 77.3165 6.36171 367.052 56.0684 -1.82802 297.132 17.4347 -6.66323 376.738 84.3085 -4.3309 378.925 94.8332 3.61871 374.206 104.918 -27.2322 352.38 99.1528 13.4418 13.2922 108.279
152.422 174.27 152.156 138.544 136.445 152.325 177.981 70.0146 73.2295 77.4632 6.47376 366.663 56.0745 -2.05853 296.202 17.739 -6.88085 376.237 83.8839 -4.04213 378.908 94.7811 3.85792 374.254 104.969 -27.0762 352.442 99.3578 13.3792 12.6195 108.439
153.757 174.391 151.382 137.889 136.363 153.057 178.022 69.3816 73.0941 77.6612 6.28549 366.164 55.6674 -2.06436 295.383 17.6404 -7.55219 376.154 83.9481 -3.82526 378.846 94.7565 4.04314 374.431 105.046 -26.7893 352.487 99.6108 13.263 11.9753 109.344
154.163 174.448 150.29 137.475 136.441 153.342 178.042 68.6379 73.0785 77.8624 6.25438 366.1 55.3463 -1.97769 294.875 17.5424 -8.01498 375.837 83.7595 -3.6431 378.823 94.7533 4.21242 374.57 105.096 -26.4445 352.434 99.7248 13.1676 11.3219 109.826
153.821 174.56 149.101 137.296 136.644 153.306 178.08 68.157 73.1859 78.0702 6.30295 366.478 55.2015 -1.54417 294.843 17.1703 -8.12475 375.69 83.2408 -3.48823 379.065 94.8318 4.42235 374.917 105.162 -26.073 352.467 99.8013 13.0921 10.5729 109.511
152.703 174.576 147.353 137.388 136.8 152.748 178.086 67.9242 73.2619 78.096 6.53366 366.877 55.5273 -1.48736 294.79 17.1548 -7.9383 375.516 82.6438 -3.26888 379.284 94.8789 4.74261 375.181 105.217 -25.7195 352.511 99.9493 13.031 9.99412 108.879
151.502 174.556 145.507 137.401 136.998 152.077 178.079 67.7955 73.3655 78.0962 6.81037 367.42 55.9894 -1.7146 294.856 17.1374 -7.58392 375.413 82.1273 -2.99742 379.579 94.8256 5.12587 375.536 105.218 -25.3016 352.575 100.126 12.9155 9.71719 108.254
150.909 175.723 144.942 137.309 136.976 151.794 178.486 67.6413 73.5373 78.0313 6.85363 368.021 55.9539 -1.71307 295.4 17.0155 -7.83138 375.488 81.5073 -2.86446 379.948 94.6978 5.38494 375.909 105.088 -24.8731 352.691 100.279 12.8954 8.97743 107.489
150.085 179.057 144.677 137.278 136.985 151.54 179.652 67.4948 73.7303 78.0841 7.06052 368.675 56.0323 -0.420956 296.311 16.8881 -8.07954 375.629 81.2568 -2.75645 380.297 94.9003 5.58318 376.229 105.233 -24.4297 352.818 100.398 12.8997 8.28031 106.734
149.819 177.998 144.979 137.062 136.848 151.566 179.209 67.0126 73.6862 78.0572 7.22261 368.899 55.8568 0.40046 297.044 16.6804 -8.164 375.431 81.2586 -2.46794 380.268 95.0302 5.89267 376.228 105.389 -23.9088 352.807 100.548 12.8817 7.80829 106.209
149.128 176.456 144.43 137.426 136.827 151.379 178.647 66.2853 73.6262 77.8712 7.59549 369.075 55.9601 0.645776 297.571 16.757 -8.05101 375.041 81.587 -2.11057 380.215 95.3592 6.26573 376.055 105.719 -23.5456 352.85 100.68 12.9076 7.58869 106.151
147.697 176.641 143.225 137.694 136.709 150.809 178.014 65.9999 73.7194 77.7755 8.18499 369.255 56.4664 0.873077 297.806 17.2451 -7.31422 374.774 82.3584 -1.51893 380.138 95.5435 6.80493 375.815 105.989 -23.208 352.883 100.855 12.8802 8.21753 106.381
147.029 176.713 138.324 138.032 136.617 150.375 177.985 66.1724 73.7798 77.766 8.97069 369.171 56.9432 0.856637 297.536 17.7193 -6.00801 374.392 83.7195 -0.785412 379.867 95.735 7.46029 375.419 106.244 -22.9074 352.801 101.022 12.8622 9.79657 107.165
145.936 176.541 142.036 138.501 136.626 149.413 178.008 66.5496 73.8776 77.7809 9.88267 369.471 57.881 0.261542 297.63 18.2456 -4.64364 374.667 84.421 0.155564 379.882 95.9479 8.29926 375.304 106.532 -22.6909 353.065 101.291 12.8131 10.6206 107.141
