148.142 178.59 128.183 124.134 133.624 160.071 174.919 73.7369 74.3951 70.0494 51.0422 293.397 27.0087 37.2834 264.078 -42.8517 60.8801 324.072 34.2461 75.7023 334.101 33.1601 88.7908 340.033 24.4702 64.7046 349.632 4.11064 12.1732 6.50775 107.562
146.538 178.661 128.121 123.669 134.023 159.342 174.623 74.5903 75.2609 71.0361 50.0152 293.758 26.2554 37.0979 263.858 -42.5629 59.9313 323.822 34.7064 74.9146 333.736 34.0692 88.0449 339.356 25.7896 64.8419 349.604 4.18468 12.3762 6.55674 106.48
141.172 178.048 126.138 122.419 133.852 157.427 177.715 74.8966 75.6532 72.2824 50.8831 294.787 26.3702 36.6621 263.426 -42.1516 59.1438 324.176 34.4174 74.2932 333.659 34.2441 87.5256 338.817 26.7929 64.7674 349.288 3.81492 12.1925 6.42446 106.145
139.732 174.359 123.917 120.78 133.189 156.622 178.007 75.2579 76.2121 73.8162 51.04 295.483 26.6594 36.0918 263.112 -42.1993 58.2354 324.29 34.1093 73.547 333.422 34.527 86.9566 338.112 28.0656 64.6975 348.968 3.45841 11.803 6.36584 105.812
139.575 174.316 121.867 118.686 131.942 156.191 177.99 75.2398 76.356 74.6398 51.668 295.668 26.7578 35.9047 261.463 -40.3689 57.9601 324.111 33.62 73.3115 333.108 34.3783 86.7666 337.608 28.5855 64.6384 348.549 3.11871 11.5286 6.39802 103.842
139.3 174.332 119.953 116.762 130.858 155.391 177.993 75.1695 76.6035 75.4427 52.1379 296.018 27.442 35.5158 260.156 -39.076 57.7002 324.011 33.3276 73.0604 332.873 34.442 86.5926 337.132 29.2293 64.5632 348.165 2.86375 11.2285 6.45701 102.708
138.484 174.359 118.119 114.803 129.381 154.514 178.0 74.7087 76.4727 75.7491 52.8735 296.482 27.9916 35.2801 259.148 -38.197 57.711 323.959 32.9384 73.0982 332.744 34.2838 86.7234 336.882 29.4974 64.5819 347.904 2.67627 10.952 6.47858 102.057
137.498 174.375 116.838 113.232 128.089 153.412 178.004 74.0938 76.0975 75.7744 53.6876 297.07 28.4303 35.4336 258.455 -37.5257 57.8545 324.071 32.5313 73.2189 332.816 33.9637 86.9363 336.862 29.4793 64.6217 347.783 2.5247 10.7439 6.57018 101.755
136.282 174.394 115.884 111.7 126.722 152.459 178.01 73.3761 75.477 75.631 54.5639 297.472 28.9365 35.804 257.868 -37.0916 58.0808 324.109 32.0991 73.4516 332.887 33.4977 87.2724 336.914 29.3153 64.6748 347.702 2.40173 10.512 6.64039 101.57
135.196 174.394 115.087 111.134 126.227 151.466 178.008 72.915 75.2411 75.5789 55.2723 297.905 29.212 35.929 257.566 -36.9726 58.3428 324.152 31.7033 73.6499 332.909 33.1693 87.5096 336.922 29.075 64.727 347.65 2.2316 10.4245 6.69297 101.55
135.352 174.392 114.598 110.75 125.995 150.777 178.006 72.493 75.0242 75.4479 55.7688 298.133 29.6063 36.0405 257.514 -37.4213 58.6629 324.298 31.4163 73.8433 333.024 32.8932 87.7104 337.075 28.7937 64.7764 347.671 2.09887 10.4003 6.79036 102.132
135.245 174.371 114.509 111.014 125.92 150.178 177.999 71.8728 74.6137 75.0131 56.3275 298.233 29.9059 36.2398 257.736 -37.8569 59.2351 324.453 30.9753 74.2932 333.229 32.4035 88.1303 337.412 28.1126 64.8652 347.815 1.9492 10.4574 6.86241 102.606
135.351 174.351 115.065 111.962 126.43 149.775 177.991 71.2224 73.9089 74.1393 56.8694 298.134 30.2033 36.538 257.929 -38.249 59.8303 324.56 30.5579 74.772 333.476 31.7368 88.6446 337.869 27.0993 64.9531 347.972 1.83331 10.5104 6.92983 103.059
135.623 174.337 115.804 113.405 127.124 149.523 177.985 70.6576 73.2419 73.2401 57.3613 297.998 30.5422 36.9889 258.314 -38.7985 60.4817 324.677 30.1587 75.2878 333.712 31.083 89.1764 338.314 26.0287 65.08 348.24 1.75196 10.6384 6.9725 103.478
135.761 174.321 116.439 114.484 127.749 149.183 177.98 70.2596 72.8929 72.7391 57.1806 298.081 30.7166 36.9504 258.888 -39.0646 60.7153 325.052 29.9073 75.4677 334.065 30.6844 89.3775 338.831 25.3237 65.1508 348.642 1.67994 10.727 6.90866 103.811
135.923 174.297 117.255 115.708 128.566 148.888 177.972 70.2085 72.7684 72.367 56.8727 298.049 30.6941 36.941 259.375 -39.0359 60.8711 325.3 29.7796 75.6048 334.284 30.4253 89.5009 339.202 24.7756 65.1462 348.941 1.60158 10.8087 6.80206 103.768
136.583 174.278 117.617 117.236 130.227 148.143 177.966 70.0963 72.6308 71.8036 57.4925 298.072 30.9116 37.2083 260.085 -39.3058 61.4707 325.668 29.7077 76.0445 334.778 30.0327 89.8589 340.11 23.7571 65.1772 349.384 1.61183 10.9231 6.73851 104.38
136.774 174.27 117.652 118.148 130.737 147.333 177.963 69.7556 72.2003 71.2627 58.0175 298.038 31.2432 37.6397 260.719 -39.4063 62.0702 325.965 29.4832 76.5887 335.232 29.4652 90.326 340.979 22.7541 65.2083 349.876 1.62243 10.9228 6.59336 104.64
137.196 174.27 117.845 119.632 131.369 146.663 177.964 69.2637 71.6626 70.5236 58.8356 298.02 31.6123 38.1009 261.442 -39.5214 62.618 326.315 29.1491 77.0192 335.715 28.8076 90.667 341.854 21.5729 65.1917 350.363 1.62536 10.996 6.51273 104.978
142.898 174.408 122.97 122.827 132.209 147.887 178.019 69.3394 71.4722 69.461 59.034 297.275 31.434 38.3607 264.703 -42.7675 63.1014 326.73 29.9575 77.3988 336.627 29.0728 90.9843 343.216 20.9323 65.3115 351.043 2.1061 10.9965 6.48706 108.85
146.13 174.302 118.915 121.805 132.62 148.085 177.982 69.9485 71.6078 69.543 58.4076 296.885 31.8654 37.9749 264.787 -42.145 63.0471 327.217 30.1124 77.2746 336.875 29.1455 90.6778 343.21 21.0084 65.1813 351.15 2.12839 11.4364 6.5088 108.858
150.123 174.473 123.191 123.789 132.982 149.931 178.063 69.9844 71.5802 68.7731 57.8961 296.288 31.1116 38.1797 266.559 -43.9695 63.0275 327.432 30.6642 77.2378 337.318 29.46 90.589 343.898 20.7493 65.2205 351.496 2.46408 11.5472 6.4916 110.873
154.625 175.862 126.694 125.721 133.985 152.212 178.613 70.1916 71.5768 67.9466 56.8951 295.732 29.9693 38.0096 268.249 -45.7441 62.6564 327.464 31.1304 76.8679 337.591 29.8133 90.1318 344.285 20.6042 65.2129 351.887 2.75774 11.9495 6.58341 112.161
156.155 178.61 128.622 126.047 134.421 154.243 177.959 71.022 72.1908 68.4058 54.9958 295.472 29.4672 38.0973 267.582 -44.8126 61.5331 327.113 31.8872 75.9739 337.238 30.7727 89.3145 343.674 21.7969 65.0569 351.85 3.03816 12.1314 6.58601 110.516
155.962 178.773 129.702 126.02 134.598 155.64 176.391 71.9243 73.0183 69.2199 53.7664 295.59 28.8142 37.571 267.324 -44.5855 60.4613 326.931 32.5415 75.0667 337.003 31.697 88.4415 343.134 23.0023 64.8442 351.844 3.18855 12.2848 6.62805 109.645
155.906 178.96 129.986 126.407 135.048 156.981 175.73 72.0435 73.125 69.4811 54.0066 295.694 27.8422 37.6122 267.145 -44.6238 60.6856 326.895 32.658 75.2028 337.11 31.7463 88.379 343.231 23.0384 64.6571 351.929 3.29457 12.4017 6.65358 109.552
157.413 179.098 130.015 126.693 135.527 157.876 175.563 72.3011 73.4283 69.886 54.1425 295.796 26.9451 37.5782 267.063 -44.7724 60.8686 326.918 32.8685 75.3071 337.229 31.9453 88.2964 343.323 23.232 64.4477 352.021 3.37563 12.4645 6.66662 109.689
160.197 179.32 129.868 126.566 135.806 158.467 175.531 72.6916 73.8081 70.4134 53.6944 295.975 26.3244 37.4015 267.165 -44.8829 60.7918 327.056 33.113 75.2135 337.347 32.2098 88.0243 343.34 23.5838 64.2275 352.164 3.41941 12.6121 6.6252 109.802
161.833 179.238 129.673 126.35 135.809 158.527 175.817 72.9926 74.1356 70.5572 53.8168 296.278 26.2176 37.0896 267.251 -45.216 60.8247 327.311 33.2719 75.0803 337.599 32.3215 87.7236 343.569 23.5671 63.9643 352.37 3.35946 12.8072 6.71576 110.199
163.32 179.018 129.046 126.094 135.737 158.521 176.308 73.1353 74.4705 70.4994 53.9122 296.661 25.9367 36.5721 267.64 -45.9281 60.9122 327.803 33.3494 74.9113 338.043 32.4362 87.4192 344.042 23.4579 63.731 352.772 3.30661 12.979 6.93352 110.901
164.077 179.034 128.769 125.994 136.025 157.9 176.77 73.0954 74.6629 70.4402 54.5371 297.333 25.7857 36.3466 268.232 -46.6779 60.9345 328.61 33.2548 74.7405 338.718 32.371 87.1742 344.774 23.2145 63.5184 353.38 3.21456 13.089 7.00147 111.637
163.965 179.073 128.898 126.194 136.621 157.174 177.185 73.2805 75.029 70.5024 55.1963 297.935 25.8748 36.2103 268.78 -47.5937 61.0249 329.234 33.2492 74.6121 339.203 32.3404 86.8834 345.36 22.9079 63.2284 353.811 3.11783 13.2627 7.04728 112.547
163.985 179.291 129.378 126.684 137.469 156.565 177.542 73.4619 75.5468 70.7019 55.2884 298.408 25.7318 36.1532 269.507 -48.1794 60.6281 329.825 33.2212 74.1383 339.59 32.5364 86.3182 345.775 22.9402 62.972 354.203 2.99587 13.4718 7.04561 113.065
163.793 179.448 129.845 127.018 138.081 156.065 177.951 73.7037 76.0601 70.9065 55.4734 298.769 25.8136 36.1308 270.029 -48.5605 60.2784 330.32 33.31 73.6827 339.893 32.7747 85.8054 346.124 23.0191 62.642 354.493 2.90244 13.5709 7.0797 113.567
163.465 179.243 130.221 127.43 138.555 155.634 177.872 74.1119 76.6197 71.4002 54.7648 299.031 26.2021 35.7025 270.251 -48.5539 59.2029 330.509 33.4983 72.6678 339.882 33.3275 84.9174 345.921 23.7168 62.3069 354.585 2.83566 13.6639 7.10767 113.314
163.233 178.937 130.558 128.033 138.823 155.217 177.452 74.711 77.3439 72.0432 53.1425 299.024 26.444 35.1541 270.157 -48.2716 57.6087 330.19 33.6394 71.2768 339.369 34.0448 83.8101 345.09 24.7656 61.9693 354.337 2.69366 13.6534 7.05499 112.336
162.845 178.655 130.774 128.272 138.566 154.923 176.869 75.2507 77.9663 72.5438 51.4057 298.927 26.74 34.8441 269.888 -47.4902 56.2299 329.662 33.7919 70.0985 338.746 34.6699 82.8433 344.276 25.6638 61.6351 353.993 2.65249 13.6017 6.99177 111.038
162.35 178.386 131.095 128.536 138.504 154.727 176.308 75.8729 78.5919 73.2259 49.4001 298.53 27.165 34.399 269.04 -46.49 54.6325 329.019 33.9729 68.7429 337.983 35.3044 81.7465 343.234 26.7169 61.2314 353.333 2.5311 13.4207 6.89589 109.698
160.705 176.908 129.518 127.377 137.187 153.651 178.953 75.7338 78.2575 73.8496 49.6631 298.434 27.0475 33.1866 267.96 -45.1213 53.9338 328.504 33.2527 68.3158 337.35 34.7426 81.3147 342.246 26.8641 60.3344 352.387 1.87718 13.0808 6.66377 108.685
159.704 178.068 129.853 127.469 135.961 153.495 179.378 74.6959 77.3904 73.1494 50.3827 297.839 26.9287 33.4299 267.22 -44.8058 54.0647 327.741 32.7472 68.3434 336.846 34.1337 81.4136 342.041 26.1973 60.202 351.87 1.90684 12.9871 6.81049 108.372
159.231 178.249 130.006 127.293 135.258 153.171 178.939 74.2029 77.0849 72.7199 49.6779 297.482 26.4893 33.1455 266.534 -44.369 53.41 327.294 32.3914 67.7009 336.404 33.9776 80.9254 341.533 26.1002 60.0566 351.492 1.85837 13.054 6.9366 107.563
157.742 178.511 130.235 127.116 134.402 152.439 178.202 73.8218 77.051 72.3943 49.7463 297.392 26.1423 32.754 266.257 -44.3419 53.3193 327.03 32.1882 67.5698 336.239 33.8125 80.9024 341.505 25.7451 60.0365 351.367 1.84544 12.9803 7.00634 107.384
154.624 174.038 128.693 126.547 133.349 150.866 177.932 73.2534 76.875 72.5072 50.8579 297.731 26.1493 32.0222 265.904 -43.6566 53.2388 327.134 31.2961 67.5026 336.232 33.0322 81.0584 341.541 25.1622 59.8068 351.082 1.30044 12.4297 6.92441 107.027
151.876 176.448 129.288 127.264 132.42 149.638 178.791 73.0674 77.098 72.262 51.3166 298.084 25.3795 32.4638 265.979 -43.792 53.3789 326.876 31.2182 67.6456 336.136 32.8774 81.4161 341.811 24.6137 59.8065 351.237 1.29156 12.0281 6.82561 107.02
148.799 178.85 129.589 127.946 131.922 148.822 179.648 73.0581 77.2523 71.7717 51.3897 298.251 25.2865 32.9685 265.805 -43.6819 53.5684 326.554 31.261 67.8064 335.942 32.7861 81.7796 341.936 24.0915 59.8146 351.295 1.31703 11.7203 6.78207 106.807
146.957 179.859 129.846 128.328 131.333 148.31 179.882 72.8223 77.1397 71.0759 51.9385 298.427 25.1135 33.4045 265.995 -43.7047 54.1749 326.391 31.1262 68.2782 336.005 32.3879 82.3412 342.502 23.1675 59.8766 351.613 1.35136 11.4637 6.81079 106.644
146.016 178.592 130.418 128.908 131.646 147.75 178.677 72.9697 77.1322 70.6269 51.4589 298.443 25.0889 33.1256 266.03 -44.1034 53.9882 326.246 31.0973 68.1225 335.896 32.281 82.3265 342.57 22.8582 59.8751 351.707 1.31325 11.3969 6.76875 106.441
146.314 178.574 131.125 129.195 131.717 147.492 178.225 72.8858 76.9873 70.0806 51.4599 298.438 24.9703 33.1836 266.39 -44.8564 54.2266 326.33 31.0219 68.3089 336.068 32.0558 82.4658 342.987 22.3064 59.8837 352.018 1.3308 11.5012 6.76866 106.731
146.372 178.597 131.532 129.391 132.276 147.03 177.822 73.1955 77.1416 70.0083 51.0332 298.652 25.1498 32.9857 266.621 -45.6319 54.1053 326.447 31.1249 68.2321 336.17 32.1353 82.4181 343.113 22.302 59.9309 352.255 1.29341 11.5701 6.74428 106.928
146.647 178.745 132.008 129.392 132.383 146.715 177.316 73.2714 77.0542 69.7436 51.1363 298.597 25.0906 33.3513 266.794 -45.9987 54.4441 326.441 31.1246 68.5547 336.224 31.9918 82.6226 343.319 21.9913 59.9673 352.407 1.2971 11.6921 6.69148 107.023
147.138 178.941 132.52 129.258 132.451 146.397 177.108 73.4824 77.1441 69.648 51.3567 298.621 25.0385 33.7531 267.113 -46.2209 54.8947 326.498 31.2374 68.9573 336.341 31.9367 82.8657 343.546 21.7414 60.0412 352.603 1.29099 11.825 6.66478 107.209
147.474 179.047 133.068 129.271 132.646 146.116 176.918 73.9121 77.4985 69.8112 51.0827 298.688 25.2167 33.9105 267.357 -46.2397 54.8702 326.532 31.504 68.9872 336.353 32.1778 82.8986 343.564 21.9209 60.1136 352.762 1.30943 11.8352 6.58443 107.14
148.415 179.06 133.289 129.344 132.837 146.414 176.586 74.0302 77.557 69.9476 50.8034 298.475 25.3741 34.0521 267.465 -46.0283 54.7259 326.527 31.5443 68.9234 336.349 32.2595 82.8833 343.567 22.071 60.2012 352.825 1.31867 11.8152 6.52328 106.816
148.659 179.179 133.439 129.298 132.76 146.572 176.477 74.1734 77.7494 70.0774 50.5298 298.559 25.3444 34.0867 267.725 -45.9136 54.4689 326.637 31.6395 68.7439 336.468 32.4639 82.7818 343.656 22.2949 60.266 352.988 1.35946 11.8029 6.49907 106.618
148.924 179.181 133.65 129.818 133.183 146.902 176.52 74.1993 77.8216 70.0733 50.0284 298.586 25.1856 33.9305 267.774 -46.0233 53.9894 326.717 31.6859 68.3593 336.498 32.7318 82.5423 343.584 22.6317 60.3312 352.984 1.3878 11.8201 6.50993 106.564
149.049 179.034 134.168 130.398 133.878 147.085 176.39 74.4782 78.0725 70.4279 49.4206 298.602 25.2266 33.7652 267.613 -45.8607 53.3042 326.814 31.8984 67.7996 336.51 33.2057 82.1701 343.351 23.3661 60.3731 352.922 1.416 11.7726 6.49429 106.298
149.005 178.911 134.49 130.811 134.551 147.404 176.151 74.6588 78.1287 70.7224 48.5322 298.523 25.2943 33.6047 267.324 -45.5967 52.7308 326.785 32.0425 67.3684 336.434 33.6019 81.8466 343.021 24.0883 60.4298 352.747 1.45856 11.7865 6.4971 105.903
149.159 178.774 134.496 130.62 135.113 147.72 175.969 74.9852 78.2724 71.2603 47.6371 298.402 25.296 33.4098 267.014 -45.3781 52.1206 326.756 32.2873 66.9229 336.331 34.0655 81.4066 342.561 24.9754 60.478 352.559 1.56007 11.9174 6.4579 105.549
146.705 179.73 132.495 129.346 135.173 146.532 179.911 74.7008 77.8113 72.3285 48.75 298.89 25.9208 33.0133 266.427 -44.7478 52.0161 327.166 31.9522 66.9036 336.527 33.8068 81.3834 342.108 25.6792 60.4065 352.181 1.30651 11.6312 6.4159 105.671
145.581 174.27 130.085 127.656 135.198 146.225 177.978 74.3967 77.3107 73.4355 49.1632 298.965 26.4277 32.2671 265.14 -42.8757 51.8931 327.227 31.5398 66.8819 336.4 33.5247 81.3077 341.43 26.4907 60.2755 351.611 1.06401 11.314 6.38669 104.439
144.695 174.27 127.865 125.798 135.202 146.002 177.976 74.3016 77.0389 74.4906 49.397 299.018 26.7562 31.7711 263.627 -40.6575 51.7742 327.093 31.2381 66.7732 336.158 33.3446 81.0886 340.762 27.2515 60.1224 351.051 0.851433 11.1185 6.47742 102.717
143.244 174.27 125.492 123.163 134.711 145.81 177.974 74.2555 76.8571 75.4155 49.7767 299.077 26.7932 31.3591 262.296 -38.9765 51.8855 326.826 31.0547 66.8747 335.901 33.177 80.9775 340.277 27.8209 60.0162 350.571 0.740473 11.0314 6.59709 101.371
142.172 174.27 123.873 120.916 133.917 145.739 177.972 74.0472 76.5309 75.7829 50.3568 298.977 26.4614 31.1128 261.223 -37.9473 52.0625 326.423 30.7143 67.0813 335.535 32.7895 80.9911 339.858 27.8878 59.9247 350.174 0.613089 11.0314 6.66137 100.223
139.968 174.27 122.162 118.533 133.083 145.14 177.968 73.6819 75.8806 75.9567 51.8628 298.776 26.3184 31.0865 259.455 -35.9583 52.6501 325.568 30.6799 67.6733 334.798 32.4933 81.3062 339.171 27.9963 59.7446 349.485 0.869927 11.0921 6.68809 98.5725
137.542 174.27 121.62 117.913 132.957 144.487 177.967 73.2336 75.1139 75.2742 53.2555 298.768 26.3104 31.7516 258.639 -35.4975 53.4702 325.063 30.4287 68.3849 334.444 31.7892 81.9022 339.152 27.1202 59.6335 349.216 0.916854 11.1308 6.68132 98.1977
135.525 174.27 121.222 117.583 132.796 143.892 177.966 72.8 74.4316 74.6149 54.2833 298.708 26.1975 31.9377 258.119 -35.3518 54.115 324.576 30.1845 68.9144 334.02 31.173 82.2905 339.044 26.3045 59.4364 348.94 0.980803 11.2276 6.66395 98.0525
133.567 174.27 120.794 117.405 132.435 143.395 177.965 72.2568 73.5348 73.6045 55.4345 298.603 26.0521 32.402 257.647 -35.5199 54.8041 324.001 29.8821 69.4633 333.53 30.3917 82.7272 338.968 25.1976 59.1586 348.627 1.12477 11.3189 6.62632 98.151
132.996 174.27 124.06 120.113 132.195 144.263 177.972 71.4759 72.4768 72.1207 56.0795 298.222 25.9593 33.2011 260.401 -40.5962 55.5123 323.866 30.3222 69.92 333.66 30.1936 83.2772 339.627 24.273 59.0658 348.711 1.82469 11.2536 6.64978 103.546
133.858 174.954 125.991 121.138 131.923 146.022 178.216 71.5024 72.2017 71.0345 55.0592 296.865 25.9227 32.9117 261.268 -43.2563 55.3341 322.807 30.7744 69.6722 332.858 30.4631 82.8643 339.046 23.9817 58.755 348.204 2.40393 11.7624 6.6985 105.491
135.536 176.51 127.34 121.875 132.667 148.49 178.337 72.6164 72.9718 71.1241 53.065 295.362 26.5946 32.8032 260.565 -43.5021 54.7529 321.739 31.8789 69.103 331.968 31.4547 82.0439 338.215 24.5608 58.35 347.593 2.96377 12.2697 6.63471 105.466
140.393 176.393 128.375 122.349 133.206 151.658 176.139 73.7197 73.7424 71.3489 50.4818 293.462 26.743 32.5128 259.782 -43.8065 53.8643 320.703 32.8497 68.2351 330.935 32.3858 80.9847 337.173 25.28 57.7981 346.863 3.36525 12.6866 6.59509 105.414
145.686 176.253 128.731 122.468 134.229 153.888 174.688 74.8865 74.698 72.0752 48.0848 291.928 26.8028 31.7149 258.76 -44.2061 52.4804 319.841 33.8015 66.8657 329.986 33.4182 79.4205 336.086 26.3035 57.0854 346.013 3.65447 13.0988 6.61476 105.597
151.311 176.086 129.157 123.112 135.589 155.894 173.66 76.4938 76.2359 73.5889 44.5387 290.176 26.9462 30.3202 257.367 -44.4777 50.0572 318.586 34.8168 64.6147 328.508 34.8978 77.1533 334.201 28.0461 56.2615 344.702 3.80859 13.399 6.57095 105.319
155.673 176.318 129.14 124.176 137.458 157.079 172.929 78.1272 78.1032 75.6048 40.1804 288.552 27.2913 28.2042 255.803 -44.8919 46.7682 317.349 35.7117 61.4335 326.939 36.7593 74.1394 331.922 30.4865 55.3212 343.082 3.88428 13.5264 6.70526 104.988
158.741 176.579 129.434 124.791 138.993 157.87 172.544 79.3949 79.5607 77.13 36.5035 286.756 27.4766 26.3137 254.309 -45.8115 43.5596 315.793 36.2078 58.2783 325.242 38.1596 71.1062 329.588 32.435 54.3094 341.224 3.91807 13.676 6.93168 104.808
160.036 176.656 130.07 124.843 139.852 158.303 172.206 79.9456 80.1492 77.7605 34.4186 284.911 27.2484 25.1934 253.012 -46.1821 41.185 314.234 36.2647 55.9604 323.584 38.8127 68.7895 327.556 33.5205 53.3479 339.584 4.03099 13.8847 7.01765 104.219
159.801 177.108 130.065 124.241 139.872 158.479 172.234 79.8648 79.9785 77.6388 34.5273 283.009 26.9211 24.3967 251.486 -45.6579 40.2624 312.356 36.2333 55.0135 321.852 38.885 67.7186 325.82 33.7608 52.4458 337.961 4.22013 14.0474 7.09621 103.435
160.089 177.058 129.265 122.599 139.011 158.993 172.899 79.8732 80.0065 77.8034 33.665 281.899 26.9669 23.5737 250.23 -45.0207 39.4343 311.133 36.3755 54.2421 320.771 39.0063 66.8927 324.769 34.0699 51.5197 336.993 4.36424 13.9636 7.04393 102.894
159.061 177.167 129.225 121.877 139.042 159.134 173.388 79.8632 79.8855 77.776 32.6065 280.798 26.71 22.6527 248.767 -44.712 38.5992 309.777 36.4905 53.4354 319.595 39.0534 66.0174 323.669 34.2289 50.5381 335.793 4.46161 13.9468 7.05224 102.567
159.204 177.298 128.661 121.667 139.927 159.652 174.503 80.1227 80.3619 78.6048 28.2716 278.53 27.1771 19.3283 246.131 -45.2811 34.4879 307.651 36.1472 49.2713 317.495 39.4939 61.8474 321.131 35.3791 47.8734 333.198 4.22141 13.9116 7.33489 102.195
160.544 176.782 128.884 121.754 140.43 160.512 176.644 81.3035 81.7238 80.1398 23.0385 277.466 25.1836 17.7994 246.047 -47.8709 29.9139 306.24 34.9384 44.7686 315.588 39.7566 57.7077 318.835 36.7817 46.9244 331.498 3.7333 13.5287 7.36074 101.455
162.596 178.079 128.499 121.183 140.113 162.176 179.228 82.0014 82.7063 80.8779 18.163 275.743 23.4922 16.4682 245.566 -49.3119 26.889 304.202 34.0294 41.4655 313.348 39.8688 54.7073 316.563 37.6369 45.7565 329.769 3.38362 13.0895 7.50684 100.362
164.006 174.653 127.205 118.983 138.652 162.836 178.113 82.0723 83.4535 81.5189 15.5731 274.854 23.3356 14.3129 243.059 -46.7765 25.3335 303.365 33.5703 39.3645 312.447 39.6339 52.8896 315.936 37.7956 44.3702 328.328 2.62228 12.3934 7.86518 98.5414
165.293 174.422 126.639 117.429 136.589 163.373 178.027 81.8802 83.9581 81.9475 13.8408 273.585 23.7295 11.3242 239.577 -42.9786 23.8433 302.754 33.2838 37.4656 311.764 39.3934 51.2588 315.536 37.6535 42.5408 326.942 1.84633 11.8255 7.91716 96.1448
165.137 174.742 126.363 115.461 133.912 162.986 178.143 81.9687 84.5463 82.3455 11.0691 273.215 22.0181 8.55086 236.453 -41.4115 21.194 302.028 32.2712 34.2476 310.653 38.7254 48.3511 314.362 37.526 40.7763 325.526 1.07321 11.3797 8.27453 93.9483
165.103 174.946 126.578 115.763 132.419 162.241 178.231 81.9933 84.7524 82.5513 9.67541 271.873 22.3528 6.78202 232.926 -37.7369 19.9669 300.658 32.3873 32.6925 309.466 38.5933 46.9535 313.253 37.2053 38.8022 324.056 0.766974 11.1445 8.63379 91.8403
164.39 175.215 126.147 115.24 130.46 161.362 178.347 81.4103 84.6087 82.874 9.08448 271.642 23.9121 5.77011 229.658 -34.3128 18.9647 300.314 32.7214 31.7596 309.29 38.6964 46.0814 313.232 37.1428 36.7264 323.438 0.719497 10.8101 8.50725 91.0918
163.783 175.466 124.136 113.826 128.832 161.212 178.465 81.1179 84.4477 83.0033 6.87434 272.207 24.3706 4.65233 228.099 -33.0284 17.2433 300.431 32.6552 29.9113 309.513 38.4499 44.3032 313.36 36.9511 34.4893 323.453 0.585738 10.6024 8.81196 91.0321
163.005 175.645 123.112 113.881 128.092 161.033 178.564 81.6313 84.8129 83.2915 5.30178 271.776 24.8571 3.03129 226.239 -31.5622 15.739 299.74 32.9984 28.4715 309.166 38.4323 42.9207 313.031 36.5714 32.0623 323.005 0.246202 10.4314 8.85022 90.6274
163.222 175.762 124.809 114.04 127.762 161.755 178.633 83.2519 86.0508 84.6457 2.54192 271.293 23.9867 0.461361 225.907 -32.5635 13.7196 298.975 33.3734 26.2716 308.597 38.3523 40.5243 312.485 36.2908 29.5651 322.645 -0.404669 10.4871 9.10589 90.7224
163.121 175.889 124.05 113.946 126.376 162.703 178.709 83.2755 86.1111 84.8623 0.49733 270.516 23.7928 -1.53286 224.571 -31.4058 12.0828 298.093 33.3744 24.4772 308.063 38.2669 38.5819 312.103 35.9547 26.9311 322.316 -0.686742 10.5685 9.27498 89.7528
164.988 176.208 124.469 113.588 126.63 164.002 178.873 85.0644 87.6522 86.5845 -2.21807 269.851 22.542 -4.07495 223.665 -32.9118 10.1026 297.535 33.7773 22.4335 307.671 38.3555 36.214 311.794 35.8673 24.3725 322.006 -1.40213 10.619 9.29689 90.4935
165.103 176.225 123.603 113.461 127.241 164.638 178.851 85.623 88.3972 87.9218 -4.5605 269.885 22.7457 -6.0022 223.467 -33.8757 8.22693 297.588 34.1016 20.354 307.788 38.4696 33.9967 311.874 35.9834 21.9221 321.963 -1.68102 10.5211 9.38512 91.8318
165.178 175.981 124.221 114.147 129.652 164.681 178.672 87.5277 89.4673 89.429 -6.74127 270.368 23.0331 -7.83112 224.403 -36.2728 6.58509 297.826 35.2476 18.6615 308.295 38.7122 32.0199 312.122 35.9517 19.5511 321.817 -2.10794 10.6325 9.6692 94.8485
165.086 175.981 124.236 114.278 130.339 164.936 178.649 88.4306 90.0686 90.2266 -9.78677 269.703 22.9388 -10.3413 224.225 -38.2549 3.99625 296.844 35.2037 16.0432 307.372 38.5016 29.1957 311.101 35.7283 17.1202 321.038 -2.62328 10.8222 9.80095 95.7882
164.872 175.74 124.328 115.456 132.538 164.681 178.495 89.246 90.5423 90.5848 -11.8816 270.07 23.2445 -12.1352 225.737 -42.2017 2.58306 297.341 35.5583 14.4428 307.961 38.4258 27.4222 311.411 35.3328 14.9347 321.025 -3.10007 10.9859 10.0645 99.5095
164.234 175.871 124.735 115.829 133.872 164.183 178.538 89.8954 91.3366 91.1555 -14.5914 270.505 22.897 -14.1658 226.336 -44.4473 -0.0122421 297.792 35.4463 11.8463 308.122 38.4143 24.7869 311.249 35.4077 12.9269 321.087 -3.45399 11.0571 9.98882 100.883
162.763 175.929 123.813 116.692 135.507 163.423 178.557 89.82 91.2142 90.7945 -16.5743 270.738 22.9237 -16.7627 227.475 -47.0454 -2.29791 298.151 34.9453 9.61458 308.167 38.0938 22.5413 310.95 35.1563 10.8895 321.044 -3.74704 11.1665 9.86525 102.433
161.836 175.859 124.275 117.271 136.661 162.875 178.532 89.7327 91.0904 90.6174 -18.1028 271.502 22.9576 -18.8971 228.423 -49.3545 -4.24146 298.763 34.7311 7.70929 308.609 37.8535 20.5172 311.252 34.9195 8.87749 321.59 -3.94853 11.3248 9.7818 103.754
160.975 175.95 122.207 116.371 136.633 161.803 178.564 89.6581 90.7371 90.3923 -18.9941 271.62 22.2198 -21.8703 229.702 -51.2172 -6.65135 298.523 33.8724 5.5949 308.161 37.3385 18.3598 310.788 34.768 7.04586 321.893 -4.10187 11.2979 9.53308 103.335
