177.369 161.319 162.733 163.266 162.163 175.893 151.706 153.658 156.669 156.004 131.291 141.685 10.0848 129.118 132.76 -63.2155 107.174 125.539 -85.4397 73.2597 121.783 -89.8869 33.2411 127.394 -78.4746 63.8156 179.945 -14.3745 14.8615 10.1334 8.68896
177.451 161.273 162.74 163.279 162.181 175.819 151.843 153.782 156.729 156.024 131.146 142.186 9.93636 128.832 133.04 -63.4288 106.814 125.737 -85.5964 72.8996 122.052 -90.0254 32.9138 127.696 -78.5663 63.5 180.242 -14.5274 14.8509 10.1195 8.68861
177.454 161.251 162.769 163.32 162.219 175.688 151.972 153.908 156.792 156.059 130.862 142.364 9.77006 128.587 133.219 -63.6577 106.516 125.837 -85.8038 72.6134 122.23 -90.2427 32.5833 127.956 -78.7976 63.1881 180.49 -14.7493 14.8794 10.0934 8.68595
177.413 161.268 162.792 163.395 162.311 175.495 152.127 154.034 156.899 156.184 130.438 142.424 9.58179 128.41 133.444 -63.8722 106.26 125.908 -85.9837 72.3621 122.281 -90.422 32.2585 128.031 -78.9924 62.8554 180.681 -14.9364 14.9159 10.0794 8.69947
177.36 161.407 162.938 163.601 162.517 175.432 152.375 154.275 157.153 156.462 130.112 142.439 9.37667 128.186 133.527 -64.1976 105.93 125.814 -86.3064 71.9919 122.164 -90.7519 31.7533 127.924 -79.2726 62.5039 180.769 -15.145 14.9785 10.0882 8.73108
177.294 161.482 163.011 163.726 162.662 175.35 152.535 154.421 157.334 156.689 129.9 142.637 9.19948 127.986 133.641 -64.4669 105.576 125.725 -86.5719 71.5918 122.022 -91.0047 31.2642 127.779 -79.4543 62.1916 180.865 -15.308 15.0122 10.108 8.79871
177.255 161.48 162.994 163.715 162.667 175.239 152.543 154.415 157.351 156.72 129.644 142.714 9.00468 127.68 133.654 -64.5937 105.174 125.641 -86.6905 71.1935 121.933 -91.1356 30.8995 127.675 -79.5394 61.884 180.905 -15.4214 14.9635 10.1051 8.84029
177.178 161.371 162.923 163.653 162.617 175.16 152.427 154.364 157.337 156.706 129.474 143.024 8.78856 127.299 133.723 -64.7197 104.702 125.714 -86.8801 70.7126 122.015 -91.3127 30.4852 127.702 -79.5777 61.587 181.025 -15.5647 14.925 10.1182 8.93399
177.14 161.283 162.854 163.581 162.562 175.084 152.315 154.301 157.297 156.666 129.44 143.447 8.51251 126.911 133.815 -64.8904 104.248 125.804 -87.0618 70.2746 122.113 -91.4567 30.1607 127.757 -79.616 61.3271 181.165 -15.7041 14.8491 10.1097 8.98525
177.102 161.217 162.84 163.559 162.57 175.031 152.297 154.353 157.353 156.741 129.467 144.065 8.2929 126.665 133.883 -64.9658 103.918 125.867 -87.2074 69.9156 122.236 -91.6161 29.8724 127.89 -79.6959 61.1014 181.344 -15.8416 14.8078 10.1345 9.07981
177.112 161.085 162.761 163.462 162.481 175.011 152.222 154.32 157.307 156.677 129.573 144.65 8.14085 126.421 133.886 -64.9909 103.617 125.882 -87.2585 69.5951 122.359 -91.6852 29.6584 128.066 -79.7135 60.9287 181.483 -15.9456 14.748 10.1524 9.13294
177.186 161.062 162.798 163.493 162.504 175.073 152.32 154.436 157.396 156.746 129.73 145.117 8.03113 126.335 133.855 -65.0802 103.474 125.786 -87.3377 69.4095 122.325 -91.7821 29.4757 128.081 -79.7818 60.7891 181.508 -16.0277 14.745 10.1763 9.15256
177.294 161.059 162.829 163.521 162.534 175.157 152.403 154.53 157.473 156.825 129.916 145.573 8.03665 126.303 133.878 -65.0896 103.409 125.783 -87.3679 69.3063 122.394 -91.8533 29.3587 128.199 -79.8428 60.7072 181.567 -16.0275 14.7517 10.1998 9.17379
177.377 161.071 162.863 163.555 162.56 175.234 152.489 154.601 157.528 156.886 130.061 145.926 8.09855 126.337 133.986 -65.0679 103.427 125.842 -87.3207 69.299 122.502 -91.8495 29.304 128.372 -79.8789 60.6686 181.657 -15.9756 14.7813 10.2161 9.16039
177.429 161.05 162.851 163.55 162.536 175.278 152.55 154.628 157.535 156.875 130.17 146.196 8.20641 126.376 134.105 -65.0461 103.445 125.912 -87.2691 69.2974 122.588 -91.8073 29.2794 128.488 -79.8545 60.629 181.715 -15.9136 14.7959 10.226 9.15144
177.487 161.041 162.829 163.526 162.483 175.349 152.611 154.619 157.5 156.8 130.211 146.26 8.37471 126.412 134.202 -65.0168 103.484 125.949 -87.1537 69.3292 122.628 -91.6987 29.3005 128.537 -79.7764 60.5843 181.708 -15.8302 14.8008 10.2281 9.09961
177.469 161.109 162.861 163.563 162.515 175.314 152.723 154.657 157.522 156.825 130.084 146.147 8.51281 126.552 134.425 -64.9742 103.652 126.071 -87.0173 69.4984 122.724 -91.5881 29.3992 128.625 -79.7399 60.5722 181.762 -15.7199 14.839 10.226 9.03302
177.382 161.149 162.87 163.578 162.504 175.258 152.786 154.656 157.496 156.782 129.948 146.0 8.69021 126.648 134.617 -64.879 103.817 126.192 -86.8214 69.6876 122.824 -91.4044 29.5377 128.728 -79.6458 60.5691 181.814 -15.5789 14.8657 10.2062 8.94223
177.229 161.213 162.903 163.624 162.553 175.155 152.839 154.68 157.506 156.818 129.706 145.785 8.86033 126.769 134.857 -64.7136 104.045 126.387 -86.6018 69.9403 122.994 -91.2347 29.6958 128.894 -79.6077 60.5513 181.882 -15.4149 14.927 10.1951 8.86059
177.081 161.221 162.868 163.612 162.527 175.065 152.873 154.638 157.459 156.765 129.503 145.613 9.0637 126.878 135.09 -64.5868 104.22 126.537 -86.3713 70.1336 123.113 -91.0285 29.8244 129.002 -79.4994 60.5267 181.91 -15.2465 14.9725 10.1869 8.77926
176.953 161.186 162.788 163.549 162.444 174.989 152.871 154.559 157.366 156.651 129.286 145.482 9.3896 126.888 135.239 -64.3908 104.28 126.626 -86.0754 70.2032 123.192 -90.7282 29.8514 129.096 -79.2617 60.4629 181.932 -15.0368 15.0172 10.1823 8.71139
176.9 161.164 162.716 163.483 162.33 175.019 152.892 154.488 157.259 156.481 129.172 145.424 9.74036 126.895 135.293 -64.1764 104.367 126.631 -85.7222 70.3048 123.184 -90.3571 29.921 129.128 -78.9816 60.4117 181.902 -14.8355 15.0583 10.1719 8.60784
176.826 161.09 162.6 163.375 162.208 174.995 152.873 154.397 157.145 156.335 129.099 145.518 10.0803 126.914 135.395 -63.9582 104.395 126.705 -85.4478 70.3268 123.233 -90.0513 29.9691 129.183 -78.7154 60.3707 181.891 -14.6446 15.0648 10.1809 8.59137
176.81 161.026 162.475 163.247 162.053 175.003 152.857 154.282 156.999 156.14 128.998 145.628 10.4807 126.906 135.536 -63.7275 104.415 126.828 -85.1404 70.3441 123.316 -89.7128 30.0169 129.257 -78.4164 60.2928 181.903 -14.4347 15.0651 10.1885 8.55492
176.861 160.985 162.397 163.149 161.922 175.078 152.848 154.21 156.894 155.985 128.918 145.84 10.8219 126.847 135.669 -63.5302 104.365 126.945 -84.9 70.2759 123.372 -89.4297 29.9573 129.289 -78.1443 60.1592 181.936 -14.2792 15.0817 10.2073 8.54724
176.912 161.016 162.416 163.132 161.879 175.194 152.884 154.227 156.877 155.932 128.864 146.047 11.1239 126.794 135.806 -63.3565 104.336 127.063 -84.7159 70.2184 123.421 -89.2169 29.8847 129.288 -77.9212 60.0326 181.995 -14.142 15.1023 10.2313 8.54217
176.997 161.097 162.471 163.167 161.911 175.322 152.947 154.284 156.932 155.99 128.704 146.154 11.3523 126.691 135.914 -63.1932 104.226 127.156 -84.5859 70.0762 123.44 -89.0815 29.6964 129.256 -77.7805 59.8433 182.025 -14.0161 15.1386 10.2613 8.57331
177.088 161.179 162.527 163.201 161.931 175.455 152.978 154.318 156.975 156.031 128.482 146.163 11.4903 126.502 136.004 -63.0704 103.993 127.23 -84.5006 69.8241 123.404 -88.9516 29.4226 129.138 -77.6035 59.6104 182.032 -13.9058 15.1571 10.2814 8.62945
177.119 161.232 162.596 163.221 161.92 175.536 152.925 154.318 156.976 156.01 128.331 146.268 11.5475 126.152 135.916 -62.9582 103.611 127.2 -84.4604 69.4395 123.32 -88.8606 29.0688 129.018 -77.4454 59.3556 182.052 -13.8594 15.1349 10.2839 8.68469
177.068 161.12 162.502 163.113 161.858 175.65 152.54 154.021 156.785 155.96 128.116 146.479 11.5702 125.682 135.715 -62.7528 103.183 127.117 -84.3885 68.9715 123.217 -88.8367 28.7055 128.899 -77.361 59.137 182.024 -13.7376 15.0395 10.3329 8.73584
177.019 161.146 162.589 163.154 161.9 175.684 152.392 154.055 156.836 156.009 127.978 146.576 11.5334 125.238 135.51 -62.5742 102.717 127.069 -84.4296 68.5161 123.159 -88.8593 28.346 128.739 -77.2494 58.8602 182.032 -13.7135 14.9622 10.3275 8.86088
176.95 161.124 162.656 163.172 161.925 175.627 152.239 154.101 156.893 156.077 127.79 146.591 11.4444 124.78 135.239 -62.3915 102.233 126.944 -84.4597 68.0459 123.057 -88.8851 27.9458 128.583 -77.1691 58.5536 182.002 -13.6996 14.9082 10.3175 8.98908
176.835 161.028 162.624 163.138 161.968 175.639 151.966 153.988 156.846 156.183 127.572 146.761 11.368 124.251 134.88 -62.2167 101.762 126.749 -84.475 67.5466 122.929 -88.9487 27.5357 128.473 -77.1765 58.295 181.934 -13.603 14.8259 10.3409 9.05959
176.746 161.026 162.719 163.184 161.982 175.59 151.961 154.135 156.928 156.213 127.405 146.823 11.3019 123.779 134.495 -62.081 101.29 126.493 -84.4712 67.0746 122.771 -88.9037 27.1137 128.361 -77.0592 57.9633 181.899 -13.602 14.7953 10.3211 9.12373
176.671 161.096 162.874 163.278 161.987 175.61 152.041 154.33 157.016 156.172 127.213 146.818 11.2862 123.211 133.943 -61.944 100.753 126.075 -84.4186 66.5224 122.475 -88.7788 26.614 128.174 -76.864 57.5891 181.859 -13.6369 14.7563 10.2959 9.13361
176.621 161.185 163.026 163.389 162.066 175.634 152.164 154.567 157.173 156.264 127.06 146.881 11.2291 122.676 133.431 -61.8711 100.223 125.664 -84.4612 65.9717 122.154 -88.7619 26.0914 127.93 -76.7814 57.2011 181.766 -13.6887 14.7297 10.2785 9.17703
176.641 161.258 163.137 163.45 162.083 175.692 152.239 154.715 157.245 156.254 126.868 146.805 11.113 122.072 132.886 -61.8689 99.6036 125.205 -84.5263 65.3441 121.768 -88.7399 25.5456 127.606 -76.6822 56.7816 181.592 -13.7757 14.6656 10.255 9.2062
176.64 161.281 163.189 163.476 162.098 175.69 152.211 154.777 157.293 156.258 126.633 146.679 10.9863 121.404 132.38 -61.9024 98.8815 124.819 -84.6825 64.6149 121.434 -88.8101 24.9243 127.287 -76.6161 56.3457 181.447 -13.875 14.5774 10.2358 9.28832
176.683 161.211 163.216 163.465 162.06 175.746 152.093 154.791 157.282 156.167 126.465 146.643 10.9336 120.68 131.891 -61.8566 98.1351 124.504 -84.7535 63.8641 121.214 -88.8101 24.3256 127.088 -76.4643 55.9255 181.314 -13.9347 14.4813 10.2242 9.3629
176.702 161.013 163.118 163.33 161.933 175.805 151.651 154.603 157.155 156.055 126.268 146.583 10.8847 119.815 131.337 -61.5877 97.3303 124.221 -84.6546 63.0366 121.102 -88.7096 23.6574 127.053 -76.2535 55.4855 181.172 -13.9098 14.4034 10.2522 9.46494
176.815 160.827 163.067 163.254 161.863 175.907 151.494 154.589 157.107 155.952 126.171 146.784 10.8955 119.26 131.111 -61.4228 96.8152 124.145 -84.5931 62.5127 121.096 -88.6079 23.2387 127.003 -76.0291 55.1168 181.124 -13.8602 14.3608 10.2578 9.52681
176.897 160.657 162.998 163.164 161.791 175.888 151.403 154.583 157.045 155.866 125.952 146.928 10.8762 118.841 130.956 -61.2457 96.4347 124.083 -84.4926 62.1295 121.078 -88.4823 22.9224 126.98 -75.884 54.7447 181.052 -13.7973 14.3347 10.2587 9.56991
176.837 160.562 162.895 163.047 161.68 175.842 151.113 154.373 156.865 155.741 125.502 146.634 10.759 118.257 130.682 -61.0491 95.941 123.888 -84.2876 61.6257 120.969 -88.2897 22.49 126.962 -75.7509 54.3213 180.919 -13.714 14.2889 10.2733 9.54036
176.796 160.567 162.891 163.008 161.617 175.745 151.1 154.327 156.738 155.551 124.914 146.164 10.6768 117.798 130.508 -60.9609 95.5619 123.756 -84.1508 61.2837 120.849 -88.1166 22.2472 126.814 -75.5948 53.9013 180.829 -13.6919 14.2073 10.2364 9.4706
176.705 160.531 162.909 163.0 161.562 175.709 151.079 154.316 156.66 155.38 124.342 145.75 10.7066 117.259 130.218 -60.8269 95.0134 123.468 -84.0108 60.7417 120.559 -87.9216 21.8195 126.499 -75.3519 53.4139 180.649 -13.6427 14.1155 10.2184 9.46504
176.593 160.36 162.869 162.915 161.42 175.7 150.882 154.199 156.486 155.083 123.911 145.524 10.7518 116.571 129.885 -60.6193 94.3216 123.216 -83.8361 60.0573 120.338 -87.7059 21.2951 126.248 -75.0413 52.8919 180.443 -13.5729 14.012 10.212 9.49476
176.623 160.285 162.881 162.891 161.37 175.777 150.829 154.197 156.424 154.916 123.469 145.389 10.9171 115.982 129.702 -60.3848 93.7414 123.035 -83.5921 59.4623 120.113 -87.3928 20.7971 125.908 -74.5959 52.3388 180.276 -13.39 13.9481 10.2148 9.49028
176.655 160.503 163.051 163.041 161.556 175.839 151.065 154.438 156.616 155.124 122.731 145.094 11.1291 115.567 129.655 -60.0578 93.3475 122.916 -83.3041 59.0277 119.89 -87.0649 20.3341 125.532 -74.188 51.7544 180.208 -13.0784 13.9433 10.2292 9.50183
176.417 160.744 163.147 163.141 161.702 175.579 151.216 154.542 156.721 155.305 121.678 144.333 11.1624 114.932 129.448 -59.8017 92.7031 122.629 -83.0531 58.368 119.534 -86.7499 19.7084 125.046 -73.759 51.1044 180.099 -12.7295 13.8718 10.2162 9.49429
176.079 160.798 163.155 163.118 161.67 175.287 151.077 154.459 156.62 155.186 120.637 143.528 11.3025 114.098 129.057 -59.3971 91.9171 122.265 -82.6931 57.6011 119.158 -86.3123 19.1171 124.599 -73.1998 50.4407 179.967 -12.4113 13.7057 10.1815 9.4942
175.69 160.552 162.96 162.898 161.438 175.06 150.652 154.058 156.227 154.818 119.638 143.068 11.8436 113.274 128.559 -58.737 91.1829 121.673 -81.9592 56.8479 118.573 -85.5588 18.555 124.079 -72.4026 49.8439 179.671 -11.9127 13.5462 10.196 9.42221
175.372 160.596 162.995 162.882 161.414 174.772 150.692 154.113 156.224 154.784 118.732 142.695 12.4813 112.628 128.136 -58.1526 90.5172 121.107 -81.3701 56.1492 117.973 -84.9111 17.899 123.487 -71.6919 49.127 179.458 -11.4999 13.483 10.1977 9.42044
174.986 160.834 163.131 162.975 161.597 174.359 150.906 154.3 156.427 155.163 117.818 142.183 12.9357 112.2 127.887 -57.7352 89.9748 120.568 -80.9494 55.5674 117.353 -84.5085 17.2268 122.834 -71.3146 48.4484 179.215 -11.0162 13.4655 10.2044 9.4379
174.596 161.048 163.247 163.056 161.704 174.056 150.984 154.362 156.501 155.317 116.822 141.498 13.3063 111.746 128.002 -57.3305 89.5119 120.485 -80.4796 55.13 117.122 -84.0384 16.8085 122.459 -70.8678 47.7967 179.091 -10.5074 13.3935 10.1866 9.39849
174.375 161.193 163.319 163.097 161.72 173.957 151.024 154.337 156.443 155.198 115.811 140.671 13.5358 111.203 128.298 -57.0003 88.9936 120.666 -79.9334 54.6778 117.15 -83.3976 16.4674 122.312 -70.1871 47.1663 179.005 -9.90633 13.2936 10.1389 9.2581
174.118 161.365 163.466 163.213 161.826 173.867 151.206 154.528 156.562 155.257 115.089 140.403 14.1082 110.685 128.413 -56.4251 88.4948 120.688 -79.2372 54.1782 117.093 -82.5859 15.9997 122.187 -69.295 46.609 179.026 -9.16724 13.2644 10.1219 9.17493
173.703 161.557 163.603 163.326 162.004 173.51 151.449 154.808 156.847 155.621 114.789 140.635 14.7728 110.587 128.377 -55.6996 88.43 120.44 -78.5383 54.0632 116.709 -81.9791 15.7273 121.677 -68.7451 46.1361 178.766 -8.40701 13.3101 10.1603 9.16814
173.436 161.79 163.734 163.466 162.214 173.31 151.655 155.025 157.14 156.063 114.527 140.627 15.5826 110.613 128.377 -54.8531 88.5367 120.216 -77.7195 54.1388 116.348 -81.3142 15.5279 121.204 -68.2225 45.7584 178.467 -7.50601 13.4389 10.1956 9.13938
172.921 161.961 163.803 163.6 162.47 172.849 151.721 155.182 157.426 156.606 113.95 140.366 16.5072 110.587 128.445 -53.8012 88.5368 120.151 -76.8009 54.0825 116.214 -80.5107 15.2084 121.02 -67.4628 45.5109 178.467 -6.43397 13.5953 10.2533 9.22342
172.437 162.07 163.868 163.696 162.659 172.463 151.713 155.31 157.657 157.087 113.645 140.432 17.6589 110.722 128.34 -52.5264 88.6934 119.879 -75.7667 54.1689 115.921 -79.6308 15.0517 120.757 -66.696 45.3894 178.502 -5.37526 13.7095 10.3128 9.3613
171.955 162.133 163.883 163.778 162.779 172.058 151.734 155.365 157.812 157.416 113.314 140.455 18.8317 110.838 128.457 -51.4514 88.7951 119.83 -74.7797 54.2067 115.901 -78.7688 14.8551 120.845 -65.9316 45.346 178.703 -4.29803 13.8271 10.3585 9.40001
171.449 162.125 163.831 163.828 162.908 171.577 151.536 155.292 157.894 157.719 112.691 140.246 19.8668 111.061 128.874 -50.1927 89.1368 120.274 -73.8486 54.5485 116.336 -78.0901 14.9427 121.255 -65.4277 45.3559 179.056 -3.27452 13.9551 10.3963 9.54162
171.201 162.178 163.841 163.931 163.034 171.336 151.521 155.3 158.012 157.978 112.208 140.099 20.7852 111.479 129.48 -49.2072 89.6541 120.906 -73.1437 55.0729 116.857 -77.6561 15.1454 121.667 -65.2377 45.3129 179.321 -2.35522 14.0919 10.4163 9.61738
171.091 162.291 163.976 164.115 163.206 171.274 151.604 155.484 158.226 158.259 111.73 140.146 21.7326 111.65 129.871 -48.2135 89.9028 121.413 -72.5165 55.2884 117.323 -77.2386 15.0508 122.121 -64.9936 45.1418 179.671 -1.50546 14.2317 10.4385 9.74612
171.045 162.296 164.015 164.198 163.266 171.234 151.52 155.487 158.252 158.299 111.055 140.185 22.4055 111.623 130.591 -47.3 90.0527 122.366 -71.9125 55.4704 118.218 -76.8692 15.0134 122.922 -64.837 44.8198 180.088 -0.714376 14.33 10.4391 9.81526
171.002 162.156 164.042 164.206 163.187 171.208 151.333 155.467 158.173 158.132 110.732 140.883 23.0866 111.281 131.044 -46.3938 89.9657 123.012 -71.1999 55.4524 118.856 -76.3625 14.8996 123.541 -64.5639 44.3167 180.327 0.00564235 14.3512 10.4091 9.78685
171.38 161.983 164.056 164.204 163.078 171.501 151.233 155.513 158.129 157.947 110.542 141.844 23.861 110.754 131.426 -45.5591 89.732 123.622 -70.4824 55.2734 119.508 -75.8049 14.6858 124.155 -64.1381 43.7226 180.575 0.714094 14.3511 10.3838 9.71164
171.773 161.993 164.145 164.278 163.097 171.697 151.391 155.695 158.226 157.995 109.936 142.142 24.7012 110.162 131.448 -44.8333 89.3246 123.801 -69.8714 54.8327 119.864 -75.382 14.0601 124.607 -63.8152 43.0193 180.757 1.39481 14.4391 10.3937 9.64254
172.148 162.193 164.426 164.492 163.228 171.975 151.683 156.028 158.4 158.055 109.148 142.012 25.2687 109.448 131.201 -44.2523 88.7877 123.632 -69.3804 54.2339 119.821 -75.0214 13.2827 124.669 -63.5524 42.1492 180.803 1.94253 14.4816 10.3879 9.52232
172.379 162.244 164.613 164.639 163.276 172.165 151.816 156.277 158.515 158.008 108.305 142.231 25.8056 108.298 130.839 -43.7226 87.7701 123.29 -68.8749 53.1914 119.621 -74.5527 12.3116 124.569 -63.0336 41.0576 180.81 2.4309 14.3675 10.3585 9.41138
172.415 162.256 164.702 164.667 163.288 172.083 151.967 156.457 158.575 158.048 106.912 141.798 26.2597 106.863 130.033 -43.3005 86.3 122.551 -68.5312 51.6575 119.225 -74.2239 10.8655 124.443 -62.6159 39.7715 180.636 2.86692 14.2666 10.3445 9.39802
172.532 162.215 164.78 164.694 163.253 172.191 151.9 156.539 158.51 157.796 105.337 140.992 26.4161 105.133 129.083 -42.9564 84.6843 121.827 -68.2886 50.051 118.769 -73.9693 9.5958 124.107 -62.2348 38.3042 180.267 3.02551 13.983 10.2914 9.36383
172.241 162.235 164.84 164.683 163.276 171.896 151.99 156.667 158.533 157.826 103.252 139.919 26.4638 103.502 128.217 -42.7187 82.9958 120.97 -68.1239 48.2869 118.181 -73.791 7.93693 123.681 -61.936 36.7498 179.918 3.14764 13.8961 10.3054 9.39814
171.922 162.391 165.096 164.839 163.36 171.757 152.171 156.982 158.685 157.863 99.5703 139.237 26.5921 100.253 127.521 -42.1956 79.6902 120.098 -67.7659 44.8935 117.337 -73.3263 4.56674 122.7 -61.1407 33.2973 179.497 3.4901 13.8469 10.3188 9.51422
171.659 162.417 165.211 164.941 163.393 171.804 152.305 157.189 158.809 157.864 97.8162 139.424 26.8685 98.3178 126.966 -41.885 77.7684 119.379 -67.2412 42.8861 116.738 -72.613 2.55522 122.227 -60.1923 31.6122 179.458 3.63752 13.9176 10.3468 9.42407
171.413 162.384 165.218 164.879 163.28 171.776 152.436 157.308 158.764 157.742 96.1414 139.652 26.9322 95.9118 126.494 -41.9942 75.0684 118.939 -67.1377 40.0903 116.488 -72.0696 -0.0820823 122.2 -59.2645 29.7433 179.403 3.9259 13.9394 10.3425 9.43659
171.098 162.408 165.276 164.835 163.214 171.648 152.552 157.449 158.743 157.764 94.8954 140.32 27.0814 94.0551 126.163 -41.8088 73.0536 118.337 -66.7441 38.0013 115.818 -71.3165 -2.21841 121.6 -58.3035 27.9786 179.197 4.26506 14.0661 10.354 9.44026
170.959 162.355 165.263 164.746 163.021 171.621 152.609 157.498 158.599 157.52 93.3688 140.729 27.3839 91.7049 125.388 -41.4042 70.4922 117.493 -66.0128 35.3907 115.142 -70.1073 -4.70015 121.288 -56.8352 26.2224 179.145 4.70973 14.1221 10.3204 9.38376
170.745 162.418 165.238 164.597 162.965 171.428 152.744 157.548 158.472 157.505 91.9937 141.015 27.4948 89.6446 124.638 -41.146 68.112 116.546 -65.5318 32.9601 114.264 -69.1684 -6.95485 120.615 -55.627 24.5143 178.902 5.14522 14.0929 10.2915 9.42358
170.754 162.586 165.339 164.603 163.034 171.523 153.036 157.784 158.54 157.574 90.6545 141.537 28.0224 87.6814 123.724 -40.5547 66.0311 115.462 -64.7887 30.7907 113.371 -68.2027 -8.97642 119.949 -54.461 22.8269 178.72 5.55114 14.0366 10.3007 9.39657
170.636 162.791 165.486 164.654 163.15 171.423 153.503 158.129 158.726 157.828 89.2975 142.06 28.2454 85.6513 122.734 -40.3094 63.6212 114.244 -64.3188 28.276 112.398 -67.4116 -11.4024 119.305 -53.4044 21.1231 178.435 5.99431 14.0484 10.3066 9.41509
170.652 163.024 165.619 164.68 163.233 171.506 153.928 158.453 158.875 157.985 88.3176 142.572 28.6197 84.2959 121.856 -39.8978 62.2482 113.185 -63.8685 26.7635 111.473 -67.0004 -12.93 118.448 -52.9612 19.563 177.864 6.23846 14.0345 10.3718 9.37133
170.905 163.345 165.928 164.917 163.541 171.854 154.623 158.969 159.232 158.313 87.1924 143.581 29.4344 82.2428 121.288 -39.5234 59.8249 112.408 -63.2399 24.2305 110.82 -65.9664 -15.058 117.985 -51.5503 17.9302 177.89 6.78147 13.8302 10.38 9.38532
171.058 163.451 165.968 164.871 163.543 172.113 154.971 159.182 159.275 158.35 86.0997 143.968 30.1458 80.5086 120.562 -39.2012 58.0573 111.744 -62.8449 22.3344 110.406 -65.5534 -16.8905 117.783 -51.1076 16.3367 177.556 7.10558 13.81 10.4381 9.32284
171.58 163.718 166.188 165.03 163.846 172.609 155.474 159.609 159.532 158.612 85.2532 145.201 30.9217 78.6807 120.306 -38.7742 56.0276 111.482 -62.436 20.1982 110.117 -64.8579 -18.6262 117.403 -50.063 14.7059 177.555 7.55118 13.5895 10.477 9.44665
171.902 163.849 166.394 165.233 164.238 173.133 155.899 160.075 159.896 159.003 84.6231 147.033 31.8231 77.0334 120.688 -38.3603 54.0679 111.762 -62.0923 18.1338 110.1 -63.9932 -20.2642 117.011 -48.6005 13.1759 177.823 8.12584 13.4287 10.5315 9.73422
172.017 164.05 166.466 165.163 164.333 173.092 156.366 160.425 160.094 159.388 83.0255 146.566 32.2128 75.0985 119.489 -38.3477 52.0128 110.733 -62.216 15.9825 109.573 -64.2558 -22.3201 116.875 -48.9389 11.4442 177.29 8.4574 13.2623 10.5394 9.73088
172.057 164.069 166.496 165.169 164.573 173.048 156.723 160.658 160.278 159.816 81.9371 147.386 32.7755 73.5313 119.382 -38.2179 49.757 110.323 -62.1665 13.5916 109.221 -63.9148 -24.4977 116.47 -48.198 9.76748 177.119 8.93984 13.2072 10.6114 10.1108
172.305 164.203 166.594 165.22 164.78 173.449 157.114 160.908 160.445 160.115 81.2932 148.757 33.2093 72.255 119.762 -38.1187 48.1457 110.536 -62.1637 11.9176 109.218 -63.6569 -25.9807 116.108 -47.5915 8.23419 176.984 9.36142 13.1442 10.6543 10.3706
173.247 164.772 166.94 165.576 165.194 174.357 157.909 161.427 160.926 160.629 80.5487 149.801 33.5593 71.0022 120.294 -38.3873 46.5929 111.019 -62.4691 10.3115 109.661 -63.8023 -27.5616 116.225 -47.3028 6.76513 177.222 9.82321 13.1431 10.6495 10.4748
173.716 164.951 166.959 165.537 165.269 174.526 158.424 161.577 161.024 160.915 79.3739 149.955 33.7373 69.381 120.012 -38.7021 44.5163 110.609 -62.6821 8.19085 109.537 -63.9936 -29.7118 116.174 -47.334 5.08982 176.883 10.1568 13.1865 10.6597 10.5769
174.004 165.097 166.814 165.403 165.185 174.483 158.915 161.525 160.916 160.843 78.0764 150.789 34.1817 67.7561 120.209 -38.9216 42.3909 110.701 -62.5492 6.02792 109.789 -63.6938 -31.7943 116.607 -46.8978 3.43842 177.018 10.5571 13.199 10.6571 10.5959
174.697 165.377 166.872 165.501 165.283 175.081 159.329 161.661 160.988 160.898 77.3689 152.068 34.426 66.4829 120.827 -39.063 41.1036 111.322 -62.5005 4.76683 110.217 -63.4595 -33.0262 116.796 -46.4376 2.05874 177.296 10.8382 13.2239 10.6288 10.5166
174.978 165.881 166.951 165.683 165.386 174.342 160.257 161.97 161.295 161.102 75.1477 151.37 34.5622 65.1909 121.015 -39.8702 39.8109 111.473 -62.7957 3.65299 110.56 -63.8874 -34.4245 117.379 -46.9564 0.452471 177.324 11.1066 13.2848 10.4345 10.1171
174.816 165.923 166.766 165.575 165.212 173.636 160.596 161.903 161.195 160.925 73.0984 150.787 34.9119 63.5877 121.003 -40.1256 38.2504 111.453 -62.5188 2.26927 110.564 -63.5434 -35.7882 117.552 -46.7269 -1.13399 177.167 11.3549 13.2558 10.304 9.82183
174.723 165.664 166.307 165.174 164.935 173.453 160.517 161.48 160.769 160.622 71.9018 151.705 35.2629 61.7529 121.445 -39.9532 36.304 111.873 -61.902 0.427489 110.886 -62.7054 -37.3277 117.923 -45.9462 -2.64985 177.311 11.6874 13.1743 10.2883 9.75627
174.8 165.545 166.101 165.06 164.76 173.063 160.643 161.353 160.633 160.376 70.072 151.553 35.4346 60.0186 121.63 -40.0554 34.5132 112.17 -61.6253 -1.21475 111.185 -62.2784 -38.8062 118.349 -45.5429 -4.18476 177.294 11.9864 13.1258 10.2033 9.62607
174.278 164.484 164.859 163.918 163.976 172.216 159.972 160.316 159.597 159.564 68.2297 151.428 35.9523 56.9755 120.474 -39.2123 31.281 111.154 -59.9426 -4.08634 110.687 -60.3233 -41.1829 118.844 -44.1309 -5.80091 177.315 12.2262 13.0289 10.0491 9.46793
173.593 163.483 163.697 162.98 163.205 171.321 159.268 159.253 158.595 158.64 66.5716 151.599 36.6145 54.3443 119.855 -38.3665 28.7599 110.566 -58.2015 -6.14543 110.388 -58.4335 -42.742 119.242 -42.8863 -7.30449 177.291 12.5398 12.8544 9.82645 9.13131
173.312 163.014 163.074 162.538 162.791 170.899 158.887 158.625 158.052 158.137 64.9788 151.626 36.8647 51.9417 119.117 -37.8276 26.2605 110.014 -57.1177 -8.43286 110.356 -57.403 -44.8266 119.975 -42.2788 -8.89775 177.298 12.7935 12.8788 9.74034 8.98318
