170.596 169.12 167.919 166.808 170.138 167.4 163.842 162.023 160.833 155.975 145.456 329.313 -206.391 103.356 261.385 -215.296 75.8566 253.033 -197.861 65.3106 254.72 -168.146 65.2489 271.331 -131.724 138.532 309.583 -137.667 12.9628 7.61189 11.572
170.75 169.115 168.015 166.916 169.9 167.835 163.75 162.12 160.908 156.335 145.821 329.469 -206.836 103.063 261.576 -215.399 75.6643 252.925 -197.951 65.1061 254.614 -168.264 64.9064 270.922 -131.68 138.262 309.603 -137.719 12.9918 7.59279 11.4558
170.685 169.105 168.039 166.946 170.131 168.148 163.567 162.089 160.792 156.44 145.228 329.309 -207.057 102.491 261.753 -215.484 75.1929 252.909 -198.074 64.6866 254.674 -168.455 64.5181 270.724 -131.825 137.893 309.476 -137.774 12.9178 7.53042 11.3341
170.587 169.007 167.992 166.875 169.978 168.381 163.444 161.952 160.568 156.121 143.088 328.507 -207.483 101.101 261.18 -215.625 73.7635 252.427 -198.08 63.3744 254.295 -168.562 63.4467 270.092 -132.034 136.73 308.931 -138.084 12.7149 7.45525 11.4505
170.902 168.813 167.83 166.603 169.23 168.45 163.257 161.734 160.286 155.725 141.948 327.604 -207.616 100.173 260.718 -215.575 72.918 251.981 -197.835 62.5887 253.855 -168.305 62.7868 269.448 -131.85 135.92 308.496 -138.276 12.632 7.48446 11.5187
170.864 168.541 167.358 165.844 168.092 168.105 163.005 161.217 159.603 154.817 141.27 326.295 -207.694 99.1329 260.03 -215.127 72.0457 251.624 -197.108 61.8433 253.632 -167.636 62.3293 268.953 -131.526 135.084 308.003 -138.306 12.3019 7.47749 11.6018
170.818 168.306 166.876 165.039 167.0 167.575 162.966 160.783 158.942 154.073 141.137 324.895 -207.685 98.2915 259.521 -214.677 71.2885 251.593 -196.521 61.0578 253.925 -167.164 61.7455 268.928 -131.411 134.389 307.601 -138.225 11.9506 7.48357 11.6496
170.949 167.899 166.337 164.402 166.151 167.25 162.763 160.387 158.418 153.768 141.589 324.05 -207.868 97.6014 259.77 -214.725 70.7081 252.053 -196.546 60.3181 254.584 -167.217 61.009 269.105 -131.635 133.737 307.44 -138.288 11.7253 7.56246 11.5781
171.024 167.811 166.289 164.267 166.026 167.022 162.79 160.499 158.455 154.183 142.243 323.853 -207.954 97.1123 260.519 -215.032 70.3737 252.575 -196.971 59.7345 255.25 -167.622 60.22 269.414 -131.981 133.146 307.664 -138.402 11.7314 7.67294 11.3426
171.311 167.78 166.404 164.286 166.024 167.186 162.991 160.723 158.59 154.634 143.231 324.073 -208.335 96.7653 260.999 -215.355 69.9974 252.85 -197.306 59.1688 255.671 -167.969 59.4128 269.624 -132.178 132.527 307.997 -138.523 11.8628 7.74554 11.315
171.9 167.983 166.502 164.505 166.21 167.899 162.943 160.742 158.748 155.008 143.865 323.756 -208.772 95.9277 261.365 -215.505 69.367 252.822 -197.398 58.4952 255.443 -168.02 58.5431 269.313 -132.03 131.771 308.017 -138.555 12.0583 7.76524 11.1313
172.369 167.959 166.386 164.448 166.009 168.364 162.781 160.563 158.742 155.057 143.566 322.879 -209.176 94.5668 261.423 -215.437 68.2657 252.69 -197.139 57.4922 255.012 -167.699 57.594 268.849 -131.621 130.765 307.883 -138.663 12.1527 7.76443 11.0022
172.657 167.883 166.157 164.208 165.68 168.394 162.549 160.353 158.593 154.764 143.177 321.389 -209.287 93.2455 261.343 -215.241 67.1998 252.458 -196.8 56.3799 254.648 -167.26 56.5871 268.581 -131.306 129.661 307.593 -138.699 12.1022 7.86011 10.8435
172.511 167.45 165.371 163.668 165.152 167.937 162.023 159.617 158.005 153.981 142.672 320.188 -209.094 92.1482 261.657 -215.173 66.0482 253.252 -196.664 55.1834 255.31 -167.026 55.597 269.116 -131.362 128.572 307.39 -138.588 11.8527 7.9671 10.9534
172.057 166.926 164.995 163.454 164.773 167.514 161.49 159.396 157.983 154.122 142.556 320.099 -209.001 91.2019 262.392 -215.379 65.2672 253.777 -196.919 54.2491 255.65 -167.191 54.5749 269.182 -131.435 127.548 307.522 -138.613 11.9027 8.08986 10.8045
171.883 166.643 164.774 163.276 164.676 167.683 161.018 159.11 157.761 154.24 142.604 320.275 -209.196 90.2795 263.078 -215.38 64.4378 254.161 -196.7 53.4411 255.813 -166.882 53.7461 269.044 -130.924 126.614 307.825 -138.565 12.0864 8.17018 10.8781
171.454 166.136 164.088 162.686 163.838 167.779 160.001 158.268 157.014 153.692 140.892 319.94 -209.362 88.6287 263.365 -215.112 63.0485 254.28 -196.179 52.2063 255.744 -166.308 52.7241 268.722 -130.439 125.397 307.671 -138.572 12.0138 8.19314 10.8232
170.898 165.914 163.345 162.165 163.228 167.76 159.598 157.889 156.566 153.053 139.873 318.874 -209.561 86.9541 263.561 -214.748 61.7708 254.27 -195.516 51.1103 255.483 -165.588 51.8367 268.4 -129.896 124.323 307.708 -138.871 11.9754 8.21344 10.5659
170.699 165.466 162.752 161.694 162.545 167.683 159.069 157.434 156.228 152.821 139.67 318.305 -209.714 85.4482 263.694 -214.247 60.5717 254.38 -194.768 50.0461 255.545 -164.696 51.0182 268.403 -129.143 123.238 307.793 -138.804 11.9343 8.32401 10.4781
170.914 165.237 162.729 161.904 162.766 168.088 158.773 157.471 156.402 153.429 140.33 319.023 -209.903 84.4552 264.461 -214.045 59.8199 254.725 -194.438 49.3375 255.757 -164.222 50.2654 268.381 -128.396 122.367 308.273 -138.617 12.2192 8.43722 10.4092
170.615 164.938 162.297 161.625 162.297 168.087 158.493 157.227 156.115 153.26 140.199 318.866 -209.885 83.2872 264.631 -213.945 58.7124 254.852 -194.363 48.1483 256.062 -164.082 49.0916 268.674 -128.21 121.246 308.363 -138.525 12.2783 8.51376 10.3662
170.346 164.631 161.848 161.253 162.177 167.966 157.958 156.711 155.709 153.069 139.104 318.356 -209.82 82.0984 264.482 -213.479 57.533 254.653 -193.598 47.0853 255.748 -163.267 48.11 268.316 -127.445 120.122 308.266 -138.3 12.3074 8.55127 10.5368
169.965 164.052 160.729 160.478 161.366 167.635 157.119 155.863 155.192 152.644 137.81 317.466 -210.036 80.4758 264.533 -213.332 56.0473 254.881 -193.271 45.6951 255.717 -162.767 46.9057 268.253 -127.213 118.758 308.07 -138.412 12.1459 8.70503 10.5433
169.27 163.321 160.145 160.098 160.717 167.019 156.303 155.229 154.571 152.28 136.708 317.328 -209.833 79.2229 265.01 -212.977 55.013 255.395 -192.957 44.7051 256.34 -162.446 46.0638 268.603 -126.962 117.848 308.124 -138.285 12.101 8.72516 10.3757
168.293 162.743 159.521 159.169 159.638 166.369 155.992 154.848 153.859 151.817 135.83 317.596 -209.596 78.1178 265.493 -212.939 53.9127 256.093 -193.007 43.5878 257.412 -162.553 45.013 269.426 -127.05 116.904 308.328 -138.267 12.1231 8.68971 10.3172
167.606 162.331 159.079 158.403 158.688 165.799 155.801 154.537 153.309 151.171 134.697 318.114 -209.376 77.2029 265.849 -212.952 52.9091 256.54 -193.025 42.6539 258.059 -162.598 44.1561 270.081 -127.075 116.042 308.511 -138.282 12.1443 8.64914 10.397
167.172 162.332 158.901 157.772 158.004 165.579 155.92 154.268 152.799 150.313 133.149 318.31 -209.139 76.4436 265.644 -212.897 51.7449 256.705 -192.821 41.6033 258.425 -162.485 43.2 270.67 -127.123 115.157 308.458 -138.256 12.0268 8.5507 10.7487
167.128 162.087 158.386 156.926 157.05 165.197 155.722 153.696 151.949 149.202 131.435 318.178 -208.971 75.6616 265.406 -212.849 50.6551 257.006 -192.708 40.5606 258.983 -162.495 42.2671 271.241 -127.424 114.313 308.177 -138.229 11.7791 8.46118 10.9896
166.729 161.887 158.042 156.247 156.298 164.406 155.661 153.363 151.439 148.411 129.386 318.14 -208.942 74.7214 265.16 -212.885 49.5159 257.367 -192.766 39.51 259.579 -162.664 41.3926 271.917 -127.891 113.473 308.024 -138.36 11.492 8.35866 11.105
166.538 161.948 158.448 156.541 156.694 163.988 155.772 153.656 151.753 148.53 128.443 318.644 -209.13 73.9886 265.562 -213.084 48.8027 257.831 -193.107 38.812 260.07 -163.038 40.6892 272.608 -128.286 112.907 308.237 -138.541 11.4688 8.3185 10.9652
165.984 161.804 158.571 156.451 156.899 163.881 155.715 153.859 151.889 148.662 128.138 319.247 -209.309 73.24 266.21 -213.231 48.1811 258.397 -193.413 38.2194 260.644 -163.34 40.0311 273.262 -128.485 112.409 308.481 -138.658 11.5853 8.30335 10.7493
164.572 161.399 158.265 155.537 156.008 163.217 155.698 153.924 151.561 148.198 127.814 319.873 -209.321 72.5347 266.795 -213.319 47.5447 259.077 -193.705 37.5749 261.734 -163.728 39.4461 274.386 -128.902 111.92 308.856 -138.785 11.5384 8.24137 10.5777
163.793 161.021 157.735 154.642 155.422 162.801 155.673 153.907 151.432 148.132 127.714 320.461 -209.409 71.8089 267.507 -213.577 46.8035 259.786 -194.031 36.8477 262.493 -164.007 38.7545 275.044 -129.066 111.361 309.134 -138.951 11.6386 8.27537 10.556
163.202 160.872 157.418 153.934 154.648 162.495 155.798 153.986 151.272 147.646 127.725 320.894 -209.209 71.4618 267.954 -213.731 46.3047 260.24 -194.238 36.2943 263.089 -164.199 38.1695 275.799 -129.138 110.912 309.256 -138.893 11.7858 8.31228 10.6508
162.658 160.527 156.757 152.882 153.786 162.054 155.678 153.706 150.804 147.16 127.278 320.992 -208.868 71.0529 268.259 -213.899 45.6572 260.755 -194.498 35.6225 263.699 -164.553 37.444 276.222 -129.465 110.332 309.116 -138.814 11.7857 8.26209 10.7991
162.484 160.469 156.479 152.453 153.776 161.862 155.687 153.691 150.737 147.079 126.965 320.805 -208.672 70.6853 268.49 -214.148 45.1409 260.954 -194.746 35.0452 263.823 -164.776 36.796 276.224 -129.603 109.846 308.8 -138.774 11.8667 8.29947 10.904
162.711 160.829 156.502 152.347 154.103 161.646 156.122 153.748 150.698 146.895 126.383 320.468 -208.439 70.3971 268.354 -214.247 44.6182 261.174 -194.838 34.5326 264.011 -164.913 36.2791 276.359 -129.826 109.426 308.536 -138.688 11.7772 8.25894 11.0893
163.203 160.803 156.356 152.062 153.607 161.724 156.126 153.6 150.464 145.941 125.765 320.023 -208.267 70.0289 268.387 -214.394 44.1399 261.375 -195.013 34.0481 264.204 -165.11 35.8376 276.879 -130.156 108.971 308.187 -138.622 11.6902 8.2424 11.1558
163.955 161.336 156.898 152.83 154.882 162.02 156.525 153.972 150.957 146.304 125.43 319.619 -208.393 69.5798 268.206 -214.332 43.7322 261.163 -194.885 33.6572 263.856 -164.949 35.4935 276.735 -130.031 108.634 308.043 -138.593 11.6821 8.25106 11.1285
164.775 161.737 157.425 153.754 156.339 162.324 156.805 154.322 151.575 146.827 125.197 319.181 -208.479 69.254 267.87 -214.111 43.5161 260.771 -194.6 33.4451 263.249 -164.6 35.3044 276.416 -129.723 108.391 307.958 -138.488 11.6909 8.28577 11.0575
165.283 162.055 157.972 154.587 157.606 162.581 157.125 154.715 152.189 147.493 125.091 318.754 -208.566 68.994 267.521 -213.857 43.3678 260.33 -194.249 33.3228 262.574 -164.178 35.1829 275.963 -129.37 108.187 307.942 -138.413 11.6792 8.32691 11.0017
165.817 162.368 158.659 155.532 158.837 162.913 157.407 155.191 152.887 148.281 125.084 318.481 -208.632 68.8693 267.312 -213.647 43.3399 259.839 -193.892 33.2836 261.868 -163.716 35.0909 275.517 -128.936 108.044 308.034 -138.317 11.7297 8.40666 10.9606
165.709 162.518 159.093 156.157 159.518 162.96 157.571 155.517 153.398 149.108 124.994 318.469 -208.604 68.8475 267.223 -213.548 43.3485 259.617 -193.724 33.2702 261.47 -163.466 34.9768 275.115 -128.681 107.901 308.199 -138.248 11.7565 8.47431 10.9483
165.901 162.586 159.25 156.334 159.551 163.193 157.567 155.615 153.429 149.306 124.782 318.201 -208.655 68.588 266.956 -213.339 43.2052 259.236 -193.45 33.1188 261.139 -163.127 34.824 274.812 -128.371 107.676 308.189 -138.166 11.7568 8.52609 10.8852
165.962 162.533 159.241 156.473 159.611 163.425 157.36 155.587 153.522 149.527 124.513 318.087 -208.669 68.3221 267.159 -213.274 43.0463 259.245 -193.319 32.9576 260.983 -162.867 34.6496 274.65 -128.088 107.44 308.237 -138.07 11.796 8.62987 10.8362
166.015 162.549 159.713 157.076 160.272 163.938 157.307 156.04 153.979 150.422 124.711 318.159 -208.928 67.8602 267.19 -212.856 42.9197 258.62 -192.688 32.8351 260.37 -162.082 34.5243 274.038 -127.119 107.222 308.512 -137.923 12.0155 8.75287 10.6886
165.62 162.434 159.72 157.183 159.888 163.865 157.225 156.113 153.943 150.658 124.429 318.425 -208.875 67.6001 267.18 -212.574 42.7269 258.478 -192.376 32.6587 260.446 -161.762 34.4167 273.991 -126.762 107.083 308.775 -137.839 12.0308 8.74485 10.6437
165.327 162.225 159.441 156.941 158.967 163.807 157.135 155.98 153.68 150.387 124.285 318.695 -208.86 67.3859 267.25 -212.476 42.5349 258.557 -192.317 32.478 260.711 -161.708 34.3315 274.191 -126.705 106.933 308.948 -137.802 11.993 8.72902 10.6177
164.844 161.955 159.111 156.657 158.305 163.678 156.969 155.819 153.432 150.276 124.291 319.102 -208.816 67.2264 267.373 -212.273 42.4116 258.654 -192.101 32.3852 260.926 -161.509 34.3028 274.24 -126.452 106.814 309.188 -137.698 12.012 8.71096 10.6246
164.3 161.642 158.778 156.411 157.554 163.641 156.674 155.583 153.106 150.06 124.34 319.304 -208.836 67.0845 267.476 -212.139 42.2952 258.683 -191.932 32.2689 261.072 -161.344 34.223 274.262 -126.222 106.7 309.313 -137.649 12.0703 8.71619 10.6374
163.797 161.19 158.266 155.855 156.188 163.542 156.358 155.276 152.646 149.292 124.333 319.483 -208.701 66.9562 267.665 -212.047 42.114 258.846 -191.791 32.0344 261.417 -161.172 34.0378 274.723 -126.012 106.484 309.408 -137.533 12.1491 8.77054 10.7222
163.456 160.711 157.685 155.154 154.748 163.477 156.037 154.873 152.053 148.259 124.348 319.625 -208.601 66.8595 267.862 -212.003 41.916 259.089 -191.689 31.7816 261.898 -161.064 33.8498 275.387 -125.953 106.277 309.458 -137.449 12.1661 8.81507 10.8423
163.213 160.431 157.336 154.631 154.21 163.548 156.007 154.676 151.691 147.887 124.621 319.826 -208.456 66.853 268.048 -211.923 41.7454 259.31 -191.503 31.5489 262.254 -160.831 33.6382 275.678 -125.668 106.108 309.534 -137.267 12.2471 8.88886 11.0363
162.904 160.139 157.076 154.284 154.005 163.643 156.086 154.626 151.592 147.805 125.108 320.326 -208.265 66.9837 268.462 -211.89 41.6688 259.741 -191.381 31.4089 262.719 -160.642 33.4923 276.068 -125.344 106.062 309.769 -137.049 12.3915 8.96833 11.2536
162.739 159.994 156.907 154.152 154.265 163.809 156.143 154.631 151.643 148.053 125.453 320.699 -208.112 67.0296 268.834 -211.895 41.6014 260.028 -191.315 31.2745 262.917 -160.481 33.3221 276.139 -124.978 106.0 309.95 -136.859 12.5779 9.0589 11.398
162.954 160.044 156.885 154.123 154.467 163.998 156.273 154.642 151.737 148.132 125.76 320.962 -208.004 66.9838 269.044 -211.847 41.4345 260.251 -191.199 31.1035 263.05 -160.318 33.1624 276.282 -124.692 105.905 310.104 -136.702 12.697 9.09106 11.5322
163.047 160.094 156.853 154.01 154.738 164.076 156.449 154.672 151.856 148.344 126.143 321.305 -207.876 67.1118 269.27 -211.842 41.3494 260.588 -191.12 30.991 263.299 -160.209 33.0162 276.487 -124.453 105.842 310.339 -136.537 12.8193 9.11957 11.7341
163.003 160.18 156.692 153.82 154.868 164.093 156.503 154.565 151.808 148.479 126.332 321.424 -207.744 67.0715 269.567 -211.824 41.243 260.961 -191.084 30.9104 263.533 -160.181 32.8962 276.541 -124.346 105.799 310.412 -136.417 12.8776 9.10301 11.796
163.316 160.224 156.544 153.674 155.044 164.254 156.343 154.445 151.825 148.482 126.437 321.349 -207.587 66.9717 269.655 -211.617 41.1419 261.02 -190.829 30.8444 263.423 -159.956 32.754 276.531 -124.053 105.667 310.444 -136.246 12.9922 9.07705 11.8335
163.484 160.204 156.432 153.462 154.918 164.213 156.291 154.395 151.867 148.276 126.487 321.259 -207.394 66.9918 269.67 -211.522 41.0586 261.098 -190.695 30.7725 263.399 -159.831 32.6526 276.685 -123.966 105.559 310.456 -136.124 13.0046 9.07099 11.9335
163.567 160.373 156.569 153.573 155.121 164.163 156.382 154.507 152.118 148.278 126.561 321.298 -207.273 66.9881 269.88 -211.558 40.9809 261.284 -190.723 30.6938 263.418 -159.831 32.5277 276.897 -123.939 105.473 310.539 -136.051 13.0626 9.08777 11.9847
163.255 160.304 156.493 153.373 155.051 163.926 156.419 154.5 152.095 148.193 126.531 321.337 -207.072 67.0793 269.811 -211.452 40.9664 261.375 -190.634 30.6822 263.535 -159.787 32.4543 277.08 -123.923 105.405 310.624 -135.932 13.0659 9.05526 12.0502
163.134 160.481 156.633 153.375 155.308 163.827 156.611 154.589 152.202 148.206 126.628 321.42 -207.035 67.1415 269.769 -211.412 40.938 261.482 -190.577 30.7097 263.587 -159.762 32.4404 277.197 -123.944 105.387 310.722 -135.883 13.0445 9.0114 12.1196
163.058 160.777 156.947 153.724 155.908 163.665 156.974 154.888 152.599 148.49 126.607 321.445 -206.843 67.2851 269.754 -211.406 40.9768 261.585 -190.58 30.7233 263.555 -159.741 32.3977 277.242 -123.969 105.392 310.838 -135.776 13.0036 9.02781 12.1812
163.195 161.091 157.194 153.885 156.066 163.611 157.288 155.1 152.764 148.258 126.354 321.313 -206.683 67.2205 269.675 -211.397 40.8375 261.659 -190.61 30.5766 263.659 -159.774 32.2797 277.568 -124.112 105.305 310.839 -135.689 12.9158 9.01566 12.1979
163.405 161.358 157.428 154.146 156.411 163.472 157.515 155.301 153.063 148.393 125.953 321.393 -206.459 67.0624 269.812 -211.374 40.6967 261.805 -190.648 30.4595 263.663 -159.807 32.1485 277.648 -124.171 105.173 310.942 -135.595 12.8736 9.00016 12.1516
163.5 161.503 157.507 154.179 156.471 163.335 157.558 155.382 153.184 148.424 125.511 321.549 -206.304 66.7758 270.041 -211.305 40.4775 262.006 -190.61 30.2525 263.813 -159.754 31.9792 277.789 -124.139 105.003 311.06 -135.499 12.8275 9.0039 12.0793
163.747 161.577 157.385 154.164 156.777 163.258 157.448 155.316 153.176 148.542 124.876 321.45 -206.155 66.466 270.013 -211.171 40.2144 262.068 -190.506 29.9993 263.798 -159.656 31.7055 277.673 -124.128 104.727 311.056 -135.397 12.725 8.99894 12.0289
164.045 161.905 157.584 154.407 157.4 163.283 157.579 155.448 153.325 148.745 124.205 321.239 -205.944 66.0482 270.051 -210.988 39.8861 262.128 -190.348 29.6612 263.803 -159.455 31.3389 277.633 -123.975 104.428 311.012 -135.214 12.6813 9.034 11.9278
164.148 162.343 158.124 155.039 158.277 163.28 157.65 155.749 153.651 149.144 123.31 321.143 -205.856 65.5178 270.325 -210.845 39.542 262.217 -190.211 29.3044 263.859 -159.269 30.9713 277.696 -123.847 104.126 311.083 -135.107 12.6327 9.07548 11.7362
164.43 162.856 158.738 155.764 159.24 163.279 157.849 156.065 153.923 149.5 122.306 321.08 -205.843 64.9298 270.539 -210.726 39.0642 262.413 -190.078 28.8447 264.076 -159.121 30.5705 277.869 -123.846 103.76 311.248 -135.053 12.4737 9.07965 11.6015
164.815 163.251 159.426 156.424 160.097 163.63 158.065 156.346 154.155 149.836 121.814 321.283 -206.072 64.2803 271.179 -210.686 38.5687 262.914 -190.086 28.3642 264.636 -159.091 30.1509 278.405 -123.863 103.388 311.628 -135.047 12.4056 9.0951 11.4089
165.114 163.476 159.884 157.032 160.869 163.912 157.991 156.614 154.418 150.52 121.25 321.624 -206.259 63.489 271.687 -210.468 38.0852 263.009 -189.875 27.9035 264.769 -158.851 29.7194 278.427 -123.607 102.985 311.978 -135.005 12.3938 9.1031 11.1515
164.665 163.264 159.959 157.161 160.605 163.8 157.872 156.655 154.236 150.801 120.859 322.264 -206.566 62.6515 272.211 -210.166 37.599 263.342 -189.674 27.4631 265.481 -158.746 29.4252 278.797 -123.509 102.631 312.569 -135.057 12.3037 9.00937 10.8253
163.862 162.534 159.09 156.366 159.077 163.529 157.292 156.076 153.353 150.139 120.288 322.862 -206.796 61.6407 272.918 -210.075 36.7584 264.084 -189.667 26.6202 266.722 -158.818 28.7643 279.684 -123.56 102.031 312.964 -135.122 12.2642 8.95998 10.6401
162.21 161.405 157.746 154.892 157.434 163.419 156.643 155.406 152.29 149.674 120.196 323.541 -206.995 60.6805 273.6 -209.905 35.8892 264.766 -189.488 25.7677 267.796 -158.682 27.9978 280.196 -123.262 101.343 313.276 -135.063 12.4022 8.95379 10.5874
162.067 160.565 156.786 153.598 155.713 163.548 155.872 154.674 151.137 148.458 119.433 323.545 -207.189 59.5276 273.717 -209.682 34.7229 264.844 -189.157 24.6138 268.295 -158.364 26.9684 280.639 -122.914 100.341 313.043 -134.981 12.4998 8.98968 10.6621
162.022 159.748 156.213 152.303 153.905 163.319 155.404 154.213 150.302 147.123 118.26 323.526 -207.009 58.4543 273.652 -209.329 33.5653 264.91 -188.75 23.5993 268.691 -158.054 26.0992 281.209 -122.688 99.4158 312.772 -134.794 12.4855 8.91441 10.7322
162.146 159.457 156.16 151.77 153.328 163.216 155.314 154.065 149.736 146.232 116.917 323.403 -206.897 57.422 273.51 -209.057 32.4473 264.938 -188.362 22.564 269.058 -157.698 25.2448 281.632 -122.428 98.529 312.515 -134.585 12.4282 8.90538 10.8318
161.727 159.03 155.819 151.156 152.987 163.02 154.781 153.652 149.087 145.863 115.585 323.194 -207.018 56.2212 273.467 -208.703 31.4042 264.968 -187.965 21.6508 269.32 -157.404 24.4293 281.705 -122.218 97.6743 312.296 -134.502 12.3826 8.82399 10.7146
160.734 158.078 154.979 150.076 151.787 162.659 154.13 152.956 148.207 145.363 114.835 323.773 -207.119 55.4267 273.883 -208.602 30.6033 265.491 -187.835 20.9774 270.008 -157.401 23.7077 282.033 -122.193 96.9288 312.466 -134.498 12.4352 8.72246 10.7332
158.924 156.629 153.034 147.728 149.193 161.935 153.104 151.706 146.649 144.074 114.108 324.404 -207.145 54.6042 274.455 -208.608 29.6865 266.532 -187.928 20.1936 271.305 -157.685 22.8876 282.824 -122.5 96.0628 312.537 -134.469 12.4247 8.58901 10.7589
157.219 154.834 151.0 144.954 145.7 161.146 151.87 150.424 145.047 142.088 113.412 324.98 -207.084 53.8229 274.774 -208.649 28.6593 267.307 -188.015 19.2973 272.445 -157.971 21.9488 283.993 -122.885 95.0759 312.419 -134.435 12.3851 8.46761 10.9139
157.138 154.41 151.165 144.475 144.547 161.054 151.748 150.364 144.705 140.505 112.419 324.838 -207.018 52.7788 274.432 -208.548 27.4553 267.073 -187.884 18.1733 272.401 -157.883 20.959 284.652 -122.951 94.0066 311.949 -134.306 12.307 8.43782 11.0137
157.422 154.468 151.41 144.398 143.958 161.279 151.875 150.421 144.549 139.474 111.203 324.685 -206.899 51.6336 274.313 -208.394 26.3336 266.805 -187.65 17.0859 272.158 -157.563 20.0543 284.796 -122.708 92.9871 311.37 -134.045 12.2836 8.50708 11.0441
157.904 154.388 151.791 144.61 145.009 161.685 151.81 150.585 144.558 139.927 110.057 324.607 -207.018 50.5699 274.029 -207.908 25.4416 266.197 -186.98 16.3125 271.594 -156.871 19.2865 284.061 -122.139 92.2039 311.063 -133.824 12.2177 8.50958 11.0229
158.087 154.195 151.808 144.463 145.202 161.906 151.839 150.57 144.391 140.024 109.153 324.76 -207.257 49.5339 273.831 -207.532 24.5482 265.95 -186.52 15.5902 271.505 -156.451 18.6367 283.856 -121.805 91.4662 311.008 -133.727 12.1502 8.4524 10.9554
157.189 153.096 150.428 142.552 142.804 161.847 151.088 149.723 143.405 138.856 107.551 325.044 -207.599 47.7783 273.863 -207.539 22.6546 266.348 -186.432 13.904 272.15 -156.396 17.0828 284.547 -121.828 89.8452 310.744 -133.791 12.1321 8.40902 11.0908
156.704 152.668 149.904 141.903 142.026 161.835 150.765 149.466 143.402 138.407 106.889 325.342 -207.788 47.1444 273.878 -207.888 21.8708 266.47 -186.819 13.1313 272.128 -156.714 16.2706 284.974 -122.128 89.0932 310.572 -134.007 12.2403 8.41906 11.1683
156.756 152.862 150.431 143.021 142.743 162.078 150.895 149.735 144.105 138.519 105.932 325.435 -207.662 46.403 273.738 -207.948 21.1252 266.145 -186.948 12.3417 271.355 -156.815 15.4657 284.807 -122.124 88.3802 310.205 -133.953 12.4105 8.37777 11.1239
157.123 152.955 150.546 143.482 144.052 162.446 150.696 149.721 144.376 138.911 104.853 324.904 -207.671 45.4329 273.276 -207.804 20.3168 265.398 -186.779 11.5541 270.184 -156.6 14.5429 283.722 -121.909 87.5155 309.481 -133.843 12.4617 8.36165 11.0557
157.747 153.147 150.705 144.269 146.683 162.993 150.648 149.887 144.915 140.613 104.004 324.568 -207.729 44.4958 273.246 -207.752 19.5581 264.877 -186.665 10.7756 269.03 -156.401 13.4528 281.919 -121.59 86.7212 308.824 -133.741 12.5135 8.38776 11.0153
158.496 153.819 151.38 145.372 149.108 163.559 150.847 150.303 145.507 142.033 103.022 324.183 -207.77 43.6099 273.023 -207.684 18.8448 264.181 -186.531 10.0527 267.911 -156.206 12.5204 280.29 -121.276 85.9816 308.216 -133.657 12.5807 8.41546 10.9801
158.82 154.416 152.078 146.275 151.095 163.939 151.489 150.928 146.123 143.551 102.372 323.87 -207.973 42.7601 272.869 -207.85 18.0951 263.792 -186.715 9.2645 267.341 -156.323 11.5939 279.082 -121.205 85.2349 307.904 -133.771 12.6927 8.46042 10.9148
159.348 155.085 152.856 147.23 152.832 164.512 152.227 151.598 146.728 144.87 101.992 323.921 -208.148 42.1647 272.963 -208.222 17.4692 263.714 -187.133 8.53347 267.163 -156.624 10.7412 278.408 -121.22 84.624 307.844 -133.913 12.9033 8.5528 10.9119
159.199 155.381 153.144 147.645 153.572 164.631 152.728 152.045 147.264 145.695 101.473 324.198 -208.236 41.653 273.115 -208.793 16.7807 263.915 -187.796 7.74264 267.233 -157.218 9.80497 278.292 -121.531 83.9839 307.826 -134.141 13.1316 8.60094 10.949
159.062 155.393 152.84 147.336 153.186 164.784 152.767 151.895 147.145 145.67 100.967 324.612 -208.406 41.0484 273.404 -209.297 16.0446 264.443 -188.448 6.99644 267.711 -157.87 8.98333 278.698 -122.035 83.3391 307.877 -134.375 13.218 8.57497 10.9239
158.885 155.04 152.024 146.762 152.679 164.852 152.356 151.397 147.012 145.566 100.239 324.814 -208.68 40.1617 273.663 -209.618 15.1174 264.867 -188.741 6.1157 267.856 -158.077 8.12932 278.9 -122.19 82.5684 307.852 -134.622 13.2729 8.61945 10.9649
158.86 154.896 151.506 146.451 152.231 165.016 151.627 150.871 146.619 145.152 99.3541 324.634 -208.82 39.1112 273.626 -209.535 14.2365 264.759 -188.608 5.35425 267.5 -157.896 7.45818 278.578 -122.021 81.8235 307.654 -134.842 13.3126 8.64498 10.9063
158.862 154.527 150.879 146.221 152.093 165.043 150.93 150.251 146.372 145.176 98.3265 323.832 -209.055 37.9902 273.613 -209.511 13.3237 264.525 -188.455 4.46679 266.835 -157.629 6.63049 277.549 -121.831 80.9816 307.003 -134.915 13.2547 8.75998 10.9027
