147.776 122.307 120.4 117.194 129.111 153.462 127.437 126.437 131.403 134.734 112.965 480.38 -103.976 65.8854 449.008 -126.285 33.7133 442.726 -110.073 15.7315 439.32 -82.3612 9.56515 437.798 -47.6271 86.9627 453.839 -41.9328 14.3535 11.1193 15.8264
147.496 121.498 119.458 116.576 127.939 153.602 126.333 125.164 130.989 134.119 113.469 480.724 -104.933 66.2815 450.083 -126.846 34.769 443.407 -110.909 16.4957 438.927 -83.2255 10.3714 437.489 -48.3839 87.3917 454.239 -42.902 14.4308 11.5542 15.3656
148.676 121.334 120.052 117.054 128.389 154.72 126.385 125.545 131.286 134.828 114.284 481.226 -105.837 66.8457 451.132 -127.527 35.718 443.22 -112.085 17.3282 438.069 -84.1001 11.0155 436.412 -48.7288 87.9609 454.762 -43.614 14.973 11.9233 15.0361
150.421 122.084 119.862 116.038 127.731 156.013 126.2 124.08 130.613 134.029 114.422 481.104 -107.313 66.2304 451.537 -128.138 35.9296 444.184 -112.246 17.8577 437.981 -84.2995 11.7502 436.097 -49.0766 88.1471 454.504 -44.5282 14.9385 12.1383 14.7166
150.948 122.605 120.269 116.136 128.209 156.355 126.605 122.639 130.162 134.109 114.88 481.712 -108.509 66.3748 451.957 -129.184 36.277 446.213 -112.315 18.5767 439.164 -84.6629 12.6185 436.56 -49.7141 88.7759 455.272 -45.4955 14.9353 12.1167 15.1367
151.825 123.688 122.609 117.404 128.898 157.044 126.898 121.927 128.764 133.921 115.875 482.208 -109.75 66.9944 453.182 -130.517 36.916 448.731 -113.444 19.5031 441.977 -85.8881 13.1735 438.136 -50.992 89.2947 455.983 -46.5201 15.4399 11.7935 15.296
152.879 124.225 124.73 118.945 129.221 158.027 127.222 122.441 128.98 133.936 116.749 483.044 -110.815 68.1045 454.526 -131.631 37.6307 450.102 -114.514 20.3215 443.353 -86.5708 14.3074 439.288 -51.6548 90.147 457.084 -47.2922 15.2885 11.8887 15.695
154.883 125.654 126.836 120.461 129.998 159.637 127.806 123.628 128.646 133.904 117.973 483.299 -111.927 68.9273 456.043 -132.743 38.407 451.167 -116.195 21.4917 445.204 -88.1358 14.9203 440.559 -52.8024 90.8378 457.359 -48.2038 15.8778 11.3772 15.3358
156.042 125.826 128.109 121.142 130.076 160.54 128.011 125.417 129.241 133.932 118.833 484.065 -112.729 70.2464 457.139 -133.705 39.1558 450.944 -117.761 22.3786 445.648 -89.3152 15.8996 441.4 -53.7618 91.6486 458.1 -48.9663 15.6854 11.2401 15.4529
158.478 127.062 130.154 122.931 131.009 162.055 129.117 127.723 130.148 134.366 119.781 484.789 -113.414 71.1309 457.645 -134.241 40.2155 450.069 -119.027 23.3982 445.503 -89.9125 17.332 441.504 -54.2885 92.7072 458.673 -49.2129 15.3115 11.3957 14.9502
160.584 129.182 133.161 124.174 131.832 163.679 130.339 130.119 129.857 134.061 120.772 485.618 -114.661 71.5789 458.111 -135.462 40.7666 449.451 -121.001 24.3852 446.845 -91.09 18.2278 442.602 -55.5915 93.3691 459.065 -50.0678 15.1808 11.2849 14.4426
160.168 128.97 134.112 123.492 130.161 163.529 130.041 131.538 129.82 132.696 121.409 487.049 -115.396 72.2917 458.737 -136.258 41.0826 448.823 -122.167 25.0231 447.625 -91.76 19.3807 444.372 -56.2829 94.0385 460.047 -50.8277 14.5658 11.3663 14.6719
162.069 130.299 135.89 125.152 131.361 164.746 131.467 133.425 130.786 132.934 122.525 488.15 -116.578 72.6992 459.083 -137.244 41.5888 448.399 -123.225 25.5929 448.088 -92.5453 20.3482 445.443 -56.9494 94.8825 461.104 -51.53 14.2259 11.4949 14.5671
162.581 130.68 135.887 125.571 130.509 165.196 132.075 133.992 130.624 132.155 123.7 489.444 -117.354 73.5113 459.731 -138.193 42.3766 448.82 -124.11 26.4697 449.264 -93.4117 21.3068 447.005 -57.6094 95.6632 461.948 -52.2298 14.2154 11.5305 14.603
162.568 130.467 136.475 126.174 131.275 164.844 132.736 135.168 131.021 132.578 123.886 489.938 -117.88 74.2253 459.5 -138.712 43.051 447.841 -124.715 27.2945 448.965 -94.1265 22.2336 447.113 -58.3505 96.5861 462.856 -52.8124 14.02 11.4367 14.6207
161.752 128.141 132.713 122.35 127.562 164.404 132.009 135.397 129.782 129.968 124.753 491.452 -119.646 76.1363 459.52 -140.391 44.0369 447.014 -125.557 28.7911 449.434 -94.9949 24.4024 448.707 -59.9132 97.7009 464.045 -54.6321 13.0452 11.5778 15.9588
162.031 128.692 131.193 121.234 125.825 164.343 132.616 135.423 128.995 127.951 125.173 491.424 -119.756 77.0096 458.526 -140.939 44.4556 446.649 -125.322 29.6428 449.601 -94.7107 25.8635 449.456 -60.2327 98.3364 463.972 -54.793 12.127 11.6149 16.5027
161.387 128.355 129.855 120.726 124.988 164.154 132.518 135.144 129.006 128.699 126.227 492.958 -120.256 77.6773 459.133 -141.599 45.2466 447.444 -125.819 30.2772 450.152 -95.2095 26.3672 449.902 -60.5856 99.068 464.901 -55.3735 12.3851 11.6593 16.4883
160.638 128.401 129.698 120.78 124.661 163.687 132.834 135.581 129.125 129.58 127.073 494.333 -120.372 78.5838 459.624 -142.286 46.114 447.951 -126.587 31.0241 450.821 -95.9624 26.8565 450.312 -61.1889 99.8452 465.731 -55.8576 12.6696 11.7612 16.4598
159.409 128.068 129.221 120.028 123.398 162.86 133.047 135.543 128.395 129.011 127.503 495.306 -120.501 79.3743 459.474 -142.975 46.4926 448.248 -127.006 31.7601 451.73 -96.4118 27.5366 451.18 -61.8016 100.482 466.173 -56.383 12.5972 11.7651 16.7853
159.092 127.584 128.624 119.34 123.386 162.511 133.785 135.823 128.313 129.3 127.501 494.862 -120.607 80.227 458.559 -143.482 46.9613 447.485 -127.058 32.3435 450.959 -96.3806 28.1129 450.281 -62.0193 101.083 466.095 -56.7071 12.4741 11.8369 17.3147
160.481 129.166 129.784 120.876 126.336 162.977 136.322 136.574 129.289 131.581 128.006 495.462 -120.452 81.3685 458.639 -144.252 47.9587 448.515 -127.583 33.1763 451.368 -96.8893 28.4655 449.632 -62.6155 102.022 466.401 -56.8275 12.7512 11.7715 17.4437
161.569 129.68 129.556 121.325 126.735 163.61 136.884 137.075 130.18 132.656 128.933 496.011 -120.786 82.6842 459.78 -144.92 49.5484 449.222 -128.646 34.1406 451.472 -97.8416 29.2099 449.7 -63.1683 102.916 467.081 -57.2372 13.1319 11.9478 17.1551
161.755 130.542 129.314 121.408 127.006 163.763 137.589 136.894 129.648 133.258 129.801 496.806 -121.128 83.5479 460.339 -145.82 50.4436 450.394 -129.464 35.135 452.771 -98.689 29.7617 450.109 -64.0369 103.65 467.583 -57.8431 13.5207 11.9395 17.1111
162.393 131.091 129.04 121.743 127.358 164.376 137.524 136.661 130.185 134.262 131.436 497.545 -121.735 84.6844 461.685 -146.567 51.9441 451.733 -130.593 36.1844 453.395 -100.029 30.3933 450.523 -64.971 104.564 468.181 -58.4554 14.0361 11.7877 16.6395
162.527 130.44 128.113 121.1 126.987 164.286 137.423 136.363 129.941 134.791 132.55 497.886 -122.219 85.7208 461.893 -147.021 52.9457 452.043 -130.923 37.2662 453.489 -100.615 31.3069 450.215 -65.6957 105.485 468.572 -59.0376 14.172 11.5817 16.7598
163.174 131.125 129.39 122.131 128.892 164.43 139.022 137.537 130.961 136.192 132.757 497.367 -122.508 86.5151 461.409 -147.53 53.3984 451.657 -131.271 37.8684 452.917 -101.21 31.8311 449.566 -66.2324 106.318 468.671 -59.4238 14.2647 11.2737 17.0066
163.075 130.778 129.395 120.725 126.92 164.078 138.955 137.682 130.53 135.3 133.225 497.107 -122.898 87.3872 460.847 -147.987 54.2551 450.999 -131.891 38.7452 452.61 -101.571 32.7696 449.684 -66.639 106.916 468.634 -59.9603 14.1887 11.4851 16.9741
163.785 131.348 129.094 120.613 127.21 164.57 139.088 137.624 130.576 135.428 133.712 497.015 -123.184 88.7972 461.56 -148.656 55.737 451.608 -132.855 39.7341 452.754 -102.37 33.3186 449.761 -67.363 107.496 468.628 -60.4234 14.4598 11.7342 16.9012
164.473 131.094 128.01 120.549 127.248 165.129 139.197 137.628 130.813 135.784 134.524 497.469 -123.119 90.0173 462.689 -149.01 57.2534 452.472 -133.482 40.7332 452.833 -102.886 34.0831 449.605 -67.7546 108.127 469.023 -60.5944 14.6777 12.0016 16.7672
164.925 131.755 129.873 121.809 129.09 165.491 140.95 138.9 132.207 137.345 135.674 499.919 -122.857 91.3587 463.49 -149.654 58.5354 453.2 -134.33 41.7709 453.062 -103.734 34.8685 449.614 -68.0462 109.093 470.608 -60.6797 15.1498 12.0292 16.7984
165.576 133.634 132.897 123.994 130.129 165.806 142.47 140.645 134.049 138.565 137.623 502.629 -123.495 92.7306 464.642 -150.976 59.8371 453.734 -135.872 43.1493 453.191 -105.505 36.3402 450.105 -69.0692 110.494 472.818 -61.6144 15.4647 11.6883 16.7106
165.111 133.678 133.214 124.014 128.89 165.462 143.332 141.329 134.353 137.827 138.345 503.363 -123.751 92.8895 464.947 -151.24 59.8955 453.885 -135.924 43.5213 453.606 -105.579 37.2366 451.068 -69.124 111.016 473.854 -61.8939 15.1506 11.5318 16.803
163.774 133.428 132.298 121.967 126.231 164.571 143.389 141.427 133.312 136.298 138.815 503.638 -123.883 93.0669 464.533 -151.424 59.9519 453.722 -135.768 44.0823 454.325 -105.235 38.158 452.054 -69.131 111.45 474.483 -62.176 14.7766 11.5657 17.0
163.415 132.455 130.769 121.164 124.736 164.501 143.291 141.327 132.544 135.018 140.012 503.985 -124.432 93.4736 464.424 -151.594 60.3225 453.838 -135.635 44.6109 455.138 -104.983 38.9943 453.124 -69.0521 112.033 475.013 -62.5012 14.5574 11.7462 17.1634
162.176 131.02 128.732 119.573 122.558 163.832 143.018 140.842 131.409 133.752 140.996 504.725 -124.783 93.9861 464.354 -151.868 60.9002 454.016 -135.739 45.4359 455.793 -105.206 39.837 453.881 -69.2297 112.503 475.841 -62.9995 14.6962 11.716 17.2586
160.039 129.188 125.975 117.376 119.901 162.706 142.047 140.019 129.911 132.156 141.651 504.62 -124.728 94.7032 464.047 -151.902 61.7661 453.93 -135.903 46.3863 456.224 -105.499 40.5471 454.395 -69.6375 112.893 475.795 -63.2439 14.7467 11.7451 17.1362
158.082 128.1 124.191 116.728 119.337 161.766 141.383 139.585 129.646 132.009 142.418 505.616 -124.675 95.7564 464.843 -152.121 62.9086 454.403 -136.276 47.2556 456.399 -106.059 41.1542 454.576 -70.0788 113.505 476.505 -63.5967 14.989 11.7028 17.1018
156.606 127.306 123.357 116.796 119.384 161.009 140.984 139.653 130.258 132.577 143.364 506.35 -124.646 96.7114 465.473 -152.258 63.9354 454.446 -136.684 47.8921 456.061 -106.751 41.6303 454.481 -70.4509 114.1 477.23 -63.7899 15.2062 11.594 16.9923
155.837 126.974 123.388 117.199 118.715 160.721 140.724 139.301 130.302 131.481 144.325 507.003 -124.738 97.378 466.29 -152.273 64.67 455.036 -136.821 48.5223 456.327 -106.941 42.6234 455.149 -70.6772 114.85 478.142 -63.9402 14.9293 11.4647 16.8041
154.402 126.87 123.9 116.747 117.369 160.043 140.906 139.179 129.946 129.639 144.794 507.719 -124.461 98.3146 466.136 -152.427 65.0845 455.15 -136.893 49.1842 456.717 -107.122 43.5986 456.215 -71.0436 115.48 478.808 -64.0716 14.4762 11.2517 17.101
153.775 126.993 124.384 116.738 117.268 159.716 141.902 139.491 129.8 128.666 144.998 507.943 -124.344 99.0637 465.765 -152.629 65.325 455.132 -136.937 49.6417 456.97 -107.329 44.2275 456.844 -71.5791 116.006 479.263 -64.2404 14.0279 11.03 17.4114
153.409 128.034 125.273 116.903 118.067 159.412 143.456 139.951 130.299 128.74 144.92 508.435 -124.428 99.7374 465.166 -152.94 65.5287 455.129 -136.901 50.0271 456.971 -107.56 44.7164 457.151 -72.1197 116.508 479.954 -64.437 13.6101 10.7137 17.8005
153.392 130.928 126.527 117.088 118.689 159.195 145.904 141.033 131.197 129.617 145.201 509.128 -124.586 100.344 464.139 -153.606 65.8273 454.852 -137.276 50.4234 456.929 -107.985 45.0706 457.262 -72.6043 116.909 480.355 -64.6562 13.4581 10.6693 18.1248
154.003 132.963 127.038 116.376 117.849 159.584 146.871 141.059 130.367 128.196 145.069 508.867 -124.642 100.654 463.746 -153.952 66.0453 455.065 -137.547 50.7992 457.576 -108.092 45.4478 457.955 -72.9368 117.042 480.195 -64.7634 13.2722 10.7776 18.1789
153.962 135.771 127.48 115.759 117.804 159.57 148.536 141.709 130.387 128.124 145.251 509.303 -124.58 101.334 463.351 -154.601 66.199 455.385 -138.07 51.0211 458.47 -108.447 45.5348 458.829 -73.4044 117.191 480.147 -64.9461 13.1838 11.0539 18.6981
153.762 137.945 127.451 115.112 117.948 159.458 149.087 142.137 130.622 128.75 145.63 509.87 -124.413 101.954 463.978 -155.164 66.7893 455.95 -138.827 51.4191 459.012 -109.137 45.5027 459.142 -74.0058 117.332 480.206 -65.1427 13.3987 11.2335 18.721
153.879 143.686 128.923 114.636 118.179 159.488 150.46 142.964 130.594 128.964 145.845 510.625 -124.354 102.969 464.134 -156.116 67.4451 456.624 -139.9 51.965 460.374 -109.908 45.6298 460.21 -74.7045 117.596 480.376 -65.4576 13.6411 11.7262 19.0189
152.74 145.917 129.494 114.493 118.322 158.69 150.438 143.114 130.877 129.847 146.106 511.655 -123.93 103.447 464.498 -156.397 67.8282 456.882 -140.32 52.2715 460.642 -110.368 45.5929 460.226 -74.897 117.848 480.705 -65.5219 14.0167 11.7697 19.0671
153.184 147.241 130.734 115.159 118.679 158.897 150.298 143.574 131.696 130.408 146.431 512.422 -123.646 104.089 465.149 -156.496 68.2813 456.925 -140.636 52.3455 460.546 -110.566 45.6548 460.352 -74.8058 118.038 480.965 -65.3725 14.1593 11.9928 19.1421
153.612 146.722 131.37 115.582 118.68 159.519 149.706 143.336 131.755 129.927 146.867 513.009 -123.463 104.29 466.015 -156.286 68.4993 457.385 -140.62 52.3802 460.77 -110.533 45.7279 460.74 -74.6184 118.169 481.371 -65.1929 14.2481 11.9711 18.9852
153.856 145.106 131.683 115.849 118.641 160.049 148.781 142.723 131.364 129.194 147.107 513.13 -123.509 104.172 466.846 -156.12 68.4687 458.077 -140.561 52.4247 461.253 -110.541 45.839 461.222 -74.6518 118.289 481.508 -65.2026 14.2122 11.7986 18.7952
154.058 144.443 132.155 116.131 118.781 160.122 148.553 142.76 131.634 129.742 147.317 513.38 -123.451 104.074 467.056 -156.077 68.2602 458.108 -140.536 52.187 461.276 -110.539 45.611 461.186 -74.5903 118.208 481.498 -65.1511 14.2474 11.8264 18.8783
153.602 144.072 132.186 115.47 118.122 159.828 148.2 142.687 131.406 129.754 146.847 513.41 -123.375 103.827 466.709 -156.001 67.9214 457.736 -140.36 51.9949 461.143 -110.346 45.4767 461.024 -74.5217 118.011 481.271 -65.1666 14.1614 11.8918 19.019
153.69 144.557 133.095 115.571 117.989 159.737 148.611 142.846 131.43 129.75 146.184 513.609 -123.235 103.563 466.118 -155.943 67.4788 457.439 -140.084 51.742 461.041 -109.997 45.4934 460.87 -74.3245 117.869 481.077 -65.0544 13.9259 11.9794 19.2929
153.956 145.328 134.41 116.416 118.491 159.904 149.066 143.202 131.956 130.152 145.792 513.853 -123.268 103.227 465.863 -155.921 67.2154 457.183 -140.027 51.5064 460.793 -109.956 45.3965 460.763 -74.163 117.771 481.151 -64.9849 13.9045 11.9644 19.2477
153.974 144.16 134.817 116.617 118.751 160.028 148.392 142.651 131.454 129.594 145.413 513.949 -123.504 102.602 466.332 -155.803 67.0176 457.736 -139.952 51.4654 461.33 -109.897 45.3878 461.178 -74.1883 117.724 481.489 -65.0657 13.8399 11.8282 18.8159
154.222 143.504 135.185 117.064 119.402 160.185 148.267 142.199 131.028 129.393 145.229 514.089 -123.799 102.091 466.425 -155.812 66.691 458.193 -139.836 51.3508 461.745 -109.811 45.3366 461.289 -74.2669 117.728 481.795 -65.1796 13.7165 11.6678 18.6582
154.3 143.281 135.411 117.653 120.275 160.058 148.396 142.045 131.11 130.139 145.176 514.43 -123.957 101.669 466.206 -155.742 66.3954 458.291 -139.633 51.1304 461.874 -109.626 45.151 461.119 -74.1636 117.662 482.091 -65.2152 13.6923 11.667 18.6566
154.444 143.577 135.566 118.749 121.782 160.124 148.696 142.092 131.809 131.414 144.989 514.783 -124.054 101.562 466.448 -155.786 66.3349 458.725 -139.653 50.9413 461.875 -109.859 44.8239 460.894 -74.3544 117.602 482.308 -65.2347 13.7596 11.4573 18.668
154.122 144.096 135.62 119.117 121.86 160.041 148.887 141.821 131.702 131.04 144.836 515.013 -124.202 101.509 466.576 -155.922 66.2902 459.185 -139.695 50.8773 462.168 -109.967 44.8988 461.194 -74.5531 117.601 482.71 -65.3632 13.6078 11.3284 18.6821
153.576 144.912 135.958 119.94 122.656 159.927 149.284 141.865 132.129 131.315 144.706 515.482 -124.294 101.612 466.547 -155.999 66.3994 459.177 -139.819 50.8166 461.927 -110.295 44.8007 461.082 -74.7529 117.658 483.209 -65.4548 13.6651 11.1367 18.6011
153.58 146.485 135.995 120.382 122.948 160.188 149.887 141.767 132.294 131.284 144.878 515.652 -124.54 101.539 466.111 -156.071 66.3541 458.997 -139.812 50.7282 461.58 -110.424 44.7238 460.913 -74.7823 117.652 483.531 -65.5195 13.7166 10.9495 18.5493
153.24 146.871 135.23 120.0 122.437 160.215 149.929 141.471 132.117 130.928 144.975 515.743 -124.699 101.349 466.077 -156.16 66.2556 459.114 -139.87 50.6308 461.482 -110.539 44.6174 460.873 -74.8802 117.518 483.663 -65.6439 13.7625 10.8115 18.4539
153.37 149.773 135.077 120.302 123.184 160.401 151.185 141.709 132.457 131.515 145.198 515.805 -124.879 101.207 465.849 -156.431 66.1487 459.402 -140.012 50.5009 461.436 -110.785 44.332 460.644 -75.0345 117.439 483.947 -65.7794 13.959 10.6285 18.485
153.425 159.757 134.765 120.114 123.672 160.234 153.318 141.811 132.945 132.714 145.103 515.956 -124.937 101.189 464.52 -156.72 66.0354 459.3 -139.88 50.4008 460.961 -110.764 44.105 459.903 -74.9803 117.28 483.97 -65.7634 14.094 10.5138 19.008
153.096 174.236 135.051 119.995 124.105 159.947 155.915 142.19 133.319 133.615 144.624 515.805 -124.919 101.025 462.313 -156.726 65.627 458.451 -139.59 50.1622 460.068 -110.602 43.8126 458.904 -74.8144 117.0 483.679 -65.6834 14.1587 10.3637 19.6281
153.11 176.249 135.674 119.5 124.104 159.665 157.354 142.514 133.504 134.205 144.267 515.654 -124.96 100.913 460.635 -156.537 65.1451 457.668 -139.213 49.9272 459.453 -110.187 43.7038 458.173 -74.5475 116.769 483.375 -65.6056 14.0603 10.3555 20.2661
153.903 174.27 137.842 120.551 125.661 159.979 157.809 143.457 134.412 135.409 144.099 515.729 -125.113 100.849 460.18 -156.354 64.644 456.926 -138.933 49.5792 458.97 -109.982 43.453 457.704 -74.3536 116.682 483.297 -65.4934 13.9957 10.3015 20.5447
155.443 174.809 139.088 121.816 127.323 160.678 158.258 143.752 135.21 136.31 143.893 515.208 -125.406 100.5 460.098 -156.243 64.1528 456.978 -138.67 49.1143 458.879 -109.86 43.0955 457.657 -74.3108 116.507 483.017 -65.4299 13.8585 10.17 20.71
156.092 178.259 139.2 122.481 128.28 161.185 157.589 143.723 135.774 136.942 143.793 515.107 -125.544 100.154 460.976 -156.303 63.9705 457.313 -138.638 48.8277 458.785 -109.919 42.7934 457.566 -74.2639 116.335 482.906 -65.4604 13.9288 10.0989 20.5624
157.259 178.117 140.294 124.064 129.932 161.955 156.751 144.153 136.72 137.932 143.807 514.937 -125.672 99.8128 462.231 -156.293 63.9736 457.446 -138.798 48.5849 458.506 -110.087 42.5053 457.316 -74.1747 116.254 482.787 -65.3728 14.0729 10.1196 20.0285
158.544 174.861 140.633 125.178 130.996 163.017 155.645 143.873 137.086 138.486 144.084 514.995 -125.822 99.6685 463.592 -156.405 63.8163 458.254 -138.858 48.267 458.829 -110.117 42.0696 457.491 -73.9751 115.992 482.675 -65.2929 14.337 10.1488 20.0151
158.97 171.156 139.461 124.501 129.658 163.372 153.925 142.897 136.442 137.662 144.201 514.627 -125.965 99.3946 464.423 -156.605 63.7662 458.813 -139.034 48.0848 459.184 -110.03 41.9546 457.862 -73.8954 115.726 482.256 -65.3421 14.3307 10.3624 19.8344
158.441 163.601 137.493 123.064 127.435 163.463 151.867 141.722 134.867 135.778 144.34 514.644 -125.943 99.2567 465.994 -156.774 63.8499 459.972 -139.38 48.1306 460.462 -110.113 41.9055 458.941 -73.9352 115.501 482.255 -65.47 14.5306 10.5419 19.4786
157.819 156.174 135.917 122.012 125.9 163.117 149.896 140.909 133.669 134.86 144.447 514.81 -125.881 99.1153 466.876 -156.758 63.7936 460.428 -139.574 48.0979 461.304 -110.138 41.7531 459.552 -73.9655 115.269 482.142 -65.5454 14.6527 10.7478 19.3271
157.603 150.691 135.036 121.826 125.404 162.956 148.29 140.272 133.005 134.469 144.321 514.792 -125.853 98.7556 467.639 -156.565 63.7594 460.809 -139.688 48.0649 461.703 -110.26 41.5886 459.767 -74.0555 115.069 481.95 -65.5886 14.7685 10.7627 18.9417
156.965 145.511 134.146 121.747 124.99 162.729 146.741 139.598 132.459 133.779 144.152 514.826 -125.644 98.4401 468.546 -156.132 63.8379 461.214 -139.692 48.0776 461.906 -110.367 41.4958 459.882 -74.1052 114.997 481.849 -65.5144 14.8776 10.6428 18.3549
156.628 140.893 133.077 121.288 123.868 162.711 144.942 138.676 131.543 132.549 144.106 514.688 -125.652 97.9731 469.527 -155.853 63.8296 461.816 -139.876 48.0578 462.369 -110.576 41.3985 460.256 -74.2573 114.811 481.607 -65.5985 14.9938 10.5657 17.712
156.501 137.22 132.299 121.04 123.51 162.773 143.505 137.954 130.88 131.929 144.324 514.876 -125.804 97.7722 470.527 -155.711 63.807 462.472 -140.043 47.9876 462.955 -110.72 41.1887 460.619 -74.3279 114.669 481.738 -65.7118 15.204 10.5549 17.3705
156.234 133.949 131.278 120.452 122.663 162.744 142.097 137.173 130.174 131.068 144.383 514.812 -125.822 97.5886 471.316 -155.381 63.7852 462.953 -139.966 47.9458 463.309 -110.643 41.1619 460.864 -74.3036 114.549 481.719 -65.7184 15.2137 10.5411 17.1241
156.429 132.081 131.183 120.732 122.913 162.885 141.544 136.985 129.833 130.725 144.346 514.724 -125.829 97.4408 472.068 -155.348 63.6 463.589 -140.146 47.7526 463.963 -110.741 40.9563 461.224 -74.4513 114.406 481.722 -65.7771 15.234 10.5897 17.0295
156.568 131.921 131.268 120.969 123.09 162.652 141.357 137.038 129.8 131.035 144.305 514.71 -125.753 97.2191 472.063 -155.535 63.2474 463.637 -140.371 47.3621 464.227 -110.772 40.6189 461.241 -74.5333 114.088 481.613 -65.7849 15.1595 10.8068 17.1669
156.914 132.545 132.05 122.034 124.216 162.621 142.071 137.833 130.525 131.985 144.197 514.868 -125.666 97.1385 471.864 -155.794 62.9429 463.381 -140.638 46.9417 464.152 -110.898 40.2769 461.039 -74.6036 113.932 481.607 -65.7565 15.1057 10.9958 17.3375
156.568 133.28 132.396 122.39 124.429 162.226 142.745 138.327 130.899 132.519 144.141 515.058 -125.591 96.865 471.271 -156.027 62.4658 462.924 -140.696 46.5361 463.921 -110.855 40.0631 460.721 -74.5506 113.758 481.653 -65.7735 15.0206 11.092 17.5708
157.156 133.946 133.004 123.395 125.219 162.432 143.344 138.933 131.686 133.161 143.857 514.911 -125.593 96.4838 471.135 -156.002 62.1371 462.558 -140.668 46.0902 463.403 -110.787 39.8616 460.258 -74.4498 113.522 481.573 -65.6648 14.8507 11.1738 17.5649
157.06 133.988 132.714 122.98 125.218 162.256 143.441 138.968 131.767 133.482 143.414 514.687 -125.728 96.0198 470.69 -155.874 61.7296 462.112 -140.313 45.7985 462.966 -110.42 39.7489 459.763 -74.2928 113.29 481.55 -65.6724 14.6704 11.1794 17.6755
157.527 134.826 133.142 123.415 125.712 162.279 144.192 139.362 132.207 133.981 142.769 514.278 -125.933 95.4468 470.05 -155.745 61.34 461.546 -139.955 45.484 462.401 -110.017 39.7392 459.221 -74.0647 113.148 481.517 -65.6242 14.4203 11.2082 17.6646
156.897 133.959 132.304 123.106 125.627 161.641 144.353 139.359 132.214 134.127 141.714 513.806 -125.854 94.671 469.475 -155.314 60.899 460.957 -139.525 45.0837 461.833 -109.642 39.5663 458.704 -73.8101 112.792 481.458 -65.5704 14.2456 11.239 17.5252
158.237 135.317 133.334 124.659 127.583 161.86 145.283 140.18 133.349 135.362 140.932 513.3 -126.068 94.0831 469.361 -155.211 60.5958 460.574 -139.371 44.6185 461.081 -109.535 39.3235 458.005 -73.7493 112.647 481.494 -65.5015 14.0469 11.2185 17.325
159.514 136.722 134.374 126.073 129.381 162.203 145.902 140.684 134.35 136.411 140.375 513.16 -126.151 93.6729 469.402 -155.114 60.2459 460.559 -139.102 44.1637 460.622 -109.283 39.0756 457.632 -73.5351 112.517 481.596 -65.3204 13.8607 11.179 17.3453
160.062 137.023 134.706 126.623 130.127 162.465 146.025 141.033 134.989 136.91 140.244 513.032 -126.22 93.6479 469.545 -155.021 60.1233 460.428 -138.964 43.8922 460.349 -109.148 38.9169 457.631 -73.3902 112.391 481.74 -65.2299 13.74 11.2165 17.4368
160.265 135.443 134.03 126.345 129.678 162.953 145.156 140.528 134.81 136.205 140.06 512.606 -126.39 93.479 470.693 -154.805 60.124 461.093 -138.876 43.7381 460.562 -109.078 38.8174 458.054 -73.3449 112.301 481.817 -65.302 13.7128 11.1923 17.1898
159.915 132.988 132.639 125.118 128.277 163.059 143.605 139.553 134.056 134.897 140.022 512.745 -126.414 93.4139 471.858 -154.326 60.0755 461.852 -138.467 43.7019 461.19 -108.738 38.8173 458.959 -73.0709 112.223 482.069 -65.2622 13.6962 11.1251 17.1203
158.687 130.669 130.884 123.005 126.082 162.712 141.998 138.391 132.964 133.127 139.829 513.12 -126.25 93.4069 472.687 -153.883 60.0764 462.557 -138.091 43.8347 461.882 -108.446 38.9438 460.023 -72.8338 112.104 482.372 -65.2332 13.6733 11.0161 17.1046
157.98 129.046 129.579 121.146 124.035 162.598 140.699 137.401 131.88 131.326 139.746 512.905 -126.177 93.2161 473.201 -153.427 59.973 463.017 -137.675 43.8834 462.406 -108.013 39.0905 460.89 -72.5371 111.929 482.521 -65.1414 13.5524 10.9713 17.0275
157.404 128.405 128.638 119.475 122.347 162.353 139.626 136.135 130.079 128.904 139.508 512.53 -126.1 92.6565 473.255 -153.02 59.544 463.662 -137.103 43.8682 463.621 -107.342 39.3377 462.202 -72.3341 111.717 482.49 -65.0412 13.1118 10.9318 16.9399
156.85 127.509 128.071 118.692 121.19 162.108 138.885 135.619 129.324 127.414 139.454 512.492 -125.939 92.5965 473.483 -152.739 59.558 463.916 -136.989 43.927 464.143 -107.132 39.5113 463.038 -72.2174 111.592 482.506 -64.9176 12.9102 11.0014 16.804
156.87 127.37 127.878 118.474 120.929 162.078 138.519 135.344 128.942 126.741 139.397 512.144 -125.867 92.6676 473.626 -152.651 59.7182 464.096 -137.038 43.9193 464.449 -107.008 39.5403 463.382 -72.195 111.501 482.484 -64.8203 12.7959 11.2117 16.6886
157.176 127.695 128.596 118.814 120.929 162.248 138.335 135.603 129.059 126.106 139.433 512.422 -125.666 92.8858 473.699 -152.508 59.8346 463.842 -137.089 43.8832 464.457 -106.933 39.65 463.792 -72.076 111.461 482.588 -64.5996 12.6318 11.3781 16.6797
