171.163 168.81 168.797 165.548 165.013 167.7 167.727 171.751 172.186 170.156 184.544 364.197 -218.312 199.764 394.364 -295.089 209.473 425.384 -307.907 211.479 459.725 -298.795 208.62 487.785 -274.693 165.032 442.851 -216.929 11.9848 10.6926 10.4298
171.28 168.774 169.082 165.924 165.229 167.731 167.725 172.077 172.673 170.471 184.407 364.334 -218.395 199.573 394.626 -295.096 209.16 425.537 -307.979 211.159 459.878 -298.841 208.377 487.688 -274.643 164.854 442.817 -216.868 11.8075 10.7038 10.3349
171.263 168.697 169.046 165.792 165.343 167.605 167.74 172.219 172.873 170.688 184.104 364.282 -218.1 199.455 394.524 -294.773 208.99 425.254 -307.678 210.978 459.638 -298.621 208.184 487.384 -274.574 164.661 442.755 -216.679 11.6903 10.7298 10.2135
171.234 168.641 168.913 165.524 165.353 167.563 167.723 172.083 172.585 170.45 183.96 364.235 -217.814 199.279 394.376 -294.499 208.753 424.97 -307.489 210.667 459.357 -298.594 207.847 487.115 -274.728 164.477 442.72 -216.518 11.5948 10.7078 10.1317
171.065 168.597 168.627 165.052 165.259 167.396 167.651 171.712 172.083 169.862 183.837 364.266 -217.433 199.123 394.193 -294.108 208.619 424.419 -307.12 210.591 459.027 -298.426 207.713 486.67 -274.835 164.287 442.721 -216.371 11.3504 10.8511 9.8949
171.011 168.577 168.627 165.029 165.434 167.248 167.792 171.72 171.945 169.756 183.461 364.201 -217.176 198.928 393.908 -293.959 208.503 423.769 -307.097 210.551 458.449 -298.588 207.58 486.113 -275.235 164.168 442.707 -216.347 11.1667 10.8499 9.66923
170.912 168.612 168.549 164.925 165.51 167.156 168.137 171.712 171.843 169.517 183.021 363.929 -217.036 198.859 393.606 -294.049 208.532 423.17 -307.234 210.699 457.925 -298.883 207.625 485.633 -275.778 164.198 442.781 -216.476 10.9886 10.849 9.482
170.756 168.724 168.547 164.87 165.52 166.942 168.348 171.574 171.617 169.297 182.764 363.714 -217.044 198.77 393.176 -294.253 208.606 422.377 -307.406 210.913 457.152 -299.183 207.75 485.037 -276.217 164.205 442.766 -216.654 10.9311 10.8012 9.24757
170.757 168.789 168.453 164.711 165.446 166.929 168.438 171.602 171.617 169.222 182.383 363.454 -216.917 198.678 392.981 -294.324 208.495 422.08 -307.531 210.869 456.867 -299.427 207.755 484.772 -276.536 164.268 442.785 -216.776 10.8547 10.7951 9.19943
170.785 168.775 168.416 164.661 165.524 166.893 168.439 171.684 171.611 169.266 182.115 363.208 -216.841 198.836 393.126 -294.199 208.483 422.17 -307.472 210.714 456.927 -299.39 207.394 484.729 -276.561 164.257 442.708 -216.693 10.7597 10.7645 9.137
170.815 168.696 168.387 164.702 165.573 166.911 168.346 171.661 171.463 169.253 182.117 362.901 -216.872 198.709 393.058 -294.198 208.391 422.282 -307.482 210.506 456.962 -299.334 207.029 484.668 -276.497 164.138 442.459 -216.595 10.7057 10.7057 9.24615
170.799 168.711 168.373 164.773 165.777 166.886 168.432 171.908 171.747 169.622 182.014 362.737 -216.922 198.447 393.249 -294.272 208.112 422.688 -307.529 210.196 457.241 -299.262 206.699 484.73 -276.401 164.052 442.236 -216.464 10.5966 10.6409 9.36062
170.952 168.91 168.561 165.034 166.204 166.97 168.739 172.323 172.286 170.234 181.897 362.764 -216.852 198.14 393.426 -294.415 207.804 422.987 -307.702 209.906 457.45 -299.347 206.479 484.836 -276.438 164.017 442.162 -216.395 10.5482 10.5877 9.42628
171.07 169.142 168.722 165.151 166.45 166.964 168.889 172.457 172.459 170.532 181.824 363.004 -216.735 198.108 393.71 -294.333 207.772 423.226 -307.577 209.906 457.57 -299.126 206.489 484.899 -276.206 163.985 442.203 -216.213 10.5229 10.5109 9.36543
170.831 169.357 168.872 165.298 166.538 166.698 168.982 172.487 172.461 170.492 182.014 363.394 -216.792 197.906 393.687 -294.395 207.622 423.069 -307.606 209.853 457.276 -299.073 206.524 484.652 -276.156 163.889 442.183 -216.135 10.5217 10.4003 9.26565
170.756 169.438 168.914 165.346 166.545 166.467 168.844 172.48 172.462 170.441 181.848 363.293 -216.455 197.586 393.234 -294.035 207.442 422.591 -307.293 209.755 456.707 -298.788 206.641 484.123 -275.912 163.796 441.998 -215.894 10.5242 10.3366 9.29973
170.936 169.554 169.247 165.722 166.717 166.529 168.843 172.714 172.876 170.783 181.673 363.121 -216.08 197.289 392.576 -293.803 207.255 421.943 -307.181 209.687 455.942 -298.684 206.84 483.449 -275.803 163.721 441.767 -215.73 10.5333 10.2349 9.36924
171.276 169.455 169.401 165.965 166.882 166.855 168.661 172.697 173.003 170.991 181.372 362.89 -215.926 197.084 392.16 -293.542 207.065 421.719 -307.106 209.571 455.617 -298.561 206.922 483.218 -275.652 163.571 441.616 -215.572 10.6096 10.1588 9.55609
171.483 169.319 169.535 166.132 167.083 166.953 168.49 172.612 172.866 170.952 181.142 363.105 -215.626 196.716 392.055 -293.17 206.858 421.683 -306.859 209.342 455.441 -298.312 206.805 483.135 -275.396 163.315 441.606 -215.251 10.6867 10.0481 9.64718
171.586 169.325 169.684 166.2 167.207 167.06 168.405 172.619 172.956 171.336 180.549 363.057 -215.519 196.667 391.792 -292.768 206.759 421.366 -306.599 209.118 455.02 -298.156 206.541 482.853 -275.318 163.085 441.539 -214.985 10.7414 9.93947 9.63573
171.608 169.056 169.583 166.069 167.216 167.065 168.249 172.531 172.733 171.193 180.063 363.059 -215.469 196.433 392.083 -292.505 206.426 421.687 -306.4 208.64 455.118 -297.993 206.017 482.951 -275.19 162.772 441.517 -214.707 10.7674 9.78472 9.63947
171.447 169.069 169.502 166.039 167.108 166.852 168.255 172.341 172.318 170.735 179.746 362.876 -215.339 196.152 392.006 -292.355 206.187 421.63 -306.163 208.34 454.922 -297.778 205.617 482.849 -274.952 162.446 441.364 -214.5 10.8793 9.6828 9.63523
170.961 169.004 169.121 165.529 166.562 166.306 168.333 171.834 171.446 169.646 179.433 363.208 -214.998 196.07 391.583 -291.856 206.185 420.952 -305.597 208.205 454.357 -297.516 205.003 482.467 -275.073 162.05 441.431 -214.383 10.8912 9.70928 9.47238
170.072 168.881 168.499 164.911 165.671 165.336 168.237 170.953 170.192 167.792 179.111 363.828 -214.479 195.911 391.147 -291.142 206.23 420.023 -304.624 208.211 453.538 -296.829 204.664 481.763 -274.771 161.501 441.5 -214.136 10.8233 9.7414 9.1394
169.545 168.896 168.148 164.505 165.392 164.799 168.367 170.668 169.6 166.928 178.604 363.889 -214.43 195.347 391.277 -290.924 205.598 419.704 -304.069 207.565 453.206 -296.259 203.686 481.52 -274.35 160.747 441.384 -213.797 10.885 9.71557 8.74152
169.411 168.895 167.852 164.423 165.508 164.835 168.39 170.267 169.14 166.234 177.684 364.294 -214.356 194.698 392.054 -290.558 204.879 420.074 -303.367 206.916 453.619 -295.479 202.746 482.048 -273.596 159.789 441.695 -213.297 11.027 9.75905 8.36761
169.302 168.88 167.627 164.318 165.486 164.914 168.401 170.136 169.063 166.255 176.745 364.385 -214.087 193.54 392.301 -290.185 203.565 420.548 -303.022 205.474 454.189 -295.132 201.294 482.632 -273.097 158.729 441.859 -212.806 11.1328 9.84792 8.51663
169.365 169.187 167.635 164.127 165.155 165.247 168.644 170.125 169.115 166.281 175.667 364.321 -213.847 192.393 391.841 -290.112 202.358 420.514 -303.08 204.16 454.379 -295.36 200.193 483.005 -273.343 157.863 442.186 -212.745 11.1965 9.98809 8.87803
169.022 169.069 167.447 163.849 164.775 164.826 168.663 169.791 168.651 165.738 174.288 364.367 -213.425 191.144 391.604 -289.921 201.262 420.366 -302.838 203.085 454.331 -295.276 199.071 483.178 -273.216 156.945 442.47 -212.546 11.367 10.0467 8.99334
169.51 169.029 167.339 164.04 164.946 164.945 168.698 169.905 168.827 165.776 172.828 363.742 -213.128 189.528 391.789 -289.752 199.581 420.986 -302.694 201.283 454.885 -295.09 197.263 483.505 -272.747 155.722 442.34 -212.068 11.3375 10.0311 9.2762
169.69 169.018 167.218 163.868 164.639 165.315 168.7 169.893 168.993 165.761 171.671 362.795 -212.557 188.199 391.498 -289.509 198.525 421.058 -302.411 200.01 455.006 -294.952 196.094 483.344 -272.628 154.635 442.129 -211.906 11.1317 10.0883 9.5729
169.531 168.655 166.725 163.185 164.167 165.044 168.416 169.48 168.479 164.83 170.028 362.597 -212.179 186.731 391.499 -288.974 197.149 420.9 -301.792 198.633 454.881 -294.395 194.768 483.168 -272.169 153.402 442.003 -211.541 11.1355 10.1474 9.49048
169.286 168.507 166.412 162.686 163.845 164.629 168.272 168.989 167.81 164.058 168.22 362.668 -211.545 185.312 391.354 -288.27 195.72 420.543 -301.074 197.136 454.606 -293.766 193.161 483.259 -271.713 152.047 442.083 -211.014 11.491 10.2071 9.3682
168.894 168.349 166.245 162.531 163.749 164.131 168.384 168.755 167.44 163.776 166.567 363.414 -211.424 183.823 391.799 -288.032 194.225 420.744 -300.837 195.511 454.76 -293.587 191.439 483.476 -271.611 150.663 442.393 -210.605 11.4609 10.1386 9.17877
168.997 168.043 165.923 162.358 163.701 164.308 168.217 168.46 167.022 163.704 165.31 363.652 -211.238 182.561 392.414 -287.854 192.845 421.308 -300.696 194.203 455.391 -293.35 190.065 484.282 -271.301 149.372 442.787 -210.256 11.6257 10.1809 9.11058
169.292 168.103 166.096 162.884 164.256 164.547 168.083 168.576 167.447 164.189 163.646 363.942 -210.925 180.516 393.131 -287.688 190.815 422.236 -300.571 192.252 456.269 -293.111 188.451 484.869 -270.784 147.885 443.143 -209.675 11.4736 10.1848 9.24347
169.507 167.782 166.064 163.254 164.685 164.693 167.863 168.691 167.556 164.726 162.114 363.638 -210.581 178.611 393.861 -287.542 188.795 423.046 -300.564 190.021 456.778 -292.999 186.464 484.968 -270.438 146.467 442.943 -209.066 11.2241 9.99978 9.23627
169.589 167.423 165.839 163.26 164.937 164.971 167.936 168.884 167.52 164.735 160.528 363.599 -210.342 176.731 394.858 -287.318 186.582 424.236 -300.303 187.685 457.961 -292.529 184.074 485.971 -269.733 144.969 443.052 -208.267 11.2546 10.0318 9.26332
170.196 166.994 165.924 163.427 165.309 165.507 167.269 168.754 167.671 165.44 157.323 363.569 -210.095 173.921 395.903 -286.82 183.674 425.289 -299.756 184.731 458.819 -291.808 181.329 486.601 -268.72 142.392 443.102 -207.44 11.3081 9.97774 9.19424
170.651 167.325 166.471 164.024 165.587 165.935 167.377 168.843 167.897 165.841 156.628 363.104 -210.125 172.797 395.92 -286.801 182.711 425.384 -299.658 183.662 458.451 -291.548 180.433 486.215 -268.171 141.228 442.679 -207.066 11.3423 9.65885 9.21201
170.854 167.767 166.574 164.08 165.671 166.046 167.447 168.319 167.52 165.756 155.108 363.034 -209.844 171.515 395.377 -286.301 181.91 425.011 -299.168 182.596 457.765 -291.192 179.299 485.937 -267.74 139.944 442.439 -206.588 11.6893 9.42645 9.39704
170.772 167.76 166.343 163.931 165.399 165.642 167.283 168.013 166.998 165.352 153.497 362.948 -209.843 170.156 394.9 -285.866 180.811 424.298 -298.526 181.853 456.949 -290.374 178.658 485.112 -266.85 138.676 442.05 -205.993 11.644 9.34086 9.25118
170.914 168.257 166.496 164.015 165.744 165.779 167.676 168.091 167.085 165.74 152.14 362.949 -209.05 168.706 394.214 -285.293 179.681 423.678 -298.022 180.783 456.299 -289.962 177.723 484.774 -266.543 137.502 442.005 -205.46 11.7566 9.2768 9.39005
171.184 168.257 166.429 163.956 165.974 165.961 167.517 167.638 166.545 165.665 150.682 362.804 -208.83 167.331 393.744 -284.615 178.462 423.354 -297.192 179.572 455.944 -289.04 176.16 484.512 -265.693 135.986 441.658 -204.747 11.8039 9.21991 9.50657
171.138 168.08 166.32 164.346 165.988 165.897 167.164 167.226 166.289 165.26 148.648 362.029 -208.384 165.486 393.26 -284.105 176.952 423.107 -296.426 178.382 455.739 -288.151 175.267 484.217 -264.636 134.446 441.344 -204.067 11.7756 9.279 9.71463
171.135 168.093 166.072 164.342 165.874 165.682 166.743 166.794 166.259 165.258 146.273 360.649 -207.749 163.664 392.104 -283.033 175.261 422.039 -295.162 176.97 454.664 -286.778 174.249 483.183 -263.009 132.814 440.447 -202.981 11.9305 9.34183 9.81927
170.957 167.653 165.246 163.806 165.628 165.53 166.181 166.012 165.659 164.903 143.985 359.934 -206.386 162.129 391.289 -281.433 173.84 421.229 -293.524 175.728 454.1 -285.273 173.056 482.638 -261.688 131.188 440.033 -201.796 11.9705 9.56486 9.89646
170.574 167.596 165.186 163.556 165.583 165.034 165.89 165.652 165.332 164.953 141.923 359.384 -204.742 160.483 389.489 -279.662 172.49 419.484 -291.984 174.667 452.576 -283.887 172.111 481.376 -260.589 129.603 439.424 -200.656 12.0914 9.71308 10.1042
170.52 167.98 165.208 163.571 165.671 164.919 166.029 165.277 164.816 164.452 139.526 358.873 -203.217 158.993 387.819 -277.929 171.32 417.889 -290.234 173.835 451.169 -282.209 171.202 480.165 -259.166 127.909 438.939 -199.361 12.1817 9.83027 10.2683
169.905 168.172 165.397 163.752 165.354 164.122 166.098 164.91 164.317 163.683 137.73 358.064 -202.276 157.219 385.33 -276.908 169.992 415.193 -289.371 173.038 448.803 -281.463 170.701 478.336 -258.432 126.354 437.991 -198.649 12.4437 10.0145 10.2782
170.244 168.693 165.692 164.11 165.611 163.66 166.591 165.28 164.673 163.759 135.37 357.409 -201.177 155.223 384.143 -275.663 168.023 413.686 -288.205 171.297 447.298 -280.339 169.158 477.081 -257.259 124.591 437.102 -197.401 12.6313 10.0156 10.0957
169.92 169.542 166.361 164.775 166.178 163.275 167.497 165.768 165.159 163.978 133.025 356.955 -200.216 152.56 383.332 -275.487 165.86 412.446 -287.786 169.588 445.91 -279.841 167.886 475.836 -256.624 123.026 436.538 -196.472 12.6645 9.88047 9.84607
170.558 170.731 166.86 164.341 166.628 162.501 168.829 166.254 165.551 164.02 130.984 356.051 -198.044 148.911 379.646 -274.091 162.488 408.563 -286.654 166.675 441.924 -278.852 166.109 473.22 -255.764 121.054 435.014 -195.177 13.7005 9.72943 9.92021
170.675 171.453 167.721 164.467 166.731 161.944 169.674 166.6 165.443 163.439 128.917 354.856 -196.089 145.932 375.972 -272.076 159.481 404.06 -284.756 164.524 437.357 -276.914 164.561 469.255 -254.121 118.81 433.007 -193.389 13.9258 9.6007 9.43708
170.63 171.733 168.164 165.259 167.053 161.299 170.205 166.967 165.946 163.679 126.563 354.015 -194.09 143.077 374.629 -270.618 156.282 402.08 -283.253 161.919 434.968 -275.453 162.279 466.665 -252.81 116.688 431.654 -191.579 13.5458 9.31501 8.94424
170.269 172.725 168.96 165.958 167.236 160.171 171.331 167.676 166.572 163.898 124.289 353.426 -191.709 140.215 372.564 -268.982 153.554 399.194 -281.514 159.645 431.686 -273.948 160.302 463.358 -251.617 114.708 430.277 -189.777 13.1304 8.96183 8.42977
170.203 172.67 169.118 166.595 167.39 159.435 171.424 167.72 166.656 163.747 121.954 352.63 -189.702 137.562 371.119 -267.219 151.417 396.883 -279.64 158.102 428.946 -272.211 158.912 460.267 -250.156 112.723 429.023 -188.158 12.4911 8.66836 7.9989
170.465 172.723 168.971 166.936 167.422 159.452 171.57 167.666 166.768 163.818 119.587 351.195 -187.849 135.002 368.824 -265.652 149.385 394.378 -277.992 156.845 426.056 -270.64 158.219 456.921 -248.798 111.062 427.536 -186.855 11.787 8.48255 8.04924
170.848 172.699 168.808 167.303 167.565 159.787 171.494 167.429 166.582 163.254 117.449 349.686 -186.394 132.676 367.613 -264.45 147.277 393.058 -276.452 155.334 424.274 -268.838 156.977 454.562 -246.901 109.234 426.182 -185.328 11.1508 8.28477 7.99627
171.384 172.312 168.274 167.027 167.409 160.445 171.157 167.207 166.46 162.908 115.131 347.941 -184.527 130.436 366.066 -262.708 145.323 391.509 -274.663 154.033 422.519 -266.9 156.252 452.567 -244.839 107.432 424.851 -183.805 10.962 8.32285 8.11455
171.605 172.424 168.307 167.315 167.789 160.441 171.363 167.533 166.947 163.161 112.776 346.725 -182.414 128.418 364.36 -260.686 143.56 389.885 -272.653 152.619 420.831 -264.918 155.218 450.747 -242.809 105.641 423.605 -182.014 10.8514 8.36963 8.26861
171.571 172.551 168.162 167.452 168.021 161.005 171.198 167.439 167.09 163.031 110.325 345.494 -181.242 126.6 363.46 -259.104 141.773 389.342 -270.812 151.092 419.851 -262.958 153.933 449.209 -240.772 103.958 422.377 -180.216 10.4884 8.21033 8.46865
171.775 172.306 167.787 167.176 168.004 161.853 170.851 167.184 167.148 162.921 107.781 344.089 -179.438 124.687 362.061 -257.146 139.957 388.281 -268.759 149.523 418.667 -261.001 152.788 447.835 -238.865 102.389 421.311 -178.485 10.4468 8.24455 8.75189
172.021 172.183 168.016 167.392 168.602 163.116 170.735 167.558 167.823 163.519 105.123 343.427 -177.785 122.799 361.47 -255.376 137.995 388.255 -267.267 147.801 418.567 -259.565 151.694 447.474 -237.264 100.803 420.91 -176.965 10.4717 8.31501 9.20429
172.325 170.858 166.559 166.466 168.37 163.87 169.29 166.208 166.516 162.109 102.697 343.028 -176.101 121.057 361.7 -253.474 136.532 388.732 -265.104 146.835 418.668 -257.16 151.201 447.267 -234.748 99.2326 420.96 -175.345 10.5134 8.29742 9.48598
172.271 170.404 166.06 166.229 168.296 163.835 169.006 165.906 166.346 161.889 101.104 342.154 -174.799 119.831 361.01 -252.252 135.673 388.573 -263.772 146.142 418.74 -255.773 150.63 447.075 -233.162 97.9538 420.382 -174.114 10.5026 8.55903 9.93615
172.237 169.98 165.399 165.782 168.383 164.418 168.255 165.316 165.927 161.334 99.1569 341.444 -173.803 118.444 360.816 -250.683 134.3 388.787 -262.181 145.046 419.041 -253.844 149.986 447.089 -230.815 96.4657 419.963 -172.577 10.6838 8.79944 10.2766
172.51 169.336 164.873 165.018 167.714 165.852 167.399 164.568 164.755 160.186 97.0446 339.838 -172.877 117.736 360.328 -249.409 133.491 388.825 -260.739 144.416 418.736 -251.953 149.387 446.693 -228.729 95.0541 419.271 -171.234 10.769 8.69644 10.5911
173.292 168.729 163.918 163.78 167.511 167.198 166.438 163.281 162.957 159.134 94.8214 338.647 -171.632 116.46 359.871 -248.118 132.421 389.056 -259.085 143.632 418.837 -249.876 148.601 446.948 -226.616 93.5488 418.979 -169.855 11.059 8.78504 11.0683
173.968 168.212 163.425 163.391 167.508 168.057 165.853 162.591 162.299 159.013 92.992 337.711 -170.372 114.867 359.444 -246.751 131.13 389.152 -257.48 142.63 418.997 -248.013 148.029 447.12 -224.472 92.1325 418.661 -168.374 11.4195 9.00127 11.5153
174.196 167.537 162.968 162.815 167.369 168.717 165.066 161.701 161.219 158.544 91.1238 336.812 -169.188 113.555 358.562 -245.11 129.997 388.522 -255.697 141.696 418.356 -245.996 147.206 446.623 -222.503 90.6725 418.188 -166.883 11.6285 9.1018 11.7506
174.867 167.197 163.138 162.861 167.725 170.008 164.214 161.291 160.709 158.137 89.3101 336.63 -169.13 112.084 357.622 -243.481 128.486 387.869 -254.423 140.452 417.657 -244.794 146.627 445.933 -221.063 89.3216 418.234 -165.884 11.8353 9.15945 12.1287
175.226 167.04 163.179 162.63 167.774 170.536 164.066 161.153 160.379 157.742 87.4342 336.027 -167.838 110.444 356.285 -241.746 127.114 386.609 -252.853 139.321 416.57 -243.159 145.772 444.934 -219.438 87.8451 417.951 -164.63 11.9559 9.33468 12.3263
175.504 166.82 163.049 162.244 166.737 171.0 163.636 160.661 159.742 157.234 85.7426 335.347 -166.941 108.811 354.93 -240.216 125.654 385.018 -251.273 138.131 414.99 -241.497 144.746 443.405 -217.922 86.3623 417.333 -163.404 11.9509 9.40766 12.2301
175.641 166.465 162.975 161.882 165.779 171.326 162.846 160.358 159.493 157.009 84.0336 334.536 -166.073 106.878 353.261 -238.224 123.793 382.79 -249.459 136.481 412.945 -239.747 143.403 441.405 -216.276 84.7062 416.323 -162.095 12.0287 9.59267 12.0354
175.815 166.283 163.149 162.012 165.215 171.701 162.41 160.304 159.539 157.198 82.9737 333.93 -165.175 105.34 351.732 -236.525 122.141 381.104 -248.089 134.993 411.401 -238.44 142.284 439.84 -214.846 83.1526 415.456 -160.876 12.1075 9.71601 12.0352
175.963 166.439 163.462 162.217 165.147 172.069 162.407 160.727 160.075 157.773 80.9799 332.629 -163.336 103.43 349.749 -234.452 119.93 379.329 -246.632 132.775 409.851 -237.28 140.455 438.482 -213.644 81.4037 414.301 -159.466 12.3306 9.84463 12.3442
175.968 166.425 163.932 162.122 164.405 172.128 162.669 161.349 160.495 158.132 79.3694 331.55 -161.855 101.661 347.482 -232.512 118.245 376.341 -244.994 131.139 407.069 -235.832 138.85 435.991 -212.517 79.7563 412.97 -158.179 12.3101 9.88997 11.9645
175.958 166.286 164.423 162.725 164.504 172.104 162.709 162.066 161.294 158.868 77.6712 330.886 -160.732 99.6428 346.468 -230.685 116.267 375.405 -243.402 129.199 405.998 -234.197 137.12 434.723 -210.674 77.8412 411.631 -156.473 12.3528 9.85843 12.1765
175.967 166.654 164.45 162.644 164.147 172.026 163.111 162.032 161.314 159.14 75.8481 329.357 -159.147 97.5228 344.48 -229.166 114.355 373.061 -241.524 127.357 403.787 -232.36 135.306 432.668 -208.918 75.915 409.895 -154.727 12.4356 9.93192 11.8167
175.616 166.961 165.582 163.602 164.36 171.267 164.082 163.27 162.483 160.175 71.6962 327.606 -154.487 92.7953 340.582 -225.219 109.517 368.597 -238.19 122.688 399.676 -229.647 131.048 429.172 -206.583 72.0 407.443 -151.546 12.7468 10.092 11.6118
175.466 167.232 165.853 163.841 164.466 170.983 164.893 163.983 163.014 160.687 69.5096 326.918 -152.304 90.1943 339.2 -223.543 107.005 366.809 -236.369 120.38 397.639 -228.008 129.057 427.287 -205.11 70.0984 406.216 -149.74 12.8028 9.91451 11.2858
175.794 167.232 165.952 164.13 164.971 171.228 165.102 164.368 163.848 161.919 67.1052 325.505 -149.748 87.6443 337.305 -221.961 104.644 365.195 -235.165 118.202 396.729 -226.999 127.278 426.764 -203.929 67.9877 405.074 -148.177 13.2982 10.3844 11.5356
175.604 167.258 165.725 163.851 164.899 171.355 164.883 164.588 164.222 162.487 64.8787 324.548 -148.031 85.1714 335.842 -220.09 102.212 364.051 -233.855 115.961 395.884 -225.805 125.476 426.069 -202.534 65.9056 403.924 -146.759 13.6898 10.6663 11.9859
175.616 166.854 165.84 164.042 165.083 171.341 164.729 164.905 164.76 163.116 62.8505 324.132 -147.103 82.527 334.712 -218.868 99.7536 363.273 -233.077 113.835 395.46 -224.975 123.842 425.609 -201.322 63.9376 403.03 -145.474 14.0216 11.0133 12.4078
175.619 167.124 165.97 164.217 165.053 171.012 164.949 165.441 165.522 163.708 61.292 324.161 -145.986 80.0435 333.331 -217.249 97.5556 361.985 -231.975 111.75 394.519 -224.008 122.016 424.716 -200.154 61.915 402.14 -144.236 14.2377 11.2742 12.7294
175.584 167.684 166.023 164.352 165.201 171.03 164.788 165.723 166.229 164.575 59.1558 323.592 -144.916 77.2417 331.702 -215.117 94.8506 360.009 -230.557 109.23 392.699 -222.775 120.0 423.096 -198.799 59.8527 400.97 -142.822 14.5869 11.4495 12.9181
175.571 167.695 165.777 164.073 164.959 170.833 164.42 165.891 166.659 164.929 57.4746 322.395 -143.771 75.0764 330.147 -213.385 92.8193 359.008 -229.179 107.137 392.2 -221.368 117.802 422.589 -197.175 57.7474 399.347 -141.321 14.8154 11.8627 13.4726
175.381 167.345 165.013 163.048 164.095 170.458 164.481 165.377 166.074 164.306 55.9491 321.124 -142.647 73.2631 329.079 -212.434 91.4617 358.359 -227.595 105.549 391.7 -219.599 115.807 421.957 -195.405 55.8514 397.802 -139.945 14.8229 11.9833 13.5838
175.313 170.089 164.913 163.318 164.145 170.56 165.819 165.566 166.721 164.645 53.4248 320.841 -140.601 70.3918 328.031 -210.587 88.8192 356.226 -226.022 103.125 389.681 -218.509 114.047 420.225 -194.33 53.8204 397.126 -138.613 15.1641 12.092 13.1196
175.447 170.644 164.764 162.837 163.626 170.932 165.114 165.131 166.407 164.265 51.8957 320.113 -141.105 68.3467 327.02 -209.369 86.847 355.439 -224.85 101.167 388.902 -217.101 112.198 419.117 -192.684 51.8145 395.907 -137.437 15.1282 12.179 13.3751
175.588 171.121 164.544 162.216 162.913 171.119 164.283 164.497 165.87 163.645 49.9786 319.878 -141.812 65.9638 326.079 -208.152 84.4272 354.071 -223.765 98.9936 387.39 -215.918 110.484 417.222 -191.338 49.8138 394.831 -136.6 15.1216 12.2422 13.3377
175.417 170.498 164.246 162.016 162.711 170.937 162.878 164.019 165.399 162.894 48.4815 319.42 -141.214 63.9264 325.084 -206.216 82.4639 353.522 -222.372 97.2194 386.788 -214.384 108.92 416.271 -189.503 47.8859 393.79 -135.311 15.1967 12.39 14.036
175.725 170.438 163.947 161.948 162.461 171.153 162.223 163.838 165.369 162.707 46.5436 318.189 -140.277 61.6827 323.45 -204.682 80.4689 352.321 -221.138 95.3707 385.798 -213.15 107.22 415.223 -188.002 45.8585 392.424 -134.131 15.3866 12.6178 14.5283
175.542 170.809 163.489 161.354 161.603 170.675 161.464 163.233 164.78 161.797 44.9263 318.189 -138.768 58.782 322.017 -202.664 77.8787 350.572 -219.522 93.1698 383.67 -211.777 105.573 412.831 -186.655 43.9047 391.591 -132.98 15.3682 12.5173 14.7531
175.274 171.233 163.116 160.977 161.011 170.413 161.036 162.85 164.531 161.258 42.7087 317.921 -137.292 56.2425 320.261 -200.197 75.5524 348.507 -217.607 91.1326 381.526 -210.174 103.878 410.584 -185.142 41.9688 390.727 -131.749 15.4096 12.6041 15.039
174.042 170.279 162.243 159.852 159.716 168.954 160.531 162.233 163.349 159.486 39.1558 317.235 -134.091 52.4643 318.054 -196.325 72.2857 345.714 -213.717 87.8097 378.148 -206.575 99.9978 407.151 -182.187 38.2431 389.048 -129.127 14.9456 12.1997 14.9293
173.786 171.093 161.367 159.243 159.053 168.691 160.499 161.546 162.82 158.332 36.7456 317.249 -132.903 49.9753 317.39 -194.52 70.2751 344.356 -211.781 86.1073 376.347 -204.914 98.5382 404.814 -180.594 36.498 388.451 -127.899 14.6041 12.0942 14.7868
173.505 171.669 161.086 159.094 159.069 168.255 160.713 161.37 162.347 157.672 34.2688 316.433 -130.474 47.6767 316.23 -192.263 68.4474 342.46 -209.628 84.4572 373.925 -202.985 96.7196 402.386 -179.083 34.5819 387.612 -126.557 14.3278 11.7905 14.6446
173.321 170.41 160.879 159.174 158.952 168.011 160.698 161.331 162.085 157.343 32.4111 315.594 -128.551 45.8304 314.96 -190.87 66.8371 341.02 -208.033 82.9759 372.289 -201.487 95.0581 400.895 -177.827 32.7289 386.661 -125.341 14.2147 11.6248 14.4516
