177.452 160.38 160.392 165.272 169.543 178.161 157.159 159.931 160.563 162.712 -245.198 249.887 -92.4087 -246.111 249.569 -167.306 -211.819 256.775 -197.884 -173.726 259.913 -199.32 -132.717 266.298 -181.924 -181.754 290.428 -112.283 21.2968 14.1036 22.2317
178.482 159.714 159.767 165.04 169.683 177.661 156.311 159.375 160.286 162.457 -245.466 249.756 -92.6949 -246.354 249.451 -167.371 -212.271 256.89 -198.001 -174.259 260.186 -199.502 -133.536 266.256 -182.093 -182.319 290.446 -112.519 21.082 14.0765 22.2792
179.686 159.107 159.15 164.681 169.516 177.029 155.327 158.616 159.784 161.904 -245.542 249.364 -92.9475 -246.551 249.222 -167.382 -212.732 256.779 -197.982 -174.842 260.218 -199.546 -134.432 266.103 -182.182 -182.938 290.536 -112.764 20.8398 14.0266 22.2227
179.315 158.327 158.373 164.207 169.187 176.406 154.25 157.743 159.107 161.267 -245.566 248.795 -93.1313 -246.916 249.042 -167.357 -213.373 256.644 -197.909 -175.577 260.125 -199.537 -135.251 265.932 -182.272 -183.59 290.588 -113.014 20.7945 13.999 22.1254
178.833 157.821 157.762 163.748 168.734 175.914 153.704 157.065 158.434 160.639 -245.6 248.199 -93.2817 -247.463 248.937 -167.402 -213.983 256.415 -197.891 -176.198 259.84 -199.561 -135.907 265.789 -182.442 -184.187 290.566 -113.274 20.7871 14.0212 22.0582
178.276 157.27 157.305 163.254 168.024 175.457 153.085 156.389 157.627 159.848 -245.482 247.512 -93.5256 -247.867 248.765 -167.437 -214.542 256.077 -197.819 -176.819 259.519 -199.534 -136.461 265.842 -182.661 -184.692 290.509 -113.575 20.9012 14.017 21.9008
177.715 156.916 156.747 162.761 167.608 175.104 152.632 155.743 156.97 159.224 -245.245 246.632 -93.7731 -248.276 248.527 -167.561 -215.108 255.808 -197.832 -177.413 259.425 -199.646 -136.91 265.993 -182.92 -185.16 290.489 -113.919 21.0866 14.0435 21.7593
178.154 158.09 157.169 162.522 167.529 175.809 153.592 155.871 157.257 159.325 -245.849 246.327 -94.1934 -248.852 249.255 -168.758 -215.974 255.993 -198.195 -178.405 260.2 -200.238 -137.258 266.875 -183.808 -185.605 290.302 -114.329 21.6781 13.9937 20.8884
177.787 158.205 157.041 163.237 168.54 175.576 154.015 155.588 157.397 159.881 -245.622 245.492 -94.5137 -249.287 249.164 -169.36 -216.473 255.901 -198.526 -179.0 260.358 -200.74 -137.576 266.958 -184.379 -186.009 290.145 -114.673 21.893 13.9479 20.6281
177.96 158.021 156.814 163.247 168.882 175.686 153.931 155.43 157.223 159.911 -245.692 244.948 -94.7961 -249.721 248.966 -169.703 -216.814 255.633 -198.893 -179.44 260.071 -201.146 -138.006 266.788 -184.865 -186.322 289.909 -115.103 21.8898 13.8758 20.6856
178.639 158.191 156.985 163.589 169.548 176.207 154.235 155.727 157.397 160.268 -246.194 244.755 -95.1581 -250.284 248.899 -170.165 -217.303 255.536 -199.417 -179.964 259.718 -201.613 -138.577 266.232 -185.306 -186.676 289.63 -115.542 21.8035 13.8159 20.7472
179.027 158.166 157.02 163.692 170.06 176.545 154.249 155.852 157.463 160.41 -246.795 244.584 -95.6409 -250.77 248.741 -170.697 -217.816 255.436 -200.013 -180.491 259.415 -202.19 -139.251 265.605 -185.821 -187.054 289.27 -116.045 21.6247 13.7807 20.7823
178.999 158.361 156.803 163.77 170.49 176.424 154.652 155.896 157.648 160.604 -247.309 244.687 -96.3402 -251.298 248.652 -171.377 -218.375 255.639 -200.71 -180.775 259.71 -202.989 -139.78 265.408 -186.425 -187.52 289.129 -116.565 21.4149 14.0006 20.8007
178.889 158.548 156.739 163.872 170.56 176.215 154.92 155.982 157.885 160.63 -247.891 244.905 -97.1669 -251.845 248.562 -172.054 -219.041 255.82 -201.456 -181.272 260.015 -203.877 -140.417 265.327 -187.171 -188.014 288.99 -117.18 21.2927 14.1404 20.7974
178.637 158.622 156.731 163.885 170.199 175.921 155.029 156.077 158.072 160.5 -248.479 245.11 -97.9177 -252.331 248.491 -172.646 -219.7 256.013 -202.13 -181.805 260.323 -204.657 -141.002 265.41 -187.849 -188.504 288.87 -117.727 21.2497 14.2455 20.7754
178.461 158.739 157.143 164.126 170.002 175.717 155.192 156.2 158.094 160.432 -248.738 245.056 -98.7389 -252.764 248.51 -173.302 -220.415 256.041 -202.722 -182.486 260.336 -205.291 -141.613 265.565 -188.596 -189.017 288.946 -118.346 21.2742 14.2629 20.5276
177.992 158.716 157.33 163.943 169.48 175.391 154.786 155.789 157.569 159.915 -248.776 244.692 -99.4531 -252.929 248.345 -173.883 -220.989 255.968 -203.18 -183.116 260.37 -205.827 -142.264 265.815 -189.352 -189.472 289.059 -119.014 21.2366 14.2455 20.2238
177.793 158.516 157.496 164.098 169.389 175.264 154.503 155.405 157.131 159.671 -248.792 244.083 -100.133 -253.222 248.291 -174.588 -221.602 255.85 -203.685 -183.863 260.343 -206.39 -142.881 266.005 -190.142 -189.949 289.145 -119.746 21.3333 14.164 19.8846
177.386 158.186 157.278 163.685 169.008 175.052 154.034 154.853 156.533 159.206 -248.828 243.602 -100.915 -253.484 248.27 -175.313 -222.168 255.794 -204.2 -184.562 260.424 -206.985 -143.539 266.244 -190.939 -190.426 289.269 -120.524 21.3666 14.0956 19.5889
177.302 157.911 156.844 163.11 169.012 175.014 153.601 154.329 156.085 159.134 -249.078 243.419 -101.778 -253.833 248.273 -175.922 -222.613 255.868 -204.773 -185.113 260.644 -207.663 -144.114 266.544 -191.803 -190.873 289.356 -121.271 21.3326 14.0527 19.5547
177.225 157.525 156.337 162.508 169.174 174.982 153.045 153.855 155.74 159.115 -249.463 243.557 -102.683 -254.111 248.059 -176.413 -222.895 255.765 -205.33 -185.528 260.72 -208.288 -144.613 266.657 -192.537 -191.317 289.46 -122.053 21.2818 13.996 19.6785
177.534 157.403 155.939 162.351 169.717 175.203 153.018 153.798 155.862 159.434 -250.078 243.85 -103.588 -254.524 248.022 -177.136 -223.09 255.796 -206.132 -185.811 260.874 -209.096 -144.999 266.762 -193.324 -191.734 289.45 -122.862 21.227 13.9566 19.9013
177.81 157.623 155.935 162.485 170.214 175.456 153.239 154.084 156.3 159.929 -250.764 244.328 -104.548 -255.014 248.156 -177.922 -223.482 255.988 -207.012 -186.149 261.087 -210.017 -145.315 266.738 -194.133 -192.097 289.503 -123.648 21.2278 13.9959 20.0463
177.755 157.872 156.152 162.782 170.352 175.526 153.464 154.431 156.748 160.192 -250.969 244.299 -105.593 -255.334 248.294 -178.843 -223.803 256.22 -207.996 -186.443 261.376 -211.018 -145.564 266.775 -194.963 -192.409 289.599 -124.455 21.2426 14.0008 20.093
176.967 157.724 156.113 162.798 170.125 175.272 153.191 154.329 156.742 159.997 -250.554 243.626 -106.388 -255.518 248.43 -179.686 -224.005 256.371 -208.837 -186.693 261.483 -211.812 -145.785 266.586 -195.604 -192.722 289.782 -125.282 21.2833 13.9554 20.1093
176.667 157.299 155.873 162.619 169.554 175.123 152.824 154.084 156.524 159.494 -250.392 243.211 -107.077 -255.612 248.566 -180.465 -224.204 256.448 -209.519 -187.022 261.562 -212.463 -146.03 266.486 -196.151 -193.021 289.95 -126.033 21.3925 13.858 20.0007
176.12 156.73 155.397 162.302 168.978 174.889 152.122 153.577 156.117 158.909 -249.874 242.435 -107.735 -255.643 248.74 -181.179 -224.368 256.591 -210.152 -187.299 261.638 -213.084 -146.215 266.238 -196.685 -193.241 290.063 -126.843 21.541 13.7942 19.9353
175.932 155.832 154.834 160.506 167.314 175.174 150.87 152.869 155.207 157.951 -250.102 242.32 -108.262 -255.541 249.336 -182.032 -224.558 256.855 -210.617 -187.764 261.884 -213.391 -146.433 266.537 -197.301 -193.501 290.153 -127.642 21.8559 13.6281 19.5672
176.221 155.741 154.769 159.997 166.708 175.55 150.68 153.02 155.275 157.975 -250.809 242.869 -108.929 -255.727 250.086 -183.013 -224.693 257.232 -211.372 -188.02 262.256 -214.045 -146.403 267.038 -198.135 -193.643 290.172 -128.379 22.1426 13.5466 19.4135
176.671 155.912 155.021 159.836 166.266 175.981 150.976 153.443 155.586 158.136 -251.539 243.435 -109.782 -255.901 250.817 -184.205 -224.804 257.588 -212.289 -188.209 262.597 -214.868 -146.304 267.552 -199.051 -193.685 290.061 -129.105 22.4083 13.4716 19.1849
176.944 155.971 155.263 159.722 165.9 176.312 151.203 153.891 155.91 158.34 -252.204 243.999 -110.608 -256.038 251.433 -185.294 -224.998 258.022 -213.209 -188.436 263.03 -215.748 -146.336 268.186 -200.041 -193.749 289.999 -129.835 22.5789 13.4363 18.9884
176.739 155.75 155.484 159.392 165.289 176.283 150.919 153.956 155.758 158.129 -252.36 244.105 -111.326 -256.061 251.947 -186.107 -225.167 258.344 -213.887 -188.672 263.206 -216.314 -146.459 268.546 -200.732 -193.816 289.983 -130.447 22.6942 13.362 18.7828
176.467 155.387 155.3 158.962 164.783 176.155 150.706 154.03 155.67 158.048 -252.379 243.942 -111.982 -256.181 252.606 -187.014 -225.487 258.926 -214.657 -189.011 263.586 -217.041 -146.703 268.924 -201.593 -193.842 289.847 -131.04 22.7436 13.3192 18.5525
175.387 154.5 154.448 157.386 162.953 175.372 149.031 152.912 154.229 156.499 -251.629 242.713 -113.319 -255.93 253.107 -188.521 -225.753 259.457 -215.856 -189.478 263.792 -218.085 -147.299 269.148 -202.83 -194.062 289.811 -132.414 22.7035 13.1686 18.1278
175.166 153.975 153.804 156.484 162.121 175.132 147.979 151.964 153.13 155.523 -251.905 242.927 -113.93 -255.863 253.264 -189.077 -225.809 259.586 -216.33 -189.559 263.76 -218.499 -147.775 269.261 -203.359 -194.352 290.046 -133.109 22.3997 13.1745 18.0589
175.217 153.751 153.46 156.251 161.936 175.087 147.537 151.599 152.754 155.264 -252.454 243.439 -114.823 -255.89 253.361 -189.847 -225.702 259.658 -217.097 -189.44 263.681 -219.171 -148.021 269.292 -204.011 -194.616 290.179 -133.862 22.1026 13.1856 18.1541
175.998 154.153 153.684 156.778 162.342 175.628 147.794 151.899 153.118 155.602 -253.543 244.502 -115.818 -256.048 253.511 -190.658 -225.633 259.936 -218.038 -189.328 263.929 -220.079 -148.19 269.595 -204.832 -194.791 290.274 -134.575 21.8433 13.2088 18.373
176.38 154.613 153.968 157.382 162.847 175.971 148.253 152.33 153.642 156.182 -254.315 245.268 -116.837 -256.341 253.861 -191.523 -225.679 260.348 -219.003 -189.349 264.289 -221.039 -148.399 269.931 -205.725 -194.954 290.334 -135.234 21.6296 13.2041 18.5537
176.791 155.235 154.498 158.241 163.48 176.409 149.086 152.971 154.279 156.798 -255.178 245.955 -117.871 -256.758 254.409 -192.722 -225.843 260.818 -220.172 -189.46 264.588 -222.152 -148.698 270.164 -206.733 -195.186 290.463 -136.023 21.3869 13.1906 18.5974
177.019 155.891 155.06 159.057 164.176 176.737 149.948 153.697 154.983 157.532 -255.629 246.009 -118.591 -257.21 254.944 -193.805 -226.146 261.369 -221.231 -189.701 264.946 -223.146 -148.994 270.389 -207.637 -195.432 290.561 -136.685 21.2538 13.1794 18.5969
177.039 156.234 155.442 159.46 164.564 176.804 150.391 154.08 155.257 157.905 -255.676 245.562 -119.226 -257.661 255.439 -194.873 -226.556 261.846 -222.22 -190.069 265.245 -224.068 -149.433 270.636 -208.552 -195.755 290.674 -137.434 21.1333 13.1748 18.5192
177.165 156.567 155.842 159.846 164.754 176.917 150.583 154.244 155.219 157.866 -255.658 244.885 -119.812 -258.055 255.865 -195.957 -226.961 262.255 -223.181 -190.48 265.467 -224.904 -149.982 270.9 -209.389 -196.17 290.876 -138.259 20.995 13.1473 18.3915
177.202 157.124 156.457 160.424 165.197 177.113 151.134 154.854 155.711 158.325 -256.294 245.075 -120.667 -258.614 256.289 -197.097 -227.464 262.78 -224.324 -190.947 265.904 -225.957 -150.598 271.344 -210.385 -196.687 291.087 -139.122 20.8298 13.1463 18.3847
177.152 157.522 156.991 160.772 165.451 177.263 151.375 155.224 156.055 158.646 -257.656 246.212 -121.814 -259.174 256.548 -198.178 -228.017 263.222 -225.481 -191.501 266.47 -227.079 -151.378 272.083 -211.482 -197.398 291.528 -140.132 20.6204 13.1411 18.4328
177.013 157.761 157.475 160.995 165.62 177.341 151.66 155.483 156.179 158.793 -258.965 247.305 -122.977 -259.885 256.853 -199.239 -228.66 263.535 -226.575 -192.12 266.968 -228.168 -152.153 272.958 -212.642 -198.15 291.985 -141.19 20.5053 13.1693 18.4594
177.043 157.725 157.733 160.927 165.503 177.283 151.55 155.489 156.05 158.644 -259.953 248.141 -124.083 -260.459 257.022 -200.128 -229.282 263.724 -227.533 -192.747 267.31 -229.156 -152.935 273.618 -213.737 -198.798 292.394 -142.223 20.381 13.1779 18.4643
177.262 157.153 157.622 160.661 165.208 177.102 151.239 155.275 155.689 158.235 -260.407 248.467 -125.41 -261.159 257.41 -201.192 -229.961 263.982 -228.61 -193.383 267.606 -230.229 -153.71 274.174 -214.886 -199.536 292.849 -143.421 20.2979 13.2357 18.4648
177.335 156.646 157.395 160.415 164.999 176.94 151.151 155.04 155.314 157.854 -260.513 248.478 -126.474 -261.964 258.201 -202.324 -230.678 264.458 -229.64 -194.049 267.992 -231.249 -154.454 274.711 -215.994 -200.235 293.436 -144.578 20.2565 13.2945 18.4073
177.335 156.172 156.93 160.058 164.701 176.91 151.188 154.708 154.819 157.364 -260.741 248.249 -127.478 -262.943 259.34 -203.687 -231.445 265.2 -230.82 -194.766 268.484 -232.365 -155.194 275.214 -217.156 -200.94 293.855 -145.754 20.2631 13.35 18.3683
177.423 156.046 156.818 160.016 164.485 177.094 151.306 154.478 154.313 156.689 -261.398 248.343 -128.632 -263.788 260.38 -205.233 -232.235 265.962 -232.111 -195.527 268.906 -233.513 -156.01 275.653 -218.315 -201.659 294.356 -147.04 20.2412 13.388 18.2115
177.35 156.136 156.249 159.379 164.002 177.305 150.511 153.511 153.171 155.633 -262.779 249.465 -130.277 -264.377 261.181 -206.63 -232.928 266.745 -233.262 -196.279 269.491 -234.537 -156.955 276.296 -219.442 -202.492 295.074 -148.462 20.14 13.3943 18.0929
177.188 155.851 155.872 159.17 163.858 177.492 149.658 152.911 152.449 155.0 -264.149 250.434 -131.806 -265.042 261.855 -207.876 -233.706 267.478 -234.411 -197.153 270.092 -235.575 -158.036 277.072 -220.599 -203.469 295.826 -149.837 20.0166 13.3684 18.0484
177.123 155.732 155.861 159.286 164.145 177.622 149.506 152.989 152.477 155.218 -265.351 251.298 -133.158 -265.943 262.63 -209.039 -234.625 268.35 -235.584 -198.137 271.003 -236.714 -159.117 278.22 -221.874 -204.451 296.575 -151.023 19.9425 13.3357 18.083
177.188 155.573 155.811 159.217 164.226 177.7 149.083 152.854 152.302 155.108 -266.282 251.842 -134.382 -266.728 263.31 -210.15 -235.508 269.208 -236.705 -199.103 271.883 -237.781 -160.197 279.208 -223.011 -205.433 297.334 -152.181 19.8637 13.2922 18.0768
177.359 155.268 155.86 159.049 164.433 177.741 149.081 153.155 152.698 155.692 -267.026 252.137 -135.309 -267.777 264.058 -210.998 -236.821 270.154 -237.695 -200.467 273.074 -238.941 -161.529 280.498 -224.367 -206.459 297.902 -153.11 19.858 13.247 17.9875
177.792 154.496 155.15 157.966 163.924 177.708 148.259 152.775 152.537 155.544 -267.753 252.432 -136.147 -268.622 264.677 -211.561 -238.119 271.148 -238.402 -201.897 274.287 -239.85 -162.921 281.532 -225.441 -207.421 298.275 -153.854 19.8652 13.1488 17.8467
177.801 154.067 154.497 157.009 163.689 177.397 147.584 152.608 152.678 155.778 -268.299 252.66 -136.76 -269.544 265.051 -211.866 -239.373 271.991 -239.013 -203.207 275.426 -240.693 -164.075 282.436 -226.381 -208.389 298.791 -154.523 19.9675 13.1141 17.9165
177.634 153.729 153.776 156.127 163.242 177.069 146.605 152.144 152.529 155.663 -269.058 252.98 -137.37 -270.249 265.268 -212.119 -240.361 272.661 -239.536 -204.325 276.329 -241.346 -165.097 283.092 -227.069 -209.344 299.252 -155.147 20.0553 13.0353 18.0363
177.807 153.34 153.55 155.742 162.805 177.124 145.666 151.619 151.938 155.119 -269.955 253.173 -137.878 -270.759 265.458 -212.553 -241.122 273.186 -240.075 -205.234 276.91 -241.808 -166.104 283.672 -227.544 -210.338 299.836 -155.769 20.0146 12.9356 18.0387
178.035 153.335 153.771 156.226 162.942 177.401 145.937 151.739 151.886 155.044 -270.774 253.289 -138.296 -271.493 266.011 -213.271 -241.693 273.717 -240.727 -205.871 277.351 -242.284 -166.879 284.367 -227.973 -211.266 300.428 -156.298 19.9525 12.8807 18.0488
178.097 153.318 153.652 155.853 162.556 177.424 145.379 151.296 151.4 154.591 -271.476 253.488 -138.756 -271.953 266.267 -213.743 -242.228 274.224 -241.255 -206.512 278.052 -242.756 -167.691 285.22 -228.448 -212.114 300.971 -156.86 19.8792 12.8295 18.0924
178.176 152.821 153.377 155.554 162.308 177.42 144.912 150.99 151.093 154.31 -272.183 253.825 -139.262 -272.567 266.615 -214.15 -242.83 274.699 -241.756 -207.204 278.672 -243.221 -168.51 286.003 -228.926 -212.991 301.52 -157.405 19.8396 12.7865 18.1874
178.338 151.989 153.094 155.247 161.929 177.437 144.542 150.628 150.59 153.772 -272.854 254.239 -139.728 -273.287 267.374 -214.683 -243.551 275.331 -242.216 -207.959 279.213 -243.609 -169.367 286.554 -229.332 -213.807 302.102 -157.942 19.796 12.7769 18.1248
178.395 151.346 152.794 154.907 161.644 177.453 144.175 150.348 150.222 153.401 -273.59 254.811 -140.168 -274.078 268.132 -215.087 -244.3 275.998 -242.631 -208.706 279.785 -243.971 -170.188 287.116 -229.716 -214.631 302.695 -158.427 19.7734 12.7986 18.1535
178.372 150.829 152.643 154.737 161.423 177.477 143.905 150.252 149.962 153.171 -274.263 255.358 -140.686 -274.7 268.717 -215.446 -245.041 276.546 -242.972 -209.442 280.132 -244.255 -170.941 287.46 -230.071 -215.276 303.08 -158.811 19.7695 12.8031 18.0691
178.198 150.174 152.288 154.434 161.35 177.366 143.204 150.083 149.855 153.169 -275.1 256.233 -141.202 -275.349 269.05 -215.501 -245.866 277.007 -243.238 -210.27 280.578 -244.591 -171.751 287.901 -230.501 -216.009 303.57 -159.222 19.7891 12.8111 18.16
177.983 148.527 151.902 154.343 161.68 177.31 142.465 150.239 150.277 153.721 -276.565 257.57 -142.282 -276.772 269.854 -215.793 -247.414 278.033 -244.048 -211.817 281.689 -245.581 -173.168 288.93 -231.571 -217.345 304.339 -160.036 19.8731 12.8137 18.4757
177.602 147.584 151.423 154.202 161.856 177.117 142.11 150.274 150.656 154.175 -277.14 258.309 -142.674 -277.579 270.277 -215.769 -248.073 278.517 -244.396 -212.426 282.301 -246.108 -173.624 289.387 -232.069 -217.946 304.748 -160.377 19.9843 12.8641 18.8368
177.484 147.293 151.498 154.524 162.171 177.191 142.241 150.496 151.132 154.634 -277.912 259.106 -143.208 -278.287 270.647 -215.991 -248.624 278.939 -244.848 -212.949 282.915 -246.697 -174.045 289.945 -232.595 -218.474 305.091 -160.729 20.0518 12.8862 19.0829
177.508 147.756 152.004 155.27 162.668 177.389 143.009 151.003 151.748 155.234 -278.851 259.953 -143.757 -279.055 270.943 -216.446 -249.112 279.111 -245.371 -213.401 283.243 -247.285 -174.437 290.411 -233.118 -219.025 305.387 -161.109 20.0982 12.9028 19.2257
177.448 148.554 152.66 156.102 163.146 177.533 144.118 151.606 152.351 155.797 -279.612 260.572 -144.239 -279.822 271.366 -217.143 -249.551 279.184 -245.918 -213.794 283.292 -247.812 -174.77 290.575 -233.583 -219.503 305.594 -161.527 20.1477 12.914 19.2125
177.281 148.71 153.033 156.487 163.264 177.454 144.342 151.647 152.353 155.831 -280.301 261.269 -144.893 -280.362 271.611 -217.729 -249.889 279.126 -246.405 -214.113 283.2 -248.223 -175.142 290.683 -233.953 -220.12 306.057 -162.088 20.1491 12.9267 19.2213
177.305 149.24 153.261 156.809 163.366 177.502 145.095 151.773 152.324 155.859 -280.77 261.589 -145.446 -281.068 272.113 -218.53 -250.21 279.16 -246.955 -214.408 283.095 -248.66 -175.464 290.829 -234.402 -220.6 306.324 -162.63 20.1773 12.934 19.2044
177.462 150.005 153.592 157.187 163.456 177.563 145.78 151.862 152.279 155.791 -281.017 261.57 -146.006 -281.761 272.649 -219.458 -250.597 279.246 -247.592 -214.77 283.077 -249.211 -175.855 290.978 -234.947 -221.078 306.591 -163.275 20.1844 12.9508 19.1355
177.482 150.355 153.825 157.354 163.33 177.646 146.226 151.8 152.023 155.437 -281.298 261.632 -146.597 -282.165 273.089 -220.35 -250.948 279.357 -248.141 -215.135 283.082 -249.681 -176.29 291.102 -235.446 -221.432 306.809 -163.887 20.149 12.9394 18.9118
177.576 150.742 154.05 157.514 163.257 177.821 146.679 151.826 151.837 155.181 -281.423 261.286 -147.135 -282.6 273.493 -221.359 -251.314 279.527 -248.901 -215.515 283.132 -250.358 -176.706 291.237 -236.167 -221.73 306.903 -164.633 20.1232 12.9262 18.765
177.146 151.494 154.597 158.023 163.579 177.973 147.472 152.329 152.244 155.477 -282.252 261.731 -147.716 -283.082 273.772 -222.316 -251.684 279.707 -249.815 -215.873 283.272 -251.259 -177.076 291.431 -237.082 -221.988 306.993 -165.456 20.0918 12.9216 18.7734
176.844 151.945 155.062 158.477 163.905 178.062 148.228 152.915 152.734 155.881 -282.662 262.032 -148.398 -283.493 274.215 -223.295 -252.1 279.984 -250.682 -216.261 283.387 -252.115 -177.403 291.463 -237.964 -222.156 306.989 -166.223 20.1002 12.9252 18.6602
176.66 152.298 155.416 158.772 164.31 178.098 149.02 153.534 153.315 156.469 -283.174 262.439 -149.303 -283.985 274.595 -224.418 -252.53 280.185 -251.764 -216.671 283.51 -253.229 -177.674 291.52 -239.13 -222.301 306.882 -167.178 20.1706 12.9163 18.6295
176.422 152.359 155.752 159.072 164.496 178.239 149.268 153.882 153.687 156.777 -284.212 263.732 -150.625 -283.964 274.549 -225.572 -252.735 280.156 -252.814 -216.919 283.539 -254.294 -177.914 291.582 -240.208 -222.478 306.939 -168.224 20.1658 12.8641 18.4064
176.184 152.827 156.179 159.371 164.713 178.151 149.581 154.126 153.896 157.036 -285.032 264.685 -151.957 -283.963 274.565 -226.922 -252.79 280.081 -254.002 -217.025 283.513 -255.452 -178.038 291.65 -241.364 -222.629 307.039 -169.375 20.1498 12.8031 18.2437
176.321 152.838 156.395 159.217 164.555 178.258 149.252 153.902 153.599 156.753 -285.159 264.819 -153.208 -283.881 274.507 -228.16 -252.782 279.993 -255.101 -217.072 283.503 -256.487 -178.2 291.667 -242.399 -222.845 307.091 -170.552 20.0989 12.7788 18.1298
176.161 153.073 156.497 159.411 164.826 178.323 150.054 154.365 154.092 157.248 -285.647 265.326 -154.449 -284.22 274.952 -229.517 -252.808 280.21 -256.4 -217.102 283.693 -257.755 -178.284 291.817 -243.604 -222.985 307.006 -171.613 20.0406 12.7587 18.2419
175.895 153.773 157.064 160.091 165.48 178.284 151.116 155.266 155.085 158.236 -286.361 266.195 -155.775 -284.811 275.313 -230.665 -253.143 280.373 -257.654 -217.402 283.815 -259.044 -178.459 291.877 -244.84 -223.217 306.957 -172.623 20.1004 12.7445 18.4014
175.559 154.21 157.736 160.78 165.98 178.191 151.692 156.066 155.939 159.036 -287.284 266.931 -157.138 -285.222 275.098 -231.724 -253.645 280.208 -258.834 -217.954 283.599 -260.2 -178.862 291.564 -245.936 -223.665 306.84 -173.668 20.1832 12.6619 18.3678
174.995 155.133 158.986 161.998 166.725 177.954 152.549 157.123 156.888 160.017 -288.304 267.756 -158.549 -285.677 274.792 -232.878 -254.096 279.77 -260.05 -218.374 282.895 -261.273 -179.13 290.825 -246.928 -224.112 306.749 -174.723 20.2525 12.6167 18.3271
174.998 155.858 160.035 162.292 166.785 178.013 152.066 157.238 156.872 160.167 -289.025 268.061 -159.825 -285.599 273.782 -233.597 -254.264 278.879 -260.9 -218.652 281.92 -261.951 -179.49 289.908 -247.595 -224.564 306.539 -175.661 20.1905 12.4963 18.2454
175.255 155.718 160.469 162.474 166.728 178.326 151.943 157.332 157.016 160.185 -289.276 267.94 -160.908 -285.6 273.121 -234.336 -254.273 278.13 -261.653 -218.749 281.093 -262.604 -179.731 288.928 -248.086 -224.806 306.179 -176.366 20.0214 12.3927 18.2143
175.237 156.123 160.731 162.712 166.803 178.432 152.144 157.396 157.042 160.061 -289.548 267.554 -161.779 -285.972 272.567 -235.113 -254.431 277.459 -262.46 -218.967 280.338 -263.343 -180.088 288.133 -248.718 -225.059 305.77 -177.122 19.846 12.3195 18.3534
174.862 156.59 161.199 163.204 167.01 178.242 152.425 157.751 157.409 160.279 -290.046 267.627 -162.428 -286.258 271.973 -235.625 -254.652 276.856 -263.116 -219.151 279.641 -263.957 -180.393 287.414 -249.212 -225.371 305.625 -177.76 19.698 12.3214 18.4488
174.575 156.727 161.299 163.398 167.104 178.068 152.244 157.687 157.349 160.122 -290.685 267.879 -163.139 -286.491 271.407 -236.206 -254.746 276.273 -263.785 -219.255 278.99 -264.552 -180.619 286.782 -249.713 -225.72 305.592 -178.527 19.5811 12.308 18.6124
174.285 156.556 161.222 163.432 167.115 177.875 151.709 157.368 157.035 159.85 -291.27 267.975 -163.796 -286.73 270.983 -236.784 -254.941 275.763 -264.399 -219.454 278.313 -265.091 -180.897 286.114 -250.238 -226.102 305.543 -179.332 19.516 12.3132 18.6956
174.109 156.086 161.054 163.354 166.923 177.779 151.349 157.03 156.569 159.485 -291.862 268.1 -164.386 -287.044 270.933 -237.411 -255.144 275.411 -264.965 -219.616 277.619 -265.492 -181.172 285.513 -250.672 -226.519 305.518 -180.027 19.4619 12.3552 18.7027
173.802 156.189 161.17 163.562 166.962 177.619 151.328 157.026 156.42 159.381 -292.291 268.312 -164.835 -287.192 270.862 -237.824 -255.263 275.084 -265.295 -219.695 276.898 -265.621 -181.379 284.822 -250.819 -226.814 305.566 -180.472 19.3681 12.3954 18.6405
173.629 156.163 161.259 163.603 166.853 177.482 150.893 156.667 155.891 158.933 -292.46 268.182 -165.134 -287.163 270.555 -238.085 -255.234 274.573 -265.446 -219.677 276.121 -265.553 -181.567 284.239 -250.827 -227.147 305.676 -180.892 19.2612 12.4255 18.5768
173.535 155.968 161.131 163.535 166.884 177.375 150.576 156.284 155.559 158.797 -292.616 268.051 -165.313 -287.334 270.292 -238.261 -255.213 273.999 -265.525 -219.65 275.462 -265.5 -181.664 283.756 -250.808 -227.529 305.824 -181.241 19.2245 12.4578 18.6443
173.613 155.296 161.018 163.219 166.529 177.423 149.851 155.508 154.69 158.099 -292.723 267.833 -165.461 -287.252 269.936 -238.398 -255.035 273.259 -265.441 -219.516 274.538 -265.199 -181.736 283.057 -250.611 -227.813 305.831 -181.545 19.1445 12.4755 18.591
173.695 155.03 160.87 163.03 166.486 177.49 149.76 155.134 154.238 157.901 -292.775 267.642 -165.415 -287.325 269.517 -238.359 -254.822 272.367 -265.179 -219.3 273.477 -264.73 -181.671 282.341 -250.286 -228.029 305.748 -181.616 19.1042 12.5237 18.6496
173.704 154.991 160.696 162.887 166.536 177.513 149.905 154.927 154.043 157.936 -292.809 267.318 -165.319 -287.364 268.976 -238.388 -254.6 271.503 -264.989 -219.093 272.606 -264.41 -181.561 281.812 -250.101 -228.15 305.454 -181.655 19.1064 12.5462 18.7081
173.949 154.982 160.715 162.799 166.541 177.634 150.072 154.746 153.807 157.863 -292.761 266.952 -165.186 -287.404 268.462 -238.309 -254.496 270.645 -264.663 -219.013 271.737 -263.955 -181.577 281.316 -249.798 -228.281 305.255 -181.558 19.0793 12.5469 18.6578
