175.519 162.688 162.233 162.222 159.519 171.441 149.894 151.95 151.221 143.63 -60.6264 284.78 -43.9779 -43.9665 271.603 -99.9535 -16.4828 275.013 -118.918 12.6368 282.888 -115.362 36.723 294.675 -95.0955 -5.0871 331.268 -40.346 6.80956 6.9058 10.435
175.51 162.694 161.971 161.852 159.147 171.399 150.36 151.801 150.816 143.592 -61.1456 284.777 -43.5492 -44.8668 272.429 -100.69 -16.6354 275.338 -119.167 12.6065 282.788 -115.138 36.8064 294.704 -94.9836 -5.55346 331.508 -40.3592 6.97053 6.91998 10.4775
175.791 162.967 161.819 161.592 159.042 171.595 150.959 151.68 150.497 143.9 -62.0191 285.135 -43.3773 -45.7893 273.343 -101.574 -16.7764 275.683 -119.429 12.488 282.871 -115.053 36.8119 295.165 -95.3368 -6.10579 331.77 -40.4974 7.03744 6.92173 10.5442
176.084 163.203 161.695 161.348 159.08 171.775 151.365 151.493 150.2 144.444 -62.9325 285.579 -43.5534 -46.5571 274.059 -102.37 -16.9356 275.844 -119.635 12.2108 282.942 -115.099 36.6951 295.8 -96.108 -6.62002 331.807 -40.654 7.079 6.8437 10.6013
176.416 163.342 161.64 161.234 159.144 172.001 151.483 151.417 150.188 144.979 -63.8785 286.077 -43.5132 -47.2577 274.62 -102.737 -17.3729 276.217 -119.848 11.6575 283.449 -115.459 36.403 296.592 -96.9123 -7.18124 331.862 -40.7297 7.30959 6.78665 10.7003
177.104 163.152 162.292 162.227 160.191 172.819 150.821 151.901 150.966 146.157 -65.0002 286.374 -43.4602 -47.7098 274.71 -102.529 -18.5838 276.984 -120.488 10.5557 284.58 -116.547 35.9228 297.75 -98.1374 -7.70739 332.086 -40.868 7.7907 6.89886 10.6448
177.672 162.621 163.048 163.082 161.153 173.769 149.215 152.259 151.54 146.771 -66.5585 286.328 -43.0071 -48.786 274.739 -101.71 -21.0799 278.241 -121.324 8.44391 285.844 -117.733 34.5355 298.454 -98.9423 -8.88665 332.728 -41.2093 8.27145 7.163 10.8754
177.872 162.512 163.623 163.685 161.802 174.354 148.372 152.633 151.942 146.937 -66.8541 286.087 -42.6848 -48.9459 274.58 -100.924 -22.2353 279.011 -121.698 7.56975 286.567 -118.262 33.9162 298.726 -99.0843 -9.21653 333.306 -41.3733 8.39157 7.33602 11.2483
177.981 162.724 164.036 164.081 162.261 174.712 148.212 152.895 152.108 146.985 -67.1665 286.063 -42.4774 -49.2895 274.811 -100.73 -23.0923 279.615 -121.924 6.86806 287.039 -118.48 33.2615 299.032 -99.1644 -9.64156 334.016 -41.5847 8.36113 7.39721 11.339
177.741 162.468 163.552 163.48 161.468 174.489 148.563 152.692 151.794 146.476 -67.4497 286.465 -42.5606 -49.935 275.322 -100.983 -23.1652 279.915 -121.962 6.6763 287.262 -118.426 32.93 299.189 -99.04 -9.98482 334.362 -41.6991 8.27829 7.30232 11.4119
177.444 162.393 163.079 162.854 160.708 174.096 149.115 152.439 151.374 145.946 -67.6634 286.966 -42.6499 -50.5652 275.973 -101.517 -23.0773 280.117 -121.978 6.62995 287.388 -118.297 32.705 299.44 -99.002 -10.2533 334.615 -41.8106 8.1688 7.19991 11.3326
177.294 162.744 163.262 163.049 161.12 173.902 149.44 152.567 151.433 146.192 -67.775 286.895 -42.5316 -50.8552 276.467 -101.919 -23.4398 280.464 -122.085 6.26966 287.727 -118.399 32.2986 299.964 -99.3229 -10.4616 334.873 -41.8122 8.04562 7.18598 11.0405
177.09 162.901 163.36 163.145 161.379 173.658 149.627 152.709 151.527 146.477 -67.8118 286.855 -42.4396 -51.092 276.766 -102.114 -23.7708 280.745 -122.154 5.91104 288.106 -118.536 31.8992 300.6 -99.7184 -10.6687 335.134 -41.8376 7.93767 7.16896 10.8743
176.93 163.093 163.467 163.219 161.584 173.431 149.842 152.736 151.508 146.615 -67.8595 286.902 -42.464 -51.3319 277.143 -102.395 -24.0433 280.844 -122.115 5.58163 288.156 -118.487 31.4706 300.865 -99.9357 -10.7822 335.357 -41.8725 7.75248 7.10363 10.5904
176.675 163.154 163.466 163.202 161.681 173.116 149.899 152.672 151.406 146.633 -67.7785 286.969 -42.4057 -51.5963 277.52 -102.485 -24.313 280.942 -121.963 5.27376 288.114 -118.295 31.0611 300.97 -99.9784 -10.8648 335.619 -41.8823 7.57254 7.04568 10.3866
176.386 163.1 163.354 163.093 161.652 172.772 149.866 152.487 151.22 146.574 -67.694 287.027 -42.3686 -51.8145 277.829 -102.536 -24.4857 280.92 -121.745 5.02266 287.981 -118.057 30.6974 301.004 -99.9878 -10.9316 335.831 -41.9005 7.39724 6.96709 10.1989
175.875 162.751 162.565 162.259 160.577 172.081 150.052 151.85 150.538 145.837 -67.6653 287.599 -42.6892 -52.2709 278.315 -102.849 -24.1829 280.871 -121.514 5.10066 287.841 -117.706 30.6071 301.068 -99.8762 -11.0013 335.883 -41.9574 7.29019 6.81285 10.3028
175.347 162.607 162.014 161.587 159.813 171.381 150.312 151.445 150.094 145.464 -67.5442 288.129 -42.8433 -52.6225 278.627 -102.989 -23.9233 280.781 -121.276 5.18986 287.72 -117.429 30.5766 301.16 -99.8855 -10.9601 335.834 -41.8825 7.21141 6.69652 10.4608
174.888 162.468 161.528 160.998 159.134 170.798 150.444 151.098 149.716 145.044 -67.434 288.533 -42.9548 -52.8399 278.787 -103.054 -23.6977 280.726 -121.11 5.28881 287.671 -117.238 30.5583 301.214 -99.8269 -10.9332 335.79 -41.8493 7.14186 6.61849 10.6353
174.603 162.362 161.178 160.578 158.625 170.408 150.53 150.928 149.537 144.756 -67.3178 288.801 -43.0228 -52.9381 278.801 -103.048 -23.4825 280.713 -121.075 5.41493 287.66 -117.2 30.5996 301.151 -99.7678 -10.8564 335.669 -41.8129 7.08137 6.56507 10.8413
174.326 162.267 160.958 160.315 158.335 170.071 150.442 150.809 149.457 144.666 -67.192 289.061 -43.1515 -52.8611 278.657 -102.919 -23.3297 280.69 -121.09 5.4913 287.724 -117.301 30.6367 301.218 -99.91 -10.7698 335.618 -41.853 7.05325 6.52239 10.9765
174.662 162.094 161.348 160.98 159.09 170.43 149.838 151.091 149.963 145.184 -66.9997 288.614 -43.0501 -52.414 278.259 -102.465 -23.4657 280.705 -121.183 5.36299 287.86 -117.651 30.5839 301.185 -100.148 -10.599 335.58 -41.904 7.03384 6.53366 10.8998
174.836 161.795 161.954 161.773 160.066 170.792 148.739 151.524 150.687 146.113 -66.3712 288.122 -43.0863 -51.3158 277.326 -101.522 -23.3503 280.595 -121.387 5.50338 288.203 -118.36 30.8933 301.501 -100.89 -10.1054 335.612 -42.168 7.11752 6.61548 11.0174
174.664 161.774 161.933 161.672 159.939 170.672 148.78 151.758 151.106 146.592 -66.1146 288.472 -43.1464 -50.8703 276.837 -100.931 -23.0485 280.613 -121.401 5.75966 288.696 -118.779 31.2665 301.992 -101.292 -9.90514 335.64 -42.1251 7.27249 6.70502 11.3741
174.595 161.695 161.961 161.662 159.899 170.688 148.64 151.91 151.402 146.963 -65.8662 288.733 -43.086 -50.4463 276.443 -100.332 -22.7334 280.678 -121.406 6.07221 289.128 -119.095 31.7219 302.439 -101.592 -9.68302 335.698 -42.0785 7.46341 6.82379 11.7639
174.532 161.553 162.02 161.724 159.883 170.738 148.375 152.033 151.637 147.185 -65.6332 288.972 -43.0822 -50.0966 276.136 -99.798 -22.5549 280.751 -121.468 6.28174 289.406 -119.376 32.0725 302.619 -101.765 -9.4927 335.798 -42.1038 7.60204 6.92592 12.1183
174.538 161.458 162.139 161.853 159.909 170.818 148.232 152.278 151.977 147.461 -65.4308 289.169 -42.9906 -49.7389 275.862 -99.273 -22.4015 280.872 -121.52 6.46373 289.714 -119.609 32.3531 302.774 -101.836 -9.31675 335.873 -42.0332 7.69184 7.0269 12.4712
174.578 161.312 162.201 161.945 159.962 170.95 147.99 152.375 152.166 147.663 -65.0736 289.147 -42.8487 -49.2726 275.52 -98.7213 -22.1438 280.789 -121.408 6.70132 289.786 -119.655 32.688 302.745 -101.79 -9.09581 335.896 -41.9584 7.7802 7.08484 12.7251
174.662 161.271 162.333 162.119 160.063 171.104 147.854 152.465 152.326 147.745 -64.7495 289.046 -42.6824 -48.9146 275.287 -98.2934 -21.9554 280.667 -121.247 6.86284 289.748 -119.592 32.8922 302.569 -101.579 -8.9495 335.975 -41.8828 7.8033 7.1091 12.8577
174.755 161.096 162.317 162.117 159.988 171.29 147.538 152.433 152.362 147.7 -64.4733 289.06 -42.6447 -48.4514 275.074 -97.8121 -21.7446 280.694 -121.114 7.07001 289.956 -119.597 33.1768 302.671 -101.463 -8.72368 336.024 -41.8091 7.88899 7.20081 13.0757
174.871 160.859 162.166 161.963 159.785 171.399 147.292 152.322 152.294 147.539 -64.1675 289.086 -42.634 -48.0017 274.956 -97.4945 -21.3589 280.78 -120.98 7.41254 290.232 -119.538 33.5284 302.882 -101.313 -8.47554 335.947 -41.6745 7.95999 7.27372 13.2747
175.029 160.822 161.987 161.729 159.536 171.469 147.317 152.004 151.917 147.12 -63.9561 289.264 -42.7372 -47.6603 275.192 -97.6559 -20.8173 280.837 -120.765 7.86563 290.319 -119.246 33.909 303.026 -101.04 -8.19117 335.918 -41.55 7.96894 7.23618 13.1073
175.177 160.88 161.793 161.494 159.259 171.494 147.53 151.642 151.45 146.573 -63.7037 289.347 -42.8734 -47.3419 275.592 -98.1848 -20.1106 280.749 -120.553 8.44852 290.173 -118.858 34.3169 303.029 -100.726 -7.84031 335.818 -41.4871 7.89639 7.12397 12.7071
175.322 160.911 161.491 161.122 158.923 171.51 147.728 151.132 150.77 145.888 -63.4501 289.469 -43.0527 -46.9343 276.059 -98.7464 -19.2583 280.67 -120.243 9.16968 289.953 -118.278 34.7962 303.026 -100.294 -7.44059 335.764 -41.3913 7.77887 6.96771 12.2792
175.773 161.307 161.95 161.46 159.748 171.881 148.011 151.134 150.549 146.066 -63.2222 289.094 -43.0611 -46.3265 276.381 -99.3889 -18.8056 280.482 -120.013 9.76901 289.661 -117.839 35.2662 303.073 -100.193 -6.93675 335.669 -41.3058 7.71713 6.99478 11.5546
176.063 161.844 162.289 161.798 160.444 172.093 148.484 151.154 150.257 145.956 -62.8137 288.918 -42.986 -45.7271 276.985 -100.137 -18.1664 280.576 -119.83 10.5824 289.419 -117.233 35.891 303.102 -99.7825 -6.3186 335.885 -41.2287 7.59071 6.95273 10.9196
176.076 162.08 162.551 162.206 160.982 172.229 148.52 151.326 150.29 146.028 -62.18 288.586 -42.587 -45.1427 277.339 -100.247 -17.8417 280.86 -119.74 11.1169 289.316 -116.832 36.4181 302.968 -99.3419 -5.72621 336.216 -41.1008 7.51264 6.95978 10.6431
175.826 162.137 162.413 161.98 160.502 172.036 148.841 151.325 150.18 145.542 -61.4332 288.865 -42.2462 -44.6617 277.693 -100.231 -17.0239 280.969 -119.493 12.0155 289.154 -116.29 37.2155 302.641 -98.485 -5.04511 336.584 -40.8934 7.40341 6.93379 10.6531
175.752 162.221 162.37 161.945 160.22 171.962 149.007 151.472 150.337 145.354 -60.7146 289.283 -41.9156 -44.0182 277.618 -99.6444 -16.3237 280.852 -119.052 12.7617 288.889 -115.774 37.922 302.149 -97.6835 -4.32656 336.808 -40.5939 7.33149 6.9284 10.7684
175.821 162.235 162.318 161.948 160.005 172.033 148.942 151.521 150.479 145.167 -59.9269 289.72 -41.7028 -43.1207 277.465 -98.9194 -15.4654 280.767 -118.549 13.6623 288.779 -115.261 38.822 301.758 -96.7935 -3.55234 336.968 -40.2022 7.35658 6.96315 10.9147
175.706 162.1 161.966 161.589 159.497 171.83 148.779 151.07 150.09 144.489 -58.8404 289.778 -41.5367 -41.9627 277.57 -98.5628 -14.1094 280.572 -117.802 14.9081 288.604 -114.444 39.9145 301.44 -95.735 -2.57661 336.873 -39.6877 7.30729 6.91864 10.8109
175.376 161.723 161.36 160.875 158.709 171.355 148.491 150.227 149.165 143.45 -57.869 289.835 -41.4717 -40.706 278.048 -98.6725 -12.5086 280.379 -117.003 16.3627 288.187 -113.312 41.1513 301.002 -94.566 -1.45615 336.498 -39.0499 7.20543 6.79734 10.469
175.425 161.54 161.607 161.247 159.267 171.399 147.663 150.03 148.91 143.102 -56.7229 289.833 -40.682 -38.9935 278.309 -97.7425 -11.4527 280.685 -116.11 17.607 288.111 -112.144 42.3105 300.662 -93.157 -0.0833896 336.636 -38.13 7.10499 6.86202 10.1543
175.352 161.407 161.422 161.15 158.779 171.333 147.445 150.037 148.954 142.389 -55.2792 290.329 -39.3901 -37.3534 278.348 -95.9767 -10.0322 280.931 -114.699 19.1572 288.113 -110.583 43.7479 300.046 -90.8261 1.42346 336.927 -36.754 7.14726 6.92736 10.3275
175.565 161.273 161.125 160.858 158.251 171.323 147.414 149.854 148.768 141.834 -53.8527 290.999 -38.5937 -35.3111 278.466 -94.6465 -7.78305 280.893 -113.091 21.2557 287.935 -108.689 45.6138 299.564 -88.5081 3.19831 336.716 -35.0694 7.08948 6.83167 10.361
175.793 161.166 161.3 161.024 158.684 171.538 146.623 149.454 148.239 141.144 -52.2747 291.099 -37.2135 -32.7209 278.893 -92.9338 -5.51451 281.323 -111.102 23.566 287.887 -106.102 47.5446 299.089 -85.3755 5.1418 336.603 -32.7735 6.95217 6.82565 10.1279
176.009 161.107 161.156 161.134 158.522 171.676 146.785 149.648 148.587 141.063 -50.4173 291.07 -35.0773 -30.6287 278.7 -90.4308 -2.98968 281.04 -108.554 26.0434 287.126 -103.073 49.6821 297.564 -81.429 7.08415 336.165 -29.9306 7.08418 6.77719 10.4513
176.144 161.045 160.677 160.696 158.084 171.385 147.23 149.156 148.09 140.751 -48.6412 291.141 -33.1649 -28.2308 278.583 -88.4913 0.035789 279.853 -105.141 28.6825 285.31 -98.902 51.8594 295.657 -77.131 8.99485 335.091 -26.6421 6.80877 6.50271 9.95444
176.222 161.581 160.663 160.496 158.031 171.237 147.422 148.79 147.489 140.184 -47.1182 290.827 -31.3078 -25.8799 277.847 -85.9676 2.82461 278.556 -101.636 31.1772 283.273 -94.4839 53.7395 293.258 -72.2915 10.8008 333.816 -23.1394 6.58318 6.32084 9.75516
176.617 162.135 160.868 160.848 158.456 171.197 148.535 149.146 147.906 140.898 -45.5903 290.198 -27.8419 -23.827 276.269 -82.4369 5.34108 276.163 -97.0197 33.4695 280.689 -89.4461 55.7095 290.998 -67.3145 12.3521 332.366 -18.8774 6.33594 6.199 9.46797
177.066 162.542 160.906 161.002 158.699 171.299 149.299 148.997 147.697 140.991 -44.4867 289.409 -24.4754 -21.931 274.977 -79.105 7.61361 273.456 -91.9382 35.2865 277.371 -83.538 56.9525 287.921 -61.5877 13.4789 330.691 -14.4833 5.88912 5.98063 8.93753
177.291 162.714 160.697 160.795 158.544 171.339 149.62 148.596 147.09 140.455 -43.6399 288.089 -21.2367 -20.3911 273.625 -75.9678 9.71075 270.925 -87.2486 37.0385 274.004 -77.7028 58.0272 284.596 -55.6596 14.3818 328.824 -10.3241 5.60255 6.01776 8.84683
177.388 163.169 161.006 161.21 158.996 171.436 150.302 148.98 147.437 140.814 -43.1858 286.703 -17.6107 -19.2891 271.608 -72.3725 11.2715 268.337 -82.8246 38.5372 271.028 -72.5568 58.9879 281.768 -50.3062 15.0142 327.135 -6.18916 5.42886 6.1827 8.95204
177.615 163.807 161.542 161.821 159.61 171.618 151.288 149.843 148.255 141.645 -43.0196 285.145 -13.4408 -18.5822 268.87 -68.1085 12.276 265.632 -78.3462 39.6785 268.349 -67.7122 59.853 279.417 -45.3334 15.3598 325.372 -1.87087 5.36099 6.36451 9.06567
177.498 164.145 161.848 162.123 159.845 171.419 151.8 150.386 148.82 142.118 -43.169 283.862 -8.77607 -18.3406 266.212 -63.2741 12.5756 263.259 -73.7257 40.1834 266.208 -63.0883 60.2749 277.646 -40.7198 15.5515 323.782 2.58612 5.29255 6.47941 9.10485
177.347 164.392 162.155 162.429 160.116 171.083 152.408 151.029 149.555 142.873 -43.4724 282.415 -3.78944 -18.621 263.422 -58.2874 12.3666 260.717 -69.0518 40.2025 264.079 -58.7055 60.3293 276.018 -36.5735 15.4493 322.131 6.99847 5.1755 6.53866 9.18188
177.001 164.523 162.35 162.588 160.275 170.71 152.638 151.364 150.058 143.595 -43.9519 281.302 0.587161 -19.1275 261.47 -53.8968 11.7042 259.141 -65.07 39.7569 262.98 -55.2376 60.1181 275.397 -33.5328 15.1598 320.853 11.0243 5.02428 6.53126 9.13379
176.509 164.423 162.431 162.558 160.202 170.258 152.646 151.551 150.361 144.186 -44.6749 280.303 4.85036 -20.0539 259.99 -49.8127 10.3809 258.028 -61.5251 38.6127 262.334 -52.3661 59.4293 275.139 -31.2254 14.6879 319.672 14.8034 4.96651 6.4747 8.96012
176.302 164.59 162.895 162.991 160.576 170.046 153.069 152.303 151.255 145.391 -45.3923 279.523 9.3785 -21.2398 258.685 -45.6249 8.76392 257.158 -58.1869 37.1518 261.861 -49.7886 58.485 274.941 -29.1798 14.1309 318.838 18.5105 5.0029 6.40352 8.8479
175.976 164.825 163.462 163.582 161.215 169.718 153.623 153.257 152.449 147.066 -45.9766 279.013 13.8936 -22.7861 257.432 -41.2629 6.62671 256.357 -54.816 35.2837 261.59 -47.371 57.3635 275.039 -27.4346 13.3536 318.41 22.0229 5.25455 6.41589 8.7147
175.509 164.912 163.913 164.07 161.592 169.388 153.972 154.053 153.429 148.301 -46.8456 278.763 17.9675 -24.8579 256.567 -37.3479 4.09576 255.728 -51.9497 33.0369 261.208 -45.3125 55.8859 274.721 -25.7821 12.4776 318.062 25.1457 5.54659 6.46275 8.72472
174.015 164.22 163.475 163.179 160.302 168.092 153.747 154.406 153.413 148.18 -47.5444 278.37 22.7285 -27.0696 255.863 -32.8255 1.0984 255.365 -48.9324 30.2611 261.287 -43.1385 54.044 274.882 -24.1133 11.6049 317.631 28.1003 5.98644 6.52338 8.81074
172.328 163.476 162.836 162.048 158.833 166.52 153.385 154.399 153.069 147.692 -48.2883 278.29 26.9682 -28.9818 255.494 -29.0168 -1.36992 255.417 -46.3057 28.011 261.814 -41.2399 52.4613 275.506 -22.6201 10.7776 317.331 30.7277 6.33629 6.64906 9.01659
171.345 163.218 162.667 161.623 158.324 165.577 153.489 154.862 153.41 148.072 -49.0615 278.061 30.5523 -30.6349 255.072 -25.6634 -3.45735 255.543 -44.0565 26.0117 262.334 -39.6978 50.8599 276.13 -21.5318 9.93692 317.04 33.0793 6.47468 6.71445 9.33965
169.992 163.145 162.68 161.489 157.771 164.347 154.03 155.85 154.321 148.737 -51.0602 276.97 36.5331 -34.4014 253.116 -20.1706 -7.94134 254.014 -40.2092 21.7428 261.02 -36.937 47.3128 274.706 -19.2361 7.95539 315.675 36.6848 6.63586 6.80846 9.78973
169.624 163.125 162.63 161.462 157.531 163.996 154.268 156.061 154.467 148.83 -52.0211 276.951 39.147 -36.5561 252.448 -17.5306 -10.2352 253.498 -38.2797 19.7185 260.64 -35.6292 45.6553 274.372 -18.324 6.90485 315.257 38.2486 6.78588 7.00365 10.0779
169.486 163.32 162.681 161.415 157.344 163.91 154.66 156.284 154.467 148.862 -52.855 277.086 41.3069 -38.4331 252.496 -15.6354 -12.0009 253.637 -36.7268 18.105 260.727 -34.3101 44.2803 274.58 -17.3813 6.03076 315.097 39.8471 6.86863 7.08476 10.2703
169.404 163.799 162.955 161.63 157.53 163.82 155.363 156.713 154.747 149.183 -53.8125 277.646 42.9716 -40.2169 252.792 -14.249 -13.6896 253.878 -35.483 16.5478 260.799 -33.2307 42.8495 274.7 -16.6078 5.20176 315.185 41.1122 6.83049 7.13748 10.3555
169.449 164.247 163.129 161.796 157.718 163.766 156.046 157.069 154.922 149.399 -54.6572 277.972 44.347 -41.7175 252.797 -13.0347 -15.0345 253.724 -34.2411 15.2707 260.347 -31.9623 41.5814 274.314 -15.62 4.37686 315.17 42.1512 6.73295 7.13986 10.3959
169.706 164.578 163.195 161.962 157.945 163.848 156.459 157.196 154.966 149.325 -55.1872 277.65 45.5827 -43.0195 252.854 -11.9597 -16.1082 253.511 -33.0189 14.2131 259.813 -30.6183 40.3886 273.684 -14.2969 3.52488 315.197 43.1318 6.53008 7.11662 10.4063
169.753 164.698 163.067 161.854 157.805 163.935 156.63 157.052 154.701 148.909 -55.8579 277.689 46.8592 -44.6508 253.718 -11.1756 -17.3274 254.064 -32.0464 13.181 259.957 -29.4163 39.4343 273.581 -12.924 2.61218 315.555 44.1718 6.57537 7.22717 10.5065
170.144 164.679 162.877 161.738 157.654 164.432 156.579 156.637 154.312 148.413 -56.7775 277.976 47.8287 -46.2991 255.051 -10.663 -18.5657 255.086 -31.2497 12.095 260.604 -28.433 38.4957 273.855 -11.6827 1.68316 316.039 45.2556 6.69001 7.32223 10.5644
170.238 164.798 162.948 161.8 157.667 164.558 156.809 156.735 154.415 148.479 -57.6599 278.592 48.861 -47.8046 256.363 -10.1912 -19.5647 256.21 -30.7052 11.2968 261.417 -27.6575 37.7748 274.314 -10.556 0.755212 316.574 46.3727 6.8168 7.46657 10.8057
170.383 164.86 162.972 161.877 157.838 164.735 156.901 156.763 154.478 148.527 -58.3551 278.877 49.9183 -48.7996 257.259 -9.4679 -20.0921 256.977 -29.8357 10.8894 261.984 -26.5286 37.3053 274.632 -9.08524 -0.0828553 317.022 47.5566 6.89621 7.57919 11.0285
170.478 164.818 162.87 161.826 157.872 164.85 156.825 156.667 154.395 148.372 -59.2758 278.984 50.9531 -49.9126 257.76 -8.63504 -20.9483 257.308 -28.9002 10.0821 261.973 -25.3127 36.4114 274.329 -7.57282 -1.02405 317.205 48.6135 6.89076 7.6255 11.1577
170.708 164.313 162.339 161.413 157.538 165.164 156.039 155.763 153.586 147.593 -60.4985 279.059 51.5113 -51.3584 259.191 -8.34037 -22.3233 258.294 -28.1758 8.70851 262.386 -24.3041 35.0892 274.237 -6.3116 -2.11248 317.49 49.5451 6.91489 7.62357 11.0219
170.558 163.47 161.681 160.753 156.941 165.298 154.879 154.716 152.699 146.842 -61.7288 279.515 52.5387 -52.5989 260.21 -7.13308 -23.8754 259.351 -26.8863 7.30164 263.286 -23.0516 33.9674 274.861 -5.00079 -3.23216 317.919 50.8238 7.14684 7.72692 10.8617
170.253 162.744 161.088 160.08 156.341 165.241 153.872 153.829 151.838 146.17 -63.0325 280.497 53.7312 -53.636 261.382 -5.69839 -25.0637 260.557 -25.3526 6.27332 264.294 -21.3615 33.0882 275.686 -3.29575 -4.33436 318.687 52.2358 7.33378 7.87812 10.8175
169.877 162.135 160.507 159.484 155.813 165.046 153.059 153.252 151.31 145.584 -64.3394 281.438 55.2538 -54.346 262.121 -3.90936 -25.805 261.367 -23.581 5.53599 264.921 -19.3934 32.1658 276.068 -1.10624 -5.3568 319.23 53.8649 7.30442 7.92839 10.9208
169.957 162.001 160.377 159.436 155.806 165.188 152.629 152.96 151.145 145.362 -65.6439 281.936 56.8075 -55.7255 263.177 -2.43253 -27.2882 262.228 -22.074 4.02735 265.452 -17.8206 30.5925 276.227 0.625719 -6.44709 319.743 55.4184 7.19993 7.9018 10.8834
169.863 162.036 160.338 159.348 155.659 165.222 152.309 152.626 150.802 144.968 -66.6771 282.443 58.5322 -57.2352 264.268 -0.767893 -29.1079 263.403 -20.4726 2.27804 266.502 -16.3069 29.0161 277.106 2.11939 -7.53946 320.563 57.0585 7.22504 7.9243 10.7543
170.137 162.037 160.495 159.377 155.742 165.805 151.744 152.131 150.383 144.558 -67.9861 283.448 60.1878 -58.4014 265.535 1.24825 -30.684 264.797 -18.4582 0.863997 267.739 -14.3617 27.8511 278.047 4.16234 -8.57825 321.618 58.9584 7.42978 8.03133 10.5799
170.234 161.905 160.304 159.247 155.535 166.118 151.499 151.809 150.208 144.348 -69.3303 284.127 61.9238 -59.7259 266.349 2.97229 -31.8792 265.493 -16.763 -0.14818 268.104 -12.5946 26.8243 278.03 6.19042 -9.62366 322.083 60.6416 7.53949 8.19499 10.6959
170.223 161.723 160.034 159.019 155.241 166.29 151.276 151.58 150.009 143.997 -70.2657 284.359 63.8116 -60.8039 266.776 4.7745 -32.7407 266.082 -15.2083 -0.913187 268.521 -11.0049 26.0452 278.214 7.97781 -10.4144 322.272 62.334 7.64387 8.30122 10.9828
169.781 161.452 159.61 158.573 154.748 165.904 150.95 151.142 149.591 143.419 -71.1609 285.317 65.9784 -61.9498 267.818 6.70428 -33.8799 267.227 -13.3991 -2.04046 269.614 -9.3107 24.8879 279.198 9.63483 -11.2336 322.946 64.1535 7.59173 8.32581 11.0974
170.435 161.808 160.016 159.016 155.136 166.602 150.977 151.328 149.836 143.406 -72.08 285.765 68.2072 -63.4175 268.945 8.81033 -35.5045 268.555 -11.7205 -3.59844 270.703 -7.79688 23.4748 279.964 11.3025 -12.0407 323.732 66.0869 7.66192 8.35253 11.23
170.96 161.969 160.369 159.474 155.552 167.129 150.957 151.422 150.134 143.638 -72.7689 286.394 70.5227 -64.5957 270.009 11.1723 -37.0984 269.522 -9.49552 -5.21558 271.577 -5.98583 22.0286 280.548 13.0852 -12.7784 324.537 68.1793 7.67566 8.28289 11.0378
171.125 162.213 160.568 159.779 155.998 167.359 151.282 151.487 150.469 144.177 -73.5297 287.417 72.7242 -65.4313 270.983 13.1775 -38.1166 270.269 -7.30281 -6.19355 272.328 -4.11428 21.183 281.142 14.8589 -13.4176 325.33 70.2872 7.67977 8.27255 10.7948
171.314 162.286 160.628 159.86 156.149 167.677 151.498 151.443 150.609 144.498 -74.6035 288.515 74.7116 -66.3041 271.804 14.9721 -39.1261 270.895 -5.36967 -7.13619 272.869 -2.44177 20.4304 281.485 16.4172 -13.9748 325.721 72.3022 7.72277 8.28979 10.5905
171.175 162.096 160.346 159.511 156.096 167.565 151.616 151.111 150.407 144.828 -75.4563 289.78 76.9945 -67.0446 272.305 16.9081 -40.0034 270.921 -3.09494 -7.8888 272.865 -0.470631 19.9729 281.611 17.82 -14.3663 325.898 74.2414 7.74406 8.37153 10.2686
170.94 161.853 160.201 159.23 156.084 167.456 151.621 150.915 150.242 145.148 -76.0638 290.727 79.4391 -67.8804 272.664 19.0354 -41.0649 271.069 -0.910711 -8.64372 272.912 1.47127 19.6879 281.819 19.2366 -14.6573 326.088 76.1729 7.94026 8.59153 10.0864
170.795 161.434 159.919 158.83 155.787 167.496 151.466 150.698 149.989 145.153 -76.6123 290.839 81.5356 -68.6397 272.383 20.9171 -41.9719 270.828 0.811774 -9.28456 272.593 3.03191 19.4055 281.682 20.3895 -14.9074 325.768 77.7825 8.10179 8.78638 10.0556
170.547 160.94 159.452 158.166 155.252 167.267 151.198 150.238 149.402 144.922 -77.3719 291.863 83.865 -69.3027 272.472 22.9106 -42.6715 270.676 2.81621 -9.75604 272.143 5.05465 19.2805 281.397 21.8767 -15.018 325.591 79.494 8.27553 8.98347 10.0213
170.3 160.476 159.036 157.554 154.805 167.057 150.889 149.777 148.786 144.667 -77.7267 292.563 86.3065 -69.7765 272.64 24.9755 -43.2841 270.516 5.01377 -10.2096 271.713 7.30965 19.1188 281.146 23.5786 -15.0362 325.623 81.1891 8.41676 9.14298 9.8791
169.912 159.853 158.504 156.842 154.246 166.724 150.387 149.293 148.153 144.237 -78.0009 293.065 88.4971 -70.1973 272.628 26.9643 -43.8556 270.459 6.90254 -10.5798 271.559 9.14609 18.9837 281.136 25.0074 -14.9968 325.503 82.7422 8.54754 9.32236 9.86201
169.618 159.214 157.851 156.051 153.705 166.366 149.837 148.566 147.34 143.767 -78.5746 294.608 90.6796 -70.5379 273.438 28.8312 -44.1361 270.74 9.04106 -10.7442 271.638 11.2848 18.9769 281.332 26.6293 -14.8913 325.722 84.4167 8.63699 9.46004 9.79576
169.369 158.868 157.485 155.583 153.404 166.08 149.674 148.249 146.895 143.611 -79.1498 295.998 92.9278 -70.8182 274.016 30.5994 -44.3538 270.949 10.9565 -10.8175 271.673 13.2289 19.0433 281.49 28.1611 -14.7589 325.866 86.1439 8.71345 9.60519 9.77157
169.398 158.818 157.442 155.47 153.417 166.041 149.705 148.25 146.75 143.689 -79.5865 297.221 94.5887 -70.9482 274.554 32.0977 -44.5134 271.312 12.5527 -10.9393 271.942 14.822 18.9759 281.896 29.4097 -14.6179 326.093 87.7386 8.69041 9.64022 9.70113
169.356 158.379 157.026 155.034 153.052 165.974 149.336 147.885 146.354 143.467 -80.0731 298.419 96.1958 -70.9342 275.019 33.5375 -44.5541 271.533 14.1642 -10.9569 272.184 16.3564 18.9799 282.24 30.6805 -14.4878 326.248 89.2356 8.67561 9.65449 9.58806
169.497 158.183 156.944 154.937 152.914 166.016 149.219 147.769 146.187 143.25 -80.451 299.591 97.7543 -70.9154 275.635 34.8249 -44.6178 271.832 15.6086 -10.9741 272.328 17.8416 19.0364 282.431 32.0324 -14.244 326.575 90.5498 8.69934 9.68998 9.46625
