170.01 158.237 157.115 155.091 153.138 166.317 149.446 148.064 146.424 143.488 -80.8234 300.307 99.3862 -70.6718 275.561 36.192 -44.4386 271.679 16.9706 -10.7715 272.247 19.2139 19.2451 282.508 33.3173 -14.0573 326.877 91.7739 8.69144 9.68592 9.39832
170.564 158.449 157.366 155.386 153.352 166.565 149.624 148.328 146.699 143.558 -80.7227 300.73 100.627 -70.327 275.966 37.3888 -44.2225 272.118 18.1532 -10.6062 272.767 20.3456 19.3847 283.018 34.5955 -13.7555 327.447 93.0236 8.62908 9.60205 9.28948
170.84 158.393 157.283 155.36 153.212 166.594 149.744 148.475 146.833 143.515 -80.7296 301.205 101.7 -69.8064 275.533 38.5786 -43.7544 271.836 19.2796 -10.241 272.809 21.3927 19.5946 283.356 35.6219 -13.4823 327.614 94.072 8.48423 9.4783 9.2434
171.197 158.414 157.33 155.511 153.233 166.753 149.829 148.673 147.145 143.581 -80.596 301.274 102.806 -69.1586 274.891 39.767 -43.1808 271.405 20.3113 -9.73338 272.751 22.2655 19.9106 283.513 36.6263 -13.2076 327.726 94.9656 8.34064 9.39105 9.23146
171.19 158.273 157.186 155.414 153.067 166.678 149.647 148.568 147.16 143.449 -80.2049 301.037 104.027 -68.8229 274.739 40.9461 -42.8754 271.37 21.3138 -9.4336 272.952 23.0938 20.1542 283.762 37.532 -12.9392 327.937 95.8103 8.3026 9.3639 9.28674
171.311 158.072 156.947 155.191 152.769 166.679 149.527 148.357 147.005 143.212 -79.8744 300.797 104.92 -68.5736 274.549 41.7111 -42.5381 271.063 22.1405 -9.09279 272.778 23.8791 20.4311 283.657 38.2916 -12.7308 327.87 96.402 8.28411 9.37587 9.3182
171.606 158.174 157.01 155.201 152.601 166.695 149.762 148.442 147.035 142.997 -79.4443 300.823 105.867 -68.4204 274.631 42.43 -42.2133 270.912 22.9741 -8.72353 272.699 24.7815 20.7289 283.654 39.2522 -12.4716 328.015 97.055 8.26251 9.42361 9.37651
172.04 158.333 157.15 155.285 152.519 166.932 150.058 148.618 147.164 142.884 -79.3692 301.031 106.692 -68.3823 274.627 42.9549 -42.0144 270.729 23.554 -8.42913 272.577 25.4314 20.9949 283.578 40.024 -12.3161 328.094 97.5349 8.29002 9.50766 9.45549
172.457 158.517 157.286 155.399 152.523 167.21 150.38 148.814 147.323 142.758 -79.4214 301.35 107.484 -68.4046 274.906 43.4327 -41.8239 270.844 24.0727 -8.12778 272.665 26.0649 21.2506 283.605 40.9261 -12.2018 328.358 98.051 8.32724 9.60798 9.58118
172.829 158.745 157.493 155.54 152.572 167.412 150.774 149.136 147.575 142.755 -79.5893 301.951 108.286 -68.4563 275.273 43.8871 -41.731 271.164 24.4704 -7.90243 272.928 26.5801 21.4743 283.798 41.7079 -12.0793 328.646 98.6301 8.38977 9.71571 9.69152
173.122 158.953 157.667 155.659 152.662 167.625 151.14 149.447 147.813 142.843 -79.6707 302.268 109.159 -68.6045 275.592 44.3574 -41.7933 271.502 24.8478 -7.82333 273.239 27.0394 21.6249 284.083 42.3375 -12.0162 328.992 99.1736 8.49127 9.82441 9.77172
173.274 158.974 157.633 155.568 152.495 167.713 151.285 149.608 147.892 142.71 -79.8386 302.443 110.055 -68.8559 275.623 44.9275 -41.9632 271.731 25.1421 -7.83281 273.437 27.3802 21.6795 284.219 42.9095 -12.0268 329.152 99.6204 8.60967 9.95705 9.92737
173.52 158.996 157.646 155.521 152.424 167.919 151.362 149.693 147.896 142.617 -80.2127 303.121 110.907 -69.1416 275.952 45.555 -42.2874 272.186 25.5823 -8.04541 273.831 27.8255 21.5859 284.564 43.3962 -12.0857 329.443 100.136 8.727 10.0509 9.98158
173.704 158.785 157.374 155.192 152.048 168.026 151.108 149.431 147.559 142.162 -80.6821 303.867 111.667 -69.4304 276.189 46.2815 -42.5794 272.539 26.1591 -8.28363 274.048 28.4698 21.4086 284.686 44.058 -12.2163 329.587 100.613 8.82283 10.1344 10.073
173.827 158.68 157.253 155.045 151.96 168.113 150.94 149.294 147.407 142.024 -81.1127 304.554 112.435 -69.7911 276.55 46.9953 -42.994 272.941 26.7548 -8.66755 274.281 29.0546 21.113 284.805 44.5982 -12.4136 329.76 101.122 8.90581 10.1939 10.1195
173.93 158.667 157.27 155.089 152.037 168.263 150.769 149.198 147.347 141.981 -81.2495 304.745 112.739 -70.0733 276.841 47.5498 -43.38 273.225 27.2728 -9.11615 274.397 29.5448 20.6853 284.771 45.0505 -12.59 329.862 101.495 8.90099 10.1732 10.099
174.243 158.738 157.43 155.275 152.265 168.423 150.8 149.281 147.459 142.133 -81.5802 305.425 113.022 -70.4862 277.39 47.9967 -43.8445 273.517 27.8076 -9.62138 274.4 30.1294 20.1956 284.635 45.5733 -12.8309 330.036 101.909 8.87559 10.1743 10.0588
174.354 158.73 157.481 155.407 152.521 168.429 150.751 149.353 147.592 142.42 -82.0085 306.219 113.226 -70.8332 277.759 48.4255 -44.0224 273.606 28.2213 -9.81911 274.154 30.6701 19.9876 284.148 46.1986 -13.0407 330.127 102.249 8.89374 10.1936 10.2085
174.135 158.471 157.36 155.243 152.577 168.232 150.484 149.166 147.444 142.605 -82.4023 306.916 113.679 -71.2943 278.304 48.8465 -44.5248 273.797 28.6944 -10.3894 274.072 31.1342 19.5349 283.933 46.4035 -13.2699 330.185 102.555 8.9058 10.1661 10.207
173.936 158.383 157.326 155.172 152.636 168.068 150.313 149.107 147.393 142.745 -82.8524 307.798 114.039 -71.8349 278.955 49.2047 -45.1907 274.36 28.9629 -11.0955 274.503 31.2864 18.9619 284.287 46.3418 -13.5662 330.536 102.787 8.92098 10.13 10.187
173.8 158.358 157.353 155.21 152.77 167.996 150.196 149.027 147.306 142.83 -83.0408 308.114 114.119 -72.2119 279.627 49.2807 -45.7275 274.938 29.1008 -11.7469 274.952 31.3436 18.3975 284.694 46.1477 -13.8048 330.844 102.899 8.88627 10.0516 10.074
173.732 158.365 157.405 155.287 152.906 168.021 150.071 148.963 147.259 142.882 -83.1353 308.219 114.174 -72.3879 280.06 49.3178 -46.1299 275.407 29.1549 -12.2689 275.318 31.3 17.9619 285.002 45.915 -13.9385 331.042 102.924 8.87194 9.96669 9.92902
173.617 158.338 157.453 155.339 153.102 167.956 149.902 148.859 147.227 143.003 -83.1995 308.699 114.193 -72.6915 280.906 49.5107 -46.5557 276.152 29.3812 -12.7287 275.947 31.3941 17.6006 285.466 45.8882 -14.0841 331.53 103.097 8.8951 9.92895 9.8611
173.676 158.599 157.757 155.685 153.472 168.104 150.134 149.095 147.507 143.433 -83.2789 308.807 113.914 -73.0002 281.164 49.3827 -46.8922 276.334 29.2809 -13.0663 276.028 31.2358 17.3577 285.489 45.6231 -14.2264 331.646 103.054 8.90807 9.90882 9.82702
173.941 158.982 158.168 156.141 153.918 168.289 150.485 149.447 147.874 143.859 -83.3054 308.973 113.577 -73.033 281.181 49.2258 -46.9793 276.382 29.1418 -13.1746 276.053 31.0863 17.2928 285.567 45.4017 -14.2762 331.759 102.985 8.90058 9.87429 9.76512
174.209 159.408 158.637 156.661 154.388 168.506 150.901 149.901 148.337 144.343 -83.2503 308.872 113.386 -73.1 281.127 49.0826 -47.0599 276.335 28.9662 -13.2472 276.011 30.8899 17.2622 285.585 45.1694 -14.2979 331.809 102.93 8.89354 9.85683 9.74526
174.457 159.814 159.06 157.144 154.877 168.704 151.338 150.355 148.788 144.854 -83.3929 308.931 113.177 -73.1917 281.139 48.8455 -47.1872 276.321 28.7549 -13.3705 276.033 30.6489 17.171 285.665 44.8811 -14.4052 331.907 102.83 8.884 9.83041 9.6864
174.648 160.127 159.353 157.477 155.175 168.837 151.718 150.694 149.123 145.199 -83.4884 308.786 112.906 -73.2468 280.888 48.5258 -47.2868 276.093 28.4655 -13.4577 275.855 30.3499 17.1008 285.576 44.5529 -14.5007 331.804 102.633 8.87163 9.81545 9.6193
174.726 160.32 159.548 157.706 155.381 168.871 151.949 150.92 149.364 145.444 -83.5413 308.496 112.676 -73.2608 280.589 48.2261 -47.4439 275.874 28.1923 -13.597 275.73 30.0225 16.9837 285.523 44.2018 -14.628 331.647 102.433 8.87179 9.80037 9.49485
174.809 160.373 159.596 157.75 155.397 168.881 152.016 150.98 149.392 145.409 -83.765 308.54 112.495 -73.28 280.52 47.9732 -47.5714 275.929 27.9476 -13.72 275.865 29.7837 16.871 285.72 43.9848 -14.81 331.683 102.253 8.89561 9.79594 9.40922
174.875 160.459 159.642 157.806 155.395 168.847 152.153 151.09 149.465 145.362 -83.8921 308.337 112.322 -73.2865 280.201 47.7352 -47.6486 275.785 27.6764 -13.7831 275.798 29.5732 16.7918 285.743 43.8504 -15.0127 331.642 102.038 8.9123 9.80899 9.35953
174.936 160.576 159.715 157.879 155.357 168.793 152.345 151.237 149.552 145.299 -84.056 308.177 112.076 -73.3127 279.999 47.4177 -47.7444 275.715 27.3918 -13.8766 275.826 29.3819 16.646 285.888 43.7295 -15.252 331.724 101.812 8.89035 9.80935 9.27669
175.071 160.758 159.83 158.003 155.351 168.824 152.643 151.464 149.726 145.288 -84.3392 308.045 111.789 -73.3863 279.671 47.0522 -47.8797 275.561 27.0403 -13.9819 275.799 29.0962 16.5041 286.005 43.5431 -15.5285 331.785 101.512 8.88604 9.82693 9.2009
175.128 161.024 160.004 158.158 155.345 168.756 153.056 151.8 149.964 145.281 -84.5135 307.716 111.619 -73.654 279.508 46.6179 -48.1071 275.525 26.5483 -14.1153 275.841 28.7216 16.3792 286.124 43.4022 -15.8317 331.922 101.225 8.9343 9.89302 9.21115
175.255 161.434 160.373 158.505 155.503 168.784 153.667 152.33 150.343 145.369 -84.6425 307.402 111.315 -74.0393 279.523 46.0938 -48.3241 275.536 26.0203 -14.2718 275.867 28.4533 16.177 286.276 43.398 -16.1854 332.214 100.948 8.93787 9.95094 9.27321
175.221 161.653 160.51 158.601 155.399 168.682 154.089 152.647 150.481 145.266 -84.8867 306.996 110.843 -74.4802 279.349 45.4868 -48.5527 275.326 25.4284 -14.4771 275.639 28.1642 15.8576 286.2 43.2866 -16.5854 332.305 100.512 8.87285 9.99791 9.36437
175.057 161.877 160.706 158.77 155.446 168.442 154.506 153.01 150.725 145.351 -85.1027 306.604 110.319 -75.1526 279.165 44.9049 -49.0573 275.007 24.8547 -14.8993 275.295 27.7495 15.3772 286.006 42.9628 -17.0293 332.324 99.9795 8.81249 10.0644 9.44776
174.829 161.927 160.79 158.861 155.472 168.179 154.663 153.18 150.885 145.477 -85.2987 306.125 109.733 -75.8811 279.079 44.2931 -49.5983 274.685 24.216 -15.4167 274.855 27.1987 14.8632 285.589 42.4536 -17.4499 332.13 99.3907 8.78178 10.0881 9.57818
174.6 161.914 160.818 158.938 155.555 167.96 154.688 153.257 151.003 145.665 -85.6385 305.784 109.085 -76.673 278.967 43.7246 -50.1859 274.356 23.5716 -15.9616 274.361 26.5904 14.3636 285.063 41.864 -17.9272 331.879 98.7607 8.78958 10.121 9.75141
174.224 161.661 160.664 158.86 155.583 167.629 154.334 153.034 150.901 145.713 -86.0004 305.632 108.457 -77.3915 279.128 43.3011 -50.8375 274.316 23.0719 -16.6796 274.148 26.0069 13.6925 284.701 41.2344 -18.4248 331.678 98.217 8.77482 10.0609 9.86018
173.866 161.297 160.453 158.716 155.533 167.273 153.883 152.782 150.781 145.674 -86.5327 306.014 107.89 -77.9557 279.482 42.926 -51.3319 274.57 22.5573 -17.2332 274.232 25.3955 13.1385 284.572 40.6872 -18.8997 331.59 97.7671 8.77277 10.0187 10.0007
173.725 160.863 160.121 158.432 155.33 167.23 153.291 152.35 150.459 145.327 -87.361 307.04 107.449 -78.311 280.156 42.6356 -51.7643 275.297 22.2075 -17.7701 274.884 24.915 12.5755 285.02 40.2667 -19.3933 331.845 97.4581 8.77183 9.94885 10.011
173.647 160.453 159.79 158.125 155.088 167.247 152.786 151.928 150.107 145.01 -88.0616 307.892 107.175 -78.6351 280.814 42.3613 -52.0682 275.969 21.9205 -18.1301 275.504 24.5729 12.1969 285.538 39.9267 -19.8453 332.207 97.1552 8.79667 9.93802 10.0631
173.51 160.157 159.57 157.864 154.892 167.218 152.341 151.604 149.776 144.646 -88.7323 308.809 106.962 -79.0463 281.721 42.1284 -52.6288 277.032 21.6343 -18.6954 276.494 24.246 11.7202 286.4 39.6593 -20.3452 332.868 96.9293 8.90056 9.95437 10.0115
173.684 160.126 159.24 157.489 154.355 168.166 152.372 151.874 149.92 144.515 -89.6639 309.383 107.184 -79.5778 282.628 42.2822 -52.9011 278.295 21.341 -19.0483 277.817 23.8376 11.2216 287.48 39.6112 -20.8926 333.951 96.8158 8.86363 9.87411 10.3642
173.715 160.178 159.227 157.422 154.197 168.186 152.415 151.814 149.752 144.255 -90.086 309.787 106.953 -79.9079 283.069 41.8799 -53.3406 279.06 20.9074 -19.4478 278.61 23.4633 10.9046 288.372 39.2663 -21.3108 334.622 96.4702 8.95265 9.92757 10.2938
173.643 160.325 159.314 157.397 154.1 168.013 152.581 151.815 149.61 144.018 -90.3495 310.038 106.571 -80.1356 283.416 41.2824 -53.6762 279.616 20.3919 -19.7624 279.254 23.0664 10.5865 289.194 38.8555 -21.6738 335.196 96.0368 8.95571 9.9611 10.1658
173.518 160.472 159.435 157.423 153.987 167.816 152.744 151.835 149.522 143.812 -90.5608 310.216 106.129 -80.469 283.806 40.6508 -54.1341 280.057 19.8861 -20.2404 279.714 22.6608 10.1141 289.787 38.408 -22.0043 335.639 95.5994 8.91227 9.95122 10.0083
173.411 160.689 159.713 157.625 154.106 167.612 153.077 152.102 149.652 143.954 -90.7954 310.254 105.67 -80.9496 284.09 39.9058 -54.6635 280.151 19.2759 -20.7511 279.759 22.2004 9.63067 290.021 37.7817 -22.3312 335.917 95.0361 8.84614 9.97077 9.88924
173.14 160.725 159.863 157.674 154.141 167.266 153.177 152.229 149.697 144.101 -91.1763 310.449 105.268 -81.5699 284.507 39.2151 -55.3341 280.353 18.6199 -21.3698 279.889 21.6056 9.0883 290.221 37.0246 -22.7057 336.146 94.469 8.81554 9.98849 9.82972
172.782 160.566 159.85 157.52 153.965 166.925 153.022 152.108 149.458 143.971 -91.4766 310.516 104.805 -82.0881 285.028 38.4955 -55.8489 280.558 18.0031 -21.9011 279.935 21.1228 8.60723 290.284 36.3312 -22.9998 336.223 93.8918 8.78139 9.99337 9.79602
172.242 160.218 159.6 157.055 153.386 166.508 152.685 151.764 148.99 143.495 -92.0536 310.783 104.37 -82.8138 285.567 37.6873 -56.4371 280.686 17.2608 -22.4381 279.725 20.5883 8.18224 289.92 35.7493 -23.3228 336.029 93.2092 8.85329 10.0851 9.89606
171.92 159.816 159.32 156.626 152.862 166.329 152.236 151.341 148.494 142.974 -92.6543 310.928 103.822 -83.4352 286.003 36.8924 -56.9287 280.788 16.5169 -22.8976 279.511 20.0043 7.79612 289.567 35.1171 -23.6063 335.719 92.5055 8.90219 10.1759 10.0103
171.696 159.472 159.076 156.288 152.347 166.187 151.798 150.928 148.091 142.353 -93.1596 310.996 103.245 -83.9304 286.276 36.2119 -57.4153 280.981 15.8318 -23.318 279.541 19.3372 7.39754 289.48 34.5747 -23.9349 335.573 91.8123 8.94357 10.2609 10.0561
171.521 159.266 158.903 156.074 151.977 166.131 151.401 150.616 147.761 141.749 -93.4616 310.882 102.582 -84.219 286.418 35.6614 -57.7748 281.403 15.1601 -23.656 279.876 18.6524 7.04227 289.737 34.0412 -24.2201 335.579 91.213 8.95469 10.3081 10.0707
171.613 159.369 159.068 156.258 151.983 166.276 151.323 150.67 147.875 141.571 -93.7301 311.015 102.102 -84.6229 286.744 35.3237 -58.3045 282.025 14.6006 -24.1205 280.494 17.9144 6.57913 290.243 33.4844 -24.5269 335.919 90.7423 8.95187 10.333 10.0813
171.927 159.582 159.323 156.536 152.223 166.617 151.357 150.801 148.06 141.573 -94.0364 311.304 101.752 -84.9352 287.023 35.154 -58.7733 282.677 14.223 -24.516 281.212 17.3517 6.20258 290.922 33.0383 -24.841 336.408 90.4421 8.96519 10.3556 10.0612
172.156 159.725 159.532 156.803 152.433 166.852 151.427 150.926 148.279 141.589 -94.353 311.687 101.407 -85.2371 287.535 34.8896 -59.1759 283.397 13.8752 -24.9199 282.039 16.8415 5.76377 291.725 32.6765 -25.2365 337.073 90.1456 8.9493 10.3252 10.026
172.457 160.027 159.884 157.279 152.906 167.184 151.618 151.201 148.693 141.959 -94.4954 312.015 101.142 -85.5607 288.261 34.7408 -59.6664 284.263 13.6781 -25.4005 282.969 16.4161 5.32574 292.613 32.2946 -25.5527 337.909 89.9626 8.94261 10.2841 9.93624
172.84 160.331 160.249 157.696 153.412 167.695 151.806 151.445 148.969 142.354 -94.6727 312.107 100.918 -86.122 289.128 34.5347 -60.3464 285.244 13.4142 -26.0433 283.935 16.0503 4.7961 293.566 31.8369 -25.9859 338.804 89.7608 8.97713 10.2996 9.86957
173.207 160.767 160.697 158.211 154.025 168.165 152.181 151.834 149.378 142.925 -94.6969 312.258 100.8 -86.6567 290.08 34.423 -60.9833 286.29 13.2516 -26.6137 284.997 15.7822 4.37053 294.667 31.4449 -26.3823 339.867 89.6647 9.03601 10.3277 9.80275
173.47 161.155 161.085 158.685 154.652 168.492 152.518 152.168 149.803 143.612 -94.7648 312.544 100.566 -87.1545 290.799 34.3907 -61.6176 287.167 13.154 -27.2232 285.989 15.4802 3.85953 295.705 30.9401 -26.8516 340.84 89.534 9.04877 10.3015 9.73287
173.589 161.424 161.32 158.976 155.054 168.653 152.828 152.441 150.122 144.162 -94.9285 312.8 100.214 -87.4886 291.147 34.2284 -62.0507 287.642 12.9866 -27.6888 286.568 15.2394 3.4247 296.405 30.4813 -27.2812 341.519 89.3082 9.01803 10.2516 9.66112
173.56 161.603 161.508 159.191 155.305 168.666 153.052 152.678 150.398 144.515 -95.1654 313.058 99.9299 -87.7525 291.363 34.0647 -62.4578 288.068 12.7794 -28.1241 287.113 14.9782 2.97212 297.038 30.1454 -27.733 342.091 89.1025 8.97883 10.2031 9.58707
173.389 161.567 161.528 159.229 155.301 168.617 153.066 152.769 150.56 144.68 -95.4754 312.915 99.6059 -88.1675 291.158 33.8989 -62.985 288.027 12.4999 -28.6414 287.18 14.6465 2.42576 297.169 29.8155 -28.2599 342.306 88.7251 8.94158 10.1814 9.57619
173.2 161.408 161.36 159.015 155.1 168.591 152.894 152.623 150.424 144.609 -96.1746 313.192 99.263 -88.7842 291.12 33.6932 -63.6449 288.066 12.163 -29.3043 287.181 14.3196 1.787 297.094 29.4498 -28.8078 342.381 88.2934 8.94191 10.1698 9.63187
173.587 161.541 161.196 159.13 154.891 169.605 152.618 152.722 150.812 144.58 -98.1694 313.682 98.9546 -90.394 292.276 33.4862 -65.0651 289.647 11.364 -30.8672 288.689 13.2887 -0.039454 298.001 29.1458 -30.2256 343.242 87.8712 8.78494 10.0376 10.0817
173.417 161.257 161.013 158.908 154.594 169.45 152.344 152.416 150.613 144.272 -98.9794 314.183 98.8677 -90.9966 292.626 33.2021 -65.7525 289.914 11.0767 -31.5451 288.918 12.8362 -0.674308 297.995 28.7934 -30.7456 343.251 87.5529 8.82943 10.0244 10.0521
173.486 161.304 160.972 158.958 154.477 169.893 152.139 152.523 150.753 144.074 -99.6684 314.394 99.0005 -91.8805 293.611 33.4577 -66.5777 291.22 10.8567 -32.3773 290.169 12.5157 -1.61281 298.861 28.9643 -31.476 344.072 87.5672 8.8699 10.0331 10.3565
173.87 161.496 161.091 159.129 154.669 170.503 152.055 152.649 150.818 144.131 -100.398 314.847 98.8484 -92.6696 294.633 33.5724 -67.4544 292.507 10.7085 -33.3294 291.383 12.3783 -2.54161 299.775 28.9843 -32.2309 344.998 87.5847 8.94827 9.99078 10.45
174.064 161.469 161.358 159.178 154.84 170.396 152.053 152.693 150.686 144.316 -100.977 315.485 98.4598 -93.2414 295.15 33.3345 -68.3368 293.015 10.6313 -34.2885 291.696 12.4046 -3.33458 300.293 28.5139 -32.8881 345.513 87.3918 8.9006 9.96755 10.1828
173.742 161.458 161.282 159.144 154.919 169.942 151.461 152.151 150.085 143.831 -101.388 316.322 97.46 -93.7866 296.004 33.1319 -69.3539 294.001 10.8116 -35.4045 292.876 12.2688 -4.39828 301.705 27.7107 -33.6297 346.245 87.209 8.73432 9.84771 9.74324
173.408 161.307 161.155 159.1 155.0 169.54 150.989 151.613 149.692 143.66 -101.875 317.0 96.6744 -94.508 296.967 32.8978 -70.3814 294.773 10.9978 -36.4683 293.798 12.0837 -5.40033 302.735 26.9785 -34.3352 346.788 87.0316 8.63414 9.76928 9.35489
173.116 161.032 160.873 158.915 154.959 169.249 150.413 150.881 149.227 143.418 -102.582 317.628 95.9744 -95.2752 297.881 32.5787 -71.3395 295.434 11.0724 -37.5056 294.676 11.7356 -6.41911 303.525 26.273 -35.0813 347.186 86.7523 8.56415 9.6603 9.04886
172.788 160.884 160.855 159.063 155.128 168.912 150.053 150.523 149.245 143.502 -103.25 318.319 95.5841 -96.3371 298.964 32.6026 -72.6079 296.346 11.1929 -38.8162 295.754 11.3063 -7.63181 304.337 25.7226 -35.9168 347.724 86.6804 8.5582 9.57657 8.90803
172.729 160.93 160.978 159.265 155.333 168.864 149.92 150.372 149.298 143.649 -104.121 319.146 95.2193 -97.2703 299.874 32.5783 -73.8157 297.112 11.3679 -40.0527 296.517 11.1874 -8.75161 304.933 25.4817 -36.7856 348.327 86.6475 8.58366 9.53031 8.66955
172.752 160.917 161.04 159.26 155.302 168.798 149.802 150.13 149.083 143.427 -105.155 320.244 94.8672 -98.0853 300.877 32.3544 -74.8248 297.903 11.4461 -41.1589 297.243 11.2048 -9.84122 305.629 25.3824 -37.6726 348.968 86.572 8.55191 9.46227 8.39028
172.696 160.819 160.871 159.061 155.075 168.576 149.763 149.825 148.747 143.183 -106.321 321.363 94.4085 -98.9435 301.532 32.0125 -75.8106 298.281 11.5062 -42.3276 297.54 11.2799 -11.1039 306.058 25.1332 -38.6064 349.338 86.3157 8.41053 9.34779 8.10524
172.311 160.326 160.421 158.586 154.609 168.256 149.116 149.112 148.118 142.62 -107.554 321.925 93.9883 -100.351 302.628 31.7323 -77.3012 298.965 11.422 -44.0126 298.115 11.0434 -12.7723 306.493 24.6075 -39.6545 349.581 85.899 8.32757 9.22069 7.98819
172.137 159.989 160.159 158.369 154.323 168.132 148.713 148.712 147.828 142.292 -108.946 322.896 93.9805 -101.87 303.68 31.7238 -78.8889 299.687 11.4595 -45.6763 298.744 10.9225 -14.4059 307.03 24.287 -40.8099 350.025 85.639 8.28384 9.18334 7.96959
172.118 159.67 160.191 158.531 154.262 168.203 148.334 148.633 148.069 142.349 -110.401 323.913 94.0309 -103.535 304.852 31.7574 -80.6326 300.455 11.3363 -47.415 299.257 10.514 -16.0561 307.022 24.0614 -42.0527 350.359 85.4059 8.30886 9.21801 8.06381
172.205 159.735 160.454 158.813 154.349 168.284 148.19 148.637 148.214 142.332 -111.633 324.891 93.9794 -105.022 306.249 31.7658 -82.2326 301.489 11.3847 -49.0154 299.999 10.481 -17.5954 307.378 24.2205 -43.3432 351.14 85.4059 8.33775 9.24031 8.00954
172.073 159.577 160.502 158.859 154.269 168.168 148.093 148.69 148.26 142.297 -112.763 325.162 93.6662 -106.454 306.853 31.606 -83.7074 301.944 11.1162 -50.5908 300.178 10.2902 -19.197 307.441 24.0253 -44.6617 351.352 85.119 8.28731 9.20689 8.06897
172.103 159.065 159.77 158.266 153.647 168.27 147.471 148.598 147.766 141.733 -114.111 324.942 93.8151 -108.288 307.455 31.6566 -85.3865 302.911 10.512 -52.6198 300.527 10.2802 -21.3497 307.551 24.133 -46.2206 351.726 84.8249 8.13633 9.03716 8.51703
172.014 158.808 159.335 158.051 153.55 168.433 147.044 148.651 147.704 141.747 -115.582 325.191 94.0706 -109.944 308.174 31.6862 -86.9492 303.814 10.0897 -54.4655 301.003 10.1993 -23.2238 307.588 24.2864 -47.7723 352.205 84.6898 8.13702 8.89738 8.84085
172.419 159.121 159.929 158.594 153.631 168.735 147.202 148.992 148.096 141.673 -117.533 326.083 93.8678 -111.308 308.616 31.4459 -88.6388 304.282 9.97527 -56.0927 301.356 9.97643 -24.8401 307.84 24.3336 -49.3975 352.477 84.7227 8.1413 8.93196 8.58432
172.638 159.421 159.885 158.716 153.959 169.083 147.284 149.175 148.114 141.786 -119.098 325.981 93.665 -112.96 308.948 31.2072 -90.3603 304.813 9.59721 -58.1753 301.635 9.87317 -27.1083 308.026 24.1745 -51.1279 352.75 84.4938 7.92386 8.7243 8.60502
172.846 159.737 159.938 158.803 154.123 169.592 147.477 149.469 148.102 141.751 -120.719 325.274 93.4377 -114.817 309.152 30.8608 -92.0765 305.342 9.01726 -60.0479 301.754 9.8825 -29.1401 308.173 24.2766 -53.0698 353.121 84.2421 7.80684 8.74561 8.79532
172.726 159.937 160.048 159.245 154.48 169.691 147.45 149.809 148.707 142.238 -122.302 324.882 93.3276 -116.934 309.774 30.849 -94.292 306.353 8.55218 -62.372 302.425 9.29423 -31.3335 307.975 24.2549 -54.9495 353.344 84.2678 8.00584 8.66344 9.0628
172.603 160.094 159.831 159.101 154.546 169.63 147.686 149.848 148.552 142.279 -124.01 324.35 92.8621 -119.128 310.358 30.2824 -96.3949 307.088 7.97593 -64.6282 302.707 9.0485 -33.6537 308.108 23.8989 -56.9611 353.407 84.0163 7.917 8.69336 9.11787
172.516 159.941 159.486 158.821 154.449 169.581 147.555 149.605 148.19 142.084 -125.42 323.1 92.4412 -121.036 310.483 29.8844 -98.3289 307.426 7.69332 -66.6425 302.932 9.04412 -35.7901 308.516 23.7477 -59.153 353.675 83.7237 7.83399 8.75874 9.03356
172.34 159.86 159.51 159.029 154.748 169.451 147.265 149.519 148.368 142.31 -127.189 322.491 92.0444 -123.501 311.216 29.7295 -101.227 308.351 7.44237 -69.5875 303.63 8.50937 -38.5052 308.637 23.2932 -61.3448 353.848 83.5575 7.9826 8.67971 8.93265
172.206 160.023 159.354 158.836 154.764 169.246 147.716 149.491 147.998 142.166 -129.189 322.032 91.4664 -125.323 310.874 28.8959 -103.092 307.902 7.15806 -71.5908 303.003 8.76062 -40.7431 308.571 23.1401 -63.6788 353.881 83.1077 7.71982 8.7502 8.5295
172.123 159.9 159.38 158.996 155.237 169.076 147.53 149.472 148.223 142.662 -131.361 322.261 90.8624 -127.473 310.787 28.8703 -105.602 307.785 7.27267 -74.2047 302.828 8.75677 -43.277 308.112 23.1034 -66.1105 354.019 82.8632 7.80898 8.61149 8.36766
172.218 160.107 159.445 159.067 155.41 168.963 147.601 149.227 147.983 142.612 -133.477 321.893 89.8444 -129.983 310.726 28.3666 -108.487 307.465 7.26548 -77.3359 302.315 8.7853 -46.5614 307.734 22.6938 -68.7136 353.877 82.3468 7.51785 8.49805 7.8673
172.14 160.034 159.637 159.246 155.773 168.775 147.738 149.403 148.194 143.088 -135.782 322.135 89.7893 -132.507 310.54 28.5916 -111.027 306.737 7.81972 -79.8711 301.566 9.48944 -48.9778 307.187 23.2446 -71.4874 354.185 82.3772 7.66513 8.50847 7.66718
171.906 159.801 159.554 159.144 155.706 168.445 147.349 148.959 147.811 142.881 -138.078 321.74 88.9634 -136.197 311.569 28.3472 -114.925 307.29 7.74341 -83.8981 301.409 9.42075 -52.8954 306.78 22.7619 -74.4655 354.015 82.0292 7.59689 8.61479 7.45683
171.71 159.793 159.803 159.266 155.942 168.118 147.53 149.218 147.968 143.289 -141.443 323.133 89.1459 -139.405 311.857 28.5624 -118.131 307.07 8.13652 -87.0925 300.952 9.97128 -55.8864 306.468 22.9821 -77.5325 354.062 82.2534 7.74752 8.68419 7.34988
171.355 159.731 159.721 159.077 155.726 167.727 147.571 148.969 147.448 142.821 -144.517 323.954 89.0305 -143.571 313.458 28.3293 -122.528 308.223 8.18364 -91.5924 301.295 10.234 -60.3573 306.759 22.6245 -80.9125 354.056 82.338 7.6118 8.94328 7.03085
171.564 160.169 160.009 159.22 156.028 167.664 147.421 149.264 147.201 142.326 -148.2 325.271 89.3856 -147.328 314.634 28.7091 -126.818 309.565 8.59788 -95.7298 301.736 10.6466 -64.0855 307.5 22.3689 -84.4165 354.186 82.7136 7.95654 9.36884 6.797
