174.264 126.755 173.121 173.932 177.578 179.565 124.081 169.615 171.875 176.174 -254.738 309.832 10.0562 -290.284 336.162 2.0455 -322.943 378.322 -7.28814 -311.886 402.216 -26.4832 -284.639 420.323 -45.3754 -226.355 382.838 -2.03318 13.9939 10.7534 35.9717
174.634 127.478 173.127 173.84 177.169 179.271 126.337 169.638 171.844 176.012 -255.921 308.853 9.74792 -292.457 335.268 1.20372 -324.895 377.111 -7.9533 -314.024 401.45 -27.0565 -286.816 419.987 -45.859 -228.41 382.685 -2.23909 14.1541 10.9411 35.5085
174.767 131.106 172.809 173.617 176.79 179.107 126.793 169.033 171.454 175.743 -257.861 307.077 9.23875 -293.963 333.074 -0.0490384 -326.664 375.038 -8.682 -315.975 399.88 -27.5331 -288.813 418.772 -46.1416 -230.429 381.49 -2.49537 14.2895 11.2172 35.9245
174.809 132.607 173.295 173.896 176.82 179.02 127.932 169.529 171.802 175.931 -258.418 305.205 8.9069 -295.39 331.093 -0.805956 -328.036 372.744 -9.48481 -317.441 397.852 -28.1221 -290.372 417.179 -46.3947 -231.717 380.08 -2.65422 14.2683 11.2176 35.4203
175.201 133.869 173.622 174.15 176.912 178.638 129.177 169.701 171.913 176.017 -259.638 304.997 8.34845 -298.067 330.801 -1.24895 -330.32 371.786 -9.872 -319.969 397.305 -28.3503 -293.186 417.161 -46.3573 -234.04 380.228 -2.83236 14.2118 11.2651 34.3823
175.248 134.866 173.801 174.258 176.816 178.732 131.467 169.924 172.028 175.959 -260.69 302.967 7.79736 -300.616 329.588 -1.75481 -331.793 370.298 -10.3627 -321.466 396.147 -28.524 -294.72 416.313 -46.1031 -235.348 378.784 -2.96119 14.0964 11.2538 33.0733
175.392 136.672 174.124 174.426 176.79 178.399 132.589 170.262 172.277 176.257 -260.583 301.205 7.70947 -300.875 326.644 -2.10464 -332.904 367.106 -10.3115 -322.954 393.29 -28.5185 -296.499 413.953 -46.169 -236.461 377.457 -3.0433 14.1736 11.4038 33.4336
175.374 138.087 174.273 174.568 176.876 178.434 132.19 170.381 172.421 176.427 -260.143 300.048 7.2403 -300.041 324.051 -2.45968 -333.507 364.294 -10.2255 -323.981 390.938 -28.4747 -297.842 412.041 -46.1835 -237.324 376.695 -3.04903 14.2657 11.6792 34.3607
175.353 137.876 174.361 174.7 176.892 178.54 130.99 170.382 172.506 176.465 -259.878 299.125 6.73697 -299.056 322.013 -3.05964 -334.055 361.561 -10.6051 -324.951 388.554 -28.8304 -299.198 410.084 -46.3784 -238.379 376.014 -3.08193 14.2896 11.8739 35.1483
175.361 136.707 174.264 174.852 176.945 178.357 128.371 170.023 172.494 176.336 -259.492 297.236 5.75961 -297.028 318.895 -4.23381 -334.538 358.048 -10.8049 -326.003 385.814 -28.6954 -300.548 407.991 -46.2231 -239.247 374.585 -3.06186 14.398 12.1909 36.7543
175.247 137.88 173.976 174.904 177.002 178.071 126.375 169.496 172.244 176.072 -259.559 295.746 5.2423 -294.883 315.871 -5.10249 -335.02 354.995 -10.0383 -327.002 383.244 -27.8035 -301.755 405.642 -45.7836 -239.924 373.197 -2.95461 14.4585 12.4903 38.9992
175.153 135.78 173.72 174.7 176.679 177.916 125.491 169.423 172.177 175.68 -260.234 294.455 4.32612 -295.239 314.523 -5.92751 -336.538 353.852 -9.68376 -328.845 382.875 -26.9581 -303.693 405.628 -44.9652 -241.416 372.497 -3.02594 14.4265 12.7235 39.8704
175.139 137.154 173.403 174.47 176.522 177.725 125.166 169.064 171.875 175.466 -260.064 293.375 4.14157 -294.107 312.35 -6.36557 -336.899 351.222 -9.12442 -329.681 380.726 -26.3461 -304.854 403.775 -44.4264 -242.051 371.568 -2.80862 14.3852 13.0183 40.8892
175.174 135.658 173.505 174.377 176.045 177.456 125.037 169.302 172.002 175.298 -260.714 292.117 3.73353 -294.931 311.275 -7.53704 -338.621 350.022 -9.37822 -331.661 380.129 -26.1379 -306.995 403.701 -44.0245 -243.763 371.001 -2.8579 14.4302 13.1547 41.3438
175.251 136.035 173.555 174.342 175.891 177.472 125.597 169.788 172.236 175.298 -260.15 291.184 3.25467 -295.612 309.772 -7.70868 -339.655 348.4 -9.07342 -333.079 378.979 -25.5569 -308.749 403.188 -43.2936 -244.766 370.52 -2.79492 14.4326 13.1514 41.041
175.233 133.7 173.344 174.044 175.745 177.5 125.18 169.808 172.102 175.137 -259.617 289.725 2.93107 -294.906 307.098 -7.49427 -340.684 344.915 -8.02797 -334.835 376.075 -24.4841 -311.06 401.009 -42.3837 -245.968 369.351 -2.55418 14.492 13.3287 41.6099
175.34 131.663 172.96 173.8 175.588 177.232 123.02 169.591 172.006 175.011 -260.618 290.005 3.10567 -294.383 306.685 -7.64709 -342.429 343.746 -7.22332 -337.111 375.4 -23.7007 -313.668 400.812 -41.7505 -247.885 369.71 -2.38177 14.5687 13.5625 43.0765
175.402 129.933 172.9 173.74 175.555 177.137 124.202 169.793 172.261 175.268 -260.965 290.049 3.12354 -295.048 305.931 -7.59971 -343.743 342.966 -6.6647 -338.757 375.163 -23.0177 -315.494 401.09 -40.9964 -249.032 369.904 -2.13046 14.6596 13.7643 43.1553
175.823 127.782 172.425 173.511 175.322 176.985 124.48 169.079 171.853 174.944 -262.771 290.161 3.68461 -297.367 307.2 -7.99077 -344.86 343.542 -7.57319 -339.872 375.939 -23.5145 -316.62 402.199 -40.8137 -250.383 370.325 -2.02307 14.6804 13.7734 41.6978
175.938 124.074 172.199 173.252 175.078 177.291 125.253 168.818 171.586 174.51 -265.776 291.012 4.2682 -301.748 309.398 -7.45713 -347.041 345.469 -8.19304 -341.77 377.499 -23.9266 -318.432 403.47 -40.7686 -252.548 371.054 -1.9911 14.4025 13.4486 39.5515
175.957 121.881 172.274 173.43 175.175 177.582 125.782 168.033 170.784 174.206 -267.631 290.677 4.48637 -303.947 310.127 -7.50696 -347.464 344.661 -8.85111 -342.143 376.106 -24.4934 -319.035 402.075 -40.652 -253.527 370.24 -1.71444 14.217 13.0612 37.488
176.043 121.137 172.256 172.96 175.025 177.875 127.927 168.325 170.616 173.976 -268.856 291.395 4.74583 -306.75 310.641 -6.63199 -348.792 344.976 -8.32602 -343.564 376.016 -24.2869 -320.636 401.871 -40.5526 -255.128 370.654 -1.44494 14.129 12.8292 36.1802
175.829 124.453 172.172 172.605 175.25 178.478 131.338 168.603 170.424 174.115 -269.465 292.345 4.62978 -309.316 310.521 -5.61131 -349.34 344.493 -7.73578 -344.284 375.063 -24.15 -321.607 400.928 -40.4875 -256.108 370.894 -1.08288 14.112 12.6113 34.4221
176.074 126.114 172.231 172.456 175.061 178.72 135.545 168.737 170.21 173.666 -270.197 291.916 4.7058 -312.827 310.418 -4.96531 -350.264 343.587 -7.6755 -345.298 374.049 -23.9654 -322.845 400.091 -39.9797 -257.146 370.522 -0.774515 13.9284 12.361 31.5322
176.132 131.471 172.598 172.557 174.967 178.9 140.232 169.136 170.337 173.565 -270.561 291.224 5.01192 -316.09 309.174 -4.90679 -351.449 341.494 -7.53405 -346.776 372.069 -23.7663 -324.67 398.486 -39.6503 -258.473 369.776 -0.567484 13.8638 12.282 29.2111
176.611 139.046 172.529 172.504 174.809 178.387 142.367 169.252 170.499 173.624 -270.903 289.255 4.92736 -317.858 307.83 -6.03669 -352.34 340.649 -7.82354 -347.678 371.635 -23.844 -325.308 398.171 -39.7684 -259.227 368.661 -0.502046 13.9974 12.4664 28.8738
177.002 146.32 172.17 172.445 174.593 178.179 147.281 169.146 170.627 173.54 -271.948 288.112 5.03226 -322.959 308.372 -5.91682 -354.092 340.993 -8.37946 -349.428 372.534 -23.9404 -326.927 399.433 -39.4695 -260.708 368.45 -0.63544 14.0846 12.5902 25.8064
177.142 153.031 171.961 172.204 174.435 178.15 148.265 168.756 170.327 173.249 -273.715 288.264 5.45339 -325.584 308.825 -5.95573 -355.716 341.416 -8.55054 -351.046 372.906 -24.0196 -328.635 399.824 -39.3485 -262.414 368.849 -0.430812 13.9812 12.4995 25.0207
177.496 158.61 171.807 172.078 174.288 177.744 149.371 168.518 170.133 173.08 -274.332 286.917 5.2577 -326.991 307.611 -6.36963 -356.753 340.487 -8.68441 -352.169 372.246 -23.9779 -329.749 399.437 -39.2736 -263.496 368.225 -0.205821 14.119 12.5831 24.8024
177.75 160.119 171.581 172.032 174.574 177.377 149.993 168.791 170.453 173.65 -274.835 285.906 5.7594 -329.153 307.291 -6.60889 -358.745 340.397 -8.14867 -354.312 372.701 -23.1586 -331.843 400.385 -38.487 -265.083 368.027 -0.139381 14.4064 12.7922 24.6518
178.35 163.065 171.811 171.961 175.63 176.885 151.677 169.275 170.502 174.674 -274.128 284.265 5.73912 -330.031 305.478 -5.97632 -359.006 338.599 -8.22633 -354.766 371.004 -23.4959 -332.428 399.125 -38.7209 -265.693 366.991 -0.00108075 14.6988 12.8755 24.0408
178.584 164.565 171.926 172.103 175.501 176.651 153.303 169.481 170.709 174.624 -274.162 282.548 5.9013 -331.838 304.531 -5.75648 -359.871 337.584 -8.59136 -355.674 370.317 -23.6117 -333.186 398.572 -38.7571 -266.425 365.945 -0.103307 14.754 12.9825 23.0518
178.431 165.512 171.9 172.115 175.248 176.776 153.984 169.433 170.853 174.493 -275.616 282.837 6.04065 -334.366 305.606 -5.76887 -361.396 338.743 -9.05828 -357.116 371.663 -23.6926 -334.388 399.778 -38.7189 -267.768 366.273 -0.256455 14.7146 13.0512 22.327
177.931 168.071 171.883 172.319 175.342 177.194 153.724 169.511 171.084 174.798 -276.74 283.702 5.31937 -335.127 305.24 -5.74155 -362.347 338.261 -8.95846 -358.219 371.174 -23.6483 -335.573 399.344 -38.8632 -268.899 366.435 -0.19735 14.8106 13.1049 22.4843
177.807 167.473 171.832 172.446 175.358 177.091 150.618 169.55 171.166 174.893 -277.805 283.637 4.68696 -334.014 303.646 -6.47615 -363.458 337.624 -8.78693 -359.41 370.653 -23.4521 -336.841 398.937 -38.869 -270.144 366.204 -0.157497 14.9843 13.2305 24.6966
178.13 164.181 171.784 172.403 175.204 176.689 148.957 169.67 171.277 174.702 -279.86 282.043 5.06738 -335.777 303.852 -7.37442 -365.581 338.068 -9.47267 -361.29 371.292 -23.8528 -338.454 399.475 -39.1719 -272.158 365.546 -0.47841 15.0655 13.3344 25.1735
177.701 163.007 172.26 172.536 174.943 177.256 151.378 170.152 171.431 174.463 -279.715 280.942 4.87946 -337.034 302.828 -6.33633 -365.772 337.087 -9.95473 -361.315 370.024 -24.1666 -338.551 398.297 -38.9889 -272.199 364.197 -0.62493 14.935 12.9987 24.0274
177.322 166.798 172.875 173.108 175.018 177.87 155.777 171.039 172.071 174.756 -279.499 280.354 4.80516 -339.48 302.605 -5.0827 -366.354 336.138 -9.99949 -361.907 368.973 -24.1388 -339.279 397.407 -38.6876 -272.616 363.218 -0.774897 14.9077 12.8301 22.0449
177.319 166.598 173.018 173.286 174.984 178.105 156.384 171.284 172.316 174.749 -281.09 280.317 4.79497 -341.614 303.412 -5.2321 -367.802 336.491 -10.1626 -363.227 369.143 -24.4443 -340.609 397.44 -39.0705 -274.104 363.146 -0.93463 14.909 12.7629 21.4715
177.162 167.247 172.666 173.12 174.636 178.489 158.845 171.058 172.263 174.588 -283.123 281.049 4.8507 -345.874 306.165 -4.68306 -369.899 337.996 -10.306 -365.137 370.591 -24.5344 -342.454 398.894 -38.9169 -275.895 363.789 -1.12975 14.8642 12.6646 19.1773
177.295 170.502 172.582 173.181 174.494 178.499 161.464 171.145 172.372 174.48 -283.688 280.792 4.96017 -348.306 307.048 -4.33223 -370.521 337.82 -10.8463 -365.737 370.334 -24.9382 -343.109 398.837 -38.8929 -276.56 363.466 -1.22691 14.8546 12.5002 17.1918
177.18 172.198 172.62 173.21 174.578 178.616 161.999 171.357 172.631 174.853 -284.191 280.697 4.68296 -349.369 306.444 -4.18078 -371.595 337.534 -10.7498 -366.931 370.209 -24.8808 -344.249 398.893 -39.1078 -277.496 363.388 -1.34946 15.0329 12.6151 17.3648
177.204 169.854 172.609 173.139 174.41 178.527 160.608 171.433 172.804 175.038 -285.822 280.795 4.97748 -351.206 306.339 -4.78776 -373.645 338.764 -11.3646 -368.72 371.65 -25.3966 -345.677 400.245 -39.7358 -279.289 363.791 -1.6692 15.1932 12.7593 18.3143
177.097 169.194 172.467 173.101 174.396 178.681 159.125 171.031 172.714 175.02 -287.173 280.744 4.42526 -351.764 305.695 -6.15462 -375.078 338.374 -11.4094 -370.356 371.46 -25.1939 -347.363 400.112 -39.676 -280.73 363.732 -1.75994 15.2058 12.8736 19.1491
177.109 168.676 172.052 172.598 173.976 179.098 159.783 170.347 172.041 174.403 -288.35 280.378 3.93966 -353.502 306.027 -6.59873 -375.948 337.73 -12.4078 -371.319 370.699 -26.007 -348.575 399.487 -39.9333 -281.913 363.383 -2.01111 15.0493 12.709 17.8972
176.921 167.38 171.582 172.321 173.716 179.342 158.627 169.873 171.72 174.156 -290.345 280.282 3.9602 -355.175 306.224 -7.46915 -377.957 338.061 -12.577 -373.367 371.081 -26.1309 -350.619 399.78 -39.9508 -283.773 363.439 -2.34183 14.904 12.7409 18.2685
177.373 168.416 171.252 172.113 173.606 178.823 159.435 169.421 171.432 173.936 -291.534 279.447 3.81119 -357.108 306.699 -7.80704 -379.095 338.195 -13.1382 -374.503 371.419 -26.4682 -351.566 400.122 -40.2653 -285.075 363.301 -2.59449 15.0084 12.8595 17.5587
177.626 172.561 170.884 171.912 174.062 178.388 159.127 168.833 170.887 174.158 -292.076 278.647 2.74025 -356.934 306.193 -8.63729 -379.023 337.123 -13.7054 -374.456 370.184 -27.0901 -351.553 399.059 -40.5557 -285.436 362.611 -2.70218 15.0832 12.7614 17.4122
177.615 176.694 170.119 171.479 174.319 178.315 159.424 168.045 170.26 174.013 -291.481 277.692 1.73482 -355.48 303.516 -9.01758 -378.314 333.657 -13.8706 -374.255 366.754 -27.3666 -351.749 395.742 -40.9219 -285.533 361.402 -2.64433 14.9543 12.8263 17.5379
177.41 176.839 169.987 171.465 174.195 178.431 157.669 167.591 169.956 173.495 -291.537 276.62 1.25754 -353.628 299.731 -10.2957 -378.432 330.169 -14.0608 -374.909 363.312 -27.5571 -352.937 392.506 -41.129 -286.278 359.947 -2.75746 14.7759 12.8363 19.1244
177.374 171.802 170.039 171.084 173.732 178.787 159.379 167.707 169.758 172.941 -291.858 275.186 1.18989 -355.226 298.456 -9.95913 -379.036 328.21 -14.518 -375.691 361.444 -27.984 -353.883 390.828 -41.2243 -287.139 358.647 -3.15643 14.6922 12.8216 17.8453
177.356 171.648 169.729 170.586 174.105 178.725 158.717 167.48 169.495 173.339 -291.611 273.956 0.969695 -354.158 295.415 -9.71301 -378.965 325.786 -14.3579 -376.05 359.289 -27.8148 -354.362 388.953 -41.0405 -287.555 357.623 -3.19761 14.8146 13.0093 18.7552
177.321 170.343 169.349 170.064 173.764 178.98 159.086 167.357 169.167 172.731 -291.445 272.863 0.779146 -354.87 294.586 -8.77132 -379.111 325.16 -14.4427 -376.182 358.671 -27.88 -354.389 388.17 -41.0323 -287.811 356.659 -3.27714 14.7208 12.9991 18.3367
177.472 172.883 169.492 170.293 174.186 179.054 161.762 167.478 169.526 173.192 -291.161 271.957 0.572178 -356.507 294.239 -7.51396 -379.097 324.356 -14.597 -376.232 358.066 -28.0385 -354.128 387.387 -41.2194 -287.948 355.865 -3.36386 14.724 13.1481 16.881
177.574 175.143 169.498 170.748 175.541 179.118 163.004 167.57 170.214 174.97 -290.761 272.084 0.321875 -357.06 292.916 -6.39836 -379.299 323.5 -14.3877 -376.59 357.783 -27.8095 -354.807 386.793 -40.9925 -288.595 356.11 -3.2992 14.4527 13.5821 16.8585
177.595 175.883 169.322 170.679 175.4 179.087 162.049 167.347 170.341 174.794 -290.569 271.96 0.511061 -356.121 290.885 -6.75464 -379.333 322.241 -14.4409 -376.857 356.947 -27.6349 -355.208 386.128 -40.964 -288.944 355.775 -3.22753 14.5686 13.8187 17.8225
177.599 173.812 168.706 170.086 174.928 179.233 159.357 166.617 169.922 174.271 -291.596 272.074 0.526817 -355.287 289.613 -7.12818 -379.681 321.718 -14.3857 -377.412 356.663 -27.446 -355.793 385.988 -40.8427 -289.599 355.707 -3.1788 14.704 13.9614 18.9568
177.605 173.91 169.101 170.629 174.693 179.24 157.883 166.893 170.391 174.223 -293.756 272.839 0.681108 -356.707 290.414 -7.54219 -381.796 322.814 -14.4386 -379.487 357.884 -27.5611 -357.57 386.941 -41.3751 -291.491 356.321 -3.23832 14.7389 14.0927 19.6238
177.419 172.397 170.117 171.555 174.751 179.521 159.1 167.121 170.612 174.036 -295.283 273.128 0.651106 -358.062 290.911 -8.03898 -383.064 322.447 -14.5547 -380.908 357.372 -27.6272 -358.967 386.502 -41.5387 -292.615 356.153 -3.21367 14.6839 13.9545 19.048
177.445 170.428 170.383 171.582 174.576 179.532 159.335 167.099 170.427 173.447 -296.553 273.354 0.755472 -359.825 292.34 -8.49448 -384.312 323.497 -14.8711 -382.064 358.288 -27.7355 -359.861 387.183 -41.5724 -293.548 356.529 -3.32149 14.4779 13.7973 18.4716
177.278 169.397 170.458 171.634 175.273 179.75 158.896 167.044 170.355 176.018 -299.025 273.809 0.685423 -361.68 293.352 -8.21983 -386.543 325.43 -14.5616 -383.839 359.788 -27.5774 -361.577 388.395 -40.579 -295.056 357.177 -3.39943 14.0709 13.5404 19.3263
177.326 172.903 170.669 171.693 176.365 179.914 161.353 167.354 170.426 178.214 -299.585 273.744 0.57984 -363.468 293.836 -7.5851 -387.511 325.572 -14.4467 -384.865 359.88 -27.3033 -363.092 388.519 -38.977 -295.966 357.326 -3.44215 13.5598 13.3875 18.4017
177.822 174.005 170.419 171.336 175.92 179.405 162.249 167.231 170.113 178.659 -299.863 273.366 0.703304 -364.78 294.02 -7.41143 -388.366 325.31 -14.2368 -386.024 359.762 -26.9649 -364.648 389.955 -37.4716 -297.0 357.732 -3.53621 14.5708 13.3637 17.6665
177.877 174.203 170.257 171.342 177.687 179.21 162.493 167.173 170.116 178.205 -300.486 273.441 0.61354 -365.719 294.246 -7.57447 -389.23 325.04 -14.0594 -387.127 359.73 -26.7762 -365.6 389.353 -38.3487 -297.777 357.858 -3.57717 14.042 13.5116 17.2829
177.808 173.835 170.365 171.571 177.283 179.136 162.374 167.298 170.261 176.727 -301.407 273.816 0.295472 -366.612 294.406 -7.30725 -390.382 324.865 -13.5277 -388.44 359.629 -26.4509 -366.765 389.266 -39.0091 -298.835 358.119 -3.51979 14.1975 13.6123 17.2695
177.662 171.96 170.562 171.808 176.636 179.103 161.032 167.616 170.37 175.374 -302.56 273.986 0.32463 -367.301 294.603 -7.87253 -391.802 325.17 -13.0449 -389.733 359.694 -26.2451 -367.803 389.164 -39.8505 -299.906 358.198 -3.50118 14.3543 13.5044 17.9736
177.541 169.425 170.791 171.717 175.963 179.141 159.715 167.703 170.162 174.089 -303.988 274.262 0.303719 -368.142 295.914 -8.78828 -392.62 325.847 -13.2447 -390.255 359.922 -26.4802 -368.127 388.969 -40.5343 -300.603 358.158 -3.43891 14.2448 13.2334 17.8755
177.484 170.653 170.889 171.574 175.764 179.313 160.978 167.886 170.073 173.48 -304.755 274.704 0.31631 -369.812 297.357 -8.71583 -393.16 326.378 -13.5364 -390.702 360.227 -26.6343 -368.575 388.97 -40.6417 -301.282 358.347 -3.47051 14.0334 13.0485 16.6304
177.487 170.254 170.731 171.442 175.334 179.364 160.999 167.776 169.909 172.671 -306.218 274.621 0.51487 -371.765 298.995 -8.73573 -393.984 327.441 -13.93 -391.123 361.026 -27.0808 -368.606 389.254 -41.273 -301.915 358.178 -3.60562 13.9265 12.9233 15.6947
177.551 169.953 170.968 171.436 174.807 179.076 160.887 168.148 169.974 172.292 -307.4 274.803 0.819903 -372.903 300.022 -8.61543 -394.979 328.525 -13.8345 -391.727 361.746 -27.3128 -368.974 389.637 -41.9725 -302.575 358.267 -3.67572 13.9978 12.7777 15.7997
177.617 170.753 171.178 171.636 174.436 179.041 162.014 168.645 170.333 172.098 -308.076 275.113 1.30447 -374.642 301.186 -7.75786 -396.076 329.848 -13.9342 -392.613 363.076 -27.446 -369.597 390.883 -42.165 -303.308 358.698 -3.91829 14.0728 12.7614 15.2715
177.952 175.21 172.43 173.115 175.131 178.628 164.655 169.812 172.131 173.398 -308.7 276.062 1.8408 -376.333 301.598 -6.1529 -397.608 331.182 -13.4565 -394.125 365.391 -26.8323 -370.705 393.233 -42.1604 -304.501 359.648 -4.05 14.6251 13.4869 15.5463
178.126 175.917 172.731 173.292 175.155 178.447 165.03 170.214 172.51 173.822 -310.082 276.819 2.33401 -378.151 302.871 -5.76256 -399.292 333.13 -13.5013 -395.426 367.348 -27.0189 -371.708 395.092 -42.3453 -305.791 360.429 -4.1303 14.8001 13.5195 15.8389
178.214 176.995 173.174 173.714 175.724 178.362 164.803 170.623 172.917 174.835 -310.854 276.751 2.23253 -378.541 302.902 -5.60422 -399.985 334.059 -13.4035 -395.75 368.095 -27.0908 -371.809 395.748 -42.5565 -306.199 360.56 -4.12044 14.9939 13.4654 16.6629
178.279 179.064 173.721 174.217 176.191 178.198 163.774 170.864 173.288 176.49 -311.442 276.09 2.18119 -377.891 302.345 -6.26157 -400.211 334.844 -13.3699 -395.58 368.615 -26.9729 -371.616 396.197 -42.2513 -306.146 360.114 -4.12876 15.0342 13.3391 18.2029
178.385 179.456 174.282 174.58 176.799 178.022 163.458 171.26 173.542 177.708 -311.519 275.148 2.07707 -376.933 300.927 -7.08637 -400.24 334.365 -13.4344 -395.533 368.099 -26.7966 -371.751 395.749 -41.6902 -306.145 359.434 -4.14755 14.9288 13.2743 19.4447
178.304 177.059 174.25 175.108 178.707 177.869 161.009 170.838 173.679 178.724 -311.673 273.859 1.18017 -373.973 298.729 -9.887 -399.823 332.915 -13.1631 -395.449 366.77 -26.0375 -371.783 394.596 -40.8533 -305.839 358.449 -4.14156 14.879 13.3471 21.9914
178.119 173.853 173.931 175.183 178.551 178.075 158.968 170.634 173.648 177.482 -311.597 273.068 0.459278 -371.214 296.769 -11.9114 -399.226 330.883 -13.0075 -395.342 364.796 -25.5573 -371.935 392.81 -40.632 -305.636 357.544 -4.10689 14.8562 13.3645 23.8234
177.967 171.481 173.575 175.023 177.29 178.05 155.415 170.969 173.945 176.711 -313.1 274.053 0.740601 -371.148 298.399 -11.8875 -400.368 333.774 -12.8967 -395.943 367.427 -25.6044 -372.138 394.86 -40.7913 -306.261 358.245 -4.15905 14.7416 13.2538 25.4549
177.576 163.513 173.289 174.877 177.009 178.634 157.164 170.948 173.871 176.194 -314.034 274.87 0.584112 -373.81 300.289 -10.8216 -401.176 335.18 -12.8145 -396.684 368.558 -25.3827 -372.781 395.815 -40.3157 -306.92 358.781 -4.37797 14.5341 12.9971 23.6794
177.291 169.344 173.111 174.703 176.708 179.287 162.596 170.898 173.727 175.592 -314.995 275.565 0.410406 -377.591 303.193 -9.2096 -401.698 336.29 -12.7166 -397.024 369.22 -25.3143 -373.009 395.941 -40.1616 -307.404 359.074 -4.51071 14.1592 12.6707 20.2909
177.242 168.729 172.249 174.142 176.314 179.714 162.488 170.073 173.073 175.187 -316.467 276.312 0.433652 -380.906 306.519 -7.95136 -402.696 338.556 -12.9869 -397.641 370.964 -25.7517 -373.402 396.956 -40.1268 -308.229 359.818 -4.78842 13.5942 12.2987 17.9196
177.407 168.582 171.51 173.407 176.062 179.794 162.319 169.22 172.093 174.472 -318.264 277.081 0.29977 -383.807 309.404 -7.75361 -403.833 340.669 -13.6982 -398.433 372.608 -26.5561 -373.857 397.998 -40.5587 -309.199 360.666 -5.09549 13.1395 11.92 16.1942
177.594 170.178 171.853 173.197 176.089 179.736 163.42 169.737 172.122 174.444 -318.568 278.034 0.321737 -386.121 311.49 -7.24742 -404.718 342.214 -14.0285 -399.081 374.172 -26.7274 -374.42 399.449 -40.3655 -309.977 361.551 -5.27568 13.0325 11.8189 14.7753
177.878 170.236 172.001 172.979 175.266 179.323 163.291 170.024 172.052 174.115 -319.222 278.852 0.671512 -387.725 312.965 -7.80367 -405.744 343.88 -14.8764 -399.836 375.896 -27.4451 -375.029 401.383 -40.8993 -310.724 362.392 -5.44227 13.2397 11.7751 14.4434
178.109 169.6 171.996 172.579 174.471 179.12 163.148 170.151 171.756 173.454 -319.659 279.365 1.57193 -389.266 314.711 -8.40198 -406.333 345.242 -16.0489 -400.147 377.005 -28.4317 -375.349 402.734 -41.3439 -311.337 363.001 -5.58121 13.3338 11.508 13.5609
178.0 169.66 172.203 172.366 174.004 179.116 162.585 170.418 171.718 173.256 -319.582 279.171 1.62495 -389.591 313.592 -8.83986 -407.023 344.983 -16.1705 -400.823 376.978 -28.5455 -376.086 403.035 -41.4725 -311.905 363.089 -5.63262 13.5454 11.6227 14.3118
177.885 170.033 172.42 172.321 173.843 179.192 162.502 170.491 171.624 173.157 -319.35 278.625 1.3854 -389.481 311.943 -9.03956 -407.349 343.777 -16.3858 -401.233 375.978 -28.7587 -376.655 402.373 -41.6746 -312.241 362.669 -5.58289 13.6834 11.7158 14.7756
178.245 170.177 173.028 172.577 174.271 178.814 163.376 170.871 171.763 173.707 -318.833 277.894 1.4547 -389.88 310.927 -8.76062 -407.498 342.892 -16.7231 -401.37 375.396 -29.1218 -376.798 402.202 -41.9437 -312.346 362.391 -5.58487 13.9448 11.8665 14.628
178.149 172.078 173.546 172.747 174.587 179.099 166.178 170.987 171.595 174.228 -317.805 276.505 0.650602 -390.086 308.189 -7.53731 -407.099 339.737 -16.7863 -401.276 372.558 -29.2818 -377.267 400.116 -41.9244 -312.251 361.257 -5.46056 14.1667 12.0052 13.9828
178.094 172.205 173.502 172.985 174.906 179.2 165.829 170.83 171.57 174.032 -317.543 275.499 0.326018 -389.303 306.296 -8.54882 -406.946 337.447 -17.1366 -401.509 370.376 -29.5425 -377.846 398.234 -42.1171 -312.42 360.411 -5.527 14.1012 12.0249 13.9763
178.431 173.566 173.661 172.992 174.795 178.976 167.118 171.175 171.787 173.859 -317.307 274.517 0.980438 -389.595 305.586 -8.5345 -406.826 336.236 -17.5952 -401.617 369.324 -29.8011 -378.225 397.47 -42.141 -312.731 359.778 -5.53517 14.1976 12.095 13.4466
178.63 174.693 173.915 173.03 174.824 178.79 168.042 171.547 171.987 173.938 -316.712 273.556 1.2937 -389.398 303.702 -8.12835 -407.033 334.159 -17.4413 -402.205 367.551 -29.6864 -379.134 396.157 -42.1531 -313.259 359.143 -5.53927 14.4468 12.2882 13.4908
178.685 174.502 173.867 172.897 174.862 178.745 167.96 171.529 171.995 173.926 -317.021 273.456 1.21437 -390.074 303.701 -7.75211 -407.681 333.845 -17.3275 -402.931 367.413 -29.7493 -379.675 396.048 -42.4841 -313.88 359.022 -5.58104 14.5959 12.452 13.2835
178.663 173.968 173.872 172.915 174.726 178.853 168.216 171.639 172.06 173.86 -317.391 272.936 0.903629 -390.916 303.634 -6.91293 -408.349 333.407 -16.95 -403.596 366.952 -29.7117 -380.195 395.632 -42.8533 -314.401 358.57 -5.56862 14.7872 12.4885 12.9607
178.641 173.272 173.582 172.689 174.588 178.862 168.091 171.552 172.084 173.768 -317.775 272.654 1.04857 -391.877 303.507 -6.17746 -409.096 332.992 -16.5668 -404.468 366.59 -29.4807 -381.066 395.225 -42.8195 -315.23 358.263 -5.56041 14.8274 12.5659 12.7083
178.743 173.834 173.694 172.591 174.656 178.851 168.76 171.343 171.888 174.593 -317.464 272.0 0.799395 -391.463 301.382 -5.74485 -409.042 330.655 -16.1293 -404.85 364.42 -29.3631 -382.183 393.451 -42.8566 -315.889 357.84 -5.36276 14.9695 12.7682 12.8294
178.433 174.323 172.737 172.217 175.033 179.358 168.221 170.568 171.616 175.243 -317.74 272.339 -0.372959 -390.798 300.803 -5.01227 -408.901 329.859 -15.2078 -405.052 363.488 -28.7842 -382.78 392.338 -42.5607 -316.223 357.741 -5.11349 14.8014 12.8149 13.0464
179.08 174.585 172.767 172.666 176.592 178.774 167.919 170.845 172.509 176.298 -318.269 272.684 0.165594 -391.477 300.782 -3.95814 -410.112 329.899 -13.7664 -406.573 364.053 -27.391 -384.074 392.699 -41.8325 -317.311 358.182 -4.94039 14.8897 13.2316 13.3257
179.143 174.416 172.623 172.811 176.736 178.61 167.331 170.867 172.733 176.032 -320.467 273.421 0.841788 -393.642 303.169 -3.6869 -412.043 332.541 -13.3773 -408.067 366.246 -27.1413 -384.907 394.176 -41.9896 -318.659 358.845 -4.79469 14.8039 12.9962 13.41
