179.075 168.841 171.227 169.553 170.502 177.101 167.692 167.668 167.936 170.119 -63.6414 368.799 11.3916 -126.624 346.552 -2.11396 -159.432 331.489 27.2918 -167.631 325.249 63.0237 -159.154 319.608 106.046 -77.6043 339.442 81.7306 19.6331 12.436 20.612
179.041 168.915 171.22 169.634 170.553 177.055 167.72 167.582 167.881 170.27 -63.6463 368.765 11.5138 -126.553 346.55 -2.04995 -159.294 331.594 27.3227 -167.531 325.298 63.0345 -159.103 319.139 106.194 -77.5512 339.295 81.7802 19.8833 12.4426 20.5572
179.018 169.06 171.26 169.723 170.612 177.023 167.818 167.55 167.826 170.392 -63.6031 368.639 11.5552 -126.526 346.547 -2.01603 -159.263 331.774 27.4201 -167.503 325.527 63.1287 -159.108 318.921 106.356 -77.5241 339.182 81.825 20.0604 12.4359 20.5593
178.978 169.315 171.429 169.872 170.719 176.958 168.014 167.696 167.918 170.626 -63.628 368.559 11.588 -126.542 346.473 -2.04866 -159.255 331.845 27.372 -167.523 325.676 63.1281 -159.183 318.766 106.478 -77.5539 339.198 81.8625 20.2459 12.4595 20.5014
178.954 169.319 171.397 169.792 170.716 176.947 167.952 167.589 167.835 170.718 -63.7321 368.468 11.6373 -126.59 346.451 -2.02013 -159.296 331.919 27.3677 -167.581 325.743 63.0934 -159.308 318.632 106.533 -77.6485 339.173 81.902 20.3801 12.4401 20.4622
178.953 169.293 171.311 169.644 170.669 176.973 167.88 167.47 167.71 170.708 -63.8856 368.547 11.7444 -126.761 346.484 -1.89287 -159.42 332.037 27.4688 -167.675 325.86 63.15 -159.435 318.657 106.634 -77.7547 339.168 81.9743 20.4393 12.3995 20.4012
178.938 169.307 171.337 169.577 170.673 176.946 167.852 167.47 167.724 170.734 -64.0607 368.641 11.7698 -127.016 346.662 -1.73392 -159.59 332.146 27.5569 -167.803 325.892 63.1869 -159.548 318.762 106.697 -77.8924 339.235 82.02 20.4302 12.3624 20.3333
178.923 169.366 171.324 169.459 170.678 176.928 167.835 167.455 167.709 170.791 -64.4157 368.797 11.8657 -127.366 346.644 -1.58115 -159.842 332.117 27.6903 -167.991 325.807 63.3084 -159.724 318.723 106.893 -78.1048 339.328 82.1146 20.4833 12.3457 20.2655
178.913 169.498 171.385 169.421 170.699 176.908 167.909 167.558 167.793 170.853 -64.7928 369.132 12.0122 -127.764 346.672 -1.39455 -160.156 332.04 27.8509 -168.22 325.641 63.4595 -159.903 318.694 107.086 -78.3211 339.414 82.2324 20.4656 12.3268 20.2149
178.918 169.618 171.475 169.43 170.718 176.932 167.988 167.703 167.905 170.971 -65.1346 369.5 12.0847 -128.164 346.808 -1.26931 -160.5 332.044 27.9585 -168.488 325.64 63.5772 -160.132 318.804 107.308 -78.5532 339.523 82.276 20.5183 12.3148 20.1937
178.942 169.564 171.393 169.276 170.614 176.988 167.898 167.68 167.903 170.937 -65.4412 370.01 12.2284 -128.57 346.946 -1.05674 -160.859 332.019 28.179 -168.726 325.58 63.7403 -160.3 319.003 107.544 -78.7563 339.586 82.3409 20.5154 12.2543 20.2016
178.98 169.526 171.343 169.169 170.548 177.044 167.818 167.703 167.963 170.928 -65.7266 370.483 12.3541 -128.978 347.095 -0.871042 -161.206 331.868 28.2851 -169.005 325.308 63.7881 -160.52 318.987 107.632 -79.0096 339.605 82.3955 20.469 12.2137 20.1875
179.048 169.345 171.245 169.074 170.468 177.133 167.583 167.639 168.042 170.944 -65.949 371.102 12.55 -129.324 347.638 -0.607738 -161.471 332.031 28.3599 -169.256 325.187 63.7607 -160.735 319.072 107.651 -79.2174 339.694 82.4568 20.417 12.1818 20.1365
179.105 169.273 171.201 169.02 170.394 177.193 167.503 167.614 168.064 170.892 -66.2005 371.583 12.7341 -129.693 348.036 -0.325666 -161.795 332.271 28.6169 -169.545 325.335 63.9708 -160.938 319.385 107.819 -79.4334 339.896 82.6042 20.3176 12.1559 20.1324
179.153 169.187 171.253 169.058 170.378 177.248 167.418 167.633 168.134 170.923 -66.6902 372.17 12.9262 -130.369 348.967 0.142851 -162.454 333.083 29.081 -170.156 325.984 64.3618 -161.434 320.081 108.052 -79.8745 340.344 82.799 20.1314 12.1209 20.143
179.207 169.159 171.263 169.082 170.355 177.331 167.353 167.638 168.129 170.861 -66.9016 372.333 12.9729 -130.68 349.245 0.39053 -162.734 333.191 29.264 -170.411 326.137 64.5045 -161.662 320.335 108.064 -80.0843 340.605 82.911 19.9822 12.0738 20.1193
179.208 169.271 171.376 169.257 170.421 177.346 167.426 167.717 168.185 170.918 -67.1849 372.413 12.8832 -131.06 349.619 0.521576 -163.11 333.547 29.4316 -170.744 326.489 64.6445 -161.945 320.526 108.132 -80.332 340.865 82.9058 19.9511 12.0423 20.1284
179.213 169.297 171.425 169.3 170.445 177.364 167.425 167.755 168.18 170.931 -67.3861 372.487 12.8441 -131.37 349.999 0.715842 -163.36 333.848 29.5688 -170.962 326.796 64.7603 -162.148 320.77 108.164 -80.5263 341.183 82.9432 19.8987 12.0179 20.0819
179.215 169.38 171.522 169.406 170.47 177.396 167.463 167.822 168.221 170.974 -67.5361 372.53 12.8387 -131.587 350.327 0.872253 -163.537 334.141 29.6763 -171.13 327.075 64.8633 -162.311 320.946 108.228 -80.6566 341.402 82.9918 19.8881 12.0128 20.0372
179.22 169.546 171.661 169.585 170.539 177.41 167.614 167.976 168.306 171.044 -67.5978 372.468 12.7602 -131.772 350.514 0.944884 -163.701 334.345 29.7758 -171.282 327.37 65.0176 -162.437 321.113 108.367 -80.7593 341.563 83.0232 19.9148 12.0313 20.0271
179.232 169.613 171.718 169.647 170.572 177.442 167.647 168.009 168.313 171.094 -67.703 372.495 12.7405 -131.887 350.745 0.981007 -163.837 334.605 29.8561 -171.427 327.683 65.1256 -162.589 321.287 108.4 -80.893 341.78 83.0594 19.8998 12.0453 20.0547
179.229 169.689 171.779 169.712 170.587 177.468 167.698 168.076 168.306 171.131 -67.8441 372.468 12.6697 -132.007 350.766 0.922614 -164.006 334.693 29.9113 -171.576 327.996 65.2287 -162.737 321.495 108.465 -81.0191 341.884 83.0402 19.9167 12.041 20.1194
179.231 169.794 171.895 169.815 170.653 177.464 167.822 168.238 168.402 171.225 -67.8244 372.511 12.626 -132.047 350.842 0.881455 -164.11 334.709 29.9496 -171.665 328.218 65.3069 -162.832 321.695 108.523 -81.0828 341.978 83.0491 19.9132 12.0344 20.2063
179.216 169.905 172.024 169.935 170.738 177.437 167.98 168.411 168.512 171.318 -67.8106 372.576 12.5996 -132.092 350.946 0.846619 -164.202 334.751 29.99 -171.73 328.348 65.3999 -162.869 321.768 108.626 -81.1201 342.03 83.0589 19.9396 12.0517 20.2828
179.188 170.04 172.154 170.073 170.806 177.388 168.129 168.558 168.617 171.423 -67.7898 372.612 12.5841 -132.1 351.03 0.813412 -164.241 334.81 29.99 -171.762 328.48 65.4426 -162.895 321.795 108.705 -81.1459 342.089 83.0668 19.9995 12.0703 20.3278
179.163 170.156 172.3 170.295 170.908 177.345 168.301 168.719 168.757 171.532 -67.7759 372.589 12.543 -132.131 351.143 0.77899 -164.329 334.947 30.032 -171.847 328.752 65.5166 -162.966 321.964 108.759 -81.1953 342.164 83.0675 20.008 12.0746 20.3937
179.146 170.261 172.414 170.436 171.013 177.319 168.513 168.893 168.888 171.631 -67.6319 372.651 12.4581 -132.17 351.317 0.704601 -164.427 335.159 30.0602 -171.925 329.06 65.5956 -163.012 322.214 108.795 -81.2156 342.256 83.0387 19.9799 12.0945 20.4642
179.131 170.398 172.56 170.728 171.14 177.303 168.762 169.123 169.088 171.757 -67.4282 372.628 12.3428 -132.189 351.391 0.590655 -164.524 335.325 30.0888 -172.018 329.501 65.6959 -163.086 322.602 108.906 -81.2268 342.358 83.0203 19.9947 12.1108 20.5459
179.123 170.437 172.596 170.778 171.176 177.295 168.864 169.24 169.133 171.824 -67.3862 372.825 12.273 -132.195 351.426 0.441525 -164.588 335.398 30.0229 -172.061 329.837 65.6781 -163.145 322.972 108.939 -81.2464 342.48 82.9588 20.033 12.1112 20.6018
179.119 170.415 172.626 170.861 171.213 177.269 168.919 169.291 169.162 171.868 -67.3167 373.159 12.2308 -132.061 351.764 0.248853 -164.542 335.799 29.8492 -172.062 330.466 65.4874 -163.226 323.555 108.801 -81.2381 342.69 82.8658 20.0713 12.0852 20.6432
179.141 170.273 172.679 170.815 171.283 177.227 168.98 169.444 169.241 171.863 -67.0892 373.992 12.2076 -131.643 352.661 -0.100472 -164.307 336.503 29.425 -171.936 331.353 65.0277 -163.205 324.635 108.205 -81.1178 343.19 82.654 19.8627 12.0639 20.759
179.208 169.922 172.491 170.501 171.192 177.294 168.616 169.275 169.14 171.64 -67.0518 374.753 12.3488 -131.342 353.345 -0.184016 -164.039 336.789 29.0634 -171.748 331.458 64.5076 -163.083 325.135 107.626 -80.9804 343.352 82.4934 19.6647 11.978 20.7475
179.248 169.652 172.347 170.267 171.108 177.329 168.362 169.133 169.019 171.428 -67.0156 375.494 12.5365 -131.032 353.831 -0.284599 -163.766 337.044 28.7587 -171.552 331.682 64.0573 -162.976 325.624 107.195 -80.8546 343.509 82.3962 19.5791 11.889 20.7342
179.271 169.492 172.315 170.146 171.056 177.311 168.25 169.136 168.981 171.261 -66.9847 376.078 12.6857 -130.786 354.264 -0.338146 -163.56 337.313 28.5453 -171.414 332.065 63.7761 -162.899 326.336 106.938 -80.7697 343.802 82.3898 19.4997 11.8356 20.7185
179.294 169.268 172.177 169.936 170.923 177.319 168.043 169.04 168.911 171.046 -66.9573 376.567 12.7775 -130.568 354.601 -0.417038 -163.335 337.478 28.2624 -171.258 332.186 63.4328 -162.798 326.841 106.596 -80.6771 344.055 82.3374 19.3908 11.8023 20.6574
179.296 169.077 172.106 169.82 170.812 177.301 167.892 169.06 168.943 170.829 -66.9589 377.059 12.9422 -130.382 354.988 -0.393161 -163.171 337.574 28.0753 -171.149 332.188 63.2024 -162.676 327.318 106.35 -80.5867 344.301 82.354 19.2443 11.7811 20.6427
179.299 168.983 172.048 169.736 170.714 177.284 167.811 169.112 168.996 170.667 -66.9599 377.435 13.0419 -130.305 355.284 -0.379599 -163.098 337.655 27.9308 -171.12 332.209 63.0491 -162.628 327.768 106.207 -80.5527 344.557 82.3781 19.1413 11.7787 20.6197
179.296 168.871 171.941 169.592 170.58 177.285 167.704 169.078 168.923 170.432 -66.9929 377.841 13.1532 -130.252 355.333 -0.371188 -163.029 337.544 27.847 -171.034 332.148 62.949 -162.51 328.05 106.117 -80.4925 344.742 82.3953 19.0772 11.7495 20.6035
179.285 168.781 171.875 169.475 170.473 177.279 167.633 169.022 168.843 170.219 -67.0359 378.188 13.3314 -130.219 355.458 -0.240231 -162.988 337.596 27.9422 -170.967 332.169 63.0119 -162.393 328.304 106.134 -80.4323 344.948 82.5044 18.9856 11.719 20.5967
179.257 168.784 171.866 169.424 170.393 177.241 167.648 169.024 168.818 170.081 -67.0831 378.427 13.4239 -130.226 355.49 -0.194088 -162.981 337.605 28.0052 -170.933 332.162 63.0815 -162.297 328.47 106.148 -80.4063 345.154 82.5742 18.9073 11.7164 20.595
179.223 168.887 171.938 169.467 170.389 177.208 167.749 169.123 168.855 170.052 -67.0991 378.413 13.4051 -130.256 355.329 -0.212944 -162.988 337.484 28.0054 -170.921 332.133 63.1263 -162.246 328.584 106.178 -80.3702 345.265 82.6033 18.8655 11.7278 20.561
179.205 168.937 171.921 169.453 170.322 177.213 167.786 169.09 168.782 169.95 -67.1056 378.508 13.4487 -130.33 355.258 -0.145607 -163.052 337.561 28.1594 -170.928 332.292 63.2794 -162.201 328.776 106.293 -80.3347 345.352 82.6583 18.829 11.7056 20.5428
179.174 169.074 171.981 169.53 170.301 177.197 167.926 169.176 168.823 169.994 -67.1234 378.452 13.566 -130.42 355.204 -0.00616598 -163.166 337.667 28.4324 -170.986 332.449 63.597 -162.179 328.86 106.618 -80.2991 345.407 82.7986 18.8511 11.7192 20.56
179.145 169.309 172.138 169.858 170.355 177.186 168.174 169.307 168.938 170.144 -67.1438 378.353 13.6584 -130.568 355.215 0.148019 -163.391 337.966 28.85 -171.134 332.916 64.0677 -162.241 328.983 107.173 -80.2977 345.405 82.9697 18.9885 11.7271 20.6325
179.098 169.589 172.302 170.308 170.449 177.133 168.475 169.455 169.125 170.378 -67.1568 378.191 13.8263 -130.774 355.131 0.427354 -163.62 338.203 29.3924 -171.273 333.278 64.708 -162.292 328.846 107.938 -80.318 345.444 83.2785 19.2035 11.7708 20.6738
179.01 169.76 172.421 170.559 170.561 177.064 168.669 169.546 169.268 170.705 -67.2916 378.156 14.1818 -131.021 355.022 0.897958 -163.87 338.217 30.0832 -171.365 333.192 65.4612 -162.28 328.177 108.866 -80.3593 345.372 83.6724 19.5124 11.8042 20.767
178.94 169.942 172.572 171.185 170.601 177.009 168.979 169.683 169.667 171.006 -67.3493 378.027 14.4945 -131.294 354.824 1.30416 -164.339 338.422 31.0025 -171.71 333.465 66.4553 -162.455 328.075 110.014 -80.5527 345.451 84.1615 19.7827 11.8404 21.0342
178.901 169.726 172.523 171.162 170.513 177.007 168.931 169.553 169.608 171.023 -67.4529 377.831 14.8965 -131.551 354.555 1.9153 -164.856 338.336 32.158 -171.98 333.426 67.621 -162.507 328.071 111.247 -80.7687 345.451 84.7669 19.943 11.8099 21.4295
178.853 169.382 172.495 170.796 170.405 176.93 168.773 169.448 169.463 170.856 -67.7702 377.614 15.4128 -131.674 354.33 2.51503 -165.376 338.091 33.3007 -172.274 333.223 68.7204 -162.608 328.418 112.218 -81.0715 345.497 85.421 19.844 11.7419 21.9604
178.867 168.895 172.359 170.433 170.197 176.931 168.471 169.181 169.115 170.378 -68.1739 377.303 15.9203 -131.957 354.048 3.22892 -165.968 337.79 34.5874 -172.616 333.121 69.9918 -162.722 328.834 113.22 -81.4431 345.587 86.1428 19.6455 11.682 22.4536
178.893 168.625 172.322 170.45 170.055 176.979 168.301 168.997 168.943 170.098 -68.8108 376.904 16.497 -132.547 353.645 4.10605 -166.736 337.617 36.0982 -173.177 333.361 71.5264 -163.074 329.272 114.561 -81.9194 345.691 87.0217 19.5284 11.6462 22.8238
178.964 168.683 172.435 170.734 170.342 177.05 168.409 169.091 169.017 170.133 -69.3722 376.021 16.9326 -133.353 353.196 5.00363 -167.488 337.349 37.3436 -173.854 333.512 72.9525 -163.652 329.272 115.777 -82.4581 345.583 87.8732 19.4053 11.7484 22.9107
178.915 169.268 172.901 172.428 171.025 177.051 169.035 169.555 170.51 170.807 -69.8191 374.591 17.4427 -134.232 352.411 5.89499 -168.369 337.099 38.8143 -174.821 332.907 74.6461 -164.388 328.289 117.409 -83.0274 345.281 88.87 19.3952 11.9537 23.0723
178.895 169.793 173.216 175.253 171.568 177.118 169.593 169.966 171.826 171.632 -70.5491 373.487 18.1742 -135.194 351.348 6.99376 -169.274 336.377 40.1484 -175.729 331.762 76.0605 -165.165 326.879 118.976 -83.6668 344.74 89.9477 19.5327 12.0331 23.0634
178.895 170.039 173.527 175.511 171.743 177.12 169.864 170.09 171.704 171.89 -71.4891 372.445 18.9303 -136.213 350.58 8.06446 -170.426 336.159 41.5994 -176.754 331.572 77.5527 -166.104 326.552 120.255 -84.5489 344.258 91.0132 19.3907 12.0339 23.2142
179.05 170.023 173.249 175.614 171.846 177.299 169.772 169.941 171.494 172.129 -73.907 372.168 21.843 -138.2 349.678 10.8719 -172.234 335.041 44.6217 -178.347 330.037 80.7217 -167.652 324.09 123.319 -86.1943 343.361 93.6704 19.544 12.1604 23.3039
179.063 169.505 172.688 175.027 171.504 177.497 169.227 169.352 170.752 171.727 -75.8637 372.395 23.6932 -139.407 349.165 12.406 -173.386 334.35 46.243 -179.305 329.063 82.2726 -168.636 322.438 124.588 -87.3641 342.841 94.9881 19.5455 12.1354 23.4379
179.115 169.28 172.736 174.89 171.436 177.573 169.054 169.623 170.901 171.736 -77.3686 370.55 24.9416 -140.717 348.148 13.9215 -174.945 333.563 48.172 -180.876 328.952 84.3182 -170.271 322.596 126.41 -88.8161 342.162 96.5175 19.3676 12.181 23.7678
179.094 169.111 172.413 174.914 171.269 177.636 168.7 169.334 170.868 171.716 -79.0571 369.331 26.4017 -142.378 347.289 15.6978 -176.441 332.878 50.0748 -182.331 328.449 86.2564 -171.78 321.833 128.296 -90.2251 341.363 98.0657 19.4213 12.2041 23.7338
179.03 168.7 171.753 174.965 170.922 177.731 168.551 168.965 170.665 171.379 -81.1316 369.859 28.8192 -143.755 346.631 17.513 -177.492 331.837 51.8313 -183.329 327.291 87.9559 -172.761 320.01 129.903 -91.4646 340.709 99.8415 19.5393 12.1988 23.6765
178.695 168.095 171.125 173.107 170.541 177.689 167.928 168.562 169.431 170.783 -83.2819 369.751 30.9411 -145.735 346.257 19.8903 -179.101 330.969 54.0935 -184.781 326.788 90.3503 -174.075 319.888 131.913 -93.0658 340.413 101.867 19.2159 12.26 23.5272
178.709 168.145 171.274 172.386 170.543 177.794 167.843 168.627 168.915 170.711 -85.3265 368.497 32.6373 -148.055 345.871 22.5567 -181.119 330.364 56.982 -186.564 326.393 93.4906 -175.532 319.426 134.783 -94.742 339.729 103.988 19.1272 12.4169 23.564
178.381 168.239 170.962 171.422 170.46 177.486 168.176 168.643 168.36 170.828 -87.6605 368.237 34.8826 -150.339 344.811 25.2505 -182.973 329.811 59.9255 -188.343 326.726 96.7227 -177.217 320.187 137.896 -96.6766 340.535 106.639 19.0914 12.5918 23.3888
177.327 167.428 169.946 169.861 170.095 176.564 167.392 167.982 167.145 170.271 -89.9087 367.632 37.1427 -152.251 343.386 27.7413 -184.485 328.448 62.2956 -189.764 326.275 99.31 -178.624 320.202 140.414 -98.4019 340.608 108.989 19.102 12.722 23.1084
176.908 167.167 170.003 169.123 169.888 176.081 167.012 167.548 166.582 170.002 -92.2944 365.86 38.97 -154.846 342.482 30.6194 -186.327 327.521 65.3205 -191.246 325.299 102.487 -179.595 318.37 143.346 -99.8798 339.363 111.065 19.2896 12.8285 22.85
176.445 166.991 169.382 168.09 169.865 175.502 166.743 167.206 166.036 169.728 -94.4641 364.68 40.9199 -157.254 341.581 33.5693 -187.901 326.541 67.7731 -192.802 324.424 105.228 -180.83 318.204 145.707 -101.614 339.384 113.464 18.8988 13.0425 22.1877
176.105 166.57 169.159 167.324 169.718 175.197 166.104 166.818 165.525 169.449 -96.5862 363.695 42.8018 -159.679 341.207 36.3855 -189.355 325.375 70.0158 -194.135 322.557 107.6 -181.717 316.2 147.949 -103.087 338.397 115.464 18.8761 13.1701 21.6025
176.529 166.741 168.917 167.148 169.856 175.739 166.133 166.6 165.105 169.308 -98.8377 363.198 44.2123 -163.098 341.251 39.5797 -191.732 325.088 72.7948 -196.053 322.101 110.823 -182.932 316.29 151.146 -105.019 338.045 117.521 18.9077 13.4595 20.9491
177.17 167.271 168.691 167.011 169.797 176.48 166.612 166.673 164.651 168.95 -100.966 361.897 45.2109 -166.418 340.052 42.5216 -193.911 323.798 75.4333 -197.768 321.232 114.297 -183.917 316.14 154.512 -106.861 337.283 119.509 18.9193 14.0432 20.2754
177.903 167.603 168.957 167.059 169.726 177.235 167.177 166.943 164.831 168.649 -102.885 360.873 46.1086 -169.776 339.259 44.9539 -196.531 323.128 77.9603 -199.828 321.036 117.237 -185.388 316.078 157.415 -108.846 336.247 121.08 19.0256 14.3199 19.9478
178.221 167.669 168.743 167.055 169.625 177.574 167.25 167.071 164.665 168.258 -104.56 359.982 47.4164 -172.331 338.472 47.3378 -198.64 322.543 80.4352 -201.761 320.94 119.872 -186.957 317.354 160.098 -110.773 336.117 123.075 18.8996 14.4284 19.757
179.802 168.488 169.158 167.102 169.793 178.781 168.021 167.713 164.604 167.68 -107.899 358.113 49.8147 -177.32 337.109 51.9737 -202.647 320.689 85.1771 -205.092 319.329 125.271 -189.324 316.334 165.312 -114.186 334.518 126.686 18.9235 14.9197 19.5454
179.941 168.143 168.775 167.129 169.448 178.805 167.543 167.589 164.682 167.081 -109.542 357.235 51.1606 -179.604 336.172 54.4124 -204.319 320.004 87.4678 -206.633 318.559 127.409 -190.602 317.181 167.451 -115.757 334.15 128.44 18.7313 14.8043 19.1484
179.876 167.648 168.531 166.93 169.004 178.782 166.86 167.431 164.526 166.148 -111.483 356.745 52.5769 -181.715 335.749 56.9524 -205.666 318.951 89.2164 -207.743 316.427 129.11 -191.41 315.649 168.866 -117.029 332.847 129.913 18.4152 14.7972 18.596
179.582 168.686 169.572 167.954 169.624 179.021 167.524 168.281 165.438 166.673 -113.169 356.195 53.6926 -184.265 335.719 59.3029 -207.695 318.718 91.6406 -209.373 315.87 131.448 -192.536 315.381 170.948 -118.419 331.954 131.367 18.1967 14.7293 18.4511
179.917 169.401 170.426 169.003 170.291 178.841 167.821 168.912 166.174 167.192 -114.795 355.388 54.5449 -186.698 335.669 61.4957 -209.766 318.817 93.7915 -211.124 316.031 133.456 -193.967 316.087 172.844 -119.889 331.346 132.668 18.0726 14.579 18.1988
179.98 169.649 170.773 169.651 170.799 178.783 167.836 169.28 166.634 167.311 -116.681 355.254 55.8239 -188.77 335.319 63.6718 -211.331 318.331 95.4863 -212.45 315.308 134.786 -195.185 315.748 174.152 -121.133 330.498 133.938 17.9658 14.2776 17.7242
179.871 170.127 171.26 170.639 171.496 178.698 168.167 169.68 167.435 167.734 -118.279 355.492 57.1779 -190.464 335.331 65.8225 -212.594 318.142 97.3887 -213.538 314.571 136.217 -196.164 315.299 175.484 -122.232 330.217 135.397 17.8096 13.9425 17.4609
178.716 171.213 172.588 171.912 172.361 178.013 169.261 170.927 168.67 168.719 -118.905 354.481 57.7361 -192.287 335.473 67.2702 -214.457 318.589 99.3581 -215.276 315.324 138.184 -197.661 316.539 177.277 -123.636 330.392 136.73 17.6659 13.8936 17.608
178.247 171.837 173.377 172.782 172.869 177.549 169.871 171.763 169.229 169.063 -119.661 352.901 57.9931 -194.024 335.315 68.4924 -216.408 318.596 101.142 -217.0 315.902 140.078 -199.064 317.266 178.893 -124.928 329.81 137.704 17.4722 13.9003 17.8865
178.493 172.786 173.947 173.128 174.019 177.065 170.925 172.581 170.213 170.347 -120.84 353.036 59.3587 -195.087 335.619 69.0533 -218.241 318.993 102.509 -218.607 316.413 140.528 -200.702 317.617 179.748 -126.132 329.308 138.577 17.735 13.1261 18.5456
178.608 172.951 173.802 173.417 174.205 177.244 171.125 173.001 170.391 170.461 -122.105 352.796 60.2602 -196.266 335.14 70.1703 -219.302 318.175 103.377 -219.486 315.593 141.408 -201.455 316.559 180.75 -126.955 328.303 139.44 17.8384 13.0973 18.4034
178.647 173.366 173.912 173.776 174.555 177.344 171.607 173.54 170.854 170.805 -123.145 352.324 61.4443 -197.396 334.999 71.9196 -220.177 317.866 105.159 -220.259 315.341 143.336 -202.052 316.45 182.585 -127.769 328.273 140.954 17.8186 13.2164 18.3795
178.295 173.616 174.1 174.175 174.734 177.088 171.945 174.068 171.227 171.06 -123.942 351.102 62.1164 -198.782 335.007 73.4716 -221.398 317.785 106.811 -221.412 315.52 145.273 -203.017 316.813 184.35 -128.822 328.206 142.284 17.7188 13.4174 18.3776
177.811 174.582 174.62 174.028 175.329 176.784 172.565 174.628 171.633 171.684 -124.879 350.422 63.0921 -199.618 334.64 73.9737 -222.713 317.189 107.821 -222.507 314.996 145.752 -204.169 315.927 184.696 -129.742 327.403 142.997 17.5554 12.9601 18.8528
177.953 174.585 174.599 174.465 175.301 176.899 172.429 174.651 171.96 172.044 -125.52 349.421 63.7598 -200.734 334.752 75.2633 -223.696 317.507 109.114 -223.556 315.365 147.294 -205.011 316.178 186.226 -130.616 327.003 143.945 17.6255 13.1727 18.767
177.504 175.327 174.873 174.589 175.978 176.674 172.658 175.002 172.639 173.034 -126.866 349.967 65.1407 -201.88 335.281 76.4908 -224.858 317.39 110.112 -224.483 314.781 147.818 -205.884 314.978 187.117 -131.414 326.456 144.743 17.9258 12.7858 18.7926
177.881 175.389 174.996 174.941 176.217 176.95 172.915 175.481 173.057 173.427 -128.041 349.469 65.8921 -203.262 335.262 78.1503 -225.877 317.231 111.788 -225.38 314.561 149.667 -206.438 314.727 188.913 -132.21 326.235 145.84 17.9612 12.9288 18.7051
178.049 175.35 175.044 175.168 176.066 177.218 173.025 175.682 173.28 173.501 -129.045 348.51 66.5166 -204.601 335.321 79.786 -226.869 317.442 113.647 -226.224 314.855 151.8 -206.929 315.139 190.812 -132.997 326.066 146.913 17.9024 13.164 18.6982
177.947 175.559 175.014 174.792 176.194 177.18 172.927 175.414 173.217 173.876 -129.61 347.811 67.6448 -205.058 335.247 80.497 -227.591 317.23 114.187 -226.934 314.307 151.779 -207.874 314.481 190.831 -133.654 325.69 147.618 17.8324 12.7119 18.7222
177.387 175.517 174.66 174.293 176.141 177.529 172.475 174.833 173.01 174.032 -130.448 348.304 69.228 -205.333 335.199 81.1653 -228.137 316.879 114.576 -227.421 313.462 151.499 -208.69 313.369 190.608 -134.167 325.212 148.306 17.7559 12.1814 18.7362
178.101 175.35 174.455 174.603 175.904 178.008 172.374 174.564 173.091 173.95 -130.866 347.934 70.1799 -205.968 334.813 82.1114 -228.584 316.908 115.572 -228.114 313.353 152.747 -209.327 313.423 192.015 -134.829 325.216 149.355 17.9248 12.4225 18.5889
176.925 175.309 174.451 174.384 176.033 178.057 172.239 174.514 173.308 174.033 -131.683 348.331 71.4459 -206.946 334.83 83.5922 -229.302 316.665 116.328 -228.736 312.537 153.181 -209.966 312.471 192.348 -135.423 324.891 150.238 17.7667 12.186 18.1157
177.433 175.386 174.645 174.922 176.164 178.069 172.441 174.605 173.676 174.204 -131.911 347.668 71.9312 -208.055 334.769 85.2539 -229.852 317.05 117.87 -229.46 312.815 155.226 -210.418 312.972 194.576 -136.096 325.141 151.582 18.0103 12.6261 17.7119
175.964 175.424 174.976 175.07 176.197 177.939 172.36 174.991 174.298 174.438 -132.149 346.91 72.7102 -208.944 334.912 86.9871 -230.592 317.031 119.131 -230.087 312.385 156.386 -210.961 312.757 195.539 -136.642 324.992 152.648 17.8242 12.5667 17.4333
174.835 175.536 175.123 174.902 176.02 177.955 172.396 175.151 174.589 174.431 -132.661 346.644 73.7884 -209.737 335.037 88.3509 -231.401 316.694 119.979 -230.794 311.532 156.945 -211.727 312.07 195.818 -137.26 324.746 153.557 17.4763 12.3561 17.2612
173.974 175.401 175.249 174.765 175.496 177.868 172.455 175.464 174.825 174.36 -133.199 346.151 74.8767 -210.391 335.277 89.4741 -232.327 316.753 120.981 -231.717 311.372 157.852 -212.778 312.17 196.183 -138.099 324.794 154.559 16.9344 12.2916 17.3495
173.542 175.341 175.117 174.269 175.045 177.999 172.38 175.478 174.708 174.046 -134.2 346.307 76.1812 -211.073 335.382 90.6191 -233.045 316.206 121.661 -232.294 310.371 158.224 -213.446 311.096 196.309 -138.741 324.327 155.444 16.6299 12.0794 17.3204
173.21 175.173 175.182 174.233 175.106 178.25 172.437 175.77 175.03 174.391 -135.081 345.95 77.5137 -211.809 335.041 91.739 -233.698 315.788 122.482 -233.04 310.038 158.921 -214.274 311.265 197.089 -139.492 324.446 156.635 16.6088 11.965 17.1541
173.01 175.176 175.115 174.111 174.916 178.7 172.454 175.799 175.07 174.303 -136.445 346.243 79.1063 -212.598 334.861 93.1814 -234.308 315.578 123.978 -233.513 309.964 160.216 -214.56 311.255 198.234 -140.015 324.358 157.85 16.5277 11.7932 17.1163
