161.077 169.655 171.525 167.629 177.102 174.912 154.238 155.394 159.972 166.542 137.509 275.204 -99.3091 151.833 191.327 -57.6664 172.816 175.579 -27.517 193.774 178.421 -4.68517 212.285 200.435 12.303 200.939 269.622 -41.6482 7.71292 8.17506 14.6039
161.537 169.612 171.607 167.692 177.401 175.812 154.026 155.722 160.079 166.472 137.898 274.559 -98.945 151.435 191.341 -57.5269 172.716 175.245 -27.7576 193.574 178.199 -4.8961 211.991 200.063 12.0914 200.812 269.422 -41.5658 7.61221 8.13453 14.6113
163.073 169.459 171.602 167.63 177.737 177.139 153.821 155.81 160.096 166.487 138.174 273.75 -98.3339 151.094 191.237 -57.4212 172.665 175.001 -27.8995 193.49 177.955 -5.06871 211.947 199.69 11.9448 200.662 269.195 -41.4897 7.62665 8.10875 14.6689
164.523 169.318 171.598 167.597 177.873 178.288 153.573 155.915 160.07 166.433 138.48 273.214 -98.0261 150.807 191.251 -57.4781 172.646 174.809 -28.1418 193.389 177.806 -5.32749 211.859 199.469 11.8304 200.547 269.059 -41.4777 7.69941 8.06216 14.7731
165.622 169.158 171.412 167.721 178.005 179.138 153.377 156.029 160.046 166.325 138.724 272.898 -97.9254 150.569 191.324 -57.55 172.653 174.617 -28.2428 193.281 177.744 -5.46614 211.881 199.345 11.8156 200.473 268.946 -41.465 7.8425 7.97804 14.9544
166.552 168.833 171.19 167.865 177.937 179.73 153.259 156.173 160.115 166.226 138.901 272.568 -97.8777 150.409 191.311 -57.6295 172.75 174.352 -28.1921 193.226 177.612 -5.3842 211.793 199.252 12.018 200.38 268.822 -41.4139 7.90245 7.8982 15.2083
167.366 168.61 170.72 167.886 177.725 179.887 153.117 156.028 160.068 166.026 138.997 272.209 -97.8672 150.268 191.324 -57.6978 172.711 174.185 -27.9586 193.283 177.47 -5.27477 211.861 199.163 12.1368 200.329 268.649 -41.4113 7.93916 7.88954 15.4602
168.007 168.344 170.239 167.929 177.483 179.584 152.882 155.844 160.097 166.015 139.164 272.018 -97.9495 150.292 191.413 -57.794 172.818 174.108 -27.8025 193.507 177.399 -5.28631 212.051 199.162 12.2229 200.366 268.592 -41.3932 8.00906 7.88631 15.6734
168.444 168.153 169.9 168.03 176.97 179.35 152.586 155.764 160.073 165.711 139.282 271.899 -98.1284 150.371 191.481 -57.763 172.962 173.941 -27.6456 193.703 177.298 -5.25644 212.132 199.178 12.3248 200.437 268.479 -41.3869 8.01675 7.85453 15.8154
168.774 167.974 169.598 168.061 176.392 179.101 152.296 155.494 160.097 165.4 139.325 271.922 -98.3349 150.484 191.619 -57.7519 173.003 173.975 -27.5232 194.025 177.135 -5.41277 212.427 199.22 12.3308 200.587 268.429 -41.4108 8.12982 7.90271 15.8608
168.865 167.711 169.288 168.169 175.609 178.932 151.991 155.284 160.189 164.997 139.469 272.017 -98.7091 150.773 191.74 -57.6735 173.188 173.995 -27.3921 194.35 177.011 -5.5144 212.707 199.421 12.4948 200.799 268.419 -41.4173 8.32167 7.89953 15.8504
168.678 167.418 169.025 168.042 174.854 179.001 151.687 155.012 160.31 164.75 139.443 272.297 -99.1378 151.059 191.909 -57.6517 173.377 174.162 -27.3102 194.941 176.905 -5.71563 213.208 199.622 12.5144 201.02 268.431 -41.4776 8.49266 8.06407 15.8479
168.431 167.298 169.239 168.012 173.909 179.259 151.378 154.862 160.426 164.476 139.426 272.587 -99.491 151.376 191.972 -57.3943 173.475 174.267 -27.3439 195.439 176.727 -5.94019 213.559 199.709 12.3531 201.291 268.385 -41.4994 8.50535 8.27806 15.576
168.366 167.042 169.406 167.924 172.684 179.302 151.215 154.796 160.478 164.023 139.221 272.958 -99.906 151.833 191.961 -57.2603 173.826 174.319 -27.3414 196.013 176.677 -6.02942 213.818 199.968 12.2522 201.525 268.385 -41.5291 8.4198 8.39713 15.4296
168.572 166.886 169.634 167.933 171.304 179.09 151.068 154.818 160.517 163.586 139.066 273.285 -100.387 152.524 191.917 -56.9113 174.406 174.384 -27.1115 196.63 176.762 -5.74376 214.019 200.341 12.334 201.814 268.43 -41.4967 8.18004 8.44696 15.2592
168.892 166.707 169.983 167.931 169.933 178.831 150.867 154.863 160.55 163.133 138.895 273.581 -100.928 153.263 191.733 -56.4968 174.893 174.402 -26.7064 197.031 176.727 -5.29167 213.978 200.702 12.5318 202.03 268.397 -41.4749 7.92113 8.42426 15.0488
169.625 166.46 170.122 167.812 168.571 177.875 150.636 154.956 160.642 162.763 138.832 273.883 -101.56 154.107 191.644 -56.2765 175.668 174.407 -26.2993 197.627 176.73 -4.79348 213.905 201.172 12.8217 202.3 268.458 -41.4589 7.63161 8.35879 15.0587
177.212 166.593 170.548 168.002 167.22 173.844 150.509 155.31 160.66 162.723 138.754 273.527 -101.416 155.037 191.3 -56.2035 176.335 174.28 -26.0658 197.871 176.89 -4.14597 213.696 201.738 13.2775 202.658 268.426 -41.4094 7.46326 8.21093 14.9518
179.563 166.499 170.94 168.166 165.824 172.806 150.457 155.979 160.634 162.33 138.04 273.644 -101.074 155.94 190.933 -55.9238 177.217 173.99 -25.8345 198.133 177.167 -3.56522 213.467 202.5 13.7536 202.948 268.437 -41.3525 7.41239 7.9228 14.8349
176.903 166.579 171.585 168.478 164.022 170.805 150.558 156.712 160.722 161.892 137.046 273.714 -100.481 157.393 190.286 -55.2751 178.136 173.859 -25.176 198.479 177.578 -2.31958 213.033 203.445 14.498 203.384 268.359 -41.1343 7.09908 7.82633 14.4072
174.203 166.727 171.919 168.592 163.597 169.132 150.617 157.309 160.844 161.563 135.695 273.395 -99.3431 158.265 189.854 -54.6729 178.951 173.772 -24.8664 199.026 177.877 -1.79795 213.0 204.111 14.9411 203.591 268.334 -41.0203 7.12561 7.78542 14.1032
173.412 166.543 172.037 168.823 163.326 168.445 150.469 157.96 161.004 161.163 134.815 273.148 -98.6777 158.945 189.61 -54.1573 179.767 173.559 -24.7248 199.499 178.205 -1.41577 212.937 204.744 15.3074 203.753 268.356 -40.9434 7.21319 7.73658 13.8921
172.52 166.689 171.863 168.798 163.156 168.208 149.898 158.328 161.039 160.7 134.147 272.95 -98.3578 159.585 189.879 -53.8847 180.148 173.851 -24.4865 199.749 178.705 -0.78514 212.522 204.981 15.5953 203.853 268.391 -40.9739 6.81372 7.92013 13.7389
172.341 166.483 172.282 168.804 163.217 168.031 149.834 158.527 161.189 160.492 133.887 272.535 -98.167 160.123 189.599 -53.3706 180.454 173.903 -24.3974 200.135 179.034 -0.506777 212.467 205.483 15.7959 203.98 268.351 -40.8986 6.86513 8.09206 13.302
172.144 166.47 172.664 168.765 163.526 167.772 149.693 158.435 161.3 160.13 133.561 272.053 -97.7675 160.42 189.428 -52.8458 180.543 174.075 -24.2704 200.447 179.297 -0.200763 212.391 205.897 15.8993 204.035 268.289 -40.8278 6.85038 8.32007 12.9131
171.909 166.487 172.927 168.741 163.995 167.566 149.603 158.398 161.419 159.801 133.212 271.739 -97.4758 160.563 189.28 -52.4647 180.615 174.111 -24.1864 200.659 179.389 -0.0915179 212.364 206.144 15.9011 204.015 268.202 -40.7962 6.89922 8.41391 12.6719
171.656 166.474 172.962 168.725 164.79 167.468 149.352 158.379 161.661 159.708 133.011 271.525 -97.2787 160.532 189.299 -52.3889 180.723 174.075 -24.3093 201.044 179.346 -0.130813 212.487 206.204 15.8497 203.987 268.154 -40.8176 6.95335 8.60503 12.6459
171.594 166.313 172.784 168.82 165.569 167.654 149.141 158.48 161.877 159.736 132.974 271.473 -97.2192 160.466 189.396 -52.4108 180.922 173.92 -24.5442 201.316 179.262 -0.476869 212.708 206.216 15.7059 203.97 268.161 -40.8073 7.12777 8.5914 12.7087
171.493 166.154 172.576 168.951 166.19 167.787 148.864 158.522 162.03 159.791 132.852 271.519 -97.1177 160.359 189.541 -52.3156 180.965 173.828 -24.647 201.328 179.178 -0.712029 212.76 206.211 15.6355 203.899 268.192 -40.7461 7.25674 8.50721 12.7211
171.3 166.125 172.517 169.092 166.739 167.814 148.818 158.429 162.149 159.805 132.7 271.543 -96.9798 160.204 189.55 -52.1325 180.768 173.846 -24.6468 201.228 179.062 -0.846546 212.835 206.199 15.5592 203.837 268.181 -40.6948 7.32503 8.48052 12.603
170.621 166.287 172.204 168.832 167.278 167.864 148.525 158.382 162.13 159.862 132.569 271.572 -96.9111 160.123 189.851 -52.1316 180.404 174.067 -24.4544 201.056 178.875 -0.757199 212.809 205.7 15.589 203.722 268.129 -40.7204 7.0568 8.53857 12.5968
170.084 165.82 172.455 168.481 167.987 168.05 148.17 158.164 161.893 159.545 132.409 271.853 -97.125 160.055 189.974 -51.8795 180.578 174.036 -24.497 201.223 178.606 -1.13687 213.064 205.445 15.3432 203.609 268.158 -40.6376 7.08028 8.38259 12.5872
170.186 165.926 172.783 168.295 168.083 168.114 148.257 157.902 161.649 159.63 132.365 271.83 -97.1518 159.944 189.799 -51.5093 180.275 174.083 -24.3752 200.989 178.64 -1.02749 213.219 205.381 15.3831 203.502 268.082 -40.5491 7.05276 8.40389 12.304
169.983 165.552 172.975 168.027 168.24 168.38 148.016 157.722 161.292 159.332 132.257 271.954 -97.3009 159.916 189.81 -51.2964 180.39 173.896 -24.4593 201.065 178.534 -1.24009 213.484 205.186 15.2417 203.358 268.072 -40.4791 7.06498 8.33055 12.2349
169.668 165.366 173.125 167.81 168.375 168.542 147.63 157.279 160.918 159.108 132.261 272.104 -97.4529 159.797 189.94 -51.2028 180.282 173.872 -24.4653 200.942 178.436 -1.30005 213.585 204.999 15.2568 203.233 268.056 -40.3712 7.08361 8.31209 12.2298
169.786 165.7 173.223 167.859 168.307 168.567 147.761 156.828 160.74 159.206 132.373 271.988 -97.4891 159.593 189.796 -51.3844 179.915 174.004 -24.4766 200.423 178.543 -1.12161 213.435 204.931 15.3524 203.112 267.984 -40.3272 7.03975 8.31834 12.2197
169.879 166.164 173.421 167.859 168.425 168.554 148.204 156.411 160.774 159.527 132.423 271.835 -97.4311 159.24 189.631 -51.5154 179.312 174.278 -24.359 200.074 178.612 -0.806684 213.242 204.861 15.4907 202.934 267.934 -40.2661 6.91364 8.5557 12.1862
169.659 166.143 173.54 167.516 168.934 168.644 148.391 155.854 160.37 159.325 132.364 271.833 -97.4838 159.086 189.515 -51.4352 179.105 174.487 -24.1448 199.832 178.51 -0.699409 213.22 204.635 15.638 202.719 267.901 -40.1829 6.92018 8.50316 12.1879
169.331 166.063 173.505 167.253 169.735 168.831 148.585 155.439 160.053 159.092 132.427 271.87 -97.6836 158.884 189.278 -51.4785 178.864 174.466 -23.9744 199.437 178.237 -0.616755 213.086 204.324 15.849 202.501 267.763 -40.0778 7.02705 8.38625 12.2614
168.741 166.135 173.474 166.862 170.761 168.889 148.902 154.984 159.743 159.11 132.452 272.123 -98.0357 158.623 189.031 -51.5384 178.404 174.541 -23.7633 198.951 177.916 -0.630763 212.967 203.948 15.9804 202.265 267.643 -40.0188 7.15806 8.28303 12.2753
168.009 166.23 173.496 166.548 171.759 168.962 149.283 154.664 159.488 159.206 132.479 272.426 -98.4774 158.398 188.745 -51.6796 177.899 174.606 -23.6086 198.411 177.642 -0.565836 212.645 203.641 16.0954 202.047 267.526 -40.0013 7.20593 8.23936 12.2658
167.302 166.519 173.5 166.391 172.774 169.132 149.62 154.408 159.336 159.251 132.509 272.712 -98.7809 158.088 188.538 -51.8623 177.46 174.617 -23.5452 198.023 177.351 -0.569232 212.342 203.33 16.0357 201.913 267.405 -40.0033 7.14926 8.24654 12.3335
166.855 166.834 173.394 166.319 173.724 169.49 150.014 154.107 159.273 159.201 132.685 272.957 -99.1664 157.737 188.427 -52.1838 177.001 174.676 -23.5969 197.678 177.067 -0.697841 212.099 203.1 15.8788 201.808 267.345 -40.0604 7.13779 8.28338 12.4401
166.634 167.162 173.358 166.203 174.543 169.846 150.375 154.065 159.221 159.267 132.928 273.137 -99.5791 157.529 188.323 -52.3658 176.855 174.606 -23.7151 197.57 176.793 -0.828846 211.98 202.838 15.626 201.802 267.306 -40.1212 7.00521 8.30119 12.5073
166.479 167.9 173.274 166.293 175.092 169.721 150.88 154.003 159.423 159.802 132.978 273.149 -99.4987 157.115 188.083 -52.474 176.3 174.676 -23.7566 197.333 176.598 -0.836021 212.015 202.59 15.4226 201.788 267.185 -40.1635 6.9129 8.48706 12.469
166.097 168.234 173.365 166.038 176.133 169.665 151.226 153.852 159.368 160.224 133.115 273.109 -99.4943 156.843 188.039 -52.5374 175.951 174.805 -23.7259 197.492 176.433 -0.92116 212.256 202.316 15.2141 201.764 267.174 -40.2404 6.80585 8.78534 12.4698
165.485 168.393 173.471 165.727 177.145 169.62 151.361 153.639 159.216 160.723 133.352 273.211 -99.7377 156.611 188.128 -52.616 175.571 174.988 -23.7733 197.49 176.34 -1.12511 212.455 202.053 14.9839 201.739 267.194 -40.3362 6.78366 9.0159 12.4186
164.744 168.622 173.65 165.688 178.05 169.66 151.564 153.645 159.29 161.29 133.622 273.459 -99.9967 156.462 188.274 -52.7223 175.575 175.095 -23.8632 197.602 176.331 -1.27377 212.498 202.034 14.861 201.78 267.321 -40.3967 6.75513 9.10062 12.51
164.356 168.77 173.772 165.757 178.326 169.914 151.691 153.478 159.342 161.482 133.707 273.808 -100.045 156.407 188.551 -52.8232 175.748 175.352 -23.9546 197.917 176.471 -1.38348 212.584 202.151 14.6248 201.933 267.585 -40.4777 6.56181 9.19143 12.633
164.013 168.963 173.817 165.83 178.396 170.068 151.843 153.334 159.377 161.533 133.86 274.023 -100.06 156.37 188.824 -52.8253 175.756 175.659 -23.9895 198.188 176.62 -1.47905 212.867 202.247 14.3572 202.104 267.816 -40.5859 6.42424 9.34408 12.6293
163.943 169.551 173.682 166.102 178.155 169.944 152.212 153.348 159.654 161.764 133.884 274.058 -99.6171 156.174 188.993 -52.896 175.685 175.918 -24.12 198.473 176.901 -1.53314 213.385 202.449 14.114 202.295 267.973 -40.6816 6.39075 9.54302 12.6584
163.878 169.758 173.682 166.472 177.786 169.807 152.416 153.872 160.031 161.987 133.891 274.028 -99.2906 156.079 189.149 -52.925 175.843 175.911 -24.1958 198.634 177.193 -1.41062 213.518 202.694 13.9698 202.468 268.098 -40.7994 6.21536 9.5308 12.7623
164.322 169.773 173.703 166.719 177.495 169.629 152.424 154.52 160.376 162.172 133.99 273.895 -99.0996 156.216 189.276 -52.9487 176.196 175.791 -24.299 198.903 177.561 -1.20866 213.605 203.063 13.9164 202.648 268.233 -40.9093 6.02504 9.52019 12.8296
165.084 169.749 173.724 166.989 177.306 169.174 152.402 154.959 160.782 162.247 134.22 273.748 -99.0598 156.401 189.368 -52.9867 176.406 175.798 -24.3956 199.189 177.879 -1.05873 213.685 203.524 13.8989 202.765 268.373 -40.9858 5.93053 9.63759 12.809
166.056 169.469 173.876 167.077 177.232 168.793 152.362 155.279 161.043 162.261 134.463 273.74 -99.062 156.872 189.418 -53.1115 176.864 175.921 -24.5576 199.755 178.218 -1.03643 213.899 204.082 13.8045 202.997 268.593 -41.0745 5.84811 9.76933 12.7654
167.084 169.24 173.994 167.189 177.381 168.418 152.402 155.676 161.295 162.394 134.512 273.807 -98.988 157.175 189.528 -53.2011 177.19 176.025 -24.7317 200.184 178.612 -1.04662 214.005 204.613 13.7042 203.141 268.846 -41.147 5.77476 9.88693 12.7187
168.185 168.876 174.213 167.186 177.384 168.228 152.501 155.964 161.514 162.498 134.611 273.793 -98.9677 157.483 189.602 -53.3585 177.369 176.212 -24.922 200.666 178.926 -1.1422 214.208 205.101 13.5657 203.325 269.065 -41.2532 5.76393 10.11 12.6205
169.276 168.574 174.363 167.21 177.383 167.873 152.307 156.131 161.627 162.493 134.831 273.7 -98.9473 157.683 189.82 -53.3364 177.492 176.431 -25.1276 200.988 179.278 -1.20871 214.431 205.548 13.4438 203.508 269.251 -41.3193 5.761 10.3019 12.4614
170.151 168.213 174.39 167.256 177.422 167.549 151.987 156.164 161.613 162.467 134.962 273.59 -98.9589 157.906 190.09 -53.3174 177.648 176.665 -25.3241 201.13 179.676 -1.2756 214.6 205.948 13.3291 203.61 269.452 -41.4006 5.75519 10.3661 12.3215
170.903 167.807 174.443 167.336 177.534 167.416 151.712 156.219 161.667 162.442 135.021 273.539 -98.9152 158.099 190.375 -53.3284 177.851 176.891 -25.563 201.434 180.012 -1.46715 214.957 206.298 13.1404 203.759 269.686 -41.5196 5.7909 10.4537 12.2093
171.186 167.22 174.468 167.328 177.706 167.42 151.268 156.293 161.593 162.433 135.095 273.593 -98.7529 158.457 190.661 -53.3802 178.304 177.037 -25.8599 201.822 180.294 -1.67929 215.466 206.622 13.0607 204.003 269.914 -41.5765 5.93767 10.4612 12.1471
171.452 166.128 174.482 167.172 177.542 167.607 150.505 156.367 161.408 162.412 135.177 273.433 -98.5225 159.158 191.055 -53.6519 179.004 177.256 -26.3447 202.454 180.608 -2.03669 216.282 206.983 12.8544 204.424 270.207 -41.7807 6.1186 10.4694 12.0653
171.549 165.148 174.196 166.976 177.425 168.115 150.065 156.61 161.255 162.593 135.147 273.23 -98.3092 159.84 191.155 -54.0293 179.883 177.06 -26.6745 203.007 180.597 -2.32933 216.945 207.046 12.7917 204.725 270.372 -41.9714 6.32701 10.2622 12.2097
171.78 164.315 174.098 166.953 177.361 168.598 149.72 156.975 161.278 162.756 135.122 273.12 -97.9464 160.486 191.389 -54.232 180.959 176.918 -26.7327 203.814 180.681 -2.43861 217.639 207.242 12.7574 205.084 270.636 -42.1149 6.39421 10.0448 12.5271
172.121 163.564 173.829 167.02 176.969 169.259 149.392 157.123 161.314 162.7 135.205 272.945 -97.6154 161.203 191.59 -54.5813 181.977 176.818 -26.8767 204.559 180.78 -2.59275 218.163 207.463 12.7081 205.434 270.899 -42.2386 6.44542 9.86645 12.8126
172.663 162.801 173.72 167.121 176.433 169.942 149.271 157.434 161.249 162.461 135.435 272.915 -97.5111 162.102 191.75 -54.7394 183.018 176.766 -26.8149 205.097 180.967 -2.67016 218.569 207.823 12.7 205.825 271.216 -42.3913 6.52077 9.48833 12.9722
173.219 162.451 173.459 167.073 175.926 170.434 149.171 157.6 161.197 162.324 135.839 272.767 -97.4756 162.808 191.889 -54.9047 183.889 176.746 -26.7592 205.608 181.034 -2.79549 219.025 208.044 12.571 206.213 271.434 -42.5122 6.54258 9.17964 13.1567
173.596 162.074 173.137 166.906 175.378 170.915 148.903 157.591 161.002 161.993 136.148 272.546 -97.3325 163.368 192.08 -55.1998 184.667 176.778 -26.7578 206.099 181.113 -2.96741 219.414 208.243 12.4031 206.577 271.608 -42.6552 6.55895 8.92066 13.4362
173.876 161.723 172.639 166.939 174.941 171.551 148.592 157.673 160.943 161.74 136.484 272.354 -97.1879 163.791 192.376 -55.705 185.351 176.735 -26.8734 206.448 181.181 -3.20644 219.639 208.411 12.2336 206.918 271.794 -42.8248 6.60354 8.65799 13.8224
174.048 161.307 172.038 166.962 174.396 172.07 148.406 157.774 160.933 161.497 136.954 272.276 -97.157 164.375 192.576 -56.1689 186.135 176.707 -26.7368 206.736 181.294 -3.17175 219.641 208.714 12.3998 207.242 272.002 -42.8909 6.71577 8.32496 14.2673
174.129 161.254 171.323 166.837 173.728 172.563 148.269 157.645 160.817 161.271 137.417 272.212 -97.1307 164.831 192.847 -56.5982 186.902 176.833 -26.6699 207.156 181.55 -3.27775 219.766 208.96 12.402 207.523 272.223 -43.0215 6.77176 8.05537 14.7097
174.106 161.132 170.528 166.809 172.83 173.111 148.33 157.533 160.811 161.071 137.924 272.277 -97.0794 165.36 193.054 -57.1564 187.749 176.917 -26.5453 207.608 181.807 -3.24749 219.818 209.244 12.6501 207.814 272.476 -43.0994 6.92307 7.80102 15.2529
173.97 161.238 169.804 166.608 171.769 173.43 148.344 157.332 160.759 160.975 138.257 272.291 -96.9512 165.688 193.251 -57.5002 188.381 177.058 -26.3745 208.097 182.03 -3.16937 219.983 209.448 12.7907 208.055 272.675 -43.1914 6.96879 7.67678 15.6906
174.026 161.307 169.338 166.375 170.559 173.553 148.404 157.203 160.666 160.814 138.72 272.137 -96.8683 166.208 193.27 -57.4737 188.99 177.186 -26.1046 208.62 182.269 -2.92307 220.249 209.704 13.0588 208.322 272.808 -43.2055 7.0212 7.62513 15.8257
174.043 161.419 169.039 166.149 169.272 173.425 148.517 157.168 160.631 160.705 139.164 272.009 -96.8861 166.748 193.267 -57.2767 189.5 177.386 -25.7548 209.153 182.59 -2.66586 220.451 210.015 13.349 208.578 272.93 -43.2021 7.07306 7.6111 15.8394
174.045 161.288 168.816 165.987 167.881 173.379 148.451 157.053 160.547 160.291 139.618 271.713 -96.9562 167.395 193.257 -57.0563 190.112 177.617 -25.4031 209.763 182.921 -2.36182 220.619 210.456 13.7768 208.833 273.033 -43.2231 7.2678 7.60845 15.8336
173.973 161.182 168.676 166.063 166.835 173.374 148.399 156.963 160.561 159.934 140.025 271.449 -96.9295 167.916 193.299 -56.844 190.723 177.837 -25.133 210.391 183.21 -2.13516 220.933 210.774 14.0157 209.072 273.144 -43.2464 7.34228 7.61297 15.8632
173.884 160.878 168.635 165.891 165.229 173.311 148.321 156.876 160.469 159.347 140.666 270.838 -96.8011 168.655 193.332 -56.3303 191.567 178.155 -24.8063 211.597 183.712 -1.81428 221.57 211.271 14.3611 209.495 273.241 -43.2578 7.46921 7.84632 15.7377
173.564 160.76 169.196 166.055 164.574 172.967 148.229 156.954 160.593 158.998 141.036 270.259 -96.7083 168.936 193.198 -55.6912 191.714 178.263 -24.6955 212.339 183.794 -1.64544 221.947 211.421 14.5348 209.73 273.098 -43.2055 7.54611 8.2311 15.3304
173.108 160.829 170.02 166.391 164.206 172.417 148.123 157.139 160.922 159.007 141.198 269.612 -96.4864 168.865 193.077 -54.9328 191.333 178.346 -24.6325 212.992 183.744 -1.28341 222.257 211.328 14.649 209.835 272.84 -43.0799 7.39448 8.97832 14.7777
172.772 160.667 171.123 166.832 163.8 172.113 147.979 157.227 161.117 158.826 141.276 268.958 -96.2813 169.001 192.908 -54.2801 191.049 178.444 -24.7716 213.553 183.711 -1.0502 222.558 211.296 14.7581 209.898 272.615 -43.0003 7.33892 9.66663 14.1071
172.452 160.494 172.083 167.497 163.537 171.857 147.914 157.37 161.257 158.529 141.206 268.513 -95.932 168.931 192.832 -53.4129 190.984 178.432 -24.6458 213.789 183.711 -0.8764 222.746 211.31 14.9059 209.888 272.463 -42.8516 7.34697 9.88373 13.68
172.133 160.081 173.268 168.145 163.358 171.564 147.666 157.413 161.345 158.118 141.031 268.148 -95.5769 168.829 192.824 -52.6262 190.792 178.51 -24.5204 213.825 183.781 -0.742568 222.745 211.392 15.0083 209.852 272.321 -42.7591 7.38417 10.0407 13.2634
171.79 159.754 174.479 168.942 163.346 171.211 147.512 157.508 161.699 157.901 140.828 267.786 -95.2931 168.654 192.71 -51.9264 190.426 178.516 -24.4537 213.789 183.709 -0.535551 222.528 211.385 15.0832 209.725 272.125 -42.6524 7.37486 10.3147 12.8142
171.476 159.476 175.301 169.656 163.346 170.951 147.254 157.499 161.966 157.677 140.609 267.516 -95.0 168.408 192.661 -51.3136 189.981 178.499 -24.4448 213.647 183.592 -0.432948 222.305 211.296 15.0645 209.603 271.931 -42.5972 7.34205 10.5427 12.3923
171.314 159.155 175.752 170.308 163.422 170.751 146.886 157.357 162.161 157.486 140.525 267.252 -94.8735 168.331 192.656 -50.8479 189.72 178.492 -24.3441 213.496 183.486 -0.24455 222.065 211.205 15.1166 209.499 271.767 -42.5123 7.27045 10.66 12.1115
171.205 158.849 176.123 170.87 163.616 170.687 146.647 157.193 162.302 157.326 140.361 267.129 -94.7717 168.135 192.682 -50.5622 189.402 178.511 -24.3116 213.308 183.354 -0.22483 221.878 211.038 14.9958 209.357 271.646 -42.4658 7.13989 10.7432 11.9334
171.226 158.493 176.366 171.246 163.78 170.729 146.398 156.882 162.337 157.029 140.27 267.139 -94.8069 168.034 192.76 -50.4837 189.169 178.646 -24.3194 213.131 183.323 -0.269013 221.703 210.983 14.8227 209.237 271.621 -42.4889 7.03617 10.7712 11.824
171.293 158.148 176.439 171.551 163.962 170.745 146.217 156.618 162.365 156.81 140.165 267.229 -94.8524 168.001 192.807 -50.5074 188.999 178.777 -24.3179 212.99 183.338 -0.223915 221.611 210.981 14.7212 209.144 271.642 -42.5112 6.92225 10.8088 11.7584
171.285 158.044 176.303 171.811 164.197 170.757 146.159 156.431 162.482 156.747 140.067 267.407 -94.8896 167.832 192.853 -50.6815 188.789 178.848 -24.3592 212.794 183.248 -0.212926 221.533 210.93 14.5832 209.058 271.655 -42.5375 6.80882 10.8278 11.8204
171.284 157.978 176.026 172.09 164.449 170.709 146.276 156.233 162.645 156.848 139.986 267.631 -95.0924 167.577 192.751 -51.0869 188.358 178.882 -24.4945 212.339 183.016 -0.288829 221.351 210.842 14.4847 208.873 271.649 -42.5937 6.7669 10.824 11.8755
171.342 158.041 175.572 172.202 164.728 170.816 146.579 156.292 162.761 156.973 139.955 267.984 -95.4095 167.256 192.642 -51.7169 188.162 178.685 -24.6449 211.884 182.791 -0.455702 221.229 210.719 14.3803 208.732 271.647 -42.6879 6.77959 10.6325 12.2317
171.478 158.159 174.982 172.207 164.959 171.051 147.105 156.338 162.897 157.051 139.986 268.428 -95.8722 167.238 192.389 -52.554 188.147 178.474 -24.7676 211.385 182.604 -0.496834 220.998 210.763 14.4405 208.602 271.726 -42.7669 6.8957 10.3405 12.617
171.617 158.578 174.643 171.992 165.221 171.221 147.503 156.317 162.926 157.239 140.09 268.876 -96.3695 167.209 192.169 -53.2832 188.14 178.361 -24.8426 211.011 182.401 -0.492409 220.833 210.783 14.5249 208.528 271.782 -42.8604 7.00547 10.1259 12.9921
171.9 159.198 174.251 171.824 165.522 171.449 147.857 156.33 163.013 157.579 140.265 269.311 -96.8646 167.086 192.034 -53.9193 188.044 178.232 -24.9982 210.687 182.21 -0.563366 220.762 210.691 14.4933 208.461 271.86 -42.9492 7.01348 10.0016 13.2837
172.199 159.875 173.796 171.66 165.781 171.762 148.163 156.385 163.099 157.92 140.444 269.804 -97.3414 166.916 192.036 -54.6103 188.077 178.069 -25.1415 210.47 182.141 -0.64807 220.662 210.628 14.4708 208.423 271.98 -43.0227 7.02826 9.8619 13.7254
172.459 160.443 173.198 171.495 165.917 172.187 148.404 156.348 163.164 158.143 140.578 270.356 -97.8624 166.691 192.09 -55.4078 188.062 177.896 -25.2677 210.158 181.997 -0.812341 220.483 210.511 14.4436 208.366 272.067 -43.1047 7.09628 9.65034 14.2589
172.822 160.91 172.525 171.267 165.957 172.81 148.688 156.362 163.081 158.146 140.675 270.957 -98.3664 166.554 192.206 -56.1199 188.219 177.738 -25.3469 209.812 182.017 -1.01626 220.29 210.493 14.4262 208.322 272.224 -43.2016 7.20603 9.28541 14.795
173.007 161.567 171.716 171.06 166.015 173.217 148.888 156.359 163.096 158.205 140.724 271.586 -98.7372 166.168 192.429 -56.7939 188.225 177.584 -25.5166 209.581 182.024 -1.32124 220.06 210.382 14.1719 208.276 272.361 -43.3001 7.17229 9.08055 15.3288
172.923 161.934 170.89 170.883 166.218 173.36 149.043 156.346 163.124 158.468 140.699 272.093 -98.9537 165.843 192.582 -57.2972 188.114 177.464 -25.636 209.26 181.946 -1.51367 219.84 210.215 14.0563 208.215 272.435 -43.3347 7.15677 8.91465 15.6965
