160.634 171.902 175.626 174.614 160.234 165.877 173.118 171.738 163.884 143.267 239.573 278.208 -28.8083 259.347 226.698 -11.2257 283.326 222.345 6.76449 280.26 239.702 19.6968 299.352 280.719 24.728 271.75 320.17 -28.8544 12.8345 13.9745 7.26869
157.943 169.893 174.732 174.467 157.537 169.711 171.653 171.545 162.51 139.01 239.163 278.135 -28.5757 261.068 227.363 -10.5156 284.827 223.496 5.85247 282.319 241.947 19.6472 301.89 283.59 22.9479 272.627 320.343 -29.3132 13.2861 14.3765 6.58584
152.464 168.585 173.677 174.53 138.159 172.053 170.249 171.036 160.377 129.738 239.269 278.352 -27.4791 263.018 228.098 -9.78523 286.052 224.758 4.98981 283.974 244.499 19.2247 303.456 288.657 20.2821 273.265 320.493 -29.6874 14.8931 14.9372 5.79631
145.622 173.895 175.084 178.764 129.969 167.754 169.45 172.502 156.162 122.477 241.774 280.108 -25.5355 267.894 228.286 -6.63366 288.451 225.651 4.48011 290.384 250.65 16.5548 305.035 292.46 17.2665 273.87 320.61 -29.8747 14.9906 13.8814 3.84205
145.623 175.587 176.465 176.441 122.352 164.224 168.873 173.127 149.349 115.323 243.655 280.986 -27.2594 269.659 228.343 -6.03394 289.615 226.377 4.02758 292.654 255.983 16.5496 304.798 296.01 15.6232 274.352 320.774 -30.0761 14.7045 15.2431 3.49718
145.623 175.509 177.429 174.89 116.978 162.219 168.505 174.226 143.459 108.886 246.218 281.243 -29.197 271.573 228.522 -5.37911 290.615 226.395 3.3652 294.25 259.573 16.6835 304.795 299.146 14.0089 274.648 320.811 -30.2736 14.9872 16.8092 2.84455
145.623 174.98 178.225 174.27 126.179 160.493 168.485 175.702 140.433 107.588 247.977 281.491 -31.2552 272.531 228.555 -4.95611 290.968 225.708 2.44821 295.526 261.068 16.5431 304.662 299.946 14.2171 274.797 320.75 -30.3647 15.2606 17.4803 2.05732
145.623 174.823 176.614 174.27 123.346 158.943 167.581 175.705 141.072 107.996 248.796 281.983 -33.6079 273.544 228.783 -5.12318 291.262 225.403 0.665864 297.385 261.597 17.3563 304.0 299.295 14.2692 274.884 320.81 -30.4683 14.1519 18.2106 2.0103
145.623 174.623 174.747 174.27 119.962 157.705 166.409 174.823 142.277 109.912 249.593 282.756 -36.1439 273.717 229.233 -5.07 291.308 225.383 -0.813923 296.715 260.014 16.3742 303.087 298.095 14.853 274.922 320.826 -30.4054 14.2952 17.3827 2.8491
145.623 174.347 172.601 174.27 117.44 157.544 165.665 173.463 145.864 114.724 249.559 284.081 -38.9275 273.145 229.914 -5.51453 291.13 225.713 -1.77819 296.065 257.436 14.7825 302.089 296.02 15.7864 274.891 321.032 -30.3543 14.4877 15.1932 3.59357
165.258 174.807 169.45 174.27 113.077 157.464 166.385 172.52 148.17 120.535 252.303 285.365 -43.2858 272.513 229.821 -6.84345 291.073 225.475 -2.70686 294.562 255.322 14.5 300.833 293.802 16.7713 274.779 321.263 -30.2407 13.2988 14.5491 3.84019
138.64 175.174 167.7 174.648 114.265 153.902 167.448 171.61 147.412 126.688 256.819 288.893 -44.7914 272.298 229.821 -8.12507 291.378 225.124 -2.97057 293.591 254.908 16.1362 299.585 291.049 18.0994 274.803 321.591 -29.9412 10.2022 15.2449 3.95462
99.7859 175.341 166.402 175.006 130.267 151.288 168.8 170.625 152.202 134.309 259.072 294.259 -49.3905 272.454 230.111 -9.67523 291.867 225.313 -3.12556 295.6 253.129 16.3168 299.332 287.416 20.2978 275.003 321.934 -29.7346 9.5821 13.3026 3.74165
99.7859 175.338 165.238 177.609 146.163 154.777 170.163 170.17 154.712 139.281 257.0 294.415 -57.0581 271.632 231.008 -11.642 292.725 226.367 -3.52952 296.641 253.17 16.7128 300.284 285.647 22.9808 275.412 322.577 -29.7093 8.88363 12.9174 3.71635
99.7859 169.451 165.426 161.12 147.824 162.547 169.958 171.082 147.725 133.598 257.491 295.819 -61.5236 271.517 233.359 -7.98306 295.255 227.774 -3.0949 297.326 257.298 18.192 300.558 286.886 22.5345 275.555 323.096 -29.8368 7.72612 15.5519 6.43844
99.7859 166.107 169.024 148.066 135.7 168.584 169.53 171.785 143.606 129.637 257.348 296.984 -62.8948 271.306 234.686 -7.01542 297.494 229.26 -2.80539 298.522 260.693 18.6077 301.198 288.998 21.6791 275.8 323.512 -30.0458 7.81454 17.2039 7.64205
99.7859 165.86 175.604 146.742 130.321 162.595 168.9 173.307 142.692 127.488 261.52 298.287 -62.9706 271.899 235.263 -6.15163 300.32 230.972 -2.00141 299.005 262.033 18.6514 302.663 290.232 20.6789 276.029 323.724 -30.3273 6.61148 17.8736 8.48364
99.7859 166.742 179.303 141.574 125.701 161.041 168.457 171.376 141.426 125.057 263.394 299.215 -61.4252 273.11 235.714 -5.29795 300.94 233.277 -1.15593 300.159 264.111 18.8826 303.592 291.842 18.79 276.139 323.998 -30.6904 6.30602 17.7821 7.66226
99.7859 167.709 179.296 139.846 124.609 164.811 169.164 168.057 141.607 123.832 263.429 298.996 -61.6337 273.948 235.421 -6.40285 300.206 235.181 -0.752371 301.026 265.078 19.0417 303.41 292.915 17.3791 276.243 324.457 -31.1645 7.18977 16.8837 5.87564
99.7859 169.708 179.32 139.997 121.908 164.286 169.363 163.899 142.645 123.513 264.393 298.521 -60.4045 274.311 235.276 -6.89332 297.748 238.132 2.28643 301.723 265.655 19.3256 302.787 293.676 16.0657 276.242 324.948 -31.5869 8.42883 13.4428 3.74621
99.7859 173.213 179.187 139.853 129.99 145.524 171.276 162.909 143.129 120.549 265.121 300.068 -55.3762 274.615 235.61 -9.36877 297.08 239.351 2.21858 302.103 266.42 19.8198 304.978 296.009 18.8536 276.47 326.351 -31.8577 6.54816 13.0124 4.14754
104.817 176.266 178.739 134.746 125.715 134.763 171.956 162.611 143.116 118.462 264.879 301.066 -52.2288 274.317 236.104 -12.4709 295.787 239.829 2.05533 301.309 267.627 19.5613 304.454 297.927 19.7729 276.816 328.009 -32.0359 6.71266 12.6819 4.96812
103.78 177.817 178.345 126.262 115.732 133.758 171.34 163.842 145.096 118.281 262.078 302.548 -54.1323 274.46 236.915 -15.7751 295.251 239.715 0.704844 300.626 268.657 18.6802 303.868 300.176 20.5894 277.282 329.814 -32.3252 7.59923 12.8813 5.21937
102.464 177.313 178.108 119.745 105.793 132.953 169.668 165.039 147.54 121.029 259.28 305.112 -56.2742 275.291 238.428 -17.7664 294.979 239.759 -1.11579 299.955 269.194 17.7225 303.898 301.636 21.5122 277.667 331.755 -32.5588 8.06564 13.0941 4.22696
99.7859 177.416 178.129 113.116 90.3123 131.942 167.802 166.864 147.963 123.251 256.226 308.098 -56.7075 275.642 240.437 -18.9234 295.229 239.804 -3.19954 298.938 269.741 15.9474 302.872 301.355 19.4658 277.936 333.421 -32.7319 6.33198 13.3118 2.88482
99.7859 176.005 173.962 122.316 96.741 140.771 164.663 167.611 147.039 123.062 253.192 309.404 -59.8156 275.0 242.256 -18.0821 294.404 239.716 -4.14502 293.884 268.63 17.5914 301.064 303.251 23.4597 277.592 335.027 -32.8319 8.84989 15.7915 1.74669
99.7859 172.695 168.026 121.467 92.4184 148.075 161.789 167.359 149.087 127.659 250.422 311.462 -63.278 273.899 244.3 -17.4813 292.009 240.699 -4.40414 291.185 267.94 15.9424 300.487 301.641 22.9342 277.397 336.59 -32.9831 7.54002 14.4987 1.35802
99.7859 169.528 163.96 123.456 98.3611 149.696 159.944 168.018 150.401 131.033 249.485 313.234 -63.8038 272.662 245.652 -17.4893 290.583 241.697 -4.89184 288.002 267.632 14.8295 299.644 301.036 24.4114 277.251 338.006 -32.9577 8.8369 14.5041 1.96224
99.7859 166.651 161.396 134.474 114.482 151.319 158.816 169.03 154.032 136.16 249.544 314.749 -65.1074 271.305 247.045 -18.8248 289.991 243.036 -5.56058 287.081 266.386 14.1953 299.023 298.653 25.7702 277.369 339.446 -33.0346 8.67319 13.5749 2.53467
99.7859 165.705 160.83 155.843 136.29 152.233 157.887 167.425 154.189 140.429 248.099 317.614 -65.7548 272.019 248.681 -19.7962 290.624 244.681 -6.55795 290.873 266.308 14.7547 298.838 297.139 25.0009 277.956 341.469 -32.8628 5.99352 11.7108 2.75445
99.7859 155.941 158.439 154.839 142.878 158.352 151.565 167.673 151.643 139.008 250.148 320.715 -69.4839 268.351 251.086 -20.5209 291.519 245.65 -8.38574 289.397 267.09 14.1814 297.275 297.625 24.4979 277.965 342.572 -32.737 5.69419 13.2171 6.78331
101.408 152.196 157.888 155.695 153.011 160.166 149.939 169.246 150.008 135.852 249.124 322.145 -67.4771 267.384 252.272 -21.3259 293.307 246.611 -10.2593 287.927 268.735 13.6174 296.993 299.892 24.461 278.609 343.631 -32.5485 6.96361 16.249 8.54861
177.803 149.45 157.118 155.824 156.586 171.03 150.73 169.299 149.572 135.357 245.726 318.962 -74.7476 267.266 252.901 -21.7334 295.045 247.381 -10.4913 288.974 269.617 14.4712 296.754 300.852 24.6084 278.618 344.412 -32.3023 6.6117 17.0011 9.65419
145.623 149.742 160.563 157.694 159.88 176.466 151.455 170.332 150.682 136.248 243.187 319.946 -76.7099 267.973 253.839 -20.8895 295.936 247.839 -11.2819 289.565 270.301 14.9896 297.155 302.194 25.4724 279.339 345.099 -32.1443 7.41383 17.8714 9.96009
145.623 149.933 161.235 160.874 159.202 177.842 151.805 169.019 151.083 136.957 243.05 319.934 -77.095 269.032 254.601 -20.9146 296.939 248.963 -10.9606 290.618 270.546 14.6162 297.597 302.262 24.5084 279.792 346.157 -31.9179 6.70681 17.2779 9.70949
145.623 149.876 160.975 163.329 157.93 179.02 151.972 167.652 150.873 137.444 241.854 319.941 -76.8698 269.341 254.953 -22.2232 297.02 250.056 -10.78 291.397 270.789 13.2287 298.296 302.226 23.4102 280.033 347.092 -31.7735 6.35113 15.983 9.2616
145.623 150.749 160.621 164.858 157.211 177.108 152.83 167.141 150.553 137.459 241.212 319.754 -74.8622 269.576 255.307 -22.9397 297.271 251.152 -10.5912 292.004 271.536 12.6631 298.938 303.215 22.9997 280.181 347.937 -31.6514 6.67797 15.5463 9.03328
145.623 150.303 160.606 165.24 156.997 174.542 153.636 166.527 149.705 137.025 240.0 319.316 -72.1461 269.836 256.214 -23.3514 297.254 252.319 -10.313 292.468 272.802 12.5244 299.9 304.52 22.5359 280.407 348.773 -31.5566 6.72209 15.4472 8.60781
148.862 150.412 160.663 166.003 156.557 174.063 155.384 166.42 149.279 135.824 238.529 318.242 -67.347 270.721 257.359 -23.0427 297.399 253.596 -9.95909 292.826 274.135 13.0172 300.734 306.084 22.2297 280.728 349.685 -31.4351 6.61033 15.6982 7.8742
153.724 151.283 160.401 166.293 155.4 173.668 157.423 166.29 148.965 135.148 238.142 317.405 -64.6659 271.92 258.166 -23.1356 297.707 254.549 -9.99596 293.2 275.058 13.0519 301.715 306.906 21.5966 280.969 350.393 -31.4221 6.06343 15.7951 7.09583
155.797 153.998 161.866 166.099 153.158 174.314 159.752 166.622 149.051 133.941 237.756 317.048 -62.8875 273.079 258.741 -22.7978 298.388 255.341 -10.1024 293.592 275.924 13.5328 302.929 307.985 20.7949 281.298 351.033 -31.4043 5.2738 16.2909 6.62175
155.767 158.304 163.185 166.207 148.912 174.243 162.338 167.015 149.33 132.719 239.011 317.259 -62.9788 274.356 259.195 -22.2024 299.202 255.99 -10.3251 294.225 276.37 13.8982 304.248 308.884 19.6894 281.454 351.536 -31.3699 4.44962 16.6796 6.14956
154.695 171.173 165.891 165.504 144.1 174.369 164.458 167.457 149.894 132.383 238.6 317.688 -62.8111 277.121 259.627 -20.4756 300.101 256.377 -10.5062 294.866 276.725 14.0974 306.383 309.977 19.027 281.774 352.088 -31.4228 4.66165 17.0326 4.89465
151.346 179.821 168.949 165.124 139.856 175.852 166.368 168.394 150.61 132.368 238.484 318.507 -63.1831 277.217 259.482 -20.9577 300.85 256.657 -10.7746 295.498 276.858 14.2626 308.132 310.783 18.2939 281.96 352.549 -31.4786 5.02295 17.3109 5.04456
148.365 179.026 172.998 164.607 135.063 176.223 165.609 169.956 151.066 130.616 239.883 319.35 -62.5683 276.654 260.352 -19.5416 301.74 256.86 -11.2103 296.328 276.991 14.5094 309.347 311.942 17.114 282.07 353.003 -31.4421 4.9342 17.7965 6.3793
148.494 179.061 177.579 163.268 135.278 176.488 165.295 171.417 151.059 128.975 240.851 319.637 -62.0283 276.096 260.889 -19.4109 302.655 256.922 -12.0063 297.108 277.234 14.3234 310.474 312.347 15.8714 282.261 353.371 -31.5324 4.6966 18.3235 7.47845
148.107 179.103 178.446 162.347 132.372 176.7 165.489 172.064 150.963 126.996 241.023 320.175 -62.195 275.969 261.195 -19.1958 303.294 256.905 -12.5413 297.877 277.121 13.9812 311.298 312.723 14.4654 282.362 353.572 -31.5963 4.45147 18.4107 8.07716
146.802 179.15 178.559 160.91 130.791 176.798 165.875 172.751 150.558 126.281 241.188 320.798 -63.0142 275.608 261.204 -19.2104 303.304 256.681 -13.0617 298.094 276.962 13.6529 311.594 312.461 13.3301 282.205 353.595 -31.6281 4.38641 18.4 8.47352
148.047 179.11 178.58 158.817 136.929 178.242 166.635 172.86 149.925 127.682 240.002 321.706 -65.3488 275.357 260.757 -20.4156 302.926 256.619 -13.3907 297.665 276.899 13.0094 311.391 311.402 13.9391 282.148 353.723 -31.6466 4.81854 18.149 8.19423
148.908 179.112 178.527 157.78 137.96 179.204 167.102 172.668 149.821 127.842 239.678 322.508 -66.5738 274.535 260.615 -21.1243 302.119 256.693 -13.4954 297.436 276.599 12.455 311.049 310.836 13.9809 281.988 353.896 -31.7269 4.90606 17.4371 8.14474
150.826 179.104 178.376 156.57 140.307 179.121 167.582 172.179 149.795 128.851 238.981 323.365 -68.0438 274.053 260.427 -21.6852 301.417 256.693 -13.1884 297.157 276.335 11.8087 310.944 310.163 14.3109 281.978 354.095 -31.8517 5.30324 16.546 7.87709
153.401 179.07 178.323 155.873 143.008 178.517 167.846 171.938 149.922 130.262 238.265 323.575 -67.782 273.455 260.723 -21.8656 301.039 256.806 -13.1228 296.777 275.845 10.7928 311.33 309.626 14.3016 281.842 354.24 -31.9759 6.30221 15.896 8.03651
151.143 179.116 178.331 155.584 135.959 177.828 167.952 172.26 150.103 129.812 238.76 324.335 -68.0473 273.829 261.097 -21.2063 301.13 256.455 -13.2462 296.551 275.511 10.4348 310.469 310.154 14.4701 281.556 354.122 -32.0079 6.08593 15.8212 8.07241
150.376 176.85 178.539 156.56 136.684 177.131 168.078 173.111 150.065 131.023 239.714 324.765 -68.1816 274.79 261.335 -20.636 301.205 256.096 -14.1961 296.235 275.088 10.141 309.865 309.438 14.6109 281.098 353.832 -31.9131 5.9223 16.2221 8.1064
148.959 175.168 178.722 157.856 134.429 177.88 168.309 173.899 150.239 129.055 240.401 324.129 -66.882 275.27 261.312 -19.6826 301.35 255.698 -14.7507 295.94 274.931 10.5216 309.344 309.731 13.5118 280.484 353.387 -31.8006 5.07228 17.1389 8.31123
150.151 175.388 178.727 158.448 134.534 179.21 169.093 174.076 150.609 127.939 240.555 323.232 -66.5217 275.168 260.42 -19.7672 301.346 255.376 -14.3555 295.697 274.866 11.0318 309.347 309.886 12.9711 279.991 352.947 -31.7255 4.95529 17.5187 7.79679
151.752 175.568 178.651 158.261 135.905 179.994 169.741 173.858 150.94 127.367 240.284 322.775 -66.9223 274.927 259.416 -20.362 301.138 254.934 -13.7681 295.51 274.821 11.2658 309.204 309.888 13.3145 279.614 352.576 -31.7196 5.1089 17.4638 7.14534
152.402 175.479 178.628 158.108 134.299 179.923 170.535 173.87 149.985 124.594 240.238 322.812 -66.5083 274.706 259.106 -20.2957 300.471 254.249 -13.6768 295.182 275.041 11.4732 308.487 310.377 12.6485 278.97 352.26 -31.6159 4.39509 17.6908 6.65492
152.54 175.269 178.645 159.013 135.306 178.494 171.096 174.02 149.323 123.002 240.634 322.471 -65.3847 274.414 259.206 -20.1303 299.787 253.693 -13.752 295.034 275.107 11.6917 307.97 310.469 11.9389 278.245 351.992 -31.6589 3.74462 17.8574 6.38052
152.811 175.122 178.632 159.359 138.347 176.861 171.441 174.016 148.646 123.397 241.375 321.934 -65.1041 274.05 259.081 -19.9665 299.022 253.112 -13.9428 294.536 275.121 11.8201 307.164 309.795 11.5446 277.514 351.608 -31.7812 3.13477 18.1082 6.26115
151.795 175.469 178.678 160.901 137.476 175.055 172.214 174.217 148.4 124.546 242.394 321.05 -63.0953 273.311 258.713 -19.2569 298.075 252.474 -14.1351 294.533 274.97 12.0279 306.646 309.157 10.9684 276.69 351.211 -31.7392 2.41834 18.2277 6.32451
169.383 175.75 178.71 161.787 139.573 167.261 171.861 174.489 148.745 122.184 244.725 318.071 -57.5276 272.949 258.518 -18.0069 297.673 251.775 -13.9639 295.094 274.767 12.8011 305.908 308.975 9.73594 275.888 350.678 -31.8939 1.74499 18.5111 6.55711
145.706 176.872 178.727 161.929 141.828 161.196 171.458 174.667 149.046 118.086 248.23 317.675 -53.4678 271.905 258.027 -16.8031 297.19 251.263 -13.4755 295.36 274.854 13.6238 305.4 309.436 8.13535 274.989 350.126 -32.1325 2.71494 18.9319 6.70163
134.23 178.273 178.819 161.642 145.327 156.882 171.595 175.041 149.168 116.759 250.58 317.699 -50.5666 271.011 257.177 -16.2063 296.323 250.676 -13.7064 295.01 274.796 13.7579 305.163 309.405 7.15068 273.861 349.445 -32.4242 2.98605 19.4589 6.64897
135.901 178.873 178.812 162.328 145.897 160.741 172.348 175.011 149.802 119.784 249.267 318.069 -53.7252 269.786 256.438 -16.9624 294.917 250.083 -13.8399 294.562 274.099 13.1823 304.627 308.278 7.6675 272.642 348.937 -32.8046 2.07198 18.7852 6.19334
133.928 179.176 178.725 163.4 141.569 160.645 172.363 174.697 150.166 120.13 249.493 316.96 -53.9293 268.739 255.906 -16.7939 293.065 249.104 -13.7063 293.436 273.306 13.1562 302.807 307.684 8.00092 271.419 348.08 -33.1241 1.64936 18.3738 6.06002
131.436 179.592 178.259 163.092 142.201 162.065 171.813 172.891 149.162 119.777 248.656 315.832 -52.8572 267.86 255.465 -16.2414 290.801 248.548 -12.5792 291.673 273.027 13.043 301.352 307.096 8.01896 270.2 347.247 -33.6269 1.24034 17.8179 5.15968
127.683 179.783 177.442 164.011 159.567 170.306 169.294 169.529 149.692 121.326 245.013 315.634 -56.2762 266.255 255.295 -17.7926 288.238 248.725 -10.6495 288.361 271.616 12.5136 296.32 304.781 11.3448 269.201 346.599 -34.2422 3.26806 15.9321 3.57537
116.819 179.807 176.967 167.485 160.742 174.043 167.718 167.564 151.059 120.524 240.762 321.421 -67.1811 265.539 255.294 -19.1042 286.076 248.964 -9.13353 285.651 269.979 11.2136 292.063 303.691 11.1692 268.423 346.396 -34.5742 4.74817 13.7146 2.30007
145.623 178.461 176.657 169.662 157.728 169.649 166.371 166.153 151.763 120.66 220.022 324.582 -76.5111 264.398 254.921 -21.596 283.352 248.816 -8.69841 283.187 269.234 10.5951 288.239 302.83 11.7596 267.895 346.335 -34.7182 5.44597 12.0275 1.26795
145.623 179.561 176.129 170.793 150.911 171.392 165.272 163.652 151.173 126.6 218.89 326.345 -84.5725 264.099 254.479 -23.7217 280.637 249.12 -8.16014 280.748 268.687 9.52098 287.451 301.765 15.1582 267.263 345.988 -35.0557 4.63467 10.3114 0.392364
145.623 178.497 173.731 170.082 148.515 168.846 162.614 161.301 150.177 130.915 215.934 329.728 -93.25 262.832 253.632 -27.6 278.629 249.045 -9.10277 278.72 268.086 8.59783 286.321 300.518 17.7987 266.901 346.006 -35.6122 5.8254 9.47401 2.02994
145.623 178.191 170.44 171.011 148.18 167.324 162.252 159.169 149.609 135.262 213.775 333.277 -99.1441 263.301 253.407 -30.8643 277.016 249.6 -10.3918 278.025 267.878 6.58655 286.466 299.606 19.2474 266.718 346.486 -36.1517 7.5741 8.01863 3.41056
149.419 177.581 167.642 169.723 149.845 167.636 162.511 157.381 149.122 139.125 211.523 336.498 -103.877 263.646 253.753 -34.3464 275.616 250.569 -11.7478 277.607 268.044 5.12937 287.144 299.03 20.2318 266.778 347.459 -36.6563 8.88381 6.92675 5.1249
101.99 175.964 165.352 167.664 152.929 154.406 161.956 155.666 148.117 141.808 230.579 344.218 -104.211 263.544 254.641 -37.1382 274.736 252.032 -12.5849 277.067 268.662 4.01881 287.869 299.263 21.3626 266.671 348.593 -37.0891 10.506 6.47812 6.74116
97.7157 174.098 164.211 165.584 155.001 154.353 160.716 154.899 146.971 143.118 229.59 346.271 -103.36 262.672 256.048 -39.8914 274.8 253.882 -14.0405 277.582 270.098 3.35972 288.623 300.208 21.5896 266.627 350.102 -37.6229 10.9638 6.41709 7.60992
104.39 172.206 163.763 161.697 155.71 155.221 159.677 154.47 145.912 144.187 222.403 334.122 -88.419 261.387 257.454 -41.9906 274.441 255.189 -15.6131 277.34 271.875 3.2975 288.164 300.882 21.2891 266.451 351.357 -38.2649 10.2697 7.00358 7.87939
104.851 171.057 162.708 155.066 154.113 156.24 158.828 153.937 143.327 144.364 220.139 335.332 -88.416 259.751 258.683 -43.5308 273.298 256.349 -16.7542 275.662 273.834 2.80308 286.993 301.106 20.0238 265.756 352.4 -38.8575 9.11469 7.89117 8.19369
107.312 169.632 162.866 147.128 153.05 157.027 158.522 153.534 140.152 141.897 218.735 334.271 -87.121 259.236 260.392 -44.4951 273.241 258.238 -17.6364 274.908 277.061 2.26237 286.276 303.264 18.7068 265.39 353.871 -39.8474 8.27984 9.10555 8.47888
106.252 167.554 160.72 146.801 152.045 159.701 157.668 152.39 140.354 140.401 216.988 335.474 -86.709 258.268 261.811 -46.0313 272.758 260.064 -19.3565 274.749 277.91 1.05116 284.993 304.521 17.432 265.021 355.133 -40.7096 7.93887 8.95275 8.48673
102.533 166.0 160.523 146.977 151.78 158.752 157.645 152.355 141.571 139.103 221.509 344.816 -98.9266 256.064 262.924 -49.0733 271.72 260.817 -21.684 273.891 278.104 0.478222 282.935 305.754 16.8737 264.679 356.013 -41.8026 8.14828 9.48531 9.11557
116.763 164.721 161.181 150.841 152.396 156.136 156.345 152.051 143.89 140.579 216.125 349.975 -106.687 253.285 264.423 -51.7586 269.938 261.118 -23.5402 273.405 276.893 -0.487108 282.04 304.676 15.9661 264.455 356.383 -43.0329 7.84933 8.7731 9.75813
154.669 163.716 162.418 153.349 153.102 166.446 156.201 153.067 145.951 141.462 197.303 348.992 -107.774 251.091 265.319 -54.3819 268.987 260.966 -25.2764 273.106 275.829 -1.59896 281.655 304.106 14.9165 264.115 356.707 -44.285 7.92529 8.59982 10.6625
153.943 162.111 163.596 154.796 152.136 166.321 155.624 154.38 147.794 141.001 195.965 349.568 -107.328 249.127 266.695 -57.4219 268.987 260.97 -27.8914 273.343 275.087 -3.71418 281.555 304.752 13.2217 263.828 357.392 -45.812 8.79693 8.71333 11.5813
121.664 161.506 163.27 155.692 151.896 153.636 155.797 155.03 149.253 141.695 213.146 350.907 -108.994 246.182 268.07 -60.6585 267.689 261.603 -30.6429 272.786 274.952 -5.62483 280.673 305.461 12.2032 263.168 358.222 -47.3541 9.87742 8.87219 12.6649
119.56 161.339 163.133 155.101 149.339 152.714 156.114 155.211 149.616 139.527 212.81 351.946 -109.343 244.049 269.012 -62.4224 266.32 262.324 -32.6698 272.864 275.977 -6.52211 279.679 307.346 10.5757 262.493 359.022 -48.7006 10.1509 9.34197 12.8884
154.254 161.452 163.303 156.43 149.188 165.132 156.356 155.892 151.042 139.547 193.787 350.35 -108.847 242.495 269.696 -63.0014 265.705 262.727 -34.4639 273.417 275.87 -7.9632 279.479 307.573 8.68312 261.77 359.492 -49.8202 10.0034 9.2116 12.538
134.323 160.727 163.704 159.469 151.496 153.933 156.131 156.528 153.13 142.1 205.525 354.702 -116.424 241.179 270.319 -65.0499 265.319 262.63 -36.9466 274.514 274.209 -10.8177 281.23 305.906 6.85016 261.049 359.766 -50.9963 10.0276 8.26314 12.7578
141.747 159.922 163.056 160.951 154.436 155.49 154.263 155.937 154.408 146.016 202.631 353.894 -118.948 238.937 271.076 -67.3624 264.539 262.209 -39.4868 275.191 272.176 -13.9203 283.642 302.894 4.51178 260.436 359.508 -52.4275 9.41624 7.28224 13.4645
150.602 158.694 162.325 160.857 153.827 158.895 153.054 155.673 155.075 146.961 197.561 353.036 -118.692 235.466 272.149 -69.5822 262.529 261.84 -41.747 274.593 270.964 -16.3715 283.488 301.175 1.95716 259.81 359.258 -53.6622 8.83074 6.95413 14.4917
154.466 157.692 161.154 160.793 154.48 159.614 151.732 154.706 155.139 147.174 194.883 353.522 -119.874 232.828 273.207 -71.9518 260.123 261.785 -44.3201 272.71 269.848 -18.8974 281.897 299.564 0.0346928 259.118 358.907 -55.0102 8.78751 6.74959 14.9294
159.045 157.195 160.063 160.978 156.283 162.225 151.193 153.769 155.412 148.266 191.65 352.459 -119.668 229.607 273.999 -73.8033 258.07 261.717 -46.7548 271.52 268.66 -21.4257 281.258 297.794 -1.85017 258.384 358.61 -56.1537 8.85146 6.66735 15.7366
162.514 156.941 159.567 160.752 157.291 164.939 151.417 153.705 155.799 149.068 188.671 351.157 -118.187 227.11 274.477 -74.7869 255.901 261.568 -48.5624 269.909 267.737 -23.2836 280.095 296.664 -3.36673 257.683 358.408 -57.145 8.93441 6.68325 15.8322
166.598 156.985 159.049 161.005 159.594 168.86 151.106 152.991 156.296 151.205 186.822 349.316 -115.806 224.743 275.09 -75.5938 254.016 261.841 -49.9804 269.408 267.054 -25.1622 280.668 295.037 -5.36334 257.015 358.292 -58.1132 8.72907 6.82855 16.0616
171.243 156.933 158.282 160.627 161.986 172.634 150.695 151.919 156.18 152.961 185.58 347.965 -113.753 223.282 275.555 -76.4183 252.654 262.186 -51.244 269.339 266.872 -26.5763 281.802 293.946 -7.06436 256.431 358.098 -58.8243 8.7858 7.31087 16.091
174.917 157.724 157.72 160.662 163.888 175.14 151.007 151.247 156.367 154.505 185.455 347.164 -112.586 221.959 275.8 -77.7079 251.124 262.289 -52.4441 269.043 266.448 -27.9511 282.465 292.844 -8.63811 255.885 357.953 -59.3969 8.91982 7.8231 16.1039
176.754 158.308 157.585 160.646 164.586 176.257 151.674 151.168 156.538 155.544 185.499 346.662 -111.629 221.338 275.761 -79.1302 250.368 262.213 -53.2593 268.879 266.146 -28.7341 283.188 292.245 -9.35058 255.592 357.927 -59.7204 9.29684 8.08471 16.2464
178.434 158.73 157.154 160.958 164.728 177.062 152.197 150.895 156.77 156.172 185.459 346.211 -110.407 220.92 275.899 -80.2653 249.9 262.434 -54.1884 268.734 265.905 -29.6798 283.737 291.934 -10.0793 255.395 357.991 -59.9856 9.72207 8.19403 16.3354
178.247 159.553 157.209 161.194 164.706 177.403 153.373 151.21 156.982 156.604 185.62 346.352 -109.779 221.125 275.783 -81.4072 249.559 262.435 -54.8408 268.28 265.784 -30.1641 283.722 291.88 -10.2365 255.279 358.139 -60.0876 10.1088 8.18861 16.2017
176.654 160.46 157.664 161.515 164.937 177.229 154.276 151.804 157.256 157.186 185.744 346.723 -109.775 221.183 275.382 -81.811 249.435 262.102 -55.0823 268.037 265.505 -30.133 283.813 291.607 -10.1601 255.143 358.111 -59.9776 10.2536 8.21789 16.0998
