175.053 161.09 157.903 161.618 165.188 176.754 154.706 152.232 157.347 157.673 185.617 347.036 -110.093 221.198 274.991 -82.1727 249.533 261.708 -55.3081 267.974 265.271 -30.036 284.03 291.33 -10.0966 255.052 357.962 -59.9019 10.3488 8.2757 16.1706
173.947 161.414 158.17 161.593 165.207 176.234 154.767 152.464 157.28 157.86 186.03 347.842 -110.486 221.174 275.07 -82.4138 249.59 261.613 -55.3148 267.952 265.296 -29.8151 284.252 291.249 -10.0177 255.137 357.979 -59.7781 10.372 8.35318 16.3803
173.334 161.662 158.552 161.716 164.88 175.733 154.871 152.761 157.29 157.587 186.638 347.883 -110.392 221.581 274.775 -81.9096 250.023 261.392 -54.9113 268.136 265.262 -29.2013 284.312 291.437 -9.38629 255.421 357.885 -59.5115 10.3435 8.3425 16.2932
172.914 161.671 158.782 161.7 164.84 175.417 154.374 152.677 156.951 157.054 187.298 347.891 -110.362 222.934 274.673 -81.2047 251.123 261.332 -54.3801 268.406 265.272 -28.6879 284.379 291.753 -8.25309 255.903 357.871 -59.2044 10.6051 7.94946 16.0152
173.012 161.192 159.008 161.683 164.923 174.985 153.662 152.577 156.556 156.371 188.336 347.456 -110.105 224.315 274.587 -80.1412 252.384 261.297 -53.7443 269.009 265.386 -28.3061 284.662 292.1 -7.15828 256.454 357.813 -58.8682 10.8734 7.53506 15.6785
173.18 160.479 158.918 161.311 164.768 174.78 152.826 152.351 156.018 155.844 188.881 346.764 -109.518 225.09 274.371 -79.1107 253.146 261.102 -53.3354 269.377 265.347 -27.9395 284.904 292.097 -6.46618 257.032 357.553 -58.5772 10.9937 7.37792 15.3519
172.91 159.596 158.797 160.931 164.413 174.557 152.201 152.254 155.394 155.097 188.804 346.474 -109.008 225.861 274.119 -78.28 253.773 260.753 -52.8873 269.456 265.232 -27.4125 284.776 292.011 -5.76938 257.558 357.165 -58.2791 11.0054 7.26087 15.1087
172.715 159.076 159.101 160.47 164.072 174.183 152.011 152.463 154.782 154.304 189.076 346.041 -109.067 226.733 273.519 -77.4802 254.199 260.08 -52.3424 269.326 265.065 -26.6552 284.35 291.993 -4.84396 257.954 356.646 -57.9797 11.0618 7.26875 14.6794
173.376 158.493 159.166 159.571 163.886 173.531 151.49 152.232 153.94 153.465 190.195 345.926 -110.121 228.405 273.279 -76.4059 254.853 259.977 -51.4854 269.359 265.346 -25.9905 284.19 292.377 -4.00926 258.455 356.375 -57.6882 11.2395 7.00546 13.9096
173.247 157.976 159.097 158.696 164.641 172.652 151.543 152.111 153.048 153.128 190.75 346.372 -111.703 229.651 273.058 -75.8824 255.21 260.038 -50.896 269.331 265.959 -25.2257 284.063 292.745 -3.15891 258.767 356.248 -57.4267 11.3234 7.10166 13.3421
173.386 158.199 159.332 158.417 165.03 171.407 152.531 152.509 152.717 153.156 191.548 346.686 -114.166 231.124 272.404 -75.7332 255.727 259.751 -50.5438 269.396 266.135 -24.6508 284.007 292.847 -2.72269 259.035 356.048 -57.1585 11.2361 7.18564 12.7505
173.988 158.34 159.654 157.927 166.587 170.961 153.118 152.777 152.189 154.051 192.203 346.879 -115.604 232.335 272.092 -76.2068 256.104 259.506 -50.7896 269.523 266.504 -24.1413 284.403 292.875 -2.21138 259.392 356.018 -57.0322 11.3452 7.71581 12.3441
174.513 158.759 159.905 157.837 167.669 170.506 153.601 153.175 152.034 154.797 192.643 347.091 -116.131 232.955 271.888 -76.635 256.673 259.371 -50.8542 269.91 266.793 -23.764 284.927 292.958 -2.05725 259.717 356.09 -56.8667 11.2862 8.03161 12.484
174.784 159.66 160.471 157.775 169.026 171.128 155.398 154.044 152.166 155.25 193.454 347.344 -117.092 234.643 271.161 -77.1687 257.683 259.143 -50.6512 270.508 267.025 -23.3779 285.507 293.18 -2.01905 260.098 356.193 -56.7256 11.1598 8.12048 12.352
175.128 160.314 160.592 157.804 169.137 171.311 156.261 154.417 152.372 155.277 194.334 347.491 -117.462 235.477 270.751 -77.315 258.457 259.077 -50.2167 271.044 267.096 -22.9852 285.806 293.235 -1.89291 260.462 356.238 -56.4769 10.9155 8.04634 12.5755
175.517 160.937 160.724 157.925 169.172 171.269 156.855 154.711 152.656 155.415 195.074 347.406 -117.34 235.752 270.63 -77.0893 259.152 259.173 -49.8328 271.825 267.276 -22.7662 286.47 293.391 -2.07341 260.79 356.399 -56.3053 10.6507 7.96051 12.8333
175.796 161.196 160.975 158.304 168.241 170.832 157.187 155.038 152.924 155.249 195.633 346.723 -116.842 236.11 270.287 -76.7591 260.183 258.883 -49.7028 272.688 267.124 -22.4682 287.088 293.573 -1.93341 261.088 356.387 -56.0664 10.5465 8.04237 13.0025
175.882 161.244 161.202 158.414 167.403 170.761 157.237 155.28 153.023 155.092 195.731 346.254 -116.014 235.978 270.037 -76.4855 260.711 258.645 -49.2977 273.345 267.105 -21.9039 287.538 293.667 -1.65454 261.363 356.34 -55.7699 10.3209 8.20495 13.3902
175.875 161.442 161.476 158.97 166.26 170.708 157.15 155.506 153.631 154.951 195.623 345.973 -115.117 235.86 269.856 -75.8938 261.224 258.567 -48.7548 274.134 266.847 -21.6518 288.067 293.722 -1.57362 261.657 356.354 -55.5533 10.1381 8.00975 13.6546
175.813 161.384 161.638 159.448 164.887 170.598 156.862 155.639 154.203 154.872 195.322 345.638 -114.13 235.492 269.679 -75.1695 261.664 258.39 -48.2019 274.738 266.378 -21.4603 288.495 293.531 -1.47923 261.817 356.279 -55.318 9.98638 7.72619 13.9685
176.014 161.634 161.823 159.219 163.16 170.394 157.253 155.67 154.261 154.072 194.893 345.529 -113.903 236.281 269.073 -74.1142 262.476 258.323 -47.0727 275.395 266.31 -20.8387 288.926 293.859 -1.07935 261.993 356.11 -54.9911 9.89015 7.36081 13.8655
175.985 161.634 161.916 159.025 161.467 171.471 157.827 155.738 154.555 153.173 194.557 345.606 -113.827 236.888 268.47 -73.8631 263.291 258.349 -45.993 276.095 266.193 -20.604 289.268 294.054 -1.01164 262.094 355.979 -54.6752 9.72441 6.7488 14.3138
175.631 161.196 161.85 158.158 159.477 173.059 158.297 155.626 154.212 151.818 194.302 345.776 -114.137 238.045 267.913 -73.9542 264.11 258.582 -45.1959 276.643 266.645 -20.3732 289.366 294.767 -0.711896 262.3 355.937 -54.4234 9.75316 6.37149 14.5543
175.606 160.289 161.618 157.436 157.708 174.132 158.488 155.504 153.896 150.82 194.411 345.886 -114.457 238.87 267.741 -73.9109 264.582 258.821 -44.5344 276.851 267.023 -19.9795 289.262 295.323 -0.295443 262.432 355.892 -54.1116 9.78746 6.17188 14.725
175.676 159.473 161.397 157.567 156.261 174.411 158.363 155.341 153.745 149.677 195.469 345.509 -115.008 239.927 267.509 -73.9343 265.176 258.959 -43.8043 277.102 267.236 -19.5262 289.139 296.091 0.613388 262.495 355.887 -53.719 10.1952 6.00095 14.9578
175.848 157.65 160.718 157.983 154.319 174.699 157.46 154.762 153.637 148.244 196.682 344.567 -114.971 241.237 267.85 -73.0206 266.041 259.518 -42.7518 277.677 267.442 -19.1307 289.306 296.781 1.59254 262.763 355.858 -53.0781 10.6895 5.51819 14.9075
175.158 157.191 160.73 158.334 153.262 174.293 157.14 154.612 153.364 146.972 197.15 344.125 -114.774 242.392 267.46 -72.206 266.788 259.594 -41.9172 277.775 267.573 -18.6553 288.732 297.425 2.59588 262.809 355.765 -52.5972 11.1311 5.28406 14.7063
174.495 157.217 160.909 158.629 151.165 173.757 157.345 154.606 153.118 144.87 197.609 344.202 -114.541 243.949 266.948 -71.0836 267.626 259.759 -40.9689 278.034 267.911 -18.0512 287.954 298.505 3.49696 263.013 355.749 -52.1165 11.5528 5.11372 14.2198
173.973 156.564 160.522 158.45 149.544 173.421 156.907 154.014 152.635 143.364 198.136 344.401 -114.248 245.41 266.999 -70.3908 268.314 260.148 -40.3276 278.07 268.175 -17.6395 287.385 299.271 4.22093 263.234 355.796 -51.6325 11.953 4.91476 13.8374
173.67 156.37 160.384 158.194 148.127 172.65 156.11 153.593 152.244 142.351 198.539 344.767 -114.004 246.001 267.26 -69.647 268.566 260.401 -39.9146 278.121 268.413 -17.2878 287.223 299.777 4.69848 263.57 355.888 -51.1294 12.1692 4.83647 13.4643
173.666 156.241 160.108 157.754 147.128 171.974 155.472 153.07 151.538 141.027 198.789 344.933 -113.707 247.008 267.416 -68.4342 269.04 260.78 -39.185 278.034 268.827 -16.5042 286.802 300.36 5.49056 263.946 355.927 -50.5062 12.3099 4.93024 12.906
173.833 155.334 160.009 157.496 146.829 171.628 154.623 152.725 151.138 140.661 198.966 345.439 -113.202 247.627 268.103 -67.6653 269.389 261.147 -38.6443 278.152 269.159 -16.0723 287.085 300.59 5.96788 264.351 356.077 -49.9796 12.3516 4.86279 12.6349
174.187 154.417 159.707 157.443 147.18 171.93 154.023 152.314 151.049 141.266 199.101 346.074 -112.543 247.879 268.993 -67.5279 269.786 261.682 -38.3556 278.791 269.459 -15.8845 288.103 300.597 6.18063 264.712 356.448 -49.5129 12.2582 4.72319 12.836
174.38 154.528 159.563 157.336 148.166 172.587 153.66 151.958 150.729 141.911 199.375 346.411 -111.852 247.195 269.516 -67.5095 269.906 262.011 -37.7865 278.921 269.761 -15.4112 288.793 300.306 6.12262 264.928 356.756 -49.0786 11.6543 4.70563 13.5934
174.403 154.997 159.466 157.317 149.313 173.55 153.064 151.714 150.439 142.248 199.62 346.584 -111.488 247.129 269.805 -67.2278 270.078 262.342 -37.1289 278.82 270.05 -14.8686 288.832 300.231 6.55381 265.15 356.973 -48.6105 11.4233 4.68307 13.9745
174.609 155.366 160.039 157.508 150.229 173.847 153.33 151.857 150.398 142.509 199.951 346.938 -110.992 247.361 270.185 -67.2494 270.093 262.591 -36.9599 278.857 270.519 -14.3213 288.853 300.467 6.88064 265.421 357.406 -48.3096 11.1582 4.98374 14.0099
174.769 155.454 160.517 157.871 150.777 173.588 153.899 152.12 150.647 142.715 200.41 347.251 -110.389 247.651 270.436 -67.1442 270.183 262.699 -36.8311 278.914 270.858 -13.5201 288.517 300.73 7.45915 265.652 357.789 -48.0154 10.8862 5.49475 13.9202
174.782 156.17 161.125 157.834 149.997 173.292 154.228 152.207 150.631 141.991 201.143 347.396 -109.319 248.12 270.544 -66.3013 270.53 262.91 -36.444 279.227 271.553 -12.3373 288.239 301.698 8.11996 266.09 358.189 -47.7031 10.6932 6.20358 13.5237
175.106 156.646 161.758 157.954 150.178 173.097 154.24 152.526 150.794 142.055 202.076 347.524 -108.432 248.366 270.837 -65.2764 270.802 263.018 -35.8993 279.471 272.083 -11.3087 288.166 302.072 8.59506 266.538 358.466 -47.3777 10.2859 6.68013 13.1676
175.856 156.895 162.282 158.01 149.952 173.088 154.159 152.804 150.8 141.647 202.994 347.658 -107.991 249.0 271.3 -64.4478 271.522 263.332 -35.6753 280.129 272.823 -10.7275 288.653 302.893 8.71606 267.04 358.904 -47.1782 10.0969 7.0744 12.7694
176.438 157.626 162.804 157.632 149.483 172.929 154.785 153.247 150.566 140.603 203.759 347.801 -107.707 250.108 271.263 -63.4954 272.565 263.633 -35.147 280.888 273.844 -9.86654 289.028 304.13 8.97158 267.599 359.3 -46.9676 9.96993 7.58016 12.4102
176.219 158.191 162.506 157.052 149.188 172.638 155.659 153.347 150.085 139.844 204.297 347.993 -107.501 251.489 271.187 -63.2142 273.675 264.073 -34.9441 281.477 274.847 -9.54664 289.25 305.083 9.0054 268.138 359.682 -46.8721 9.88259 7.92981 12.2358
175.882 158.541 162.075 156.099 149.025 172.8 156.631 153.333 149.177 138.994 205.251 347.412 -107.604 253.219 270.793 -63.2802 274.71 264.365 -34.9555 281.933 275.795 -9.49228 289.312 305.786 9.03261 268.668 359.859 -46.7978 9.84954 8.23955 12.0036
175.785 158.467 162.074 155.615 149.014 172.995 157.292 153.519 148.545 138.442 206.033 347.146 -107.729 254.703 270.598 -63.5164 275.669 264.454 -35.2691 282.55 276.349 -9.75494 289.796 306.156 8.79723 269.195 360.056 -46.7967 9.75623 8.39605 11.7374
175.386 157.798 162.158 154.854 148.13 172.553 157.215 153.734 147.749 137.868 206.546 347.456 -108.121 256.202 270.649 -63.5094 276.906 264.487 -35.5818 283.5 276.949 -10.0604 290.896 306.553 8.41804 269.866 360.158 -46.8719 9.60859 8.54634 11.3861
174.579 157.38 162.106 154.543 148.118 172.807 157.461 154.198 147.35 138.267 206.996 347.172 -108.962 258.005 270.396 -63.6706 278.157 264.463 -35.7931 284.394 277.276 -10.4648 292.027 306.548 8.28924 270.383 360.241 -46.8324 9.51942 8.42789 11.1019
174.158 156.81 161.929 154.417 147.805 172.868 158.068 154.609 147.073 138.409 207.579 346.735 -109.371 259.726 270.086 -63.8066 279.495 264.397 -35.9993 285.503 277.557 -10.7427 293.148 306.692 8.24192 270.875 360.27 -46.8335 9.54045 8.38883 10.8799
174.062 156.278 161.891 154.018 148.179 173.268 158.261 155.235 146.9 138.771 208.169 346.108 -109.513 260.469 269.921 -63.7795 280.385 264.222 -36.1584 286.147 277.773 -10.8394 293.684 306.754 8.40941 271.2 360.204 -46.8404 9.65762 8.51881 10.7664
174.339 156.347 161.861 153.849 148.034 173.694 158.052 155.395 146.706 139.11 208.849 345.839 -109.508 261.235 270.186 -64.2381 281.275 264.232 -36.7192 286.85 277.977 -11.1191 294.497 306.895 8.41618 271.591 360.366 -46.9536 9.80294 8.6872 10.7051
174.408 157.713 161.642 154.164 148.172 174.08 158.368 155.556 146.918 139.713 209.605 345.473 -109.09 261.926 270.127 -64.5565 282.077 264.072 -37.0027 287.615 277.928 -11.0632 295.492 306.786 8.34848 271.927 360.459 -46.9856 9.65305 8.87257 10.7372
174.481 159.339 161.473 155.076 148.897 174.593 159.199 155.993 147.707 140.915 210.118 344.886 -108.386 262.406 269.851 -64.7865 282.857 263.707 -37.0957 288.519 277.462 -11.12 296.883 306.409 8.13284 272.129 360.431 -47.0369 9.569 8.81761 10.9078
174.145 159.524 161.732 155.327 149.974 175.027 159.329 156.561 148.114 142.788 210.642 344.845 -108.199 262.612 269.775 -65.0449 283.524 263.366 -37.5372 289.249 277.063 -11.5546 298.517 305.681 7.73206 272.493 360.398 -47.1855 9.55849 8.61642 10.8941
173.851 159.882 161.806 155.75 150.027 175.149 159.956 156.973 148.532 143.588 211.516 344.972 -108.171 263.447 269.513 -65.2477 284.349 263.153 -37.9915 290.168 276.666 -11.9387 299.78 305.262 7.36811 272.986 360.352 -47.2503 9.60487 8.37421 10.6628
173.569 159.657 161.674 155.84 149.922 174.706 160.813 157.259 148.732 144.006 212.086 345.621 -108.866 264.363 269.293 -65.7257 285.073 263.234 -38.4364 290.997 276.547 -12.3022 300.611 305.129 7.16426 273.35 360.321 -47.3507 9.73609 8.16109 10.5859
174.801 158.896 161.314 156.291 150.48 174.289 161.156 157.351 149.466 144.878 212.402 346.188 -110.536 265.172 269.268 -66.1209 285.839 263.405 -38.5113 291.948 276.283 -12.4044 301.34 305.101 7.58195 273.546 360.467 -47.3484 10.0404 7.97182 10.7834
174.435 158.093 161.385 156.09 150.746 174.68 161.832 158.032 149.724 145.398 211.56 346.665 -111.793 264.937 268.92 -66.7153 285.984 263.131 -38.522 292.122 276.026 -12.2751 301.479 304.791 7.71286 273.615 360.303 -47.2639 9.9783 7.9944 11.3279
173.8 156.903 161.196 156.021 150.865 175.623 162.098 157.834 149.755 145.652 211.592 346.651 -112.907 265.038 268.434 -67.8758 286.137 262.936 -38.2449 292.126 275.666 -12.0209 301.486 304.538 8.16069 273.478 360.006 -47.1772 10.1111 8.01435 12.3741
174.156 156.484 161.272 155.854 150.851 176.26 162.371 157.697 149.739 145.789 211.698 346.161 -113.086 265.346 268.175 -68.2079 286.362 262.739 -38.0395 292.254 275.472 -11.8366 301.588 304.545 8.55013 273.303 359.914 -47.1091 10.2966 8.06713 12.7174
174.568 156.399 161.728 155.594 150.577 176.469 162.389 157.733 149.607 145.398 211.59 345.753 -113.04 265.557 267.959 -68.0181 286.472 262.555 -37.6776 292.254 275.49 -11.4683 301.388 304.848 8.97029 273.135 359.842 -46.9987 10.4182 8.20341 12.794
174.29 156.357 161.831 155.176 149.988 176.648 162.686 157.856 149.32 144.925 211.683 345.897 -113.051 265.855 267.788 -68.4222 286.557 262.436 -37.858 292.149 275.45 -11.4414 301.087 304.941 9.09109 273.167 359.765 -46.8958 10.4956 8.30326 12.8589
174.345 156.124 161.926 155.113 149.753 177.234 162.692 157.6 149.183 144.744 211.506 345.786 -113.076 266.43 267.655 -68.7172 286.911 262.444 -37.6051 292.353 275.523 -11.1871 301.45 305.207 9.29356 273.254 359.766 -46.8346 10.6297 8.42338 13.1962
174.236 156.378 161.455 154.825 149.434 177.635 162.722 157.15 148.972 144.294 211.649 345.706 -113.267 267.08 267.556 -69.1788 287.094 262.597 -37.0336 292.311 275.692 -10.9109 301.155 305.532 9.66009 273.236 359.802 -46.762 10.721 8.36624 13.8303
174.294 157.242 160.069 154.45 149.196 178.344 161.358 156.363 148.505 143.679 211.384 345.659 -113.279 267.285 267.57 -69.6172 287.326 262.949 -36.2454 291.985 275.965 -10.5822 300.831 305.86 10.0766 273.23 359.706 -46.6502 10.8933 8.29987 14.7951
174.185 157.831 159.001 153.849 148.378 178.663 159.802 155.855 147.906 142.377 211.373 345.975 -113.521 267.612 267.573 -69.597 287.543 263.258 -35.5767 291.533 276.485 -10.125 300.103 306.596 10.518 273.357 359.658 -46.6047 11.0844 8.49329 15.2656
174.102 158.27 157.747 153.505 147.836 179.179 158.125 155.278 147.471 141.749 211.236 346.401 -113.635 267.785 267.676 -69.7505 287.906 263.554 -35.1667 291.391 276.856 -9.8324 300.057 307.035 10.7317 273.518 359.594 -46.5487 11.2256 8.66587 15.7615
173.871 158.611 155.872 153.001 147.632 179.64 157.045 154.631 147.08 141.402 210.993 346.93 -113.702 267.385 267.84 -70.1924 287.972 263.882 -34.7935 291.082 277.205 -9.51334 299.872 307.291 10.9108 273.598 359.505 -46.539 11.2646 8.82812 16.5373
173.712 159.228 153.898 152.155 147.155 179.921 156.428 153.924 146.453 140.716 211.202 347.509 -114.071 267.242 267.87 -70.7568 287.891 264.05 -34.5781 290.75 277.556 -9.23584 299.403 307.554 11.0702 273.768 359.458 -46.5969 11.2384 8.96682 17.12
173.603 159.734 151.759 151.535 146.283 179.993 155.947 152.52 145.921 140.235 211.735 348.104 -114.648 267.926 267.827 -71.3642 288.097 264.444 -34.2205 290.782 277.875 -9.06838 299.314 307.834 11.3055 274.063 359.441 -46.6505 11.3339 8.80596 17.6951
172.86 160.203 150.243 151.25 145.779 179.767 155.951 151.818 145.407 139.934 212.666 348.798 -115.196 268.189 267.798 -71.8985 287.822 264.54 -34.4836 290.743 278.081 -9.32539 299.19 307.959 11.304 274.59 359.395 -46.7955 11.5071 8.56237 17.7295
172.187 159.925 148.626 150.275 144.485 179.136 155.751 151.311 144.506 138.976 213.257 349.732 -115.732 268.816 268.067 -71.8577 288.103 265.012 -34.9426 290.944 278.751 -9.8074 299.397 308.516 10.9132 275.211 359.5 -46.9677 11.6498 8.43523 17.2637
172.24 159.476 147.038 149.933 145.412 179.233 155.748 151.789 144.29 139.773 212.881 350.082 -115.625 268.534 268.315 -71.6282 288.389 265.044 -35.7614 291.477 278.865 -10.3267 300.546 308.201 10.3753 275.775 359.499 -47.1211 11.6779 8.39521 16.6177
172.321 159.227 145.63 149.707 146.051 179.264 156.082 152.311 144.279 140.669 212.322 349.988 -115.301 268.152 268.326 -71.7853 288.551 264.944 -36.442 291.934 278.807 -10.702 301.559 307.805 9.90236 276.246 359.402 -47.2404 11.6905 8.4162 16.4086
172.227 159.353 144.898 149.762 146.3 178.477 156.769 152.9 144.334 140.949 212.493 349.477 -114.965 268.301 268.093 -72.0583 289.142 264.794 -37.1076 292.619 278.765 -10.9947 302.318 307.784 9.59002 276.78 359.324 -47.4087 11.7659 8.54478 16.2418
172.196 159.256 143.973 149.257 146.348 177.756 157.148 152.86 143.98 140.668 212.721 349.065 -114.676 268.495 268.133 -71.9809 289.583 265.01 -37.5376 293.137 279.134 -11.1841 302.866 307.974 9.21947 277.327 359.38 -47.5539 11.6993 8.61286 15.957
172.269 159.609 143.54 149.282 146.798 177.39 157.877 152.532 143.9 140.94 213.057 348.481 -114.659 268.726 267.968 -71.8289 289.977 265.196 -37.5666 293.531 279.277 -11.3179 303.481 307.737 8.7854 277.844 359.441 -47.7314 11.5023 8.40954 15.8198
172.608 160.094 143.867 149.741 146.887 177.411 158.631 152.111 143.932 141.123 213.512 347.967 -115.015 269.653 267.654 -71.9566 290.758 265.334 -37.5711 294.181 279.333 -11.414 304.142 307.594 8.61068 278.394 359.509 -47.9142 11.4256 8.22283 15.7516
172.543 159.638 143.64 149.349 145.426 177.189 158.413 151.65 143.477 140.253 213.887 348.181 -115.596 270.745 267.646 -71.5559 291.56 265.657 -37.7457 294.903 279.776 -11.4077 304.606 307.912 8.3299 279.073 359.565 -48.0385 11.2246 8.28 15.1995
172.55 159.643 143.598 149.311 145.328 177.26 159.016 151.689 143.588 140.226 214.279 348.264 -116.063 271.802 267.405 -71.7652 292.008 265.733 -37.9555 295.556 279.877 -11.3693 305.164 307.888 8.08466 279.646 359.575 -48.1487 11.005 8.36372 14.9489
172.692 159.779 144.422 149.751 146.111 178.208 159.41 151.65 143.981 140.98 214.751 348.063 -116.516 272.642 267.186 -72.0839 292.385 265.707 -38.1728 296.282 279.798 -11.4103 306.235 307.719 7.81568 280.02 359.667 -48.2455 10.9939 8.40697 14.8311
172.944 159.566 144.451 149.693 146.515 178.522 159.465 151.392 144.101 141.318 214.789 348.244 -116.935 272.626 267.322 -72.1277 292.765 265.951 -38.1457 297.052 280.0 -11.305 307.161 307.647 7.48488 280.382 359.731 -48.3314 10.7713 8.40996 15.0314
173.071 159.366 144.56 149.764 146.437 178.262 159.712 151.326 144.502 141.609 214.961 348.342 -117.298 272.643 267.499 -72.0838 293.296 266.267 -38.4829 298.178 280.156 -11.4798 308.263 307.7 6.97272 280.722 359.838 -48.4692 10.6437 8.38227 14.9493
172.703 159.028 144.955 150.239 146.044 177.703 160.004 151.185 145.192 142.06 215.465 349.245 -117.991 273.107 267.854 -72.3315 294.197 266.619 -39.0921 299.7 280.144 -11.9325 309.436 307.653 6.38106 281.135 359.99 -48.6827 10.4913 8.27644 14.8654
172.707 158.955 145.309 149.805 145.238 177.411 160.189 151.299 145.321 141.719 215.887 349.68 -117.98 273.238 268.226 -72.8066 294.452 266.889 -39.9188 300.449 280.393 -12.4646 309.727 307.833 5.72267 281.507 360.251 -48.943 10.1537 8.43803 14.6802
172.524 159.509 148.091 149.938 144.679 177.544 160.809 152.283 145.685 140.822 216.551 349.423 -117.414 273.42 268.424 -73.2625 294.503 266.765 -40.9719 300.956 280.755 -12.8933 309.326 308.391 5.21459 281.823 360.735 -49.2112 9.51214 8.98579 14.1579
172.178 161.244 151.854 151.604 143.09 177.198 161.892 154.84 147.713 140.297 216.702 349.285 -116.976 272.886 268.502 -74.5683 294.603 266.287 -42.974 301.71 280.529 -13.7466 308.337 309.297 4.68534 282.012 361.554 -49.8411 8.97258 9.75966 13.739
172.215 162.344 154.802 152.536 141.971 177.252 162.244 156.743 149.177 140.204 217.129 348.911 -116.907 272.567 268.25 -75.1669 294.05 265.601 -44.2265 301.617 279.987 -14.2095 307.293 309.529 4.55201 281.906 361.964 -50.1922 8.86898 10.2569 13.0405
172.78 163.157 157.453 153.256 142.721 177.348 162.326 158.362 150.394 141.182 216.925 349.564 -116.995 271.358 268.368 -75.5509 293.245 265.158 -45.5981 301.856 279.696 -14.9589 307.473 309.53 4.07941 281.851 362.454 -50.5231 8.95928 10.7276 12.4832
173.1 163.615 158.673 154.529 144.778 177.624 162.685 159.718 151.919 143.154 216.859 350.395 -117.053 270.153 268.863 -76.0699 292.691 265.048 -46.8463 302.227 279.232 -15.8086 308.212 309.161 3.65185 281.734 362.997 -50.8116 9.21002 10.9536 12.2809
173.181 163.977 159.461 155.328 146.128 177.521 162.983 160.876 152.857 144.338 216.711 350.71 -116.804 268.915 269.204 -76.6193 292.42 264.905 -47.9902 302.339 278.858 -16.6045 308.485 308.741 3.0292 281.606 363.349 -51.1101 9.18357 11.1377 12.3419
173.491 163.64 160.392 155.472 146.909 177.696 162.495 161.395 153.298 145.216 216.452 351.38 -116.633 268.517 269.912 -76.9183 292.485 265.245 -49.1066 302.785 279.061 -17.3269 309.088 308.818 2.61068 281.596 363.837 -51.4977 9.3353 11.4264 12.1513
173.448 163.119 161.227 155.191 146.457 177.655 161.744 161.899 153.476 145.356 216.481 351.981 -116.422 267.891 270.719 -77.2798 292.235 265.758 -50.3875 302.908 279.47 -18.0951 309.192 309.102 1.86476 281.596 364.322 -51.9395 9.24281 11.8338 11.9116
173.555 162.926 163.415 155.159 146.812 177.77 161.681 162.658 153.78 145.989 216.382 352.523 -116.315 267.119 271.337 -77.6837 291.37 265.741 -51.4455 302.542 279.536 -18.8177 309.072 309.036 1.29936 281.492 364.742 -52.3777 9.25883 12.1359 11.5593
173.706 162.866 164.861 154.815 146.579 177.784 161.42 163.324 153.87 146.138 216.218 352.94 -116.7 266.882 271.624 -77.9843 290.585 265.551 -52.0022 302.025 279.629 -18.9632 308.819 309.088 0.956832 281.297 364.985 -52.7424 9.12753 12.4979 11.1307
173.792 163.225 166.162 155.484 147.314 177.857 161.59 164.263 154.599 147.003 215.647 353.25 -116.741 266.29 271.479 -78.486 289.705 264.82 -52.4743 301.417 278.897 -19.095 308.432 308.5 0.784595 280.961 364.92 -53.0647 9.08135 12.7105 10.9786
173.702 163.134 166.969 154.971 146.93 177.976 161.147 164.689 154.418 146.706 215.018 353.395 -117.064 265.953 271.278 -78.9311 289.065 264.253 -52.8606 300.802 278.542 -19.3396 307.892 308.223 0.40171 280.587 364.7 -53.4055 8.99189 12.8316 10.8434
173.345 162.647 167.141 154.45 146.235 177.73 160.418 164.26 154.08 146.202 214.737 352.866 -116.7 265.961 271.23 -79.0256 288.511 263.922 -53.1043 300.424 278.27 -19.7006 307.644 307.99 -0.0380092 280.394 364.43 -53.6926 8.97561 12.8005 10.5213
173.002 162.372 166.759 153.787 145.246 177.438 159.749 163.556 153.65 145.443 214.499 351.914 -116.531 266.158 271.134 -79.402 288.181 263.832 -53.3472 300.076 278.168 -20.0745 307.294 307.889 -0.495734 280.214 364.241 -54.016 8.91092 12.7123 10.3379
172.937 161.945 166.061 154.443 145.413 177.07 159.167 162.796 153.892 145.785 214.182 351.188 -116.104 265.983 271.396 -79.8195 287.801 263.906 -53.912 299.931 277.67 -20.8449 307.382 307.417 -1.09728 280.115 364.226 -54.3512 8.99413 12.4875 10.1974
173.07 161.557 165.965 154.446 146.053 177.1 158.563 162.5 153.995 146.549 213.687 351.111 -115.684 265.47 271.775 -80.211 287.492 264.021 -54.4311 299.808 277.352 -21.4911 307.763 306.833 -1.72003 280.094 364.208 -54.622 8.99747 12.3716 10.2909
173.305 161.072 165.203 153.857 146.033 177.341 157.738 162.103 153.824 147.099 213.163 351.501 -115.387 264.985 272.386 -80.5636 287.472 264.371 -54.9337 299.788 277.313 -22.0697 308.248 306.416 -2.38273 280.156 364.235 -54.816 8.96568 12.285 10.5318
