179.991 158.4 154.846 155.78 157.88 176.157 148.479 148.215 149.434 151.088 75.4782 317.932 -16.3513 49.0415 325.927 -89.4063 15.3659 320.821 -107.092 -18.9866 311.133 -101.511 -52.4079 302.25 -78.1898 -3.01402 331.719 -14.4679 18.2154 12.4049 14.9645
179.918 158.558 155.165 156.59 158.461 176.419 148.525 148.776 150.161 151.783 73.9502 318.186 -16.3943 47.5556 326.111 -89.3492 13.7737 321.419 -107.33 -20.6879 311.944 -101.83 -54.1895 302.859 -78.381 -4.54099 332.076 -14.5299 18.3607 12.4206 15.1235
179.53 158.602 155.088 156.559 158.294 176.807 148.894 148.872 150.172 151.782 72.5685 318.229 -16.7772 45.7984 326.732 -89.819 11.9712 322.132 -107.608 -22.5335 312.643 -102.034 -56.1077 303.479 -78.488 -6.08158 332.057 -14.6505 18.5046 12.4601 15.0591
179.215 159.163 155.378 156.756 158.55 176.904 149.869 149.511 150.488 152.044 70.8814 318.709 -16.8368 44.1907 327.766 -90.1912 10.3902 322.963 -107.799 -24.1612 313.215 -101.984 -57.8156 304.067 -78.317 -7.61735 332.723 -14.61 18.6392 12.5473 14.9369
179.41 159.331 155.596 157.037 158.665 176.898 149.162 149.338 150.611 152.162 69.2434 318.692 -16.7374 42.6695 327.649 -89.8006 8.95989 323.223 -107.669 -25.5865 313.685 -102.005 -59.2262 304.328 -78.3332 -9.16437 333.072 -14.527 18.6525 12.4849 14.9698
178.616 160.059 156.147 157.054 158.735 177.47 150.176 149.997 150.634 151.868 65.7898 319.233 -16.9767 38.9216 328.867 -90.1549 5.02638 324.892 -107.797 -29.4881 315.079 -101.671 -62.9326 305.778 -77.8615 -12.5514 334.087 -14.3012 18.6062 12.5376 14.9373
179.093 159.436 155.676 156.434 158.368 177.125 149.193 149.259 149.82 151.165 63.8551 318.642 -16.6493 37.2531 328.777 -89.5977 3.38646 325.165 -107.304 -31.0462 315.504 -101.053 -64.4657 306.485 -77.2879 -14.1028 334.982 -14.0538 18.6045 12.4892 14.9727
179.275 159.028 155.483 156.403 158.351 177.12 148.977 149.294 149.936 151.335 62.1262 317.959 -16.544 35.6683 329.273 -89.3824 1.58383 325.91 -107.253 -32.9055 316.29 -101.05 -66.3424 306.992 -77.2392 -15.6518 334.994 -13.9394 18.7595 12.5356 15.1979
179.949 158.535 154.929 155.783 157.606 176.573 149.108 148.909 149.154 151.089 60.2725 318.321 -17.1081 33.5044 330.213 -89.8063 -1.00057 326.598 -107.144 -35.0945 317.287 -100.439 -69.2701 307.708 -76.1041 -17.3328 335.329 -13.6312 19.8548 12.219 15.2996
179.987 158.275 154.8 155.32 157.175 176.593 148.727 148.433 148.578 150.383 58.5664 318.353 -16.9435 31.8407 330.158 -89.4973 -2.56489 326.721 -106.754 -36.7077 317.534 -99.8721 -70.8908 308.33 -75.4578 -18.8582 336.101 -13.3968 19.8983 12.2685 15.2114
179.786 157.834 154.481 154.926 156.929 176.472 147.935 147.601 147.785 149.61 56.8045 318.001 -16.6943 30.1324 330.215 -89.1425 -4.28183 326.633 -106.329 -38.3712 317.331 -99.338 -72.2129 308.386 -74.9716 -20.3788 336.777 -13.2372 19.5981 12.307 15.2333
179.231 157.113 153.65 154.442 156.517 176.071 147.606 146.841 147.16 149.695 55.4619 318.29 -17.0919 28.55 331.054 -89.4239 -6.22132 327.072 -106.249 -40.1586 318.197 -99.1611 -74.4362 308.798 -74.5228 -21.7451 336.848 -13.1388 20.2903 12.1263 15.4066
178.948 156.55 153.343 153.816 156.092 175.867 146.972 146.046 146.278 149.437 54.113 318.95 -17.5962 26.8846 331.479 -89.4758 -7.92155 327.508 -106.024 -41.6488 319.046 -98.7979 -76.3486 309.393 -73.9831 -23.1323 337.331 -13.0451 20.9058 11.915 15.3779
178.18 155.968 153.001 152.767 155.307 175.331 146.179 144.984 144.857 148.304 52.3737 318.873 -17.942 25.2608 331.36 -89.4297 -9.45075 327.135 -105.656 -42.9451 318.986 -98.045 -77.6834 309.537 -73.096 -24.5296 338.357 -13.0206 21.1216 11.7367 15.2451
178.258 156.339 153.487 153.077 155.277 175.565 146.177 144.985 144.766 147.589 50.8669 318.526 -17.6919 24.0552 331.22 -89.2713 -10.494 326.925 -105.555 -44.0294 318.467 -97.8573 -78.3723 309.568 -72.9687 -25.7522 339.143 -13.097 20.6191 11.8464 15.131
177.908 156.321 153.453 153.304 155.539 175.274 146.596 145.246 145.014 148.286 49.4515 318.895 -18.0321 22.8842 331.927 -89.6163 -11.9948 327.23 -105.796 -45.4552 319.001 -97.9708 -79.9329 310.022 -72.962 -26.9512 339.488 -13.1526 20.819 11.74 15.3397
178.123 156.133 153.271 153.255 155.543 175.385 146.609 145.345 145.17 148.724 48.4955 319.527 -18.3529 21.8382 332.716 -89.9697 -13.0727 328.267 -106.181 -46.4993 320.245 -98.4162 -81.3388 310.686 -73.2585 -28.0329 339.787 -13.3816 21.3385 11.6529 15.3607
177.884 155.624 152.751 152.62 155.01 175.202 145.661 144.45 144.427 148.337 47.4129 320.678 -18.7692 20.6067 332.971 -89.9541 -14.0338 328.92 -106.09 -47.5667 321.529 -98.4803 -82.6783 311.829 -73.3056 -29.1335 340.702 -13.6113 21.7118 11.6438 15.1753
177.449 155.332 152.38 151.756 154.335 174.861 145.242 143.547 143.217 147.115 45.9643 320.777 -19.179 19.3296 333.434 -90.2746 -15.1253 328.84 -106.039 -48.5486 321.431 -98.1938 -83.4375 312.044 -73.0492 -30.2437 341.725 -13.9457 21.5799 11.6082 14.9469
177.012 155.561 152.703 152.086 154.395 174.476 145.742 143.704 143.206 146.715 44.4329 321.075 -19.471 18.2153 334.391 -90.8306 -16.227 329.032 -106.328 -49.6335 321.53 -98.2504 -84.2236 312.406 -72.9238 -31.3266 342.977 -14.239 21.3331 11.6143 14.8506
176.886 155.833 153.142 152.793 155.039 174.301 146.555 144.456 143.981 147.305 43.1825 321.736 -19.9562 17.277 335.563 -91.5089 -17.2909 329.834 -106.963 -50.7583 322.264 -98.7943 -85.2199 313.161 -73.3042 -32.2902 343.909 -14.5925 21.2051 11.6506 14.9082
176.95 156.064 153.4 153.262 155.575 174.295 146.996 145.024 144.59 147.919 42.225 322.774 -20.5052 16.5128 336.846 -92.0937 -18.1558 331.05 -107.62 -51.6408 323.261 -99.4161 -86.0735 313.933 -73.8429 -33.159 344.776 -15.0133 21.2104 11.6869 14.9961
176.711 156.015 153.173 153.239 155.342 174.164 146.66 145.035 144.893 147.935 41.3806 323.447 -21.0598 15.9344 337.219 -92.3188 -18.7156 331.959 -108.057 -52.3606 324.499 -100.028 -86.841 314.5 -74.1768 -33.8958 345.377 -15.4663 21.5703 11.7411 15.045
176.459 155.747 152.586 152.813 154.736 173.992 145.781 144.58 144.807 147.643 40.5293 324.057 -21.5776 15.413 337.598 -92.3352 -19.1278 333.168 -108.397 -52.9126 326.035 -100.681 -87.4302 315.134 -74.7246 -34.6265 345.922 -15.9882 21.9412 11.8111 15.116
175.986 155.019 151.661 151.713 153.814 173.616 144.645 143.578 143.931 146.919 39.8812 324.525 -21.9689 15.072 338.37 -92.4084 -19.2472 334.216 -108.59 -52.9947 327.195 -101.098 -87.6651 315.712 -75.3135 -35.1373 346.525 -16.5669 22.2677 11.808 15.0894
175.831 154.485 150.857 150.704 152.806 173.489 143.714 142.522 142.961 145.992 39.3599 325.176 -22.2837 14.5125 339.193 -92.6372 -19.737 335.047 -108.775 -53.4194 328.125 -101.415 -88.1347 316.295 -75.7247 -35.7771 347.185 -17.1484 22.5044 11.7952 15.108
175.779 154.258 150.474 150.303 152.052 173.368 143.515 142.25 142.682 145.193 38.8815 325.975 -22.4335 14.0024 340.816 -93.1854 -20.4309 336.388 -109.331 -54.0301 329.256 -101.966 -88.4461 316.741 -76.0361 -36.3661 348.033 -17.7031 22.6595 11.7793 15.2692
175.863 154.062 150.321 150.159 151.643 173.383 143.35 141.938 142.268 144.093 38.2773 326.872 -22.5698 13.3818 342.423 -93.7167 -21.1881 337.538 -109.781 -54.7251 330.04 -102.346 -88.4893 317.162 -76.2259 -37.0062 349.251 -18.2398 22.423 11.8053 15.365
176.23 154.388 150.712 150.708 151.603 173.603 144.057 142.52 142.687 143.619 37.833 328.321 -22.9464 12.789 344.293 -94.5088 -21.9946 339.023 -110.531 -55.4736 331.014 -102.962 -88.6321 317.86 -76.5454 -37.616 350.452 -18.7233 22.1528 11.8277 15.4782
176.559 154.779 151.194 151.36 151.617 173.801 144.768 142.995 142.982 143.079 37.2648 329.922 -23.4077 12.1258 345.83 -95.2326 -22.7264 340.176 -111.149 -56.1513 331.689 -103.418 -88.664 318.607 -76.8211 -38.279 351.798 -19.1775 21.6818 11.863 15.4658
175.919 154.569 150.863 151.128 151.97 173.411 143.915 142.32 142.64 143.869 36.6929 330.165 -24.2101 11.5887 345.889 -95.2968 -22.9302 340.721 -111.265 -56.4082 332.64 -103.837 -89.4594 320.452 -77.8878 -38.7785 352.493 -19.6419 21.3942 11.82 15.2557
175.422 154.111 150.361 150.775 151.598 173.033 142.922 141.478 142.055 143.561 36.1867 330.369 -25.0354 10.8085 346.095 -95.5522 -23.3399 341.343 -111.414 -56.7927 333.591 -104.229 -89.9578 321.957 -78.6751 -39.277 353.133 -20.159 21.1033 11.7577 14.9698
174.835 153.767 150.169 150.691 151.36 172.479 142.528 141.094 141.677 142.792 35.5041 330.49 -25.4683 10.0687 346.71 -95.8429 -23.8206 342.045 -111.562 -57.2646 334.266 -104.454 -90.0944 323.041 -79.0888 -39.7699 353.958 -20.4986 20.6019 11.763 14.7224
174.546 153.598 150.422 150.986 150.991 171.993 142.054 141.18 142.03 142.424 35.0747 330.987 -26.2463 9.51989 347.498 -96.1057 -23.9525 343.383 -111.962 -57.2509 335.447 -105.067 -89.5119 323.486 -79.6806 -40.0902 354.507 -20.8317 20.2649 11.6493 14.4441
174.503 153.642 150.677 151.162 150.637 171.85 142.015 141.334 142.282 142.022 34.8192 331.348 -26.5952 9.11074 348.543 -96.4062 -24.0856 344.561 -112.264 -57.2428 336.4 -105.459 -89.1115 323.65 -79.9143 -40.416 355.033 -21.0551 20.2379 11.5608 14.2418
174.365 153.5 150.687 151.193 150.484 171.762 141.657 141.334 142.466 142.056 34.7674 331.92 -26.8523 8.99074 348.956 -96.461 -24.0251 345.452 -112.479 -57.1836 337.349 -105.877 -89.1005 324.208 -80.3138 -40.6184 355.395 -21.292 20.3684 11.5419 14.2076
174.344 153.36 150.564 151.025 150.255 171.737 141.229 141.105 142.249 141.567 34.5493 332.182 -26.892 8.74803 349.273 -96.3839 -24.1575 346.276 -112.486 -57.3462 338.219 -105.962 -89.1767 324.893 -80.4297 -40.9005 355.929 -21.3983 20.3619 11.5648 14.2068
174.457 153.208 150.456 150.861 149.898 171.891 140.748 140.879 141.976 140.916 34.3678 332.169 -26.9305 8.52543 349.113 -96.1985 -24.3507 346.704 -112.446 -57.5704 338.717 -105.924 -89.2507 325.208 -80.3023 -41.1291 356.298 -21.4521 20.4011 11.5872 14.2977
174.608 153.083 150.326 150.685 149.873 172.055 140.289 140.524 141.534 140.656 34.2788 332.386 -26.9993 8.22689 348.979 -95.9929 -24.5013 346.924 -112.263 -57.6813 339.013 -105.749 -89.4875 325.76 -80.2694 -41.3346 356.664 -21.4393 20.3678 11.5537 14.2469
174.823 153.044 150.28 150.507 149.818 172.249 139.973 140.181 141.025 140.438 34.2544 332.511 -27.0146 8.06476 348.869 -95.7799 -24.5316 346.904 -112.014 -57.6004 338.994 -105.45 -89.6249 326.157 -80.1874 -41.4532 356.897 -21.3823 20.3305 11.4748 14.1552
174.985 152.943 150.275 150.305 149.623 172.435 139.796 140.058 140.777 140.19 34.2694 332.435 -26.9092 8.05828 348.778 -95.576 -24.5094 346.86 -111.856 -57.5288 338.941 -105.238 -89.6242 326.174 -80.0187 -41.4936 356.92 -21.3033 20.381 11.4429 14.1621
175.109 152.989 150.296 150.122 149.414 172.581 139.688 139.84 140.393 139.813 34.3335 332.343 -26.6519 8.11539 348.687 -95.3899 -24.3927 346.621 -111.644 -57.3631 338.647 -104.946 -89.532 325.958 -79.735 -41.5156 357.048 -21.2247 20.4669 11.4211 14.1056
175.078 152.962 150.243 149.924 149.543 172.575 139.612 139.698 140.188 139.891 34.3824 332.109 -26.368 8.2568 348.534 -95.1472 -24.3139 346.448 -111.435 -57.3027 338.471 -104.693 -89.5804 325.951 -79.6069 -41.4771 357.061 -21.0628 20.4545 11.4398 14.1712
174.928 152.916 150.202 149.65 149.556 172.456 139.651 139.611 139.942 139.803 34.4649 331.94 -26.0128 8.46189 348.592 -94.9255 -24.1999 346.216 -111.204 -57.1555 338.128 -104.352 -89.4514 325.756 -79.3739 -41.4079 357.016 -20.8503 20.3902 11.4374 14.21
174.6 152.768 150.156 149.539 149.787 172.197 139.389 139.461 139.867 140.116 34.6259 332.237 -25.8368 8.62136 348.28 -94.5736 -24.0688 345.907 -110.928 -57.0353 338.062 -104.125 -89.5159 325.947 -79.2886 -41.2906 356.99 -20.6202 20.3623 11.3982 14.2767
174.661 152.926 150.423 149.868 150.154 172.279 139.429 139.861 140.39 140.854 34.8721 332.689 -25.6913 8.80808 347.603 -94.1982 -23.986 345.818 -110.822 -57.1157 338.333 -104.105 -89.8261 326.445 -79.2595 -41.1437 356.947 -20.3817 20.4271 11.4495 14.4993
174.193 152.747 150.221 149.759 150.298 171.93 138.843 139.428 140.093 141.028 35.009 332.716 -25.291 9.1797 347.26 -93.561 -23.4723 345.741 -110.365 -56.731 338.475 -103.856 -89.7627 326.908 -79.2593 -40.947 357.131 -20.1394 20.4668 11.5174 14.5364
174.111 152.746 150.24 149.936 150.667 171.981 138.065 139.168 140.031 141.554 35.5333 332.111 -24.5573 9.81887 345.851 -92.4428 -22.624 345.104 -109.689 -56.0543 338.253 -103.453 -89.5043 327.233 -79.1727 -40.4652 357.004 -19.7077 20.4816 11.5847 14.7066
174.225 152.846 150.21 150.113 150.792 172.202 137.71 139.151 140.079 141.657 35.7302 331.765 -24.2901 9.9945 344.621 -91.935 -22.2475 344.728 -109.48 -55.8393 338.166 -103.413 -89.4281 327.381 -79.2467 -40.3309 356.864 -19.6315 20.4586 11.6681 14.8608
174.094 153.021 150.192 150.268 150.979 172.081 137.642 139.159 140.089 141.86 35.8765 331.94 -24.0598 10.4211 344.013 -91.5422 -21.6629 344.536 -109.288 -55.3458 338.091 -103.395 -89.1557 327.665 -79.4763 -40.1364 356.923 -19.5565 20.3901 11.7063 14.9448
174.008 153.225 150.311 150.425 151.096 171.958 137.835 139.416 140.328 142.022 36.111 332.025 -23.8131 10.8137 343.67 -91.2919 -21.2106 344.552 -109.217 -54.9296 338.038 -103.415 -88.7049 327.698 -79.6494 -39.9452 356.839 -19.4372 20.2022 11.7143 15.0567
173.96 153.399 150.326 150.391 151.166 171.831 138.197 139.709 140.623 142.306 36.3078 332.104 -23.7104 11.202 343.762 -91.3303 -20.9342 344.811 -109.326 -54.651 338.246 -103.587 -88.389 327.939 -79.9761 -39.7475 356.702 -19.4323 20.0458 11.7008 15.1827
173.899 153.691 150.519 150.535 151.655 171.691 138.795 140.201 141.153 143.243 36.5007 332.281 -23.5543 11.6353 343.771 -91.3997 -20.4651 344.888 -109.449 -54.2116 338.492 -103.835 -88.2972 328.494 -80.5093 -39.563 356.535 -19.4216 20.0664 11.6682 15.1484
173.895 153.827 150.489 150.527 151.742 171.609 139.18 140.319 141.332 143.472 36.821 332.502 -23.3526 12.021 343.908 -91.5308 -20.0898 344.876 -109.521 -53.8515 338.559 -104.001 -88.0518 328.587 -80.7617 -39.3458 356.441 -19.4451 20.0909 11.6545 15.07
173.904 153.719 150.342 150.432 151.711 171.589 139.114 140.223 141.175 143.246 37.0006 332.48 -23.3689 12.2193 343.842 -91.5972 -19.8361 344.907 -109.601 -53.585 338.555 -104.099 -87.7448 328.656 -80.9282 -39.1501 356.469 -19.5612 20.0086 11.6423 15.0512
173.932 153.671 150.077 150.127 151.457 171.569 139.596 140.223 140.897 142.842 37.1685 332.392 -23.3822 12.366 344.439 -92.0592 -19.7349 345.166 -109.772 -53.3589 338.574 -104.109 -87.5256 328.691 -80.9422 -39.0065 356.516 -19.6878 20.0413 11.5613 14.8331
173.931 153.445 149.706 149.726 151.024 171.566 139.825 140.087 140.527 142.188 37.2661 332.23 -23.4901 12.4643 344.985 -92.4827 -19.7408 345.376 -109.94 -53.2848 338.593 -104.096 -87.3659 328.66 -80.8204 -38.8856 356.601 -19.8508 20.0797 11.5301 14.6982
173.818 153.241 149.452 149.378 150.551 171.476 140.038 139.979 140.303 141.645 37.3099 332.168 -23.5703 12.5624 345.599 -92.8908 -19.7909 345.622 -110.136 -53.3379 338.79 -104.15 -87.3158 328.82 -80.7055 -38.7774 356.837 -20.0202 20.1184 11.5465 14.5981
173.628 153.007 149.314 149.243 150.16 171.391 139.996 139.916 140.299 141.341 37.3367 332.214 -23.8299 12.6429 346.196 -93.2231 -19.7828 346.084 -110.398 -53.3632 339.331 -104.405 -87.3153 329.132 -80.7371 -38.6676 357.095 -20.2251 20.2629 11.5653 14.5732
173.379 152.574 149.021 149.05 149.81 171.261 139.55 139.593 140.12 140.968 37.3864 332.286 -24.1995 12.6493 346.559 -93.4071 -19.7539 346.435 -110.578 -53.3776 339.802 -104.664 -87.2067 329.56 -80.9441 -38.5384 357.308 -20.4634 20.1956 11.5974 14.5539
173.177 152.269 148.848 149.003 149.52 171.141 138.963 139.113 139.751 140.223 37.4654 332.366 -24.5703 12.6017 346.774 -93.5335 -19.6839 346.658 -110.677 -53.3585 340.148 -104.845 -86.9081 329.874 -81.0517 -38.4348 357.669 -20.711 19.9986 11.6369 14.474
173.233 152.171 148.903 149.164 149.633 171.153 138.676 138.734 139.268 139.712 37.6341 332.591 -24.9414 12.5763 347.065 -93.7918 -19.4516 346.653 -110.777 -53.0822 340.033 -104.936 -86.5075 330.121 -81.2761 -38.2926 358.104 -20.9847 19.7266 11.6126 14.16
173.137 151.944 148.813 149.124 149.574 171.055 138.365 138.542 139.107 139.418 37.7429 332.94 -25.1532 12.719 347.133 -93.8595 -19.2311 346.606 -110.885 -52.877 340.024 -105.087 -86.1619 330.308 -81.4857 -38.1439 358.419 -21.2402 19.5272 11.6244 14.1105
173.249 151.606 148.593 148.924 149.289 171.126 137.809 137.982 138.515 138.659 37.9996 333.335 -25.4305 12.7552 347.261 -93.931 -19.0667 346.587 -110.893 -52.6693 340.064 -105.125 -85.7621 330.605 -81.6407 -37.9806 358.723 -21.4988 19.2768 11.599 13.9785
173.229 151.144 148.248 148.507 148.845 171.082 137.269 137.529 138.011 138.062 38.3078 333.784 -25.748 12.8178 347.595 -94.0637 -18.8463 346.965 -111.02 -52.4036 340.402 -105.294 -85.3595 331.057 -81.9843 -37.7839 358.917 -21.7909 19.0809 11.5848 13.8747
173.298 150.901 148.059 148.171 148.637 171.062 137.141 137.556 137.965 137.969 38.5071 334.092 -25.9376 13.003 348.07 -94.1827 -18.6392 347.549 -111.224 -52.1669 340.771 -105.469 -85.0427 331.295 -82.218 -37.5831 359.081 -21.9573 19.0305 11.5975 13.915
173.354 150.564 147.85 147.878 148.617 171.139 136.918 137.707 138.11 138.364 38.6545 334.225 -25.9992 13.1232 348.365 -94.1857 -18.5135 348.146 -111.413 -52.0357 341.336 -105.68 -85.0447 331.851 -82.5274 -37.4008 359.191 -22.0579 19.1074 11.6029 14.0378
173.326 150.23 147.658 147.587 148.675 171.128 136.604 137.751 138.187 138.775 38.7318 334.421 -26.0042 13.1985 348.628 -94.1213 -18.4448 348.608 -111.504 -51.9592 341.812 -105.773 -85.0999 332.357 -82.7349 -37.2455 359.332 -22.0913 19.1788 11.6065 14.1588
173.423 150.188 147.745 147.633 148.885 171.219 136.623 137.989 138.477 139.231 38.7565 334.626 -26.054 13.3741 348.921 -94.1272 -18.3333 348.962 -111.636 -51.8766 342.182 -105.908 -85.134 332.696 -82.8792 -37.1014 359.5 -22.1234 19.2772 11.6261 14.2649
173.631 150.31 147.997 147.752 149.228 171.383 136.8 138.259 138.684 139.713 38.8398 334.836 -26.0951 13.3895 349.388 -94.2525 -18.3247 349.376 -111.775 -51.8315 342.487 -105.964 -85.1892 333.077 -83.0064 -37.0267 359.767 -22.1387 19.3032 11.6051 14.2467
173.902 150.549 148.278 147.939 149.523 171.609 136.978 138.384 138.709 139.905 38.951 335.097 -26.2399 13.4013 349.752 -94.3808 -18.3696 349.58 -111.818 -51.824 342.592 -105.856 -85.222 333.187 -82.8459 -36.9164 360.089 -22.1256 19.3806 11.5832 14.2231
174.043 150.637 148.395 147.942 149.598 171.722 137.164 138.526 138.792 140.018 39.1808 335.409 -26.3116 13.47 350.131 -94.547 -18.4924 349.925 -111.946 -51.9347 342.8 -105.837 -85.233 333.226 -82.7134 -36.7475 360.257 -22.1196 19.411 11.6066 14.3369
174.294 150.914 148.575 147.991 149.596 171.913 137.464 138.575 138.591 139.747 39.4076 335.522 -26.4414 13.5852 350.538 -94.8263 -18.5707 350.03 -112.034 -51.8918 342.625 -105.632 -85.0503 332.889 -82.3269 -36.5164 360.501 -22.1326 19.4728 11.5769 14.3461
174.161 150.8 148.503 147.801 149.283 171.779 137.425 138.241 138.22 139.3 39.6645 335.555 -26.5357 13.7609 350.895 -95.0917 -18.5124 350.021 -112.081 -51.8114 342.612 -105.54 -84.8477 332.815 -82.067 -36.1879 360.779 -22.2146 19.5152 11.586 14.2926
174.275 151.063 148.756 148.169 149.478 171.827 137.277 138.1 138.18 139.426 40.1788 336.046 -26.8712 13.9434 350.544 -95.2418 -18.2381 349.74 -112.187 -51.5356 342.49 -105.643 -84.6116 332.804 -82.0984 -35.8305 361.05 -22.3618 19.534 11.552 14.2327
174.344 151.462 149.007 148.588 149.631 171.787 137.776 138.36 138.708 139.85 40.7136 336.491 -27.2414 14.3779 350.535 -95.6755 -17.9478 349.525 -112.526 -51.3159 342.473 -106.069 -84.3282 332.809 -82.3652 -35.3951 361.059 -22.5569 19.4708 11.5523 14.2482
174.317 151.685 149.105 148.733 149.602 171.646 138.055 138.418 138.726 139.811 41.1636 336.981 -27.6682 14.8333 350.509 -96.0919 -17.4066 349.208 -112.789 -50.6715 342.212 -106.324 -83.7178 332.786 -82.6452 -34.9188 361.194 -22.8461 19.3931 11.4439 14.0766
174.162 151.828 149.232 148.82 149.576 171.373 138.614 138.854 139.234 140.086 41.6098 337.467 -28.0315 15.4097 350.902 -96.5857 -16.9246 349.409 -113.26 -50.1841 342.501 -106.853 -83.1625 333.13 -83.1607 -34.4232 361.199 -23.1311 19.2557 11.3987 14.07
174.168 151.921 149.351 148.817 149.504 171.326 139.013 139.249 139.601 140.418 41.9533 337.484 -28.4379 16.0092 351.174 -97.037 -16.2084 349.637 -113.723 -49.4146 342.719 -107.381 -82.5833 333.405 -83.7626 -33.9651 361.132 -23.5202 19.3272 11.3299 13.9499
174.288 152.206 149.766 149.259 150.083 171.43 139.222 139.779 140.369 141.439 42.4844 337.598 -28.8284 16.66 351.492 -97.4592 -15.4795 350.279 -114.373 -48.7638 343.383 -108.224 -82.1699 333.897 -84.6739 -33.5125 361.232 -23.9952 19.4483 11.3527 14.0067
173.973 152.168 149.546 149.191 150.083 171.208 139.158 139.623 140.399 141.521 43.0567 337.768 -29.3888 17.2334 351.652 -98.0385 -14.9335 350.501 -114.96 -48.2966 343.648 -108.966 -81.7377 334.056 -85.4535 -33.0835 361.295 -24.6554 19.4742 11.4109 14.0617
173.814 152.114 149.292 149.106 150.036 171.049 139.24 139.432 140.355 141.577 43.6882 338.008 -30.0299 17.6684 351.915 -98.8962 -14.4139 350.535 -115.634 -47.7806 343.741 -109.767 -81.291 334.155 -86.3143 -32.6259 361.264 -25.3992 19.4954 11.4051 13.8981
173.664 151.985 149.102 148.981 149.886 170.871 139.05 139.09 140.17 141.331 44.2132 337.939 -30.9138 18.0093 352.192 -99.8075 -13.9362 350.654 -116.393 -47.3075 343.909 -110.616 -80.7127 334.123 -87.1469 -32.1584 361.315 -26.2443 19.4614 11.415 13.7392
173.034 151.469 148.637 148.389 149.659 170.405 138.154 138.36 139.351 140.562 44.4107 338.102 -31.9104 18.3622 352.211 -100.387 -13.5999 350.683 -117.036 -46.9948 343.77 -111.162 -80.0998 333.862 -87.7518 -31.6968 361.603 -27.1344 19.3115 11.5108 13.8593
173.066 151.347 148.457 148.125 149.659 170.426 137.899 138.15 138.795 139.846 44.8269 338.284 -32.8317 18.8272 352.364 -101.241 -13.2165 350.756 -117.858 -46.5431 343.456 -111.66 -79.3195 333.305 -88.0623 -31.1328 362.155 -28.0589 19.2824 11.5514 13.951
173.38 151.319 148.567 147.875 149.397 170.749 137.789 138.362 138.978 139.885 45.4407 338.363 -34.0536 19.2992 352.391 -102.201 -12.8385 351.201 -118.934 -46.2008 343.943 -112.592 -78.8195 333.526 -88.7812 -30.44 362.443 -28.9902 19.3412 11.5867 14.1204
173.426 151.095 148.449 147.806 149.421 170.852 137.496 138.426 139.332 140.352 46.2672 338.113 -35.2574 20.1537 352.326 -103.186 -12.1998 351.477 -120.098 -45.5968 344.398 -113.787 -78.2428 333.433 -89.7507 -29.5379 362.343 -29.9948 19.6091 11.6048 14.4507
173.129 150.745 148.026 147.376 149.002 170.574 137.113 137.925 138.622 139.414 46.9035 337.837 -36.071 21.0269 352.487 -104.098 -11.4509 351.282 -120.912 -44.7867 344.0 -114.413 -77.2066 332.93 -90.1846 -28.6692 362.702 -30.9929 19.634 11.6282 14.5192
172.863 150.488 147.669 146.891 148.508 170.382 137.428 138.347 139.091 139.799 47.761 338.089 -36.8898 22.1673 353.606 -105.189 -10.5226 352.1 -122.048 -43.8419 344.604 -115.527 -76.3165 333.163 -91.1316 -27.6272 362.855 -31.9196 19.8737 11.6533 14.6445
172.472 149.978 147.31 146.535 148.049 170.071 137.148 138.049 138.854 139.603 48.8107 337.879 -37.8402 23.264 353.783 -106.178 -9.41344 351.976 -122.943 -42.651 344.524 -116.448 -75.1919 332.992 -91.9991 -26.4667 362.745 -32.9005 20.003 11.6039 14.6059
172.269 149.382 146.849 146.496 147.86 169.846 136.812 137.406 137.757 138.413 49.858 337.606 -38.5311 24.1418 354.707 -107.187 -8.3884 352.494 -123.672 -41.3795 344.414 -116.922 -73.674 332.892 -92.6126 -25.3549 363.145 -33.798 19.8302 11.549 14.362
171.985 148.927 146.552 145.92 147.673 169.656 136.216 137.143 137.447 138.553 51.2323 337.867 -39.7464 25.2618 355.154 -107.955 -7.14971 353.183 -124.538 -40.051 344.964 -117.801 -72.3949 333.188 -93.7199 -24.0748 363.127 -34.6782 19.8515 11.5188 14.396
171.725 148.505 146.129 145.36 147.352 169.362 135.969 136.864 136.8 138.318 52.5328 337.925 -40.7848 26.5546 355.502 -108.697 -5.7128 353.474 -125.218 -38.4352 344.832 -118.363 -70.885 333.219 -94.6689 -22.7433 362.912 -35.4612 19.755 11.4733 14.29
171.578 147.93 145.703 144.81 147.035 169.278 135.051 136.385 136.448 138.007 54.1247 337.828 -41.7179 27.7657 355.506 -109.254 -4.4116 354.008 -125.941 -37.1043 345.383 -119.201 -69.4841 333.523 -95.6172 -21.314 362.761 -36.2719 19.7413 11.4665 14.4004
171.01 147.16 144.936 143.927 146.245 168.813 134.32 135.769 135.374 137.29 55.4924 337.82 -42.3689 29.2065 355.44 -109.806 -2.7692 353.942 -126.457 -35.2684 345.003 -119.517 -67.8427 333.59 -96.2509 -19.8162 362.882 -37.1045 19.7497 11.4243 14.3007
170.795 146.937 144.774 143.361 146.233 168.654 134.341 135.981 135.385 137.651 57.2871 338.063 -42.6759 30.8548 355.646 -110.366 -1.0441 354.163 -127.134 -33.43 344.964 -120.148 -66.1974 333.608 -97.097 -18.2457 362.819 -37.7199 19.7988 11.3778 14.2986
170.947 147.112 145.168 143.619 146.684 168.628 134.771 136.644 135.881 138.108 58.8636 338.119 -43.1939 32.4335 355.194 -110.992 0.59339 353.807 -127.893 -31.7127 344.429 -120.789 -64.4435 333.249 -97.7608 -16.6326 362.622 -38.248 19.6334 11.3261 14.2791
170.628 146.995 145.371 143.87 146.837 168.298 134.507 136.467 135.847 138.183 60.5144 338.029 -43.7161 34.0714 354.609 -111.395 2.46533 352.989 -128.311 -29.8021 343.702 -121.321 -62.5662 332.883 -98.3882 -14.9466 362.455 -38.7603 19.4428 11.2517 14.0809
170.624 146.564 144.954 143.456 146.88 168.238 134.293 136.623 135.999 138.436 62.1659 337.365 -44.0172 35.895 353.864 -111.657 4.19342 352.622 -128.787 -28.0479 343.326 -121.8 -60.8603 332.663 -98.9769 -13.1551 361.897 -39.1914 19.3878 11.2375 14.2873
170.476 146.384 144.58 143.702 147.065 167.985 133.782 135.908 135.219 137.843 63.8652 337.33 -44.7609 37.494 353.504 -112.058 5.89219 351.804 -128.962 -26.0627 342.24 -121.907 -58.6881 332.043 -99.2996 -11.3635 361.787 -39.6939 19.0342 11.115 14.0969
