174.332 168.169 167.5 165.197 163.624 163.708 160.601 159.419 158.185 155.3 110.922 307.628 -7.17181 66.2649 251.971 -39.0515 42.1798 238.274 -32.765 18.4173 240.379 -10.0015 1.97101 255.062 21.5086 56.402 316.356 35.0758 10.8398 8.11067 5.37524
174.564 167.996 167.321 164.218 162.426 164.016 159.593 158.549 156.687 153.929 111.343 306.524 -7.23248 65.8697 251.018 -38.1519 42.1181 237.636 -31.7919 18.0374 240.446 -8.87595 1.38038 255.742 22.0697 56.3071 316.159 34.9956 10.8962 8.36086 5.17675
175.248 167.691 166.863 162.768 160.86 164.601 158.359 157.306 154.602 152.272 112.32 305.44 -7.62712 65.5617 249.817 -37.1988 42.1641 236.446 -30.2303 17.6813 240.279 -7.22861 0.557676 256.563 22.8146 56.2397 315.881 34.7106 11.1579 8.65997 5.32356
176.021 167.49 166.474 161.968 159.924 164.924 157.777 156.516 153.35 151.231 112.622 304.906 -8.17401 65.1353 248.978 -36.7066 41.9444 235.639 -29.1416 17.2163 240.284 -6.27268 -0.145953 257.237 23.2655 56.0254 315.731 34.5312 11.3572 8.78168 5.54813
176.555 167.268 166.034 161.221 159.055 165.165 157.291 155.769 152.15 150.09 112.577 304.666 -8.76141 64.8527 248.285 -36.2312 41.787 234.991 -28.1107 16.9101 240.29 -5.41316 -0.692356 257.858 23.5911 55.7521 315.601 34.3988 11.5314 8.83726 5.81513
176.453 167.924 166.444 162.352 160.749 165.45 158.769 157.13 154.042 151.528 112.436 305.822 -8.67882 65.8315 248.526 -36.9761 42.2703 235.2 -29.2497 17.5912 239.595 -6.31279 0.302571 256.478 23.3248 55.9601 315.565 34.4263 11.2829 8.74892 5.75241
176.902 168.264 166.765 163.313 161.913 165.901 159.844 158.133 155.661 152.745 112.659 306.86 -8.2426 66.7586 248.997 -37.5212 42.6591 235.618 -30.1808 18.2186 239.223 -7.26776 1.24229 255.522 22.9334 56.2029 315.69 34.4915 11.0293 8.56223 5.80212
176.652 168.032 166.513 162.76 161.033 165.774 159.075 157.454 154.665 151.581 112.494 306.167 -8.52029 66.4053 248.457 -36.9135 42.4601 235.355 -29.4965 17.9001 239.551 -6.81459 0.905046 256.2 23.1633 56.0767 315.711 34.419 11.0215 8.55965 5.70785
176.776 167.763 166.152 162.106 160.163 165.833 158.377 156.701 153.551 150.535 112.436 305.48 -8.83977 66.0503 247.836 -36.3206 42.2866 234.942 -28.6756 17.5583 239.733 -6.17593 0.384529 256.838 23.469 55.8885 315.644 34.3428 11.1637 8.62069 5.68323
176.718 168.044 166.378 162.825 161.359 166.095 159.335 157.674 155.035 151.796 112.331 306.165 -8.66867 66.6772 247.908 -36.6817 42.5252 234.994 -29.3921 18.0226 239.118 -6.75768 1.08711 255.582 23.4916 56.0648 315.552 34.3811 11.0778 8.50776 5.65281
177.224 168.22 166.59 163.6 162.291 166.575 160.128 158.419 156.337 152.746 112.557 306.67 -8.21466 67.3549 248.17 -36.9951 42.8415 235.18 -30.011 18.6807 238.661 -7.42624 2.04102 254.563 23.3134 56.2604 315.567 34.3733 10.8842 8.26587 5.70618
176.838 167.942 166.361 162.946 161.436 166.474 159.222 157.712 155.251 151.664 112.49 305.628 -8.38982 66.9616 247.525 -36.3471 42.6569 234.858 -29.3421 18.2887 238.872 -6.79477 1.5991 255.141 23.6414 56.0857 315.5 34.2824 10.8758 8.39232 5.53436
176.972 167.63 166.085 162.417 160.77 166.551 158.441 156.995 154.258 150.796 112.581 304.942 -8.6436 66.5409 247.058 -35.9334 42.3972 234.409 -28.5977 17.7552 239.043 -6.27127 0.862408 255.835 23.8102 55.844 315.409 34.204 11.0051 8.50081 5.59909
177.151 167.273 165.73 162.065 160.346 166.511 157.816 156.281 153.515 150.102 112.556 304.507 -8.91139 66.205 246.781 -35.6346 42.2641 234.108 -27.9197 17.3678 239.309 -6.02367 0.263655 256.585 23.7575 55.6494 315.39 34.1711 11.1453 8.53653 5.69416
177.461 166.981 165.463 161.832 160.05 166.628 157.338 155.735 152.958 149.597 112.658 304.39 -9.22556 66.0015 246.592 -35.4201 42.1799 233.839 -27.3555 17.0266 239.521 -5.8675 -0.279767 257.274 23.5933 55.489 315.406 34.1331 11.2701 8.59246 5.84099
177.274 167.824 166.13 163.183 161.581 166.729 158.828 157.269 155.035 151.412 112.478 305.824 -9.13519 66.7087 247.377 -36.3428 42.2701 234.448 -28.7778 17.4372 239.184 -6.92802 0.507606 256.098 23.3655 55.7014 315.558 34.212 11.0977 8.44781 5.90371
177.612 168.257 166.547 164.155 162.687 167.083 159.923 158.327 156.649 152.823 112.594 306.908 -8.79084 67.3906 248.028 -36.9856 42.4544 234.955 -29.7918 17.9418 238.857 -7.8345 1.29078 255.054 23.1112 55.8832 315.649 34.2821 10.9723 8.25247 6.02809
177.237 168.039 166.402 163.641 162.004 166.879 159.14 157.734 155.609 151.755 112.556 306.27 -8.87547 66.9395 247.711 -36.5184 42.3659 234.788 -29.2697 17.7407 239.106 -7.41761 0.980471 255.775 23.0945 55.7502 315.697 34.2747 10.8835 8.27949 5.85037
177.239 167.816 166.188 163.11 161.256 166.718 158.533 157.105 154.594 150.85 112.643 305.775 -8.97628 66.564 247.427 -36.1324 42.302 234.536 -28.6195 17.4612 239.403 -6.92338 0.475461 256.643 23.0617 55.6036 315.753 34.2569 10.9321 8.36793 5.8284
177.195 167.55 165.898 162.571 160.586 166.509 157.981 156.47 153.635 150.04 112.688 305.209 -9.09453 66.2541 247.141 -35.7689 42.3371 234.272 -27.9761 17.3296 239.632 -6.43153 0.114383 257.378 23.0437 55.4789 315.788 34.188 11.0178 8.43917 5.81504
177.042 168.155 166.433 163.591 161.817 166.589 159.328 157.745 155.385 151.627 112.522 306.189 -8.85316 66.9156 247.697 -36.368 42.5325 234.768 -29.0267 17.9272 239.344 -7.17861 1.04727 256.358 22.9502 55.7911 315.947 34.2668 10.8575 8.2498 5.796
177.353 168.474 166.74 164.415 162.757 166.952 160.293 158.685 156.865 152.944 112.631 306.859 -8.40537 67.5962 248.192 -36.827 42.7844 235.205 -29.9018 18.5142 239.01 -7.89668 1.8756 255.348 22.8447 56.0379 316.005 34.3603 10.7736 8.0784 5.83572
177.143 168.276 166.595 163.941 162.052 166.912 159.506 158.128 155.963 152.178 112.737 306.014 -8.41953 67.2136 247.711 -36.2006 42.7084 234.976 -29.3195 18.2851 239.164 -7.24295 1.58961 255.787 23.2178 55.9936 316.0 34.3971 10.7614 8.20676 5.58571
177.116 168.006 166.307 163.249 161.247 166.757 158.76 157.357 154.778 151.267 113.021 305.233 -8.29841 66.9308 247.376 -35.6044 42.7305 234.859 -28.5339 18.1397 239.522 -6.45685 1.21025 256.433 23.6614 55.9369 316.055 34.4291 10.9247 8.33943 5.4568
177.132 167.651 165.986 162.704 160.639 166.66 158.043 156.634 153.751 150.509 113.368 304.712 -8.21949 66.9014 247.222 -35.201 42.9403 234.694 -27.8727 18.1152 239.794 -5.90119 0.877396 257.022 23.8383 55.9214 316.097 34.4283 11.0977 8.4649 5.47705
177.042 167.251 165.563 162.139 160.062 166.321 157.361 155.842 152.74 149.655 113.67 304.232 -8.01455 66.9413 247.248 -34.8199 43.2513 234.764 -27.3091 18.3017 240.184 -5.51745 0.829552 257.598 23.8684 55.9821 316.152 34.4061 11.2063 8.5041 5.47354
176.921 166.809 165.131 161.664 159.588 166.035 156.675 155.082 151.894 148.915 113.89 303.867 -7.94326 66.9886 247.277 -34.5039 43.4861 234.802 -26.835 18.3975 240.495 -5.3096 0.772278 258.026 23.7958 56.0225 316.166 34.3389 11.2707 8.53519 5.50156
176.808 166.152 164.563 161.096 158.919 165.695 155.752 154.056 150.798 147.92 114.3 303.479 -7.74019 67.0737 247.377 -34.0467 43.695 234.876 -26.068 18.4507 240.871 -4.82899 0.707826 258.55 23.9254 56.092 316.223 34.2899 11.3272 8.59736 5.66314
176.7 165.732 164.328 160.903 158.697 165.45 155.26 153.566 150.375 147.617 114.535 303.355 -7.68351 67.2174 247.532 -33.9139 43.7965 235.013 -25.8142 18.3997 241.141 -4.73621 0.609355 258.794 23.9567 56.1732 316.282 34.2121 11.4176 8.69028 5.75437
176.637 165.36 164.134 160.76 158.536 165.35 154.889 153.245 150.062 147.326 114.63 303.277 -7.7371 67.3004 247.569 -33.8309 43.8443 234.998 -25.6681 18.3287 241.222 -4.7304 0.499291 258.934 23.8734 56.1858 316.258 34.1203 11.4657 8.75156 5.822
176.656 165.094 163.999 160.679 158.415 165.364 154.639 153.025 149.857 147.193 114.657 303.16 -7.79414 67.3612 247.47 -33.6666 43.8678 234.925 -25.5202 18.3091 241.205 -4.64847 0.430841 258.918 23.9555 56.2092 316.185 34.0967 11.5443 8.78314 5.80867
176.696 164.927 163.951 160.658 158.385 165.384 154.498 152.936 149.8 147.239 114.642 303.062 -7.96009 67.3842 247.35 -33.6304 43.8209 234.77 -25.4428 18.2368 241.083 -4.57994 0.316982 258.817 24.0564 56.2156 316.08 34.0517 11.6326 8.81737 5.84731
176.748 164.807 163.89 160.592 158.32 165.38 154.397 152.832 149.735 147.307 114.695 303.09 -8.12853 67.4633 247.286 -33.6779 43.8311 234.657 -25.4132 18.1894 240.991 -4.54483 0.21876 258.718 24.1305 56.2531 315.996 33.9913 11.719 8.87103 5.92105
176.834 164.695 163.855 160.573 158.333 165.489 154.278 152.766 149.737 147.439 114.741 303.091 -8.2848 67.457 247.244 -33.6832 43.7476 234.536 -25.3638 18.1286 240.839 -4.43776 0.141134 258.533 24.3242 56.2822 315.906 33.9552 11.8021 8.89035 5.98211
176.888 164.593 163.808 160.512 158.302 165.601 154.144 152.673 149.63 147.447 114.838 303.077 -8.3854 67.4959 247.184 -33.6748 43.7944 234.414 -25.3232 18.2073 240.692 -4.34101 0.144069 258.377 24.4244 56.3132 315.795 33.9065 11.8824 8.8899 6.01161
176.938 164.529 163.792 160.454 158.198 165.616 154.049 152.62 149.525 147.417 115.009 303.264 -8.48185 67.5679 247.183 -33.6934 43.8938 234.315 -25.2482 18.3211 240.611 -4.23802 0.113533 258.381 24.4674 56.393 315.731 33.8741 12.0073 8.88977 6.08923
176.991 164.477 163.781 160.411 158.13 165.708 153.97 152.571 149.475 147.418 115.167 303.429 -8.57851 67.6058 247.163 -33.731 43.9014 234.219 -25.2023 18.3073 240.523 -4.18032 6.93798e-05 258.366 24.4963 56.4237 315.647 33.8373 12.1139 8.91267 6.17734
177.034 164.513 163.888 160.484 158.237 165.766 153.979 152.673 149.62 147.618 115.234 303.5 -8.69585 67.5922 247.153 -33.8395 43.8672 234.108 -25.2877 18.2824 240.389 -4.19358 -0.0395972 258.214 24.5825 56.4518 315.571 33.8151 12.1803 8.93034 6.21123
176.601 166.687 165.505 162.347 160.239 166.652 156.471 155.36 152.659 150.398 114.96 304.946 -8.37868 68.2055 248.156 -35.3655 43.3232 235.022 -27.8235 18.3671 240.076 -5.64056 0.785266 256.838 24.4306 57.0102 315.837 33.9588 11.8874 8.76216 6.19844
176.631 166.481 165.775 162.279 159.924 166.922 155.941 155.418 152.554 150.326 115.158 304.703 -8.27751 68.1759 247.827 -34.8566 43.1319 234.863 -27.7352 18.2208 239.923 -5.36786 0.845824 256.573 24.8012 56.9928 315.772 33.9955 11.7476 8.80294 6.03514
176.81 166.21 165.76 162.089 159.701 167.018 155.499 155.199 152.274 150.208 115.624 304.449 -8.11294 68.2118 247.551 -34.5284 43.1214 234.726 -27.5699 18.1405 239.857 -5.09064 0.720846 256.463 25.1905 56.9721 315.661 34.0074 11.8736 8.90237 5.94968
176.878 165.974 165.599 161.829 159.519 166.933 155.19 154.901 151.905 150.066 115.923 304.136 -7.90057 68.1539 247.233 -34.1836 43.1014 234.571 -27.238 18.0493 239.837 -4.70362 0.498587 256.479 25.5723 56.9216 315.577 34.0504 12.0232 8.98537 5.88297
176.987 165.832 165.461 161.584 159.373 166.867 154.98 154.625 151.542 149.931 116.234 303.966 -7.7296 68.1304 247.061 -33.9332 43.1872 234.513 -26.9323 18.0756 239.885 -4.34528 0.387558 256.518 25.9287 56.9195 315.554 34.119 12.168 9.05887 5.8184
177.004 165.635 165.236 161.228 159.112 166.832 154.697 154.261 151.076 149.714 116.758 303.697 -7.40245 68.1608 246.822 -33.5482 43.3478 234.43 -26.5443 18.1597 239.881 -3.82367 0.362406 256.481 26.4966 56.976 315.496 34.2669 12.3249 9.17467 5.70813
177.046 165.473 164.962 160.92 158.866 166.737 154.548 153.938 150.657 149.397 117.102 303.61 -7.24323 68.2921 246.652 -33.2684 43.6436 234.345 -26.1716 18.3679 239.902 -3.49369 0.47282 256.549 26.7099 57.0416 315.472 34.3472 12.3705 9.22447 5.6454
177.108 165.335 164.69 160.626 158.601 166.667 154.396 153.607 150.257 149.031 117.455 303.698 -7.09262 68.4317 246.574 -33.0044 43.947 234.32 -25.8149 18.6595 239.932 -3.19534 0.652139 256.64 26.8627 57.128 315.477 34.4297 12.3954 9.21664 5.60181
177.054 165.176 164.418 160.327 158.276 166.523 154.256 153.257 149.822 148.548 117.647 303.709 -6.96125 68.4348 246.449 -32.6174 44.0859 234.306 -25.2908 18.8978 239.963 -2.70873 0.871127 256.775 27.1623 57.2005 315.5 34.5264 12.3662 9.16228 5.57678
176.95 165.023 164.149 160.086 158.029 166.349 154.083 152.989 149.51 148.259 117.86 303.594 -6.84049 68.6071 246.258 -32.3581 44.3518 234.159 -24.9873 19.1216 239.878 -2.47972 1.0547 256.755 27.2285 57.2857 315.434 34.5433 12.3221 9.16934 5.54569
176.819 164.853 163.948 159.889 157.719 166.244 153.835 152.733 149.125 147.818 118.034 303.41 -6.72869 68.7505 246.178 -32.1511 44.6213 234.085 -24.7737 19.4693 239.774 -2.2059 1.37453 256.663 27.4342 57.3382 315.376 34.5608 12.3116 9.14436 5.48913
176.313 165.097 164.331 160.426 158.375 165.61 154.077 153.278 149.749 148.669 118.034 303.805 -6.09427 69.5499 246.576 -31.9649 45.2012 234.179 -24.8351 20.2814 239.39 -2.19582 2.11502 255.75 27.5576 57.5238 315.32 34.791 12.2263 9.00137 5.58929
176.337 164.803 164.241 160.218 158.195 165.747 153.471 153.119 149.555 148.568 118.19 303.867 -6.03547 69.8303 246.595 -31.5733 45.2857 234.095 -24.6369 20.3141 239.354 -1.99399 2.15309 255.725 27.7301 57.5531 315.309 34.8924 12.1991 9.03641 5.63972
176.364 164.656 164.13 160.061 157.958 165.782 153.191 152.973 149.349 148.395 118.202 303.758 -6.04651 69.8863 246.455 -31.3613 45.2811 233.947 -24.4622 20.2665 239.267 -1.76077 2.08033 255.742 27.9128 57.5437 315.251 34.9446 12.2211 9.08783 5.65353
176.412 164.574 164.157 160.087 157.964 165.838 153.076 152.981 149.357 148.455 118.223 303.714 -6.03994 69.9463 246.391 -31.2838 45.2761 233.797 -24.3707 20.1772 239.157 -1.58775 1.95564 255.698 28.1193 57.5341 315.191 35.0495 12.2903 9.16877 5.70593
176.542 164.496 164.194 160.142 157.976 165.993 153.023 152.987 149.419 148.554 118.295 303.669 -5.98126 69.9204 246.263 -31.1929 45.1263 233.621 -24.2387 20.0229 238.972 -1.34774 1.79501 255.604 28.4237 57.5351 315.078 35.1672 12.3709 9.21887 5.79229
176.622 164.425 164.172 160.159 157.924 166.133 153.014 152.948 149.452 148.515 118.359 303.611 -6.01793 69.8013 246.129 -31.1699 44.9245 233.474 -24.1394 19.8596 238.835 -1.20177 1.69998 255.607 28.5827 57.5533 314.982 35.1956 12.3763 9.2226 5.86628
176.837 164.452 164.237 160.257 158.027 166.385 153.119 153.008 149.651 148.72 118.583 303.711 -6.14877 69.7704 246.023 -31.2767 44.7579 233.337 -24.1674 19.6937 238.674 -1.18905 1.5802 255.511 28.6857 57.639 314.859 35.2034 12.4229 9.24821 5.96913
177.048 164.494 164.31 160.384 158.103 166.66 153.245 153.077 149.841 148.872 118.861 303.811 -6.22223 69.7979 245.862 -31.3598 44.6574 233.199 -24.2132 19.6122 238.484 -1.17507 1.52866 255.364 28.8277 57.7259 314.714 35.2329 12.4912 9.26795 6.03811
177.222 164.584 164.414 160.506 158.22 166.891 153.373 153.155 150.011 149.037 119.093 303.783 -6.28722 69.8377 245.668 -31.4703 44.5928 233.019 -24.2781 19.5812 238.251 -1.12029 1.52559 255.162 29.0216 57.8381 314.544 35.2248 12.5749 9.30252 6.09822
177.471 164.739 164.591 160.676 158.403 167.147 153.563 153.311 150.26 149.349 119.34 303.85 -6.33077 70.0507 245.58 -31.6706 44.6678 232.932 -24.4753 19.6427 238.086 -1.18229 1.54 254.95 29.1809 57.9979 314.423 35.2544 12.7274 9.36268 6.16332
177.055 165.299 165.266 161.659 159.373 166.633 154.249 154.084 151.447 150.703 119.745 304.79 -5.70167 71.0514 246.444 -32.1597 45.315 233.447 -25.1437 20.6644 237.845 -1.68785 2.57367 253.848 29.221 58.4242 314.449 35.4396 12.7625 9.19072 6.41258
177.141 165.679 165.67 162.301 160.145 166.513 154.907 154.651 152.511 151.937 119.99 305.161 -4.96123 71.722 247.061 -32.5245 45.8609 233.854 -25.5989 21.5192 237.742 -2.06058 3.58459 253.116 29.1084 58.7911 314.622 35.5949 12.595 9.02442 6.51968
177.533 166.086 166.094 162.81 160.838 166.661 155.645 155.258 153.445 152.96 120.192 305.462 -4.31428 72.0967 247.474 -32.6491 46.2205 234.16 -25.8042 22.1772 237.678 -2.17333 4.4521 252.6 29.0856 59.0484 314.814 35.8111 12.3614 8.87742 6.53362
177.881 166.374 166.391 163.184 161.433 166.744 156.262 155.736 154.265 153.827 120.381 305.651 -3.67117 72.4199 247.868 -32.7123 46.5189 234.492 -25.9584 22.6437 237.773 -2.34079 5.11906 252.362 28.9583 59.2767 315.068 36.0159 12.1286 8.761 6.54092
178.233 166.701 166.693 163.494 161.925 166.851 156.875 156.216 154.959 154.515 120.51 305.84 -3.09935 72.7317 248.196 -32.6812 46.882 234.794 -26.0321 23.1155 237.942 -2.4668 5.74907 252.305 28.7852 59.4825 315.344 36.2417 11.8904 8.65334 6.49199
178.556 166.917 166.888 163.771 162.427 166.927 157.408 156.606 155.59 155.145 120.676 305.929 -2.44396 73.032 248.563 -32.5964 47.1884 235.138 -25.9935 23.4256 238.239 -2.50843 6.18814 252.481 28.7012 59.7061 315.697 36.4966 11.7112 8.59938 6.49241
178.676 166.98 166.939 163.649 162.092 167.384 157.226 156.755 155.19 154.507 120.859 305.651 -2.40088 73.0585 248.399 -32.2277 47.0651 235.081 -25.7491 22.9419 238.632 -2.26512 5.58812 253.476 28.7645 59.77 315.891 36.5937 11.7881 8.78484 6.51438
178.817 166.949 166.83 163.432 161.562 167.872 157.007 156.717 154.718 153.803 121.114 305.362 -2.30309 73.0708 248.236 -31.8929 46.9575 235.048 -25.434 22.5675 238.892 -1.88137 5.03865 254.401 28.9497 59.8035 316.042 36.6918 11.9322 8.97108 6.55289
178.831 166.877 166.756 163.245 161.102 168.265 156.775 156.712 154.291 153.186 121.145 304.88 -2.35213 73.0686 247.842 -31.4394 46.9372 234.754 -25.0206 22.3485 238.868 -1.39633 4.6812 255.023 29.2056 59.8491 316.054 36.7789 12.0362 9.11567 6.51491
178.739 166.781 166.746 163.421 161.41 167.97 156.964 157.007 154.751 153.684 121.103 304.545 -1.83647 73.5784 247.911 -31.2391 47.4096 234.686 -24.9533 22.9524 238.527 -1.25759 5.26086 254.406 29.4899 60.0298 315.938 36.9796 12.0609 9.06782 6.53755
178.678 166.793 166.777 163.685 161.991 167.81 157.141 157.224 155.418 154.442 120.974 304.117 -1.28778 73.9712 247.926 -30.9702 47.8142 234.637 -24.7947 23.4445 238.235 -1.23441 5.93692 253.724 29.6765 60.2183 315.839 37.2163 11.9254 8.95858 6.51253
178.718 166.788 166.799 163.974 162.603 167.766 157.494 157.517 156.148 155.17 120.853 303.581 -0.735367 74.0854 247.795 -30.6574 47.8792 234.491 -24.4907 23.6975 237.883 -1.01478 6.54341 253.037 30.0574 60.422 315.668 37.5465 11.7166 8.82542 6.5356
178.662 166.788 166.774 164.283 163.335 167.649 157.868 157.784 156.958 155.978 120.719 302.774 -0.10775 74.2758 247.408 -30.2728 48.0052 234.091 -24.0882 23.8563 237.41 -0.836064 7.07108 252.239 30.3657 60.6323 315.344 37.9133 11.4815 8.70897 6.57428
178.776 166.683 166.635 164.521 163.829 167.708 158.078 157.849 157.612 156.467 120.864 302.32 0.37083 74.546 247.102 -29.8894 48.1976 233.77 -23.6231 23.9881 237.103 -0.773369 7.54884 251.672 30.6345 60.867 315.117 38.3022 11.2987 8.56605 6.64732
178.711 166.437 166.305 164.312 163.846 167.716 157.929 157.543 157.667 156.436 121.081 301.817 1.03254 74.7981 246.875 -29.3397 48.3896 233.529 -22.9375 24.1081 236.903 -0.403586 7.90617 251.249 31.0234 61.0823 314.905 38.7319 11.1297 8.48976 6.74189
178.677 166.182 165.877 164.072 163.777 167.738 157.673 157.132 157.6 156.28 121.322 301.611 1.52796 75.1014 246.833 -28.8875 48.719 233.389 -22.3052 24.2852 236.816 -0.143256 8.23262 250.955 31.3156 61.3021 314.739 39.2208 11.001 8.43471 6.82187
178.516 165.936 165.529 163.817 163.604 167.743 157.331 156.733 157.377 156.051 121.679 301.636 2.10925 75.5096 246.948 -28.4346 49.2296 233.361 -21.716 24.6146 236.825 0.171077 8.57271 250.763 31.6501 61.5276 314.689 39.753 10.9417 8.43247 6.8576
178.489 165.774 165.407 163.789 163.651 167.963 157.135 156.617 157.434 156.156 122.092 301.545 2.85132 76.1075 246.97 -27.885 49.8079 233.317 -21.2217 24.9235 236.818 0.473319 8.84228 250.524 32.1373 61.7209 314.692 40.3574 11.0022 8.51252 6.86804
178.538 165.807 165.55 164.022 163.949 168.21 157.215 156.828 157.823 156.684 122.423 301.309 3.77991 76.6189 246.817 -27.335 50.2612 232.999 -20.7671 25.1065 236.522 0.865035 8.98602 249.975 32.833 61.8766 314.476 41.13 11.1388 8.64013 6.89712
178.73 165.751 165.725 164.37 164.243 168.589 157.278 157.097 158.238 157.055 123.058 301.186 4.77858 76.8939 246.403 -26.4762 50.2944 232.546 -20.0907 25.0643 236.018 1.55593 9.0032 249.366 33.9166 61.9333 314.153 42.0449 11.3053 8.68835 6.96668
178.665 165.393 165.624 164.305 164.187 168.874 156.85 156.897 158.167 157.106 123.47 300.689 5.7893 77.0571 245.663 -25.2735 50.2417 231.856 -19.0332 24.9233 235.286 2.52901 8.82105 248.555 35.0262 61.8777 313.512 43.0231 11.398 8.73611 7.03521
178.109 164.118 164.989 163.501 163.288 169.899 154.966 155.923 156.709 155.879 123.967 300.099 6.2117 76.7178 244.947 -23.6811 49.2318 231.065 -17.3793 23.6367 234.792 4.15631 7.1511 248.97 36.6072 61.6032 312.966 43.9711 11.7428 8.94463 7.45941
178.687 162.685 164.613 163.09 162.587 171.353 153.41 155.2 155.678 155.05 124.737 299.608 6.42489 76.5458 244.236 -22.2331 48.5036 230.212 -15.8729 22.8624 233.953 5.62919 5.77283 249.119 38.1594 61.3115 312.392 44.9468 12.2374 8.98129 7.82708
179.614 160.897 164.235 162.651 161.931 172.681 151.885 154.605 154.794 154.405 125.69 298.818 7.19953 77.0904 243.465 -20.7383 48.4262 229.308 -14.5422 23.1896 232.703 6.66492 5.08621 248.607 39.4861 61.0729 311.608 46.0569 12.942 8.61002 8.23337
179.343 161.308 164.257 161.931 161.173 172.491 151.283 154.054 153.932 153.62 126.568 298.884 8.6312 78.5808 243.093 -18.7633 49.7275 228.789 -12.6233 24.8398 231.72 8.28326 6.33377 247.046 41.368 61.2981 310.762 47.5492 13.2736 8.32913 8.5073
179.869 162.451 165.006 162.877 161.681 173.115 152.224 155.403 155.065 153.785 128.718 299.523 12.4383 81.613 241.95 -14.424 52.0956 227.487 -8.67577 27.4666 229.728 12.6612 9.08722 244.372 46.8657 62.7072 309.334 52.0763 13.8363 8.3717 9.06986
179.372 163.326 165.599 163.81 161.435 173.354 153.698 156.184 156.105 153.675 129.523 299.39 14.9719 82.868 241.463 -12.2885 53.3947 226.712 -5.89124 29.018 228.804 15.4709 11.1568 243.175 49.9413 63.5433 309.0 54.319 13.7145 8.25265 9.25056
178.875 163.971 166.002 164.465 162.577 173.517 154.831 156.69 157.034 154.035 131.508 300.189 17.6425 84.7819 241.413 -10.6334 55.186 226.297 -3.75767 30.6171 228.261 17.3582 12.8898 242.313 52.1654 64.7563 308.736 56.3415 13.8508 8.29004 9.53232
178.472 166.072 166.464 164.648 161.548 173.201 157.608 158.231 158.52 154.902 133.796 301.324 21.5686 87.5366 242.291 -10.1079 57.5944 226.913 -3.19763 32.0573 228.563 18.6573 14.5597 242.047 53.8269 66.9513 308.882 58.2494 14.0574 9.08187 9.806
177.1 166.934 166.811 165.551 162.911 173.581 158.883 158.659 159.372 154.973 135.774 301.273 24.8892 89.6655 241.695 -7.98801 60.0768 226.406 -0.702155 34.0878 228.376 20.8509 16.4871 242.179 55.8297 68.3616 308.934 60.2823 14.0451 9.20351 9.66424
177.702 168.255 167.119 165.768 162.329 173.406 160.789 159.687 160.145 155.432 137.684 301.791 28.1136 92.0864 242.149 -7.14545 62.5505 226.623 -0.107452 35.732 228.169 22.0008 18.0843 241.476 57.2687 70.085 308.646 61.913 14.3595 9.87659 9.66241
178.1 168.754 167.713 166.588 161.822 172.638 161.976 160.65 160.921 155.709 139.576 302.487 31.2899 94.3437 242.954 -5.86328 65.4696 227.569 0.276226 37.8225 228.628 22.8691 19.7405 241.745 58.4816 72.0325 309.014 63.4314 14.8895 10.5119 9.01906
176.742 168.893 167.399 166.68 162.118 173.407 162.147 160.343 160.817 153.972 141.486 303.18 33.9038 96.6861 242.889 -3.35599 67.8133 227.882 2.8748 39.6932 229.257 25.0489 21.6069 242.893 60.0331 73.3085 309.53 65.212 14.6115 10.647 9.04531
175.795 169.13 167.371 166.679 161.76 173.61 162.401 160.137 160.777 153.161 143.277 303.862 35.9011 99.0866 242.869 -1.33448 70.576 228.198 4.76056 41.5783 229.635 26.8508 23.4367 243.277 61.3126 74.6616 309.691 66.7991 14.436 11.1866 8.79041
174.976 169.286 167.443 166.482 161.349 173.633 162.608 159.867 160.201 152.753 145.378 305.179 37.8105 101.71 243.133 0.488579 73.4912 228.782 6.39106 43.8367 230.326 28.2795 25.0118 244.141 62.1649 76.1588 310.118 68.2354 14.5497 11.5098 8.5575
173.632 169.549 168.083 166.913 160.632 174.239 163.553 161.031 161.283 154.063 148.388 307.436 40.2014 105.075 244.596 1.90706 76.4574 230.312 6.68226 46.1321 231.251 28.7759 26.8537 244.858 62.6318 78.1883 310.904 69.6507 14.7878 11.9883 8.61482
171.258 170.13 169.084 168.055 160.663 175.505 164.647 162.788 163.058 156.021 151.775 309.683 42.3674 108.588 245.979 3.28264 78.9023 231.766 6.81717 48.2015 231.798 29.3854 28.7332 245.115 63.5067 80.28 311.485 70.9346 15.1064 12.4562 9.19097
169.865 170.882 170.255 169.125 160.785 176.277 165.876 164.498 164.535 157.173 154.551 311.7 44.1395 111.612 246.966 4.28394 81.2252 232.473 6.90459 50.1261 231.931 29.7097 30.4465 245.079 64.2317 82.1453 311.748 72.186 15.4214 12.7758 9.65605
168.341 171.274 170.835 169.644 160.528 177.065 166.738 165.712 165.577 158.184 157.543 313.802 46.1847 114.734 248.0 5.33272 83.4679 233.412 6.98954 51.8721 232.488 29.8502 31.8529 245.451 64.5616 84.0938 312.121 73.2911 15.7254 13.1008 10.2399
166.552 171.712 171.667 170.368 160.68 178.637 167.764 167.061 166.717 159.328 160.355 315.008 48.0096 117.163 248.239 6.57868 85.0023 233.68 7.47455 53.1568 232.564 30.6219 32.9161 245.607 65.6608 85.9054 312.17 74.4384 16.1369 13.3583 10.8308
165.696 171.813 171.979 170.252 160.028 179.976 168.241 167.823 166.893 159.934 162.569 315.299 49.3895 119.101 248.205 7.33832 85.8717 233.374 7.74691 54.1367 232.149 31.0608 33.7068 245.242 66.2235 87.4513 311.615 75.198 16.3999 13.3616 11.608
