161.208 175.696 175.731 130.871 142.336 148.947 166.986 164.647 95.5545 97.3407 33.8675 130.668 66.1059 21.3672 170.601 -24.9361 64.855 144.573 -13.8524 22.6338 135.663 75.2111 30.7838 142.552 82.1489 29.922 187.671 76.2287 15.2758 81.2562 22.5582 
161.207 175.884 174.99 130.184 142.271 149.279 167.311 164.704 95.8072 97.7056 33.3672 130.406 67.0823 20.8384 170.305 -23.9477 64.5205 144.084 -12.8701 22.5222 135.143 75.7613 30.5286 142.089 82.9984 29.7711 187.434 77.2868 15.2573 80.6494 22.7079 
161.147 176.012 174.454 129.684 142.178 149.476 167.488 164.788 95.9977 97.9094 32.9287 130.162 67.5302 20.6951 169.985 -23.5346 64.3043 143.528 -12.4198 22.1652 134.851 75.8546 30.1734 141.765 83.2881 29.6895 187.25 77.7216 15.1799 80.2689 22.7131 
161.153 176.03 174.044 128.661 142.135 149.678 167.657 164.868 96.1935 98.2617 32.4726 129.947 68.1007 20.4269 169.785 -22.9931 64.1159 143.085 -11.8417 22.1485 134.489 76.1677 29.9115 141.458 83.7816 29.6077 187.097 78.3428 15.3138 79.8367 22.8166 
161.112 176.092 173.845 127.726 142.245 149.89 167.925 165.013 96.4894 98.71 32.1203 129.711 68.7602 20.296 169.444 -22.4544 63.9477 142.492 -11.2168 22.1825 134.032 76.5883 29.6464 141.093 84.387 29.522 186.915 78.9615 15.4662 79.379 22.8726 
160.96 176.151 173.663 126.785 142.139 150.047 168.226 165.176 96.7798 99.0958 31.6782 129.321 69.4642 20.1722 168.958 -21.8386 63.633 141.762 -10.5351 21.9415 133.471 76.8503 29.2195 140.554 84.8592 29.3496 186.582 79.5667 15.5246 78.8632 22.8454 
160.813 176.199 173.436 126.786 142.45 150.277 168.434 165.244 97.0221 99.4019 31.3773 128.951 69.996 20.1278 168.4 -21.2389 63.4027 141.109 -9.83893 21.599 133.078 77.3644 28.7989 140.203 85.4817 29.1758 186.286 80.1318 15.5489 78.643 22.7696 
160.631 176.217 173.258 125.917 142.435 150.392 168.691 165.393 97.0859 99.7745 30.6799 128.63 70.7278 19.8982 167.821 -20.5703 62.8283 140.361 -9.19455 21.2235 132.702 77.8207 28.155 139.791 86.0285 28.907 186.023 80.7298 15.7214 78.2858 22.5974 
160.609 176.234 173.215 124.945 142.466 150.588 168.912 165.604 97.1178 100.104 30.0117 128.445 71.455 19.5345 167.518 -19.9194 62.335 139.911 -8.59887 21.002 132.447 78.4673 27.622 139.535 86.7138 28.6563 185.895 81.3996 15.9561 78.0956 22.5282 
160.628 176.245 173.359 123.419 142.175 150.651 169.291 166.083 96.8976 100.324 29.3079 128.226 72.1643 19.1528 167.217 -19.4338 61.9689 139.532 -8.21335 20.8545 132.135 79.0081 27.048 139.148 87.2587 28.3211 185.659 81.9968 16.2643 78.0322 22.4789 
160.776 176.289 173.448 121.798 142.061 150.727 169.71 166.464 96.6207 100.509 28.841 127.992 72.7949 18.6802 166.997 -19.0467 61.6883 139.304 -7.90304 20.9548 131.822 79.429 26.621 138.821 87.7418 28.0206 185.429 82.4902 16.6582 77.9317 22.5318 
160.966 176.409 173.557 119.876 141.655 150.816 170.029 166.838 96.2576 100.679 28.2905 127.965 73.3398 18.2626 166.932 -18.6259 61.4186 139.109 -7.55405 21.0087 131.677 79.5462 26.1217 138.621 88.0342 27.7373 185.347 82.9284 17.0456 77.5765 22.609 
161.07 176.441 173.447 117.894 141.218 150.806 170.121 166.939 96.2005 100.997 27.9843 128.094 73.9012 18.0373 167.07 -18.1816 61.1901 139.149 -7.15106 21.1649 131.599 79.4516 25.8299 138.49 88.1877 27.5551 185.405 83.3737 17.2972 76.9792 22.6325 
161.094 176.467 173.467 116.351 140.827 150.753 170.217 167.123 96.0853 101.215 27.6583 128.43 74.2687 17.8727 167.448 -17.8975 61.0145 139.432 -6.96722 21.3716 131.707 79.3032 25.6665 138.526 88.2661 27.4589 185.636 83.7154 17.4873 76.4817 22.6272 
161.178 176.475 173.621 115.149 140.485 150.727 170.237 167.283 95.7969 101.377 27.5136 128.824 74.4672 17.8851 168.084 -17.6979 60.9976 139.993 -6.87928 21.6836 131.993 79.1593 25.6543 138.665 88.243 27.4448 185.941 84.0196 17.6535 76.1356 22.6059 
161.345 176.538 173.919 114.27 140.026 150.682 170.274 167.476 95.3306 101.586 27.5412 129.312 74.7275 17.7996 168.809 -17.5147 61.0123 140.682 -6.81575 22.2251 132.38 79.0794 25.8528 138.861 88.2491 27.4611 186.341 84.3278 17.7933 75.8002 22.6597 
161.485 176.601 174.235 114.115 139.846 150.568 170.336 167.609 94.7282 101.795 27.7455 129.898 75.0075 17.72 169.53 -17.2996 61.0837 141.525 -6.7225 22.9049 132.875 79.119 26.1583 139.181 88.3709 27.4808 186.817 84.6496 17.9588 75.5359 22.6929 
161.634 176.705 174.486 114.18 139.573 150.475 170.368 167.663 94.4362 102.032 28.0052 130.494 75.2049 17.8754 170.303 -17.0883 61.2355 142.389 -6.60358 23.5843 133.275 79.0216 26.5546 139.503 88.4232 27.5703 187.316 84.9624 18.063 75.1197 22.6667 
161.784 176.826 174.727 114.359 139.508 150.366 170.465 167.688 94.2102 102.214 28.3296 131.042 75.356 18.0852 171.032 -17.0041 61.3902 143.137 -6.56294 24.1346 133.693 79.0365 26.925 139.835 88.4544 27.6697 187.793 85.213 18.1187 74.8631 22.6325 
161.853 176.92 175.021 115.487 139.242 150.196 170.527 167.74 93.879 102.357 28.5771 131.621 75.4827 18.3019 171.775 -16.9621 61.5438 143.884 -6.56357 24.4949 134.156 79.0958 27.2922 140.198 88.3828 27.7851 188.28 85.415 18.0706 74.7959 22.6003 
161.874 177.017 175.309 117.067 139.124 149.952 170.582 167.795 93.4101 102.479 28.8638 132.173 75.5732 18.6142 172.613 -17.0059 61.7843 144.709 -6.64266 24.6774 134.743 79.2293 27.6059 140.576 88.2238 27.9157 188.76 85.5377 17.9304 75.0412 22.5725 
161.914 177.068 175.58 119.035 138.931 149.767 170.661 167.939 93.2551 102.646 28.8633 132.678 75.5811 18.8105 173.495 -17.1662 61.9042 145.43 -6.85497 24.5778 135.128 79.101 27.7038 140.886 87.9517 28.0611 189.215 85.5799 17.7713 75.1914 22.5738 
161.919 177.075 175.827 121.076 138.793 149.554 170.702 168.089 93.008 102.646 28.7646 133.191 75.52 19.0073 174.424 -17.3655 61.9976 146.063 -7.08693 24.156 135.677 79.1187 27.6745 141.272 87.6571 28.222 189.682 85.5466 17.5159 75.6581 22.6063 
161.833 177.065 176.022 122.536 138.494 149.292 170.799 168.276 93.1365 102.691 28.5955 133.605 75.5576 19.276 175.172 -17.6113 62.0532 146.451 -7.33441 23.6177 135.993 78.9309 27.558 141.523 87.3042 28.3994 190.061 85.4375 17.2316 75.9507 22.6072 
161.821 177.06 176.401 124.637 138.23 149.062 170.869 168.537 93.0832 102.744 28.5446 134.045 75.5005 19.4742 176.159 -18.0162 62.2151 147.119 -7.77385 23.0886 136.431 78.7948 27.4541 141.809 86.8762 28.5555 190.485 85.266 16.9657 76.5143 22.6652 
161.936 177.082 176.866 126.527 137.958 148.962 171.024 168.832 93.7493 103.029 28.6476 134.526 75.3129 19.7696 177.349 -18.5824 62.4478 147.864 -8.33576 22.7469 136.447 78.0074 27.3415 141.997 86.276 28.7489 190.92 85.0411 16.7716 76.3664 22.7605 
162.078 177.163 177.185 127.982 138.046 148.936 171.137 168.932 94.3303 103.355 28.8575 134.955 75.0307 20.0931 178.46 -19.0773 62.7796 148.599 -8.75739 22.603 136.535 77.2965 27.326 142.223 85.7229 28.969 191.338 84.7784 16.647 76.2522 22.9226 
162.224 177.245 177.446 129.179 138.148 148.958 171.287 169.056 95.156 103.73 28.9833 135.348 74.8306 20.2984 179.446 -19.5313 63.0156 149.263 -9.19096 22.5246 136.453 76.4795 27.2531 142.426 85.239 29.1702 191.751 84.5477 16.6132 75.9016 23.052 
162.365 177.38 177.506 130.692 138.378 149.031 171.379 168.991 95.3839 103.797 29.1482 135.605 74.3814 20.5388 179.992 -19.8923 63.2578 149.579 -9.49324 22.4139 136.656 76.2283 27.3244 142.722 84.8622 29.4416 192.057 84.2073 16.5795 76.091 23.1637 
162.442 177.383 177.617 131.918 138.618 149.02 171.288 168.929 95.5227 103.821 29.3839 135.88 74.0353 20.8398 180.486 -20.1383 63.5703 149.944 -9.72366 22.2854 137.005 76.2511 27.5023 143.027 84.5746 29.7355 192.363 83.9008 16.4549 76.5579 23.2456 
162.543 177.365 177.818 132.752 138.836 149.072 171.208 168.94 95.4788 103.789 29.6638 136.116 73.6783 21.0768 180.901 -20.4505 63.9733 150.323 -10.0012 22.2876 137.39 76.297 27.6629 143.34 84.3366 29.9861 192.654 83.5922 16.4281 77.0533 23.3443 
162.587 177.38 177.897 133.263 138.93 149.121 171.064 168.881 95.4436 103.756 30.0237 136.239 73.3592 21.3569 181.193 -20.6807 64.2859 150.642 -10.2508 22.4363 137.654 76.233 27.9329 143.553 84.078 30.2404 192.843 83.2913 16.4025 77.3629 23.3655 
162.568 177.344 177.758 133.455 138.945 149.102 170.899 168.787 95.2136 103.569 30.4434 136.247 73.1151 21.6297 181.074 -20.8987 64.461 150.603 -10.4704 22.6222 137.91 76.2485 28.1943 143.747 83.8688 30.4629 192.923 82.9451 16.4378 77.6153 23.2962 
162.409 177.184 177.33 132.838 139.009 148.943 170.686 168.538 95.0188 103.413 30.7289 136.168 72.9912 21.9766 180.654 -21.0244 64.476 150.224 -10.5204 22.7151 138.085 76.3099 28.3736 143.787 83.7002 30.668 192.861 82.6183 16.4373 77.7903 23.1599 
162.337 177.063 176.838 131.245 139.498 148.841 170.421 168.193 94.812 103.155 30.937 136.227 72.8126 22.2355 180.353 -21.1659 64.5145 149.906 -10.5518 22.7385 138.561 76.4769 28.5088 144.035 83.6579 30.899 192.939 82.3291 16.3846 78.0613 23.088 
162.276 176.876 176.396 129.891 139.521 148.711 170.216 167.968 94.8799 103.005 30.9372 136.371 72.6411 22.3417 180.254 -21.2858 64.4939 149.857 -10.6935 22.7858 138.792 76.261 28.6545 144.186 83.4706 31.1056 193.036 82.0959 16.293 78.0321 23.0063 
162.331 176.725 175.986 128.434 139.773 148.609 170.045 167.77 94.8765 102.851 30.9786 136.61 72.4048 22.2855 180.201 -21.4326 64.4696 149.946 -10.9202 22.9419 139.102 76.08 28.8117 144.411 83.3602 31.2794 193.207 81.8645 16.2332 78.03 22.9418 
162.342 176.59 175.679 127.129 139.852 148.576 169.846 167.642 95.0871 102.671 31.0503 136.728 72.1217 22.235 179.909 -21.5139 64.5284 149.902 -11.0858 23.1971 139.169 75.7344 29.0667 144.575 83.2308 31.4607 193.295 81.6249 16.1785 77.783 22.8819 
162.348 176.494 175.576 125.442 139.761 148.564 169.527 167.465 95.437 102.46 31.3498 136.768 71.6035 22.468 179.74 -21.7397 64.7597 149.948 -11.362 23.5138 139.254 75.1928 29.4906 144.702 82.8479 31.6941 193.379 81.1997 16.0316 77.5329 22.8047 
162.402 176.385 175.679 124.128 139.567 148.621 169.281 167.414 96.0815 102.458 31.6221 136.671 71.0272 22.7267 179.69 -22.1868 65.06 150.055 -11.8167 23.7653 139.035 74.384 29.8274 144.615 82.3076 31.896 193.357 80.7218 15.8699 77.1934 22.7598 
162.393 176.283 175.747 122.482 139.676 148.554 169.067 167.361 96.4595 102.446 31.8654 136.636 70.5644 22.8826 179.503 -22.5835 65.2387 150.154 -12.2326 23.9854 139.021 73.8437 30.0823 144.585 81.9436 32.0203 193.341 80.271 15.7155 77.0967 22.6572 
162.449 176.15 175.76 121.58 139.734 148.569 168.856 167.322 96.994 102.502 31.8881 136.586 70.0823 22.9377 179.574 -23.0644 65.3741 150.324 -12.6953 23.9821 138.867 73.1637 30.0915 144.541 81.4942 32.0859 193.336 79.8449 15.6438 76.9473 22.6484 
162.514 175.986 175.77 120.523 139.919 148.6 168.763 167.265 97.3718 102.531 31.8136 136.542 69.5569 22.872 179.579 -23.5756 65.3103 150.425 -13.1849 24.0012 138.748 72.5983 30.0678 144.478 81.1054 32.1029 193.316 79.4002 15.61 76.8529 22.6105 
162.591 175.901 175.878 119.437 140.792 148.171 168.616 167.244 97.4335 102.308 31.5504 136.621 68.91 22.5716 179.786 -24.1234 65.2286 150.688 -13.7882 24.0111 138.712 72.0066 30.156 144.338 80.7279 32.0794 193.204 78.8445 15.44 77.0476 22.7075 
162.682 175.774 175.687 118.622 141.026 148.279 168.496 167.155 97.7396 102.445 31.3173 136.784 68.4735 22.3342 179.919 -24.4865 65.1604 150.984 -14.1757 23.9084 138.734 71.4764 29.9536 144.4 80.4074 32.0335 193.315 78.5206 15.4463 76.9831 22.7191 
162.778 175.618 175.304 117.512 140.971 148.418 168.355 166.959 98.2874 102.569 31.1345 136.799 68.0324 22.1983 179.831 -24.8301 65.0449 151.014 -14.4867 23.8487 138.566 70.7608 29.8423 144.347 79.9839 31.9563 193.328 78.1821 15.4047 76.5713 22.6907 
162.838 175.444 174.891 117.014 140.897 148.542 168.082 166.654 98.6383 102.627 31.0374 136.766 67.5681 22.1055 179.693 -25.1025 64.8225 150.962 -14.7663 23.7078 138.483 70.1543 29.7362 144.326 79.5388 31.8662 193.323 77.833 15.3371 76.2138 22.5973 
162.818 175.187 174.532 116.977 140.632 148.632 167.77 166.379 98.906 102.656 30.9338 136.655 67.2053 22.1027 179.544 -25.3572 64.5591 150.891 -15.0146 23.4313 138.374 69.5863 29.574 144.255 79.0464 31.7308 193.284 77.4954 15.243 75.9421 22.4348 
162.861 174.948 174.193 117.694 140.395 148.743 167.498 166.135 99.0251 102.611 30.7072 136.457 66.7209 22.0673 179.44 -25.6911 64.2195 150.792 -15.3626 23.0062 138.239 69.0752 29.3122 144.169 78.5252 31.5496 193.185 77.1228 15.1766 75.8079 22.2606 
162.833 174.724 173.737 118.62 140.061 148.834 167.23 165.75 98.8341 102.453 30.5735 136.142 66.3719 22.0173 179.072 -25.8674 63.7676 150.384 -15.5 22.5808 138.124 68.8476 29.0634 144.05 78.0991 31.3669 192.981 76.7837 15.1688 75.7554 22.0914 
162.884 174.517 173.406 119.674 139.831 149.014 167.012 165.464 98.6497 102.432 30.5 135.786 66.067 21.7938 178.674 -26.0694 63.3918 150.078 -15.7057 22.3472 137.918 68.6755 28.9343 143.868 77.7766 31.1689 192.753 76.4955 15.1723 75.7409 21.9896 
162.943 174.338 173.11 120.903 139.577 149.237 166.853 165.286 98.667 102.531 30.1302 135.457 65.8167 21.4716 178.263 -26.2015 62.9771 149.656 -15.8359 22.0993 137.512 68.3874 28.726 143.615 77.5197 30.9504 192.518 76.2545 15.2025 75.5314 21.9739 
163.076 174.211 172.873 122.406 139.421 149.461 166.825 165.156 98.6997 102.731 29.9621 134.971 65.4519 21.1858 177.828 -26.5213 62.6637 149.244 -16.1602 21.9788 136.877 67.8478 28.5289 143.173 77.0637 30.7162 192.126 75.9257 15.3089 75.2229 21.9627 
163.202 174.119 172.757 123.868 139.507 149.688 166.863 165.152 98.92 103.051 29.6108 134.401 65.136 20.8379 177.405 -26.8613 62.3983 148.77 -16.468 21.8496 136.03 67.3636 28.2835 142.562 76.6947 30.4597 191.643 75.6289 15.4271 74.9728 22.0534 
163.368 174.038 172.811 124.811 139.713 149.864 166.954 165.296 99.0882 103.355 29.2806 133.896 64.742 20.4509 177.094 -27.3879 62.2211 148.471 -16.9425 21.7356 135.297 66.8915 28.0447 141.958 76.3408 30.2079 191.184 75.2895 15.4892 74.9172 22.1632 
163.529 173.982 172.792 125.18 139.803 150.045 167.028 165.34 99.4592 103.624 28.9786 133.353 64.4019 20.1151 176.884 -27.9115 62.1047 148.187 -17.3756 21.64 134.516 66.3286 27.8755 141.337 75.9229 29.9592 190.73 74.9361 15.5131 74.7942 22.3384 
163.641 173.917 172.692 125.384 139.907 150.117 167.086 165.35 99.865 103.825 28.6462 132.873 64.0261 19.7787 176.737 -28.453 61.8837 147.897 -17.8249 21.4297 133.739 65.5686 27.5526 140.732 75.4224 29.6785 190.273 74.5464 15.5679 74.5236 22.4816 
163.75 173.905 172.699 124.611 140.223 150.153 167.174 165.42 99.8789 103.912 28.5101 132.488 63.6889 19.4962 176.493 -28.9938 61.8589 147.729 -18.2851 21.3559 133.39 65.1989 27.3569 140.331 75.1282 29.4368 189.912 74.1632 15.5764 74.6883 22.5958 
163.815 173.951 172.605 124.239 140.246 150.162 167.23 165.377 100.009 103.95 28.4376 132.039 63.255 19.429 176.276 -29.5485 61.7855 147.48 -18.7342 21.12 132.94 64.5955 27.0666 139.866 74.6628 29.1797 189.483 73.7243 15.5552 74.6593 22.6194 
163.885 174.038 172.556 124.159 140.262 150.186 167.35 165.423 100.02 104.066 28.2233 131.727 62.9289 19.1953 176.189 -30.0686 61.5939 147.396 -19.2404 20.7813 132.639 64.0108 26.664 139.49 74.1807 28.8756 189.19 73.3186 15.5336 74.6851 22.6194 
164.006 173.977 172.407 125.123 140.146 150.396 167.37 165.313 99.7606 104.232 27.5128 131.292 62.2128 18.5889 175.906 -30.8812 60.8181 147.143 -20.0543 19.9927 132.304 63.1007 25.9383 139.008 73.3996 28.1387 188.794 72.6687 15.3757 74.5849 22.4785 
164.086 174.02 172.343 125.653 140.433 150.628 167.357 165.21 99.5282 104.509 27.3251 131.307 62.1988 18.3849 175.664 -30.8635 60.6113 147.083 -20.0533 20.062 132.313 62.9894 25.8907 138.948 73.3733 27.868 188.841 72.6432 15.3433 74.327 22.3996 
164.236 174.059 172.26 126.047 140.66 150.859 167.432 165.204 99.6005 104.708 26.845 131.121 62.0597 17.9337 175.279 -31.0305 60.1541 146.683 -20.1553 19.8599 132 62.7362 25.5659 138.712 73.219 27.388 188.749 72.4527 15.3746 73.9575 22.4104 
164.339 174.033 171.969 125.574 140.749 151.002 167.391 164.984 99.7604 105.125 26.2219 131.052 62.0598 17.4182 174.939 -31.0108 59.4942 146.272 -20.1158 19.7986 131.671 62.2299 25.2443 138.41 72.9563 26.8986 188.696 72.364 15.4443 73.1372 22.3901 
164.472 173.984 171.556 126.396 140.863 151.106 167.366 164.863 100.214 105.498 25.4463 130.824 61.9662 16.8106 174.496 -31.0737 58.8316 145.786 -20.1742 19.322 131.079 61.8617 24.8235 137.94 72.6931 26.3349 188.514 72.2241 15.3368 72.6846 22.3879 
164.603 173.988 171.286 127.357 141.004 151.263 167.423 164.754 100.605 105.772 24.6315 130.473 61.6722 16.3103 174.015 -31.2481 58.1737 145.103 -20.2611 18.7108 130.445 61.517 24.3174 137.409 72.4233 25.7468 188.204 72.0112 15.2064 72.3213 22.4119 
164.606 174.024 170.983 128.399 141.288 151.325 167.512 164.549 100.84 105.948 23.7095 130.302 61.4446 15.6923 173.593 -31.31 57.4175 144.481 -20.242 18.1133 129.909 61.1113 23.7271 137.013 72.1797 25.1223 187.951 71.8597 15.1835 71.8043 22.4606 
164.657 174.063 170.865 128.934 141.596 151.446 167.699 164.413 101.201 106.096 22.836 130.226 61.1322 15.0742 173.236 -31.4964 56.6656 143.92 -20.3435 17.7284 129.313 60.4844 23.1562 136.646 71.9445 24.5062 187.737 71.7159 15.2925 71.0143 22.4853 
164.766 174.198 170.737 129.062 142.069 151.68 167.849 164.209 102.557 106.607 22.1592 130.224 60.8706 14.3698 172.961 -31.5214 55.9441 143.598 -20.3289 17.9677 128.16 59.4224 22.7542 136.195 71.7063 23.7879 187.607 71.6595 15.8169 69.4511 22.5325 
164.85 174.389 170.674 130.582 142.567 151.887 168.022 164.201 103.318 106.932 21.3665 130.177 60.6006 13.6294 172.615 -31.6223 55.2168 143.166 -20.3996 17.5081 127.439 58.9331 22.2163 135.82 71.6123 23.1075 187.465 71.6007 15.8653 68.7687 22.5675 
164.843 174.625 170.51 130.813 142.856 151.985 168.246 164.299 103.404 107.067 20.4344 130.108 60.2012 12.9875 172.439 -31.8414 54.5063 142.809 -20.6519 16.5336 127.211 58.7698 21.3972 135.444 71.4589 22.4506 187.25 71.4464 15.6398 68.8581 22.564 
164.692 174.911 170.403 131.866 143.045 151.999 168.416 164.303 103.884 107.246 19.6077 130.224 59.8711 12.3375 172.4 -31.9367 53.8116 142.702 -20.817 15.8689 126.781 58.3548 20.7439 135.185 71.2917 21.8053 187.138 71.3438 15.6234 68.5647 22.5595 
164.48 175.103 170.386 132.05 143.107 152.008 168.568 164.289 104.596 107.385 18.935 130.266 59.6201 11.7 172.254 -32.064 53.1184 142.5 -20.968 15.6413 126.124 57.6315 20.2392 134.855 71.0882 21.2078 186.967 71.2154 15.8727 67.8091 22.5628 
164.349 175.206 170.309 132.915 143.29 152.099 168.633 164.179 105.08 107.376 18.1865 130.198 59.3769 11.0368 171.981 -32.2121 52.3723 142.207 -21.1416 15.2197 125.548 57.1744 19.8088 134.54 70.9843 20.6238 186.772 71.081 15.9135 67.3672 22.5315 
164.202 175.274 170.163 132.054 143.466 152.202 168.663 164.186 105.262 107.288 17.2638 129.937 58.9981 10.4479 171.568 -32.5183 51.7431 141.758 -21.4241 14.519 125.215 56.9118 19.1814 134.168 70.8563 20.0525 186.445 70.8443 15.8088 67.345 22.5012 
164.025 175.287 169.998 129.786 143.619 152.273 168.778 164.271 104.729 107.011 16.2183 129.611 58.655 9.94848 171.081 -32.8149 51.1248 141.231 -21.735 13.6139 125.256 57.0429 18.4112 133.776 70.8183 19.4878 186.026 70.6246 15.5578 67.8213 22.4035 
163.86 175.26 169.767 129.168 143.67 152.296 168.845 164.392 104.123 106.776 15.108 129.466 58.4989 9.16238 170.625 -33.0445 50.4075 140.764 -22.0156 12.6787 125.269 57.2837 17.6211 133.495 70.909 18.9327 185.723 70.4662 15.372 68.3315 22.3804 
163.807 175.14 169.517 128.21 143.667 152.341 168.763 164.558 102.942 106.249 13.9554 129.475 58.1763 8.47386 170.771 -33.3723 49.9467 140.819 -22.4265 11.4517 125.922 57.8932 16.7485 133.534 71.0512 18.4856 185.614 70.3186 14.9792 69.602 22.4399 
163.84 175.046 169.274 127.624 143.697 152.471 168.673 164.708 102.065 105.755 12.9673 129.31 57.7489 7.99026 170.728 -33.7933 49.6807 140.792 -22.8394 10.4113 126.412 58.4885 16.0106 133.591 71.1921 18.0832 185.471 70.0839 14.6891 70.8288 22.4653 
163.767 174.962 169.134 126.293 143.526 152.478 168.587 164.872 101.47 105.352 12.2343 129.071 57.5323 7.60335 170.328 -34.0887 49.4903 140.514 -23.0594 9.74385 126.716 59.0896 15.5382 133.56 71.4169 17.7279 185.263 69.8744 14.4796 71.7919 22.4797 
163.704 174.861 168.957 125.005 143.128 152.49 168.474 164.969 100.887 104.898 11.5705 128.634 57.3565 7.27302 169.575 -34.4111 49.253 139.835 -23.237 9.0999 126.868 59.6793 15.1293 133.409 71.5845 17.3743 184.916 69.5918 14.2607 72.6375 22.4739 
163.705 174.71 168.668 122.859 143.029 152.505 168.328 164.983 100.074 104.103 10.8075 128.426 57.193 6.90772 168.891 -34.5548 48.8943 139.203 -23.3086 8.36228 127.489 60.4725 14.6272 133.642 72.0027 17.1037 184.765 69.4058 14.0704 73.5607 22.404 
163.629 174.469 168.438 120.691 142.911 152.382 168.252 165.072 99.1181 103.15 10.0219 128.278 57.058 6.5085 167.978 -34.6556 48.4484 138.564 -23.4009 7.65977 128.278 61.481 14.2053 134.009 72.5391 16.8747 184.646 69.1884 13.8792 74.731 22.2069 
163.625 174.091 168.088 120.219 141.895 152.296 168.02 164.874 98.7846 102.704 9.66784 128.092 56.8681 6.16166 167.637 -35.084 47.7239 138.244 -23.6986 6.85278 128.408 61.6993 13.7488 133.86 72.3472 16.6161 184.442 68.8735 13.6741 75.3011 21.9807 
163.474 173.488 167.45 119.648 140.826 152.114 167.711 164.492 99.0749 102.621 9.00801 127.953 56.5813 6.35297 167.39 -35.0974 47.1547 137.762 -23.4147 5.86679 128.141 61.3822 13.2531 133.35 71.9192 16.4381 184.107 68.5117 13.2316 75.4261 21.8726 
163.278 172.952 166.826 119.648 140.349 151.923 167.563 164.123 99.2421 102.511 8.45032 127.849 56.2672 6.49231 167.126 -35.2544 46.6695 137.445 -23.2592 4.91993 128.021 61.344 12.8259 132.988 71.5516 16.3041 183.846 68.0778 12.8623 75.9355 21.7551 
161.967 172.936 166.235 116.18 139.527 151.44 168.512 163.779 98.0141 102.546 7.09639 128.921 55.0847 7.36049 166.352 -35.3471 46.7555 137.115 -22.8281 4.81676 128.354 60.7283 12.016 132.562 71.1592 16.2137 183.507 67.6748 12.9407 76.0236 21.3905 
160.593 172.968 165.55 114.872 138.772 150.864 169.259 163.416 97.3526 101.635 5.94542 129.931 53.8712 8.09622 165.555 -35.3994 46.8287 137.041 -22.6215 4.33847 128.579 60.2199 11.3497 132.583 70.8614 16.1837 183.225 67.2092 13.0145 76.4024 20.8825 
159.35 173.033 164.959 115.231 138.246 150.237 169.918 163.092 96.7389 100.524 4.98671 130.921 52.773 8.74348 164.991 -35.4579 46.8228 137.262 -22.6243 3.63082 128.996 60.0366 10.7709 132.916 70.6311 16.1741 183.094 66.736 13.062 77.2384 20.2843 
158.258 173.058 164.537 116.615 137.928 149.636 170.467 162.819 96.0996 99.3645 4.32526 131.846 51.7689 9.40137 164.549 -35.4529 46.8284 137.675 -22.7541 2.97825 129.564 60.1778 10.4705 133.412 70.4769 16.2331 183.047 66.31 13.0695 78.3802 19.598 
