144.448 170.418 180 143.037 147.245 136.937 173.643 179.981 77.9321 81.0392 120.337 208.843 26.3148 94.4156 186.025 -60.8667 138.833 177.26 -57.8472 128.407 231.557 39.1245 144.157 238.116 37.2723 120.094 259.114 9.14507 8.34162 100.719 18.8767 
143.354 170.487 180 142.502 146.518 137.23 172.737 179.981 77.719 80.7313 119.202 208.801 24.7889 97.76 186.995 -61.3723 139.998 177.562 -57.0969 129.656 231.617 39.223 145.443 237.869 37.8791 122.204 259.435 9.3453 8.45196 99.7542 17.7223 
141.881 170.797 180 142.278 145.685 137.309 172.23 179.978 77.8994 80.636 118.825 209.092 23.799 101.426 188.054 -61.8629 141.602 179.533 -57.3476 131.208 231.855 39.536 147.038 237.917 38.3769 124.214 259.933 9.62541 8.63876 99.8949 16.2453 
141.976 171.235 180 141.895 145.06 138.237 171.797 179.977 77.9105 79.9418 118.103 208.966 23.003 105.004 189.115 -62.1864 143.039 181.543 -57.5982 132.92 232.458 39.7549 148.882 238.476 38.5459 126.25 260.566 9.80347 8.79499 100.271 14.7118 
141.296 171.517 180 141.43 144.624 138.592 170.787 179.975 77.8162 79.5337 117.036 209.303 21.8153 107.521 190.458 -62.7489 144.009 183.355 -58.0909 134.062 232.613 39.6838 150.141 238.312 38.7401 128.069 261.125 9.86411 8.94479 100.278 13.5026 
141.016 172.087 180 141.252 144.886 137.597 170.351 179.974 78.0422 79.2678 118.408 210.425 22.1468 110.14 191.86 -62.7905 145.719 185.885 -59.0628 135.879 233.526 39.9243 152.141 239.205 38.8404 129.961 262.288 10.0455 9.06504 101.009 12.3756 
143.487 172.392 179.514 141.039 147.183 136.876 170.1 179.838 78.2735 79.3539 120.07 211.754 22.8691 112.327 193.144 -62.6198 146.397 187.792 -60.4126 137.842 234.871 40.2031 154.22 240.652 39.1298 131.9 263.674 10.1248 8.87717 101.872 10.8397 
140.079 172.576 179.495 141.014 148.637 135.417 169.824 179.832 78.6103 79.2357 122.669 213.564 23.6119 114.517 194.592 -63.1762 147.274 189.972 -61.1622 139.549 236.073 40.2236 156.021 241.938 39.0492 133.679 264.976 9.98778 8.83716 102.234 9.80587 
139.986 172.786 174.774 141.024 150.839 135.081 169.766 178.258 78.9459 79.0614 124.413 215.064 23.8684 116.657 196.232 -63.4061 148.928 191.51 -60.8158 141.312 237.421 40.2843 157.865 243.532 39.0379 135.52 266.505 9.80364 8.61373 101.993 9.64565 
143.069 172.879 168.483 141.35 152.276 136.547 169.077 176.17 78.8713 78.2523 124.831 216.348 21.8637 119.201 198.625 -63.9322 151.311 193.542 -60.3064 142.759 238.709 39.9538 159.458 244.891 38.8655 137.488 268.219 9.5681 8.45361 101.339 9.76656 
144.944 173.099 180 141.552 153.507 138.953 168.303 178.743 79.0725 77.9609 126.517 218.971 19.8164 123.544 201.923 -63.6337 156.012 199.155 -61.4154 146.975 241.002 39.7373 163.469 247.627 38.4649 141.188 271.167 9.31214 8.33029 102.792 9.2971 
144.777 172.47 180 142.058 154.683 140.346 168.158 177.796 79.285 77.7516 128.362 220.772 18.9732 126.189 203.845 -63.5644 158.706 201.283 -58.7226 149.331 242.746 39.8287 165.603 249.838 38.2685 143.066 273.149 9.33301 8.38418 101.31 10.1504 
143.502 171.716 180 142.718 155.894 140.422 168.004 178.248 79.1315 77.478 130.782 223.059 18.3625 128.804 205.65 -63.6588 160.595 202.664 -56.9011 151.462 244.384 39.6603 167.613 251.571 37.98 144.989 274.854 9.34455 8.57836 99.7809 10.5315 
143.86 170.721 180 143.354 156.502 140.036 168.003 176.032 79.2562 77.6565 133.024 224.662 19.3163 130.569 206.893 -63.2455 162.208 203.08 -54.4417 153.436 246.08 39.9326 169.564 253.034 37.8379 146.728 276.268 9.42042 9.00168 98.4054 11.669 
144.343 170.076 180 143.953 157.582 140.55 168.13 168.045 79.5983 77.6533 134.88 225.785 19.7943 133.047 208.702 -63.1893 162.586 203.212 -50.4348 155.191 247.818 40.315 171.579 254.76 37.8554 148.541 277.801 9.56013 9.12212 95.556 13.3976 
145.535 169.346 180 144.642 158.35 140.061 168.061 169.832 80.4242 77.5949 137.52 227.62 20.0287 135.829 211.385 -63.67 165.225 206.44 -52.4592 156.785 248.879 40.7276 173.532 256.102 37.9775 150.337 279.569 9.89373 9.08363 96.8086 12.2404 
149.611 169.278 179.999 145.437 158.418 140.444 167.832 179.978 80.7354 77.6216 139.611 228.989 20.1622 138.789 213.728 -63.682 172.324 207.939 -53.7728 158.913 250.628 41.0642 175.637 257.751 37.8933 152.248 281.559 10.1874 9.68778 97.8004 13.6625 
155.987 169.195 180 146.073 158.676 140.688 167.646 179.968 81.5893 77.4924 140.897 229.642 21.448 140.223 216.222 -63.5791 176.019 211.832 -55.5675 160.035 251.959 41.7021 177.301 258.953 38.0281 153.88 283.462 10.6052 10.018 99.9268 13.654 
164.647 169.826 180 146.43 158.512 141.725 167.513 179.964 82.0926 77.2866 141.929 230.619 21.0821 142.573 218.79 -63.6812 178.406 214.259 -54.0451 161.202 253.455 42.1483 178.891 260.302 38.2671 155.605 285.43 10.9939 10.3924 99.0721 14.2715 
171.151 170.779 164.828 147.193 158.308 143.268 167.413 175.042 82.4638 76.8604 142.218 231.656 20.7654 145.172 221.243 -63.7144 179.144 215.648 -47.2072 162.392 255.003 42.6876 180.63 261.778 38.5045 157.199 287.418 11.4736 10.8269 94.5306 17.0265 
176.756 172.031 90.0456 148.004 157.986 145.573 167.605 152.004 82.5813 76.5424 141.423 231.988 20.406 148.113 222.99 -63.706 172.718 218.42 -35.617 163.749 256.467 43.2772 182.391 262.959 38.6573 158.783 288.872 11.8832 11.5827 85.7189 21.7532 
177.488 173.283 91.1903 148.932 158.002 146.821 167.558 124.835 82.4583 75.8088 142.313 232.573 20.3214 150.478 224.839 -63.8008 178.353 223.408 -27.144 165.151 258.168 43.6908 184.254 264.42 38.5611 160.256 290.284 12.2292 12.3664 82.4386 28.3624 
179.057 174.285 94.7271 149.739 157.825 147.216 167.51 106.55 82.4457 75.1278 143.469 233.272 20.5482 152.624 226.753 -64.1614 179.589 227.312 -22.4483 166.036 259.702 44.0222 185.835 265.614 38.5562 161.574 291.585 12.4395 13.0051 79.8186 32.1391 
179.98 175.241 136.809 150.341 157.638 147.07 167.586 85.1082 82.4374 74.569 146.077 234.722 20.4122 155.551 228.841 -64.7184 178.76 230.3 -12.4749 167.329 261.434 44.1794 187.688 267.333 38.6021 162.987 293.152 12.5588 13.3822 69.8405 42.1376 
179.381 176.076 91.0255 150.313 157.302 147.135 167.764 64.3749 82.4176 74.0818 147.851 236.587 20.247 158.099 230.584 -65.0295 174.633 243.714 -3.77054 168.46 262.836 44.2765 189.163 268.909 38.7612 164.313 294.775 12.7347 13.3872 57.9373 53.2874 
177.119 176.845 109.97 150.144 156.404 147.118 167.582 59.9705 82.41 73.9979 149.269 238.251 19.638 160.909 232.59 -65.5768 172.387 248.405 4.92653 169.496 264.109 44.2048 190.293 270.379 38.9951 165.46 296.375 12.8872 13.2219 43.9051 66.9213 
177.711 177.364 122.029 149.845 155.837 147.555 167.44 60.7561 82.3878 73.9723 150.285 240.202 18.6945 163.503 234.578 -65.8824 171.275 251.646 10.9019 170.439 265.567 44.1419 191.302 272.025 39.2892 166.67 298.103 13.0286 12.9402 34.8065 75.9958 
178.066 177.637 122.131 149.744 155.287 147.557 167.434 61.8266 82.2588 73.7453 152.32 242.475 18.0637 165.808 236.595 -66.042 170.989 254.78 14.2053 171.633 267.313 44.1647 192.553 274.003 39.4614 167.848 299.946 13.2628 12.775 29.658 81.1717 
177.827 177.835 111.038 149.663 155.035 147.686 167.629 61.0868 82.1395 73.707 154.426 244.943 17.5587 167.8 238.575 -65.9805 171.32 258.686 15.3014 173.041 269.52 44.3576 193.877 276.41 39.7054 169.082 301.986 13.4817 12.6296 26.7358 84.1335 
177.554 177.811 110.158 149.752 154.761 147.775 167.996 63.4099 81.9346 73.6596 157.447 247.856 16.6923 169.501 240.735 -66.0606 171.115 261.657 18.4274 174.627 272.076 44.4559 195.343 279.094 39.7546 170.381 304.177 13.5851 12.5726 22.3936 88.7773 
176.438 177.829 106.365 150.039 154.48 147.604 168.26 65.1188 81.7422 73.9703 160.346 250.671 16.2719 170.88 243.163 -66.0943 169.706 264.185 19.785 176.406 274.581 44.6307 196.665 281.764 39.8589 171.498 306.37 13.8079 12.5538 18.7745 91.4346 
177.814 177.517 107.281 150.642 154.543 148.302 168.587 67.238 81.2025 74.0442 162.572 253.124 15.3168 172.815 246.057 -66.5055 170.112 266.813 21.8915 178.208 277.347 44.6072 198.06 284.637 40.0116 172.66 308.622 13.93 12.4684 16.1908 94.5746 
178.491 176.695 114.086 151.56 154.649 149.083 169.071 69.3507 80.8209 74.2433 163.472 254.657 16.2299 174.604 248.32 -66.4858 171.127 269.783 25.3543 180.048 280.66 45.0634 199.647 287.909 40.1938 173.699 310.844 14.0733 12.5867 13.8421 98.8537 
178.039 176.599 129.222 151.904 155.394 150.738 168.856 73.8244 80.3406 74.5785 163.303 255.49 16.5066 176.811 250.528 -66.3833 171.343 273.278 31.4093 181.495 283.748 45.3583 200.517 291.065 40.6961 174.665 312.814 14.1849 12.2455 9.85702 105.388 
176.468 176.747 138.254 151.828 155.777 151.828 168.586 77.6837 80.0283 74.9684 163.332 256.804 16.7621 178.417 252.575 -66.1877 172.18 275.884 35.5026 182.732 286.935 45.7288 201.314 294.076 41.0497 175.385 314.834 14.2511 12.2567 8.91243 108.791 
165.713 177.249 143.685 150.832 156.572 152.758 167.692 82.2459 79.4859 74.8785 163.107 260.309 16.4699 180.658 257.387 -65.9891 173.673 278.992 38.7497 183.695 291.554 45.9138 201.34 298.702 41.8021 176.477 318.783 14.5389 11.8171 9.77692 109.952 
161.809 177.919 143.336 149.877 157.016 152.383 167.281 81.2685 79.1192 74.5885 164.227 262.334 16.2117 182.409 259.93 -65.7518 174.568 280.484 37.5359 184.48 293.935 45.8926 201.31 301.393 42.2282 177.229 320.854 14.6403 11.5508 10.3427 108.733 
159.577 178.535 142.605 149.31 157.195 151.889 166.704 81.5658 78.7116 74.1586 164.167 264.718 16.1111 182.09 262.065 -65.5532 174.802 280.902 36.6851 184.391 295.995 45.905 200.892 303.207 42.4685 177.598 322.849 14.8119 11.6999 11.8726 106.59 
157.683 179.344 147.287 148.642 157.236 151.761 166.462 80.8052 78.2934 74.1082 164.323 267.079 15.8833 182.464 264.309 -65.6951 175.94 282.673 36.4174 184.782 298.255 45.9486 200.883 305.137 42.714 178.118 324.922 14.9636 11.9747 13.0311 105.954 
156.399 179.831 149.983 147.921 156.796 151.542 166.476 80.3495 78.152 74.7354 164.718 269.19 15.9797 182.796 266.39 -65.6853 176.151 284.68 36.4232 185.468 300.305 46.0287 200.987 306.997 42.9018 178.461 326.846 15.0649 12.2938 12.6857 106.333 
160.001 179.509 149.972 147.831 156.244 150.847 166.951 80.7728 78.6681 75.9043 164.999 271.219 17.4425 182 268.351 -65.5862 174.832 286.636 37.0066 185.587 301.734 46.2474 200.749 308.395 43.0346 178.337 328.799 15.2581 12.4469 11.0551 107.299 
160.226 179.515 147.992 147.905 155.57 150.155 167.498 80.5856 78.9206 76.6009 165.238 273.584 19.2059 180.939 270.053 -64.9799 174.436 288.719 37.2116 185.954 303.545 46.4957 201.114 310.221 43.2173 178.446 330.972 15.4866 12.2976 10.3285 107.397 
158.911 179.488 146.262 147.186 155.634 149.313 168.204 80.1323 78.9533 77.3022 166.082 275.924 19.8256 180.717 271.888 -65.146 175.227 292.213 37.8866 186.379 306.01 46.5791 201.305 312.496 43.4438 178.438 333.022 15.4705 12.3077 9.77496 108.94 
157.586 179.965 146.016 146.392 155.274 148.001 169.165 79.9902 78.7809 77.8324 166.931 278.515 20.6382 179.715 273.634 -65.8625 175.224 295.411 38.3988 186.422 308.62 46.4166 201.432 314.508 43.2886 178.611 335.151 15.251 12.4999 9.50248 110.421 
156.795 179.1 145.473 145.724 154.523 146.859 171.373 80.5355 79.1434 78.9829 167.397 280.016 23.3104 178.424 275.343 -66.4316 175.072 297.665 39.3943 187.007 311.017 46.6757 201.978 316.597 43.1213 178.648 337.071 15.1622 12.6787 8.85464 112.396 
158.921 178.616 145.449 145.769 153.742 146.526 172.499 81.426 79.881 79.6419 167.211 281.919 25.4173 176.275 276.92 -66.4818 174.858 299.372 40.1734 187.093 313.14 47.0255 202.452 318.57 42.7501 178.443 339.264 15.1359 12.7942 8.82609 112.804 
159.673 178.161 147.238 145.811 153.297 146.251 173.858 82.6798 80.2779 80.0427 168.071 284.469 26.8184 174.455 278.661 -66.1814 175.256 302.214 42.0703 187.729 316.061 47.4481 203.377 321.29 42.2988 178.412 341.679 15.2298 13.2172 8.32588 114.499 
158.913 177.536 147.525 145.907 152.544 145.052 175.383 82.351 80.472 80.715 170.727 287.724 27.6169 172.557 280.912 -66.2094 176.693 305.579 42.7728 188.866 319.312 47.5142 204.498 324.329 41.6162 178.46 344.281 15.241 13.7243 8.27529 116.021 
157.66 177.53 152.589 146.074 152.524 144.013 175.762 84.809 80.5839 80.689 170.591 289.56 28.659 170.131 283.466 -66.6984 176.865 305.635 43.3456 188.548 320.878 47.1473 204.452 325.684 40.9649 178.057 346.312 15.1318 13.957 9.36723 114.857 
156.922 176.821 152.712 146.571 152.281 144.099 175.349 87.0343 81.1533 80.3668 168.104 291.279 30.3053 166.938 286.246 -66.3454 176.114 306.339 44.1951 187.915 322.153 47.4111 204.399 327.003 40.7987 177.72 348.756 15.5034 13.8933 9.6438 113.578 
155.87 176.322 154.643 145.765 151.681 144.068 174.524 85.7275 80.3818 79.9564 165.691 293.195 29.6727 164.739 288.551 -66.0356 174.822 308.298 43.0964 187.03 323.247 46.4968 203.563 327.775 40.2614 177.321 350.573 15.4477 13.918 9.37052 112.679 
150.784 176.237 156.371 146.724 152.273 141.954 175.209 84.2598 81.1365 81.3006 166.136 297.174 30.0589 161.481 294.349 -66.4385 175.707 310.482 40.926 186.677 325.133 46.1207 202.55 329.977 40.1051 176.508 354.077 15.5939 13.6881 10.6342 111.201 
149.52 175.447 156.09 147.383 151.649 140.272 176.022 80.0648 81.2998 81.6702 166.692 298.54 32.1593 158.168 296.557 -65.6235 176.401 310.012 36.723 186.529 325.162 45.9892 202.07 330.46 40.2583 176.107 355.372 16.0063 13.1227 13.1896 107.048 
150.305 175.047 158.681 147.137 152.203 140.688 176.448 80.2872 81.5539 81.8131 166.868 299.694 32.968 156.261 297.796 -64.6206 175.997 311.415 37.3697 186.965 326.297 46.0642 202.013 331.862 40.1441 175.981 356.883 16.1995 13.1564 12.2259 106.859 
151.78 174.935 160.287 146.47 151.667 140.628 176.361 79.4758 81.0952 81.2763 166.104 300.827 32.2088 154.65 298.964 -63.9534 175.027 312.26 36.8177 186.102 326.287 45.5201 201.002 331.772 39.8713 175.624 357.71 16.162 13.2389 11.9531 105.872 
148.632 175.288 161.583 145.595 147.529 140.22 176.977 78.174 80.7268 80.3434 165.817 302.737 31.3012 154.444 299.937 -63.6644 173.755 313.797 36.1174 184.952 326.68 45.021 199.975 332.438 39.7908 175.419 358.7 16.019 12.7529 11.6229 105.057 
145.3 173.118 162.283 145.238 144.693 139.869 176.558 75.7685 79.9982 79.5201 165.615 304.819 29.4194 154.983 301.843 -64.2548 173.111 315.126 33.622 184.085 327.217 44.0624 199.295 333.155 39.6199 175.386 359.905 15.8159 12.241 12.1137 103.156 
142.153 172.621 161.814 145.157 142.485 139.246 176.421 73.3627 79.3087 78.6331 166.342 307.425 28.0361 155.76 303.562 -64.8864 173.392 316.81 31.3161 183.998 328.579 43.4631 199.4 334.626 39.5034 175.65 361.447 15.6601 11.8969 12.9991 101.484 
140.099 171.779 169.197 145.841 142.238 138.617 176.164 74.1999 78.6373 78.3008 168.304 309.502 27.2263 156.901 305.445 -65.414 171.082 318.122 31.4601 184.809 330.675 43.0951 200.082 336.927 39.6487 175.932 363.019 15.5068 11.4851 10.8545 101.605 
139.443 170.905 171.834 146.337 141.772 137.467 175.197 68.7832 78.6153 78.7264 169.808 311.104 28.3955 156.095 306.491 -65.0068 175.229 319.38 27.5359 185.287 332.206 43.1527 200.67 338.472 39.8286 175.946 364.38 15.5671 11.1409 16.0711 98.2624 
138.825 170.835 174.876 146.642 141.645 136.692 174.708 66.6318 78.7794 79.2275 170.517 312.126 29.2512 155.357 307.443 -65.2226 176.914 319.812 25.3032 185.631 333.546 43.254 201.013 339.739 39.9891 175.949 365.401 15.4504 10.9545 19.306 96.0551 
138.377 171.172 176.49 146.785 139.89 135.734 173.854 67.3462 78.5968 79.3187 171.403 312.785 29.9212 155.026 307.635 -65.3343 176.058 319.576 25.2374 185.791 334.201 42.8465 201.294 340.292 39.5111 175.663 365.912 15.1726 11.0433 18.9667 95.4629 
138.072 171.378 177.352 147.249 139.698 134.96 173.707 67.1616 78.3345 79.0329 172.408 313.709 30.2591 155.54 307.909 -65.4552 177.481 320.269 24.9255 186.496 335.384 42.4869 201.961 341.477 38.8944 175.582 366.657 14.8596 11.2464 19.8042 95.3176 
137.665 171.886 176.949 147.907 140.165 134.416 173.543 68.2401 77.9338 78.857 174.231 314.704 29.7813 157.093 308.386 -65.9631 179.311 321.345 25.7304 187.65 336.893 41.9302 202.947 342.897 37.9354 175.609 367.361 14.3495 11.8235 19.3765 97.1322 
137.023 174.763 173.47 147.159 142.926 135.271 174.668 73.51 78.9773 79.0821 173.085 315.609 29.8316 158.509 309.095 -66.6432 179.195 321.08 28.9988 188.976 337.689 42.0249 203.989 344.694 37.2092 175.596 368.679 14.4093 11.8049 16.2893 99.5264 
138.897 176.053 166.538 146.628 145.139 137.662 175.278 76.2053 79.497 79.2054 171.247 315.214 29.7672 159.729 309.925 -67.4747 183.065 322.271 29.8997 190.49 339.363 41.9619 205.05 346.772 36.4859 175.555 370.082 14.2962 12.1051 17.2761 100.669 
138.214 176.66 160.035 146.01 147.47 139.654 175.647 79.5902 79.7757 79.5597 169.061 315.29 29.4811 160.919 310.88 -68.182 183.606 324.396 32.4841 191.494 340.828 41.6219 205.472 348.295 35.8303 175.52 371.289 14.069 12.489 14.8038 103.757 
136.751 176.879 156.039 146.376 147.924 140.447 176.48 81.5596 79.82 80.0065 169.863 316.794 29.0751 161.791 312.262 -68.9065 184.749 327.293 34.2987 192.785 343.115 41.1645 205.936 350.764 35.1269 175.646 372.842 13.7904 12.7869 13.1733 106.701 
139.456 176.657 156.407 147.752 148.637 140.847 176.158 81.052 80.4543 79.5257 167.234 317.526 28.7136 160.517 313.256 -70.2468 186.002 328.272 33.4197 191.652 342.867 41.2848 205.204 350.544 34.6047 175.193 373.87 13.6723 13.1067 15.4837 106.167 
140.92 176.786 152.362 148.783 148.283 140.891 176.023 78.985 80.9821 79.9296 164.182 318.168 28.8326 159.137 313.812 -70.75 185.409 328.764 31.4304 190.172 342.094 41.3198 204.243 349.429 34.4391 174.781 374.682 13.5795 13.36 17.0255 104.409 
141.102 176.753 148.706 148.287 148.646 141.396 175.561 78.9337 80.8797 80.0062 161.198 318.72 28.8415 158.375 314.647 -71.3344 183.392 329.591 31.4557 189.168 342.073 41.0132 203.669 349.012 34.2915 174.556 375.56 13.3295 13.4946 15.8371 104.582 
141.254 176.962 151.364 148.095 148.645 142.127 175.242 78.453 80.9185 80.0803 158.588 319.141 29.0101 156.62 315.488 -71.6955 182.628 329.757 30.7357 187.936 341.761 40.7399 203.05 348.504 34.4343 174.285 376.415 13.2505 13.1766 16.4645 103.33 
143.103 176.399 155.298 147.248 150.378 144.122 175.326 79.7325 80.9462 79.8335 156.786 319.32 29.3626 155.786 315.211 -71.1223 182.693 331.267 32.8521 188.553 343.1 40.6764 203.084 349.709 33.4459 174.249 377.391 13.0984 14.2323 15.2025 105.034 
142.333 176.348 155.454 146.802 152.755 143.788 175.827 81.6491 81.1602 78.7188 156.662 319.787 30.6126 155.485 314.576 -70.5621 182.45 332.397 35.1624 189.134 344.51 40.8882 203.344 351.246 32.2534 174.029 377.754 12.7679 15.2278 13.7503 107.407 
140.938 175.785 154.166 146.84 150.088 140.923 175.584 80.6832 80.7354 78.586 157.93 320.625 31.109 155.587 315.313 -70.8569 181.683 333.929 34.9591 188.958 345.322 40.2995 203.061 352.528 31.8979 173.491 377.746 12.4401 14.6731 12.9033 109.414 
136.401 175.328 153.973 146.846 152.52 140.803 175.641 81.2871 80.082 77.8745 158.246 320.594 31.4834 156.132 315.66 -71.1616 181.206 334.225 35.0837 189.267 346.282 39.5699 202.968 353.771 31.1645 173.013 377.677 12.0771 14.6627 11.8826 110.41 
134.685 175.069 154.946 146.303 153.428 141.691 175.491 80.4887 78.9517 77.9701 157.289 320.626 30.8394 156.062 316.468 -71.1267 180.218 334.669 34.4265 189.298 347.095 38.6081 202.912 354.051 30.4512 172.654 377.854 11.7521 15.0079 10.9736 110.815 
135.261 174.823 158.723 146.699 153.64 142.641 175.498 80.6236 78.0132 77.9662 157.525 320.108 28.7537 156.422 317.922 -72.0004 178.498 334.302 33.7484 188.909 347.387 37.5481 202.568 354.018 29.8336 172.123 377.734 11.3783 15.1508 9.69111 111.133 
138.779 174.798 159.671 146.267 152.068 143.886 175.528 81.0496 77.2354 77.8531 157.434 320.025 26.2239 156.344 318.982 -72.7231 176.073 333.063 32.6631 188.31 347.43 36.5211 202.217 353.74 29.1291 171.818 377.998 10.9672 15.1582 8.63238 109.806 
142.66 174.687 159.354 146.107 149.145 145.499 175.263 79.9637 77.0292 77.8821 156.082 320.399 23.3504 156.22 320.404 -73.4497 173.583 332.931 30.5436 187.199 346.995 35.5447 201.708 353.565 29.3418 171.722 378.646 10.4654 13.7087 8.08876 108.025 
145.154 174.592 161.661 146.24 147.428 146.684 175.093 78.9603 77.2646 77.7675 155.313 320.722 22.7483 155.397 320.761 -73.4643 175.099 333.506 29.7372 186.964 346.931 35.218 201.583 353.787 28.7929 171.325 379.155 10.3805 13.6448 9.52899 107.324 
144.455 174.7 160.72 146.757 147.53 147.225 175.831 78.8585 77.4632 77.625 154.985 321.737 23.7434 154.433 320.331 -72.8344 174.951 334.604 30.2144 187.046 347.868 35.2566 201.449 354.307 27.527 171.233 379.825 10.1177 15.0019 9.24498 107.839 
143.14 174.233 163.004 146.731 147.33 147.023 175.958 79.3013 77.7137 76.6787 155.803 322.485 24.917 153.825 319.449 -72.3966 175.162 334.87 30.6432 187.677 348.941 35.1206 202.044 355.661 26.072 171.018 380.27 9.80774 15.7485 8.88922 107.887 
142.021 173.956 163.835 146.725 149.749 147.517 176.09 79.774 78.0157 77.1788 157.572 322.826 24.7453 153.25 318.778 -72.1421 176.093 334.78 30.5061 188.481 349.941 34.9069 202.399 356.544 25.2935 170.706 380.555 9.52011 16.3151 9.21555 107.428 
139.504 173.837 161.909 146.883 153.222 149.039 176.039 79.9405 77.8619 77.9596 158.5 322.949 24.1929 154.002 319.348 -72.7451 177.006 336.861 30.9344 189.32 351.666 34.5063 202.88 357.797 24.7112 170.603 381.187 9.15295 16.9677 8.42891 109.356 
139.617 174.451 160.144 146.652 153.195 146.474 176.271 78.9036 77.827 78.18 158.303 324.59 24.8748 153.261 319.89 -73.1604 178.752 337.579 29.3774 188.993 351.668 33.8615 202.724 357.485 23.9743 170.323 381.817 8.71151 17.2149 10.5713 108.472 
144.076 175.105 160.233 146.739 149.834 145.949 175.078 79.5197 78.2811 78.7384 156.689 324.789 24.8767 151.379 320.214 -73.419 179.864 336.771 27.861 188.152 350.631 33.476 202.186 356.813 24.5374 170.116 382.549 8.4858 15.9228 12.9579 105.46 
148.296 174.941 158.331 146.098 148.113 146.995 175.116 79.8267 78.568 78.816 155.038 324.021 24.247 150.801 320.542 -74.1934 179.68 336.303 27.0342 187.681 349.964 32.7998 201.849 356.407 23.9735 169.634 382.513 7.9556 15.5572 13.2265 105.061 
151.835 174.461 161.607 145.733 147.216 147.048 174.212 80.8141 78.9616 79.7898 153.592 323.144 23.7177 149.589 320.012 -74.4027 179.028 334.315 26.2493 186.556 348.31 32.2654 200.9 355.057 24.4502 168.858 382.01 7.59166 14.3545 13.8364 103.221 
151.207 174.363 170.986 145.955 146.034 148.737 173.161 83.3575 79.3479 79.6074 149.311 322.435 24.6523 147.928 319.546 -73.639 180.125 335.907 29.7082 185.677 347.638 32.1661 200.13 354.857 24.3788 168.426 381.922 7.41683 13.9886 14.2887 106.496 
