161.243 176.635 173.501 129.821 138.624 146.874 174.237 171.296 95.7389 90.1769 -12.0966 187.522 44.751 -41.6454 183.557 -63.4703 3.51003 168.718 -56.0488 -6.61831 204.392 61.5437 4.15933 214.691 59.0973 -13.6706 248.441 28.4619 12.042 95.1994 17.4771 
159.608 175.899 171.707 129.327 139.754 146.194 172.292 170.794 94.8846 91.3209 -12.8944 186.839 42.342 -39.6567 184.184 -62.0714 3.42097 168.287 -54.3462 -9.5305 199.502 58.6893 1.52258 208.843 58.2254 -11.9445 246.024 27.9268 12.0466 92.6688 16.8981 
158.29 175.374 170.052 129.818 141.16 145.808 169.702 170.406 93.3722 91.7078 -12.2509 186.851 39.7394 -38.3375 184.971 -60.3934 3.62206 169.025 -53.3526 -10.8875 196.778 55.8939 -0.0570126 205.424 57.1119 -10.3691 244.579 27.4774 12.2013 90.7774 16.4857 
156.232 176.179 167.981 132.276 144.364 145.483 166.633 170.878 90.9109 91.9589 -10.6009 188.162 34.7439 -36.0392 186.794 -59.562 5.50597 171.231 -52.2839 -12.1744 195.197 52.1118 -1.64597 202.889 55.781 -7.38013 243.576 26.5162 12.1393 89.195 16.7948 
156.022 176.441 167.926 134.157 145.166 145.807 166.733 172.048 90.1148 92.0444 -8.30081 190.088 34.0893 -35.1723 188.376 -59.4842 8.64729 173.442 -52.7265 -10.9275 196.803 51.7273 -0.70947 204.125 55.6307 -6.28813 245.026 26.2418 12.1615 89.9119 18.1435 
156.31 175.91 167.73 135.559 145.299 146.008 167.374 172.165 90.6115 92.6596 -5.42314 190.797 34.7761 -33.9157 189.766 -59.5705 12.2219 174.937 -53.1803 -8.98584 197.494 51.2934 1.13146 204.892 54.9376 -5.11606 246.245 25.7321 12.1587 90.0052 19.6478 
156.598 175.026 167.263 135.631 144.915 145.843 169.157 171.486 91.1285 93.1542 -3.20615 191.454 36.3368 -32.4688 190.299 -59.5132 14.8835 174.477 -52.5901 -7.1663 197.805 51.1676 2.81295 205.516 54.6681 -4.02432 247.203 25.3276 12.1884 89.1498 20.6393 
156.834 174.761 166.855 136.755 144.733 145.534 171.678 170.351 91.4106 93.3168 -0.753256 192.126 37.9287 -30.9818 191.114 -60.5943 16.6172 174.281 -52.3788 -5.33274 198.87 51.3488 4.71549 206.545 54.2794 -3.09286 248.219 24.8245 12.1808 88.8867 21.0988 
157.155 174.778 166.037 137.657 144.445 145.655 173.54 169.341 91.3138 93.1537 1.29256 191.942 39.196 -29.5396 191.584 -61.8489 18.4107 173.872 -52.5517 -3.72928 199.296 51.1714 6.32035 206.977 53.6183 -2.0656 248.47 24.3204 12.3632 88.908 21.6643 
157.169 175.028 164.663 137.743 143.296 145.759 175.146 168.207 91.1788 92.8174 3.01742 192.019 40.4365 -28.2455 191.896 -62.6953 19.7448 172.914 -52.2676 -2.2437 199.741 51.3238 7.75667 207.508 53.3449 -0.994488 248.628 24.0134 12.61 88.8187 22.1976 
157.058 174.91 162.349 137.505 142.665 145.739 175.24 165.985 91.1618 92.6092 4.59923 192.334 40.6915 -27.0313 191.992 -63.5791 20.531 171.858 -51.318 -1.28543 199.949 50.914 8.64465 207.803 52.8871 -0.0693032 248.793 23.5028 12.7137 87.6841 22.6625 
156.621 174.921 162.315 138.206 142.152 145.6 175.449 165.302 90.8744 92.2151 6.30324 192.803 41.0155 -26.1791 192.419 -64.0728 21.1355 172.179 -51.2101 0.193941 201.076 51.0397 10.2042 208.728 52.565 0.886212 249.189 23.0977 12.7931 88.0574 22.8336 
156.168 174.89 161.872 138.768 141.641 145.5 175.385 164.708 91.0792 92.0887 7.87108 192.429 40.8738 -25.4629 193.045 -64.6673 21.5845 172.607 -51.5955 1.56549 201.382 51.0299 11.7351 208.847 52.0046 1.99133 248.947 22.7299 12.8854 88.698 23.0282 
155.741 174.591 162.156 138.478 141.148 145.403 174.875 164.35 91.3596 92.246 8.69907 192.77 40.3603 -24.6794 193.661 -64.9704 22.143 172.875 -51.8043 2.24776 201.873 51.007 12.5759 209.204 51.7926 3.0149 249.072 22.4364 12.8497 89.2084 23.1393 
155.422 174.447 162.209 138.284 140.868 145.319 174.385 164.014 91.6318 92.4786 9.58315 192.91 39.6918 -23.4638 193.241 -65.1985 22.7797 172.594 -51.9068 2.94774 202.331 50.9556 13.4899 209.537 51.6296 3.99287 248.98 21.9248 12.6705 89.6512 22.8634 
155.005 174.315 161.579 138.641 141.495 145.223 173.254 163.728 91.4295 92.3706 10.3794 193.046 38.4877 -22.6767 193.608 -65.2732 23.0297 173.46 -52.3054 3.83296 203.231 50.5832 14.5899 210.193 51.1804 4.97446 249.167 21.4813 12.516 90.184 22.4811 
154.464 173.598 160.822 138.516 141.335 145.045 172.841 162.861 91.6528 92.4468 12.1969 193.198 37.8223 -21.4563 193.742 -65.1117 23.4552 174.108 -52.1635 5.8472 204.035 50.488 16.7578 210.943 50.595 5.9549 249.379 21.1687 12.4523 90.2669 22.1937 
154.012 173.112 159.982 138.466 141.175 144.55 172.406 162.152 91.6739 92.2805 13.791 193.455 37.2196 -20.6763 194.271 -65.1364 23.6626 175.38 -52.6997 7.52939 205.193 50.2947 18.6671 211.836 49.8055 6.88661 249.731 20.8193 12.4514 91.0525 21.7824 
153.812 172.906 159.379 138.062 141.216 144.073 172.132 162.573 91.6799 92.098 14.2397 194.116 36.7317 -20.0264 194.694 -65.4996 23.6226 176.413 -53.7155 8.059 206.292 49.9574 19.5102 212.756 49.3138 7.69903 250.335 20.311 12.268 91.9445 21.0206 
153.464 172.573 158.84 137.585 141.75 143.106 171.498 163.343 91.3022 91.7559 13.6389 194.206 35.7264 -19.527 194.718 -66.1037 23.2212 176.826 -55.2313 7.77758 206.447 48.8788 19.6047 212.585 48.3891 8.50277 250.171 19.5207 12.0373 92.7694 20.0408 
153.019 172.256 160.387 137.101 141.867 142.34 171 164.448 91.0422 91.4422 14.2841 194.757 35.0696 -18.8307 194.65 -66.0989 23.652 178.007 -56.8287 9.17031 207.263 48.1279 21.1917 213.363 47.4218 9.4242 250.556 18.8941 11.9318 93.7528 19.1607 
152.672 172.295 163.542 137.024 142.097 141.449 170.816 165.972 90.5768 90.8505 15.1016 194.93 34.3734 -18.052 195.015 -66.6651 24.0608 179.387 -59.0901 10.4627 207.759 47.2499 22.5739 213.691 46.2404 10.4091 250.665 18.2727 12.0465 95.1091 18.2385 
152.344 172.17 167.184 136.539 141.917 140.897 170.622 167.236 90.2169 90.527 16.9504 195.117 33.6352 -16.8348 195.353 -67.1665 25.4532 181.08 -61.0661 12.4403 208.193 46.3233 24.4952 214.157 44.9946 11.3617 250.787 17.7447 12.2096 96.2563 17.7711 
152.148 171.931 169.665 136.123 142.067 140.455 170.702 168.565 89.8922 90.2932 17.2909 195.981 32.7032 -15.983 196.921 -68.4291 25.9401 183.149 -63.2026 12.8469 209.085 45.3566 24.9614 214.885 44.005 12.0934 251.528 17.1198 12.2886 97.5181 17.1756 
151.992 171.807 171.237 136.038 142.35 139.852 170.594 169.684 89.4372 89.7994 17.5737 196.721 31.7748 -15.1712 198.281 -69.6697 26.4437 185.03 -65.3738 13.2667 210.045 44.1798 25.4565 215.674 42.7317 12.895 252.255 16.3072 12.4323 98.6248 16.6046 
151.799 171.406 171.909 135.966 142.811 139.214 170.76 170.57 89.0468 89.423 17.768 196.89 31.2409 -14.3571 198.912 -70.9581 27.0638 185.72 -66.9344 13.5738 210.088 43.0406 25.8034 215.568 41.5653 13.7911 252.225 15.3809 12.5727 99.4776 16.377 
151.601 171.039 172.366 135.691 142.973 138.767 170.578 170.67 88.893 89.2758 18.8879 196.949 31.0148 -13.2447 199.156 -71.7966 28.1728 186.094 -67.778 14.4965 209.876 42.0655 26.6375 215.328 40.506 14.7374 252.129 14.6264 12.7565 99.7126 16.3542 
151.488 170.903 172.13 135.891 143.28 138.405 170.207 170.167 88.8941 89.3887 20.1826 196.936 30.1946 -12.1472 199.92 -72.9458 29.3817 186.805 -68.8567 15.3799 209.692 41.0662 27.4695 214.982 39.4181 15.6444 252.075 13.922 12.8842 99.9087 16.4627 
151.444 170.843 171.786 136.45 143.899 138.139 169.754 169.867 88.8449 89.5405 20.7687 197.787 29.1849 -11.0316 200.807 -73.8978 30.1399 187.816 -69.9536 15.7578 210.434 40.2291 27.9086 215.471 38.5945 16.4762 252.791 13.1392 12.8813 100.244 16.0982 
151.317 170.777 171.332 136.819 144.493 138.103 169.399 170.196 88.6367 89.5902 21.0418 198.332 28.5035 -9.96454 200.444 -74.1628 30.9595 187.84 -70.7116 16.5152 210.943 39.4205 28.6254 215.978 37.7938 17.3548 253.248 12.2691 12.9545 100.283 15.7081 
151.31 170.544 169.479 136.54 144.581 138.063 169.295 170.17 88.6786 89.6531 22.6356 199.018 28.3466 -8.91463 200.108 -74.3422 32.1392 187.936 -70.9721 18.1172 211.152 38.5573 30.0199 216.555 36.8275 18.1355 253.698 11.3776 13.0996 99.8337 15.7676 
151.26 170.619 168.292 136.377 144.609 137.97 169.298 169.156 88.7179 89.6659 25.3095 199.578 27.9696 -7.4781 199.88 -74.5792 33.7372 188.127 -71.0745 20.4303 211.384 37.6453 32.0659 217.225 35.7029 18.9302 254.057 10.5771 13.2367 99.1443 15.9628 
151.41 170.844 166.87 136.448 144.608 138.084 169.516 168.684 88.906 89.8158 27.1401 199.709 27.2311 -6.10831 199.969 -75.5458 35.4314 188.379 -71.8167 21.9097 211.352 36.8248 33.3201 217.434 34.7909 19.6679 254.186 9.7683 13.3724 98.9399 16.2195 
151.577 170.997 165.554 136.699 144.719 138.314 169.736 168.451 89.4008 90.3175 27.7115 199.704 26.19 -5.00203 200.623 -77.1072 36.796 188.846 -72.9484 22.2961 211.202 35.9321 33.6528 217.288 33.955 20.4154 254.381 8.78518 13.3871 99.0417 16.4462 
151.641 171.039 164.385 136.901 144.851 138.436 169.895 168.537 89.7966 90.7716 28.1524 199.822 25.1926 -4.14916 201.01 -78.4265 37.9043 189.301 -74.0986 22.7684 211.268 34.9002 34.0976 217.347 32.9096 21.1398 254.668 7.61024 13.3986 99.2186 16.6004 
151.632 170.803 163.557 136.769 144.732 138.381 169.755 168.321 90.2105 91.265 29.1755 199.914 23.988 -3.1933 201.726 -79.7472 39.7269 190.227 -75.3529 23.5963 211.078 33.572 34.8206 217.263 31.6088 21.9174 254.82 6.42518 13.4296 99.4169 17.1734 
151.693 170.626 162.871 136.197 144.179 138.221 169.922 167.918 90.6538 91.7097 30.7645 199.899 23.1398 -2.1805 201.631 -80.5798 41.5498 190.394 -76.0835 25.0631 210.333 32.5713 36.0813 216.904 30.6509 22.616 254.536 5.54765 13.417 99.2507 17.7708 
151.65 170.752 161.915 135.992 143.781 138.207 169.947 167.03 90.949 92.0743 32.7525 200.158 22.0355 -1.12887 202.16 -81.4169 43.4335 191.522 -77.0326 27.0548 210.439 31.5913 37.8368 217.29 29.547 23.3959 254.803 4.80693 13.4683 99.2165 18.3216 
151.514 171 161.923 136.009 143.614 138.492 169.921 166.941 91.1711 92.2951 34.2171 200.836 20.9927 -0.128678 202.772 -82.0063 44.7814 192.809 -78.147 28.9252 211.408 30.8577 39.464 218.466 28.5568 24.2869 255.654 4.03963 13.627 99.4605 18.4092 
151.325 171.292 163.124 135.92 143.491 138.485 170.12 167.413 91.2352 92.4187 34.7639 201 20.2725 1.02531 202.449 -82.7518 45.6594 192.479 -79.081 29.7528 211.611 30.0229 40.2109 218.676 27.6151 25.1635 255.829 3.00955 13.7478 99.5325 18.1365 
151.073 171.604 163.982 135.539 142.876 138.133 170.109 167.708 91.5383 92.6379 36.4318 200.143 19.2827 2.57939 201.897 -83.7684 47.0102 192.448 -80.6408 31.1784 210.54 28.8957 41.4822 217.725 26.3304 25.948 254.88 2.08958 13.8541 99.7801 17.8624 
150.72 172.087 164.735 135.159 142.374 138.029 169.972 167.759 91.3282 92.5709 37.5541 198.933 18.2239 3.64588 201.432 -84.5676 48.1629 192.535 -82.078 32.1987 209.528 27.8281 42.4113 216.626 25.226 26.7371 253.804 1.43569 13.9758 100.305 17.7295 
150.368 172.166 164.782 134.992 142.194 138.024 169.165 167.361 90.8999 92.4123 38.4065 198.33 17.2073 4.4851 201.26 -84.6542 49.1306 192.839 -82.8997 33.1889 209.384 26.8813 43.3506 216.357 24.2795 27.6425 253.4 0.899461 14.0781 100.583 17.6642 
150.339 171.849 164.826 135.364 142.352 138.132 168.528 167.248 90.3898 92.2141 38.8178 198.284 16.4786 4.97502 201.346 -85.0765 50.0379 192.933 -83.6707 33.7788 210.057 26.2547 44.0386 216.718 23.6819 28.6362 253.589 0.193766 14.0773 101.084 17.8616 
150.248 171.719 166.123 135.003 142.095 138.432 167.966 167.921 90.0218 91.9709 39.3185 197.39 16.2181 5.47652 199.675 -84.9175 50.8477 191.301 -84.0168 34.2924 209.562 25.77 44.6597 216.038 23.2278 29.5718 252.763 -0.499791 14.0624 101.227 17.9433 
150.167 171.657 166.664 134.587 141.661 138.501 167.551 167.892 89.7108 91.7469 40.8041 196.271 15.931 6.38156 198.33 -84.9235 52.0596 190.414 -84.5269 35.5208 208.434 25.1892 45.862 214.928 22.7198 30.5088 251.583 -0.802501 14.0586 101.219 18.0422 
149.805 171.778 166.926 134.559 141.353 138.199 166.99 167.628 89.1111 91.3954 42.5233 194.995 15.515 7.47311 196.603 -84.5677 53.2093 189.579 -85.0346 36.9879 207.405 24.6632 47.3819 213.836 22.232 31.5098 250.099 -1.0125 13.9769 101.564 17.9329 
150.091 171.321 167.047 134.949 141.346 138.229 166.935 167.223 89.0015 91.3693 43.1863 194.48 15.4198 8.50243 196.191 -84.9222 54.2577 188.757 -85.035 37.4242 206.684 24.6812 47.9127 213.012 22.5178 32.4876 249.454 -1.08835 13.8381 101.585 17.9893 
150.036 171.377 167.295 135.573 141.302 137.828 167.194 167.014 88.5004 90.9368 45.246 193.781 15.3888 9.67667 195.013 -84.9348 55.5069 188.241 -85.5152 39.2122 206.502 24.7429 49.7152 212.77 22.4349 33.4814 248.555 -1.10192 13.7963 102.169 17.9397 
149.639 171.597 167.755 135.986 141.279 137.655 167.312 167.093 87.9441 90.2607 46.9677 192.849 15.4743 10.7477 192.79 -84.3436 56.2367 186.725 -85.6704 40.8619 206.353 24.9294 51.4446 212.611 22.3694 34.408 247.406 -1.2383 13.7388 102.741 17.5752 
149.439 171.637 167.457 136.714 141.527 137.583 167.115 166.658 87.4128 89.6097 48.7216 192.036 15.4711 11.8125 191.505 -83.9441 57.1639 186.072 -85.741 42.3402 206.12 25.0022 53.0334 212.458 22.3503 35.2802 246.44 -1.20157 13.5913 103.219 17.4498 
149.288 171.345 166.859 137.429 141.843 137.375 167.009 166.142 87.02 89.2749 49.7093 191.318 15.1774 12.4203 191.477 -84.3039 58.3182 186.184 -86.1526 43.2188 205.694 24.8174 54.0389 212.034 22.284 36.1179 245.721 -1.14223 13.4352 103.639 17.8761 
148.874 171.258 166.698 137.85 142.097 137.096 167.233 166.455 86.6926 88.9352 50.601 190.66 15.0186 12.9292 191.073 -84.5232 59.2723 186.352 -86.8644 44.2584 205.477 24.6129 55.1797 211.849 22.0781 36.9075 245.112 -1.17332 13.3134 104.224 18.1327 
148.687 170.898 166.855 138.351 142.278 136.891 167.663 167.019 86.6123 88.7415 51.3311 190.435 14.8951 13.7384 191.073 -85.0756 60.1306 186.422 -87.538 44.9105 205.526 24.5613 55.9364 211.838 22.0005 37.7324 244.878 -1.40032 13.2641 104.819 18.131 
148.401 170.61 167.434 139.089 142.634 136.657 168.016 167.512 86.5679 88.4136 52.2965 190.721 14.4398 14.893 191.977 -86.0451 61.1253 187.215 -88.4187 45.5097 205.991 24.3218 56.6867 212.286 21.7692 38.5991 245.133 -1.71563 13.1864 105.284 18.002 
148.342 170.514 167.151 139.724 142.879 136.494 168.391 167.584 86.7821 88.392 53.4878 191.203 14.2276 16.0581 193.281 -87.1294 62.587 188.479 -89.1475 46.3206 206.512 24.0669 57.6003 212.881 21.5318 39.4544 245.66 -2.01139 13.0836 105.555 18.2494 
148.103 170.64 166.799 139.847 142.784 136.241 168.594 167.741 86.9641 88.495 53.858 191.18 13.9641 16.7821 193.705 -87.7919 63.5563 188.849 -89.7078 46.6419 206.545 23.7396 58.007 212.877 21.2027 40.0792 245.681 -2.43818 13.0529 105.871 18.4345 
148.02 170.445 166.814 140.044 142.901 136.121 168.63 167.787 87.1192 88.723 54.0061 191.488 13.8166 17.1781 194.431 -88.405 64.4549 189.48 -90.2058 46.8631 206.695 23.3549 58.2679 213.049 20.9519 40.649 246.067 -2.76612 12.9846 105.958 18.7901 
147.895 170.43 166.94 140.351 143.223 136.083 168.706 167.897 87.3908 88.9782 54.5726 192.527 13.5877 17.8636 195.546 -88.8973 65.4799 190.924 -90.7767 47.6522 207.696 23.1103 59.0132 214.212 20.6788 41.2591 247.163 -3.04965 12.9508 106.153 18.991 
147.966 170.614 166.991 140.182 143.267 136.224 168.809 168.296 87.9639 89.4255 54.9338 193.758 13.3548 18.6897 196.703 -89.3121 66.4059 192.268 -91.318 48.4151 208.498 22.8167 59.6782 215.292 20.3819 41.8837 248.446 -3.41692 12.9307 106.042 19.0077 
147.922 170.91 167.039 139.978 143.202 136.388 168.802 168.644 88.6222 89.9737 55.3097 194.93 13.0169 19.6086 198.162 -89.8232 67.3947 193.905 -91.9861 49.0663 209.248 22.4809 60.23 216.255 20.0291 42.4585 249.71 -3.79279 12.9451 106.023 19.0101 
147.698 171.419 167.05 139.602 142.983 136.576 168.689 168.987 89.204 90.4513 56.0082 195.865 12.4119 20.6511 199.414 -90.3253 68.4027 195.558 -92.7099 49.8905 209.738 21.9935 60.9163 216.968 19.5107 42.9663 250.684 -4.15859 12.9893 105.928 18.9401 
147.522 172.099 166.127 139.91 143.04 136.691 168.735 168.881 89.9307 90.9406 56.7285 197.848 11.2686 22.2116 203.004 -92.0129 69.9118 199.059 -94.1518 50.5194 211.464 21.2555 61.5772 218.747 18.7411 43.8771 252.941 -4.81465 12.9908 106.245 18.8834 
147.255 172.695 166.647 139.752 142.799 136.72 168.811 169.432 90.1259 91.0788 56.9927 198.43 10.9997 22.9291 204.6 -92.8011 70.4414 200.525 -94.8667 50.4693 211.805 20.9075 61.5316 218.955 18.4136 44.1602 253.637 -4.96133 13.0904 106.413 18.6973 
147.011 173.286 167.276 139.729 142.655 136.79 168.799 169.941 90.1357 91.0531 57.8032 199.593 10.992 23.6605 206.278 -93.1946 71.1464 202.387 -95.3776 50.8827 212.979 20.7639 61.9438 220.025 18.2253 44.6225 254.842 -5.021 13.1643 106.761 18.6212 
146.844 173.927 167.913 139.964 142.675 136.788 168.913 170.543 90.1012 90.966 59.1247 200.561 11.0435 24.42 207.536 -93.4335 72.1284 204.223 -95.9649 51.8601 214.131 20.8831 62.8791 221.157 18.182 45.1671 255.768 -4.93426 13.2403 107.395 18.7017 
146.811 174.37 168.012 140.04 142.529 136.669 169.197 170.726 90.2124 91.0908 60.2084 201.537 11.2981 24.9781 209.034 -93.6142 73.0725 206.015 -96.219 52.7768 215.12 21.1434 63.7159 222.135 18.3725 45.7397 256.717 -4.67568 13.3005 107.804 18.9679 
147.142 174.726 168.661 140.216 142.53 136.639 169.536 171.171 90.2946 91.1361 61.5124 203.203 11.7093 25.3851 210.371 -93.0062 73.734 207.911 -96.1396 54.181 217.038 21.78 64.9892 224.129 18.8103 46.5182 258.375 -4.24143 13.381 108.14 19.1205 
147.523 174.931 169.718 140.266 142.509 136.645 169.792 171.665 90.1971 91.0969 62.2039 204.616 12.4174 25.7255 210.882 -92.1349 74.2242 208.69 -95.6829 55.0284 218.866 22.5963 65.8426 225.842 19.5062 47.2764 259.814 -3.84658 13.4082 108.427 19.1788 
147.89 174.658 170.843 140.099 142.319 136.645 169.799 172.087 90.1702 91.0921 61.9686 205.938 13.3091 25.7989 211.251 -91.1865 74.3933 208.676 -94.8683 55.0822 220.457 23.4509 66.0395 227.219 20.3491 47.9702 261.201 -3.5108 13.3736 108.491 19.2208 
148.046 174.735 171.397 140.091 142.282 136.581 169.958 172.311 90.0356 90.9714 62.243 207.275 14.2486 25.9887 211.632 -90.1571 74.5727 208.764 -94.0079 55.6026 222.175 24.327 66.6707 228.776 21.1429 48.7128 262.526 -3.09792 13.3342 108.546 19.2198 
147.98 174.887 171.53 140.071 142.339 136.597 169.854 172.348 89.9373 90.8531 63.0287 208.768 15.3068 26.3302 211.8 -88.9328 74.9999 208.979 -93.0854 56.5026 223.899 25.0879 67.6812 230.523 21.8319 49.4912 263.856 -2.75068 13.1943 108.526 19.3079 
148.055 174.934 171.485 140.153 142.484 136.621 169.73 172.302 89.8922 90.8097 63.4752 209.991 16.1334 26.6616 212.5 -88.0144 75.385 209.579 -92.3717 57.227 225.269 25.7765 68.5085 231.892 22.5194 50.2593 265.094 -2.26585 13.0711 108.496 19.3628 
148.297 174.889 171.526 140.289 142.616 136.569 169.726 172.218 89.8257 90.7164 64.1769 211.013 16.5122 27.297 213.653 -87.5721 75.9761 210.782 -92.0721 58.1136 226.356 26.2846 69.4379 233.047 23.0522 50.9939 266.182 -1.66663 12.9865 108.486 19.3164 
148.603 174.609 171.664 140.3 142.681 136.588 169.689 172.158 89.6285 90.503 64.0897 212.298 16.5113 27.6671 216.253 -87.8679 76.3931 212.687 -92.0312 58.0722 227.579 26.3754 69.5369 234.092 23.3585 51.8072 267.81 -1.126 12.9759 108.295 19.3184 
148.667 174.536 171.669 140.212 142.674 136.541 169.864 172.086 89.5093 90.3162 64.7329 213.967 16.9496 28.4344 218.481 -87.8431 77.0335 214.438 -91.6959 58.4971 229.052 26.6212 70.0414 235.508 23.7449 52.6272 269.545 -0.596696 12.9442 108.006 19.2141 
148.513 174.419 171.846 140.124 142.667 136.464 169.883 172.121 89.4034 90.1913 66.157 215.674 17.8278 29.3601 219.288 -86.9415 77.8486 215.499 -91.0128 59.7553 230.754 27.2487 71.3222 237.306 24.3442 53.5024 271.023 -0.0770822 12.8535 107.905 19.1241 
148.336 174.465 171.573 140.28 142.775 136.349 170.009 172.212 89.1992 89.9711 68.0803 217.655 18.4025 30.4748 220.109 -85.7046 78.6671 217.345 -90.5023 61.7219 233.056 27.9355 73.2627 239.832 24.8327 54.4413 272.804 0.568304 12.7787 108.033 18.888 
148.521 174.315 171.953 140.584 142.924 136.402 169.977 172.21 89.1323 89.8803 68.6152 219.579 18.9513 31.28 221.449 -84.9222 79.3759 218.797 -89.879 62.562 235.456 28.7035 74.2335 242.182 25.5451 55.3913 274.896 1.10307 12.7041 108.045 18.7856 
148.725 174.195 172.266 140.763 142.976 136.342 170.123 172.214 89.3416 89.9396 69.2511 221.24 19.3749 32.4087 222.876 -84.4344 80.2275 220.162 -89.3777 63.4229 237.34 29.4331 75.1934 244.101 26.1703 56.3308 276.661 1.60348 12.6461 108.051 18.5555 
148.34 174.289 171.865 140.661 142.948 136.136 170.216 171.889 89.4961 90.0941 69.3901 222.121 19.709 33.1644 224.637 -84.5282 81.043 221.424 -89.1133 63.6623 237.939 29.6798 75.4921 244.669 26.5116 57.0202 277.587 2.03396 12.6296 107.998 18.611 
147.953 174.91 171.135 140.421 142.79 135.798 170.594 171.776 89.4433 90.0317 70.6549 223.354 19.7069 34.3758 226.888 -84.646 82.1151 223.861 -89.2698 64.8268 238.789 29.5864 76.5528 245.703 26.4356 57.8111 278.694 2.49912 12.6846 108.078 18.5301 
147.669 175.386 170.834 140.299 142.695 135.519 170.983 171.994 89.2659 89.9454 72.0887 224.675 20.0557 35.329 228.28 -83.988 82.533 225.697 -89.1122 66.4246 240.018 29.8291 78.0077 247.151 26.5633 58.6069 279.835 3.07252 12.7231 108.182 18.1818 
147.626 175.277 171.434 140.241 142.632 135.417 171.001 172.681 89.1897 89.9778 73.2895 226.546 20.6909 36.2417 230.229 -83.6276 83.2898 227.924 -89.0884 67.5067 241.689 30.1057 79.0318 248.898 26.8847 59.4688 281.606 3.52064 12.7291 108.328 18.0494 
147.817 174.786 171.845 140.083 142.635 135.5 170.951 173.039 89.447 90.4017 73.5294 228.282 21.2616 36.7108 232.691 -83.7764 83.9341 229.756 -89.0631 67.8101 242.922 30.3261 79.3735 250.041 27.3316 60.3717 283.471 3.88293 12.6786 108.127 18.1403 
148.053 174.475 171.975 139.826 142.587 135.653 170.914 173.101 89.8981 90.863 73.7442 229.964 21.9641 37.1419 235.043 -83.8253 84.6063 231.256 -88.7459 67.9706 243.901 30.5999 79.5436 251.044 27.8349 61.1421 285.259 4.27904 12.6187 107.617 18.3054 
148.062 174.311 172.567 139.61 142.463 135.855 170.787 173.26 89.8153 90.7722 74.5409 231.414 22.7495 37.4362 236.258 -83.4204 85.2702 232.102 -88.3074 68.4417 245.108 30.8289 80.0317 252.244 28.1699 61.9465 286.698 4.55605 12.6169 107.308 18.5575 
148.283 174.094 173.244 139.425 142.428 136.267 170.586 173.376 89.6512 90.5507 75.2306 232.771 23.2495 37.4692 236.958 -82.7842 85.7585 232.679 -87.8847 69.0473 246.586 31.0714 80.679 253.746 28.4223 62.7323 288.168 4.71562 12.5872 107.093 18.8528 
148.582 173.92 173.82 139.395 142.403 136.577 170.416 173.569 89.4201 90.2635 76.6589 234.255 23.5671 37.8986 237.486 -82.0791 86.5518 233.76 -87.6715 70.3635 248.273 31.2641 81.9301 255.562 28.5257 63.6236 289.687 4.86956 12.6147 107.002 19.0642 
148.846 173.753 174.348 139.646 142.525 136.821 170.359 173.694 89.3962 90.1635 77.2308 235.438 23.7945 38.3965 238.595 -81.893 87.3119 234.835 -87.5651 70.9454 249.632 31.4895 82.5807 256.875 28.7556 64.4678 291.084 4.98647 12.6061 106.977 19.222 
