149.163 176.537 179.402 131.155 138.241 140.185 175.419 176.868 92.686 87.4178 -36.2451 310.876 31.9247 -96.2777 270.798 -48.0661 -57.2157 250.515 -51.0652 -24.1317 336.254 41.4239 -9.78002 339.094 32.4497 -33.3153 357.542 -1.86893 9.16175 101.03 14.5249 
149.455 176.549 179.427 131.383 138.039 140.129 175.176 177.005 93.4489 87.8134 -37.2168 310.589 31.9164 -97.0224 271.086 -48.4183 -58.1941 251.184 -52.1394 -25.073 336.17 41.8212 -10.8003 339.071 32.4478 -34.7399 357.871 -1.64052 9.1939 101.342 14.2879 
149.869 176.625 179.938 133.258 139 140.63 175.043 179.69 93.8038 88.0191 -38.7511 310.18 31.8129 -98.2841 272.181 -49.3931 -60.1379 253.664 -57.04 -25.7702 336.03 42.2015 -11.6509 339.019 32.6804 -36.3092 358.242 -1.39914 9.14591 103.916 13.4001 
149.83 176.843 -nan(ind) 128.592 137.856 139.97 175.161 180 93.0596 88.8822 -41.6127 311.474 32.5607 -101.538 272.93 -49.4431 -62.2911 252.549 -58.0479 -28.581 335.342 41.7728 -13.9726 338.33 33.6058 -37.8349 358.46 -1.35154 8.64978 103.571 14.1522 
149.541 176.926 180 125.061 137.028 139.916 175.366 180 92.7703 89.5468 -44.5493 312.362 32.4243 -104.473 273.818 -50.321 -64.3811 251.353 -58.4317 -31.604 334.327 41.6008 -16.5384 337.384 34.4302 -39.384 358.5 -1.31983 8.19569 102.727 14.8255 
149.581 176.649 180 128.025 139.32 139.186 174.916 180 93.6252 90.2709 -45.6515 312.433 32.6233 -105.539 274.447 -51.4053 -66.3235 252.02 -60.1956 -32.6356 333.655 42.1926 -17.7563 336.798 35.0058 -40.897 358.697 -1.25709 8.14931 102.842 14.3023 
149.58 176.629 180 128.421 140.75 139.349 174.92 180 92.2023 89.4924 -49.3629 313.158 33.4282 -108.332 275.657 -52.9383 -68.6817 251.896 -60.0897 -35.8482 333.643 42.6914 -20.8115 336.475 36.3866 -42.5544 358.701 -0.840021 8.19946 103.003 14.6316 
149.52 176.586 180 128.594 141.864 139.399 174.978 180 90.9798 88.7882 -52.1265 313.482 33.9777 -111.223 276.245 -53.982 -70.7633 250.672 -59.8195 -37.9688 332.903 42.8693 -22.9341 335.462 37.1041 -44.1169 358.058 -0.760575 8.25862 103.249 15.38 
149.671 176.291 180 129.725 143.705 139.334 174.981 180 90.1278 89.1497 -54.6879 313.947 33.4174 -112.777 276.419 -54.8322 -72.2563 250.001 -59.5647 -40.4098 332.176 43.0388 -25.3045 334.388 38.0675 -45.6235 357.747 -0.778534 8.20704 102.943 15.5353 
149.568 175.984 180 132.359 144.451 138.289 174.799 180 89.7494 88.744 -55.1524 314.216 32.6053 -113.843 276.178 -54.4079 -73.1596 250.736 -58.792 -41.2658 332.146 43.0963 -26.2528 334.195 37.5932 -47.0435 357.579 -0.737452 8.52314 103.26 15.5497 
148.369 175.716 179.999 135.311 145.713 137.019 174.67 179.993 87.8568 88.5952 -56.1731 314.555 31.175 -115.913 277.046 -55.3505 -76.4774 252.03 -59.6158 -42.707 332.328 42.3618 -27.9739 333.436 37.4589 -48.9263 357.215 -0.806288 8.88357 104.478 14.9682 
147.143 175.496 179.999 137.683 147.637 134.741 174.898 179.994 87.0488 88.6701 -57.0896 315.508 29.0881 -117.335 277.815 -56.7666 -78.4332 252.501 -60.4787 -44.7655 331.966 42.4887 -30.4017 332.622 37.987 -50.4521 356.873 -0.681923 9.27985 105.302 14.7942 
146.538 175.182 180 140.167 148.294 132.791 174.821 179.995 86.0597 87.905 -55.514 314.806 27.0015 -118.42 278.012 -56.4713 -79.4914 254.328 -62.033 -44.9757 331.382 41.4357 -30.7694 331.948 36.5468 -51.7329 356.306 -0.672849 9.52452 106.352 14.6485 
146.187 174.981 180 142.344 150.031 130.822 174.966 179.996 84.5379 86.4986 -54.5235 314.742 25.6808 -119.499 277.823 -55.5809 -80.6537 256.041 -63.3405 -45.2446 331.994 40.0459 -31.2244 332.237 34.8078 -53.3344 355.994 -0.843937 9.8541 108.28 14.4438 
146.132 174.86 180 142.852 151.748 128.983 175.254 179.997 83.586 85.4063 -55.9935 316.07 24.167 -121.47 279.382 -56.4123 -83.5876 256.817 -63.1907 -48.1435 333.295 40.2043 -34.5529 332.906 35.2829 -55.0351 356.348 -0.930275 10.5407 109.325 14.1044 
148.599 174.605 180 142.585 151.857 127.685 175.605 180 83.5551 85.3541 -56.8486 316.878 23.3146 -122.811 280.141 -56.2205 -85.6851 256.217 -63.4177 -50.4369 333.734 40.1687 -36.6187 333.51 35.4046 -56.7875 356.776 -1.08821 10.1502 109.215 13.9944 
149.593 174.661 180 144.307 152.226 126.611 175.56 180 83.2182 85.0581 -56.653 317.554 21.6645 -123.985 279.945 -55.7652 -86.5435 256.603 -64.3254 -51.2937 334.683 39.5761 -37.628 334.6 34.424 -58.4336 357.303 -1.20977 10.3359 109.876 14.0192 
151.406 174.768 180 143.945 152.802 124.559 175.782 180 83.2681 84.8258 -58.8393 319.131 21.839 -125.51 280.984 -56.444 -88.6637 256.785 -63.9321 -54.4927 336.283 40.1199 -40.4368 335.976 35.1804 -60.0607 358.262 -1.09711 10.1167 110.018 13.7243 
149.801 175.588 180 141.516 152.857 125.842 175.627 180 84.7592 84.9026 -62.6409 319.426 24.3827 -125.934 281.951 -58.652 -90.7667 256.34 -63.21 -57.9622 337.217 41.0373 -43.4286 336.276 36.4203 -60.8764 358.324 -1.17624 9.7318 109.463 13.1053 
148.667 176.368 180 140.223 153.374 128.317 175.759 180 86.2204 85.3971 -65.3728 318.925 27.5263 -125.949 281.334 -58.6488 -92.7033 254.449 -63.0229 -59.6982 337.957 41.8574 -44.8215 336.981 37.37 -61.5596 358.181 -1.27146 9.18558 109.266 12.2616 
148.429 176.908 180 138.961 152.271 130.422 175.891 180 88.1791 86.2993 -66.0349 317.719 29.9579 -125.955 280.501 -58.2323 -93.3434 253.523 -62.864 -59.8714 337.731 42.4676 -44.6727 337.065 37.5692 -62.2041 357.782 -1.45327 8.61061 109.009 11.9825 
148.455 177.516 180 137.329 151.29 131.622 176.398 180 89.6064 87.4466 -65.0957 316.299 31.6339 -126.951 280.615 -57.5776 -93.595 254.264 -64.7711 -58.4644 337.418 42.0948 -43.1969 337.444 36.5204 -63.164 357.779 -1.78725 8.09642 109.865 12.343 
151.727 177.369 180 135.228 151.14 132.002 176.207 180 90.197 88.8252 -66.485 315.538 34.4101 -129.423 280.776 -56.5503 -95.8598 256.518 -66.3792 -58.1365 338.481 41.5805 -43.3013 338.261 35.6755 -64.8681 358.394 -1.99769 8.3846 111.851 12.0768 
160.353 176.857 180 130.798 149.346 131.443 175.808 180 87.7125 90.1247 -69.1552 314.163 37.95 -132.1 279.599 -57.0752 -98.9697 259.052 -65.1312 -60.9988 339.577 39.2204 -46.648 338.396 33.7569 -68.4328 358.326 -2.38343 9.28605 114.422 11.2213 
158.94 174.799 180 131.164 148.682 129.116 174.093 179.998 86.5826 90.6357 -70.8853 315.431 38.4723 -134.728 280.499 -57.2662 -102.383 260.645 -66.4186 -63.5303 340.325 38.865 -49.4788 338.014 34.2324 -69.7835 358.095 -2.52968 9.97691 116.357 10.6574 
161.189 173.451 180 135.887 145.094 126.519 171.839 180 84.7634 88.7728 -69.1522 314.629 38.6273 -136.113 278.707 -55.5613 -101.506 259.15 -66.0916 -63.7919 340.318 37.3794 -49.2679 337.572 30.2548 -71.0849 357.385 -2.50706 10.8015 117.802 12.1008 
163.948 172.013 180 140.752 138.344 125.051 169.721 179.999 82.9746 87.6199 -66.7706 312.67 38.8879 -134.866 276.036 -54.6673 -102.209 258.337 -65.7829 -64.5232 340.11 35.2402 -48.1517 336.976 25.0583 -72.1908 355.95 -2.77159 10.903 119.752 11.148 
164.254 172.619 177.635 139.82 131.531 124.3 170.807 178.691 82.2087 89.2134 -70.1534 312.05 38.5923 -135.898 274.687 -55.8148 -102.398 256.847 -65.7933 -67.8646 340.094 34.5777 -50.1983 335.813 24.9466 -73.5738 354.85 -3.42633 11.1374 121.076 11.4802 
159.125 173.995 172.641 139.67 123.136 121.685 172.813 176.189 76.6768 82.7082 -76.5776 314.361 36.8597 -137.359 275.942 -59.1689 -104.625 255.7 -60.8937 -76.7903 340.671 32.3868 -53.4816 333.5 27.3344 -75.0531 354.04 -3.27806 12.0879 117.532 11.7648 
155.442 174.943 171.68 142.425 125.198 120.392 171.902 174.559 74.7294 84.8048 -79.8231 315.798 34.8591 -139.984 275.619 -58.2163 -104.873 254.392 -59.826 -78.3069 340.547 31.9061 -55.9381 331.856 29.7965 -76.577 353.476 -3.26279 13.2549 118.423 13.1217 
153.393 175.627 171.743 141.844 115.261 120.495 172.225 174.771 76.3195 85.8943 -81.7942 316.693 33.2891 -142.265 275.557 -57.8148 -104.831 252.438 -57.51 -78.631 337.686 33.7763 -55.6041 329.553 30.6933 -78.4806 353.476 -3.26203 13.0622 115.826 15.06 
150.403 174.849 173.017 142.578 113.885 119.579 172.671 176.533 76.1765 90.2683 -82.309 317.331 31.5951 -143.551 275.319 -57.5267 -104.861 251.868 -56.1534 -78.5693 335.839 33.9322 -55.4005 327.592 31.6259 -80.2258 353.387 -3.0839 13.4552 114.849 16.2443 
147.3 174.169 177.068 143.359 116.808 119.668 172.372 178.591 74.1408 94.2934 -84.1135 317.573 29.2163 -145.96 275.046 -56.0888 -105.679 251.39 -55.2605 -79.2045 333.709 33.0988 -55.7727 325.233 33.4926 -81.9271 353.002 -2.97172 13.6116 113.363 17.1182 
145.717 174.139 180 143.632 117.571 119.47 173.041 179.996 74.9231 99.3962 -85.1267 318.028 27.2583 -147.436 274.249 -54.8672 -104.789 250.155 -52.5588 -78.6031 331.281 33.083 -55.6099 323.934 34.1904 -83.5873 353.135 -2.95637 11.8639 110.049 18.9555 
146.062 173.792 180 142.216 121.091 120 172.962 179.997 76.8817 103.405 -87.3452 318.49 26.5525 -150.644 273.718 -53.1661 -104.967 249.189 -50.6962 -79.764 329.407 33.5137 -56.6177 323.154 35.6488 -85.1329 353.702 -3.01924 10.0628 106.365 20.7217 
146.335 173.288 179.999 139.944 124.145 120.376 172.068 179.992 77.8767 106.778 -90.1656 319.43 25.4393 -154.362 274.547 -51.5379 -105.24 249.255 -49.1834 -81.702 328.375 33.498 -58.315 322.201 37.1163 -86.8566 354.594 -3.11793 9.28527 103.492 22.8047 
146.541 174.748 179.999 146.32 114.704 120.883 169.819 179.999 71.3161 97.1486 -98.4452 322.147 27.428 -161.263 277.628 -47.0651 -113.757 248.886 -38.7826 -88.7661 332.997 32.4072 -62.1436 323.188 38.2758 -88.4529 355.716 -2.83494 14.875 99.6455 23.2951 
145.537 176.14 180 148.443 117.376 124.415 172.416 179.993 71.3754 96.6648 -102.452 322.674 27.3762 -162.917 277.846 -46.5855 -116.644 248.683 -41.7389 -87.3871 333.93 32.079 -62.0134 324.122 37.0845 -89.652 356.13 -3.23572 13.8464 101.828 22.1267 
145.043 176.814 180 145.916 119.064 126.071 174.917 180 72.4475 96.7703 -105.117 323.065 27.5564 -162.956 278.485 -48.7137 -120.056 251.023 -44.9208 -87.3289 333.287 31.7207 -62.0998 323.842 35.9523 -90.6037 356.611 -3.59423 13.3387 102.136 19.9967 
144.207 176.687 180 144.485 121.335 126.93 176.232 180 74.6326 98.4063 -108.326 323.644 28.2915 -163.945 279.78 -51.4292 -124.208 255.459 -52.4686 -88.1866 333.665 31.907 -63.7077 323.339 35.9314 -91.3595 356.922 -4.21288 13.47 106.372 16.776 
143.356 176.407 176.999 141.52 123.508 128.605 176.805 178.308 75.6036 98.4992 -109.939 323.613 29.0767 -166.812 281.295 -52.1252 -128.808 258.768 -57.7065 -89.141 333.577 31.3425 -65.5038 323.339 35.3113 -92.4186 357.144 -4.82121 12.5397 108.862 15.0137 
149.728 177.319 176.243 139.616 123.85 130.444 177.161 177.594 73.0566 87.2537 -110.656 322.381 31.8171 -171.847 282.691 -50.4474 -133.575 260.471 -59.053 -90.4136 334.06 31.2515 -68.5803 324.987 33.4289 -93.1309 356.675 -5.0704 10.982 110.226 14.7734 
147.195 176.479 176.787 139.506 131.31 129.08 176.307 177.613 74.1902 84.8896 -111.216 322.805 32.1983 -173.154 282.56 -49.2634 -135.035 260.803 -60.2592 -91.415 334.434 31.4142 -70.3078 327.155 32.0016 -93.9886 356.219 -5.28867 8.54587 111.562 14.9426 
146.902 176.58 176.68 139.642 133.904 124.663 176.844 177.854 75.7944 83.752 -110.262 323.356 32.5995 -172.494 282.334 -50.3424 -135.258 260.501 -60.824 -91.0528 335.14 31.4963 -70.4812 328.341 29.2394 -94.4469 355.716 -5.51182 8.26979 113.553 14.4217 
145.391 176.527 176.654 141.369 137.341 123.102 176.957 176.676 76.5059 83.5855 -109.084 322.631 31.8583 -171.212 281.119 -50.9472 -134.352 259.217 -60.9697 -90.3184 335.092 31.3585 -71.2978 329.59 27.4828 -95.0157 355.25 -5.70818 7.41984 114.407 14.3147 
145.085 176.027 176.714 140.857 137.79 121.307 176.511 176.864 76.583 84.316 -109.67 322.661 30.9135 -170.994 280.336 -51.6039 -134.279 256.829 -60.7843 -91.2079 335.299 31.2507 -73.7041 330.331 27.0971 -95.8845 354.6 -5.78582 7.82486 115.095 14.6307 
143.506 174.551 176.751 138.441 136.909 120.32 175.408 176.397 78.129 86.5181 -112.072 323.863 29.7118 -170.312 278.898 -51.7336 -134.809 256.506 -60.0846 -93.6524 335.189 31.7968 -77.2069 330.471 28.1053 -96.705 354.412 -6.31989 8.41933 113.843 13.597 
139.746 174.139 175.896 139.297 138.367 118.583 174.833 175.369 79.4322 88.7353 -112.076 324.789 27.5378 -169.926 277.356 -52.1306 -134.38 255.79 -59.4999 -94.9558 335.943 32.3885 -80.3729 330.86 28.4971 -97.2736 353.967 -6.73822 10.4042 114.412 13.3396 
131.351 174.794 174.679 141.727 140.834 120.819 174.465 173.867 77.8649 87.4651 -113.446 325.489 25.9035 -168.674 275.124 -53.0954 -134.799 256.098 -59.3098 -98.0713 337.743 31.8067 -82.5637 331.703 30.329 -98.0009 353.514 -7.40512 9.48847 115.369 11.6187 
126.547 175.741 173.993 144.633 142.817 122.923 173.796 172.53 75.52 84.7492 -113.716 325.354 24.8162 -169.85 275.401 -53.6558 -136.381 256.41 -59.8396 -99.5788 339.607 30.9492 -84.1303 332.98 31.3063 -98.6532 353.232 -7.71911 9.09235 117.038 11.506 
126.521 176.301 174.071 148.454 145.188 123.9 173.563 171.944 73.1602 82.4178 -113.127 324.417 25.6764 -172.898 276.982 -53.7579 -138.72 256.758 -60.6602 -100.203 341.091 30.3047 -85.2375 334.496 32.1312 -99.361 353.061 -7.96221 8.71798 118.729 12.526 
133.462 176.846 174.412 149.623 147.143 124.585 174.941 171.601 72.7897 79.5535 -113.634 324.652 27.1823 -173.043 276.55 -54.0115 -140.757 255.526 -59.1634 -101.21 343.124 31.0597 -87.2216 336.411 32.9622 -99.7263 353.362 -7.90425 9.26395 119.118 11.6383 
139.911 177.111 174.282 148.926 148.408 126.919 175.822 171.809 72.725 77.3243 -116.942 325.34 28.3336 -172.474 276.989 -55.0486 -142.83 254.609 -57.3555 -102.938 345.66 31.6908 -89.7596 338.997 33.8225 -100.163 353.792 -7.73954 9.67223 119.433 10.455 
143.356 176.515 174.292 148.395 147.695 128.73 175.518 172.163 72.4217 75.4244 -121.204 326.644 27.6507 -171.91 278.107 -56.5799 -144.335 254.124 -55.5748 -104.99 348.203 31.7861 -92.4281 341.235 34.3438 -100.548 354.125 -7.56928 10.2344 119.659 9.86259 
139.236 176.412 172.613 151.053 147.339 128.574 176.356 172.418 71.4838 73.6874 -125.543 327.51 26.1309 -172.775 277.578 -59.4794 -147.488 255.641 -56.9399 -106.622 348.94 31.2693 -94.142 341.863 33.8722 -101.435 353.636 -7.3504 10.1973 120.567 8.13255 
137.826 176.363 171.951 154.702 146.207 127.301 176.736 172.698 70.966 71.5061 -127.816 328.102 24.7017 -173.426 277.766 -61.7599 -149.134 256.085 -58.7707 -107.675 349.159 30.9542 -95.0826 341.494 33.1041 -102.315 353.03 -7.15542 10.3713 121.934 7.58572 
137.53 176.529 171.486 157.505 146.189 126.714 177.48 172.979 70.9432 69.5057 -130.007 328.727 23.4059 -174.195 277.747 -63.2145 -150.711 256.731 -60.5205 -108.694 349.057 30.778 -95.7981 340.616 32.4234 -103.18 352.441 -7.09374 10.2715 123.113 7.07073 
136.554 178.51 172.519 159.295 146.945 126.261 179.001 174.406 70.4446 67.6486 -132.386 329.15 21.7277 -174.198 278.229 -64.7149 -150.913 257.36 -62.0214 -109.549 348.796 30.4619 -96.6954 339.662 31.7933 -104.106 351.965 -6.97933 10.6109 124.647 6.97338 
134.287 177.933 173.491 159.659 147.434 125.454 179.265 175.504 70.4465 67.0275 -133.673 330.069 20.7302 -174.708 279.009 -65.9466 -150.987 257.906 -63.7464 -110.222 349.058 30.3672 -97.6269 339.354 31.4915 -105.215 352.07 -6.85421 11.0561 126.385 7.22555 
137.142 179.141 174.827 157.249 148.055 127.108 179.694 175.849 70.4049 65.8882 -135.18 330.871 21.6474 -173.993 278.603 -64.8212 -151.533 258.008 -63.3756 -111.111 350.041 30.3409 -98.4781 340.253 31.3339 -106.012 352.784 -7.04538 11.3989 126.292 6.697 
135.351 175.467 176.897 156.949 145.872 126.649 178.388 177.527 70.3734 65.0929 -137.048 332.064 20.6592 -173.654 279.589 -66.4861 -150.961 258.712 -64.8929 -112.914 350.885 30.001 -100.435 340.408 31.0714 -107.117 353.337 -7.12522 11.8767 127.294 6.94889 
134.534 175.482 178.954 156.492 143.753 125.939 178.393 179.301 70.2223 63.4776 -138.54 332.749 19.6631 -174.25 279.839 -66.7848 -150.159 259.294 -66.4046 -114.955 351.057 29.6367 -102.093 339.869 30.435 -108.33 353.686 -7.25453 12.0853 127.959 7.98469 
135.267 175.135 179.76 155.41 140.186 126.919 178.269 178.335 70.3982 61.8353 -137.946 332.165 20.1265 -174.118 279.513 -66.5084 -151.582 257.793 -64.7508 -115.368 350.049 29.9893 -102.032 338.543 29.9909 -109.12 353.835 -7.67819 12.5465 125.867 6.94568 
132.267 175.04 179.881 157.096 140.099 126.497 178.236 179.16 69.5858 62.2319 -138.006 333.094 19.5209 -174.701 279.872 -67.0886 -150.547 257.236 -64.5745 -116.515 350.44 29.4926 -103.982 338.725 30.0901 -110.226 354.314 -7.77559 13.2767 126.685 7.97011 
131.819 174.994 179.803 157.104 139.15 126.099 178.221 178.537 69.1078 63.4115 -138.261 333.078 19.1042 -175.107 280.503 -66.8862 -150.118 256.046 -62.9615 -117.852 350.553 28.9976 -105.945 338.898 30.2741 -111.257 354.489 -7.87768 13.618 126.336 8.85421 
132.162 175.055 179.86 156.75 138.492 125.583 178.243 178.917 68.9204 64.3746 -139.292 333.135 18.7156 -175.83 280.536 -66.8939 -149.798 255.346 -61.9569 -119.534 350.923 28.485 -107.887 339.232 30.3069 -112.392 354.831 -8.07369 13.7983 125.873 9.63407 
133.014 175.04 179.878 155.936 137.604 124.901 178.239 179.059 69.3296 65.2122 -140.679 333.243 18.602 -175.944 280.53 -66.8405 -150.465 255.599 -62.4679 -120.987 351.295 28.2251 -109.296 339.298 30.284 -113.291 355.023 -8.19152 13.8952 125.734 9.2435 
134.345 174.978 179.893 154.736 138.42 124.823 178.217 179.188 70.1312 65.7024 -143.465 333.353 18.6817 -176.051 280.109 -66.7745 -151.135 255.821 -63.2105 -122.426 351.527 28.103 -110.455 339.272 30.1177 -114.045 354.848 -8.34369 13.7924 125.811 8.78309 
134.325 174.888 179.906 153.038 140.481 125.011 178.185 179.291 71.346 67.5582 -144.271 332.706 19.4103 -176.907 279.383 -65.9361 -151.926 256.549 -64.4813 -123.227 350.999 28.5498 -110.814 339.165 30.3154 -114.878 354.786 -8.44985 13.0723 125.711 8.432 
134.844 174.606 179.95 152.481 141.769 125.578 178.085 179.623 71.3733 68.3593 -143.146 331.142 19.6425 -177.318 278.713 -65.3394 -152.573 256.809 -65.1423 -123.367 349.371 29.0172 -110.84 338.324 30.3194 -115.779 354.78 -8.58019 12.8689 124.858 7.99926 
134.734 174.458 179.907 152.827 143.066 125.641 178.032 179.241 71.623 68.6443 -142.786 330.472 19.0613 -178.048 278.299 -65.2521 -153.566 256.689 -64.3585 -123.897 348.977 29.0087 -111.57 338.025 30.0702 -116.645 354.559 -8.86733 13.081 124.398 7.64903 
134.251 174.351 179.898 153.681 142.742 125.503 177.993 178.994 71.0252 68.1008 -142.681 330.358 18.0512 -179.101 278.629 -65.8071 -154.336 256.681 -62.9633 -124.998 348.642 28.3959 -112.742 337.57 29.5995 -117.601 354.405 -9.29509 13.18 123.717 7.83947 
133.827 174.341 179.855 153.996 144.265 124.821 177.989 178.409 70.6788 68.0751 -142.818 330.135 16.9741 -180.099 279.084 -66.3302 -156.321 257.213 -62.6381 -126.332 348.603 27.8585 -114.014 337.712 29.3123 -118.506 354.288 -9.62654 12.8716 123.029 7.33931 
134.177 174.32 179.826 152.862 144.432 123.031 177.981 178.115 70.991 68.1138 -142.786 329.766 16.9292 -180.772 279.325 -66.7884 -158.298 257.76 -63.6189 -127.277 348.208 27.71 -114.639 337.509 28.9307 -119.272 354.115 -9.92221 12.5405 122.499 6.52195 
135.005 174.309 179.835 150.635 143.794 121.768 177.977 178.329 71.9416 68.4316 -143.121 329.141 17.7139 -181.452 279.363 -66.9876 -159.569 257.982 -64.8481 -127.934 347.547 27.9612 -114.805 337.206 28.5381 -119.968 353.832 -10.128 12.1951 122.112 6.093 
135.082 174.316 179.858 148.54 141.735 121.227 177.979 178.655 72.8612 68.2029 -143.665 328.429 18.3429 -182.304 278.865 -66.7613 -160.35 257.975 -65.9552 -128.504 346.755 28.3454 -114.818 336.526 28.0754 -120.817 353.573 -10.2432 11.9927 121.972 5.99544 
135.939 175.157 179.86 148.079 141.468 121.125 178.278 178.688 73.3715 68.259 -143.943 327.461 18.825 -183.018 278.282 -66.225 -160.914 257.896 -66.6053 -128.828 346.367 28.5822 -115.045 336.213 27.828 -121.558 353.255 -10.2859 12.1346 122.27 6.04926 
136.492 176.197 179.847 148.174 142.293 121.606 178.648 178.605 73.1636 68.4999 -143.44 326.193 19.1014 -183.758 277.796 -65.8052 -161.555 257.82 -67.1202 -129.003 345.881 28.4976 -115.305 336.064 27.6589 -122.426 353.115 -10.3302 12.1519 122.506 6.05271 
137.321 176.993 179.773 147.722 142.311 121.455 178.931 178.005 72.96 68.5568 -143.505 325.58 19.0915 -184.727 277.754 -65.832 -163.279 258.039 -67.4522 -129.818 345.596 28.2545 -116.138 336.032 27.5029 -123.198 352.97 -10.4646 11.9975 122.1 5.68714 
138.574 177.123 179.794 147.221 141.95 121.115 178.991 178.226 72.6057 68.5748 -143.496 324.933 19.042 -185.646 277.737 -66.396 -164.164 258.273 -68.1846 -130.49 345.121 27.8951 -116.79 335.937 27.2091 -123.988 352.884 -10.6913 11.8235 121.946 5.67911 
139.481 176.998 179.822 146.928 142.748 120.877 178.932 178.453 72.5282 68.7517 -143.847 324.34 19.357 -186.441 277.449 -66.3585 -165.127 258.47 -68.6289 -131.114 345.007 27.5621 -117.423 336.023 26.9169 -124.604 352.554 -10.8361 11.6586 122.21 5.65448 
140.542 176.77 179.843 147.126 143.019 120.16 178.851 178.603 72.596 68.8069 -143.815 324.261 19.4855 -186.883 277.362 -66.5362 -165.962 259.029 -68.974 -131.939 345.15 27.3983 -118.104 336.146 26.7526 -125.211 352.551 -10.9315 11.4744 122.306 5.46565 
141.755 176.961 179.847 147.158 142.108 119.657 178.918 178.596 72.8134 68.0263 -143.622 323.946 19.8128 -188.034 276.933 -66.8352 -167.616 259.831 -69.6073 -133.08 344.76 27.2596 -118.757 335.838 26.0329 -126.455 352.688 -11.2823 11.0725 121.948 5.16262 
141.669 176.537 179.852 147.992 143.247 119.142 178.767 178.594 72.707 67.77 -143.42 324.56 19.7996 -188.618 277.196 -67.1207 -168.249 260.388 -69.6768 -133.843 345.211 27.1108 -119.529 336.043 25.9184 -127.054 353.01 -11.3469 11.1075 122.132 5.11148 
142.087 176.778 179.867 148.022 142.736 118.477 178.853 178.748 72.5404 67.0633 -143.466 325.17 19.7821 -189.576 277.654 -67.3314 -169.277 261.159 -70.1553 -134.73 345.389 27.0362 -120.301 336.094 25.6434 -127.827 353.509 -11.4373 11.1215 122.009 5.24097 
141.977 176.72 179.91 148.48 142.229 117.665 178.832 179.055 72.1128 66.7322 -142.899 325.528 19.8166 -190.329 277.837 -67.5904 -169.5 261.685 -70.1575 -135.437 345.176 26.9268 -121.009 335.765 25.6966 -128.369 353.6 -11.4351 11.0652 122.009 5.50218 
142.228 177.04 179.938 149.087 141.598 116.995 178.947 179.333 71.3035 66.5174 -142.368 325.519 20.1454 -190.835 278.164 -67.8122 -169.782 261.645 -70.199 -135.956 344.648 26.7258 -121.75 335.276 25.8143 -128.859 353.525 -11.4084 11.2123 121.828 5.66224 
142.096 177.383 180 150.56 140.821 116.793 179.069 180 69.514 65.2013 -142.589 325.705 20.0337 -191.176 278.697 -68.0917 -169.529 261.533 -69.8382 -136.267 344.415 26.0036 -122.465 334.873 25.6244 -129.234 353.489 -11.4804 11.6839 121.933 6.00668 
142.788 177.222 180 151.799 138.5 116.999 179.013 180 67.9657 64.6759 -142.694 325.637 20.0736 -191.416 278.993 -68.1224 -170.289 261.361 -69.6994 -136.358 344.199 25.4087 -123.02 334.516 25.5827 -129.741 353.68 -11.5518 12.3008 121.618 5.75993 
142.983 176.382 180 151.82 136.152 117.13 178.714 180 66.7698 64.4964 -143.116 325.745 19.8821 -191.662 279.269 -68.4343 -171.113 261.281 -69.6526 -136.751 344.109 24.8494 -123.784 334.234 25.6311 -130.233 353.897 -11.6468 12.7825 121.241 5.44409 
