174.888 172.831 171.746 172.051 169.008 167.628 169.98 167.862 167.729 162.392 155.758 310.639 20.6831 124.042 260.211 -34.439 102.739 241.346 -36.2884 76.875 235.93 -20.4207 51.0812 245.875 10.2691 87.2231 314.068 41.4952 10.895 6.46026 4.88074 
174.789 172.821 171.788 172.024 168.959 167.321 169.915 167.848 167.653 162.255 155.48 310.816 20.5213 123.878 260.343 -34.378 102.503 241.505 -36.2257 76.7109 236.119 -20.3218 50.9669 246.144 10.3182 87.2268 314.155 41.5719 10.8748 6.43225 4.90243 
174.742 172.729 171.729 171.932 168.811 167.203 169.761 167.722 167.513 161.983 155.317 310.888 20.4076 123.805 260.489 -34.429 102.318 241.591 -36.2099 76.5422 236.159 -20.2432 50.8566 246.233 10.4513 87.2116 314.13 41.5895 10.8945 6.46279 5.0042 
174.872 172.68 171.72 171.863 168.739 167.217 169.67 167.662 167.411 161.836 155.193 310.833 20.2603 123.649 260.379 -34.3891 102.047 241.505 -36.0843 76.2205 236.082 -20.0512 50.5742 246.231 10.6544 87.1652 314.042 41.6099 10.9417 6.52709 5.07393 
174.872 172.647 171.706 171.792 168.681 167.142 169.567 167.57 167.282 161.703 155.019 310.814 20.2819 123.526 260.427 -34.254 101.767 241.607 -35.8898 75.9059 236.225 -19.8157 50.2264 246.427 10.8456 87.1139 314.107 41.6866 11.0325 6.56856 5.15615 
174.928 172.65 171.756 171.784 168.687 167.095 169.553 167.566 167.211 161.604 154.847 310.758 20.3632 123.383 260.46 -34.1512 101.469 241.688 -35.7387 75.6026 236.403 -19.5953 49.9024 246.708 11.0416 87.0539 314.251 41.7806 11.0934 6.58042 5.22994 
175.143 172.674 171.817 171.789 168.762 167.209 169.552 167.546 167.143 161.552 154.717 310.696 20.3842 123.208 260.499 -34.1752 101.236 241.722 -35.7275 75.3784 236.411 -19.5459 49.6767 246.774 11.0267 86.9171 314.257 41.7924 11.0748 6.59562 5.28263 
175.222 172.654 171.823 171.784 168.834 167.306 169.5 167.494 167.085 161.574 154.615 310.675 20.3962 123.11 260.664 -34.2019 101.116 241.878 -35.7566 75.2819 236.506 -19.5813 49.5657 246.789 10.9161 86.8005 314.286 41.7821 11.0622 6.5959 5.30983 
175.236 172.638 171.83 171.778 168.847 167.346 169.44 167.418 167.027 161.576 154.588 310.782 20.5368 123.09 261.048 -34.354 101.065 242.175 -35.9018 75.2437 236.68 -19.7743 49.5141 246.844 10.6302 86.6612 314.331 41.7647 11.0181 6.59944 5.38277 
175.296 172.539 171.778 171.724 168.816 167.506 169.246 167.302 166.919 161.515 154.507 310.781 20.6443 123.099 261.28 -34.4013 100.995 242.4 -36.0599 75.1744 236.796 -19.9542 49.4283 246.759 10.4432 86.4627 314.301 41.7265 11.0207 6.61291 5.41924 
175.037 172.309 171.668 171.688 168.717 167.471 168.891 167.196 166.905 161.636 154.114 310.612 21.1051 123.082 262.07 -34.6111 100.892 243.113 -36.5794 75.0995 237.201 -20.541 49.3703 246.524 9.94429 85.9817 314.188 41.7654 11.0319 6.62717 5.45647 
174.923 172.174 171.565 171.672 168.702 167.597 168.703 167.147 166.943 161.805 154.188 310.755 21.4909 123.483 262.61 -34.7275 101.207 243.578 -37.0016 75.3602 237.432 -21.0937 49.5464 246.301 9.4873 85.8457 314.12 41.7478 11.0861 6.6561 5.50835 
174.968 172.04 171.499 171.597 168.673 168.002 168.376 167.019 166.94 162.188 154.203 311.006 21.9116 123.64 262.795 -34.5116 101.217 243.774 -37.0239 75.2649 237.531 -21.193 49.3742 246.099 9.41807 85.6756 314.059 41.8377 11.1522 6.72255 5.58225 
174.809 171.874 171.398 171.464 168.565 168.166 168.024 166.829 166.82 162.398 154.137 311.19 22.2698 123.887 263.146 -34.4549 101.439 244.109 -37.1712 75.4191 237.735 -21.4787 49.4266 245.942 9.0132 85.538 313.949 41.831 11.1533 6.75414 5.62176 
174.678 171.673 171.243 171.267 168.389 168.288 167.61 166.561 166.586 162.365 154.21 311.406 22.6864 124.118 263.34 -34.2452 101.555 244.323 -37.1377 75.4035 237.908 -21.5292 49.2538 245.903 8.93218 85.4299 313.947 41.8843 11.2731 6.82178 5.68925 
174.573 171.577 171.164 171.162 168.32 168.333 167.342 166.366 166.444 162.413 154.197 311.691 23.0499 124.46 263.722 -34.1488 101.892 244.675 -37.1893 75.6479 238.195 -21.778 49.3374 246.052 8.53891 85.354 314.031 41.8928 11.2695 6.83148 5.72476 
174.597 171.495 171.033 171.038 168.235 168.467 167.082 166.126 166.29 162.426 154.31 312.104 23.3787 124.774 263.944 -33.9333 102.144 244.868 -37.0571 75.792 238.354 -21.8079 49.3357 246.122 8.39523 85.2881 314.072 41.9599 11.3047 6.86139 5.79597 
174.665 171.42 170.925 170.923 168.159 168.642 166.862 165.916 166.131 162.389 154.517 312.62 23.7432 125.063 264.345 -33.7544 102.342 245.214 -36.9275 75.9009 238.643 -21.7838 49.355 246.291 8.32357 85.2745 314.203 42.0351 11.345 6.90587 5.90033 
174.67 171.386 170.883 170.862 168.155 168.728 166.72 165.777 166.012 162.357 154.632 312.989 24.0477 125.333 264.77 -33.5994 102.54 245.602 -36.8319 76.0693 238.991 -21.7632 49.4681 246.553 8.2145 85.2896 314.384 42.0993 11.3364 6.91587 5.98293 
174.648 171.334 170.839 170.815 168.157 168.822 166.557 165.641 165.903 162.297 154.703 313.125 24.4729 125.656 265.259 -33.3938 102.769 246.064 -36.7512 76.2947 239.349 -21.7588 49.6582 246.769 8.10918 85.3101 314.526 42.2154 11.3128 6.92359 6.07382 
174.423 171.2 170.661 170.637 167.938 168.648 166.343 165.323 165.467 161.351 154.725 313.406 24.7007 125.875 265.589 -32.9566 102.895 246.416 -36.403 76.4288 239.741 -21.5353 49.742 247.131 8.23659 85.3712 314.73 42.3227 11.4124 6.8874 6.13167 
174.634 171.154 170.588 170.562 167.9 168.766 166.205 165.159 165.315 161.223 154.687 313.374 24.8722 125.903 265.607 -32.5765 102.79 246.527 -36.009 76.2814 239.96 -21.1618 49.5495 247.441 8.48561 85.315 314.936 42.4697 11.4276 6.89461 6.19191 
174.745 171.103 170.489 170.498 167.854 168.872 166.071 164.986 165.199 161.138 154.672 313.364 25.1027 126.006 265.642 -32.1996 102.875 246.608 -35.5884 76.3333 240.096 -20.8009 49.5511 247.626 8.7371 85.273 315.108 42.635 11.4163 6.89295 6.20673 
174.799 171.12 170.493 170.505 167.86 168.912 166.053 164.981 165.212 161.178 154.665 313.509 25.4866 126.127 265.843 -31.811 102.956 246.842 -35.2784 76.3738 240.325 -20.5174 49.55 247.833 8.96331 85.1909 315.308 42.8898 11.4114 6.91 6.22463 
175.032 171.114 170.482 170.495 167.862 169.145 165.989 164.909 165.15 161.131 154.719 313.557 25.7373 126.197 265.789 -31.4054 102.936 246.876 -34.9589 76.2734 240.388 -20.2009 49.3808 247.974 9.23537 85.0967 315.458 43.0893 11.4318 6.95003 6.24297 
175.366 171.185 170.531 170.565 167.97 169.405 166.004 164.886 165.167 161.195 154.722 313.708 25.9646 126.314 265.935 -31.111 103.002 247.112 -34.777 76.2997 240.587 -20.0863 49.4007 248.173 9.22598 84.9826 315.631 43.2355 11.3367 6.9624 6.24795 
175.649 171.269 170.58 170.638 168.097 169.566 166.038 164.886 165.206 161.276 154.682 313.935 26.223 126.431 266.123 -30.7617 103.167 247.38 -34.5078 76.4488 240.81 -19.9208 49.5696 248.345 9.23837 84.8571 315.821 43.4119 11.2082 6.95115 6.20459 
175.7 171.321 170.584 170.656 168.075 169.444 166.182 164.89 165.171 161.048 154.675 314.109 26.2986 126.595 266.147 -30.5252 103.426 247.439 -34.2733 76.6568 240.824 -19.8042 49.7389 248.334 9.20099 84.6673 315.854 43.5165 11.1288 6.942 6.1435 
175.681 171.451 170.67 170.757 168.179 169.271 166.418 165.029 165.25 160.964 154.543 314.18 26.4023 126.709 266.294 -30.3763 103.719 247.64 -34.1599 76.9871 240.963 -19.8214 50.097 248.377 9.02081 84.5014 315.927 43.6377 10.9653 6.87576 6.02096 
175.745 171.635 170.79 170.893 168.361 169.15 166.791 165.284 165.445 161.024 154.585 314.556 26.601 126.965 266.67 -30.2597 104.177 248.038 -34.1449 77.4575 241.267 -19.9399 50.6022 248.543 8.78638 84.4822 316.115 43.8158 10.7965 6.82737 5.89538 
175.665 171.842 170.966 171.104 168.616 168.952 167.17 165.582 165.715 161.125 154.437 314.341 26.8742 127.056 266.745 -30.1173 104.451 248.18 -34.0059 77.7541 241.435 -19.8884 50.942 248.775 8.7636 84.4414 316.312 44.0251 10.6343 6.75918 5.75616 
175.721 172.127 171.241 171.399 168.973 168.806 167.707 166.039 166.156 161.489 154.282 314.155 27.1195 126.974 266.809 -30.002 104.554 248.307 -33.8771 77.8423 241.668 -19.8647 51.0821 249.14 8.74716 84.4082 316.59 44.289 10.4817 6.69449 5.6071 
175.784 172.407 171.51 171.694 169.322 168.744 168.207 166.463 166.585 161.857 154.169 313.97 27.3778 126.917 266.916 -29.9531 104.679 248.473 -33.7757 77.9724 241.956 -19.8482 51.2388 249.587 8.75253 84.4069 316.95 44.525 10.3498 6.61941 5.46618 
175.747 172.637 171.73 171.949 169.61 168.571 168.588 166.81 166.946 162.163 153.979 313.614 27.6198 126.88 266.908 -29.8692 104.825 248.56 -33.6383 78.1053 242.182 -19.8172 51.4227 249.978 8.7454 84.441 317.215 44.7836 10.1981 6.55263 5.31163 
175.638 172.836 171.895 172.179 169.868 168.319 168.894 167.085 167.278 162.44 153.668 313.124 27.9094 126.83 267.004 -29.7684 105.022 248.756 -33.4727 78.3145 242.481 -19.8163 51.7172 250.34 8.65158 84.4662 317.426 45.0201 10.0162 6.47682 5.13287 
175.591 173.044 172.028 172.401 170.117 168.199 169.235 167.386 167.676 162.798 153.505 312.774 28.1588 126.734 267.082 -29.6933 105.006 248.921 -33.295 78.2329 242.772 -19.6865 51.7677 250.725 8.83933 84.5286 317.696 45.2733 9.92688 6.48363 5.04914 
175.725 173.277 172.174 172.664 170.404 168.244 169.62 167.694 168.118 163.241 153.425 312.35 28.4177 126.564 266.918 -29.6335 104.864 248.817 -33.0663 77.9902 242.775 -19.4687 51.681 250.852 9.15486 84.5381 317.782 45.5133 9.85767 6.53015 5.01102 
175.88 173.441 172.296 172.86 170.589 168.317 169.915 167.953 168.463 163.63 153.31 311.906 28.5699 126.271 266.628 -29.5902 104.567 248.596 -32.8495 77.6061 242.697 -19.2259 51.4139 250.923 9.49082 84.4932 317.821 45.7407 9.8355 6.57147 4.97995 
176.084 173.537 172.339 172.951 170.684 168.503 170.091 168.086 168.642 163.833 153.325 311.547 28.6812 126.018 266.127 -29.472 104.292 248.175 -32.5323 77.2298 242.423 -18.8609 51.1223 250.809 9.95126 84.4385 317.722 45.9438 9.85204 6.62817 4.96219 
176.517 173.617 172.353 172.983 170.718 168.884 170.252 168.187 168.753 163.951 153.503 311.546 28.7903 125.775 265.59 -29.2957 103.924 247.711 -32.2078 76.7313 242.074 -18.4194 50.7174 250.636 10.5235 84.3414 317.593 46.1493 9.89097 6.72023 5.00298 
176.998 173.59 172.237 172.862 170.57 169.4 170.237 168.102 168.63 163.74 153.755 311.626 28.8513 125.458 264.828 -28.9014 103.398 247.049 -31.6466 76.0479 241.611 -17.6603 50.024 250.396 11.5101 84.1983 317.455 46.3843 10.0976 6.83902 5.07881 
177.416 173.531 172.092 172.691 170.342 169.898 170.15 167.961 168.433 163.417 154.009 311.629 28.9564 125.188 264 -28.3726 102.789 246.343 -30.9652 75.2593 241.189 -16.739 49.2115 250.253 12.7043 84.0942 317.428 46.6593 10.3645 6.96898 5.21281 
177.563 173.469 171.902 172.512 170.089 170.135 170.061 167.809 168.229 163.13 154.297 311.725 29.1181 125.118 263.298 -27.9119 102.532 245.702 -30.3672 74.8735 240.729 -15.9227 48.753 249.939 13.792 84.0781 317.356 46.9027 10.6395 7.07934 5.28313 
177.786 173.215 171.494 172.131 169.757 170.575 169.649 167.301 167.671 162.363 154.815 311.398 29.841 125.343 262.208 -26.9033 102.442 244.648 -29.1891 74.5257 239.896 -14.5397 48.1808 249.339 15.4869 84.0229 317.076 47.3504 11.0544 7.26045 5.45451 
177.698 172.887 171.145 171.725 169.296 170.735 169.124 166.781 167.029 161.532 154.969 310.87 30.3258 125.326 261.695 -26.052 102.133 244.219 -28.2774 74.1333 239.671 -13.3873 47.6255 249.192 16.7829 84.003 317.084 47.613 11.4237 7.35851 5.59446 
177.662 172.572 170.771 171.349 168.767 171.087 168.582 166.213 166.405 160.717 155.175 310.252 30.8438 125.459 261.271 -25.3466 102.027 243.867 -27.536 73.9424 239.396 -12.4562 47.2443 248.931 17.8499 83.9675 316.97 47.841 11.7638 7.46576 5.71113 
177.641 172.272 170.414 171.01 168.292 171.333 168.12 165.679 165.819 159.96 155.398 309.991 31.3962 125.611 261.189 -24.7949 102.005 243.722 -26.9378 73.8662 239.255 -11.7208 47.0232 248.791 18.6507 83.9504 316.914 48.0898 11.9908 7.54402 5.84854 
177.459 172.003 170.12 170.712 167.832 171.437 167.695 165.213 165.275 159.227 155.423 309.407 31.7895 125.623 260.938 -24.4246 101.967 243.465 -26.5145 73.8236 239.003 -11.1907 46.8878 248.585 19.1899 83.8847 316.735 48.2413 12.1063 7.5784 5.88916 
177.389 171.827 169.909 170.467 167.441 171.584 167.392 164.859 164.837 158.658 155.545 309.383 32.1255 125.676 260.971 -24.1269 101.932 243.424 -26.2279 73.8096 238.878 -10.7969 46.7788 248.438 19.6196 83.7983 316.601 48.4727 12.2161 7.60597 5.97717 
177.326 171.753 169.809 170.34 167.257 171.717 167.329 164.726 164.648 158.48 155.695 309.379 32.4738 125.643 260.857 -23.9301 101.795 243.233 -25.9993 73.6637 238.656 -10.4371 46.5094 248.244 20.0959 83.7513 316.499 48.7004 12.3923 7.64811 6.06363 
177.321 171.723 169.764 170.27 167.144 171.986 167.302 164.618 164.499 158.315 155.758 309.059 32.8945 125.487 260.523 -23.6484 101.483 242.899 -25.6328 73.2773 238.408 -9.96658 46.0013 248.13 20.6441 83.6432 316.385 48.926 12.5826 7.71098 6.15794 
177.272 171.777 169.784 170.288 167.141 172.147 167.386 164.606 164.477 158.343 155.774 308.731 33.1914 125.365 260.348 -23.622 101.258 242.691 -25.5111 73.0218 238.237 -9.77946 45.6418 248.051 20.8678 83.5712 316.272 49.0286 12.7115 7.74176 6.23862 
177.24 171.88 169.847 170.352 167.169 172.287 167.591 164.709 164.566 158.512 155.796 308.624 33.3477 125.111 260.199 -23.7404 100.89 242.454 -25.487 72.6058 238.047 -9.64193 45.134 247.97 21.136 83.4829 316.221 49.106 12.8868 7.79384 6.33557 
177.198 172.036 169.982 170.5 167.316 172.358 167.842 164.889 164.742 158.787 155.781 308.629 33.4642 124.928 260.21 -23.9153 100.684 242.342 -25.5602 72.4312 237.893 -9.60971 44.9177 247.866 21.2691 83.4134 316.173 49.1905 12.9654 7.8018 6.39086 
177.327 172.095 170.059 170.595 167.336 172.747 167.899 164.936 164.879 159.238 155.844 308.485 33.6136 124.652 259.98 -24.0295 100.265 241.982 -25.5217 71.9989 237.557 -9.43084 44.4481 247.648 21.602 83.4045 316.054 49.2296 13.1135 7.8569 6.52923 
177.543 172.121 170.093 170.6 167.288 173.154 167.909 164.91 164.877 159.452 156.007 308.541 33.7289 124.372 259.765 -24.0786 99.7187 241.654 -25.4007 71.4109 237.288 -9.09904 43.8066 247.461 22.1483 83.3719 315.986 49.2406 13.3822 7.95532 6.73914 
177.585 172.074 170.101 170.561 167.1 173.537 167.792 164.84 164.798 159.532 156.113 308.451 33.7549 124.111 259.596 -24.1877 99.2087 241.413 -25.4064 70.882 237.092 -8.85836 43.2317 247.326 22.6253 83.3254 315.95 49.1986 13.6418 8.04773 6.90392 
177.591 172.06 170.158 170.584 167.005 173.72 167.765 164.859 164.795 159.653 156.107 308.354 33.7139 123.836 259.432 -24.3355 98.7747 241.18 -25.4116 70.4584 236.96 -8.67561 42.8039 247.312 22.9735 83.314 315.987 49.1425 13.8046 8.08909 7.01529 
177.406 172.076 170.282 170.689 167.021 173.908 167.758 164.962 164.937 160.039 156.132 308.225 33.584 123.745 259.388 -24.7793 98.5714 241.038 -25.8191 70.2637 236.807 -8.96418 42.5642 247.192 22.816 83.3095 315.984 48.9012 13.8914 8.11132 7.0898 
177.276 171.982 170.305 170.655 166.866 174.093 167.584 164.914 164.873 160.11 156.181 307.984 33.2335 123.579 259.143 -25.2425 98.1794 240.766 -26.2667 69.8247 236.545 -9.25676 42.0387 246.992 22.7082 83.2573 315.841 48.5273 14.0976 8.1885 7.20734 
177.106 171.985 170.413 170.729 166.8 174.205 167.564 164.995 164.971 160.289 156.132 307.567 32.9055 123.361 258.864 -25.8878 97.855 240.389 -26.8537 69.488 236.154 -9.71111 41.6333 246.701 22.4571 83.1525 315.615 48.111 14.2361 8.22742 7.27793 
176.756 171.955 170.539 170.793 166.79 174.105 167.57 165.118 164.913 159.876 156.214 307.666 32.4026 123.15 258.871 -26.549 97.5738 240.196 -27.5022 69.3798 235.959 -10.2236 41.6061 246.545 22.0678 83.1358 315.507 47.6423 14.2537 8.14728 7.34032 
176.663 171.977 170.635 170.863 166.993 174.043 167.564 165.249 165.071 160.375 156.118 307.613 31.9832 122.804 259.018 -27.2382 97.3126 240.272 -28.2012 69.1889 236.005 -10.859 41.4826 246.362 21.5245 83.0762 315.448 47.2275 14.2527 8.12409 7.29704 
176.683 171.996 170.716 170.927 167.311 174.051 167.532 165.318 165.168 160.683 155.82 307.127 31.588 122.466 259.132 -27.8637 97.1171 240.459 -28.874 69.1147 236.158 -11.5323 41.5594 246.303 20.7865 83.0133 315.404 46.7552 14.1038 8.05785 7.18321 
176.686 172.03 170.838 171.05 167.668 173.908 167.609 165.511 165.402 161.168 155.558 306.68 31.2008 122.155 259.442 -28.5849 96.9394 240.778 -29.7044 69.0813 236.373 -12.3631 41.677 246.289 19.9334 83.0109 315.4 46.2565 13.9649 7.99 7.09232 
176.704 171.955 170.834 171.042 167.873 173.844 167.431 165.442 165.362 161.245 155.273 306.315 30.6533 121.918 259.914 -29.2327 96.9211 241.322 -30.5091 69.2952 236.723 -13.21 42.0612 246.334 18.8985 82.9903 315.41 45.6941 13.7279 7.88153 6.94455 
176.675 171.901 170.868 171.099 168.111 173.747 167.331 165.426 165.432 161.452 155.008 306.085 30.1058 121.725 260.429 -30.0323 97.0837 241.808 -31.3588 69.7068 236.962 -14.1614 42.5937 246.252 17.7426 82.971 315.358 45.1211 13.4773 7.74516 6.7637 
176.595 171.88 170.919 171.14 168.33 173.763 167.195 165.395 165.443 161.564 154.803 305.711 29.6536 121.652 260.88 -30.7199 97.3201 242.272 -32.1999 70.1999 237.16 -15.1292 43.1813 246.139 16.5377 82.9307 315.243 44.5452 13.2141 7.60049 6.58939 
176.533 171.772 170.927 171.125 168.495 173.688 166.894 165.28 165.338 161.462 154.647 305.481 29.2541 121.881 261.643 -31.42 97.7645 242.993 -33.2035 70.8798 237.505 -16.2749 43.9402 246.146 15.177 82.8864 315.267 43.8927 12.9207 7.48374 6.48266 
176.454 171.592 170.853 171.049 168.521 173.616 166.573 165.115 165.197 161.31 154.478 305.043 28.9059 122.137 262.036 -32.0056 98.2616 243.353 -34.0144 71.5623 237.551 -17.2012 44.6154 245.952 14.0374 82.8205 315.159 43.2538 12.6932 7.39551 6.36196 
176.374 171.451 170.827 171.02 168.525 173.488 166.321 165.012 165.125 161.177 154.211 304.552 28.5496 122.389 262.355 -32.632 98.7919 243.639 -34.8384 72.2041 237.606 -18.2175 45.246 245.845 12.8073 82.7607 315.038 42.6154 12.4493 7.30368 6.21928 
176.379 171.279 170.778 170.972 168.552 173.412 166.07 164.881 165.001 161.038 153.908 304.009 28.1206 122.474 262.63 -33.2675 99.1196 243.844 -35.5578 72.6171 237.607 -19.0499 45.6283 245.736 11.7752 82.6857 314.956 41.9586 12.281 7.26205 6.12617 
176.596 171.163 170.736 170.913 168.537 173.409 165.964 164.825 164.9 160.909 153.712 303.837 27.6326 122.343 262.609 -33.617 99.1059 243.838 -35.933 72.6336 237.533 -19.3844 45.5884 245.656 11.3747 82.574 314.946 41.4584 12.2998 7.28275 6.06268 
176.675 171.032 170.692 170.836 168.492 173.366 165.812 164.765 164.787 160.774 153.419 303.627 27.2141 122.194 262.741 -33.9608 99.1011 244.07 -36.3223 72.6584 237.779 -19.7568 45.6102 245.845 10.9159 82.4797 315.135 40.9745 12.2794 7.27044 5.94186 
176.796 170.932 170.634 170.744 168.501 173.331 165.74 164.715 164.689 160.763 153.345 303.958 26.6722 121.982 263.194 -34.4047 99.0095 244.528 -36.7278 72.6359 238.178 -20.1112 45.5804 246.078 10.5291 82.4501 315.458 40.5313 12.3268 7.27205 5.88286 
177.005 170.855 170.585 170.689 168.515 173.562 165.685 164.681 164.635 160.744 153.283 304.021 26.1636 121.77 263.453 -34.8304 98.7982 244.812 -37.1675 72.4856 238.344 -20.428 45.4403 246.117 10.2845 82.3744 315.618 40.1091 12.4065 7.31943 5.87694 
177.238 170.823 170.582 170.628 168.503 173.663 165.671 164.695 164.563 160.617 153.068 303.979 25.6289 121.466 263.451 -35.102 98.4788 244.917 -37.412 72.188 238.487 -20.5516 45.1692 246.292 10.1867 82.2312 315.772 39.7775 12.4559 7.348 5.84908 
177.371 170.761 170.547 170.548 168.476 173.798 165.54 164.621 164.442 160.439 152.819 303.672 25.1176 121.282 263.475 -35.3832 98.3363 245.061 -37.6809 72.0899 238.599 -20.7404 45.1191 246.366 9.9975 82.1282 315.82 39.4714 12.447 7.36079 5.78778 
177.343 170.643 170.412 170.385 168.294 173.828 165.351 164.464 164.268 160.149 152.661 303.492 24.693 121.152 263.511 -35.6467 98.177 245.168 -37.9598 71.9633 238.643 -20.9235 45.0562 246.321 9.93811 82.0173 315.797 39.1696 12.5085 7.39677 5.78054 
177.259 170.497 170.257 170.214 168.104 173.805 165.108 164.246 164.047 159.732 152.515 303.431 24.354 121.18 263.692 -35.9334 98.1893 245.368 -38.2786 71.9705 238.784 -21.1813 45.1225 246.384 9.82211 81.9531 315.845 38.8641 12.5615 7.43535 5.78809 
177.143 170.35 170.109 170.051 167.837 173.734 164.939 164.108 163.895 159.389 152.398 303.396 24.1314 121.08 263.771 -36.1309 98.0038 245.466 -38.5074 71.7789 238.851 -21.3139 44.9845 246.414 9.89743 81.8552 315.879 38.6601 12.6723 7.48103 5.82357 
177.028 170.158 169.937 169.829 167.551 173.719 164.741 163.931 163.666 159.008 152.387 303.544 23.9068 120.875 263.972 -36.4592 97.6676 245.582 -38.8275 71.4643 238.843 -21.4332 44.7369 246.345 10.0174 81.7164 315.876 38.4319 12.8123 7.58251 5.93503 
177.046 170.038 169.834 169.699 167.3 173.93 164.632 163.808 163.501 158.698 152.463 303.73 23.6155 120.629 263.86 -36.7958 97.2175 245.359 -39.1449 70.9654 238.527 -21.5501 44.2585 246.129 10.1351 81.512 315.753 38.1683 12.952 7.71749 6.09121 
177.063 169.977 169.769 169.615 167.057 173.947 164.609 163.775 163.432 158.488 152.514 304.146 23.3294 120.255 263.806 -37.0406 96.6331 245.229 -39.4005 70.3588 238.354 -21.598 43.7086 246.073 10.2976 81.2778 315.69 38.0386 13.0655 7.82362 6.22778 
176.984 169.799 169.594 169.409 166.615 174.083 164.406 163.607 163.24 158.096 152.746 304.783 23.1857 119.977 264.116 -37.384 95.9907 245.355 -39.8729 69.7055 238.26 -21.8275 43.196 245.912 10.3814 81.0125 315.552 37.8675 13.2084 7.99967 6.50032 
176.978 169.595 169.402 169.197 166.186 174.294 164.151 163.38 162.96 157.677 152.958 305.373 22.9404 119.583 264.321 -37.6587 95.1507 245.473 -40.2543 68.8519 238.25 -21.9761 42.4741 245.849 10.4999 80.697 315.428 37.686 13.3829 8.16704 6.79303 
176.902 169.424 169.255 169.104 165.939 174.361 164.013 163.323 162.929 157.562 153.093 306.162 22.7824 119.261 264.93 -38.0324 94.4793 245.87 -40.8005 68.2528 238.373 -22.3188 42.092 245.669 10.5319 80.3873 315.322 37.5899 13.535 8.29463 7.07647 
176.861 169.275 169.112 168.971 165.642 174.426 163.902 163.264 162.851 157.436 153.341 307.087 22.7108 118.889 265.312 -38.3383 93.6989 246.079 -41.2563 67.464 238.425 -22.5775 41.4688 245.532 10.6189 80.061 315.204 37.4781 13.7327 8.43962 7.37907 
176.764 169.165 169.075 168.909 165.426 174.444 163.833 163.305 162.855 157.458 153.454 307.883 22.5236 118.467 265.662 -38.7449 93.0231 246.19 -41.7971 66.853 238.285 -22.8945 40.9842 245.184 10.5813 79.6768 314.953 37.3767 13.8551 8.55999 7.6105 
176.817 169.152 169.157 168.92 165.397 174.431 163.894 163.415 162.876 157.431 153.442 308.47 22.5159 117.973 265.868 -39.0531 92.3567 246.175 -42.1889 66.272 238.129 -23.1062 40.5533 244.958 10.4942 79.2906 314.711 37.3454 13.85 8.63917 7.78864 
176.915 169.101 169.184 168.825 165.291 174.337 163.86 163.407 162.734 157.22 153.26 308.799 22.5151 117.383 265.992 -39.1215 91.543 246.259 -42.2918 65.4948 238.207 -23.0211 39.8603 245.042 10.6876 78.9154 314.623 37.394 13.966 8.73523 7.94182 
176.967 169.074 169.218 168.752 165.151 174.252 163.837 163.414 162.623 157.019 153.227 309.27 22.6001 116.934 266.031 -39.1354 90.8963 246.241 -42.3737 64.8586 238.229 -22.9674 39.3052 245.134 10.8589 78.6253 314.58 37.4606 14.0345 8.79816 8.06893 
177.18 168.974 169.165 168.55 164.941 174.366 163.7 163.283 162.291 156.686 153.333 309.852 22.6012 116.444 266.114 -39.1015 90.1211 246.319 -42.3461 64.1021 238.334 -22.6724 38.561 245.304 11.2805 78.3734 314.656 37.5276 14.228 8.94112 8.23913 
177.275 168.893 169.115 168.357 164.68 174.291 163.513 163.104 161.975 156.252 153.186 310.114 22.5231 116.024 266.181 -39.0444 89.5189 246.467 -42.2881 63.491 238.542 -22.4649 38.0342 245.549 11.6045 78.1379 314.73 37.5895 14.3483 9.02861 8.32639 
177.298 168.721 168.984 168.085 164.406 174.242 163.23 162.857 161.603 155.897 153.109 310.181 22.4814 115.679 266.275 -38.9905 88.908 246.678 -42.2231 62.8488 238.82 -22.2369 37.4165 245.778 11.9903 77.9803 314.829 37.6174 14.5854 9.13171 8.45506 
177.234 168.606 168.878 167.849 164.123 174.102 163.033 162.684 161.329 155.666 153.05 310.402 22.4663 115.349 266.371 -38.8947 88.3685 246.867 -42.1029 62.2544 239.108 -21.9869 36.8089 246.02 12.4321 77.8479 314.964 37.7118 14.8493 9.20091 8.5506 
177.208 168.574 168.843 167.728 163.986 173.994 162.979 162.641 161.224 155.623 152.941 310.491 22.4419 115.057 266.431 -38.7863 87.9219 247.045 -41.9464 61.7404 239.403 -21.7338 36.3424 246.264 12.8544 77.7713 315.131 37.8578 15.0294 9.24047 8.59945 
177.263 168.625 168.889 167.758 164.039 173.987 163.04 162.711 161.302 155.78 152.813 310.585 22.353 114.89 266.557 -38.7537 87.6549 247.25 -41.916 61.3913 239.675 -21.7285 36.0886 246.421 12.9964 77.7373 315.249 37.9827 15.0997 9.23596 8.62673 
177.306 168.735 168.976 167.829 164.115 173.956 163.191 162.844 161.456 156.051 152.69 310.691 22.2623 114.661 266.502 -38.634 87.3493 247.318 -41.7618 60.9651 239.917 -21.6258 35.678 246.693 13.1728 77.6944 315.394 38.157 15.1596 9.20209 8.61705 
177.476 168.871 169.083 167.923 164.278 174.02 163.391 162.992 161.598 156.375 152.615 310.778 22.1051 114.408 266.209 -38.4232 87.0697 247.219 -41.4908 60.5375 240.069 -21.371 35.2113 246.977 13.458 77.6824 315.581 38.3266 15.222 9.18123 8.54165 
177.549 169.032 169.198 168.043 164.491 173.996 163.609 163.155 161.766 156.714 152.471 310.836 21.925 114.188 265.945 -38.2479 86.9732 247.109 -41.2471 60.4008 240.175 -21.1802 35.0829 247.15 13.5908 77.6807 315.724 38.4906 15.1527 9.09254 8.38879 
177.623 169.211 169.331 168.232 164.799 174.004 163.899 163.418 162.082 157.268 152.338 310.916 21.7485 114.039 265.806 -38.1972 86.9758 247.062 -41.1766 60.3989 240.241 -21.2073 35.1129 247.128 13.5576 77.6877 315.801 38.6261 15.0694 8.9815 8.24073 
177.43 169.384 169.499 168.47 165.09 173.821 164.225 163.748 162.509 158.048 151.953 310.735 21.5952 113.59 265.476 -38.2462 86.7001 246.79 -41.146 60.007 240.206 -21.3074 34.6828 247.134 13.4898 77.5113 315.866 38.7925 14.992 8.85632 8.06764 
177.228 169.408 169.551 168.635 165.335 173.867 164.364 163.945 162.821 158.736 151.914 310.595 21.5847 113.386 265.357 -38.4665 86.536 246.601 -41.3572 59.8169 240.028 -21.581 34.3927 246.926 13.2359 77.4145 315.792 38.7932 14.9624 8.7966 8.03755 
177.121 169.428 169.611 168.746 165.464 173.936 164.488 164.102 163.045 159.269 151.825 310.465 21.4739 113.016 265.1 -38.6424 86.1432 246.284 -41.4305 59.3977 239.762 -21.5718 33.8934 246.728 13.3287 77.2456 315.704 38.8187 15.017 8.79792 8.04523 
176.98 169.349 169.601 168.799 165.507 173.999 164.474 164.153 163.171 159.618 151.704 310.136 21.3837 112.749 264.875 -38.9319 85.8735 245.933 -41.6287 59.0615 239.382 -21.702 33.5285 246.335 13.3005 77.0578 315.475 38.7487 15.0431 8.83833 8.07139 
176.883 169.318 169.639 168.943 165.601 174.049 164.522 164.275 163.393 159.924 151.628 309.98 21.2648 112.49 264.929 -39.3959 85.5489 245.807 -42.0602 58.724 239.164 -22.0571 33.2753 246.066 13.1906 76.8962 315.36 38.6173 15.0697 8.86332 8.14636 
176.97 169.342 169.743 169.113 165.674 174.236 164.63 164.435 163.575 159.988 151.548 309.851 21.1917 112.257 264.993 -39.8286 85.2202 245.605 -42.475 58.4614 238.842 -22.315 33.1887 245.809 13.1749 76.7195 315.324 38.4672 15.009 8.88611 8.25111 
177.163 169.273 169.782 169.201 165.621 174.606 164.62 164.448 163.573 159.812 151.616 309.634 21.0657 111.971 264.841 -40.2727 84.8249 245.164 -42.8147 58.1963 238.287 -22.4127 33.1137 245.425 13.2691 76.5426 315.196 38.2227 14.9317 8.92395 8.37141 
177.31 169.194 169.836 169.283 165.41 174.929 164.609 164.451 163.541 159.352 151.624 309.454 20.7835 111.574 264.667 -40.9383 84.4281 244.583 -43.3412 58.0518 237.505 -22.7067 33.2854 244.83 13.2423 76.292 314.916 37.8353 14.7858 8.92334 8.46486 
177.427 169.005 169.805 169.26 165.113 175.189 164.453 164.353 163.376 158.823 151.759 309.452 20.7137 110.966 264.784 -41.5244 83.7817 244.178 -43.6935 57.7775 236.85 -22.6339 33.2891 244.393 13.5651 76.0589 314.78 37.495 14.7649 8.99561 8.64426 
177.625 168.582 169.508 168.884 164.56 175.684 163.912 163.887 162.771 158.237 152.015 309.784 20.4488 110.177 264.74 -41.8653 82.8732 243.803 -43.6805 57.0987 236.297 -22.0747 32.6153 244.064 14.1778 75.7474 314.616 37.1536 14.9646 9.23256 8.85849 
177.765 168.046 169.093 168.401 163.728 176.156 163.174 163.189 161.886 157.443 152.332 310.091 20.3308 109.183 264.565 -41.8994 81.6503 243.413 -43.2572 56.0387 235.822 -20.9352 31.3536 243.955 15.2553 75.3715 314.419 36.8794 15.4009 9.63373 9.14757 
177.805 167.562 168.684 167.823 162.705 176.615 162.449 162.496 160.983 156.598 152.651 310.597 20.3907 108.286 264.244 -41.7428 80.316 243.004 -42.7179 54.6115 235.5 -19.6682 29.6862 244.049 16.6402 74.9479 314.274 36.6788 16.0581 10.1416 9.52128 
178.282 167.138 168.318 167.567 162.821 177.584 161.257 161.483 160.189 155.94 153.081 311.102 20.4043 107.162 263.262 -41.1169 78.6601 242.323 -41.47 52.7597 235.191 -18.1062 27.9247 244.102 18.3837 74.3654 314.027 36.5759 16.6463 10.4819 9.8925 
178.683 166.702 167.868 167.307 162.899 178.286 160.197 160.57 159.71 155.546 153.222 311.644 20.0256 106.203 262.411 -40.688 77.2355 241.631 -40.4068 51.0507 234.974 -17.0048 26.445 244.058 19.9009 73.7831 313.744 36.5231 17.1797 10.6266 10.2658 
177.541 166.317 167.517 167.291 163.353 179.351 159.458 159.976 159.669 155.668 153.118 312.202 19.3438 104.968 261.768 -40.4749 75.5506 241.067 -39.5193 49.0973 234.848 -16.0152 24.9301 244.072 21.4125 73.1714 313.592 36.4723 17.6417 10.7749 10.6379 
176.68 166.153 167.267 167.33 163.946 179.759 159.082 159.552 159.853 156.168 152.734 313.02 18.2715 103.574 261.332 -40.3124 73.8136 240.762 -38.5879 47.0878 235.056 -15.0057 23.4481 244.406 22.9317 72.6245 313.756 36.5194 18.0186 10.8821 10.923 
176.071 166.09 167.102 167.44 164.696 179.778 159.02 159.301 160.179 156.86 152.263 313.791 17.2554 102.309 261.238 -40.3879 72.3666 240.732 -37.9252 45.4103 235.411 -14.3496 22.204 244.817 24.0407 72.1617 314.071 36.5672 18.2917 10.9527 11.1352 
175.57 165.848 166.854 167.448 165.186 179.964 158.742 158.91 160.334 157.413 151.811 314.866 16.0982 101.109 261.218 -40.5243 70.9185 240.673 -37.3877 43.8449 235.783 -13.8796 20.9827 245.24 24.9656 71.6675 314.383 36.5362 18.572 10.9163 11.4051 
175.225 165.653 166.572 167.406 165.474 179.596 158.495 158.525 160.425 157.774 151.335 315.609 15.0117 100.065 261.231 -40.8158 69.6044 240.595 -37.0956 42.527 236.05 -13.7813 19.9635 245.57 25.3771 71.1573 314.542 36.4592 18.67 10.7796 11.7049 
174.744 165.649 166.387 167.5 165.908 179.088 158.458 158.334 160.702 158.282 150.996 316.642 13.8839 98.9977 261.236 -41.2244 68.1863 240.561 -36.9001 41.1732 236.351 -13.7761 18.9913 245.994 25.6457 70.66 314.773 36.3024 18.6815 10.6136 12.0292 
174.469 165.535 166.095 167.401 166.066 178.387 158.125 157.995 160.748 158.523 150.664 317.528 12.9762 98.1402 261.027 -41.5284 66.8467 240.366 -36.8405 39.8791 236.412 -13.9559 17.99 246.209 25.5867 70.0129 314.791 36.0828 18.5731 10.4532 12.3742 
174.27 165.487 165.89 167.253 165.949 178.297 157.938 157.89 160.833 158.688 149.918 317.452 12.1718 97.1454 260.446 -41.9103 65.4161 240.006 -37.1223 38.5081 236.299 -14.4111 16.894 246.292 25.1826 69.2328 314.624 35.7587 18.3596 10.2931 12.5234 
174.235 165.489 165.77 167.166 166.074 178.641 157.727 157.864 160.988 159.114 149.112 317.393 11.4798 96.3303 260.008 -42.0885 64.2273 240.082 -37.5186 37.1939 236.701 -15.0235 15.7674 246.675 24.5961 68.5475 314.672 35.44 18.223 10.2068 12.4819 
173.81 165.508 165.825 167.2 166.301 178.288 157.643 158.131 161.231 159.757 148.345 316.717 10.8941 95.3425 259.121 -42.2996 63.0892 239.795 -38.1323 35.9073 236.66 -15.6885 14.565 246.631 23.8742 67.8175 314.447 35.0377 18.0058 10.1984 12.214 
173.027 165.551 165.934 167.246 166.559 177.668 157.707 158.418 161.453 160.479 147.554 316.777 9.91785 94.1676 258.601 -42.6968 62.0478 239.635 -38.7908 34.6878 236.61 -16.2971 13.3997 246.546 23.0748 67.1061 314.277 34.5899 17.7418 10.2802 11.908 
172.455 165.714 166.14 167.403 166.705 177.733 158.042 158.806 161.64 160.747 146.284 316.703 8.67523 92.8786 258.196 -43.159 61.0455 239.495 -39.4691 33.5324 236.468 -16.8597 12.4597 246.577 22.0926 66.3662 314.184 34.2121 17.1944 10.3811 11.5373 
172.4 165.746 166.238 167.435 166.556 178.369 158.133 158.975 161.577 160.527 144.241 315.779 7.17889 91.8897 257.889 -43.7536 60.4165 239.298 -40.294 32.8941 236.189 -17.6794 12.0017 246.408 20.7444 65.6025 313.864 33.7551 16.5601 10.3599 11.2081 
172.266 165.814 166.168 167.18 166.071 178.822 158.387 159.07 161.298 159.976 141.683 314.254 5.75232 90.5346 256.783 -43.7798 59.5296 238.597 -40.4899 32.1125 235.672 -17.9035 11.5071 246.072 19.8207 64.7344 313.289 33.4229 15.864 10.2526 10.7352 
172.026 165.99 166.148 167.147 165.794 178.879 158.612 159.211 161.296 159.745 139.806 313.287 4.66423 89.2094 255.854 -43.7884 58.3842 238.224 -40.7361 31.0566 235.415 -18.1985 10.8812 245.823 19.0228 63.9692 312.744 33.1735 15.2779 10.1781 10.4057 
172.024 166.078 166.228 167.335 165.855 179.044 158.862 159.62 161.7 159.962 138.424 312.925 3.78949 88.109 255.102 -43.7643 57.0581 237.935 -41.048 29.8458 235.088 -18.5507 10.2044 245.368 18.3618 63.2345 312.144 33.009 14.764 10.125 10.3643 
174.326 166.379 166.478 167.57 165.982 176.77 159.363 160.147 162.125 160.25 136.887 312.902 2.79293 87.0412 254.429 -43.6521 55.8109 237.725 -41.2087 28.7318 234.945 -18.7171 9.47752 245.231 17.9702 62.6829 311.79 32.9991 14.3919 10.0508 10.2902 
173.631 166.646 166.657 167.711 166.097 176.739 159.822 160.577 162.419 160.46 136.026 313.399 2.11161 86.0286 254.161 -43.5313 54.5913 237.777 -41.169 27.7398 235.02 -18.6246 8.86073 245.225 18.031 62.3151 311.716 33.0768 14.2072 9.9644 10.3075 
173.159 166.8 166.755 167.733 166.162 176.786 160.116 160.821 162.523 160.64 135.599 314.346 1.49656 85.1375 254.349 -43.4776 53.5649 238.134 -41.0399 27.0221 235.357 -18.3509 8.46194 245.368 18.4041 62.1387 311.961 33.146 14.1915 9.8833 10.3422 
172.814 166.883 166.717 167.502 165.936 176.805 160.19 160.778 162.284 160.517 135.132 315.669 0.75259 84.5447 254.646 -43.4148 53.0427 238.599 -40.9329 26.6447 235.85 -18.234 8.12125 245.767 18.3352 62.0127 312.236 33.1357 14.1048 9.83315 10.2615 
172.858 166.808 166.59 167.248 165.679 176.588 160.084 160.625 162.018 160.373 134.565 316.535 0.13545 83.8862 255.141 -43.3273 52.4383 239.129 -40.7101 26.253 236.386 -18.0159 7.7662 246.218 18.3723 61.8805 312.535 33.1887 14.0321 9.75054 10.2453 
172.932 166.831 166.568 167.061 165.516 176.629 160.028 160.536 161.806 160.269 134.162 317.415 -0.417001 83.2239 255.503 -43.1599 51.8202 239.536 -40.3937 25.7963 236.806 -17.5698 7.36733 246.582 18.7505 61.732 312.866 33.2987 14.0432 9.74496 10.2205 
173.405 166.885 166.611 166.918 165.396 176.316 160.042 160.484 161.615 160.226 133.471 317.75 -0.927193 82.5738 256.101 -43.2734 51.3345 239.998 -40.305 25.4932 237.295 -17.3799 7.02595 247.098 18.7492 61.5754 313.241 33.3562 13.9581 9.69357 10.1648 
174.094 167.09 166.739 166.88 165.316 175.65 160.265 160.545 161.541 160.189 132.517 317.554 -1.39388 81.9609 256.595 -43.4378 51.0062 240.333 -40.2455 25.3297 237.705 -17.2091 6.86534 247.636 18.7178 61.4314 313.661 33.4316 13.7989 9.62688 10.0315 
175.076 167.405 166.993 166.959 165.304 174.829 160.703 160.807 161.593 160.197 131.19 316.483 -1.87425 81.239 256.725 -43.6722 50.6864 240.368 -40.2686 25.1511 237.877 -17.0829 6.71608 248.024 18.6261 61.2573 313.938 33.4622 13.5815 9.56273 9.7904 
176.207 167.699 167.287 167.144 165.389 173.97 161.203 161.172 161.821 160.275 129.816 315.018 -2.1095 80.6249 256.727 -43.949 50.4513 240.301 -40.4272 25.0643 237.926 -17.1945 6.72549 248.188 18.37 61.071 314.048 33.4561 13.3577 9.44668 9.55244 
177.258 167.964 167.559 167.393 165.619 173.1 161.721 161.573 162.2 160.544 128.531 313.396 -2.21058 80.1132 256.581 -44.2416 50.3219 240.085 -40.616 25.0799 237.806 -17.4021 6.81135 248.182 18.03 60.9169 314.031 33.4405 13.1351 9.30077 9.31395 
177.996 168.208 167.831 167.654 165.878 172.455 162.138 161.918 162.585 160.906 127.464 312.088 -2.32207 79.7443 256.316 -44.5741 50.3411 239.796 -40.9465 25.1568 237.632 -17.8438 6.89059 248.062 17.4649 60.7657 313.899 33.3822 12.9227 9.14776 9.04365 
179.034 168.519 168.118 167.881 166.148 171.409 162.587 162.294 163.019 161.392 125.783 310.332 -2.67684 79.1847 255.7 -45.0631 50.3802 239.307 -41.5496 25.2307 237.381 -18.6739 6.9147 247.972 16.3412 60.4765 313.738 33.0807 12.5659 8.91801 8.56118 
179.425 168.568 168.191 168 166.204 171.225 162.65 162.385 163.177 161.458 125.357 309.676 -2.64828 79.1956 255.219 -45.2599 50.6018 238.985 -41.9522 25.347 237.154 -19.2847 6.87934 247.832 15.7128 60.3193 313.526 32.9035 12.5206 8.83431 8.33188 
179.575 168.568 168.205 168.159 166.264 171.194 162.651 162.442 163.35 161.48 124.969 309.44 -2.75676 79.1012 254.927 -45.4871 50.6676 238.784 -42.3332 25.3403 236.987 -19.91 6.73115 247.756 15.1058 60.1009 313.319 32.7555 12.4932 8.73881 8.17403 
179.699 168.565 168.227 168.3 166.299 171.03 162.655 162.511 163.509 161.5 124.57 309.305 -2.88161 78.8635 254.608 -45.5338 50.5353 238.595 -42.4933 25.2898 236.786 -20.2489 6.64168 247.643 14.7602 59.8915 313.109 32.6539 12.4527 8.6151 8.05047 
179.946 168.588 168.291 168.434 166.354 170.83 162.661 162.596 163.672 161.575 124.169 309.374 -3.0634 78.6366 254.475 -45.7429 50.3806 238.558 -42.8561 25.1351 236.729 -20.8176 6.43048 247.597 14.1656 59.6571 312.868 32.5467 12.392 8.52117 7.9541 
179.834 168.563 168.334 168.573 166.412 170.726 162.678 162.722 163.853 161.634 123.942 309.842 -3.27293 78.397 254.511 -46.0118 50.0763 238.603 -43.2543 24.8686 236.666 -21.3644 6.15919 247.439 13.7029 59.353 312.623 32.4338 12.3902 8.45001 7.97604 
179.458 168.44 168.236 168.589 166.361 170.406 162.512 162.671 163.914 161.619 123.716 310.91 -3.57318 78.1184 254.784 -46.1442 49.6797 238.915 -43.4981 24.5254 236.853 -21.8178 5.82967 247.477 13.2865 59.0337 312.451 32.408 12.3869 8.36998 8.04429 
179.27 168.253 168.034 168.491 166.193 170.156 162.243 162.5 163.861 161.51 123.622 312.301 -3.83751 77.8531 255.059 -46.1197 49.3265 239.226 -43.5262 24.2435 237.099 -22.0665 5.56079 247.553 13.0861 58.7607 312.31 32.48 12.4176 8.27525 8.10798 
179.243 168.066 167.831 168.408 166.066 169.948 161.979 162.328 163.819 161.434 123.629 313.681 -3.92236 77.6254 255.538 -46.122 49.0289 239.639 -43.5273 23.9962 237.435 -22.3222 5.33086 247.618 12.9224 58.4995 312.215 32.5649 12.4883 8.18477 8.20679 
179.468 167.896 167.562 168.258 165.909 169.952 161.77 162.132 163.708 161.342 123.677 314.94 -3.97304 77.3467 255.844 -46.1641 48.6898 239.802 -43.4442 23.6124 237.59 -22.4454 4.89234 247.723 12.8661 58.2027 312.087 32.6258 12.5798 8.1571 8.33987 
179.977 167.617 167.269 167.996 165.662 170.093 161.467 161.867 163.462 161.083 123.776 315.942 -3.85343 77.1804 256.108 -46.0617 48.4029 239.935 -43.226 23.3359 237.768 -22.3528 4.63851 247.826 13.0223 57.9513 312.019 32.7025 12.6638 8.128 8.51099 
179.49 167.376 166.935 167.65 165.312 170.134 161.167 161.511 163.075 160.65 123.612 316.369 -3.68078 76.6708 256.225 -45.8819 47.9216 239.973 -42.8392 22.8666 237.917 -21.9802 4.25641 248.027 13.4172 57.6288 312.039 32.7868 12.7167 8.13687 8.58139 
179.169 167.29 166.897 167.509 165.19 170.246 161.158 161.491 162.901 160.472 123.209 316.07 -3.43664 75.9915 256.249 -45.9528 47.2919 239.913 -42.8126 22.2322 237.943 -21.7789 3.76358 248.049 13.7409 57.265 311.991 32.8368 12.7693 8.20392 8.58389 
178.821 167.303 166.943 167.384 165.027 170.243 161.256 161.533 162.671 160.126 122.415 314.825 -3.33059 74.9519 255.931 -46.0411 46.4636 239.604 -42.7278 21.5133 237.795 -21.4044 3.29604 248.03 14.1787 56.8471 311.947 32.7638 12.738 8.24202 8.45449 
178.785 167.503 167.142 167.398 165.061 169.978 161.582 161.715 162.613 159.962 121.422 313.339 -3.25974 73.8119 255.566 -46.257 45.5951 239.397 -42.865 20.6745 237.912 -21.3459 2.69786 248.366 14.2479 56.4062 312.067 32.67 12.6088 8.24437 8.20672 
178.846 167.771 167.44 167.555 165.185 169.748 161.932 161.967 162.649 159.894 120.202 311.565 -3.2762 72.6044 255.161 -46.6054 44.7614 239.153 -43.1749 19.9216 237.948 -21.5119 2.11106 248.554 14.1393 55.9177 312.105 32.5933 12.4794 8.18142 7.88203 
179.116 168.121 167.749 167.776 165.403 169.223 162.303 162.221 162.745 159.883 118.772 310.016 -3.39232 71.3726 254.738 -46.7265 43.9289 238.953 -43.2387 19.294 238.097 -21.5583 1.61548 248.968 14.0663 55.4822 312.327 32.5627 12.3165 7.99835 7.52919 
179.369 168.473 168.07 168.14 165.765 168.968 162.712 162.574 163.036 160.104 117.777 309.211 -3.49349 70.5755 254.692 -47.0427 43.4311 239.014 -43.5908 18.9773 238.311 -21.9571 1.34309 249.307 13.6882 55.0954 312.572 32.5129 12.1711 7.8161 7.27144 
179.596 168.683 168.328 168.523 166.171 168.804 162.993 162.881 163.405 160.433 117.148 309.164 -3.50013 69.9524 254.784 -47.0805 42.8515 239.268 -43.7048 18.4497 238.714 -22.1218 0.900286 249.807 13.6129 54.7579 312.915 32.5652 12.1333 7.73717 7.14954 
179.864 168.683 168.358 168.704 166.389 168.818 162.973 162.95 163.601 160.683 116.842 309.464 -3.46962 69.575 255.065 -47.1185 42.4126 239.63 -43.8248 18.0399 239.13 -22.3257 0.509076 250.191 13.4788 54.4686 313.196 32.6081 12.1301 7.68001 7.12938 
179.417 168.638 168.372 168.864 166.594 168.878 162.934 163.018 163.809 160.98 116.736 310.071 -3.53975 69.2862 255.329 -46.9919 42.0013 239.978 -43.7407 17.6844 239.493 -22.3135 0.230565 250.436 13.6217 54.2696 313.469 32.6965 12.1807 7.63308 7.15813 
179.24 168.511 168.296 168.87 166.707 169.188 162.76 162.932 163.823 161.18 116.637 310.81 -3.75241 68.8726 255.362 -46.5963 41.4925 240.149 -43.3426 17.1996 239.701 -21.8884 -0.184414 250.615 14.1109 54.0222 313.691 32.8278 12.263 7.65785 7.16208 
179.113 168.323 168.121 168.732 166.671 169.55 162.527 162.758 163.693 161.245 116.721 311.148 -3.70978 68.4976 255.007 -46.0302 40.9893 239.96 -42.7592 16.6101 239.643 -21.2381 -0.723837 250.599 14.7836 53.7569 313.715 32.9537 12.3715 7.76028 7.18604 
179.181 168.148 167.96 168.521 166.604 169.902 162.289 162.573 163.491 161.227 116.868 311.243 -3.59132 67.8983 254.407 -45.3547 40.3191 239.665 -42.0799 15.805 239.611 -20.4621 -1.40806 250.709 15.5081 53.4831 313.691 33.0597 12.435 7.90176 7.13357 
179.507 167.954 167.699 168.082 166.371 170.211 161.95 162.213 163.049 161.024 116.803 311.007 -3.42769 67.1913 253.393 -44.4068 39.681 239.068 -41.125 14.9688 239.408 -19.4184 -2.15515 250.766 16.3384 53.202 313.53 33.2114 12.4415 8.07596 6.9669 
179.863 167.725 167.454 167.625 166.121 170.518 161.592 161.815 162.555 160.764 116.727 310.646 -3.10204 66.3161 252.529 -43.4498 38.9238 238.615 -40.0954 14.0644 239.391 -18.3045 -2.98589 251.011 17.266 52.9358 313.482 33.4351 12.489 8.22364 6.7832 
179.087 167.565 167.249 167.152 165.849 170.684 161.377 161.453 162.057 160.492 116.411 310.208 -2.80418 65.3957 251.874 -42.5551 38.2013 238.295 -39.0065 13.2517 239.527 -17.0877 -3.73841 251.48 18.2503 52.7098 313.601 33.7331 12.5152 8.35177 6.58899 
178.158 167.444 167.064 166.695 165.536 170.845 161.226 161.143 161.592 160.177 115.818 309.459 -2.60566 64.412 251.254 -41.8562 37.4775 237.921 -38.0751 12.5734 239.541 -15.989 -4.29282 251.779 19.077 52.4775 313.64 33.9574 12.4555 8.41107 6.38134 
177.481 167.335 166.882 166.301 165.206 170.8 161.113 160.872 161.163 159.827 115.185 308.49 -2.41783 63.5376 250.653 -41.3299 36.9418 237.45 -37.262 12.1204 239.381 -14.9992 -4.63861 251.863 19.8642 52.296 313.581 34.1628 12.408 8.44504 6.16846 
177.067 167.282 166.781 166.056 164.991 170.555 161.059 160.704 160.876 159.573 114.589 307.663 -2.25652 62.8463 250.379 -41.0244 36.5552 237.211 -36.6934 11.8751 239.337 -14.3059 -4.77531 251.979 20.3974 52.2188 313.596 34.3265 12.3427 8.42286 6.00406 
176.839 167.228 166.71 165.845 164.786 170.298 160.985 160.539 160.626 159.339 114.01 307.059 -2.173 62.3173 250.31 -40.7787 36.3102 237.144 -36.2245 11.7898 239.4 -13.751 -4.76762 252.123 20.8413 52.1984 313.692 34.5123 12.2841 8.37247 5.86015 
176.657 167.182 166.623 165.655 164.581 169.944 160.9 160.351 160.385 159.086 113.609 306.711 -2.03082 61.9906 250.524 -40.603 36.2656 237.329 -35.8458 11.8831 239.654 -13.3361 -4.61098 252.399 21.1739 52.2721 313.931 34.6969 12.2369 8.31471 5.73701 
176.548 167.214 166.681 165.679 164.542 169.697 160.969 160.396 160.402 159.044 113.242 306.511 -1.91436 61.7257 250.735 -40.5181 36.245 237.44 -35.6058 11.9919 239.78 -13.0382 -4.44702 252.554 21.4596 52.3004 314.142 34.916 12.1882 8.25493 5.64333 
176.467 167.228 166.726 165.725 164.475 169.349 161.005 160.443 160.427 158.925 112.948 306.199 -1.71598 61.6043 250.805 -40.2716 36.3216 237.491 -35.3069 12.2287 239.842 -12.6957 -4.11398 252.637 21.7944 52.3758 314.349 35.1157 12.1187 8.16949 5.5309 
176.573 167.224 166.563 165.401 163.891 169.162 160.677 159.904 159.38 157.608 112.272 305.554 -2.08276 60.817 250.378 -39.9266 35.9003 237.175 -34.5149 12.0057 240.078 -11.6626 -4.22813 253.705 22.3608 52.324 314.701 35.1518 11.9189 8.12607 5.41665 
176.188 167.387 166.391 164.918 163.257 168.855 160.661 159.461 158.497 156.471 111.265 304.962 -2.91426 59.9173 249.962 -39.7267 35.5825 236.872 -33.7049 11.8913 240.277 -10.5822 -4.21771 254.664 22.9384 52.2615 315.033 35.17 11.7096 8.10576 5.27906 
176.583 167.631 166.325 164.575 162.808 168.239 160.832 159.207 157.872 155.585 110.059 304.371 -3.90698 59.1654 249.55 -39.7176 35.42 236.493 -33.1704 11.8591 240.292 -9.83543 -4.13703 255.303 23.2087 52.1865 315.176 35.1675 11.463 8.09467 5.19812 
177.627 167.885 166.289 164.293 162.427 167.445 161.039 159.019 157.406 154.895 108.766 303.978 -5.03578 58.5479 249.333 -39.8771 35.286 236.291 -32.8504 11.8297 240.352 -9.33851 -4.01507 255.857 23.2826 52.1307 315.348 35.1093 11.193 8.08994 5.20149 
178.829 168.081 166.27 164.115 162.177 166.66 161.239 158.914 157.129 154.433 107.512 303.79 -6.10274 58.057 249.208 -39.9713 35.1017 236.171 -32.502 11.7663 240.424 -8.8637 -3.8994 256.344 23.3675 52.126 315.533 35.0801 10.9298 8.06943 5.29199 
179.989 168.297 166.31 164.057 162.076 165.911 161.463 158.888 157.027 154.201 106.351 303.684 -7.0599 57.6836 249.066 -39.9954 34.9774 236.114 -32.2203 11.711 240.538 -8.5554 -3.79296 256.787 23.3444 52.1687 315.7 35.0563 10.6952 8.04083 5.33067 
178.989 168.465 166.339 164.05 162.054 165.286 161.673 158.895 157.012 154.126 105.36 303.668 -7.90332 57.3787 248.916 -39.89 34.9137 236.001 -31.8045 11.7885 240.567 -8.20353 -3.58218 257.096 23.3432 52.2649 315.828 35.0646 10.4635 7.9425 5.39476 
178.105 168.615 166.447 164.169 162.168 164.763 161.871 159.017 157.233 154.363 104.561 303.653 -8.65236 57.1747 248.587 -39.6855 34.8747 235.759 -31.4472 11.7912 240.481 -7.95621 -3.46046 257.142 23.4624 52.385 315.852 35.0828 10.3569 7.88192 5.35971 
177.071 168.845 166.727 164.522 162.481 164.141 162.193 159.386 157.833 155.012 103.687 303.706 -9.88018 57.1356 247.699 -39.1847 34.9554 235.229 -31.0204 11.7898 240.291 -7.70069 -3.23649 257.196 23.6481 52.8152 315.895 35.0644 10.2476 7.87089 5.06005 
176.431 168.98 166.905 164.716 162.682 163.774 162.426 159.679 158.269 155.506 103.56 303.966 -10.4021 57.3933 247.207 -38.8138 35.1945 235.078 -30.9441 12.0046 240.271 -7.75832 -2.94566 257.07 23.8488 53.1519 315.929 35.0643 10.3526 7.84406 4.70825 
175.961 169.01 166.966 164.709 162.765 163.738 162.544 159.792 158.447 155.83 104.059 304.487 -10.8916 57.7855 246.962 -38.5943 35.5316 235.034 -30.8398 12.3997 240.229 -7.61853 -2.50333 256.756 24.3021 53.5561 315.995 35.0216 10.5312 7.84646 4.50501 
175.707 169.005 166.942 164.606 162.705 163.719 162.521 159.752 158.402 155.938 104.693 305.257 -11.3503 58.2263 246.979 -38.5103 35.9747 235.138 -30.7939 12.9511 240.266 -7.5645 -1.95927 256.595 24.5064 53.9716 316.155 34.9557 10.6397 7.80061 4.37739 
175.089 168.966 166.816 164.372 162.512 163.337 162.412 159.55 158.166 155.897 105.18 305.82 -11.5145 58.82 247.331 -38.685 36.5635 235.51 -31.0188 13.572 240.502 -7.84111 -1.48742 256.599 24.2682 54.3834 316.355 34.8759 10.7191 7.75859 4.32322 
174.582 168.959 166.69 164.274 162.393 163.181 162.337 159.393 157.992 155.816 105.699 306.527 -11.7063 59.4512 247.871 -39.004 37.3028 235.889 -31.311 14.3534 240.679 -8.24003 -0.95091 256.641 23.9068 54.757 316.59 34.7592 10.8147 7.6717 4.35157 
174.259 168.985 166.586 164.251 162.319 163.143 162.304 159.29 157.877 155.704 106.263 307.177 -11.7093 60.0395 248.543 -39.3531 37.8469 236.3 -31.4927 14.9596 240.859 -8.5237 -0.536961 256.784 23.5444 55.0619 316.849 34.6715 10.8201 7.57766 4.57852 
173.96 169.024 166.544 164.318 162.356 163.22 162.262 159.264 157.879 155.731 106.703 307.518 -11.6028 60.6178 249.156 -39.6908 38.2676 236.612 -31.7097 15.3745 240.993 -8.80728 -0.328762 256.989 23.146 55.329 317.034 34.6161 10.8372 7.53537 4.84678 
174.491 168.777 166.563 163.701 161.624 163.74 161.322 158.473 156.678 154.742 107.716 307.204 -11.2424 61.4939 249.585 -39.482 39.067 236.849 -31.4021 15.6222 241.219 -8.38068 -0.591637 257.445 23.0935 55.328 316.909 34.5621 11.0628 7.94104 5.07954 
175.232 168.497 166.432 163.16 161.024 164.11 160.375 157.649 155.636 153.9 108.522 306.872 -11.0654 62.0242 249.701 -39.158 39.6173 236.758 -30.8741 15.7649 241.307 -7.9287 -0.885778 257.794 23.1045 55.2786 316.724 34.4645 11.3138 8.20231 5.29588 
174.138 168.262 167.146 164.235 162.302 163.403 160.283 158.481 156.81 154.93 108.746 307.283 -10.0111 63.4179 250.636 -39.1933 40.4564 237.316 -31.8736 16.5741 240.907 -8.77014 0.0187662 256.722 22.5037 55.596 316.632 34.6614 11.1781 8.27213 5.09257 
173.831 168.337 167.534 165.14 163.267 163.417 160.648 159.239 157.972 155.707 109.496 307.93 -8.89782 64.6945 251.646 -39.6099 41.1836 238.054 -32.8843 17.3775 240.748 -9.83842 0.909117 255.851 21.8669 55.8927 316.614 34.8425 11.0963 8.20445 5.16653 
174.313 168.137 167.34 164.243 162.274 163.625 159.693 158.356 156.565 154.504 109.872 307.089 -8.6894 64.5341 251.252 -38.8846 41.2275 237.794 -32.0778 17.1409 240.982 -9.02132 0.417565 256.517 22.1143 55.8328 316.529 34.8194 11.1483 8.39431 5.1202 
174.031 168.144 167.428 164.669 162.977 163.333 160.134 158.869 157.307 154.879 110.069 307.292 -7.97873 65.3165 251.582 -38.957 41.7127 237.967 -32.3754 17.7464 240.635 -9.44554 1.15057 255.808 21.7364 56.0839 316.43 34.9554 10.9462 8.28185 5.21337 
