156.1 156.861 179.526 176.933 175.975 167.987 170.792 161.814 173.374 162.276 -102.587 374.917 81.9436 -116.208 303.59 104.553 -115.819 292.593 129.129 -91.9778 280.202 162.879 -60.0852 298.416 185.723 -42.801 365.658 128.855 13.5272 17.0467 6.52815 
157.696 156.873 179.546 176.879 175.975 167.906 170.154 161.039 173.628 162.112 -102.651 374.815 83.1 -116.124 303.726 105.481 -116.125 293.295 129.821 -91.9744 280.341 163.19 -59.8403 298.455 186.204 -42.7402 365.742 129.364 13.7544 17.208 6.50351 
158.4 156.854 179.577 176.865 175.837 167.603 169.825 160.311 173.809 161.821 -102.769 374.691 84.2644 -116.021 303.698 106.191 -116.445 294.004 130.742 -91.6248 280.579 163.539 -59.4128 298.444 186.628 -42.6718 365.704 129.834 13.9349 17.4554 6.8935 
159.039 157.127 179.651 176.867 175.82 167.314 169.668 160.106 174.468 161.413 -102.672 374.341 85.3863 -115.903 303.621 107.135 -116.324 294.317 131.778 -90.988 280.594 164.192 -59.1462 298.735 187.315 -42.6459 365.849 130.412 13.8411 17.6784 7.00862 
159.569 157.484 179.691 176.739 175.587 167.096 169.575 159.5 174.854 160.852 -102.303 374.026 86.2686 -115.561 303.656 107.678 -116.14 294.824 132.54 -90.8174 281.015 164.489 -59.2105 299.562 188.15 -42.626 366.288 130.995 14.0696 17.6088 7.21689 
159.867 157.236 179.785 176.744 175.18 166.968 169.286 158.454 175.081 160.457 -102.077 374.041 86.8881 -115.2 304.132 108.438 -115.868 295.561 133.378 -90.1969 281.361 165.115 -59.0787 300.095 188.722 -42.5053 366.644 131.572 13.8765 17.9131 7.32239 
160.348 157.56 179.847 176.79 175.292 167.082 169.003 157.632 175.159 160.253 -101.765 373.914 87.0976 -115.3 304.807 109.342 -115.766 296.284 134.347 -89.7482 281.909 166.163 -59.1336 300.821 189.584 -42.468 367.008 132.141 13.6302 18.2584 7.24708 
160.861 157.797 179.825 176.751 175.865 167.292 168.584 157.511 175.319 159.848 -101.914 373.945 87.2567 -115.844 305.525 110.33 -116.208 296.645 134.932 -89.7175 282.661 166.831 -59.4874 301.322 190.096 -42.4691 366.963 132.524 13.4367 18.43 6.79381 
161.46 157.242 179.858 176.7 176.422 167.911 168.492 157.419 175.665 159.996 -101.756 373.767 86.5448 -115.74 305.763 110.968 -116.241 296.518 135.3 -88.9567 282.547 167.336 -59.1572 301.146 190.432 -42.3874 366.782 132.756 13.2637 18.899 6.47635 
162.433 157.203 179.845 176.701 176.779 168.788 168.751 157.1 175.828 160.242 -101.543 373.529 85.8254 -115.444 305.755 111.225 -116.463 296.608 135.392 -88.6715 282.626 167.679 -59.0931 301.248 190.965 -42.3425 366.788 133.019 13.339 19.2792 6.43653 
163.484 157.169 179.806 176.859 176.897 169.323 168.224 156.724 175.519 160.445 -101.652 373.515 85.7122 -115.51 306.236 111.993 -116.76 296.953 135.769 -88.1031 282.675 168.38 -58.8108 301.358 191.53 -42.3638 366.987 133.322 13.1924 19.9041 6.16168 
164.553 157.134 179.765 176.889 177.008 169.734 167.802 156.333 175.202 160.632 -101.82 373.49 85.6591 -115.624 306.601 112.553 -117.101 297.184 135.85 -87.8145 282.87 168.744 -58.6992 301.4 191.78 -42.399 367.077 133.465 13.0895 20.3126 5.85732 
165.407 157.673 179.708 176.97 176.935 170.086 167.996 156.454 174.985 160.66 -101.785 373.571 85.4168 -115.678 306.88 112.768 -117.037 297.001 135.995 -87.301 283.052 169.38 -58.4976 301.642 192.119 -42.436 367.375 133.721 12.8272 20.5659 5.66802 
166.138 158.089 179.705 177.117 176.804 170.352 168.433 155.902 174.735 160.489 -101.662 373.697 85.0134 -115.727 307.042 112.839 -117.301 297.638 136.115 -87.0172 283.358 169.875 -58.4755 301.879 192.391 -42.4397 367.559 133.87 12.6263 21.1227 5.86176 
166.595 158.895 179.704 177.302 176.567 170.358 168.68 155.313 174.48 160.303 -101.694 373.851 84.8645 -115.87 307.151 112.791 -117.635 298.268 136.173 -86.7903 283.537 170.21 -58.6084 301.997 192.436 -42.4726 367.611 133.94 12.3121 21.6847 6.13306 
166.959 160.722 179.711 177.545 176.444 170.425 168.917 155.124 174.503 160.194 -101.564 373.565 84.3909 -115.968 306.893 112.361 -117.645 298.1 135.846 -86.5997 283.337 170.356 -58.8314 301.83 192.319 -42.4937 367.369 133.914 11.9755 22.0176 6.1862 
167.057 163.574 179.734 177.847 176.005 170.528 169.279 154.58 174.344 160.284 -101.39 373.317 83.8537 -115.973 306.474 111.614 -117.671 298.082 135.53 -86.5829 283.214 170.367 -59.0135 301.546 192.122 -42.4903 367.065 133.821 11.7915 22.2785 6.56166 
167.145 167.405 179.733 178.288 175.276 170.403 169.415 154.202 173.694 160.437 -101.254 372.797 83.632 -116.042 305.882 110.966 -117.767 297.917 135.589 -86.6098 282.978 170.384 -59.1365 301.18 192.149 -42.466 366.59 133.711 11.7829 22.3698 7.11942 
167.126 171.589 179.685 178.623 174.48 170.335 169.559 154.056 173.084 160.598 -101.136 372.549 83.4818 -116.175 305.44 110.354 -117.874 297.755 135.462 -86.8218 282.886 170.317 -59.1595 301.047 192.242 -42.4303 366.375 133.636 11.9834 22.3219 7.49106 
167.197 171.816 179.66 178.923 173.328 170.099 169.682 154.043 172.677 160.713 -101.191 372.311 83.5696 -116.24 305.022 109.805 -118.128 297.787 135.283 -87.2089 282.788 170.022 -59.1782 300.754 192.115 -42.4164 366.071 133.533 12.2631 22.2617 7.90514 
167.043 170.299 179.679 179.055 172.069 169.912 169.767 153.791 172.287 160.869 -101.189 372.007 83.6728 -116.2 304.629 109.439 -118.265 297.92 134.834 -87.4053 282.563 169.891 -59.0737 300.44 192.105 -42.3672 365.775 133.458 12.4885 22.4936 8.08211 
166.753 168.768 179.746 179.592 170.897 169.721 169.71 153.414 172.664 160.937 -101.334 371.873 83.713 -116.343 304.325 109.457 -118.448 298.195 134.774 -87.6502 282.196 169.713 -59.0715 300.068 192.052 -42.3623 365.417 133.351 12.6478 22.6533 8.25618 
166.396 166.688 179.827 179.951 169.772 169.645 169.567 152.783 172.959 160.805 -101.367 371.746 83.534 -116.516 304.341 109.55 -118.604 298.674 134.515 -87.8786 281.901 169.455 -59.0804 299.698 191.874 -42.2884 365.006 133.234 12.7821 22.9466 8.19682 
165.925 164.568 179.863 179.353 168.65 169.573 169.678 152.322 173.336 160.325 -101.325 371.833 83.5044 -116.522 304.379 109.487 -118.86 299.236 134.348 -88.2906 281.907 169.068 -59.1099 299.617 191.531 -42.2245 364.837 133.112 12.9597 22.9944 8.4418 
165.498 163.903 179.892 178.366 167.546 169.637 169.58 151.665 173.547 159.936 -101.26 371.877 83.4318 -116.575 304.322 109.488 -119.288 300.114 134.112 -88.762 282.002 168.723 -59.1465 299.399 191.137 -42.1293 364.608 132.976 13.1056 23.2439 8.8377 
165.265 164.181 179.93 177.475 166.426 169.816 169.651 151.115 173.709 159.484 -101.386 372.08 83.4981 -116.625 304.339 109.325 -119.537 300.894 134.055 -89.2323 282.192 168.282 -59.0964 299.258 190.742 -42.0409 364.484 132.905 13.3531 23.2439 9.33683 
165.082 165.677 179.953 176.879 165.758 170.132 169.203 150.735 174.065 159.308 -101.353 372.498 83.2128 -116.936 304.692 109.232 -119.701 301.5 134.192 -89.3848 282.319 168.298 -59.0117 299.236 190.677 -41.9943 364.52 132.868 13.393 23.375 9.57489 
165.039 167.47 179.95 176.475 165.39 170.459 167.725 150.826 174.56 159.331 -101.378 373.015 83.1843 -117.35 305.356 108.897 -119.784 301.611 134.375 -89.4584 282.255 168.073 -58.9352 299.309 190.666 -42.0309 364.691 132.866 13.5171 23.2131 9.6138 
164.822 168.45 179.955 176.451 165.699 170.672 166.706 150.862 174.442 159.887 -101.339 373.488 83.0817 -117.552 305.963 108.944 -119.787 301.792 134.299 -89.3968 282.07 168.038 -58.8214 299.232 190.633 -42.0339 364.889 132.858 13.4803 23.3284 9.38008 
164.602 170.116 179.946 176.584 166.033 170.667 166.15 150.96 173.951 160.377 -101.299 373.785 83.1891 -117.919 306.531 108.874 -119.757 301.873 134.359 -89.3052 282.044 168.258 -58.6694 299.262 190.807 -41.9709 365.01 132.828 13.4678 23.3876 9.17823 
164.289 171.858 179.959 176.919 166.396 170.63 165.713 151.018 173.265 161.206 -101.277 373.908 83.2392 -118.072 306.892 108.752 -119.627 301.899 134.306 -89.074 281.822 168.402 -58.4242 298.97 190.915 -41.8348 364.93 132.696 13.44 23.5594 9.04876 
164.018 174.968 179.98 177.117 166.633 170.867 165.974 151.317 172.43 161.99 -100.977 373.885 82.6558 -117.855 306.704 108.26 -119.034 301.423 134.18 -88.5422 281.623 168.564 -58.0013 298.651 190.994 -41.6029 364.848 132.503 13.3716 23.522 9.07488 
163.732 179.359 179.992 177.444 166.66 171.251 167.222 151.783 171.858 162.469 -100.835 373.758 82.112 -117.279 305.627 107.732 -118.398 300.739 133.935 -88.0043 281.083 168.396 -57.4917 298.005 190.872 -41.3447 364.621 132.346 13.3686 23.4313 9.39079 
163.503 179.439 179.983 177.548 166.779 171.584 167.497 152.695 171.194 162.873 -100.89 373.831 81.9403 -117.158 305.512 107.288 -117.9 299.897 133.571 -87.7607 281.022 168.176 -57.2358 297.895 190.764 -41.1332 364.54 132.191 13.4474 23.0188 9.12461 
162.649 179.857 179.976 177.654 166.864 171.882 167.727 153.719 170.707 163.206 -100.833 373.966 81.6485 -116.867 305.298 107.338 -117.313 298.796 133.258 -87.2946 280.785 168.012 -56.9454 297.626 190.662 -40.912 364.404 132.066 13.3795 22.644 8.58259 
162.129 174.475 179.955 178.079 167.121 172.001 167.789 155.188 170.726 163.098 -100.563 373.915 81.801 -116.146 305.27 107.245 -116.679 297.851 132.844 -86.8969 280.99 167.772 -56.8306 298.028 190.435 -40.669 364.641 132.002 13.2601 22.1694 8.12112 
161.582 167.374 179.925 178.133 167.375 171.932 167.769 156.752 170.426 163.192 -100.398 374.051 82.1602 -115.437 305.3 107.49 -116.13 297.046 132.624 -86.5515 281.356 167.612 -56.7763 298.397 190.309 -40.5016 364.986 131.969 13.1452 21.6674 7.60809 
161.24 162.949 179.87 177.949 167.491 171.599 167.583 158.739 170.111 163.177 -100.318 374.281 82.7661 -114.766 305.482 107.743 -115.528 296.023 132.629 -86.3054 281.86 167.362 -56.7358 298.853 190.136 -40.3954 365.376 132.001 13.108 20.8366 7.18375 
161.006 158.833 179.766 178.035 167.627 171.306 167.477 162.358 169.77 163.309 -100.284 374.148 83.1454 -113.901 305.031 107.859 -114.407 293.575 132.358 -86.1613 282.065 166.522 -56.6286 298.632 189.538 -40.2181 365.323 131.791 13.2405 19.2282 6.50115 
161.42 157.442 179.667 178.271 167.947 170.952 167.646 164.429 169.738 163.096 -100.179 373.653 83.5479 -113.297 304.536 107.626 -113.695 291.974 132.209 -86.2275 282.267 166.033 -56.4204 298.526 189.067 -40.059 365.188 131.625 13.4505 18.1516 6.40057 
161.818 157.081 179.618 178.032 168.252 170.537 167.765 165.004 169.258 163.283 -99.9532 373.387 84.0032 -112.743 304.19 107.315 -113.412 291.476 132.285 -86.187 282.61 165.809 -56.2468 298.533 188.871 -39.9032 365.114 131.537 13.6303 17.675 6.67957 
162.403 157.538 179.58 177.509 168.569 170.29 167.855 165.226 168.911 163.832 -99.6544 372.882 84.0453 -112.322 303.606 106.901 -113.441 291.239 132.075 -86.0966 282.615 165.595 -56.0267 298.305 188.79 -39.7842 364.887 131.336 13.8714 17.6796 6.86803 
163.013 157.314 179.53 177.212 168.832 170.053 167.76 165.612 168.884 164.291 -99.5952 372.602 84.2108 -112.04 303.036 106.683 -113.373 290.729 132.352 -85.9296 282.418 165.346 -55.7695 297.901 188.672 -39.7678 364.746 131.2 14.0412 17.384 7.22252 
163.428 156.907 179.437 177.136 169.289 169.994 167.658 166.218 168.986 164.555 -99.6323 372.677 84.3716 -111.814 302.872 106.785 -113.081 289.954 132.566 -85.6596 282.235 165.26 -55.4702 297.65 188.667 -39.7801 364.896 131.175 14.0794 17.0049 7.22648 
163.383 156.298 179.351 177.056 169.676 170.034 167.542 167.13 169.038 164.579 -99.5761 372.552 84.5432 -111.457 302.373 107.044 -112.667 288.861 132.841 -85.6939 282.051 165.18 -55.3579 297.406 188.533 -39.754 364.951 131.187 14.0813 16.3216 7.1282 
163.408 155.894 179.294 176.63 169.919 169.804 167.122 167.406 168.957 164.887 -99.4444 372.217 84.7244 -111.158 301.896 107.35 -112.495 288.241 132.993 -85.43 281.606 165.325 -55.2024 297.166 188.661 -39.7518 364.839 131.229 14.0103 16.2883 6.96867 
163.344 155.777 179.285 176.638 169.985 169.612 166.508 167.274 168.962 164.802 -99.1832 371.843 84.7514 -110.925 301.767 107.41 -112.274 288.086 133.096 -85.2666 281.618 165.388 -55.0998 297.234 188.623 -39.6953 364.797 131.246 13.9742 16.2233 6.97944 
163.108 156.27 179.294 176.515 169.927 169.476 166.258 167.024 168.843 164.695 -99.0238 371.522 84.6861 -110.944 301.687 107.657 -112.362 288.259 133.139 -85.103 281.53 165.511 -55.0273 297.169 188.638 -39.6252 364.621 131.235 13.9197 16.474 6.80267 
162.969 156.616 179.327 176.536 169.896 169.373 166.548 167.092 169.022 164.477 -98.9602 371.012 84.4143 -111.165 301.356 107.626 -112.241 288.007 133.347 -84.911 281.118 165.678 -54.9549 296.852 188.705 -39.637 364.36 131.224 13.8104 16.5542 6.91463 
162.774 157.32 179.361 176.458 169.608 169.172 166.624 166.679 169.007 164.206 -98.7756 370.56 84.0168 -111.485 301.219 107.729 -112.479 288.355 133.542 -84.8367 280.957 165.941 -55.0332 296.792 188.849 -39.5948 364.03 131.157 13.7006 16.9174 6.95507 
162.751 157.385 179.383 176.191 169.297 168.948 165.537 166.345 169.171 164.101 -98.7448 370.459 83.7253 -112.188 302.139 108.123 -112.741 288.755 133.713 -84.7659 280.644 166.223 -55.3253 296.912 189.152 -39.6372 363.866 131.191 13.4755 17.3481 6.69566 
162.624 157.984 179.413 176.1 169.008 168.685 164.853 166.306 169.341 164.006 -98.7214 370.479 83.6978 -112.824 302.756 108.255 -112.89 289.065 134.154 -84.7567 280.635 166.518 -55.5283 297.093 189.417 -39.649 363.756 131.247 13.3449 17.466 6.89687 
162.706 158.656 179.386 176.025 168.648 168.478 164.327 166.072 169.329 163.723 -98.7441 370.54 83.8243 -113.438 303.326 108.348 -113.337 289.455 134.253 -85.0419 280.825 166.79 -55.8345 297.345 189.634 -39.6741 363.673 131.29 13.293 17.6575 6.90261 
162.806 159.132 179.497 175.916 168.397 168.231 163.325 166.255 169.409 163.737 -98.5709 370.505 83.6593 -113.968 304.24 108.463 -113.171 289.768 134.828 -85.1417 281.015 166.996 -56.2221 297.688 189.748 -39.6594 363.554 131.294 13.125 17.4836 7.28724 
162.637 159.391 179.58 175.763 168.075 168.05 162.621 167.007 169.34 163.5 -98.333 370.289 83.3895 -114.291 304.81 108.732 -112.809 289.44 135.242 -85.2557 281.072 166.975 -56.5135 297.861 189.71 -39.6261 363.369 131.249 13.0525 17.0053 7.51598 
162.513 159.918 179.609 175.695 167.921 168.013 162.404 168.235 169.22 163.257 -98.1999 370.151 83.4264 -114.555 304.971 108.644 -112.306 288.694 135.844 -85.6105 281.367 167.133 -56.6807 298.134 189.87 -39.6125 363.333 131.327 13.1699 16.0941 8.23237 
162.024 160.033 179.649 175.947 167.851 167.985 162.664 169.748 169.308 162.737 -98.0896 370.019 83.275 -114.652 304.792 108.445 -111.586 287.516 136.155 -86.415 281.429 166.852 -56.9204 297.912 189.684 -39.6222 363.222 131.388 13.4213 14.7353 8.89724 
161.526 159.538 179.703 176.151 167.848 168.064 163.064 171.211 169.596 162.793 -98.0172 370.245 83.1726 -114.48 304.747 108.367 -110.626 286.337 135.757 -86.3599 281.228 166.969 -56.9042 297.875 189.891 -39.6206 363.342 131.532 13.3954 14.2825 9.1419 
161.059 159.948 179.756 176.055 167.649 168.191 163.309 172.751 169.658 162.804 -98.0053 370.512 83.0538 -114.788 304.949 108.702 -109.885 285.368 136.02 -86.358 281.089 167.362 -56.9885 297.964 190.326 -39.6422 363.344 131.723 13.3287 13.7967 9.68887 
160.564 159.924 178.697 176.092 167.348 168.453 163.556 173.326 169.638 162.408 -97.8418 370.724 82.8544 -114.865 305.356 109.08 -109.434 284.948 136.173 -86.4103 281.201 167.672 -57.1206 298.207 190.627 -39.6076 363.42 131.933 13.2626 13.544 9.99059 
159.517 159.304 175.406 175.89 166.736 168.732 163.652 172.746 169.359 161.87 -97.6791 370.868 82.5319 -114.924 305.834 109.613 -109.34 285.049 136.025 -86.1415 281.012 167.803 -57.1006 298.396 190.754 -39.5236 363.363 132.098 13.1445 13.8427 9.85007 
158.273 158.924 172.378 175.683 166.37 169.159 164.102 172.327 169.259 161.473 -97.6029 371.036 82.1044 -115.004 306.129 110.349 -109.262 284.915 134.968 -85.8486 280.695 168.095 -57.2556 298.499 191.019 -39.4943 363.261 132.33 12.8858 14.6853 9.24384 
157.501 158.622 170.358 175.746 166.125 169.548 165.122 171.799 169.064 160.905 -97.4021 371.114 82.0845 -114.673 305.913 110.569 -109.06 284.673 134.089 -85.7492 280.928 168.499 -57.3381 298.803 191.312 -39.427 363.359 132.672 12.759 15.2488 8.73472 
156.778 157.223 168.738 175.697 166.107 169.832 166.022 171.655 169.121 160.761 -97.1563 371.102 82.2607 -114.263 305.786 110.881 -108.67 284.209 133.735 -85.3402 280.598 168.836 -57.2534 298.892 191.686 -39.4426 363.539 133.062 12.6294 15.6027 8.59857 
156.213 156.669 168.928 175.765 166.086 169.865 167.073 170.686 169.262 161.221 -96.865 370.641 82.4514 -113.853 305.086 111.203 -108.26 283.827 134.237 -84.6806 279.671 169.116 -56.8172 298.34 192.033 -39.4236 363.322 133.284 12.5947 15.6975 8.48122 
156.321 157.645 170.28 175.868 166.347 170.028 168.336 169.075 169.296 161.478 -96.3713 369.993 82.7289 -113.293 304.128 111.441 -107.882 283.747 134.647 -84.2574 279.173 169.364 -56.2717 297.964 192.426 -39.3156 363.24 133.63 12.7963 15.7498 8.05811 
156.734 157.653 171.667 175.846 166.85 170.083 168.76 167.538 169.326 162.043 -96.0726 369.627 82.8686 -112.844 303.682 111.979 -107.557 283.981 135.34 -83.6429 278.614 169.873 -55.6319 297.677 192.996 -39.3191 363.321 133.971 12.9251 15.9816 7.7717 
158.063 159.793 172.706 175.74 167.174 169.974 168.09 166.266 169.314 162.407 -95.7918 369.21 82.9156 -112.82 303.694 112.746 -107.484 284.171 136.349 -83.1311 278.222 170.774 -55.24 297.558 193.889 -39.2848 363.222 134.311 12.9569 16.2894 7.85954 
158.907 165.003 173.559 175.656 167.371 169.81 165.851 165.285 169.316 162.741 -95.4563 368.829 82.7456 -113.431 304.543 113.136 -107.413 284.342 137.123 -82.8226 277.987 171.474 -55.0438 297.479 194.607 -39.2988 363.034 134.524 13.0256 16.5172 8.71638 
159.982 168.559 174.576 175.726 167.66 169.768 164.089 164.26 169.213 162.786 -95.2616 368.368 82.6488 -113.896 305.088 113.245 -107.488 284.603 137.564 -83.0492 278.275 171.949 -54.9827 297.705 195.114 -39.3289 362.864 134.712 13.3269 16.5492 9.27635 
160.721 172.054 175.302 175.866 167.886 169.654 162.104 163.796 169.172 162.827 -95.1804 367.867 82.44 -114.681 306.027 113.651 -107.578 284.577 137.93 -83.3394 278.414 172.067 -54.8461 297.491 195.282 -39.3528 362.472 134.706 13.6628 16.3517 10.1156 
161.419 173.978 176.563 175.939 168.165 169.659 160.749 163.803 169.07 162.704 -95.1551 367.343 82.3148 -115.109 306.457 113.738 -107.634 284.357 137.944 -83.7664 278.687 172.032 -54.6755 297.45 195.323 -39.3183 362.157 134.723 14.1135 16.081 10.6383 
161.744 175.167 178.275 176.028 168.394 169.676 160.156 164.236 168.903 162.71 -95.0662 367.184 82.1925 -115.175 306.411 112.97 -107.621 284.012 137.822 -84.0614 279.038 171.903 -54.4692 297.421 195.339 -39.3566 362.069 134.727 14.5697 15.8041 11.0783 
161.864 176.253 179.734 176.232 168.606 169.832 159.774 165.429 169.185 162.464 -95.3931 367.472 82.4643 -115.556 306.603 112.754 -107.957 283.442 137.862 -84.841 279.442 171.9 -54.2906 297.575 195.404 -39.431 362.139 134.913 15.1291 15.294 11.4862 
161.536 177.439 179.66 176.513 168.544 169.949 159.568 165.775 169.276 162.213 -95.813 367.884 82.6579 -115.854 306.707 112.546 -108.305 283.355 137.918 -84.9153 279.702 172.072 -53.8885 297.589 195.454 -39.5235 362.242 135.046 15.3787 15.3466 11.6021 
161.01 177.836 179.624 176.761 168.579 169.904 159.055 165.764 169.341 161.932 -96.1309 368.238 82.9808 -116.132 306.958 112.717 -108.582 283.345 137.848 -85.0255 279.745 172.13 -53.5906 297.457 195.45 -39.6112 362.213 135.199 15.5994 15.4324 11.6035 
161.047 178.569 179.568 176.954 168.474 169.947 158.72 165.767 169.461 161.416 -96.4336 368.213 83.2091 -116.399 306.833 112.67 -108.987 283.297 137.62 -85.4287 279.875 172.104 -53.6923 297.53 195.435 -39.7236 362.099 135.306 15.7831 15.4779 11.4257 
161.416 178.466 179.518 177.114 168.279 169.797 158.562 165.947 169.627 160.967 -96.6056 367.906 83.5393 -116.623 306.534 112.523 -109.309 283.055 137.163 -85.8488 279.84 172.17 -54.0889 297.588 195.43 -39.8303 361.917 135.427 15.7046 15.6468 11.2248 
161.929 178.573 179.498 177.535 167.653 169.875 158.589 165.708 169.978 160.31 -96.8316 367.419 83.5445 -116.888 305.994 112.37 -109.807 283.042 136.754 -86.1338 279.713 172.411 -54.6379 297.549 195.554 -39.9493 361.57 135.537 15.4266 16.1103 10.8129 
162.648 178.497 179.474 177.992 166.908 170.063 158.751 164.923 170.169 159.828 -96.9654 366.863 83.4566 -117.093 305.368 112.128 -110.384 283.208 136.282 -86.4022 279.529 172.615 -55.1415 297.436 195.655 -39.9953 361.092 135.51 15.1908 16.6837 10.2542 
163.363 177.346 179.508 177.469 166.43 169.993 158.584 164.183 169.623 159.996 -96.9727 366.209 83.2922 -117.255 304.888 111.905 -110.675 283.342 136.179 -86.4607 279.198 172.633 -55.542 297.219 195.728 -40.0181 360.565 135.41 15.0284 16.9737 10.0252 
163.936 176.833 179.568 177.189 166.406 170.07 158.892 163.62 169.539 160.535 -97.1661 365.832 83.3216 -117.352 304.339 111.78 -110.988 283.621 136.357 -86.4536 278.82 172.945 -55.7339 296.712 196.115 -40.1027 360.188 135.488 14.9139 17.3308 9.71684 
164.494 176.423 179.657 176.919 166.306 170.131 159.283 162.869 169.355 160.968 -97.2402 365.363 83.1302 -117.42 303.639 111.54 -111.06 283.847 137.084 -86.3186 278.317 173.183 -55.8055 296.119 196.381 -40.1831 359.769 135.461 14.7916 17.3494 9.76693 
164.964 176.585 179.671 177.184 166.272 170.345 159.837 163.115 169.726 161.191 -97.4616 365.249 83.2078 -117.224 302.897 111.267 -111.102 283.784 137.648 -86.3852 278.081 173.282 -55.8408 295.751 196.512 -40.2177 359.608 135.518 14.7511 17.1159 9.80557 
165.631 176.12 179.673 176.582 166.416 170.33 160.11 164.212 169.597 161.938 -97.5624 365.034 83.4483 -117.077 302.523 111.214 -110.843 283.225 138.39 -86.1569 277.587 173.411 -55.945 295.403 196.706 -40.2412 359.458 135.571 14.5528 16.7377 10.2925 
166.205 175.749 179.689 176.041 166.436 170.159 160.4 165.344 169.25 162.371 -97.8541 365.159 83.8502 -117.013 302.269 111.347 -110.565 282.706 139.107 -85.9074 277.308 173.366 -56.036 295.255 196.658 -40.2653 359.34 135.587 14.3472 16.2483 10.7122 
166.561 174.945 179.687 175.575 166.72 170.074 160.212 166.568 169.061 162.978 -97.8111 365.101 83.9805 -117.04 302.479 111.25 -110.221 282.102 139.547 -85.5408 276.86 173.282 -55.9809 295.032 196.652 -40.2479 359.281 135.548 14.2056 15.9196 11.3947 
166.986 174.193 179.773 175.271 167.105 170.137 159.538 167.459 169.032 163.435 -97.837 365.014 83.8425 -117.249 303.122 111.361 -109.731 281.603 139.745 -85.1344 276.233 173.189 -55.9083 294.684 196.636 -40.3194 359.16 135.544 14.0639 15.7674 12.1384 
167.09 174.148 179.775 175.185 167.436 170.277 159.829 167.412 169.056 163.689 -97.9151 365.284 83.943 -117.192 303.181 111.683 -109.635 281.552 139.705 -84.8764 276.077 173.279 -55.7788 294.573 196.67 -40.3398 359.256 135.655 13.9325 15.8999 11.9782 
167.197 174.278 179.773 175.219 167.599 170.333 160.171 166.47 169.221 163.805 -97.9667 365.276 84.0379 -117.333 303.137 111.969 -109.72 281.787 139.336 -84.5004 275.717 173.438 -55.5266 294.339 196.806 -40.3523 359.238 135.747 13.84 16.498 11.556 
166.809 174.396 179.778 175.562 167.405 170.508 160.724 165.669 169.371 163.273 -98.0971 365.385 84.1595 -117.3 302.845 111.781 -109.835 282.072 139.211 -84.7479 275.764 173.531 -55.6065 294.397 196.885 -40.4129 359.301 135.885 13.8593 16.6068 11.3203 
166.382 174.425 179.814 175.46 166.8 170.669 160.835 164.873 169.354 162.761 -98.1496 365.444 84.0442 -117.254 302.833 112.127 -109.879 282.404 139.078 -84.6471 275.625 173.677 -55.6915 294.458 196.914 -40.4264 359.318 135.93 13.6723 16.9417 10.9279 
166.345 175.32 179.844 175.349 166.189 170.754 161.045 164.468 169.388 162.34 -98.2076 365.572 84.0249 -117.479 302.982 111.953 -109.958 282.609 138.943 -84.7554 275.51 173.748 -56.0264 294.549 196.831 -40.4627 359.295 135.927 13.4132 17.103 11.005 
166.362 175.731 179.864 175.332 165.594 170.785 161.273 164.314 169.555 161.95 -98.2971 365.507 83.9561 -117.88 302.943 111.796 -110.219 282.717 138.995 -84.9397 275.207 173.849 -56.5034 294.496 196.792 -40.5198 359.059 135.862 13.1207 17.2469 11.1203 
166.524 175.999 179.856 175.364 165.555 170.995 161.539 163.89 169.696 161.679 -98.5038 365.354 84.088 -118.09 302.863 112.042 -110.473 282.93 138.831 -85.1943 275.04 173.835 -56.8181 294.395 196.708 -40.5217 358.919 135.816 12.979 17.4096 10.7805 
166.459 175.563 179.819 175.503 165.613 171.111 161.383 163.659 169.913 161.443 -98.498 365.219 84.1534 -118.354 303.049 112.138 -110.717 283.047 138.657 -85.3678 274.945 173.962 -57.1944 294.55 196.818 -40.5838 358.91 135.815 12.8458 17.6375 10.6942 
166.634 175.788 179.806 175.711 165.864 171.111 161.463 163.547 170.162 161.638 -98.642 365.144 84.2592 -118.61 303.283 111.861 -110.955 283.28 138.58 -85.5257 274.95 174.025 -57.4407 294.592 196.854 -40.637 358.947 135.769 12.7445 17.7839 10.8295 
166.69 175.46 179.791 175.978 165.847 171.081 161.393 163.279 170.328 161.72 -98.6314 365.277 84.3974 -118.555 303.631 111.404 -110.93 283.353 138.144 -85.5006 274.892 173.899 -57.4882 294.548 196.798 -40.6612 359.112 135.744 12.6992 17.9485 10.9753 
166.992 174.502 179.778 175.912 165.869 171.12 161.298 162.977 170.273 161.845 -98.272 365.156 84.0363 -118.307 303.691 110.711 -110.687 283.25 137.487 -85.5085 274.729 173.547 -57.6889 294.618 196.71 -40.7028 359.324 135.658 12.7264 18.0103 11.0885 
167.086 174.667 179.301 175.894 166.017 171.035 161.092 162.856 170.155 161.632 -98.3195 365.291 84.2149 -118.431 303.955 109.791 -111.006 283.49 136.93 -86.1687 275.079 173.088 -58.2213 294.922 196.386 -40.7571 359.484 135.549 12.8056 17.8892 11.2684 
166.795 174.768 179.186 175.739 166.389 170.861 161.216 162.749 170.07 161.654 -98.2763 365.26 84.2821 -118.605 303.968 109.47 -111.262 283.592 136.59 -86.5229 274.969 172.739 -58.5613 294.798 196.127 -40.8302 359.458 135.431 12.7897 17.8828 11.2056 
166.655 174.517 179.026 175.222 166.544 170.688 161.499 162.698 169.696 161.663 -98.1749 365.134 84.2878 -118.623 303.824 108.935 -111.432 283.556 135.954 -86.8671 274.788 172.15 -58.658 294.586 195.738 -40.8673 359.468 135.316 12.9468 17.8369 11.0542 
166.616 174.988 179.119 175.826 166.845 170.545 161.673 162.812 170.053 161.572 -98.2179 365.098 84.1971 -118.685 304.038 108.4 -111.554 283.606 135.458 -87.0973 274.723 171.508 -58.803 294.419 195.18 -40.9449 359.569 135.171 12.9463 17.727 11.1383 
166.775 175.48 179.233 176.019 167.046 170.479 161.947 163.005 170.125 161.489 -98.1411 365.131 83.9956 -118.591 304.05 108.212 -111.472 283.46 135.071 -87.0293 274.639 171.222 -58.7505 294.429 194.869 -40.9826 359.793 135.078 12.8744 17.7189 11.066 
167.101 175.98 179.163 175.859 167.127 170.36 162.141 163.346 169.948 161.619 -98.1783 365.214 83.8599 -118.53 304.047 108.226 -111.194 283.072 134.778 -86.7315 274.523 170.988 -58.503 294.375 194.657 -41.0188 359.987 134.947 12.8602 17.6567 11.0906 
166.811 176.022 178.916 175.754 167.163 170.078 162.131 163.671 169.919 161.736 -98.3437 365.41 83.9733 -118.525 304.017 107.926 -110.973 282.641 134.386 -86.3651 274.328 170.554 -58.2456 294.168 194.196 -41.0979 360.084 134.714 12.806 17.6068 11.2375 
166.406 176.203 178.992 175.589 167.228 169.795 161.939 163.839 169.771 162.078 -98.3315 365.469 83.7937 -118.362 303.807 108.159 -110.715 282.311 134.141 -85.9908 273.895 169.966 -57.8379 293.594 193.541 -41.047 359.897 134.302 12.7941 17.5033 11.0463 
166.042 175.996 178.754 175.69 167.676 169.917 161.599 163.96 169.641 162.402 -98.5397 365.95 83.7917 -118.177 303.526 108.244 -110.65 282.054 134.003 -85.9467 273.883 169.53 -57.5505 293.287 193.054 -41.0179 359.979 134.063 12.8507 17.2516 10.8128 
165.768 176.059 178.397 176.079 168.431 170.117 161.342 164.077 169.791 162.669 -98.8107 366.429 83.9652 -118.062 303.5 108.309 -110.629 281.988 133.977 -86.0237 274.157 169.34 -57.2082 293.27 192.782 -40.9419 360.191 133.915 12.9841 17.0039 10.6968 
165.516 176.272 178.24 176.055 168.821 170.384 161.137 164.286 169.675 162.737 -99.0396 366.865 83.8193 -118.096 303.526 108.718 -110.639 281.928 134.103 -85.8549 274.244 169.316 -57.0259 293.237 192.539 -40.8898 360.221 133.718 12.8649 16.9416 10.5577 
166.149 176.685 178.419 176.155 169.645 171.033 160.902 164.769 169.818 163.157 -99.0647 366.972 83.2654 -118.136 303.236 108.891 -110.602 281.547 134.474 -85.5864 274.081 169.563 -56.7677 292.931 192.46 -40.8234 360.075 133.565 12.6707 16.8867 10.6607 
167.068 176.796 178.741 176.153 170.4 171.764 160.529 165.089 169.812 163.682 -99.1346 367.009 82.634 -118.236 302.855 108.971 -110.549 281.084 134.745 -85.3858 273.819 169.638 -56.5453 292.474 192.355 -40.78 359.794 133.324 12.5872 16.7808 10.7819 
168.68 176.897 179.124 176.292 171.6 172.849 160.214 165.584 169.856 164.214 -99.2399 367.307 81.8171 -118.184 302.502 109.04 -110.621 280.701 134.998 -85.4357 273.63 169.303 -56.4784 291.864 191.935 -40.7046 359.467 133.045 12.5572 16.4305 10.7933 
170.244 176.969 179.141 176.914 173.392 174.196 160.106 165.871 170.457 164.818 -99.5572 367.741 81.1064 -117.855 301.885 109.192 -110.797 280.29 135.262 -85.6359 273.47 169.03 -56.3332 291.302 191.6 -40.6768 359.139 132.814 12.6702 16.0693 10.543 
171.672 176.678 179.194 177.371 174.627 175.591 160.126 166.848 171.021 165.039 -99.6464 367.939 80.1987 -117.443 301.301 109.449 -110.714 279.51 135.442 -85.8358 273.42 168.76 -56.3853 290.922 191.182 -40.5916 358.638 132.491 12.6765 15.5478 10.4136 
171.919 176.269 179.266 177.51 175.413 176.554 160.019 168.415 171.049 165.265 -99.6176 367.768 79.5267 -117.1 300.613 109.575 -110.472 278.346 135.724 -86.068 273.358 168.628 -56.5067 290.548 190.878 -40.551 358.08 132.167 12.6854 14.8849 10.571 
174.166 176.361 179.33 177.68 175.981 176.837 160.158 169.659 170.898 165.292 -99.4789 367.341 79.1668 -116.655 299.821 109.507 -110.208 277.312 135.896 -86.2489 273.459 168.402 -56.6728 290.291 190.454 -40.4612 357.536 131.846 12.6525 14.2594 10.6442 
179.998 175.931 179.049 177.573 176.196 176.465 160.092 170.563 170.692 165.598 -99.3424 367.315 78.9904 -116.59 299.356 109.172 -110.095 276.493 135.974 -86.4645 273.362 168.241 -56.6507 289.907 190.291 -40.4413 357.233 131.68 12.778 13.8145 10.9313 
179.981 175.421 178.003 177.43 176.363 176.45 160.139 171.032 170.555 165.683 -99.3299 367.534 79.0233 -116.523 299.244 109.036 -110.114 276.112 135.84 -86.5368 273.456 168.289 -56.6958 290.002 190.402 -40.4868 357.187 131.612 12.8569 13.783 10.9759 
178.999 175.382 177.396 177.318 176.312 176.195 160.566 171.333 170.374 165.586 -99.2112 367.555 79.2753 -116.133 298.797 108.829 -109.998 275.758 135.431 -86.7336 273.62 168.166 -56.5949 290.017 190.309 -40.4438 357.152 131.554 13.0695 13.7057 10.6964 
179.457 175.408 177.063 177.41 176.005 175.74 160.923 171.626 170.3 165.502 -99.3563 367.477 79.8245 -115.818 298.265 108.559 -109.873 275.382 135.074 -86.7593 273.746 168.04 -56.3987 289.817 190.164 -40.4263 357.045 131.514 13.2245 13.6847 10.4833 
178.366 174.987 176.545 177.315 175.581 175.064 161.202 172.123 169.994 165.27 -99.593 367.323 80.3814 -115.669 298.012 108.434 -109.635 275.218 134.816 -86.7518 274.065 167.942 -56.3665 289.893 190.105 -40.4384 357.046 131.535 13.3139 13.6359 10.3982 
176.461 174.825 175.897 177.094 174.94 174.432 161.355 172.211 169.691 165.07 -99.5937 367.244 80.5156 -115.548 298.027 108.171 -109.389 275.278 134.44 -86.5992 274.277 167.919 -56.3349 290.103 190.112 -40.4524 357.102 131.502 13.3247 13.8162 10.3948 
174.109 174.513 175.264 177.01 174.293 173.794 161.481 172.442 169.633 164.807 -99.5289 367.088 80.6996 -115.418 298.076 108.073 -109.126 275.304 134.199 -86.51 274.51 167.909 -56.4535 290.361 190.128 -40.4809 357.221 131.546 13.2597 13.8871 10.3923 
172.157 174.487 174.81 176.929 173.962 173.325 161.77 172.657 169.557 164.319 -99.2976 366.872 80.5922 -115.496 298.312 108.152 -108.92 275.408 134.012 -86.5443 274.836 167.955 -56.688 290.825 190.238 -40.4726 357.357 131.576 13.2185 13.9347 10.4344 
170.8 174.594 174.664 176.786 173.682 172.908 161.835 172.748 169.318 164.019 -99.331 366.805 80.9666 -115.606 298.497 108.168 -108.949 275.64 133.982 -86.9138 275.369 168.036 -57.0178 291.235 190.35 -40.5111 357.517 131.643 13.2765 13.856 10.4361 
169.424 175.139 175.289 176.924 173.939 172.7 161.854 172.488 169.259 163.668 -99.3941 366.814 81.2858 -115.933 298.673 108.49 -109.315 275.995 134.106 -87.3812 275.824 168.036 -57.244 291.504 190.342 -40.5253 357.634 131.689 13.3864 13.7209 10.2453 
168.368 175.558 176.652 177.075 174.227 172.663 161.726 172.266 169.226 163.474 -99.5154 366.907 81.7251 -116.233 298.99 108.699 -109.499 276.483 134.675 -87.7698 276.317 168.233 -57.3693 291.82 190.533 -40.5373 357.815 131.827 13.5213 13.437 10.4026 
167.723 176.09 178.556 177.474 174.48 172.87 161.579 171.555 169.441 163.193 -99.6458 366.803 81.7789 -116.43 299.046 108.715 -109.617 276.992 135.001 -87.8092 276.404 168.167 -57.4151 291.757 190.469 -40.5672 357.804 131.893 13.5084 13.3164 10.4372 
167.938 175.942 179.538 177.548 174.469 172.999 161.456 170.379 169.443 162.929 -99.558 366.697 81.5842 -116.689 299.392 108.89 -109.841 278.035 135.224 -87.6307 276.527 168.28 -57.4691 292.038 190.588 -40.6259 357.999 131.983 13.4038 13.5786 10.2664 
168.11 175.617 179.552 177.749 174.454 172.954 161.253 168.987 169.571 162.739 -99.4929 366.441 81.5502 -116.912 299.606 108.757 -110.328 279.254 135.314 -87.7546 276.747 168.314 -57.7232 292.482 190.754 -40.6893 358.162 132 13.4325 13.9007 10.0014 
168.67 175.703 179.645 177.515 174.019 172.955 161.424 167.415 169.575 162.936 -99.4369 366.357 81.3318 -116.882 299.591 108.563 -110.732 280.716 135.379 -87.5763 276.642 168.442 -57.8618 292.757 190.899 -40.7688 358.367 132.038 13.2846 14.5389 9.57205 
169.326 176.363 179.722 177.373 173.573 173.1 161.732 166.245 169.647 162.977 -99.4453 366.322 81.0837 -116.871 299.866 108.394 -111.081 281.898 135.324 -87.4427 276.744 168.508 -58.0277 293.117 190.969 -40.8472 358.648 132.083 13.1364 15.0964 9.31903 
169.593 176.654 179.775 177.588 173.22 173.148 161.759 165.093 169.866 162.926 -99.5574 366.426 81.1929 -116.93 300.093 108.333 -111.481 282.97 135.384 -87.4871 277.046 168.795 -58.0579 293.519 191.234 -40.9464 358.955 132.235 13.1611 15.5821 9.10202 
169.772 176.776 179.861 177.364 172.467 172.949 161.589 163.647 169.741 163.016 -99.4345 366.282 81.1502 -116.979 300.352 108.283 -111.703 283.995 135.309 -87.3035 277.037 168.856 -58.0348 293.737 191.297 -40.9666 359.087 132.214 13.1116 16.1369 8.88241 
169.762 176.876 179.915 177.328 171.653 172.897 161.664 162.852 169.843 163.03 -99.3398 366.05 80.9079 -116.891 300.484 108.107 -111.925 284.559 134.919 -87.1557 276.926 168.706 -58.0679 293.801 191.156 -40.9624 359.07 132.155 13.0532 16.6388 8.60773 
169.56 176.526 179.894 177.504 170.805 173.003 161.386 162.514 170.033 162.845 -99.2745 366.206 80.6676 -116.787 300.912 107.959 -112.156 284.761 134.339 -87.0924 276.954 168.337 -58.027 293.877 190.94 -40.9565 359.209 132.124 13.1147 16.908 8.34831 
169.103 175.5 179.844 177.764 170.33 173.176 160.859 162.832 170.429 162.725 -99.2199 366.545 80.7287 -116.761 301.572 107.964 -112.255 284.7 133.88 -87.2483 277.005 168.098 -58.0288 294.12 190.892 -40.9718 359.521 132.222 13.2482 16.9159 8.24985 
168.579 174.79 179.789 177.648 169.792 172.885 160.31 163.571 170.541 162.87 -99.2198 366.813 81.1146 -116.88 302.128 107.734 -112.161 284.311 133.858 -87.069 276.901 168.224 -57.9182 294.245 191.104 -40.9958 359.73 132.333 13.2329 16.8885 8.73535 
167.974 174.479 179.78 177.488 169.099 172.59 159.869 164.251 170.499 162.926 -99.0265 367.016 81.0911 -116.952 302.721 107.43 -111.907 283.945 133.713 -86.9286 276.833 168.207 -57.8289 294.396 191.264 -40.9725 359.879 132.323 13.3133 16.8032 9.25901 
167.216 174.248 179.818 177.735 168.29 172.422 159.602 164.035 170.616 162.734 -98.9665 367.364 81.3224 -116.915 303.319 107.798 -111.849 284.38 133.775 -86.919 277.065 168.251 -57.6657 294.577 191.393 -40.8044 360.048 132.476 13.4214 16.8338 9.18354 
166.686 174.367 179.853 177.529 167.897 172.338 159.435 163.513 170.357 162.445 -98.8971 367.249 81.1882 -116.956 303.334 107.883 -111.869 284.602 133.795 -86.7021 276.814 168.256 -57.5317 294.31 191.418 -40.6945 359.867 132.532 13.3706 17.0725 9.11278 
166.438 174.209 179.828 177.606 167.7 172.203 159.316 162.874 170.363 162.171 -98.9425 367.343 81.2137 -117.154 303.562 107.863 -112.021 284.891 133.693 -86.6339 276.829 168.223 -57.3816 294.314 191.461 -40.672 359.955 132.604 13.4412 17.2679 9.07611 
166.558 174.904 179.857 177.36 167.306 172.122 159.294 162.11 170.152 161.986 -98.8482 367.324 80.9741 -117.534 303.937 107.544 -112.075 285.294 133.82 -86.4793 276.649 168.282 -57.2723 294.317 191.657 -40.6242 359.91 132.637 13.488 17.4924 9.46796 
167.071 175.286 179.884 177.114 166.966 172.515 159.573 161.456 169.816 161.743 -98.7695 367.507 80.5252 -117.438 303.977 107.765 -111.881 285.583 133.961 -86.1819 276.597 168.236 -57.1301 294.376 191.652 -40.515 359.937 132.686 13.4363 17.5706 9.36714 
167.646 175.454 179.905 176.9 166.768 172.906 159.409 160.993 169.5 161.707 -98.67 368.002 80.3578 -117.396 304.538 107.988 -111.687 286.083 134.277 -85.7194 276.738 168.296 -56.8879 294.607 191.771 -40.3799 360.205 132.788 13.3731 17.6826 9.50179 
167.81 174.449 179.926 176.653 166.547 172.951 158.29 161.164 169.412 161.717 -98.7301 368.44 80.5485 -117.636 305.629 108.764 -111.764 286.502 134.822 -85.4827 276.761 168.369 -56.9156 294.734 191.901 -40.3556 360.378 132.899 13.2628 17.7191 9.68858 
167.586 173.749 179.905 176.501 166.375 173.002 157.533 161.368 169.303 161.535 -98.7835 369.006 80.7132 -117.915 306.555 109.518 -112.06 286.972 135.271 -85.3822 277.051 168.534 -57.0202 295.096 191.979 -40.3209 360.622 133.004 13.1104 17.808 9.6948 
168.073 174.337 179.92 176.38 166.228 173.639 157.249 161.282 169.071 161.323 -98.4343 369.198 79.8892 -118.128 307.005 109.709 -112.227 287.318 135.567 -85.331 277.225 168.621 -57.0751 295.168 192.003 -40.2271 360.591 132.997 13.0361 17.8992 9.84014 
169.298 175.044 179.938 176.633 166.224 174.453 157.295 161.548 169.223 161.061 -98.2578 369.69 79.1138 -118.169 307.355 109.712 -112.162 287.417 135.728 -85.4852 277.507 168.474 -57.0732 295.367 191.944 -40.2185 360.736 132.997 13.1771 17.6205 10.0697 
170.083 175.512 179.942 176.609 166.181 175.03 157.334 161.775 169.278 160.796 -97.8612 369.909 78.3783 -118.074 307.725 109.844 -111.927 287.399 135.569 -85.2533 277.606 168.583 -56.9615 295.633 191.954 -40.1302 360.922 132.995 13.0958 17.7211 10.1488 
169.645 176.027 179.926 176.917 166.306 175.326 157.386 162.407 169.868 160.347 -97.667 369.919 77.9292 -118.158 307.723 109.582 -111.758 287.061 135.786 -85.4381 277.612 168.657 -57.0219 295.751 191.869 -40.1065 360.956 133.02 13.0359 17.3757 10.609 
168.66 176.197 179.843 176.817 166.56 175.748 157.968 163.237 170.804 159.933 -97.3792 370.204 77.4233 -118.242 307.441 109.214 -111.896 286.712 136.016 -85.7563 277.608 168.754 -57.2578 296.079 191.918 -40.1485 361.117 133.05 12.9957 17.0747 10.8573 
167.705 176.341 179.758 176.889 167.187 176.16 157.865 163.932 171.39 159.987 -97.2923 370.651 77.1518 -118.426 307.624 109.086 -111.909 286.297 136.174 -85.8844 277.679 169.052 -57.4608 296.244 191.982 -40.164 361.238 133.09 12.7714 16.8838 11.2745 
166.454 177.367 179.787 177.116 167.898 176.444 157.655 164.548 171.728 160.086 -97.2509 370.621 76.7421 -118.543 307.589 108.767 -111.691 285.894 136.582 -85.8801 277.657 169.19 -57.6768 296.058 191.783 -40.1971 361.048 132.939 12.4568 16.5737 11.9188 
164.939 177.897 179.755 177.516 169.111 176.511 157.771 165.693 172.094 160.147 -97.3708 370.632 76.6542 -118.471 307.297 108.679 -111.494 285.231 136.795 -85.8001 277.658 169.339 -57.8632 295.935 191.547 -40.243 360.982 132.877 12.0827 16.2885 12.2188 
163.916 178.054 179.738 177.901 170.073 176.511 157.437 167.468 172.078 160.333 -97.6163 370.847 76.8671 -118.528 307.465 108.58 -111.057 284.434 137.146 -85.8069 278.008 169.422 -58.0329 296.033 191.374 -40.327 361.103 132.843 11.8548 15.6308 12.9555 
163.086 178.061 179.725 177.772 170.549 176.418 157.452 169.257 171.759 160.948 -97.9352 371.385 77.1576 -118.557 307.663 108.689 -110.659 283.802 137.27 -85.8651 278.283 169.438 -58.1541 296.21 191.365 -40.4705 361.415 132.866 11.802 15.1086 13.3806 
162.515 177.284 178.31 177.596 171.064 176.18 158.125 170.07 171.752 161.507 -97.937 371.539 77.4628 -118.31 307.313 108.119 -110.781 283.262 136.374 -85.8533 278.264 169.491 -58.2387 296.459 191.588 -40.6123 361.741 132.869 11.8538 15.4464 13.1143 
161.884 177.18 176.205 177.414 171.148 175.916 158.054 169.929 171.646 162.013 -98.3289 371.731 77.65 -118.725 307.674 107.89 -111.259 283.685 136.023 -85.8331 278.219 169.413 -58.3762 296.667 191.678 -40.7865 361.754 132.7 11.9115 15.8959 13.0479 
161.666 174.538 174.487 176.99 171.076 175.536 157.505 170.2 171.497 162.548 -98.6099 371.907 78.0718 -119.02 308.423 107.687 -111.503 283.449 135.273 -85.7302 277.933 169.302 -58.4754 296.781 191.792 -40.9812 361.952 132.612 11.9486 16.3058 13.2537 
161.509 174.526 173.278 176.878 170.716 175.17 157.629 170.094 171.479 162.771 -98.8966 371.849 78.3585 -118.989 308.389 107.611 -111.536 283.436 134.574 -85.4691 277.681 168.939 -58.5638 296.733 191.386 -41.0806 361.896 132.307 11.7831 16.6589 12.9391 
161.235 173.633 172.672 176.689 170.266 175.087 157.36 170.008 171.453 163.089 -99.2443 372.041 78.315 -119.197 308.705 107.849 -111.687 283.362 133.951 -85.3247 277.363 168.701 -58.5739 296.67 191.203 -41.2583 361.951 132 11.756 17.0093 12.7631 
161.314 173.351 172.387 176.519 169.907 175.436 157.838 170.078 171.358 163.262 -99.3488 372.109 77.8175 -118.985 308.34 107.9 -111.664 283.305 133.581 -85.4647 277.417 168.703 -58.6113 296.582 191.063 -41.3694 361.974 131.817 11.7119 17.1129 12.3442 
161.11 172.73 172.127 176.387 169.538 175.768 158.173 170.219 171.062 163.316 -99.4264 372.467 77.4364 -118.753 308.039 107.843 -111.693 283.491 133.421 -85.9364 278.114 168.835 -58.8181 296.982 191.093 -41.5082 362.278 131.728 11.7804 16.9844 11.9294 
162.212 172.914 173.182 176.524 169.237 175.929 158.939 169.587 171.036 163.793 -99.8793 372.615 77.579 -118.798 307.364 107.635 -111.97 283.846 133.457 -86.4357 278.394 168.986 -58.7942 296.968 191.243 -41.6862 362.379 131.557 12.0383 16.9772 11.4281 
162.313 172.867 174.786 176.876 169.01 175.951 159.544 168.822 170.956 163.852 -100.014 372.677 77.5339 -118.773 306.812 107.442 -112.134 284.323 133.424 -86.9529 278.825 168.752 -58.8547 296.904 191.068 -41.7896 362.456 131.311 12.2647 16.7722 10.9557 
162.444 172.651 176.427 176.96 168.913 176.092 160.348 168.765 170.781 163.963 -100.014 372.582 77.2555 -118.48 306.147 107.068 -112.075 284.473 133.426 -87.9397 279.436 168.64 -58.8967 297.072 191.059 -41.8756 362.566 131.16 12.7969 16.2224 10.7079 
162.414 172.568 178.862 177.13 168.655 176.034 161.388 169.002 170.614 163.722 -99.7697 372.367 77.0833 -117.965 305.536 106.636 -111.894 284.697 133.517 -89.242 280.31 168.425 -59.0278 297.583 191.009 -41.9188 362.761 131.008 13.5217 15.3796 10.5292 
162.195 174.402 179.773 177.275 168.582 176.493 163.581 167.928 170.725 164.202 -99.5538 372.341 76.624 -117.398 304.244 106.357 -112.054 285.412 133.608 -89.2906 280.266 168.517 -58.8558 297.529 191.001 -41.9211 362.834 130.826 13.599 15.5912 9.77017 
162.291 176.127 179.784 177.725 168.778 176.527 165.717 167 171.233 164.872 -99.4786 372.081 76.5898 -116.551 302.697 105.65 -112.168 285.705 133.494 -88.9968 279.885 168.463 -58.4067 297.034 190.891 -41.9207 362.833 130.66 13.6765 15.928 9.36423 
162.448 172.809 179.803 177.775 168.815 176.249 166.345 166.766 171.205 165.293 -99.3601 371.453 76.7632 -116.138 301.838 105.467 -112.279 285.837 133.299 -88.689 279.653 168.212 -58.2395 296.615 190.506 -41.8627 362.625 130.458 13.5833 16.1689 9.01809 
161.576 167.096 179.799 177.774 168.905 175.976 164.176 166.154 171.224 165.616 -99.7267 371.323 77.1492 -116.378 302.838 106.422 -112.444 286.113 132.904 -88.0023 279.393 168.182 -57.7756 296.348 190.231 -41.8296 362.619 130.346 13.3724 16.8275 8.32384 
159.857 163.446 179.834 177.654 168.713 175.665 164.646 165.588 171.179 165.752 -100.094 371.293 77.3798 -116.164 302.399 106.827 -112.439 286.308 132.517 -87.1722 278.953 168.214 -57.4232 296.156 190.117 -41.8004 362.505 130.242 13.0671 17.5478 7.6039 
158.743 161.435 179.92 177.69 168.446 175.304 165.191 164.798 171.235 165.795 -100.023 371.029 77.5362 -115.92 302.074 106.367 -112.447 286.797 132.027 -86.425 278.585 167.821 -57.3804 296.026 189.721 -41.7161 362.332 129.923 12.7128 18.1699 7.40767 
158.223 160.285 179.977 177.735 168.13 174.907 165.962 163.225 171.186 165.688 -99.9467 370.792 77.7792 -115.684 301.594 106.01 -112.629 287.758 132.094 -85.8914 278.495 167.498 -57.3712 296.012 189.376 -41.6403 362.291 129.637 12.4433 18.6254 7.43951 
157.103 159.962 179.992 177.916 167.707 174.508 166.783 162.086 171.091 165.338 -100.113 370.881 78.0373 -115.616 300.978 105.946 -112.958 288.485 132.045 -85.7335 278.853 167.366 -57.4537 296.164 189.102 -41.5886 362.2 129.435 12.2827 18.9563 7.31279 
156.331 158.829 180 177.858 167.748 174.244 166.231 161.072 170.953 165.404 -100.189 371.047 78.4026 -115.648 301.214 105.935 -113.094 289.276 132.049 -85.5444 279.126 167.401 -57.3889 296.425 189.049 -41.5556 362.333 129.274 12.2235 19.3045 7.31606 
155.688 159.298 180 177.855 167.811 173.664 166.002 159.897 170.874 165.569 -100.494 371.257 79.1493 -115.921 301.254 105.758 -113.31 290.428 132.542 -85.3046 279.329 167.494 -57.1969 296.557 189.115 -41.5295 362.431 129.16 12.2089 19.6348 7.8699 
154.658 159.181 180 177.706 167.902 172.956 166.051 159.03 170.463 165.641 -100.803 371.516 80.0019 -115.884 301.072 105.486 -113.48 291.264 132.922 -85.418 279.905 167.37 -57.0718 296.655 189.093 -41.5579 362.645 129.056 12.4061 19.5426 8.46582 
152.889 159.147 180 177.739 167.927 172.172 166.198 158.619 170.371 165.627 -100.885 371.798 80.5891 -115.86 301.089 105.295 -113.521 291.942 133.236 -85.3983 280.455 167.442 -57.0574 297.047 189.176 -41.5624 362.945 129.015 12.4357 19.533 8.92783 
151.479 159.939 180 177.761 168.112 171.471 166.288 158.279 170.154 165.552 -101.058 372.274 81.3382 -116.14 301.322 105.143 -113.822 292.812 133.65 -86.1623 281.348 167.487 -56.9975 297.487 189.429 -41.6155 363.321 129.047 12.9939 19.1427 9.42074 
149.835 159.29 180 178.083 168.059 170.466 166.236 157.283 169.934 165.142 -101.542 372.771 82.7681 -116.232 301.013 105.263 -114.678 294.468 134.355 -87.3059 282.657 167.504 -56.9308 297.78 189.515 -41.6592 363.564 129.102 13.7236 18.8436 10.2583 
148.935 160.078 180 178.438 167.949 169.718 166.144 156.68 169.665 164.563 -102.064 373.139 83.7365 -116.535 300.914 105.784 -115.24 295.403 134.712 -87.8912 283.269 167.407 -56.8393 297.731 189.349 -41.6746 363.56 129.056 14.0923 18.756 10.4035 
148.49 160.934 180 178.369 167.466 168.919 165.806 156.04 169.381 163.981 -102.252 373.396 84.0623 -116.959 301.364 106.238 -115.457 296.551 135.241 -88.0227 283.504 167.364 -57.0465 297.963 189.265 -41.6194 363.557 128.973 14.0082 18.9324 10.5536 
148.093 161.306 180 178.223 167.374 168.352 164.231 155.382 169.293 163.677 -102.317 373.841 84.6202 -117.262 302.634 106.503 -115.541 297.758 135.622 -88.0033 283.952 167.399 -57.3318 298.585 189.262 -41.5765 363.924 129.002 13.7943 19.1737 10.5829 
147.585 162.475 180 178.275 167.132 167.903 163.061 154.681 169.142 163.156 -102.357 374.319 85.2335 -117.543 303.666 106.683 -115.489 298.752 135.95 -88.0259 284.65 167.454 -57.4541 299.332 189.213 -41.4757 364.312 129.038 13.7032 19.1953 10.6324 
146.759 163.34 180 178.504 166.964 167.519 162.178 153.862 168.928 162.545 -102.344 374.668 85.69 -117.624 304.312 106.987 -115.542 299.699 136.194 -88.3341 285.431 167.403 -57.4848 299.866 189.157 -41.4284 364.633 129.076 13.9034 19.0828 10.6587 
146.187 164.046 180 178.493 166.716 167.059 161.425 153.503 168.694 162.034 -102.39 374.992 86.1979 -117.827 304.974 107.363 -115.559 300.14 136.386 -88.4587 285.962 167.429 -57.5022 300.323 189.067 -41.404 364.925 129.047 13.9157 18.9395 10.4468 
145.543 163.974 180 178.403 166.742 166.387 161.219 153.162 168.666 161.824 -102.357 375.092 86.9313 -117.608 305.056 107.483 -115.6 300.471 136.448 -88.5789 286.344 167.377 -57.6152 300.636 188.979 -41.414 365.219 129.044 13.9042 18.8509 10.4938 
144.897 164.006 180 178.225 166.805 165.619 160.8 153.357 168.749 161.931 -102.433 375.199 88.0108 -117.455 305.23 107.432 -115.441 300.307 136.416 -88.6108 286.548 167.324 -57.4989 300.847 188.894 -41.4415 365.49 128.999 13.9854 18.5783 10.4462 
146.084 163.791 180 178.083 167.317 165.103 160.698 153.442 168.902 162.373 -102.621 375.387 88.6976 -117.09 305.284 107.493 -115.573 300.519 136.315 -88.6269 286.677 167.1 -57.3937 300.845 188.81 -41.5023 365.913 129.075 14.0794 18.5778 10.4982 
147.494 163.741 180 177.846 167.904 164.583 160.999 153.239 169.124 163.061 -102.804 375.673 89.0114 -116.91 305.413 107.456 -115.504 300.949 136.518 -88.4898 286.5 166.953 -57.3734 300.919 188.793 -41.5629 366.294 129.071 13.9922 18.684 10.7999 
148.548 163.456 180 177.469 168.482 164.076 161.296 153.256 169.4 163.793 -102.734 375.8 89.0456 -116.633 305.566 107.414 -115.289 301.225 136.701 -88.1319 286.123 166.837 -57.4208 300.996 188.828 -41.5591 366.634 129.102 13.7434 18.8808 11.011 
149.169 163.679 180 177.137 169.083 163.778 161.694 153.431 169.619 164.347 -102.755 376.008 89.1556 -116.413 305.588 107.266 -115.063 301.169 136.736 -87.815 285.61 166.602 -57.3151 300.848 188.717 -41.5213 366.84 129.104 13.587 18.9526 11.1469 
149.475 164.483 180 177.131 169.575 163.448 161.947 153.471 169.728 164.899 -102.898 376.29 89.4166 -116.493 305.57 106.962 -114.929 301.006 136.684 -87.5833 285.198 166.16 -57.1003 300.342 188.416 -41.4905 366.858 128.973 13.5671 18.8943 11.3149 
149.398 165.75 180 177.129 170.009 163.272 162.389 153.257 169.783 165.021 -102.999 376.611 89.397 -116.611 305.757 106.916 -114.881 301.165 136.604 -87.4162 285.059 165.863 -57.0159 300.223 188.182 -41.4585 366.919 128.915 13.516 18.9865 11.2965 
149.278 167.368 180 177.158 170.386 163.327 162.906 153.306 169.724 165.117 -103.146 376.888 89.3897 -116.731 305.957 106.814 -114.744 301.032 136.389 -87.3232 284.895 165.425 -56.7302 299.845 187.756 -41.3501 366.884 128.796 13.5883 18.8585 11.1492 
149.336 169.238 180 177.037 170.868 163.479 163.358 153.392 169.729 165.21 -103.13 377.007 88.9069 -116.812 306.222 106.471 -114.715 300.891 135.833 -87.2564 284.636 164.962 -56.7955 299.671 187.305 -41.2429 366.846 128.647 13.4568 18.9293 10.8987 
149.844 171.68 180 176.975 171.527 163.703 163.858 153.724 169.975 165.487 -103.143 377.034 88.494 -116.978 306.442 106.221 -114.644 300.724 135.575 -87.0354 284.334 164.719 -56.7849 299.395 186.995 -41.1354 366.835 128.564 13.2438 19.0278 10.7681 
