174.709 170.476 168.678 166.191 165.197 176.883 163.351 162.516 164.884 167.738 -119.038 190.252 11.2357 -56.2779 136.872 -7.09 -11.1733 135.825 5.02223 16.2406 156.449 21.0146 30.5429 187.857 44.674 -50.3879 226.637 36.3479 15.6598 12.3694 18.9253 
173.457 171.343 168.64 166.397 165.422 176.714 163.395 162.249 165.192 168.274 -119.724 189.149 10.4396 -54.8911 135.54 -6.65706 -11.6957 134.957 5.14216 15.7272 155.224 20.916 30.736 187.051 45.4602 -50.2857 225.272 35.9944 16.7845 12.3861 17.6508 
172.337 171.374 168.582 166.344 165.156 176.825 162.645 161.901 165.291 168.39 -120.49 188.286 10.1727 -55.0552 134.286 -5.61984 -13.685 133.526 5.2172 14.3151 153.359 20.8868 30.5338 185.438 46.0406 -50.2536 223.876 35.6774 17.8404 12.6925 16.3157 
172.276 171.38 168.532 166.107 164.928 176.016 162.266 161.676 164.633 168.234 -121.173 189.012 9.87889 -56.334 133.616 -5.3862 -15.1097 132.165 5.16119 13.148 151.406 21.229 29.7923 183.216 46.7217 -50.6026 222.856 35.5843 18.0124 12.7949 16.2007 
171.011 171.608 168.266 165.703 164.236 174.516 161.483 160.996 163.493 167.656 -122.381 189.987 11.1741 -58.2999 132.851 -4.69079 -16.9132 130.795 5.36544 11.7979 149.212 21.7947 28.7731 180.41 47.6039 -51.3584 221.803 35.4715 17.7765 12.9188 16.3183 
169.381 171.774 168.101 165.441 163.904 173.389 161.007 160.549 162.732 167.485 -122.522 191.057 12.5021 -59.3975 132.963 -4.46005 -17.0733 130.72 5.48761 11.9412 148.809 22.1849 28.8853 179.379 47.8378 -51.316 221.825 35.495 17.2059 13.0437 17.0532 
167.619 171.866 167.973 165.144 163.652 172.517 160.522 160.143 162.147 167.409 -122.485 191.504 13.4415 -60.3562 133.155 -4.53033 -16.8547 130.933 5.44299 12.2421 148.901 22.4554 28.973 178.877 48.0564 -51.3493 221.903 35.4966 16.7246 13.142 17.9976 
165.699 171.722 167.825 164.9 163.44 171.657 160.106 159.707 161.722 167.366 -122.423 191.968 14.3898 -61.2302 133.435 -4.63108 -16.6939 131.387 5.28743 12.4863 149.245 22.5257 29.0823 178.741 48.2206 -51.3909 222.164 35.4767 16.4377 13.2372 18.8365 
164.005 171.531 167.724 164.845 163.337 170.743 159.796 159.431 161.586 167.386 -122.343 192.278 15.1681 -61.8207 133.645 -4.69842 -16.4628 131.812 5.15358 12.7283 149.568 22.5768 29.0712 178.604 48.4714 -51.4585 222.41 35.5362 16.1366 13.2795 19.4951 
162.667 171.258 167.607 164.707 163.305 169.826 159.46 159.176 161.459 167.41 -122.293 192.5 16.1257 -62.3102 133.997 -4.5459 -16.1882 132.358 5.28806 12.8755 150.099 22.6627 28.9629 178.66 48.5922 -51.5982 222.776 35.7432 15.7473 13.2019 20.0967 
161.786 170.901 167.507 164.428 163.097 169.171 158.907 158.919 161.267 167.337 -122.037 192.285 16.8091 -62.2945 134.462 -4.31036 -15.4694 133.036 5.60875 13.2035 150.897 22.9718 28.8326 179.003 48.8835 -51.7762 223.083 36.031 15.3159 13.0448 20.646 
160.605 170.46 167.313 163.977 162.836 168.647 158.234 158.628 160.958 167.204 -121.782 192.114 17.4006 -61.9274 135.259 -4.11958 -14.4219 134.06 5.98362 13.729 152.114 23.4239 28.7095 179.795 49.3593 -52.0051 223.597 36.4324 14.8669 12.8654 21.1675 
161.624 169.563 167.11 163.5 163.167 168.835 157.047 158.192 160.64 167.01 -120.988 191.573 14.9974 -59.5679 136.571 -3.57551 -13.3892 135.75 6.47558 13.8194 153.972 23.4712 29.0972 181.447 50.1151 -51.9365 224.292 36.8876 15.2814 12.4357 20.3398 
163.148 169.097 167.003 163.128 163.825 169.441 155.717 157.606 160.421 166.974 -119.987 191.105 13.3669 -57.3383 138.012 -2.64849 -13.0632 137.377 7.20391 13.5769 155.775 23.7225 29.5057 183.076 50.6846 -51.9066 225.006 37.3594 15.7407 12.2172 19.0483 
165.246 168.842 167.119 163.068 164.366 170.132 154.792 157.339 160.333 166.898 -119.053 190.36 12.8606 -55.7486 138.939 -1.65794 -12.918 138.338 8.11057 13.3882 156.951 24.2292 29.9848 184.54 51.0002 -51.8055 225.531 37.818 16.1474 12.0676 18.0122 
167.46 168.484 166.953 162.909 164.802 170.641 154.262 157.039 160.034 166.684 -118.618 189.698 13.2554 -55.3149 139.594 -0.576327 -13.448 138.93 9.33187 12.7863 157.71 25.0543 30.1325 185.815 51.1393 -51.8211 226.013 38.2857 16.4938 11.9987 17.3599 
169.542 167.658 166.705 162.661 165.071 171.181 153.859 156.737 159.648 166.348 -118.533 189.274 13.6636 -55.4017 140.24 0.207799 -14.2534 139.401 10.506 12.0934 158.309 26.1188 29.9523 186.869 51.7375 -51.8563 226.434 38.7441 16.8891 12.1084 16.9756 
170.557 167.353 166.473 162.617 165.243 171.612 153.913 156.463 159.262 165.901 -118.542 188.915 14.1107 -55.6078 140.809 0.744392 -15.2481 139.703 11.7022 11.4194 158.72 27.4482 29.4573 187.753 52.5367 -51.9197 226.708 39.2632 17.1791 12.3913 16.6342 
170.286 167.673 166.378 162.779 165.068 172.314 154.275 156.152 159.146 165.614 -118.402 188.299 14.2177 -55.765 141.133 0.828005 -15.929 140.078 12.8516 11.3278 159.184 28.6486 28.4409 188.359 53.2816 -52.1658 226.802 39.7413 16.8947 12.8871 16.6852 
172.458 168.163 166.491 163.038 164.512 172.707 155.625 156.333 159.285 165.489 -118.003 188.077 13.7565 -55.2223 141.06 0.550485 -16.7057 139.963 13.7023 11.8154 159.159 29.7007 27.3036 187.784 53.322 -52.6026 226.738 40.314 15.3509 13.8776 15.9957 
174.002 168.56 166.782 162.961 163.643 173.357 156.246 156.517 159.091 165.308 -116.738 187.208 12.8847 -54.3423 141.078 0.419598 -15.9054 140.163 14.3008 12.5343 159.526 30.9136 26.5272 187.708 54.2569 -52.951 226.467 40.9727 14.4166 14.1361 16.1204 
175.645 168.722 167.041 162.733 162.346 174.177 156.297 156.798 158.976 165.18 -115.446 186.512 13.2208 -54.2971 141.112 1.23867 -15.1008 140.41 15.1959 12.8492 160.042 31.8961 25.7302 187.906 55.278 -53.1354 226.356 41.6801 13.9257 14.0024 16.7436 
177.043 168.483 167.014 161.84 163.319 174.512 155.579 156.764 158.627 164.997 -114.359 186.383 13.7181 -54.0971 141.929 2.4672 -14.1357 141.349 16.1673 12.7603 161.069 32.9716 25.2713 188.715 56.7353 -53.2984 226.705 42.503 14.0858 13.4996 17.3426 
177.291 168.319 167.173 160.67 164.425 174.25 154.822 156.769 158.169 164.536 -113.377 186.614 14.4054 -53.8133 142.914 3.74039 -13.0006 142.376 17.1699 12.6682 162.217 34.029 24.7721 189.361 58.1964 -53.4641 227.209 43.2852 14.0673 12.8916 17.9678 
176.896 168.583 167.541 159.591 165.186 174.155 154.526 156.982 157.915 164.285 -112.845 186.748 15.5008 -53.3008 143.576 4.90785 -11.945 143.027 18.1744 12.3554 162.898 34.8326 24.2169 189.564 59.3513 -53.648 227.537 43.9616 14.0189 12.0444 18.3129 
176.842 169.152 167.963 158.875 165.726 174.432 154.444 157.29 157.779 164.133 -112.463 186.736 16.6081 -52.6154 143.997 6.05064 -10.6855 143.639 19.2328 12.221 163.576 35.5577 23.7646 189.917 60.1802 -53.9255 227.733 44.5737 13.8869 11.1505 18.6582 
176.897 169.41 168.455 158.006 165.289 174.751 154.356 157.459 157.931 163.89 -112.291 187.218 17.4224 -52.6366 144.487 6.7639 -9.84855 144.406 20.0169 11.9613 164.286 35.8866 22.789 189.906 60.2456 -54.3996 228.002 45.0768 13.1273 10.4224 19.2983 
176.908 169.309 168.938 157.144 164.472 175.272 154.752 157.684 158.355 163.763 -112.629 188.134 18.2486 -53.4014 144.896 7.23048 -9.68548 145.188 20.8061 11.3516 164.938 36.0418 21.6949 189.94 59.4397 -55.0552 228.509 45.5311 12.0512 9.81401 20.0777 
176.72 169.346 169.213 156.779 164.547 175.913 154.789 157.765 158.164 163.693 -113.294 188.964 19.0986 -53.9859 145.502 7.70754 -9.65088 145.849 21.6677 10.3288 165.533 36.1663 20.8115 190.346 59.1736 -55.7208 229.031 45.8079 11.8358 8.9758 20.6066 
171.467 169.289 169.823 156.692 165.035 179.22 155.303 158.421 158.836 163.841 -115.473 190.318 20.0213 -55.1183 146.121 8.10313 -9.55695 146.603 22.8532 9.26821 166.192 36.6844 19.175 190.552 59.2079 -56.7838 229.73 46.2112 11.0656 8.10164 21.6501 
171.451 169.135 170.363 157.427 164.555 178.319 156.203 159.221 160.008 163.682 -116.935 191.459 19.8693 -56.3461 145.888 8.08336 -9.7368 146.639 23.4817 8.66326 165.835 36.8395 18.0255 190.312 59.1304 -57.5677 230.079 46.1938 10.5861 7.56648 22.456 
171.48 169.015 170.936 158.801 162.982 178.242 157.512 160.175 161.195 162.875 -118.188 192.349 20.0006 -57.4791 145.207 7.90761 -9.89335 146.369 23.9363 8.26847 165.152 36.8776 17.8556 190.332 58.4202 -58.3105 230.249 46.2655 10.3707 7.12355 23.0965 
171.085 169.24 171.57 160.457 162.679 178.572 158.72 160.889 162.237 162.293 -119.157 192.769 20.2174 -58.458 144.454 7.67052 -9.83689 146.209 24.3014 8.1493 164.622 37.1439 17.0212 190.159 57.7432 -58.9973 230.287 46.1737 9.57807 6.76276 23.8535 
171.082 169.42 172.317 161.785 162.567 178.433 159.576 161.337 162.868 161.932 -119.931 193.177 20.5251 -59.3123 143.822 7.75213 -9.80469 146.116 24.6151 8.25831 164.226 37.5703 16.2994 189.997 57.2404 -59.5254 230.357 46.0745 8.72463 6.5702 24.4463 
171.161 169.44 172.808 162.408 161.421 177.858 159.925 161.715 162.185 161.278 -120.51 193.678 20.1451 -60.1413 143.644 7.45522 -9.82418 146.315 24.5572 8.12382 164.205 37.7016 15.9703 190.14 57.3752 -59.928 230.556 45.8841 8.62539 6.40712 25.0639 
171.417 169.261 173.283 162.632 161.595 177.194 160.063 161.363 161.407 161.073 -120.993 194.259 20.023 -60.5026 143.614 7.30478 -10.1566 146.457 24.2054 8.39333 164.396 37.6087 16.201 190.687 57.467 -60.158 230.869 45.7029 8.81117 6.73887 24.9792 
171.609 168.99 173.636 162.912 161.155 176.557 159.737 160.322 160.582 160.917 -121.446 195.066 19.6332 -60.9833 144.106 6.94981 -11.0555 146.851 23.6574 8.35932 164.872 37.0675 16.6614 191.597 57.7742 -60.3581 231.388 45.5056 9.61694 7.25373 24.682 
171.786 168.901 173.82 163.26 160.49 176.071 159.019 159.075 160.26 161.047 -121.707 195.947 19.3921 -61.6084 144.933 6.69944 -12.2777 147.208 23.3394 7.82642 165.199 36.3557 16.9808 192.425 57.9697 -60.328 232.063 45.1872 10.6871 7.53649 24.3638 
170.601 168.686 173.843 163.244 161.799 175.772 157.624 157.864 160.078 162.146 -122.377 196.987 19.0685 -62.0295 146.138 6.65633 -13.4677 147.76 22.976 7.12895 165.717 35.6375 17.2307 193.302 58.0637 -60.2172 232.772 44.8149 11.8247 7.72454 23.9332 
168.81 168.302 173.337 162.988 164.3 175.349 155.78 156.812 159.883 163.333 -123.13 198.215 18.6209 -62.0533 147.701 6.51418 -14.2461 148.664 22.3463 6.7175 166.592 34.9129 17.8013 194.365 57.9804 -59.9537 233.56 44.433 12.8547 7.88305 23.4804 
167.867 168.341 172.926 162.881 165.875 175.086 154.547 156.033 159.688 164.29 -123.56 199.582 17.9058 -62.2026 149.068 6.21273 -15.0842 149.639 21.6477 6.32811 167.507 34.096 18.2875 195.373 57.6987 -59.6635 234.395 44.0594 13.7295 8.09958 23.0707 
168.174 168.587 172.667 162.791 166.995 174.885 153.807 155.516 159.481 165.252 -123.826 201.328 17.2322 -63.1261 150.259 5.92997 -16.6928 150.253 20.7459 5.43369 168.045 32.9068 18.3694 195.813 57.1114 -59.453 235.314 43.59 14.4834 8.46325 22.5521 
168.942 168.643 171.616 162.633 167.673 174.241 153.392 155.58 159.373 166.155 -123.792 202.843 16.5017 -63.6526 151.337 5.34332 -18.0551 150.853 19.3271 4.82957 168.469 31.6346 18.2349 196.078 56.3312 -59.2003 236.166 43.0376 14.8722 8.88047 21.7825 
170.086 168.753 168.643 162.371 168.018 174.077 152.794 154.553 159.201 166.219 -123.832 204.111 16.5915 -64.1245 152.734 4.78608 -21.3269 151.332 17.798 3.89856 168.785 30.4619 18.5202 196.684 55.2534 -58.7883 237.183 42.409 15.5792 10.3239 19.6574 
172.184 168.319 166.668 161.601 166.119 174.195 154.24 154.483 158.979 165.248 -123.56 205.328 16.7809 -65.1246 153.447 3.88529 -23.2962 151.514 16.2967 3.45148 169.124 28.9942 18.844 197.304 54.0177 -58.6393 238.484 41.6906 16.0084 11.213 18.4569 
173.563 167.018 164.628 160.323 163.998 174.455 154.363 153.687 157.742 163.855 -124.526 208.488 15.8271 -66.7738 155.828 2.21105 -26.4792 153.135 13.1117 2.05995 170.361 26.5704 18.0633 198.347 52.0141 -58.5308 241.004 40.4033 16.3075 12.3045 16.7275 
174.501 166.459 164.031 159.941 162.411 175.392 154.919 153.428 157.391 163.124 -124.702 208.961 17.1001 -68.0865 156.701 1.68015 -27.6622 154.181 11.6027 1.69369 171.43 24.9649 17.8017 199.413 49.9414 -58.7005 242.225 40.0231 16.0439 12.7391 16.4891 
174.789 166.73 164.029 160.246 161.7 176.708 155.993 153.585 157.751 163.051 -125.183 209.067 18.7928 -69.6089 157.264 0.987181 -28.5594 155.036 10.2525 1.76973 172.349 23.4002 18.2362 200.612 47.8614 -58.8726 243.199 39.6147 15.9461 13.2022 16.7623 
171.269 167.021 164.393 160.691 161.378 178.63 156.946 154.095 158.37 163.399 -125.645 209.017 20.458 -70.8203 157.703 0.245669 -28.7446 155.767 8.98346 2.30122 173.265 22.0936 19.0264 201.881 46.2334 -58.9498 244.071 39.1615 15.9314 13.5619 17.3345 
169.004 167.361 164.863 161.098 161.357 178.639 158.024 154.982 158.965 164.068 -126.133 209.284 21.2371 -72.1432 157.846 -0.915213 -28.9073 156.111 7.11351 2.53389 173.524 20.9224 19.7543 202.409 45.3435 -58.877 244.669 38.6016 16.27 13.788 17.9445 
167.334 167.452 165.304 161.51 161.786 178.395 158.648 155.695 159.425 164.893 -126.686 209.979 21.3621 -73.8861 157.989 -2.18171 -29.4508 156.336 4.83581 2.5598 173.695 19.6847 20.3878 202.755 44.6426 -58.8374 245.289 38.0072 16.7473 14.2472 18.567 
166.038 167.866 166.018 162.088 162.38 178.238 159.301 156.642 160.014 165.487 -127.31 211.168 21.2104 -76.108 158.154 -3.19331 -30.6763 156.263 2.95035 2.01453 173.386 18.6925 20.2918 202.187 43.8694 -58.909 245.813 37.4521 16.7487 14.6991 19.181 
166.448 168.386 166.541 162.722 162.931 178.155 159.486 157.115 160.706 166.007 -127.822 212.187 20.7645 -78.0237 158.52 -4.22756 -31.958 156.36 1.67325 1.57576 173.214 17.5794 20.0841 201.622 42.7283 -59.032 246.306 36.8215 16.4501 15.1244 19.675 
170.21 168.576 167.022 163.574 163.77 178.028 159.851 157.758 161.686 166.954 -127.984 212.532 18.7951 -78.1184 158.485 -5.48048 -31.9605 155.939 0.856071 2.03726 172.924 16.6622 20.4719 201.215 41.3776 -58.9415 246.267 36.0625 16.0006 15.3607 19.7379 
175.12 168.822 166.989 164.198 164.433 176.18 160.174 157.848 162.427 167.402 -127.246 212.595 17.202 -77.9173 158.631 -6.74427 -31.8895 155.958 -0.229576 2.71021 173.029 15.3192 21.0368 201.172 39.3965 -58.5798 246.348 35.3027 15.4902 15.6653 19.6121 
176.485 168.928 166.58 164.384 164.476 175.865 160.179 157.632 162.629 167.209 -126.496 212.201 16.4503 -77.1962 158.907 -7.96967 -31.2491 156.273 -1.0347 3.4477 173.243 14.4895 21.4367 201.249 37.9945 -58.0974 246.35 34.7112 15.0003 15.6969 19.5922 
176.123 169.075 166.318 164.573 164.517 175.533 160.125 157.588 162.817 166.89 -126.084 211.826 15.6279 -76.3359 159.052 -8.85219 -30.4839 156.471 -1.48833 3.99187 173.245 14.1348 21.4996 201.073 37.2329 -57.7435 246.312 34.0859 14.4699 15.5396 19.5837 
175.529 169.475 166.394 164.594 164.479 175.012 160.437 158.026 162.917 166.78 -125.934 211.918 14.638 -75.4608 159.252 -9.59286 -29.6723 156.543 -1.72649 4.09519 172.959 14.6917 21.0012 200.503 37.3134 -57.6016 246.434 33.592 13.7526 15.1641 19.5663 
175.024 170.075 166.667 164.732 164.28 174.492 160.963 158.6 163.12 166.607 -125.924 212.43 13.6589 -74.8899 159.595 -10.1809 -28.8563 156.766 -1.84105 4.29009 172.803 15.4233 20.5021 200.167 37.6881 -57.5161 246.65 33.2475 13.1148 14.8751 19.7836 
174.682 170.806 167.169 165.238 164.157 174.113 161.7 159.274 163.589 166.45 -125.757 213.001 13.0766 -75.3388 159.775 -10.6448 -28.6958 156.716 -2.02236 4.27993 172.495 15.7016 19.9539 199.775 37.4449 -57.5082 246.787 32.8737 12.5171 14.7885 20.2449 
174.549 171.415 167.702 165.811 164.154 174.034 162.448 159.962 164.135 166.431 -125.468 213.313 12.9911 -75.9966 159.875 -11.244 -28.5664 156.679 -2.55874 4.45708 172.406 15.4527 19.7762 199.792 36.7425 -57.4645 246.971 32.3657 12.1588 14.8357 20.791 
174.55 171.813 168.159 166.269 164.398 174.168 162.961 160.435 164.476 166.514 -125.271 213.703 12.9739 -77.0156 159.497 -11.432 -29.1637 156.125 -3.28155 4.26126 171.981 14.7437 19.8579 199.413 35.8187 -57.2738 246.815 31.6721 12.2585 15.0942 21.0119 
174.657 171.981 168.195 166.396 164.563 174.625 163.247 160.371 164.432 166.527 -125.034 214.096 12.9016 -78.1256 159.089 -11.7782 -30.3495 155.484 -4.26942 3.81103 171.554 13.4013 20.3544 199.241 34.5839 -56.9919 246.69 30.6999 12.982 15.4798 20.8865 
175.019 171.886 168.036 166.309 164.655 174.938 163.08 160.065 164.273 166.492 -124.698 214.346 11.7164 -78.1187 158.693 -12.4575 -30.8968 154.872 -4.96161 3.53998 170.973 12.4176 20.6808 198.709 33.9561 -56.6443 246.371 29.5615 13.5268 15.6001 20.5325 
174.786 172.053 168.3 166.28 164.854 174.917 163.326 160.393 164.214 166.611 -125.099 215.087 10.4461 -78.4209 158.074 -13.1245 -31.471 154.115 -6.0124 3.21867 170.124 11.9319 20.9257 197.916 34.0559 -56.3814 245.915 28.5318 14.1699 15.9141 20.3222 
175.172 171.962 168.275 166.266 164.975 175.069 163.094 160.272 164.11 166.588 -125.241 215.635 9.14547 -78.7969 157.687 -13.8479 -32.0722 153.545 -7.03822 2.90187 169.442 10.8849 21.187 197.262 33.7331 -56.1202 245.398 27.5826 14.9011 16.0931 20.1901 
176.011 171.559 167.751 165.863 164.785 175.234 162.448 159.531 163.627 166.208 -125.022 215.735 7.82465 -78.7351 157.351 -14.6432 -32.4874 153.105 -8.04609 2.73416 168.95 9.55778 21.5763 196.659 32.9008 -55.707 244.742 26.6643 15.4888 16.2195 19.9088 
176.735 171.163 167.232 165.317 164.634 175.216 161.778 158.718 163.014 165.905 -124.847 215.525 6.6303 -78.5875 156.936 -15.2633 -32.7211 152.715 -8.7247 2.65065 168.506 8.5689 21.8893 196.034 32.1796 -55.4187 244.09 25.8011 15.8286 16.3049 19.7254 
177.711 170.968 166.953 165.11 164.67 175.228 161.765 158.383 162.706 165.69 -124.735 215.173 5.38864 -78.8292 156.007 -16.0521 -33.1663 151.83 -9.39847 2.52274 167.543 7.53279 22.3234 195.151 31.558 -55.1691 243.216 25.0307 16.3746 16.4289 19.643 
179.09 170.99 166.649 165.062 164.8 175.617 161.968 158.134 162.478 165.448 -124.814 214.483 5.2502 -79.5683 154.838 -16.3728 -33.8814 150.65 -9.65029 2.36388 166.31 6.51008 22.7533 194.11 30.4115 -54.9799 242.153 24.3985 16.6871 16.5899 19.7329 
179.832 171.005 166.436 164.846 164.707 175.698 161.959 157.903 162.15 165.101 -124.919 214.034 5.13304 -79.9315 153.948 -16.3743 -34.1802 149.781 -9.68744 2.24616 165.408 5.81688 23.0912 193.249 29.3704 -54.7551 241.244 23.8934 16.8119 16.5806 19.8488 
179.458 171.051 166.244 164.584 164.503 175.664 161.823 157.625 161.741 164.593 -124.873 213.634 5.35745 -80.4269 153.189 -16.1501 -34.4724 148.97 -9.62494 2.01286 164.493 5.2536 23.2372 192.291 28.1735 -54.4717 240.288 23.4602 16.7826 16.5032 20.0791 
178.36 171.121 166.206 164.489 164.416 175.693 161.647 157.428 161.447 164.12 -124.708 213.274 5.87923 -81.032 152.519 -15.9315 -34.6994 148.08 -9.51064 1.73518 163.411 4.71438 23.2854 191.109 27.0117 -54.1671 239.289 23.1452 16.6914 16.3083 20.4529 
177.278 171.085 166.294 164.549 164.329 175.641 161.347 157.274 161.199 163.5 -124.375 213.151 6.59609 -81.8244 151.973 -15.6156 -35.0295 147.103 -9.27771 1.26953 162.122 4.28394 23.0585 189.631 25.9693 -53.8401 238.261 22.9425 16.5147 16.0182 20.9169 
176.286 171.093 166.616 164.635 164.224 175.557 161.134 157.331 161.092 162.856 -124.059 213.1 7.51798 -82.7143 151.601 -15.1253 -35.5046 146.284 -9.15827 0.738417 161.079 3.87801 22.6922 188.418 25.082 -53.6137 237.497 22.8557 16.3793 15.815 21.2912 
175.986 170.818 166.918 164.472 163.994 175.058 160.746 157.321 160.813 162.014 -123.484 213.083 8.52909 -83.7402 151.593 -14.6639 -36.2407 145.643 -9.00089 -0.142267 160.25 3.559 21.9684 187.4 24.3466 -53.526 236.966 22.9261 16.2977 15.5629 21.6033 
175.883 170.59 167.206 164.481 163.928 174.525 160.384 157.337 160.614 161.365 -122.953 213.198 9.34042 -84.8119 152.018 -14.4152 -36.9967 145.432 -8.96284 -0.979793 159.945 3.27846 21.2594 186.948 23.6668 -53.6317 236.834 23.0415 16.23 15.4105 21.9401 
176.152 170.559 167.306 164.579 164.014 174.123 160.303 157.301 160.557 160.998 -122.584 213.301 9.80016 -85.4719 152.24 -14.2495 -37.5092 145.34 -8.93004 -1.50838 159.811 2.92381 20.7917 186.626 23.0296 -53.6831 236.775 23.2386 16.0852 15.2934 22.0805 
176.679 170.476 167.346 164.591 164.103 173.768 159.998 157.118 160.505 160.843 -122.17 213.485 10.2891 -85.9179 152.672 -13.9793 -37.9485 145.538 -8.84462 -2.01848 159.967 2.75876 20.3241 186.522 22.6677 -53.7603 236.857 23.652 15.9608 15.1836 22.1255 
176.984 170.251 167.226 164.601 164.127 173.839 159.761 156.83 160.456 160.873 -122.008 213.656 10.6283 -85.7556 152.988 -13.6626 -38.2388 145.962 -8.68687 -2.34304 160.337 2.80449 19.91 186.616 22.8216 -53.8802 237.193 24.1747 15.8069 15.1089 21.7126 
177.718 170.24 166.928 164.355 163.975 173.804 159.343 156.23 160.21 160.909 -121.74 213.938 10.2942 -85.3681 153.582 -13.771 -38.3498 146.647 -8.77283 -2.4785 160.829 3.16419 19.6101 186.766 23.4808 -53.9798 237.538 24.671 15.7167 15.1513 21.3197 
178.254 170.274 166.649 164.213 163.93 173.962 159.127 155.814 160.174 161.157 -121.461 213.916 10.432 -84.8727 154.18 -13.6187 -38.4727 147.362 -8.76769 -2.49785 161.368 3.77626 19.4422 187.157 24.4983 -54.1128 238.049 25.2972 15.7318 15.2959 20.7718 
178.61 170.093 166.462 164.14 163.915 173.915 158.957 155.626 160.184 161.353 -121.264 214.114 10.6367 -84.484 154.726 -13.1823 -38.5043 147.951 -8.37245 -2.50461 161.787 4.76525 19.3555 187.568 25.6563 -54.2811 238.489 26.0445 15.7853 15.4028 20.412 
178.694 170.014 166.321 164.304 164.107 174.153 159.007 155.521 160.485 161.745 -121.088 214.361 10.7474 -83.771 155.347 -12.7819 -38.15 148.746 -7.88514 -2.12233 162.502 5.57333 19.4891 188.294 26.6949 -54.4364 239.104 26.87 15.7258 15.459 20.0679 
178.487 169.987 166.259 164.891 164.58 174.335 159.588 155.741 161.173 162.387 -120.789 214.252 11.2943 -83.2781 155.566 -12.1965 -37.9263 149.221 -7.01549 -1.66564 162.984 6.43023 19.7898 189.12 27.8323 -54.6577 239.803 27.7826 15.7323 15.525 19.7445 
178.408 169.892 165.751 164.825 164.836 174.231 159.907 155.482 161.454 162.711 -120.201 213.803 12.3551 -82.9027 156.183 -11.8502 -37.953 150.088 -6.68384 -1.27676 163.836 6.95441 19.9618 189.99 28.6593 -54.7972 240.593 28.7733 15.6032 15.7684 19.3217 
178.581 169.852 165.713 164.862 164.823 174.439 160.114 155.542 161.826 163.034 -120.007 213.848 12.4108 -81.6202 157.109 -11.5032 -37.2222 151.125 -6.1309 -0.628935 164.99 7.93836 19.9601 191.155 30.3466 -55.0118 241.607 29.743 15.479 15.7743 18.7636 
178.941 169.665 165.957 165.826 165.675 174.606 160.701 156.22 163.079 164.027 -119.367 214.095 13.6727 -80.4274 158.851 -10.2701 -36.0626 153.34 -4.99235 0.668928 167.138 9.8659 20.5555 193.448 33.4663 -55.5347 243.425 32.0517 15.5121 15.9368 18.5249 
178.667 169.805 165.946 166.275 165.951 175.13 161.312 156.529 163.751 164.713 -119.285 214.17 14.2816 -79.6386 159.852 -9.97959 -35.2144 154.564 -4.40872 1.5126 168.413 10.5708 21.0545 194.828 34.6859 -55.6676 244.503 33.121 15.4294 15.8999 18.5474 
177.637 169.816 165.988 166.374 165.964 176.411 161.641 156.872 164.146 165.316 -119.955 214.567 14.8288 -78.4834 160.729 -9.24239 -34.1895 155.542 -3.14805 2.36954 169.761 11.9143 21.5171 196.326 36.6638 -55.8139 245.709 34.2042 15.429 15.825 18.4314 
176.066 169.6 166.066 166.612 165.872 178.309 161.808 157.338 164.477 165.819 -120.772 214.918 15.0037 -76.7766 161.738 -8.92247 -32.7013 156.786 -2.22144 3.71259 171.616 13.2378 21.9508 198.159 38.9377 -56.0014 247.218 35.1756 15.2198 15.8856 18.2151 
174.74 169.738 166.252 167.297 165.974 179.679 162.326 158.166 165.173 166.396 -121.096 214.464 15.9985 -75.346 162.1 -8.38814 -30.8316 157.714 -1.02468 5.37483 173.205 14.622 22.8003 200.116 40.7248 -56.0935 248.414 36.1105 14.9763 15.8416 18.5472 
174.156 169.901 165.812 167.583 166.062 179.824 162.732 158.205 165.578 166.781 -120.528 213.715 17.7581 -75.2877 162.724 -7.71053 -30.2463 158.679 0.291022 5.96526 174.601 15.3568 23.136 201.891 41.3929 -56.292 249.588 36.967 14.7919 15.7562 19.0577 
173.88 170.105 165.62 167.928 166.135 178.762 162.963 158.237 165.999 167.112 -120.617 213.256 18.9976 -74.8126 163.164 -7.30315 -29.7372 159.464 1.66234 6.49873 175.726 16.1291 23.2549 203.35 42.214 -56.546 250.555 37.6919 14.6149 15.7025 19.2486 
173.738 170.213 165.185 167.972 166.267 177.874 163.082 157.991 166.159 167.409 -120.398 213.01 20.2426 -74.5262 163.906 -7.0478 -29.7105 160.467 2.65537 6.63145 176.914 16.5055 23.191 204.7 42.3223 -56.6761 251.597 38.3411 14.3348 15.7079 19.2123 
173.641 170.421 164.809 168.086 166.476 176.959 163.155 157.815 166.318 167.566 -120.306 213.147 21.3528 -74.5791 164.81 -6.6167 -30.0991 161.597 3.50866 6.49407 178.065 16.7501 22.7589 205.897 42.0459 -56.7223 252.772 38.9604 13.8205 15.8078 19.04 
173.316 170.682 164.927 168.254 166.649 175.74 163.36 158.235 166.5 167.603 -120.808 213.734 22.0394 -74.2301 165.402 -6.04151 -30.0254 162.531 4.12583 6.64064 179.295 17.1644 22.7691 207.185 42.4148 -56.5691 253.821 39.4352 13.7225 15.9772 18.7808 
173.047 171.05 165.351 168.377 166.774 174.413 163.622 158.804 166.586 167.572 -121.5 213.995 22.5994 -73.7295 165.806 -5.60559 -29.5741 163.478 4.64422 7.14832 180.556 17.5804 23.0302 208.349 42.5987 -56.3473 254.59 39.7082 13.4725 16.1812 18.7567 
173.252 171.377 165.651 168.507 166.947 173.692 163.897 159.26 166.601 167.515 -121.519 213.979 22.909 -73.3521 166.17 -5.49413 -28.8785 164.277 5.00203 7.82009 181.577 17.8505 23.44 209.319 42.3831 -56.0133 255.168 39.8344 13.1184 16.2737 19.0447 
173.141 171.695 166.103 168.401 166.853 173.027 164.208 159.918 166.515 167.332 -121.99 213.892 22.8908 -72.6441 166.331 -5.61941 -27.4063 164.916 5.30828 8.93598 182.692 18.1352 24.1748 210.454 42.1776 -55.5239 255.602 39.7673 12.7949 16.2255 19.6617 
173.314 171.908 166.394 167.984 166.707 172.85 164.546 160.388 166.181 167.019 -122.165 213.614 22.7861 -72.5713 165.981 -5.5609 -26.4944 164.947 5.38726 9.51266 183.076 17.987 24.8642 210.954 41.4015 -55.0283 255.541 39.3915 12.7051 16.0952 20.2997 
173.872 171.894 166.99 167.715 166.938 173.128 164.776 160.92 165.904 166.927 -121.492 213.212 22.3714 -73.0869 165.182 -5.6148 -26.2789 164.225 4.50596 9.53143 182.381 17.0345 25.3932 210.286 39.8504 -54.5197 254.872 38.6724 12.7411 15.9317 20.6596 
174.164 171.943 167.719 167.373 166.873 173.359 165.19 161.749 165.792 166.809 -121.57 213.238 21.5322 -73.3253 164.283 -5.87338 -25.9535 163.134 3.52086 9.35108 181.208 16.4531 25.5302 209.13 39.16 -54.1491 254.039 37.8411 12.8973 15.6062 20.8735 
174.543 171.977 168.447 167.244 166.945 173.603 165.54 162.514 165.909 167.034 -121.72 213.598 19.8163 -73.2738 163.535 -7.00059 -25.4235 162.207 2.04921 9.44387 180.216 15.7326 25.8187 208.063 38.7954 -53.8613 253.356 36.8821 13.178 15.4029 21.0218 
174.706 171.872 168.769 167.233 167.014 173.721 165.606 162.971 166.019 167.348 -122.183 214.599 18.0547 -73.4129 162.944 -7.78616 -25.3376 161.197 0.638519 9.5432 179.103 15.1539 26.3334 207.221 38.6631 -53.4707 252.837 35.8809 13.741 15.4828 21.0014 
174.728 171.553 168.642 166.987 167.035 174.032 165.201 162.682 165.834 167.588 -122.698 215.035 16.38 -73.3267 162.383 -8.64921 -25.3712 160.4 -0.52457 9.53129 178.066 14.3404 26.6414 206.312 38.1486 -53.1589 252.141 34.7769 14.1328 15.533 20.8768 
174.865 171.069 168.362 166.563 166.785 174.378 164.339 161.836 165.255 167.432 -122.511 214.969 15.1979 -73.1709 162.066 -9.03727 -25.3293 160.017 -1.10421 9.38744 177.47 13.5771 26.5612 205.668 37.0091 -52.9821 251.435 33.766 14.0805 15.4231 20.8528 
174.602 171.055 168.415 166.344 166.608 174.498 164.246 161.576 164.951 167.367 -122.417 215.31 14.3493 -73.5425 161.743 -9.53011 -25.2752 159.473 -1.97203 9.19565 176.669 13.0747 26.4814 204.746 36.2076 -52.8092 250.697 32.9582 14.0551 15.2989 21.1654 
174.291 170.895 168.57 166.419 166.713 174.652 164.023 161.438 164.829 167.595 -122.484 215.546 13.3267 -73.5278 161.203 -10.315 -24.9899 158.697 -2.97576 9.44143 175.82 12.7073 26.8734 203.934 35.9289 -52.6181 249.945 32.1405 14.2914 15.3839 21.3352 
173.756 170.728 168.489 166.14 166.672 174.885 163.467 160.962 164.421 167.646 -122.61 216.149 12.7108 -73.5359 160.886 -10.6448 -25.1624 158.063 -3.90402 9.33717 175.15 12.2754 27.2199 203.234 35.6757 -52.2989 249.25 31.4402 14.7469 15.5729 21.2185 
173.331 170.379 168.274 165.822 166.656 175.417 162.737 160.427 163.959 167.522 -122.587 216.677 12.6412 -73.9697 160.581 -10.6693 -25.9961 157.547 -4.92925 8.97883 174.66 11.2627 27.551 202.692 34.7753 -51.9986 248.711 30.8022 15.2564 15.9253 20.9066 
172.739 170.153 168.031 165.564 166.671 175.782 162.198 160.099 163.671 167.49 -122.752 216.775 12.699 -74.2997 160.035 -10.6733 -26.6845 156.856 -5.57248 8.67611 173.957 10.5994 27.701 201.97 34.1821 -51.8386 248.085 30.1939 15.5966 16.2008 20.6606 
172.12 169.916 167.838 165.432 166.617 175.916 161.709 159.825 163.482 167.391 -122.923 216.606 12.7553 -74.3732 159.506 -10.6594 -27.2067 156.235 -5.80506 8.41386 173.349 10.2203 27.64 201.345 33.9679 -51.7914 247.537 29.7503 15.8407 16.3757 20.3589 
171.729 169.878 167.656 165.373 166.557 175.96 161.498 159.624 163.435 167.317 -122.967 216.464 12.6662 -74.4207 159.182 -10.7545 -27.5637 155.907 -5.88227 8.19316 173.004 9.90624 27.4776 200.899 33.71 -51.7949 247.113 29.5183 15.9131 16.4514 20.1746 
172.21 169.9 167.445 165.372 166.483 175.895 161.317 159.4 163.46 167.257 -122.855 216.389 12.3625 -74.5257 159.1 -10.7935 -27.8582 155.85 -5.83283 7.96914 172.886 9.69356 27.1984 200.636 33.4449 -51.9016 246.866 29.4253 15.8407 16.4689 20.0843 
173.086 169.907 167.281 165.472 166.396 175.772 161.263 159.26 163.534 167.227 -122.619 216.372 11.9529 -74.5362 159.183 -10.8885 -28.0006 155.952 -5.71923 7.86421 172.935 9.6177 26.9998 200.647 33.3896 -52.0034 246.875 29.3782 15.8063 16.457 20.02 
173.819 169.925 167.106 165.762 166.57 175.881 161.252 159.173 163.745 167.362 -122.022 215.952 11.847 -74.3837 159.193 -10.9889 -27.8491 156.003 -5.63325 8.15321 172.928 9.50723 27.1799 200.691 33.2195 -51.9605 246.795 29.4157 15.736 16.4857 20.0423 
174.605 169.957 166.923 165.83 166.618 176.056 161.175 159.051 163.839 167.466 -121.356 215.512 12.0422 -74.1432 159.305 -10.8386 -27.5285 156.081 -5.37051 8.45495 173.06 9.7546 27.3704 200.843 33.3516 -51.9158 246.777 29.6097 15.6567 16.484 20.114 
175.2 170.026 166.723 165.864 166.564 176.115 160.993 158.792 163.872 167.529 -120.85 215.316 12.2252 -73.8491 159.633 -10.7017 -27.2953 156.316 -5.06598 8.54467 173.296 10.0775 27.3838 201.009 33.5443 -51.956 246.874 29.8282 15.5509 16.4044 20.0935 
175.684 170.061 166.628 165.898 166.52 176.064 160.826 158.554 163.926 167.586 -120.326 215.197 12.4908 -73.6959 160.083 -10.6333 -27.2038 156.65 -4.91787 8.60126 173.604 10.4336 27.3987 201.264 33.9569 -51.9767 247.107 30.1299 15.5533 16.4182 20.0562 
176.167 170.127 166.548 165.817 166.51 175.971 160.667 158.333 163.885 167.698 -119.961 215.116 13.0447 -73.5284 160.593 -10.4222 -26.8934 157.13 -4.61977 8.85446 174.147 10.9467 27.667 201.876 34.4425 -52.0294 247.419 30.5603 15.6196 16.4444 20.1856 
176.621 170.172 166.43 165.878 166.45 175.878 160.654 158.078 163.923 167.718 -119.67 214.971 13.6321 -73.6728 161.148 -10.4193 -26.9044 157.698 -4.38659 8.88 174.71 11.3178 27.7087 202.534 34.9417 -52.2583 247.814 31.0899 15.7361 16.4809 20.319 
177.088 170.224 166.194 165.944 166.367 175.804 160.58 157.698 163.95 167.736 -119.184 214.709 14.5046 -74.1042 161.904 -10.3563 -27.2721 158.35 -3.92868 8.5467 175.324 11.6321 27.3456 203.201 35.048 -52.7322 248.194 31.7634 15.6747 16.4541 20.4419 
178.358 170.57 165.912 165.928 166.388 175.555 160.774 157.257 164.046 167.576 -118.268 214.337 16.2007 -75.2316 162.929 -10.0597 -28.1515 159.561 -3.70657 7.86228 176.358 11.4657 26.7254 204.006 34.2668 -53.354 248.766 32.6389 15.3473 16.4574 20.7107 
179.157 170.594 165.45 165.546 166.185 175.276 160.697 156.829 163.89 167.363 -117.903 214.533 17.8194 -76.1229 163.769 -9.22687 -29.1059 160.506 -3.14417 6.95883 177.205 11.6934 25.8985 204.592 33.8582 -53.9219 249.352 33.5622 15.0055 16.399 20.6892 
179.335 170.424 165.511 165.479 166.299 175.163 160.848 157.119 164.065 167.504 -117.997 214.724 19.0631 -76.5816 164.289 -8.54307 -29.3464 161.087 -2.70273 6.72435 177.855 12.0945 25.6324 205.191 34.0037 -54.3579 249.899 34.4992 14.7839 16.3493 20.7907 
179.321 170.228 165.126 165.042 166.055 175.097 160.613 156.793 163.819 167.447 -118.046 214.837 20.1736 -76.6788 165.305 -7.92515 -29.4028 162.097 -1.68209 6.57863 178.974 13.0384 25.2338 206.111 34.4171 -54.8028 250.738 35.4249 14.2686 16.2914 20.9259 
178.918 170.069 164.717 164.822 165.893 175.046 160.355 156.516 163.738 167.407 -117.931 214.633 21.3846 -76.843 166.277 -7.22813 -29.3073 163.246 -0.544561 6.52101 180.224 13.9915 24.8583 207.213 34.8745 -55.3336 251.505 36.3419 13.7924 16.1978 21.2891 
178.373 169.981 164.64 164.628 165.707 174.967 160.416 156.498 163.768 167.293 -118.036 214.725 22.8983 -77.1377 166.959 -6.4858 -29.5997 164.1 0.227246 6.21308 181.281 14.707 24.4264 208.269 35.5902 -55.7688 252.19 37.3248 13.7512 16.2448 21.3358 
177.643 169.574 163.881 164.051 165.55 175.873 159.832 155.96 163.715 167.331 -118.875 215.859 23.0867 -75.8107 168.878 -5.87859 -28.501 166.311 2.2408 6.69815 183.601 16.8621 24.0694 210.352 38.4388 -56.2482 254.08 38.8576 13.4239 15.9101 21.3769 
175.302 169.258 163.72 163.616 165.096 176.3 159.132 155.635 163.382 167.022 -119.926 216.887 22.8997 -73.8788 169.914 -5.23162 -26.9446 167.839 3.93555 7.59249 185.498 18.8793 23.997 212.099 40.6275 -56.4544 255.382 39.3919 12.976 15.73 21.2686 
174.143 169.21 163.736 163.395 164.752 175.879 158.908 155.608 163.287 166.696 -120.539 217.521 23.0778 -72.5914 170.766 -4.54384 -25.8463 168.938 5.51383 8.24782 186.78 20.6763 23.8168 213.268 42.4232 -56.5125 256.408 39.9894 12.4904 15.5865 21.2923 
173.858 169.145 163.883 163.586 164.426 175.574 159.091 155.744 163.418 166.331 -120.807 217.792 23.4035 -72.1483 171.186 -3.95022 -25.7114 169.254 6.71455 8.41924 187.069 21.8169 23.4199 213.784 43.4461 -56.4455 257.123 40.461 12.1631 15.5465 21.1497 
173.734 169.076 163.941 163.682 164.125 175.449 159.278 155.754 163.478 165.839 -120.777 217.843 23.7568 -71.7063 171.503 -3.42316 -25.5733 169.515 7.81417 8.57778 187.347 22.6866 23.0268 214.33 44.0158 -56.3495 257.706 40.892 11.7981 15.478 21.0117 
173.885 169.011 164.179 164.061 163.912 175.482 159.697 156.154 163.718 165.367 -120.404 217.541 24.1961 -71.4768 171.401 -2.9314 -25.3724 169.289 8.57157 8.81648 187.051 23.3275 22.7552 214.4 44.562 -56.1344 257.991 41.1835 11.5705 15.3782 20.9561 
174.68 168.663 164.238 164.261 164.011 175.285 159.891 156.338 163.837 165.079 -119.6 217 24.6193 -71.2117 171.013 -2.41758 -24.9269 168.963 9.21969 9.32842 186.792 23.5092 23.0114 214.549 44.3787 -55.7442 258.026 41.317 11.4028 15.2713 21.0741 
175.126 167.945 163.906 164.2 164.075 174.988 159.535 156.093 163.758 164.813 -118.982 216.599 24.6426 -70.6837 170.837 -1.98323 -24.3173 169.055 9.89751 9.98008 186.941 23.6441 23.4269 214.984 44.0581 -55.3814 258.092 41.3781 11.2033 15.1903 21.2191 
174.89 167.105 163.764 164.236 164.113 174.756 159.066 156.085 163.744 164.587 -118.67 216.327 24.3222 -70.065 170.562 -1.64368 -23.5204 168.97 10.4858 10.6991 186.815 23.928 23.8233 215.123 43.8891 -54.9276 257.971 41.249 10.9823 15.0641 21.4363 
174.307 166.213 163.628 164.208 164.178 174.664 158.542 156.062 163.764 164.487 -118.726 216.399 23.8611 -69.7514 170.416 -1.39308 -23.1196 168.827 10.88 11.1261 186.474 24.0215 24.1428 214.959 43.7395 -54.4386 257.778 41.0485 10.9274 14.977 21.6113 
173.517 165.418 163.476 164.08 164.267 174.775 157.827 156.04 163.674 164.456 -118.886 216.569 23.4048 -69.3176 170.329 -1.11616 -22.4971 168.759 11.1005 11.5479 186.209 24.0918 24.535 214.832 43.4816 -53.9109 257.492 40.7673 10.9025 14.7951 21.8427 
173.556 164.681 163.61 164.783 165.238 174.834 157.601 156.724 164.271 165.311 -120.068 216.354 24.577 -69.6294 169.676 -0.951761 -21.7257 168.845 11.0246 13.2215 186.604 23.5314 26.8955 215.498 41.93 -53.659 257.425 40.5913 10.879 15.248 22.66 
173.07 163.588 163.231 164.359 165.375 174.708 156.423 156.577 164.056 165.734 -120.937 217.064 23.9721 -69.4194 169.497 -0.673705 -21.2547 168.732 10.8769 13.3811 186.513 23.8108 27.1278 215.183 42.282 -53.3698 257.205 40.2267 10.9359 15.2201 22.7353 
172.439 162.586 163.01 163.826 165.116 174.535 155.041 156.113 163.713 165.699 -121.266 217.477 23.1431 -69.3316 169.605 -0.485331 -21.1742 168.79 10.6514 13.036 186.446 23.5554 26.897 215.037 42.123 -53.1594 256.899 39.7408 11.1451 15.0372 22.7371 
172.009 161.711 163.108 163.428 164.816 174.571 154.034 155.874 163.464 165.482 -121.145 217.398 22.8811 -69.4636 169.454 -0.223024 -21.1157 168.552 10.2258 12.6793 186.152 22.9299 26.6993 214.847 41.4692 -52.9575 256.433 39.1907 11.4304 14.7996 22.8556 
172.394 161.286 163.204 163.556 165.064 174.964 154.022 155.993 163.476 165.148 -121.132 216.802 25.1731 -70.3055 168.989 0.40178 -20.5901 168.668 9.33174 13.4929 186.575 21.8678 27.8614 215.296 39.4961 -53.1063 256.316 38.8558 11.1745 14.947 23.6203 
171.426 160.612 162.97 163.219 164.738 175.878 153.018 155.195 162.963 164.788 -119.598 217.1 26.0844 -72.1888 169.723 -0.251248 -21.9607 168.962 7.78068 12.3007 186.406 20.0533 27.1225 214.857 36.8498 -52.9925 256.354 37.6337 11.1247 14.9645 24.0964 
168.987 161.353 162.984 162.982 164.424 175.944 153.137 154.578 162.539 164.375 -118.991 217.691 27.0664 -74.3319 170.269 -0.703799 -23.9537 168.94 6.88781 10.5862 185.854 18.9501 25.99 214.059 35.6795 -53.1017 256.343 37.1155 11.3848 15.0326 24.3289 
165.778 162.353 162.725 162.53 164.076 175.708 153.263 154.021 162.123 164.064 -118.852 218.763 27.0621 -75.9675 170.91 -1.40354 -25.5314 169.038 6.00189 9.32271 185.426 17.9683 25.3499 213.558 34.9008 -53.0376 256.464 36.5228 11.8328 15.1299 24.4779 
162.605 163.627 162.425 161.845 163.536 175.197 153.356 153.418 161.521 163.772 -118.897 219.715 27.2477 -77.4399 171.254 -1.75978 -27.142 169.102 5.39816 7.91828 185.183 17.2792 24.6869 213.176 34.5139 -53.0991 256.62 36.1229 12.3576 15.2339 24.3985 
159.503 164.667 162.048 161.242 162.985 174.359 153.155 152.89 160.973 163.496 -119.022 220.327 27.5104 -78.4688 171.503 -1.88311 -28.1814 169.295 5.01588 6.89397 185.174 16.9609 24.1744 213.002 34.7614 -53.2156 256.794 35.8242 12.8622 15.273 24.3802 
156.81 165.844 161.721 160.623 162.354 173.617 153.103 152.434 160.461 163.163 -119.164 220.962 27.9563 -79.3586 171.895 -1.82993 -29.2134 169.501 4.98214 6.00534 185.281 16.8196 23.6615 213.008 34.9834 -53.3317 257.072 35.6507 13.2433 15.3752 24.3043 
154.355 166.807 161.595 160.257 161.816 172.958 153.157 152.408 160.181 163.038 -119.501 221.513 28.1422 -79.7526 171.837 -1.69285 -29.6454 169.431 5.01931 5.54474 185.234 16.8939 23.4061 212.97 35.6442 -53.386 257.282 35.4656 13.603 15.3773 24.1843 
152.881 167.663 161.541 160.149 161.422 172.655 153.315 152.591 160.114 163.05 -119.715 221.861 28.3431 -79.8004 171.757 -1.48114 -29.772 169.393 5.18486 5.48025 185.278 17.0238 23.4057 213.093 36.1334 -53.4042 257.499 35.3229 13.7766 15.4185 24.0602 
151.508 168.293 161.61 160.135 161.26 172.327 153.334 152.85 160.112 163.165 -119.919 222.16 28.6406 -79.5489 171.656 -1.19134 -29.5423 169.444 5.23607 5.65311 185.48 17.086 23.6528 213.397 36.4913 -53.3243 257.746 35.1389 13.946 15.4093 23.962 
149.927 168.823 161.856 160.328 161.286 171.819 153.286 153.085 160.153 163.193 -119.853 222.02 29.2203 -79.0199 171.303 -0.779221 -28.9413 169.332 5.42729 6.18987 185.599 17.0838 24.2209 213.617 36.6631 -53.033 257.72 34.9823 14.0556 15.3901 23.9865 
148.609 169.263 162.036 160.452 161.353 171.426 153.223 153.255 160.156 163.273 -119.884 222.045 29.4779 -78.5473 171.003 -0.477449 -28.3665 169.257 5.49276 6.66205 185.679 17.1583 24.7014 213.734 36.9776 -52.7798 257.674 34.9052 14.1599 15.367 24.0173 
147.934 169.74 162.159 160.58 161.431 171.171 153.267 153.332 160.156 163.429 -119.848 222.012 29.6116 -77.9962 170.743 -0.259458 -27.8125 169.208 5.69956 7.16949 185.717 17.398 25.1818 213.808 37.3646 -52.4908 257.587 34.8968 14.2221 15.3781 24.0274 
149.205 170.263 162.35 160.632 161.393 171.541 153.502 153.461 160.162 163.644 -119.849 221.826 29.362 -77.3275 170.507 -0.122157 -27.3212 169.12 6.03733 7.50884 185.796 17.8443 25.3158 213.827 37.8306 -52.372 257.458 34.9771 14.1481 15.3642 23.9221 
151.774 170.563 162.617 160.763 161.478 172.437 154.098 153.786 160.237 164.015 -119.966 221.875 28.8546 -76.8507 170.252 -0.204781 -26.9062 168.938 6.27077 7.69052 185.715 18.4409 25.3762 213.643 38.5792 -52.3372 257.369 35.2121 14.1058 15.3031 23.8381 
155.849 170.858 162.837 160.766 161.168 173.449 154.586 153.934 160.049 163.946 -119.655 221.734 28.8807 -76.7065 170.249 -0.087867 -26.9688 168.82 6.73774 7.48813 185.593 19.1618 25.1194 213.497 39.0804 -52.3988 257.345 35.5977 13.9976 15.2515 23.7139 
159.87 170.963 163.08 160.682 160.665 174.528 154.964 154.054 159.655 163.568 -119.172 221.451 29.2125 -76.6494 170.296 0.309342 -27.2671 168.654 7.50482 7.10476 185.511 20.0723 24.7001 213.534 39.4713 -52.5293 257.343 36.0654 13.8778 15.2434 23.518 
161.695 170.969 163.521 160.883 160.659 175.238 155.373 154.502 159.59 163.555 -118.755 221.062 29.8601 -76.4479 170.185 0.9428 -27.3588 168.394 8.42949 6.99073 185.443 20.9719 24.5004 213.69 39.7029 -52.7908 257.305 36.6408 13.6429 15.237 23.334 
161.549 170.845 163.193 162.494 161.287 175.775 156.387 155.552 160.41 164.332 -118.678 220.435 32.3266 -76.3834 169.303 2.47245 -27.1755 168.432 10.2287 8.31071 186.172 22.1075 25.7558 215.104 39.8034 -53.3448 257.599 37.4833 13.435 15.9464 23.3562 
160.544 170.816 159.722 163.999 162.494 175.878 157.24 155.747 161.763 164.957 -118.419 219.7 35.3521 -76.223 168.889 4.05987 -26.3606 168.824 12.0619 10.0982 187.005 22.9264 26.9931 216.158 40.3025 -53.8363 258.087 38.3983 12.9197 16.3537 23.9499 
157.917 170.909 155.648 164.776 164.107 175.334 158.013 155.361 162.984 166.138 -118.324 219.472 37.6777 -76.3031 168.994 4.91304 -25.853 169.774 13.6971 11.4046 187.871 23.7815 28.3713 217 41.5402 -54.3293 258.812 39.2976 12.8341 16.5681 24.7431 
151.981 171.102 156.354 165.394 164.931 174.163 159.259 156.739 163.774 166.922 -117.279 219.507 39.6024 -75.6681 168.984 5.50118 -24.7503 170.349 14.9922 12.759 189.169 24.7656 29.2705 217.816 43.1505 -54.3143 259.387 40.1501 12.5708 16.8093 25.362 
149.873 171.356 153.209 166.249 165.503 173.625 160.269 156.854 164.873 166.895 -116.779 219.757 41.0236 -75.65 169.154 6.19092 -24.2086 170.952 17.009 13.4485 189.046 26.6594 29.4911 217.207 45.6124 -54.5225 259.851 41.0466 12.2146 16.4717 26.2344 
148.494 171.095 151.097 166.888 165.521 173.057 161.8 156.882 165.619 166.72 -115.977 220.546 42.5386 -76.0231 169.677 6.96855 -24.6159 171.885 19.2962 13.1988 188.938 28.6336 28.7696 216.693 47.238 -54.7847 260.596 41.9562 11.5764 16.1081 26.8055 
140.912 170.55 147.769 166.686 163.601 171.525 162.956 156.523 164.808 165.444 -113.03 221.603 44.2995 -76.9557 170.952 8.06855 -26.3534 173.57 22.4431 11.8973 189.402 30.923 27.4983 217.648 47.071 -55.1564 261.699 42.7997 10.8249 15.9292 27.3892 
127.12 170.13 147.542 167.309 163.647 169.067 164.107 156.484 165.66 165.601 -109.783 222.797 45.3258 -77.8565 172.784 8.34208 -27.4128 174.955 24.7947 11.2185 189.502 32.1082 26.9116 217.923 47.2389 -55.5204 262.805 43.6436 10.3842 15.5203 28.4009 
118.406 169.427 148.34 167.863 163.585 167.581 165.314 156.147 166.46 165.487 -106.374 223.162 45.2684 -78.3376 175.189 8.1316 -27.8192 176.297 26.4359 10.509 189.553 32.9841 26.4159 217.942 47.9454 -55.7776 263.785 44.4933 10.245 14.723 29.626 
118.877 168.853 148.636 168.797 164.936 167.012 166.493 156.733 167.897 166.463 -104.711 224.057 44.8513 -78.4866 177.388 7.57465 -27.4656 176.887 26.5436 9.85006 188.743 34.1173 25.4982 216.758 49.8308 -55.9242 264.706 45.4628 9.90801 13.6635 30.2767 
115.835 168.497 147.281 169.278 166.877 165.387 166.582 155.52 168.517 167.071 -104.434 224.604 45.6606 -78.4292 178.913 6.92223 -26.803 178.171 25.952 10.3568 188.364 35.7819 24.7935 215.379 53.1354 -56.1757 265.477 46.0903 9.43746 13.3883 30.6866 
116.734 168.023 151.605 170.015 167.519 165.412 167.57 157.379 169.252 167.585 -104.32 225.874 45.9311 -77.1993 179.587 6.28673 -27.7704 178.568 25.4039 9.95856 187.776 36.2175 23.8687 214.951 55.7388 -56.3067 266.211 46.3139 10.1408 13.6441 29.1015 
114.621 166.811 154.546 170.439 167.528 164.737 167.935 156.883 170.124 167.787 -103.339 226.554 46.4138 -76.7187 180.577 6.3686 -27.6566 179.114 25.3293 9.39538 187.695 36.7571 22.5862 214.774 57.7496 -56.4299 266.691 46.694 10.7256 13.279 28.798 
108.591 164.41 157.337 171.067 167.694 162.88 168.075 156.792 170.99 167.935 -101.942 227.152 47.1124 -76.9191 181.377 6.84726 -26.1212 179.534 25.7229 9.00097 187.214 37.817 21.0195 214.188 59.6274 -56.492 266.855 47.0124 10.9548 12.125 29.9231 
105.514 165.236 161.287 171.183 168.016 162.065 173.867 158.619 170.588 167.241 -100.429 227.599 47.3462 -88.2423 184.15 5.97272 -25.7408 180.971 26.0591 8.96197 187.42 37.3861 20.6998 214.808 59.4998 -56.3189 267.086 47.0498 11.2337 11.4231 39.7008 
103.572 167.73 162.812 171.777 168.645 160.537 175.408 158.434 171.388 167.702 -99.0491 228.115 47.646 -89.2283 184.884 6.1869 -24.1382 181.652 27.0709 8.54293 187.195 38.7445 18.8874 214.437 61.4894 -56.3542 267.119 47.2487 11.5342 10.2805 42.0854 
101.27 171.932 161.675 172.621 169.421 158.895 177.158 159.034 172.448 168.328 -97.0473 228.294 47.5831 -91.1335 185.692 6.54772 -21.5519 182.175 27.6847 8.34921 186.649 39.5763 17.4094 213.791 62.8376 -56.3146 266.888 47.4899 11.9371 8.88448 45.663 
157.003 174.676 155.526 173.774 170.404 172.37 178.351 160.164 173.484 168.764 -98.4946 224.712 36.1156 -90.7302 188.555 4.02841 -25.727 178.794 26.5688 4.16534 183.882 38.6253 11.4409 210.755 62.2613 -56.2459 266.396 47.9493 12.146 9.45324 43.9278 
170.504 174.27 153.809 173.84 171.976 169.371 178.941 160.177 174.152 170.859 -97.1428 226.425 32.5555 -89.8775 190.145 3.70486 -28.117 177.437 26.239 1.03088 182.596 36.7016 7.91815 208.781 59.681 -56.0458 265.938 48.3195 11.6506 8.55991 42.9449 
175.641 174.27 156.671 172.711 171.74 165.09 179.398 160.484 173.596 171.956 -95.2395 227.292 30.7495 -89.0486 191.669 2.29408 -30.2626 176.253 24.8985 -2.31492 181.784 34.4469 4.90064 207.151 56.407 -55.8268 265.231 48.4902 10.4704 7.67161 41.9416 
179.824 165.532 161.199 171.543 168.958 159.632 155.096 160.9 173.073 170.109 -94.1762 228.024 30.2307 -86.9221 187.877 10.6041 -31.9798 175.304 22.9342 -3.81121 181.851 32.4347 3.17764 206.012 54.2117 -55.5346 264.485 48.5832 9.73193 7.92451 34.1216 
170.441 177.573 166.469 170.419 165.265 153.885 150.844 161.92 170.517 167.439 -92.5134 228.468 31.1037 -83.6263 187.256 8.39121 -34.5268 175.164 20.769 -1.94262 183.099 32.1447 3.29681 205.633 52.2668 -54.7921 263.773 48.1734 7.73434 11.6891 29.3796 
131.807 174.27 171.259 175.156 171.963 149.244 147.176 161.127 165.469 163.21 -95.8127 230.866 29.0782 -74.5261 183.667 9.23238 -34.5014 175.138 18.8869 -2.68276 182.038 33.8978 7.62591 205.643 58.8653 -54.1181 262.714 47.8074 11.1141 12.3235 19.9494 
130.096 177.51 174.461 176.426 168.888 147.662 149.007 159.987 161.378 160.507 -100.459 230.156 27.162 -68.4404 180.21 10.0108 -33.5161 174.773 18.4761 -2.64041 181.083 35.4834 17.6005 208.617 64.3951 -53.2749 261.616 47.5683 17.2153 12.4696 14.6741 
140.115 175.24 175.57 176.464 165.685 147.755 152.28 158.168 159.618 159.196 -103.487 227.554 26.7515 -63.8173 177.295 9.454 -31.7818 174.152 18.5841 -1.28279 180.317 36.2805 22.8963 210.183 67.9601 -52.7149 260.337 47.3215 21.3868 12.3833 12.3813 
137.997 172.163 175.158 175.792 163.424 149.221 155.808 156.719 158.454 159.103 -107.59 225.169 26.4067 -62.0966 173.407 8.40737 -30.1254 172.573 17.4932 1.15245 180.527 35.9977 27.8299 212.063 69.8367 -52.2201 258.697 47.0667 24.5285 13.3162 11.9194 
162.057 174.68 169.412 173.916 164.355 157.93 156.275 157.55 160.77 160.48 -109.609 219.726 26.6753 -63.1827 169.625 7.55586 -22.5179 170.922 17.8704 9.12561 183.08 38.3921 26.8601 210.459 67.968 -51.9587 257.4 46.9391 16.817 14.7667 18.2414 
169.671 172.789 166.901 171.687 164.689 166.907 158.36 158.332 161.406 160.812 -109.266 216.927 24.4194 -61.5937 168.551 7.04392 -17.4583 169.9 19.3616 13.5175 185.063 39.8449 26.5182 210.822 65.988 -51.645 256.239 46.9762 12.6179 15.0493 20.9843 
167.982 170.83 166.651 169.531 166.03 177.323 159.293 161.319 165.917 161.153 -108.003 216.146 22.9151 -58.5682 166.641 8.49998 -13.5383 168.358 21.3926 17.6037 185.843 40.5995 28.1186 212.585 64.9253 -50.9723 254.902 47.3697 11.3374 15.2627 21.5597 
169.879 170.154 166.862 170.249 165.348 176.648 161.609 162.364 167.106 162.04 -108.616 214.728 21.7833 -56.9547 164.632 8.02346 -11.4658 166.313 22.3034 18.6632 184.188 41.0196 27.3293 210.762 64.6066 -50.8233 253.338 47.5612 10.2605 14.4932 21.7371 
171.62 171.303 165.684 168.891 166.216 174.09 158.893 161.135 164.517 161.615 -108.23 213.294 21.9034 -54.3574 165.063 10.4208 -8.95789 165.947 24.7636 17.9525 183.836 41.573 25.068 210.069 63.2714 -50.6073 252.196 47.5766 9.09027 12.0863 21.8046 
172.973 171.202 165.57 167.789 167.017 172.166 156.277 159.619 161.972 160.379 -107.61 212.052 22.6308 -52.3318 165.905 12.8513 -6.82735 166.626 26.8973 17.3589 184.703 41.6444 24.8121 211.14 62.1986 -50.2679 251.607 47.784 9.1954 10.0758 21.9789 
171.651 169.583 165.364 167.633 167.957 172.285 153.176 158.822 161.026 159.937 -106.656 211.277 23.3773 -50.5435 167.016 15.1046 -5.06267 167.339 28.7759 17.2865 186.137 41.3119 25.2811 212.694 60.7629 -49.6216 251.042 48.1936 9.43507 8.81928 22.2011 
172.33 168.084 163.823 169.118 177.831 173.13 153.706 160.09 161.972 165.044 -105.581 211.023 26.5269 -50.9612 166.223 13.1486 -5.86453 164.937 29.0691 16.2033 182.33 39.9383 25.5624 210.313 55.4951 -49.7623 249.772 49.1187 8.71292 7.91452 22.5399 
168.512 171.119 164.377 167.776 171.385 169.329 153.97 161.06 162.143 161.648 -107.66 210.846 24.7471 -51.2556 166.133 13.7805 -5.36453 163.86 30.7265 16.9723 182.627 40.4951 24.3312 208.753 56.0131 -49.3977 248.838 49.3751 6.50381 8.60493 23.606 
169.333 171.54 165.859 166.299 166.431 169.287 153.753 162.251 164.408 160.924 -106.943 209.936 22.2844 -48.8197 165.788 14.7806 -3.91874 163.069 31.7696 18.9245 183.519 41.0659 24.5264 208.302 56.8977 -48.9948 248.039 49.4552 5.18158 9.78308 22.4793 
168.107 172.229 166.806 163.985 162.756 169.753 153.884 162.745 164.984 160.569 -106.416 210.044 20.7861 -46.7667 165.029 16.1201 -3.18407 162.559 32.6847 19.2154 183.65 41.9296 24.404 207.536 57.9299 -48.7018 247.344 49.6249 4.73751 9.91526 21.0269 
166.054 171.632 167.954 161.858 160.147 170.231 154.089 162.935 165.813 161.736 -104.903 210.332 20.2874 -45.3543 163.995 17.3003 -2.30585 161.817 33.5282 19.4917 183.198 42.5926 24.6982 206.642 58.7748 -48.3682 246.643 49.7829 4.69284 9.76754 20.1801 
