175.39 160.526 160.698 159.057 157.184 174.565 148.668 147.824 144.179 143.518 207.433 306.113 -109.665 253.208 300.06 -156.327 285.094 294.085 -152.623 307.715 297.088 -133.521 328.662 309.667 -105.052 265.409 348.615 -79.8704 13.7429 6.90882 10.6167 
175.248 161.734 160.855 159.169 157.571 174.846 149.973 148.081 144.319 143.4 209.797 306.599 -111.677 256.311 301.112 -159.452 288.205 294.055 -154.607 310.688 297.017 -135.024 331.272 309.634 -106.436 268.248 349.209 -82.0228 13.5257 7.06217 11.2306 
175.265 161.813 160.7 158.906 157.325 175.095 149.722 147.361 143.638 142.702 212.271 307.397 -114.319 259.709 302.021 -161.783 291.007 294.558 -156.269 313.293 297.506 -136.309 333.474 309.969 -107.873 270.939 349.875 -84.0562 13.1398 7.13606 11.1562 
174.391 161.828 160.68 158.89 156.81 174.514 149.427 146.346 142.903 142.181 215.242 308.062 -116.821 262.839 302.528 -163.44 293.208 294.535 -156.884 315.477 297.911 -137.145 335.737 310.811 -109.33 273.267 350.42 -85.7497 13.0588 6.9392 11.0914 
172.765 161.824 160.233 158.59 156.958 173.765 149.095 145.516 142.402 142.502 217.984 308.064 -118.61 265.655 302.557 -164.767 295.709 294.781 -157.857 317.961 298.455 -138.288 338.247 311.512 -110.778 275.404 350.763 -87.4323 13.103 6.85 10.9506 
171.833 161.76 160.227 158.738 157.013 173.48 149.026 145.13 142.267 142.946 221.081 308.998 -120.735 268.579 303.133 -166.156 298.29 295.261 -158.842 320.511 299.348 -139.624 341.025 312.565 -112.265 277.786 351.651 -89.1457 13.3584 6.64316 10.8974 
170.661 161.659 159.656 158.236 156.435 173.057 148.773 144.499 141.674 142.887 223.837 309.341 -122.309 271.335 303.862 -167.69 301.097 296.099 -159.991 323.081 300.443 -140.828 343.646 313.839 -113.609 280.016 352.358 -90.8399 13.568 6.51877 11.0879 
170.16 161.277 159.261 158.096 156.172 172.702 148.149 143.223 140.818 142.354 227.099 310.908 -124.37 274.668 305.567 -169.06 303.466 297.254 -160.469 325.417 301.909 -141.7 346.097 315.699 -114.993 282.401 353.691 -92.3097 13.6815 6.35785 11.1858 
169.788 160.781 158.518 157.431 155.702 172.428 147.816 142.456 140.109 142.081 229.155 311.648 -125.734 277.113 306.673 -170.411 305.606 298.08 -161.358 327.44 302.858 -142.655 348.222 316.751 -116.098 284.42 354.59 -93.7368 13.8354 6.28269 11.3788 
170.061 160.766 158.063 157.045 155.724 172.44 147.946 142.045 139.791 142.47 231.275 312.28 -127.55 279.725 307.347 -171.938 308.025 298.552 -162.348 329.721 303.596 -143.724 350.706 317.856 -117.473 286.353 355.164 -95.1853 14.0987 6.19011 11.6775 
169.601 160.14 157.552 156.72 155.922 172.412 147.35 141.563 139.521 142.102 233.624 313.246 -128.637 282.089 308.701 -173.206 310.82 299.418 -163.039 332.466 304.614 -144.567 353.053 319.081 -118.51 288.571 356.182 -96.5474 13.849 6.16776 12.4927 
170.387 160.087 157.538 156.695 156.418 173.136 147.716 141.865 140.031 142.308 235.678 314.117 -130.424 284.93 310.055 -174.988 314.269 300.691 -164.564 335.932 306.135 -146.071 355.647 320.235 -119.367 290.707 356.925 -97.8546 13.4205 6.25044 13.0263 
170.155 160.325 157.882 157.102 156.478 173.121 147.723 141.569 140.12 141.504 238.541 315.793 -132.173 287.752 311.556 -176.756 316.548 301.751 -166.032 338.336 307.167 -147.62 357.564 321.042 -120.841 293.446 358.3 -99.3976 12.8452 6.2781 13.0977 
170.811 160.775 158.05 157.384 156.482 173.337 147.844 141.55 140.348 140.892 241.445 316.452 -134.533 290.864 312.436 -178.74 319.35 302.888 -168.174 341.213 308.116 -149.51 359.54 321.385 -122.217 296.084 359.032 -101.148 12.1532 6.42627 12.682 
170.928 161.741 159.577 158.765 157.062 173.804 149.12 143.268 142.446 141.44 244.482 317.076 -136.142 293.922 313.179 -180.992 323.159 304.304 -171.174 345.643 309.565 -152.193 362.624 321.953 -123.252 299.066 359.953 -102.854 11.7903 6.96189 12.3327 
169.381 161.994 159.415 158.819 157.181 173.47 149.401 143.41 142.828 141.303 248.098 317.07 -138.001 297.045 313.919 -183.351 326.394 305.298 -173.633 349.029 310.257 -154.24 365.178 321.809 -124.501 301.864 360.373 -104.784 11.6186 7.24316 12.1502 
169.526 162.724 160.614 160.461 157.948 173.647 150.408 145.025 145.426 142.313 251.741 317.095 -139.052 299.231 314.617 -185.412 329.094 306.937 -176.982 352.903 311.568 -157.426 367.961 321.709 -125.965 304.725 361.163 -106.487 11.8898 8.05776 11.3815 
170.043 162.665 160.546 160.247 157.842 174.05 150.888 145.547 146.051 142.293 254.262 316.086 -140.453 301.994 314.771 -187.828 332.791 307.722 -179.832 356.571 311.865 -159.738 370.316 320.843 -126.851 307.34 360.944 -108.336 12.334 8.26909 11.4767 
170.869 163.003 160.35 159.777 157.854 174.613 151.495 146.058 146.174 142.305 256.793 315.496 -142.5 305.09 314.784 -190.207 336.417 307.993 -182.051 360.074 311.881 -161.156 373.159 320.464 -127.654 309.901 360.656 -110.23 12.715 8.58897 11.7406 
172.144 163.25 160.159 159.72 158.21 175.294 151.781 146.083 146.309 142.404 260.234 314.747 -144.979 308.887 314.94 -192.484 340.567 308.355 -183.986 364.236 312.253 -162.607 376.421 320.541 -128.67 312.779 360.647 -112.275 12.8726 8.881 11.9991 
173.333 163.377 159.662 159.246 158.112 175.767 151.793 145.662 146.086 141.899 263.511 314.229 -148.042 312.77 315.356 -195.161 344.123 308.49 -186.121 367.666 312.346 -163.988 379.144 320.322 -129.962 315.601 360.388 -114.593 12.8618 9.21685 12.0515 
174.171 163.548 159.789 159.332 158.229 175.803 151.752 145.098 145.491 142.027 266.683 314.503 -150.785 316.381 316.05 -197.499 347.196 308.376 -187.652 370.489 312.032 -164.92 382.251 320.333 -131.245 318.508 360.54 -116.748 12.7827 9.41284 12.2959 
174.643 163.129 160.175 158.488 157.826 175.973 150.984 143.553 144.111 141.206 269.921 314.596 -153.83 319.891 316.792 -199.528 349.593 307.848 -188.375 372.747 311.938 -165.379 384.93 320.677 -132.2 321.192 360.673 -118.953 12.7988 9.54799 12.8033 
174.672 163.077 159.406 157.416 157.407 175.677 150.13 142.331 142.583 140.233 273.156 315.286 -156.645 323.204 316.808 -201.438 352.422 307.721 -189.853 375.277 311.806 -166.404 387.372 320.826 -133.375 324.263 361.181 -121.419 12.8279 9.66262 12.784 
172.826 162.714 159.277 156.842 157.909 174.531 149.544 141.556 141.568 140.985 275.991 314.578 -158.664 325.437 317.249 -203.623 354.135 307.218 -191.131 377.315 311.783 -167.687 390.509 321.43 -135.439 326.356 361.077 -123.538 12.8495 9.89963 13.4015 
170.609 162.32 158.521 156.034 157.625 173.441 149.139 140.74 140.881 140.349 278.863 313.117 -160.09 327.595 316.902 -205.396 356.389 307.108 -192.747 379.663 311.927 -169.238 392.41 321.446 -136.933 327.991 360.442 -125.439 12.817 10.0806 13.4812 
169.944 162.051 158.062 156.487 157.39 173.251 148.998 140.859 141.645 140.321 280.695 311.937 -160.783 329.004 316.56 -206.826 358.08 307.271 -194.719 381.845 312.216 -171.517 394.044 321.399 -138.645 329.642 360.144 -127.1 12.9861 10.28 13.2013 
169.832 161.538 158.276 156.62 157.706 172.664 147.998 139.898 141.537 140.087 285.72 311.831 -162.553 332.242 316.615 -209.752 361.214 306.946 -197.99 385.89 312.414 -175.784 398.606 321.691 -142.862 334.187 360.558 -130.539 13.1479 10.4312 13.217 
171.214 161.737 157.889 155.868 157.428 173.711 148.299 140.236 141.524 139.491 286.681 311.016 -164.502 334.522 316.339 -211.276 364.094 306.879 -199.193 388.472 312.826 -176.818 400.447 322.079 -143.784 335.685 360.07 -131.939 13.0677 10.396 13.6822 
171.45 162.109 157.767 156.509 157.658 173.773 148.9 140.964 142.235 139.396 288.758 310.622 -166.33 336.841 315.647 -212.971 367.02 306.877 -201.009 391.214 312.635 -178.404 402.495 321.829 -145.075 337.615 359.554 -133.592 13.0806 10.3932 13.6877 
171.25 162.206 155.218 154.028 157.401 173.708 149.522 141.847 143.433 137.656 290.711 310.441 -167.368 339.279 315.891 -214.719 370.438 308.251 -203.243 394.295 314.308 -181.027 403.945 322.331 -146.429 339.549 359.351 -134.829 13.5986 10.0434 13.7291 
171.022 162.364 154.903 153.386 156.312 173.596 149.883 142.533 144.088 136.609 292.772 310.491 -168.475 341.464 315.727 -216.003 373.264 308.738 -204.729 397.128 315.5 -183.129 406.019 323.303 -148.087 341.599 359.498 -135.987 13.6401 9.83163 13.8632 
170.909 162.282 154.327 152.551 155.21 174.174 149.583 142.649 143.977 135.089 294.428 310.672 -170.968 344.445 315.54 -217.209 376.198 309.52 -206.31 399.731 316.532 -184.941 407.933 323.973 -149.468 343.889 359.588 -137.356 13.773 9.56272 13.3453 
170.425 161.752 155.36 153.412 154.735 173.746 148.888 142.459 143.57 133.646 296.594 311.16 -172.27 346.283 315.651 -218.091 377.7 309.401 -207.144 401.005 316.455 -186.178 408.932 324.001 -150.691 345.821 359.803 -138.454 13.6045 9.22644 13.2254 
170.481 161.644 155.242 152.493 152.817 173.757 149.249 143.459 143.598 131.99 298.883 311.245 -173.626 348.521 316.268 -219.573 380.625 310.351 -208.819 403.391 317.056 -187.221 410.526 324.447 -151.302 347.719 359.675 -139.364 13.8596 9.07404 13.5346 
167.235 161.985 156.679 153.149 152.104 172.385 149.067 143.267 142.936 130.402 302.281 312.551 -174.283 350.155 316.945 -220.324 382.013 310.552 -209.353 404.628 317.25 -187.949 411.417 324.625 -152.131 349.59 360.267 -140.079 13.6263 8.85963 13.5581 
164.722 161.931 156.92 153.641 151.655 170.957 149.363 143.749 143.133 129.238 305.481 312.617 -174.872 352.493 317.833 -221.773 384.35 310.712 -210.345 406.669 317.381 -188.917 412.966 324.977 -153.043 351.543 360.437 -141.001 13.4429 8.64555 14.0489 
163.859 161.953 157.211 153.504 151.901 170.497 149.844 144.065 143.131 128.61 308.472 313.325 -175.906 354.874 318.74 -223.11 387.032 311.091 -211.203 409.137 317.719 -189.442 414.879 325.122 -153.556 353.685 360.944 -141.874 13.4692 8.6346 14.5706 
163.508 161.546 157.112 153.477 151.518 170.153 149.155 143.277 142.744 130.225 311.096 313.994 -176.885 356.673 319.517 -223.859 388.649 311.54 -211.739 411.31 318.624 -190.231 417.914 326.012 -154.861 355.503 361.421 -142.725 12.9973 9.01764 14.6132 
164.048 160.796 156.941 152.55 152.561 170.21 148.791 143.579 142.127 129.5 312.308 313.42 -177.561 358.579 319.935 -224.663 391.2 312.519 -212.807 413.236 318.905 -190.313 419.228 325.773 -154.922 357.08 361.263 -143.424 13.3247 9.00617 14.741 
164.617 161.352 157.387 152.393 155.782 170.164 149.049 143.243 141.527 128.687 313.739 313.933 -179.178 360.441 319.942 -225.14 391.994 312.272 -213.085 414.089 318.659 -190.495 419.55 324.864 -154.819 358.323 361.26 -143.974 13.8667 9.08982 14.189 
165.019 161.241 157.35 152.571 157.974 170.098 148.91 143.208 141.107 127.639 315.35 314.381 -180.197 362.338 320.645 -225.9 393.7 312.54 -213.578 415.401 318.728 -190.649 420.35 324.663 -154.844 359.87 361.489 -144.582 14.206 8.98596 14.3697 
166.048 160.935 157.67 152.019 156.004 170.504 148.328 143.036 140.481 128.684 316.824 315.061 -181.8 364.689 321.973 -226.6 395.264 313.102 -213.953 416.472 319.152 -190.748 422.763 325.921 -156.041 361.364 361.863 -145.181 12.9309 8.81064 14.4392 
167.643 161.132 157.937 151.304 160.087 171.315 148.699 143.324 139.785 131.65 317.798 315.517 -183.362 366.689 322.298 -227.16 396.593 313.1 -214.224 417.082 319.089 -190.62 424.738 326.444 -157.054 362.667 362.231 -145.818 12.0796 8.54674 14.3509 
168.997 160.445 158.923 152.057 164.146 171.728 147.917 141.946 138.559 132.547 318.61 316.509 -184.637 368.258 322.905 -227.486 396.985 312.587 -213.77 417.427 318.833 -190.534 425.959 326.913 -157.836 364.17 363.087 -146.576 11.454 8.33063 14.7292 
169.267 160.046 158.529 152.663 165.51 171.984 147.383 140.848 138.096 132.071 319.562 317.091 -185.48 369.393 323.264 -227.863 397.47 312.499 -213.62 418.274 319.154 -190.92 427.03 327.561 -158.451 365.376 363.74 -147.348 11.314 8.35121 14.9935 
168.526 159.588 158.152 153.44 166.083 172.164 147.102 140.153 137.957 131.641 320.295 317.332 -186.008 369.989 323.761 -228.327 397.683 312.472 -213.544 418.741 319.226 -191.126 427.49 327.887 -158.724 365.987 364.18 -147.899 11.2563 8.41216 15.4247 
169.053 159.095 157.832 153.317 162.518 172.759 147.49 140.344 137.599 131.296 320.547 317.075 -187.29 371.066 324.765 -229.485 399.134 312.967 -214.193 419.546 319.258 -191.196 428.51 328.601 -159.031 366.338 364.049 -148.525 11.0926 8.28562 16.1818 
168.986 158.913 157.989 153.284 160.431 172.827 147.999 141.036 138.01 129.948 321.047 317.049 -188.291 371.302 325.019 -230.502 399.91 313.332 -215.256 420.289 319.482 -191.977 428.758 328.869 -159.387 366.63 364.109 -149.33 11.3104 8.4137 16.2851 
169.288 158.736 158.302 152.051 160.563 173.266 148.966 141.67 137.587 130.758 320.825 316.514 -188.961 371.418 325.079 -231.667 400.263 312.745 -215.906 420.033 318.861 -192.146 428.65 328.46 -159.906 366.778 364.016 -150.184 11.2212 8.28962 17.0426 
170.336 159.341 158.033 150.929 162.183 173.805 150.147 142.599 137.85 131.162 320.383 315.951 -190.057 371.505 325.241 -233.214 401.004 312.735 -217.17 420.396 318.863 -193.015 428.85 328.2 -160.558 366.764 363.698 -151.071 11.4493 8.28022 17.5695 
170.667 159.412 157.202 150.51 162.999 174.002 150.375 142.746 138.6 130.122 320.23 315.666 -191.446 371.478 325.389 -234.518 401.652 313.485 -218.556 421.116 319.23 -194.248 427.906 327.344 -160.965 366.567 363.322 -152.107 11.98 8.46269 17.5067 
171.159 158.967 156.001 149.15 164.737 174.206 151.173 143.571 139.525 128.042 319.569 314.98 -192.547 371.524 325.632 -235.895 402.616 314.676 -220.278 421.929 320.075 -195.422 426.574 326.632 -161.008 366.055 362.658 -153.026 13.3766 8.7833 17.4366 
170.91 159.387 156.703 149.671 164.886 174.101 151.546 144.894 141.055 125.887 320.214 315.489 -194.266 371.987 325.927 -237.209 403.681 315.768 -222.154 422.759 321.053 -197.238 425.415 326.434 -161.663 365.871 362.551 -154.168 14.8221 8.6748 17.0418 
170.369 159.068 157.394 150.492 162.339 173.821 151.295 144.432 141.338 125.063 320.165 315.294 -195.305 371.083 325.124 -238.233 402.571 314.937 -223.11 422.42 320.891 -198.789 425.245 326.434 -162.979 365.64 362.373 -155.443 14.8694 8.76073 16.9925 
170.26 158.59 157.093 150.672 157.464 173.495 150.4 142.913 140.597 125.243 320.296 315.006 -196.839 370.784 325.044 -239.55 401.573 314.341 -223.906 421.849 320.84 -200.365 425.837 327.426 -165.197 365.369 362.213 -156.928 13.6619 8.65392 17.2933 
168.869 159.211 156.819 151.208 159.883 172.687 150.957 142.384 139.774 128.027 320.654 314.836 -197.659 370.249 325.607 -241.41 400.574 313.84 -225.094 420.028 319.679 -201.507 425.089 326.745 -166.991 364.846 362.07 -158.386 13.1793 8.13686 18.118 
169.705 159.906 157.659 151.936 161.912 172.563 151.057 142.318 140.063 127.674 321.43 315.706 -199.24 370.473 326.041 -243.146 400.827 314.188 -226.814 420.356 320.203 -203.47 425.006 327.223 -168.779 365.243 362.948 -160.156 13.4062 8.02798 18.2069 
169.124 159.961 157.165 149.122 160.569 172.067 151.922 141.876 140.664 128.196 321.413 314.987 -200.434 370.249 327.292 -245.187 400.503 314.37 -228.032 419.779 320.657 -205.232 424.597 327.279 -170.444 364.526 362.736 -161.576 13.621 7.60101 19.3526 
167.235 159.109 156.7 145.181 157.936 171.598 151.562 140.747 138.471 127.482 320.271 314.226 -200.636 370.031 327.871 -246.795 400.072 314.767 -229.131 418.85 321.018 -205.651 425.118 328.309 -172.027 364.23 362.993 -163.266 12.8599 7.78606 19.8673 
165.965 158.19 156.753 147.141 155.917 171.489 151.301 140.757 138.953 127.301 318.539 313.759 -200.59 369.404 327.88 -247.688 398.942 315.524 -230.855 418.439 321.365 -207.441 424.561 328.801 -173.612 363.665 363.435 -164.671 13.053 8.23625 18.9902 
167.404 159.801 156.116 149.008 157.608 172.425 153.031 142.562 140.176 127.577 317.419 314.744 -201.52 368.915 329.873 -249.828 399.613 317.315 -233.226 417.719 321.454 -208.66 423.659 329.507 -174.667 363.284 364.366 -165.89 13.2386 8.47403 19.7122 
166.894 159.638 155.794 147.827 156.073 171.974 153.158 141.391 138.795 127.631 316.861 315.703 -202.632 369.339 331.029 -251.358 398.498 317.463 -234.221 416.724 322.089 -209.806 423.843 330.712 -176.662 363.088 365.31 -167.515 12.5232 8.38041 20.0351 
169.172 160.01 156.189 147.593 155.929 172.484 152.505 141.29 138.596 129.78 316.032 317.215 -203.661 368.225 332.039 -252.661 396.671 318.137 -235.948 415.962 323.362 -211.565 424.853 332.513 -179.007 363.189 367.042 -168.988 12.2538 8.76195 19.7763 
169.113 160.084 156.477 146.504 158.166 172.633 151.813 140.866 138.835 131.561 316.075 318.276 -204.515 367.132 332.528 -253.689 395.388 318.791 -237.084 415.499 324.666 -213.385 425.24 333.565 -181.128 363.056 368.462 -170.37 12.1969 8.68766 19.422 
170.104 161.307 156.398 146.464 158.51 173.148 152.726 141.725 141.013 133.557 315.87 319.53 -205.342 366.961 333.652 -255.132 395.841 320.317 -238.817 416.298 326.581 -215.43 426.263 335.475 -183.2 363.34 369.981 -171.524 12.0912 8.66423 19.2592 
170.889 162.294 156.702 145.826 161.247 173.623 153.866 144.093 142.234 134.877 316.531 320.976 -206.663 366.678 335.122 -256.671 396.977 323.567 -241.729 417.147 329.111 -217.268 426.71 336.957 -184.495 363.241 371.333 -172.523 12.5379 9.10074 18.0035 
171.713 162.329 157.382 149.602 163.608 174.186 153.294 142.559 141.665 134.934 316.578 323.494 -207.791 366.361 336.757 -257.399 396.162 324.671 -241.984 417.224 330.532 -218.261 426.998 338.675 -185.67 363.858 373.611 -173.589 12.3562 9.17473 18.3017 
172.451 163.041 157.737 148.586 165.281 174.947 154.111 144.098 142.066 137.218 316.424 325.182 -208.782 366.577 337.943 -258.14 397.082 326.957 -243.648 417.457 332.254 -219.016 427.724 340.613 -186.917 364.244 375.378 -174.323 12.0347 9.31875 17.5126 
174.158 162.917 157.514 150.156 166.132 175.668 154.212 145.764 144.888 136.973 316.431 327.263 -211.085 366.955 338.489 -259.096 399.017 330.032 -245.911 419.844 335.275 -221.439 428.065 342.177 -187.68 364.435 376.569 -175.219 12.8439 9.41128 16.2444 
174.973 162.745 158.042 151.624 160.521 175.82 154.029 146.835 145.343 137.66 316.366 328.675 -213.3 367.098 338.875 -259.944 399.304 331.028 -247.171 420.498 336.438 -222.515 428.743 343.556 -188.642 364.045 377.027 -176.023 12.5767 9.64032 15.6458 
174.836 162.97 159.482 154.839 156.884 175.567 153.581 146.699 145.053 138.541 316.44 330.696 -214.017 366.891 339.341 -259.861 398.137 330.767 -246.635 420.171 336.498 -222.546 429.314 344.928 -189.323 363.959 378.122 -176.369 11.9324 9.81096 15.4878 
175.483 163.3 159.328 155.221 157.613 175.938 153.788 146.838 145.045 138.678 316.424 332.454 -215.086 366.948 340.781 -260.65 398.44 331.88 -247.331 420.236 337.265 -222.985 429.691 346.021 -190.041 364.087 379.451 -176.945 11.6789 9.74808 15.6571 
175.586 163.232 159.044 154.823 159.685 175.98 153.352 146.406 144.758 141.213 316.555 333.572 -216.54 367.555 341.526 -261.293 398.651 332.348 -247.86 420.107 337.353 -223.166 430.477 346.588 -191.271 364.446 380.244 -177.677 11.1047 9.70049 15.4417 
175.055 164.287 159.477 156.243 158.205 175.899 155.176 149.019 147.37 141.044 317.065 334.545 -216.702 367.865 342.926 -262.183 400.297 335.393 -249.788 421.796 339.489 -224.441 430.689 347.864 -191.333 364.534 381.262 -177.758 11.3088 10.0595 14.8792 
173.719 164.644 159.407 156.407 156.676 175.422 156.081 149.369 147.133 140.816 317.471 335.833 -216.898 368.54 344.05 -262.553 400.832 336.673 -249.998 421.849 340.339 -224.613 431.015 348.736 -191.666 364.73 382.231 -178.003 11.2242 9.81091 14.6496 
173.661 164.722 159.156 155.437 155.362 175.424 156.427 149.883 146.921 140.105 317.771 337.034 -216.716 368.963 345.201 -262.507 401.693 338.391 -250.32 422.349 341.576 -224.482 430.923 349.543 -191.264 365.019 383.248 -177.84 11.2597 9.90585 14.467 
171.649 164.128 157.57 156.212 154.082 174.385 156.072 147.295 145.962 140.688 317.985 337.572 -215.92 369.246 345.927 -262.222 401.002 337.759 -248.644 422.314 341.659 -224.12 431.763 350.331 -191.515 365.269 384.061 -177.819 11.0617 9.5026 15.0087 
171.925 163.4 156.467 155.449 152.957 174.561 155.444 145.79 144.781 142.147 317.749 338.237 -216.549 369.881 346.424 -261.779 400.978 337.657 -247.357 422.698 342.36 -223.679 433.252 351.766 -191.441 365.185 384.211 -177.518 11.4492 9.33161 15.3068 
172.906 163.223 156.115 154.688 151.147 175.011 154.705 145.384 144.614 143.567 317.56 339.573 -217.782 370.63 346.467 -261.266 401.58 338.418 -247.089 423.412 343.602 -223.774 434.584 353.458 -191.707 365.369 384.584 -177.405 11.7851 9.26586 14.7327 
173.284 162.691 155.746 153.748 149.555 175.422 153.398 144.754 144.162 142.817 317.247 340.753 -217.992 370.929 346.693 -260.522 401.823 339.571 -247.017 423.867 344.86 -223.685 435.016 354.571 -191.49 365.917 385.506 -177.316 11.9145 9.45215 13.9786 
173.294 161.753 155.988 153.119 149.737 175.361 151.888 143.989 143.003 139.178 317.244 341.955 -218.497 371.724 347.385 -260.039 402.013 340.056 -246.823 423.752 344.909 -222.985 433.964 354.131 -190.697 366.572 386.236 -177.363 11.4063 9.50246 13.547 
174.215 160.88 155.99 151.398 147.996 175.639 150.322 142.542 141.266 136.439 317.357 343.5 -219.909 372.832 347.818 -259.57 402.138 340.151 -246.162 423.634 345.059 -222.172 433.478 354.359 -190.122 367.334 386.992 -177.513 11.0532 9.45809 13.1749 
174.881 160.16 155.803 150.648 147.022 176.015 149.117 140.979 140.431 135.778 317.743 345.275 -221.563 373.661 348.001 -259.254 402.113 340.354 -245.734 424.303 346.128 -222.49 434.112 355.107 -190.259 368.287 387.871 -177.907 11.1627 9.66451 12.6183 
174.875 159.384 155.962 150.361 146.004 176.405 148.263 141.327 140.548 135.963 317.887 346.012 -222.416 374.377 348.092 -259.091 403.141 341.318 -246.205 425.308 347.095 -222.906 434.852 355.788 -190.326 368.833 388.154 -178.079 11.3008 9.71105 12.008 
174.121 160.036 156.593 151.534 146.504 176.475 149.15 142.725 141.895 138.211 318.626 346.874 -222.408 374.735 348.493 -259.421 404.112 341.91 -246.556 426.297 347.648 -223.111 436.103 356.782 -190.497 369.279 388.533 -177.999 11.5014 9.75501 12.2544 
173.411 160.867 157.311 153.221 147.451 176.462 149.719 143.116 142.639 139.728 320.289 348.243 -223.398 375.798 349.438 -260.262 404.917 341.901 -246.731 427.414 347.966 -223.587 437.754 357.779 -191.102 370.306 389.268 -178.399 11.744 9.8311 12.7856 
173.164 161.413 158.313 154.321 148.799 176.424 150.68 144.538 143.347 141.796 321.237 348.586 -223.569 376.308 350.312 -261.009 405.881 342.456 -247.594 428.027 347.904 -223.725 438.999 358.285 -191.548 370.722 389.417 -178.504 12.0086 9.79103 13.0908 
172.747 161.864 158.653 154.621 150.71 176.332 151.449 145.564 144.095 143.854 322.453 349.475 -224.902 377.578 351.373 -261.761 407.431 343.426 -248.376 429.045 348.473 -224.199 440.204 358.762 -192.106 371.053 389.42 -178.799 12.1071 9.55793 13.2258 
172.251 161.615 158.351 154.056 152.151 176.255 151.285 145.132 143.386 143.433 323.199 350.063 -225.533 379.009 352.358 -262.364 408.529 344.049 -248.487 429.495 348.715 -224.309 440.89 358.772 -192.622 371.679 389.748 -179.329 11.9835 9.16491 13.4165 
172.273 161.874 158.189 153.13 153.312 176.561 151.808 145.086 142.806 143.536 323.475 350.557 -226.175 380.43 353.446 -263.081 409.581 345.061 -248.735 429.845 349.184 -224.449 441.642 358.954 -193.102 372.221 390.153 -179.891 12.0365 8.82121 13.5024 
173.18 162.587 158.696 154.014 154.759 177.225 152.95 145.909 143.361 144.311 323.859 351.206 -227.433 381.767 353.501 -263.942 411.174 345.902 -249.417 431.083 349.961 -225.367 442.813 359.409 -194.01 372.917 390.579 -180.633 11.8991 8.48055 13.3213 
172.734 162.585 158.78 154.035 155.498 177.005 153.327 146.001 143.829 145.075 324.769 351.334 -227.887 382.492 354.269 -264.719 411.66 346.581 -250.086 431.808 350.979 -226.02 443.729 360.448 -194.291 373.186 391.147 -181.243 12.3869 8.65687 13.3182 
171.443 162.726 159.439 154.975 154.998 176.653 153.329 146.644 144.417 143.956 325.806 351.602 -228.504 382.799 354.65 -265.644 412.106 347.847 -251.655 432.291 351.895 -227.343 443.244 360.349 -195.259 373.498 391.809 -182.158 11.7719 8.76912 12.6328 
173.227 163.309 160.179 156.159 155.167 177.209 154.012 148.007 146.522 144.198 326.032 352.063 -229.61 382.67 355.71 -266.876 412.329 349.108 -253.48 433.255 353.977 -229.341 443.546 361.557 -196.261 373.686 392.496 -182.939 11.9895 9.12163 12.4998 
173.648 164.291 161.352 157.652 154.322 177.838 154.859 149.315 148.036 143.095 326.004 352.577 -230.449 382.904 357.082 -268.299 412.844 351.493 -255.601 433.991 355.787 -230.906 442.658 361.84 -197.166 373.756 393.197 -183.865 11.6292 9.50499 11.9659 
174.98 165.626 162.176 159.202 154.879 178.578 156.707 150.481 149.144 143.387 326.436 353.226 -230.531 382.596 358.983 -269.988 412.534 352.391 -257.018 433.808 356.347 -231.894 442.417 362.644 -198.007 373.895 394.302 -184.599 11.6741 9.73115 12.5669 
174.615 165.687 161.084 157.888 154.57 178.727 156.951 149.12 148.124 143.964 326.519 353.67 -230.84 382.83 360.173 -270.987 411.757 351.756 -256.677 433.419 356.565 -232.383 443.074 363.838 -199.24 374.215 395.297 -185.601 11.5908 9.62383 13.5997 
175.375 165.055 160.025 157.078 154.486 179.352 155.947 147.295 147.121 142.034 326.087 354.675 -231.965 382.88 360.82 -271.676 410.44 352.069 -257.281 432.587 357.023 -233.896 442.219 364.4 -200.826 374.724 396.55 -186.91 11.365 9.52138 13.3346 
175.889 165.379 159.083 156.685 153.485 179.651 156.863 147.33 147.339 141.575 325.242 354.682 -231.76 382.16 361.753 -273.062 409.66 351.998 -258.066 432.192 357.306 -234.91 442.151 365.265 -201.973 374.669 397.327 -187.861 11.4122 9.65498 14.3608 
177.037 166.019 159.607 156.646 155.998 179.979 157.874 148.42 148.563 142.511 324.738 354.847 -232.019 381.403 362.557 -274.684 409.828 353.419 -260.473 432.113 358.339 -236.668 441.387 365.543 -203.553 374.625 398.047 -188.991 11.2224 9.71346 14.2131 
177.465 165.824 160.028 157.33 155.236 179.739 157.016 148.795 148.841 141.032 324.716 354.817 -232.735 380.19 362.592 -275.354 409.117 354.58 -262.211 431.642 359.405 -238.35 440.005 365.682 -204.409 374.153 398.751 -189.965 11.6088 9.83124 13.326 
177.858 165.838 160.503 155.159 160.794 179.501 157.226 149.736 148.528 142.673 324.735 355.069 -233.499 379.112 363.527 -276.665 408.684 355.636 -264.121 430.522 359.347 -239.333 438.759 364.986 -205.674 373.904 399.297 -191.024 11.5317 9.83532 13.3336 
178.548 165.25 160.161 154.874 159.792 178.706 156.627 149.495 149.707 141.461 324.181 355.851 -235.451 379.734 364.503 -278.412 409.169 356.774 -265.9 430.58 360.479 -241.611 438.562 365.698 -208.013 374.055 399.899 -192.84 11.357 9.3159 13.2189 
176.689 164.553 159.019 157.221 160.006 179.979 156.369 148.976 150.745 141.442 323.526 355.453 -236.66 379.771 365.248 -279.746 408.654 357.785 -267.487 430.075 361.364 -244.064 438.299 366.261 -210.081 373.581 399.987 -194.224 11.6563 8.87673 12.824 
177.794 163.638 157.988 159.743 157.341 179.774 155.68 147.345 150.495 142.457 322.772 355.153 -237.701 378.993 365.732 -281.004 406.685 357.367 -268.754 429.397 361.658 -246.099 439.137 367.643 -212.497 373.228 400.022 -195.619 11.5074 9.31045 12.8327 
177.576 163.483 156.081 160.944 156.427 179.911 155.888 145.597 150.196 143.81 321.953 355.039 -238.363 378.663 366.413 -282.124 405.449 356.478 -268.688 428.124 361.594 -247.249 439.4 368.473 -214.563 372.521 399.938 -196.555 11.2781 8.78891 14.0091 
177.687 163.895 155.484 160.313 155.26 179.697 156.729 145.577 148.631 144.25 320.708 354.232 -238.505 378.641 365.689 -282.384 404.922 356.07 -269.01 427.106 361.199 -247.605 439.589 368.718 -215.238 371.707 399.481 -197.018 11.7418 8.43066 13.593 
179.45 164.894 155.166 158.762 156.241 178.292 158.272 147.7 149.196 144.164 320.289 354.773 -239.269 378.9 366.057 -282.61 406.2 357.188 -270.032 427.135 361.48 -247.753 439.642 368.719 -214.86 371.417 399.27 -196.953 12.243 7.93809 13.1729 
178.268 165.567 156.309 157.555 160.835 177.756 158.728 148.567 149.819 144.692 320.218 355.609 -239.409 378.851 365.845 -282.386 406.165 357.356 -270.505 426.997 361.616 -247.707 439.291 368.522 -214.551 371.415 399.463 -196.761 12.3654 8.1156 12.7692 
177.881 165.512 157.286 157.877 160.781 177.426 158.032 148.613 150.23 144.005 320.261 356.99 -240.569 378.9 365.286 -281.932 406.037 357.077 -270.408 427.341 361.822 -247.697 439.319 368.84 -214.082 371.724 399.784 -196.64 12.5416 8.32261 12.3688 
177.811 165.341 156.433 158.476 161.554 177.748 157.29 147.433 148.959 143.375 320.605 357.638 -240.567 378.512 364.327 -281.347 405.655 355.789 -269.138 426.788 360.917 -247.134 438.935 368.263 -214.128 371.847 399.772 -196.326 12.0109 7.84301 12.7063 
177.983 164.926 156.013 157.148 160.272 178.317 156.109 146.418 146.283 141.344 320.727 357.776 -240.105 378.382 363.368 -280.523 405.317 354.794 -268.079 425.928 359.402 -245.638 438.275 367.449 -213.542 372.183 399.727 -195.929 11.3974 7.71164 12.6203 
178.178 164.255 154.796 155.097 157.935 178.561 155.205 145.204 144.404 141.044 320.386 356.995 -239.461 378.675 362.942 -279.72 405.116 353.92 -266.634 425.572 358.62 -243.919 439.11 367.802 -213.153 372.413 399.35 -195.427 11.3636 7.81958 13.0489 
178.213 164.167 155.364 153.715 157.542 178.241 155.176 145.751 144.001 141.162 321.086 357.135 -239.112 379.269 362.303 -278.855 405.769 354.164 -266.413 426.321 358.969 -243.063 439.855 367.835 -211.652 372.797 399.291 -194.557 11.91 8.16609 12.145 
177.932 163.588 156.29 153.056 156.432 177.953 154.389 145.646 143.283 139.176 321.841 357.863 -239.079 379.439 361.686 -277.554 405.494 354.145 -265.578 426.666 359.279 -241.883 439.028 367.348 -209.755 373.049 399.34 -193.536 11.7293 8.69332 11.2525 
177.938 163.349 155.662 152.254 155.42 177.926 154.223 145.126 142.04 138.915 321.841 357.529 -237.855 378.477 360.163 -276.093 404.723 352.784 -263.624 426.006 357.953 -240.088 438.735 366.494 -208.556 372.783 398.84 -192.562 11.5843 8.72888 11.4385 
178.255 163.406 156.046 152.158 156.291 178.474 153.838 144.737 141.73 139.268 322.516 357.469 -237.077 378.689 360.185 -275.277 404.99 353.227 -262.837 426.069 358.033 -239.229 438.936 366.454 -208.184 372.99 399.019 -191.959 11.2889 8.67564 11.2272 
178.839 163.48 155.787 152.785 156.263 179.183 153.581 144.155 141.529 139.918 322.521 357.306 -236.487 378.976 360.216 -274.641 405.241 353.568 -262.066 426.31 358.181 -238.661 439.591 366.924 -208.122 373.238 399.306 -191.58 11.2152 8.61285 11.1203 
178.879 162.864 155.37 152.591 155.178 179.438 152.658 143.239 140.302 139.813 322.584 357.009 -236.16 379.473 360.508 -274.244 405.638 353.47 -261.245 426.459 358.01 -237.96 440.314 367.549 -207.95 373.388 399.388 -191.443 11.4453 8.45269 11.499 
178.812 163.039 155.114 151.409 155.747 179.365 153.067 143.18 139.892 139.799 322.349 356.136 -235.556 379.237 360.455 -274.192 405.797 353.501 -261.007 426.187 357.533 -237.322 440.123 367.084 -207.65 373.22 399.033 -191.203 11.3499 8.45417 11.7236 
178.618 163.787 154.776 149.53 155.315 179.418 154.684 143.816 138.95 140.99 321.149 354.889 -234.794 379.039 360.681 -274.642 406.153 352.991 -260.567 425.71 356.757 -235.987 440.607 367.137 -207.089 372.472 398.084 -190.802 11.9931 8.57477 12.8841 
178.392 164.21 155.372 148.283 155.985 179.474 155.723 144.855 138.774 140.635 319.934 353.703 -233.503 378.135 360.369 -274.817 406.068 352.731 -260.788 424.98 355.879 -234.966 439.612 366.293 -206.355 371.575 397.208 -190.372 11.7118 9.12766 13.2726 
178.281 164.296 156.003 147.96 155.6 179.49 156.616 146.774 139.844 140.726 319.114 352.734 -233.212 376.886 360.182 -275.081 405.535 352.245 -261.476 424.622 355.3 -235.002 438.853 365.429 -205.753 370.53 396.283 -190.068 11.8179 9.53976 13.4612 
178.703 164.324 156.716 149.075 157.215 179.24 156.954 147.991 142.564 142.021 317.812 351.777 -232.827 375.602 359.334 -275.008 404.318 351.3 -261.923 424.233 354.702 -235.727 438.177 364.491 -205.493 369.534 395.201 -189.69 12.0638 9.6649 13.3317 
178.129 163.588 156.186 148.024 158.685 179.72 156.519 147.149 142.323 142.038 316.153 350.096 -232.058 374.271 358.528 -274.914 402.726 349.595 -261.368 422.703 353.2 -235.525 437.041 362.852 -205.354 368.386 393.864 -189.562 12.2703 9.48375 13.9435 
177.61 163.568 155.844 146.763 160.292 179.642 156.37 146.255 141.82 142.064 315.241 349.176 -231.631 373.195 358.141 -275.091 401.409 348.056 -260.846 421.002 351.355 -235.014 435.603 360.908 -205.356 367.457 392.722 -189.515 12.0749 9.33488 14.7896 
177.757 163.546 155.645 147.467 159.067 179.722 155.845 145.656 142.596 142.025 314.537 348.976 -232.373 372.757 357.411 -275.165 400.565 346.975 -260.646 420.174 350.221 -235.367 434.612 359.505 -205.744 366.811 391.734 -189.617 11.8048 8.9792 14.8632 
178.198 164.023 157.012 150.304 160.625 179.71 155.994 146.665 144.164 142.747 314.082 350 -234.256 372.441 356.72 -275.27 400.207 346.044 -261.116 419.882 348.936 -235.533 433.76 358.193 -205.854 366.388 390.891 -189.668 11.3385 9.1684 14.6652 
178.344 164.642 157.937 149.459 160.929 178.587 156.606 147.813 147.578 144.667 313.453 350.498 -235.246 372.276 356.498 -275.551 400.053 345.607 -261.839 420.475 348.73 -236.35 434.024 357.858 -206.39 366.082 390.122 -189.63 11.2224 9.40709 14.5247 
178.003 165.24 159.204 149.563 161.955 177.986 157.116 149.316 150.254 146.277 312.958 350.515 -235.612 371.8 355.827 -275.477 399.523 345.312 -262.661 420.712 348.488 -237.069 434.03 357.275 -206.73 365.814 389.614 -189.488 11.171 9.79135 13.7623 
177.792 165.317 160.027 148.955 161.537 177.7 157.129 150.074 151.413 147.318 312.38 349.969 -235.388 371.423 355.538 -275.34 399.148 345.069 -263.071 420.432 347.747 -237.111 434.117 356.821 -207.063 365.551 389.054 -189.234 11.213 10.0501 13.4384 
177.361 165.886 161.043 148.487 163.387 177.351 157.956 151.41 152.003 148.932 312.071 349.397 -234.792 370.855 355.211 -275.408 398.846 344.894 -263.737 419.856 346.795 -236.984 433.886 355.969 -207.218 365.405 388.513 -188.917 11.1844 10.4129 13.1944 
177.113 166.127 161.455 147.952 162.442 177.249 158.615 152.038 152.391 149.675 311.703 348.431 -234.327 370.383 354.784 -275.329 398.451 344.107 -263.765 419.201 345.38 -236.43 433.771 355.077 -207.168 365.017 387.531 -188.473 11.3529 10.7006 13.341 
177.404 166.147 161.32 145.412 163.903 177.502 158.398 151.516 153.944 150.472 310.992 347.357 -233.582 370.192 354.391 -274.822 397.931 343.405 -263.259 418.471 343.776 -235.88 432.912 353.855 -207.45 364.714 386.747 -188.022 10.751 10.8342 13.3552 
178.216 166.072 160.39 146.642 162.829 178.117 158.379 150.879 151.841 150.374 310.51 346.53 -232.405 370.032 353.762 -274.353 397.876 342.946 -262.44 417.97 342.994 -234.968 433.068 352.803 -206.562 364.567 386 -187.551 11.3334 10.7854 13.3743 
178.357 165.619 160.283 149.178 162.636 178.249 157.715 151.008 149.197 150.492 310.536 345.767 -231.792 370.336 353.607 -273.843 399.143 343.674 -262.334 418.415 342.725 -234.157 434.084 352.649 -205.255 364.654 385.397 -187.01 12.3064 11.1521 13.108 
178.507 164.932 160.32 149.964 161.679 178.41 157.219 150.847 146.67 150.672 310.493 344.844 -231.157 370.872 353.346 -273.401 400.136 343.671 -262.015 418.629 341.925 -232.978 435.382 352.85 -204.086 364.806 384.833 -186.484 13.6189 11.6875 13.1245 
178.582 164.803 161.999 151.738 160.837 178.449 156.7 150.271 150.055 149.404 309.889 343.986 -230.267 370.854 352.313 -272.459 399.297 341.423 -260.478 418.737 340.053 -231.588 435.134 352.026 -203.553 364.913 384.29 -185.916 13.242 11.8879 13.6173 
178.287 164.704 161.289 152.427 158.511 178.088 156.567 150.046 148.049 148.48 308.902 343.065 -229.535 370.899 350.955 -271.492 399.482 340.519 -259.617 417.956 338.517 -229.985 434.644 351.276 -202.665 364.882 383.49 -185.316 13.4729 12.3375 13.3994 
177.808 164.538 162.144 152.88 157.747 177.937 156.03 149.401 145.047 149.062 308.669 342.748 -229.047 370.765 350.003 -270.65 398.472 338.25 -257.749 416.437 336.194 -227.491 435.282 351.283 -201.996 364.728 382.68 -184.687 15.7461 12.7747 14.2546 
177.726 164.333 160.065 151.424 156.532 178.099 155.27 147.138 141.856 149.286 308.483 341.461 -228.334 370.69 348.819 -269.594 397.671 336.24 -255.811 414.68 334.123 -225.374 435.519 350.471 -201.212 364.451 381.454 -183.93 17.8735 12.7379 14.8289 
178.061 164.143 160.598 151.57 156.134 178.386 155.616 145.951 139.508 148.529 308.234 340.516 -227.187 369.468 346.892 -268.302 394.861 333.029 -253.723 412.198 331.411 -222.965 434.375 348.025 -199.781 364.101 380.394 -182.984 18.9113 12.8822 15.2791 
178.519 164.315 159.615 148.33 154.604 178.749 154.192 144.328 135.465 147.314 308.555 339.848 -226.755 367.731 344.674 -266.7 393.131 330.771 -252.072 409.054 328.596 -220.403 433.205 345.969 -198.811 363.994 379.474 -182.158 20.8348 13.3764 14.9901 
178.664 164.872 159.548 144.991 155.71 178.592 154.539 145.187 134.033 149.829 309.03 339.055 -225.394 366.843 343.31 -265.525 392.794 329.397 -251.195 407.176 326.804 -218.069 433.81 344.838 -197.801 363.545 378.277 -180.82 23.3335 14.2288 14.7684 
178.711 165.177 159.271 144.145 157.025 178.553 154.999 146.516 132.851 150.033 309.087 337.587 -223.434 365.719 341.579 -264.319 393.017 328.249 -250.479 406.684 325.277 -216.474 433.656 343.048 -195.675 363.237 377.211 -179.64 23.4148 14.9983 14.6296 
178.837 165.303 159.502 143.255 157.135 178.541 155.077 147.294 133.25 151.187 308.872 335.861 -221.574 364.547 339.259 -262.858 392.835 326.735 -249.602 407.226 324.922 -216.29 434.051 341.548 -193.349 362.707 375.846 -178.452 23.1597 13.9126 14.1506 
178.656 165.934 160.182 146.832 159.828 178.114 154.856 146.892 133.816 147.984 309.109 335.202 -220.028 363.056 337.312 -260.991 391.475 324.79 -247.672 406.332 323.044 -215.112 431.622 338.448 -190.778 362.439 375.147 -177.122 21.4011 13.3383 14.0206 
178.67 165.745 160.726 147.94 158.636 178.063 154.833 149.124 136.26 147.222 308.632 334.137 -218.805 361.995 334.93 -258.825 392.027 325.105 -247.107 407.467 323.038 -214.692 430.066 336.532 -188.174 361.605 373.908 -175.49 19.031 13.239 12.7207 
178.353 165.992 161.147 151.624 156.518 177.978 155.145 151.231 142.221 145.609 308.539 333.874 -218.235 361.383 332.98 -256.692 393.021 325.796 -246.467 410.506 323.288 -214.792 428.12 334.146 -185.175 360.914 372.738 -173.808 15.4622 13.1362 12.107 
178.197 165.958 161.891 152.782 156.438 177.816 154.421 152.105 142.941 144.381 307.758 332.887 -216.911 360.892 330.602 -254.105 392.127 323.811 -243.894 410.368 321.774 -212.959 426.653 331.981 -182.596 360.274 371.544 -172.149 14.6675 12.7442 11.693 
178.064 165.931 162.432 153.032 155.646 177.777 155.022 153.064 143.747 145.101 307.2 331.89 -215.05 360.37 328.772 -251.92 391.952 322.005 -241.169 410.741 320.713 -210.766 426.069 330.697 -179.508 359.397 370.354 -170.06 14.558 12.4008 12.1062 
177.627 166.588 162.842 154.397 157.163 177.251 156.486 153.405 145.296 145.025 307.429 331.413 -213.279 359.932 327.395 -249.813 391.731 320.175 -238.454 410.482 319.044 -207.841 424.033 328.39 -176.146 358.571 369.483 -167.567 13.3933 12.3912 12.469 
177.41 166.964 163.581 152.966 157.919 177.107 156.575 152.592 143.902 145.992 307.005 331.068 -212.25 359.016 325.676 -247.548 390.604 317.667 -235.48 408.144 316.497 -204.252 422.579 326.334 -173.928 357.749 368.383 -165.63 13.236 12.3395 12.6761 
177.29 166.337 163.468 150.01 159.46 177.062 155.477 151.41 142.763 145.809 305.633 329.612 -210.157 357.459 322.941 -244.448 388.772 315.105 -232.291 406.383 314.497 -201.593 420.324 323.58 -171.185 356.873 366.998 -163.608 12.8177 11.8531 12.4431 
177.373 165.418 161.892 146.143 162.421 177.24 154.858 149.373 139.887 147.573 303.892 328.261 -207.938 356.788 321.37 -241.898 387.154 312.581 -228.911 403.086 311.313 -197.337 418.673 321.166 -169.166 356.124 365.718 -161.653 12.7358 12.3333 12.447 
177.636 164.772 161.057 146.414 165.194 177.251 153.35 147.26 139.321 147.083 303.167 327.135 -207.005 356.091 318.817 -238.793 385.831 310.177 -225.772 401.871 309.007 -194.826 416.234 317.904 -165.983 355.441 363.998 -159.496 12.0102 11.7472 11.8906 
178.047 165.114 160.576 145.198 179.356 177.522 154.128 148.624 140.921 152.248 302.066 325.368 -205.598 356.571 316.321 -236.218 386.495 308.783 -223.765 400.428 306.579 -192.288 416.009 316.342 -164.75 354.618 361.973 -156.87 12.2348 11.8864 11.3844 
178.728 165.378 161.126 144.609 170.501 178.215 154.316 148.647 141.4 152.461 300.755 323.716 -203.855 355.87 313.783 -233.266 385.362 305.925 -220.505 399.113 303.959 -188.96 415.412 313.914 -162.331 353.731 359.674 -154.278 12.7502 11.6749 11.2124 
179.157 165.292 160.9 144.985 173.837 178.467 154.223 148.072 141.009 153.548 299.39 321.766 -200.281 354.47 311.612 -230.055 383.645 302.972 -216.961 397.968 301.405 -185.592 415.155 311.632 -159.502 352.83 357.632 -151.242 13.5499 11.4792 11.2978 
179.142 164.895 159.747 141.575 175.673 176.814 152.969 145.883 145.011 152.014 300.08 317.548 -195.622 352.306 308.72 -227.357 380.707 298.41 -213.151 397.625 297.969 -183.532 414.404 307.591 -155.525 351.977 354.972 -148.934 13.9431 10.7153 11.8356 
178.516 163.555 160.057 137.643 179.361 176.012 152.654 148.098 150.459 153.497 299.229 314.514 -191.989 352.667 306.356 -224.52 382.422 296.474 -210.774 399.685 295.934 -180.83 414.512 305.142 -152.021 351.111 352.441 -146.14 12.8152 11.1849 12.2904 
178.498 161.515 158.547 137.121 178.379 175.67 152.068 148.308 151.141 152.381 298.897 311.793 -188.993 353.304 305.756 -222.902 383.793 295.314 -208.536 400.303 293.23 -177.921 413.086 301.683 -148.465 350.401 350 -143.57 11.6792 11.8408 13.2205 
178.239 161.569 158.357 139.901 178.155 175.061 151.599 147.15 148.747 149.312 299.567 309.92 -186.957 354.747 303.991 -220.489 384.54 293.127 -205.61 401.085 291.199 -174.861 411.777 298.937 -144.941 350.41 348.021 -141.116 10.6715 11.8802 13.0713 
178.346 160.471 158.267 139.341 178.237 175.032 151.2 146.389 147.9 149.546 300.383 307.792 -184.64 356.904 302.259 -217.564 385.791 291.085 -202.108 402.247 289.717 -171.279 411.923 297.187 -141.556 350.646 346.232 -138.69 10.1158 11.8725 12.9249 
178.721 161.653 159.654 141.011 179.85 175.151 153.342 148.715 149.988 148.34 300.943 306.373 -182.186 360.052 301.363 -215.501 388.478 289.897 -199.859 404.96 288.586 -167.854 412.503 295.906 -137.688 350.836 344.346 -136 9.68892 12.7392 12.8332 
178.974 163.237 161.445 143.531 174.879 175.245 153.996 150.665 152.302 145.503 302.137 305.962 -180.561 361.669 299.736 -212.465 390.89 289.13 -197.357 407.555 288.143 -164.823 412.877 295.17 -133.7 351.186 342.78 -132.963 9.81175 13.0088 12.524 
179.009 163.465 162.111 146.733 168.738 175.089 153.527 150.666 156.624 141.893 303.766 305.514 -179.065 364.539 297.595 -208.361 393.419 288.332 -193.78 411.864 289.028 -162.182 413.247 294.961 -129.764 352.159 341.782 -130.077 10.3989 12.7317 11.4337 
179.393 164.446 163.119 150.482 164.662 175.227 154.543 151.603 158.713 143.092 305.526 305.78 -177.934 366.616 295.971 -205.15 395.834 287.109 -189.993 415.319 289.796 -159.221 415.025 295.067 -125.694 353.032 340.853 -126.842 11.2982 12.4942 11.6818 
179.206 165.053 163.073 151.184 159.573 174.729 154.556 152.039 158.479 145.178 306.529 305.854 -175.002 367.366 294.779 -201.625 397.371 286.517 -186.169 416.851 289.625 -155.333 416.821 294.924 -121.577 353.624 340.356 -123.464 11.3391 12.5495 12.0222 
179.076 165.914 163.111 154.628 154.862 174.166 155.995 153.414 158.082 148.543 308.109 306.015 -171.521 369.391 295.275 -198.541 399.357 286.48 -182.598 418.63 289.389 -150.402 418.607 294.733 -117.115 353.981 339.718 -119.338 10.7461 13.2685 12.2229 
179.997 167.067 161.718 154.843 150.884 173.565 157.682 154.955 157.261 148.263 311.099 304.081 -164.282 373.967 294.283 -191.381 402.992 286.721 -173.873 422.91 291.589 -142.111 424.161 297.49 -107.7 355.12 338.062 -111.956 12.226 13.7457 12.1283 
179.241 164.663 157.052 148.354 150.824 172.293 156.33 155.362 156.419 144.64 314.908 303.221 -162.324 377.218 294.958 -188.213 405.446 287.84 -170.786 424.846 293.633 -138.57 425.274 298.41 -103.211 356.145 337.117 -109.063 13.3605 14.174 11.4867 
177.083 162.118 154.704 149.329 156.49 170.858 152.063 153.777 152.395 141.194 317.304 303.299 -160.613 379.653 294.662 -183.529 406.73 288.795 -167.124 424.959 294.004 -135.883 426.666 299.103 -99.3152 357.408 336.713 -106.061 14.9152 13.1445 10.0489 
176.946 159.425 155.122 148.339 167.829 170.699 150.713 152.617 146.212 151.556 319.683 303.182 -157.84 382.754 294.744 -178.622 409.602 290.146 -162.579 422.316 292.469 -130.98 428.538 299.571 -94.5734 358.162 336.846 -102.125 16.7446 10.4557 9.48591 
176.424 158.533 156.161 150.203 179.62 170.165 149.886 154.533 148.541 149.798 322.348 303.425 -155.51 385.649 294.523 -174.407 412.096 290.551 -158.625 425.026 292.55 -125.952 428.996 298.887 -89.203 359.235 336.786 -98.7581 16.292 11.4214 8.97615 
176.272 157.197 159.258 154.439 174.27 169.912 149.904 153.692 151.399 147.749 324.453 304.218 -152.847 388.115 295.299 -170.443 414.142 291.402 -154.497 427.171 293.076 -121.747 428.307 298.206 -84.1236 360.175 337.486 -95.0531 15.9998 11.5555 8.72819 
175.951 157.195 161.473 155.962 174.329 169.517 150.348 153.667 153.737 146.815 325.722 304.542 -149.637 389.884 295.774 -166.755 416.496 292.136 -150.217 429.326 293.322 -116.66 427.718 297.487 -79.1682 360.502 337.538 -91.1509 15.3378 12.1065 9.32348 
175.325 157.291 161.614 162.374 177.662 168.699 148.846 152.878 152.917 156.848 326.998 304.73 -146.113 389.523 294.067 -161.441 416.242 290.893 -144.845 427.342 290.842 -111.559 427.663 295.985 -74.4964 360.536 337.751 -87.1305 15.1281 11.4943 9.48429 
174.532 158.449 160.913 158.969 179.105 167.879 146.398 149.767 150.252 152.372 328.981 305.098 -143.33 390.037 293.807 -156.762 416.64 290.762 -139.919 426.845 289.967 -105.733 427.34 295.479 -69.3988 361.222 338.155 -83.6406 14.8884 12.1193 9.69599 
174.431 158.675 163.219 154.446 175.625 167.735 145.194 149.63 159.132 151.58 329.639 305.025 -140.151 390.364 292.586 -151.745 418.116 291.306 -135.581 430.21 292.531 -102.531 429.093 296.669 -64.154 361.372 338.145 -79.575 16.3735 11.6547 10.4748 
173.83 158.518 164.316 150.41 168.36 167.203 144.321 150.836 164.844 150.51 330.644 304.496 -136.644 390.567 291.67 -146.617 420.035 292.378 -131.212 432.709 294.473 -98.8935 431.025 297.906 -59.0153 361.275 337.842 -75.6596 17.6376 11.4313 12.1136 
173.405 158.74 163.315 153.654 167.485 166.789 144.315 150.718 165.218 151.96 331.513 304.83 -132.484 390.894 290.615 -140.804 420.59 292.058 -125.541 433.448 293.969 -92.5063 431.592 298.431 -53.1888 361.236 338.134 -71.0588 17.1285 12.0437 12.4475 
172.813 160.209 163.932 154.439 169.183 166.006 145.719 150.975 164.096 156.771 332.039 305.357 -128.182 391.86 290.544 -135.749 420.847 291.801 -119.983 432.721 292.442 -85.3172 432.228 298.695 -48.1038 360.944 338.906 -66.6109 15.5229 12.8467 11.7954 
172.353 159.435 163.295 159.133 169.432 165.534 146.986 150.404 161.978 156.085 331.667 304.897 -123.676 393.627 292.396 -131.807 421.866 292.748 -115.01 431.957 292.705 -80.5933 432.626 300.19 -43.2977 360.515 339.338 -62.2706 16.0447 12.1848 11.0671 
172.23 162.637 160.48 165.412 167.436 165.38 150.836 150.334 158.81 156.473 331.385 304.818 -119.891 396.505 294.565 -128.688 423.604 294.411 -110.283 432.103 293.323 -75.1988 433.472 301.532 -38.7296 360.227 339.581 -58.2828 15.8072 12.5307 10.5578 
172.049 162.576 157.751 168.143 164.065 165.112 150.844 148.249 154.804 155.055 331.117 304.554 -116.074 397.099 295.712 -124.842 423.288 294.596 -105.349 431.211 293.003 -69.5113 433.017 301.78 -34.5148 359.613 339.621 -54.4815 14.9958 13.2289 10.3161 
171.639 162.242 157.394 176.128 164.162 165.068 151.935 147.569 150.014 157.053 330.911 303.559 -109.538 398.901 297.024 -118.075 423.33 295.021 -97.9083 428.671 291.855 -60.0439 432.467 302.264 -27.4355 358.541 339.767 -47.9439 14.3979 14.9826 9.38794 
171.962 163.48 157.825 172.831 164.948 165.705 151.604 146 148.194 155.056 329.648 303.178 -106.437 397.411 296.243 -115.254 420.105 293.59 -95.4749 425.002 289.334 -56.3815 430.429 301.725 -25.145 357.337 339.964 -45.3414 14.9472 16.3517 8.21673 
171.686 162.994 157.564 174.27 163.708 165.624 152.529 148.293 148.631 154.148 328.595 301.959 -103.068 397.256 297.047 -113.275 419.966 293.532 -92.9141 424.896 289.306 -54.6293 429.399 301.086 -22.4636 356.046 339.423 -43.0251 14.6226 15.6629 8.55999 
171.269 163.602 157.939 171.204 162.196 165.322 153.342 147.716 155.87 153.38 327.461 300.555 -99.8022 397.417 297.889 -111.504 419.618 293.004 -89.9507 426.895 290.587 -53.3806 428.131 300.362 -20.2036 354.659 338.788 -41.1747 13.1931 13.9352 9.19046 
170.912 162.765 158.784 176.68 164.346 165.037 153.301 145.799 151.473 151.799 326.892 301.246 -97.1143 397.074 298.803 -109.319 418.646 292.992 -87.0989 425.846 290.171 -51.0571 426.802 300.15 -17.9606 354.271 339.442 -39.0094 13.0831 13.6869 9.60829 
170.932 163.226 158.743 163.108 164.203 165.039 154.121 146.246 147.504 151.602 326.321 300.96 -94.6786 397.012 299.691 -108.364 419.365 293.851 -85.3407 425.248 290.583 -49.5957 426.762 300.506 -16.2183 353.663 339.194 -37.2455 13.4737 13.4655 10.4897 
170.433 162.814 159.32 163.994 163.98 164.743 152.788 145.115 145.873 149.451 326.207 301.585 -92.4594 396.324 299.677 -106.031 418.688 293.468 -82.5922 424.527 290.432 -48.0101 425.5 300.396 -13.975 353.17 339.326 -35.5567 13.9093 12.5975 10.9115 
170.55 163.106 159.926 162.98 164.565 164.666 153.186 146.073 143.836 149.041 326.445 301.658 -90.5473 396.675 300.285 -104.345 419.613 294.744 -81.0388 423.764 290.828 -46.5392 424.857 300.702 -11.7912 352.937 339.841 -33.9541 14.4887 12.7761 10.8521 
170.346 162.75 159.661 151.799 164.449 164.33 152.019 144.989 140.814 148.093 326.124 302.313 -88.7506 395.786 300.275 -102.884 418.438 294.425 -79.6549 420.56 289.696 -44.8548 423.672 300.499 -10.0659 352.759 340.474 -32.6024 15.6751 13.5228 10.7497 
170.344 162.189 160.414 140.494 167.071 164.009 151.308 143.796 139.175 147.371 325.805 302.728 -87.4213 394.46 299.678 -101.801 416.553 293.348 -78.7979 417.387 288.802 -44.0192 422.204 299.808 -9.15796 352.545 341.123 -31.5056 16.394 13.7722 10.5434 
170.317 162.43 161.413 131.468 168.063 163.663 150.882 144.656 139.061 147.837 325.676 302.52 -85.7696 392.969 298.877 -100.792 415.173 292.589 -78.1537 414.911 288.703 -43.5367 421.96 299.65 -8.45534 352.215 341.519 -30.4555 17.2326 13.7618 10.3948 
170.222 162.421 161.953 123.872 170.235 163.083 150.353 144.222 140.163 149.509 325.501 302.795 -84.4514 391.905 298.686 -99.4803 413.398 292.171 -77.371 412.436 288.848 -43.1363 421.391 299.505 -7.51622 351.653 342.033 -29.4389 18.3499 13.5439 9.87152 
170.146 162.753 161.149 122.218 171.203 162.685 149.81 144.327 139.546 150.409 324.972 303.053 -83.805 390.852 298.357 -98.603 412.412 291.863 -76.8768 410.03 288.081 -42.4411 420.599 299.173 -6.54437 350.883 342.054 -28.8369 19.6374 14.1716 9.53799 
