158.306 159.131 169.981 167.565 169.369 155.561 119.241 160.211 161.877 158.64 -86.089 156.163 38.7421 -83.425 157.399 42.1003 -93.8132 133.74 -34.5385 -69.6347 146.859 -45.1436 -43.5412 166.509 -32.1777 -80.3914 216.073 17.1777 6.96861 8.96458 67.9992 
158.422 159.203 170 167.623 169.398 155.601 119.279 160.389 162.009 158.604 -86.272 156.05 38.8302 -83.4979 157.4 42.3131 -94.1797 133.578 -34.3319 -70.2318 146.785 -45.1317 -43.9044 166.463 -32.0751 -80.7458 215.989 17.2638 7.17871 8.98041 68.0942 
158.498 159.334 170.084 167.773 169.465 155.487 119.315 160.69 162.194 158.695 -86.8242 156.192 38.9354 -83.9785 157.572 42.5317 -94.8811 133.646 -34.2327 -70.9859 146.839 -45.1204 -44.4353 166.525 -32.0399 -81.2094 216.092 17.3935 7.33028 8.98037 68.2229 
158.482 159.365 170.086 167.918 169.424 155.468 119.619 160.876 162.348 158.641 -87.3479 156.106 38.977 -84.3499 157.083 42.3818 -95.4546 133.587 -34.2762 -71.6073 146.824 -45.215 -44.8945 166.467 -32.0071 -81.5861 215.996 17.5013 7.46524 8.9645 67.9103 
158.311 159.225 170.061 168.095 169.358 155.349 119.855 161.023 162.399 158.613 -87.8996 156.027 38.8836 -84.8424 156.478 41.9999 -96.0299 133.661 -34.47 -72.151 146.88 -45.2759 -45.3749 166.513 -32.1193 -81.9399 215.88 17.6084 7.48912 8.86932 67.4846 
158.059 159.001 170.038 168.264 169.266 155.101 119.938 161.176 162.432 158.55 -88.5584 156.113 38.7651 -85.4197 156.163 41.6058 -96.6117 134.079 -34.8557 -72.6308 147.19 -45.3629 -45.8377 166.726 -32.2073 -82.2763 215.906 17.748 7.47132 8.7091 67.2964 
157.77 158.866 169.959 168.348 169.116 154.894 119.958 161.048 162.387 158.306 -89.4014 156.101 38.5102 -86.2151 155.749 41.1141 -97.326 134.411 -35.1484 -73.2986 147.465 -45.5945 -46.3943 166.782 -32.3082 -82.6155 215.858 17.8135 7.51389 8.69934 66.8973 
157.309 158.862 169.86 168.362 168.877 154.678 120.013 160.831 162.226 157.811 -90.219 156.09 38.1592 -87.0532 155.385 40.6416 -98.0802 134.866 -35.4766 -73.9415 147.755 -45.7113 -46.8988 166.742 -32.1026 -82.9425 215.793 17.9111 7.61474 8.61701 66.604 
156.87 158.936 169.774 168.445 168.699 154.439 120.42 160.632 162.202 157.529 -90.9296 156.213 37.8212 -87.8496 154.914 40.2426 -98.6472 135.18 -35.5026 -74.4616 147.936 -45.7014 -47.3017 166.611 -31.7509 -83.2972 215.767 18.0275 7.73199 8.64246 66.0356 
156.455 159.102 169.754 168.551 168.601 154.19 120.559 160.543 162.238 157.36 -91.6187 156.301 37.6042 -88.6198 154.732 40.0643 -99.1748 135.43 -35.5545 -74.8867 147.995 -45.6391 -47.6606 166.413 -31.3363 -83.6399 215.73 18.1754 7.80975 8.62756 65.8099 
156.097 159.379 169.684 168.584 168.412 153.996 120.907 160.312 162.166 157.064 -92.2995 156.38 37.3024 -89.345 154.266 39.6691 -99.559 135.581 -35.4743 -75.1669 148.029 -45.5324 -47.8965 166.251 -30.8766 -83.9721 215.706 18.3107 7.91646 8.66902 65.1164 
155.826 159.516 169.679 168.734 168.373 153.725 121.048 160.124 162.269 157.084 -92.9067 156.444 37.1 -89.9614 153.958 39.5078 -99.8661 135.626 -35.2253 -75.4684 148.029 -45.5169 -48.1523 166.09 -30.6733 -84.2543 215.61 18.4874 7.96136 8.85265 64.6138 
155.708 159.558 169.745 168.811 168.363 153.487 120.853 159.987 162.313 157 -93.5794 156.503 36.9954 -90.4704 154.028 39.5906 -100.052 135.639 -34.8369 -75.6582 148.008 -45.3326 -48.371 165.973 -30.2782 -84.5422 215.576 18.6951 7.98572 9.00616 64.3754 
155.591 159.651 169.883 168.907 168.407 153.236 120.894 159.907 162.427 157.068 -94.2283 156.717 37.0086 -90.9739 154.029 39.7618 -100.158 135.565 -34.1608 -75.8507 147.977 -45.0244 -48.6407 165.929 -29.8948 -84.8543 215.647 18.9352 7.94593 9.23743 63.8491 
155.478 159.599 170.038 168.995 168.487 152.913 120.977 159.891 162.568 157.223 -94.8107 157.044 37.0689 -91.44 153.937 39.905 -100.194 135.463 -33.4619 -75.9906 147.993 -44.7248 -48.9263 165.976 -29.6092 -85.1576 215.758 19.1966 7.83855 9.48795 63.1992 
155.43 159.473 170.155 168.945 168.547 152.614 121.029 159.896 162.618 157.226 -95.2492 157.281 37.3293 -91.8382 153.804 40.0115 -100.239 135.373 -32.8008 -76.1678 148.099 -44.4811 -49.2441 166.028 -29.1994 -85.4572 215.87 19.5033 7.79588 9.7598 62.5468 
155.342 159.268 170.266 168.875 168.571 152.237 121.19 159.884 162.62 157.244 -95.7055 157.468 37.4668 -92.3389 153.514 40.0218 -100.424 135.178 -32.2394 -76.5513 148.158 -44.4425 -49.6446 165.992 -29.062 -85.7304 215.884 19.7339 7.78489 10.1049 61.8152 
155.362 159.081 170.295 168.708 168.481 152.012 121.282 159.66 162.464 157.119 -96.1092 157.377 37.5661 -92.8304 153.023 39.8726 -100.537 134.938 -31.7132 -76.9247 148.221 -44.4848 -49.9911 165.922 -29.0397 -85.9535 215.751 19.9473 7.79976 10.4978 60.9571 
155.484 158.882 170.263 168.581 168.434 151.916 121.462 159.395 162.323 157.027 -96.5138 157.227 37.7214 -93.1882 152.459 39.7687 -100.437 134.581 -30.9607 -77.1774 148.126 -44.2836 -50.265 165.782 -28.8916 -86.1825 215.588 20.167 7.79439 10.8351 59.9434 
155.603 158.631 170.26 168.448 168.328 151.863 121.632 159.157 162.194 156.949 -96.832 156.919 38.1832 -93.32 151.812 39.8784 -100.315 133.987 -30.0554 -77.4811 147.858 -44.0752 -50.5577 165.517 -28.7619 -86.3787 215.299 20.445 7.79853 11.2544 59.0402 
155.803 158.446 170.152 168.252 168.1 152.012 121.811 158.91 161.899 156.708 -97.2206 156.461 38.6205 -93.4827 151.164 39.9265 -100.28 133.386 -29.2692 -77.764 147.46 -43.747 -50.8124 165.138 -28.5933 -86.5307 214.973 20.6452 7.79398 11.5165 58.2105 
156.579 159.364 170.068 168.292 168.559 152.99 123.512 158.71 162.152 157.55 -97.2496 155.903 39.265 -92.9166 149.99 40.445 -99.3005 132.208 -27.6922 -77.153 146.746 -42.9872 -50.5983 164.403 -28.2064 -86.5745 214.467 21.0932 7.56986 12.0288 56.9566 
157.463 161.733 169.878 168.376 169.002 153.803 125.171 158.586 162.425 158.322 -97.4789 155.408 40.0519 -92.3399 148.93 41.2369 -98.3593 131.018 -26.1568 -76.4503 145.823 -42.0567 -50.2821 163.603 -27.7954 -86.5978 213.927 21.5359 7.28311 12.3893 56.0375 
158.42 164.009 169.73 168.444 169.386 154.249 126.375 158.636 162.671 159.013 -98.0768 155.045 40.9881 -91.8826 148.154 42.1565 -97.6227 129.793 -24.6544 -75.8573 144.829 -41.1375 -50.0453 162.833 -27.4187 -86.6605 213.429 21.9566 6.99261 12.7118 55.3476 
159.457 167.096 169.484 168.561 169.844 154.424 127.982 158.899 163 159.868 -99.5609 154.908 42.2731 -92.0648 147.335 43.622 -97.5841 128.817 -23.0371 -75.7908 143.898 -39.8748 -50.2765 161.96 -26.6385 -87.0587 212.99 22.866 6.70033 12.8798 54.8662 
159.831 168.176 169.19 168.628 170.051 154.551 128.701 158.957 163.126 160.245 -100.413 155.015 42.9175 -92.3201 147.201 44.1797 -97.8897 128.827 -22.7474 -76.0145 143.7 -39.3042 -50.665 161.8 -26.449 -87.2891 212.98 23.2501 6.46472 12.6107 54.9369 
160.033 168.884 168.855 168.561 170.067 154.598 129.365 158.73 163.036 160.357 -100.949 154.751 43.4879 -92.3797 146.559 44.2183 -98.0549 128.779 -22.6932 -76.1942 143.59 -38.9713 -51.091 161.715 -26.5174 -87.482 212.715 23.5911 6.19814 12.3479 54.6969 
160.129 169.782 168.63 168.464 170.001 154.693 130.085 158.547 162.887 160.337 -101.479 154.486 44.0127 -92.4647 145.696 44.0889 -98.1927 128.632 -22.6085 -76.356 143.408 -38.6167 -51.498 161.579 -26.4959 -87.6624 212.428 23.9126 5.95561 12.093 54.1983 
160.152 170.306 168.49 168.37 169.846 154.931 130.87 158.373 162.647 160.086 -101.836 154.226 44.3923 -92.5556 144.871 43.7025 -98.3255 128.599 -22.4652 -76.6595 143.375 -38.2137 -52.043 161.629 -26.3485 -87.9123 212.295 24.1804 5.7378 11.8293 53.3953 
160.091 170.346 168.397 168.309 169.691 155.397 131.535 158.231 162.386 159.792 -102.083 153.912 44.694 -92.6166 144.089 43.2628 -98.3309 128.499 -22.3303 -76.8199 143.239 -37.7268 -52.49 161.623 -26.0695 -88.121 212.151 24.4437 5.48811 11.5219 52.5901 
160.003 170.204 168.257 168.2 169.43 155.722 131.887 158.058 162.016 159.361 -102.374 153.658 44.9309 -92.6472 143.542 42.7876 -98.3641 128.554 -22.3426 -77.0146 143.167 -37.2047 -52.9858 161.726 -25.7738 -88.3588 212.077 24.6724 5.22773 11.0633 51.9685 
159.859 170.421 168.155 168.12 169.255 155.9 132.219 157.946 161.739 159.105 -102.68 153.398 45.3329 -92.4452 142.745 42.3486 -98.081 128.261 -22.2373 -76.9786 142.813 -36.6971 -53.334 161.615 -25.581 -88.4983 211.817 24.8657 4.91452 10.6674 51.254 
159.636 170.174 168.047 168.012 169.137 156.183 132.065 157.783 161.447 158.833 -102.951 153.093 45.7394 -92.2184 142.344 42.119 -97.7519 128.014 -22.0955 -76.8217 142.443 -36.1071 -53.5042 161.403 -25.1894 -88.625 211.555 25.044 4.68929 10.2618 50.9089 
159.478 169.825 167.952 167.925 169.04 156.504 131.804 157.708 161.244 158.619 -103.337 152.816 46.0796 -92.021 142.025 41.9731 -97.4876 127.761 -22.007 -76.7039 142.096 -35.6011 -53.6945 161.196 -24.8396 -88.7757 211.287 25.2177 4.49012 9.87101 50.7021 
159.302 169.359 167.878 167.835 168.921 156.691 131.675 157.654 161.084 158.43 -103.824 152.695 46.387 -91.9067 141.61 41.8255 -97.2225 127.514 -21.8517 -76.5618 141.785 -35.1236 -53.8653 161.056 -24.538 -88.9552 211.052 25.4059 4.2977 9.54525 50.3646 
159.128 168.771 167.761 167.686 168.786 156.739 131.302 157.5 160.836 158.164 -104.56 152.642 46.6409 -91.9985 141.518 41.7311 -97.2716 127.52 -21.8848 -76.6642 141.689 -34.8525 -54.2052 160.984 -24.3269 -89.1706 210.914 25.5704 4.12334 9.27239 50.3271 
159.159 168.695 167.839 167.733 168.728 157.08 131.097 157.61 160.846 158.04 -105.25 152.693 46.8332 -92.1737 141.656 41.8559 -97.6174 127.776 -22.0506 -76.9392 141.906 -34.8042 -54.6301 161.249 -24.2194 -89.4944 211.015 25.7955 4.02585 9.08655 50.5769 
158.992 169.043 167.967 167.817 168.748 157.155 130.821 157.773 160.853 157.951 -105.897 152.797 46.7955 -92.4003 141.974 42.0168 -98.1837 128.135 -22.3937 -77.3539 142.095 -34.8263 -55.1465 161.446 -24.0942 -89.8343 211.088 25.9974 3.93431 8.84389 51.1332 
158.719 169.194 168.11 167.946 168.833 157.006 130.528 157.975 160.948 157.96 -106.468 152.985 46.8232 -92.6456 142.259 42.4882 -98.7287 128.246 -22.5232 -77.739 142.085 -34.8413 -55.557 161.413 -23.9102 -90.142 211.062 26.2124 3.91882 8.75484 51.7761 
158.541 169.523 168.313 168.104 168.993 156.95 130.623 158.201 161.117 158.1 -107.094 153.068 47.0775 -93.0105 142.301 43.1773 -99.2001 128.042 -22.3173 -78.1025 141.889 -34.8106 -55.8453 161.157 -23.6544 -90.4192 210.937 26.456 3.97573 8.92105 52.2227 
158.447 169.897 168.51 168.238 169.135 156.925 130.773 158.27 161.273 158.248 -107.602 152.997 47.3206 -93.4048 142.366 43.8546 -99.6825 127.939 -22.0029 -78.5847 141.799 -34.7797 -56.2145 160.933 -23.4657 -90.7028 210.793 26.6898 4.04115 9.15489 52.5977 
158.492 170.086 168.66 168.286 169.264 157.09 130.766 158.309 161.37 158.407 -108.01 152.685 47.558 -93.6137 142.341 44.4545 -99.9936 127.69 -21.6261 -78.9212 141.557 -34.5873 -56.4524 160.668 -23.2729 -90.9822 210.537 26.888 4.12176 9.27517 52.8865 
158.461 170.14 168.794 168.255 169.382 157.047 130.77 158.171 161.33 158.523 -108.385 152.322 47.7738 -93.8425 142.188 44.7772 -100.222 127.467 -21.2354 -79.2163 141.387 -34.4065 -56.7073 160.464 -23.1728 -91.2675 210.251 27.0534 4.14282 9.43353 52.912 
157.945 170.248 168.907 168.194 169.573 156.427 130.881 158.169 161.368 158.638 -108.537 152.213 48.1684 -94.128 141.964 45.423 -100.324 126.952 -20.4453 -79.4366 141.036 -34.0288 -56.8429 160.087 -22.7179 -91.5982 209.959 27.3114 4.2844 9.73552 52.8148 
156.51 170.069 168.841 168.098 169.682 155.299 131.017 157.925 161.275 158.585 -108.133 152.063 48.5603 -94.2263 141.626 45.7203 -100.244 126.474 -19.6566 -79.5815 140.66 -33.542 -57.0423 159.746 -22.2094 -91.9573 209.675 27.5273 4.34609 9.90048 52.4183 
153.985 169.756 168.805 168.053 169.757 153.7 131.25 157.754 161.184 158.497 -107.313 151.833 48.9166 -94.2345 141.086 45.9523 -100.021 125.721 -18.7734 -79.6605 140.061 -32.9983 -57.2366 159.29 -21.7096 -92.3345 209.273 27.7125 4.35927 10.0778 51.8156 
153.105 169.93 168.706 167.998 169.712 152.609 131.279 157.526 161.001 158.18 -107.378 151.636 49.6843 -94.3806 140.798 46.4024 -100.171 125.173 -17.9808 -79.9449 139.574 -32.4527 -57.5435 158.88 -21.1202 -92.7398 208.961 27.9465 4.4543 10.1871 51.5769 
152.648 169.748 168.705 167.968 169.69 151.705 130.58 157.41 160.828 157.958 -107.674 151.355 50.1095 -94.7402 141.116 46.8757 -100.812 124.996 -17.6491 -80.5637 139.348 -32.1815 -58.1733 158.764 -20.9028 -93.2697 208.785 28.1446 4.43971 10.1667 51.9511 
151.584 169.592 168.778 167.989 169.709 150.751 129.782 157.427 160.697 157.851 -108.068 151.147 50.1892 -95.4101 141.563 47.504 -101.788 124.894 -17.6448 -81.3517 139.093 -32.0297 -58.8285 158.594 -20.844 -93.7984 208.538 28.357 4.41091 10.0825 52.8073 
150.772 169.132 168.718 168.084 169.701 149.19 128.848 157.009 160.326 157.561 -108.833 150.811 50.4448 -96.7077 141.754 48.0158 -103.263 124.762 -17.3354 -82.7842 138.624 -31.2929 -60.1511 158.057 -20.3411 -94.852 208.055 28.8438 4.32541 9.79042 53.3359 
151.231 169.304 168.681 168.225 169.646 148.34 128.205 156.655 160.078 157.286 -108.674 150.639 50.4076 -97.029 142.176 47.9476 -103.949 124.908 -17.2031 -83.5218 138.552 -30.9317 -60.9267 157.999 -20.2164 -95.3294 208.041 28.9302 4.19575 9.56577 53.4714 
151.479 169.607 168.655 168.325 169.607 148.056 127.982 156.446 159.939 157.166 -109.026 150.621 50.7313 -97.6433 142.642 48.4736 -104.946 125.097 -16.7976 -84.5497 138.587 -30.4457 -61.8574 158.007 -19.9282 -95.997 208.158 29.205 4.18378 9.45789 53.8124 
151.993 169.611 168.724 168.458 169.703 148.111 127.985 156.554 160.011 157.355 -109.63 150.686 51.1728 -98.2883 143.136 49.2376 -105.856 125.306 -16.36 -85.4428 138.709 -30.0059 -62.6313 158.191 -19.6798 -96.6854 208.391 29.5483 4.20969 9.43229 54.2289 
151.891 169.709 168.826 168.594 169.949 147.683 127.7 156.853 160.195 157.648 -110.042 150.757 51.5689 -98.7612 143.635 50.2573 -106.562 125.085 -15.8505 -86.0722 138.416 -29.6637 -63.1057 157.947 -19.3488 -97.2493 208.303 29.8524 4.31311 9.55047 54.9721 
151.569 169.382 168.868 168.677 170.03 147.283 127.515 156.856 160.184 157.549 -110.447 150.719 51.7232 -99.2426 143.848 50.5374 -107.254 125.292 -15.8644 -86.5975 138.411 -29.4227 -63.5057 157.823 -18.9452 -97.7301 208.238 30.0941 4.43725 9.37414 55.417 
151.371 168.793 168.868 168.729 170.026 147.146 127.255 156.754 159.992 157.234 -110.975 150.789 51.811 -99.5846 144.132 50.3587 -107.888 125.879 -16.1323 -87.0663 138.764 -29.2053 -63.9786 158.08 -18.6115 -98.296 208.416 30.2455 4.51672 8.98507 55.647 
150.664 168.495 168.865 168.715 169.942 146.868 127.295 156.57 159.735 156.847 -111.391 150.996 51.8191 -99.9171 144.27 50.1305 -108.516 126.453 -16.2839 -87.6071 139.145 -29.001 -64.547 158.289 -18.2698 -98.8329 208.589 30.3789 4.57174 8.69815 55.6781 
150.245 168.132 168.85 168.698 169.833 146.772 127.45 156.391 159.483 156.533 -112.018 151.259 52.106 -100.232 144.403 50.0142 -109.04 126.871 -16.1017 -88.1902 139.499 -28.7041 -65.1566 158.585 -17.9736 -99.3838 208.868 30.5463 4.60831 8.55213 55.4176 
149.393 167.4 168.96 168.69 169.734 146.696 127.856 156.421 159.33 156.346 -112.335 151.367 52.4699 -100.401 143.976 49.7676 -109.104 126.839 -15.8478 -88.3624 139.614 -28.469 -65.4293 158.771 -17.7825 -99.7759 208.931 30.6796 4.62141 8.52904 54.7441 
148.723 167.099 169.044 168.633 169.573 146.605 128.167 156.383 159.083 155.951 -112.935 151.568 52.787 -100.735 143.71 49.3644 -109.261 127.102 -15.8391 -88.516 139.975 -28.3535 -65.7092 159.15 -17.537 -100.164 209.147 30.8204 4.63792 8.45498 54.1235 
147.682 167.315 169.079 168.607 169.406 146.35 128.456 156.346 158.875 155.607 -113.624 151.872 53.1119 -101.152 143.515 49.1127 -109.586 127.308 -15.8426 -88.7679 140.24 -28.3243 -66.0121 159.418 -17.3887 -100.523 209.312 30.9345 4.66558 8.45105 53.7152 
146.618 167.555 169.088 168.57 169.219 146.311 128.781 156.221 158.645 155.236 -114.213 152.111 53.2853 -101.528 143.338 48.7729 -109.955 127.634 -16.0177 -88.9661 140.594 -28.3636 -66.2738 159.699 -17.2573 -100.848 209.482 30.9905 4.71141 8.3966 53.4308 
145.282 168.243 169.136 168.549 169.062 146.246 129.197 156.102 158.439 154.843 -114.848 152.39 53.2961 -101.994 143.152 48.4109 -110.455 128.018 -16.3498 -89.2573 140.943 -28.5461 -66.5703 159.865 -17.1489 -101.107 209.591 30.9955 4.80467 8.35856 53.2934 
143.874 168.853 169.218 168.548 168.965 146.116 129.479 156.042 158.288 154.587 -115.403 152.678 53.0701 -102.483 143.023 48.0335 -110.9 128.331 -16.6892 -89.5762 141.18 -28.7596 -66.8848 159.916 -17.1303 -101.33 209.646 30.9513 4.85616 8.3276 53.1723 
142.44 169.567 169.301 168.578 168.944 146.051 129.629 156.037 158.25 154.47 -115.781 152.961 52.8908 -102.768 143.025 47.8517 -111.198 128.543 -16.91 -89.8 141.361 -28.9688 -67.1032 159.933 -17.1201 -101.499 209.673 30.9125 4.9239 8.36719 53.22 
140.824 170.213 169.422 168.622 168.933 146.01 129.803 156.087 158.212 154.356 -116.312 153.21 52.7182 -103.081 142.855 47.5133 -111.462 128.613 -17.1719 -90.083 141.532 -29.395 -67.4147 159.975 -17.3461 -101.803 209.627 30.7323 5.01348 8.50982 53.0975 
139.919 170.806 169.449 168.598 168.972 146.093 129.663 156.038 158.218 154.375 -116.536 153.278 52.5127 -103.233 142.943 47.5359 -111.615 128.67 -17.3605 -90.3461 141.599 -29.6828 -67.615 159.914 -17.5346 -101.887 209.534 30.6372 5.0634 8.59225 53.3722 
139.027 171.236 169.49 168.569 169.026 146.126 129.464 156.001 158.245 154.453 -116.781 153.435 52.3515 -103.38 143.204 47.6725 -111.865 128.864 -17.514 -90.7294 141.782 -29.955 -67.9274 159.95 -17.7572 -101.966 209.536 30.587 5.08047 8.67258 53.7573 
138.314 171.411 169.481 168.544 169.008 146.185 129.307 155.982 158.258 154.483 -117.11 153.624 52.2336 -103.675 143.428 47.753 -112.279 129.124 -17.8187 -91.129 142.009 -30.2795 -68.2321 160.066 -18.0113 -102.086 209.61 30.5327 5.10614 8.70103 54.151 
137.621 171.444 169.472 168.536 169.068 146.143 129.19 156.031 158.373 154.652 -117.31 153.77 52.2174 -103.88 143.579 47.9967 -112.591 129.139 -17.8872 -91.529 142.061 -30.5687 -68.474 160.02 -18.2571 -102.145 209.579 30.5012 5.16039 8.86543 54.4937 
137.02 171.438 169.473 168.554 169.159 146.027 129.153 156.085 158.548 154.853 -117.375 153.863 52.14 -103.912 143.673 48.2275 -112.736 129.043 -17.8717 -91.8498 142.053 -30.8586 -68.6675 159.905 -18.4676 -102.163 209.499 30.4498 5.2328 9.08213 54.7473 
136.756 171.218 169.463 168.572 169.204 145.877 129.133 156.087 158.679 154.995 -117.379 153.924 52.0965 -103.927 143.688 48.4172 -112.78 128.906 -17.7932 -92.0715 142.014 -31.0687 -68.7907 159.807 -18.634 -102.168 209.422 30.4137 5.28765 9.2849 54.8637 
136.727 170.926 169.427 168.571 169.223 145.725 129.098 156.012 158.756 155.126 -117.314 153.943 52.1017 -103.92 143.697 48.5974 -112.807 128.771 -17.6513 -92.2937 141.957 -31.1821 -68.9626 159.738 -18.8252 -102.201 209.35 30.3705 5.27383 9.44357 54.9241 
136.962 170.59 169.39 168.552 169.215 145.618 129.038 155.892 158.789 155.124 -117.184 154.013 52.0827 -103.921 143.801 48.7308 -112.908 128.805 -17.5695 -92.5023 142.036 -31.2541 -69.1387 159.791 -18.8911 -102.231 209.405 30.3411 5.30651 9.52552 55.0045 
137.405 170.284 169.359 168.548 169.223 145.505 129.024 155.778 158.844 155.141 -117.082 154.129 52.0464 -103.992 143.925 48.8024 -113.039 128.906 -17.5221 -92.6989 142.181 -31.3219 -69.2842 159.894 -18.9086 -102.301 209.527 30.3209 5.37143 9.59961 55.0451 
138.188 170.169 169.322 168.56 169.22 145.395 128.97 155.685 158.916 155.21 -117.06 154.213 52.0199 -104.118 144.112 48.9334 -113.193 128.989 -17.4567 -92.8977 142.305 -31.398 -69.4285 159.998 -19.0022 -102.373 209.637 30.2889 5.38258 9.70754 55.1508 
139.206 169.887 169.276 168.575 169.228 145.269 128.959 155.661 158.997 155.259 -116.946 154.201 51.9774 -104.125 144.172 48.9967 -113.224 128.999 -17.4076 -92.9816 142.357 -31.4427 -69.5019 160.053 -19.0433 -102.41 209.687 30.2677 5.39834 9.76584 55.171 
140.479 169.768 169.248 168.615 169.226 145.088 129.085 155.724 159.124 155.389 -116.79 154.164 51.9654 -104.141 144.129 49.1019 -113.27 128.914 -17.3331 -93.0447 142.32 -31.4935 -69.526 160.047 -19.1284 -102.416 209.696 30.2708 5.38961 9.85668 55.1599 
142.156 169.678 169.222 168.653 169.205 144.796 129.266 155.825 159.26 155.496 -116.683 154.131 51.9407 -104.236 144.042 49.1882 -113.394 128.798 -17.3025 -93.1475 142.248 -31.6012 -69.5389 160.001 -19.2315 -102.42 209.692 30.2506 5.41703 9.96598 55.1447 
144.017 169.595 169.208 168.66 169.171 144.562 129.238 155.808 159.293 155.492 -116.581 153.983 51.8903 -104.261 144.038 49.2081 -113.446 128.783 -17.3091 -93.2161 142.235 -31.6321 -69.592 160.008 -19.2641 -102.427 209.681 30.2519 5.40744 9.98113 55.171 
146.364 169.586 169.23 168.668 169.148 144.333 129.271 155.811 159.336 155.51 -116.553 153.942 51.8431 -104.361 144.166 49.2235 -113.62 128.946 -17.307 -93.3803 142.38 -31.625 -69.7531 160.155 -19.2746 -102.525 209.815 30.285 5.38682 9.97118 55.197 
150.098 169.362 169.223 168.62 169.084 144.202 129.247 155.727 159.257 155.421 -116.371 153.615 51.8695 -104.477 144.161 49.3164 -113.806 129.125 -17.1088 -93.6005 142.563 -31.3043 -70.0126 160.359 -19.0156 -102.775 209.9 30.5589 5.36981 9.86462 55.115 
153.766 169.246 169.218 168.569 169.045 144.226 129.212 155.654 159.109 155.267 -116.31 153.253 51.8186 -104.584 144.066 49.3054 -113.894 129.216 -16.9815 -93.6411 142.601 -30.9758 -70.1093 160.409 -18.7359 -102.916 209.898 30.7738 5.34955 9.70437 54.9761 
157.229 169.046 169.17 168.465 168.946 144.257 129.191 155.598 158.875 154.979 -116.353 153.043 51.8509 -104.815 144.013 49.311 -114.03 129.387 -16.8402 -93.7111 142.672 -30.526 -70.2722 160.468 -18.3016 -103.109 209.974 31.0311 5.32176 9.46906 54.7984 
160.081 168.938 169.136 168.398 168.889 144.557 129.289 155.57 158.655 154.805 -116.381 152.822 51.9754 -104.883 143.953 49.3795 -113.922 129.45 -16.4501 -93.6692 142.667 -29.8691 -70.3906 160.515 -17.8079 -103.295 210.062 31.2971 5.22687 9.23739 54.4405 
162.359 168.959 169.186 168.369 168.88 144.936 129.39 155.691 158.56 154.612 -116.457 152.563 52.2125 -104.916 143.844 49.5414 -113.89 129.419 -16.2044 -93.6287 142.633 -29.4518 -70.4702 160.513 -17.3724 -103.468 210.072 31.5384 5.24 9.08229 54.2867 
164.251 168.848 169.271 168.291 168.824 145.423 129.46 155.754 158.35 154.224 -116.496 152.201 52.5228 -104.827 143.673 49.6806 -113.723 129.336 -15.8877 -93.5535 142.584 -28.998 -70.558 160.479 -16.8395 -103.623 210.022 31.7728 5.30752 8.93143 54.0483 
165.619 168.523 169.373 168.221 168.763 145.841 129.572 155.726 158.108 153.804 -116.398 151.812 52.7364 -104.704 143.351 49.6471 -113.44 129.185 -15.5259 -93.4306 142.554 -28.6254 -70.5937 160.443 -16.3531 -103.733 209.92 32.0027 5.40959 8.88466 53.5641 
166.558 168.562 169.517 168.217 168.779 146.35 129.775 155.753 157.974 153.601 -116.342 151.412 52.9297 -104.535 143.063 49.6064 -113.149 129.05 -15.2259 -93.2898 142.511 -28.3191 -70.6059 160.411 -15.995 -103.821 209.815 32.1845 5.46747 8.84122 53.1541 
167.006 168.51 169.639 168.244 168.854 146.9 130.025 155.909 157.93 153.607 -116.311 151.037 53.4168 -104.362 142.711 49.8419 -112.651 128.544 -14.5476 -93.0259 142.157 -27.7689 -70.4923 160.156 -15.4911 -103.871 209.644 32.4166 5.46196 8.91159 52.6208 
166.504 168.616 169.799 168.295 168.915 147.412 130.351 156.073 157.925 153.531 -116.332 150.674 53.9478 -104.224 142.327 50.0556 -112.303 128.025 -14.0081 -92.7816 141.765 -27.37 -70.3961 159.802 -14.9267 -103.919 209.437 32.5968 5.56405 9.00449 52.2124 
165.405 168.615 169.92 168.309 168.969 147.898 130.521 156.243 157.908 153.336 -116.392 150.264 54.5589 -103.995 141.959 50.4507 -111.841 127.332 -13.2856 -92.5823 141.308 -27.0147 -70.3133 159.382 -14.3227 -103.97 209.132 32.7779 5.77086 9.26055 51.8364 
163.033 168.703 169.964 168.373 169.022 148.578 130.52 156.234 157.958 153.399 -116.591 150.009 55.1186 -103.896 141.85 50.8662 -111.586 126.844 -12.6416 -92.398 140.954 -26.5758 -70.195 159.09 -13.8207 -104.073 208.952 32.9937 5.83944 9.42217 51.6779 
160.335 169.114 169.984 168.454 169.109 149.243 130.43 156.153 157.963 153.32 -117.009 149.729 55.5885 -103.926 141.817 51.2469 -111.551 126.446 -12.1336 -92.4051 140.604 -26.2186 -70.2342 158.693 -13.2356 -104.231 208.72 33.2119 6.01851 9.54144 51.6624 
157.518 169.482 169.937 168.52 169.126 149.674 130.149 155.932 157.845 153.182 -117.514 149.616 55.9016 -103.995 141.859 51.5037 -111.437 126.131 -11.5685 -92.393 140.265 -25.7414 -70.3869 158.317 -12.6544 -104.449 208.507 33.4244 6.06919 9.59583 51.5158 
154.414 169.701 169.778 168.537 169.215 149.92 129.735 155.557 157.722 152.965 -118.004 149.561 56.1885 -104.068 141.952 51.8555 -111.389 125.808 -10.9788 -92.4618 139.891 -25.295 -70.5654 157.818 -11.9519 -104.666 208.223 33.618 6.29101 9.68671 51.5197 
151.664 169.681 169.528 168.475 169.198 149.892 129.036 155.015 157.421 152.595 -118.763 149.641 56.4069 -104.261 142.218 52.0731 -111.381 125.698 -10.4534 -92.6216 139.666 -24.834 -70.9577 157.411 -11.2577 -104.975 208.002 33.8147 6.45346 9.71987 51.4996 
149.089 169.592 169.331 168.387 169.086 149.878 128.243 154.406 156.968 152.155 -119.531 149.658 56.3652 -104.447 142.508 51.9925 -111.285 125.693 -10.0173 -92.778 139.506 -24.3516 -71.4729 157.119 -10.7091 -105.326 207.798 33.9212 6.48486 9.65079 51.2672 
146.645 169.156 169.035 168.306 168.853 149.833 127.605 153.83 156.439 151.682 -120.022 149.663 56.2698 -104.499 142.72 51.8572 -111.209 125.661 -9.53359 -92.9995 139.318 -23.8353 -72.163 156.862 -10.3135 -105.73 207.601 34.0004 6.38837 9.54886 50.9057 
144.969 168.486 168.794 168.198 168.53 149.899 127.35 153.342 155.813 151.233 -120.726 149.729 56.3858 -104.629 142.621 51.5289 -111.192 125.63 -8.95704 -93.2135 139.181 -23.2174 -72.9228 156.692 -9.92151 -106.186 207.509 34.1472 6.23627 9.41561 50.0796 
