165.662 127.321 180 171.767 172.422 160.244 94.148 153.926 168.859 170.027 -42.315 109.403 40.0795 -49.3554 116.969 37.8597 -57.3329 110.421 -10.4204 -74.753 150.266 -42.7766 -100.642 168.745 -26.3353 -58.5644 173.323 43.0881 12.106 40.0192 45.849 
165.394 127.245 180 172.018 172.607 159.804 93.7242 142.91 168.763 169.814 -42.2353 109.686 40.2547 -49.2495 117.502 38.1089 -57.5489 109.713 -4.95419 -74.4807 150.071 -42.6464 -100.381 168.518 -26.3512 -58.6122 173.542 43.0992 12.0477 44.2263 41.7433 
165.11 127.124 180 172.364 172.828 159.375 93.1684 130.666 168.718 169.644 -42.214 109.954 40.4635 -49.1809 118.048 38.3753 -57.7567 109.66 1.10459 -74.2327 149.84 -42.5053 -100.127 168.295 -26.3774 -58.6723 173.727 43.1038 12.0039 48.9338 37.2372 
164.919 127.071 180 172.643 172.979 159.064 92.6675 120.668 168.669 169.473 -42.2029 110.254 40.7216 -49.1891 118.586 38.649 -58.0308 110.225 6.48287 -74.0659 149.624 -42.3623 -99.9467 168.125 -26.4101 -58.7752 173.957 43.1105 11.9674 53.2 33.1508 
164.72 127.203 180 172.917 173.071 158.756 92.1895 112.92 168.661 169.335 -42.2745 110.541 40.9382 -49.2664 119.094 38.929 -58.524 111.186 11.2341 -73.9586 149.497 -42.254 -99.7984 168.025 -26.4267 -58.8788 174.171 43.1346 11.9062 57.1737 29.4045 
164.699 127.44 180 172.77 172.971 158.64 92.0158 108.036 168.555 169.165 -42.2524 110.77 41.1694 -49.412 119.443 39.1776 -58.763 112.117 14.2252 -73.9596 149.363 -42.1349 -99.78 167.911 -26.4203 -59.0168 174.38 43.164 11.8613 59.6673 27.0837 
164.735 127.843 180 172.459 172.761 158.597 91.9884 105.096 168.368 168.97 -42.2531 111.012 41.3566 -49.5872 119.714 39.4013 -58.8355 112.837 16.013 -74.0983 149.256 -42.0317 -99.9068 167.814 -26.4035 -59.2133 174.592 43.1686 11.8378 61.1436 25.8026 
164.81 128.281 180 172.132 172.528 158.588 91.9683 103.265 168.199 168.809 -42.2886 111.241 41.5232 -49.8266 119.994 39.6032 -59.072 113.404 17.4882 -74.2963 149.237 -41.9465 -100.103 167.815 -26.3665 -59.4388 174.819 43.1994 11.8287 62.3872 24.7141 
164.934 128.721 180 171.689 172.203 158.677 92.0595 102.038 167.987 168.606 -42.3802 111.552 41.7752 -50.1471 120.278 39.7602 -59.3505 113.927 18.6701 -74.5606 149.329 -41.7863 -100.391 167.927 -26.2582 -59.7193 175.141 43.272 11.8477 63.3329 23.8182 
165.461 132.392 178.425 169.856 171.317 159.139 93.6448 101.78 167.197 167.663 -43.3158 111.491 41.5171 -51.6115 120.009 39.6122 -61.9093 114.736 16.7653 -74.4261 150.236 -42.4118 -100.215 168.08 -25.9897 -60.1716 175.294 43.2458 11.1672 62.1735 24.6036 
165.788 135.494 180 169.451 170.875 159.472 94.7747 102.082 166.966 167.408 -44.1004 111.408 41.2552 -52.646 119.592 39.4977 -63.5281 115.48 13.5238 -74.4647 151.179 -43.0294 -100.273 168.493 -25.8464 -60.3833 175.248 43.2519 10.7969 59.7889 27.1165 
165.257 134.996 180 170.332 170.769 159.371 94.1707 101.771 167.829 166.793 -44.2608 111.516 41.4644 -53.7972 120.082 39.1329 -64.9198 116.19 14.313 -75.1777 151.952 -43.2435 -100.517 168.974 -25.757 -60.7463 175.599 43.3874 10.1885 60.7078 26.074 
164.611 134.829 180 171.556 170.698 159.003 93.2045 100.808 168.522 166.476 -44.5592 111.615 41.5912 -54.5875 120.546 38.9326 -65.9831 116.536 17.1853 -75.714 152.387 -43.3918 -100.811 169.24 -25.7312 -61.0037 175.752 43.4462 9.85677 63.7505 23.335 
164.072 134.883 161.2 172.532 170.716 158.667 92.3854 96.6944 168.962 166.312 -44.9669 111.553 41.4824 -55.3141 120.796 38.6652 -66.9804 118.187 22.3288 -76.2757 152.697 -43.4621 -101.113 169.433 -25.6859 -61.2011 175.703 43.507 9.59025 69.1789 18.3836 
163.387 134.971 142.568 173.492 170.906 158.153 91.5176 91.0926 169.326 166.172 -45.4008 111.648 41.476 -55.7908 121.062 38.5031 -67.6745 121.256 29.191 -76.7182 152.785 -43.3815 -101.3 169.447 -25.6162 -61.3644 175.639 43.5764 9.36538 76.8594 11.9987 
163.319 136.584 135.46 173.089 171.65 158.169 91.8731 91.1786 168.735 166.502 -46.0781 111.388 41.3539 -55.8046 120.554 38.5863 -68.1949 121.284 30.0918 -76.3712 152.695 -43.44 -101.343 169.254 -25.3547 -61.3805 175.155 43.5767 9.62939 78.376 10.9092 
163.361 138.292 140.181 172.624 171.856 158.178 92.4679 91.9699 168.343 166.588 -46.8924 111.233 41.0761 -55.9773 120 38.6034 -68.5438 120.301 29.5717 -76.1845 152.622 -43.5269 -101.393 169.096 -25.152 -61.4533 174.779 43.5889 9.76252 77.9881 11.267 
163.274 136.626 130.319 172.778 172.137 157.951 91.6382 91.1029 168.479 166.459 -46.8348 111.239 41.2543 -55.2748 119.897 38.9827 -66.7134 120.486 30.8341 -76.5345 151.712 -43.1101 -101.562 168.348 -25.02 -61.6222 174.524 43.5898 9.77601 78.9981 11.5132 
163.188 135.148 127.469 173.02 172.192 157.792 91.0819 90.815 168.623 166.491 -46.9115 111.26 41.4042 -54.8346 119.854 39.2012 -65.5782 120.362 31.7623 -76.9054 151.156 -42.7882 -101.843 168.005 -24.9946 -61.8132 174.381 43.6003 9.90463 79.7267 11.7432 
163.195 133.921 127.558 173.212 172.179 157.713 90.7705 90.7102 168.699 166.683 -46.9722 111.351 41.6527 -54.5356 119.828 39.3953 -64.8197 120.142 32.4504 -77.2426 150.768 -42.5061 -102.189 167.896 -25.0047 -62.0311 174.36 43.6535 10.1364 80.15 11.9427 
163.928 133.119 130.63 172.978 171.525 158.036 92.0177 94.1077 168.292 166.735 -47.5332 111.02 41.4091 -54.2033 118.908 39.503 -63.9777 117.42 29.2179 -77.155 150.492 -42.4841 -102.375 167.621 -24.8722 -62.0901 173.878 43.5711 10.4194 76.5227 14.6666 
164.591 133.567 157.458 172.72 170.765 158.407 93.4898 100.313 167.931 166.693 -48.1777 110.759 41.0386 -54.1234 117.995 39.6568 -63.5823 113.023 22.8398 -77.2504 150.405 -42.5 -102.627 167.551 -24.7651 -62.1976 173.534 43.5143 10.6212 69.7364 20.2403 
164.704 133.064 166.436 172.515 170.648 158.581 93.1411 103.677 167.927 166.784 -48.2305 110.891 41.1948 -54.2332 118.229 39.7106 -63.6003 112.017 19.4824 -77.7781 150.393 -42.2521 -103.026 167.803 -24.7703 -62.45 173.795 43.6312 10.6998 65.9443 23.2077 
165.317 133.309 179.649 171.878 169.91 158.918 94.2642 109.805 167.413 166.651 -48.7701 110.611 40.808 -54.2478 117.57 39.8291 -63.2453 110.349 12.7243 -77.9282 150.288 -42.2334 -103.28 167.708 -24.6685 -62.5794 173.503 43.576 10.8442 59.6297 29.0926 
165.86 134.427 180 171.354 169.197 159.255 95.3377 116.679 167.046 166.66 -49.3071 110.34 40.4242 -54.4663 116.917 40.0412 -63.12 110.082 5.35008 -78.3025 150.331 -42.2786 -103.682 167.812 -24.6199 -62.718 173.244 43.5415 10.9874 52.9657 35.6345 
165.853 133.994 180 171.055 169.22 159.481 94.6474 130.058 167.203 166.974 -49.1895 110.406 40.6935 -54.8184 117.323 40.076 -63.4511 109.522 -0.851186 -79.021 150.456 -42.1407 -104.19 168.237 -24.7316 -63.0247 173.553 43.6558 11.0393 47.5126 40.5912 
165.724 133.787 180 170.634 169.194 159.58 93.9653 141.094 167.173 167.381 -49.1276 110.514 40.9029 -55.1883 117.73 40.1179 -63.4972 109.107 -4.85919 -79.6152 150.465 -41.912 -104.692 168.631 -24.8223 -63.2897 173.813 43.7877 11.2269 44.1354 43.6066 
166.271 134.76 180 169.77 168.606 159.901 95.0856 150.764 166.502 167.139 -49.4119 110.352 40.6281 -55.3535 117.11 40.2504 -62.5957 109.263 -11.2547 -79.9589 150.364 -41.8509 -105.037 168.507 -24.631 -63.4415 173.557 43.7681 11.294 39.2764 48.6166 
166.08 134.347 180 169.32 168.607 159.949 94.5186 162.167 166.378 167.343 -49.2353 110.526 40.7891 -55.6449 117.485 40.1881 -62.5067 110.302 -15.5673 -80.5176 150.25 -41.5704 -105.495 168.697 -24.6686 -63.7008 173.805 43.886 11.4191 35.4999 51.7712 
165.797 133.992 180 168.92 168.624 159.891 93.9602 169.356 166.229 167.597 -49.0784 110.717 40.8315 -55.8464 117.881 40.0787 -62.4198 111.145 -17.7467 -80.9505 150.136 -41.3171 -105.886 168.851 -24.732 -63.9008 174.021 43.9566 11.5789 33.4124 53.3439 
165.499 133.66 180 168.629 168.707 159.724 93.4705 171.245 166.129 167.826 -48.9738 110.915 40.8378 -55.9197 118.211 39.9748 -62.5336 111.143 -17.7092 -81.2258 149.943 -41.1443 -106.13 168.865 -24.8442 -64.0531 174.187 43.9659 11.6994 33.2005 53.1239 
165.249 133.404 180 168.363 168.803 159.583 93.0922 170.028 166.042 168.011 -48.9337 111.054 40.8073 -55.984 118.463 39.8587 -62.6126 110.687 -16.6565 -81.4941 149.707 -41.0128 -106.35 168.779 -24.9417 -64.177 174.307 43.9436 11.7682 33.8669 52.1217 
165.064 133.275 180 168.142 168.857 159.493 92.8588 167.255 165.942 168.09 -48.9014 111.3 40.8186 -56.1144 118.799 39.7825 -62.6364 110.141 -15.1306 -81.7554 149.577 -40.8561 -106.576 168.761 -24.9826 -64.3179 174.54 43.9526 11.8152 34.9146 50.7842 
164.848 133.207 180 167.993 168.907 159.343 92.6889 163.193 165.879 168.127 -48.8224 111.587 40.907 -56.1734 119.102 39.7488 -62.7545 109.42 -12.9657 -81.9244 149.477 -40.7319 -106.743 168.722 -24.9976 -64.4331 174.773 43.97 11.8505 36.5266 48.9575 
165.295 135.729 180 167.34 168.732 159.885 94.9993 161.182 165.464 167.175 -48.8736 111.959 40.7823 -56.7341 118.409 39.4256 -62.5428 111.209 -14.9462 -81.7452 149.894 -40.8921 -106.432 168.477 -24.6282 -64.4682 174.965 44.1004 11.274 34.648 50.2027 
165.604 137.969 180 167.272 168.704 160.113 96.5433 168.5 165.204 166.471 -49.0023 112.375 40.671 -57.1482 118.017 39.295 -62.4779 115.232 -20.7726 -81.4284 150.227 -41.0864 -106.119 168.255 -24.3803 -64.468 175.113 44.1751 10.8653 29.1893 55.1093 
165.75 139.853 180 167.398 168.78 160.076 97.5823 167.104 165.035 165.975 -49.1698 112.807 40.5934 -57.428 117.833 39.3679 -62.3196 117.143 -22.933 -81.0101 150.422 -41.1972 -105.773 167.979 -24.1717 -64.4466 175.221 44.2479 10.5629 27.0142 57.1858 
165.791 141.451 168.331 167.573 168.885 159.944 98.2605 160.293 164.881 165.569 -49.3888 113.217 40.5969 -57.5721 117.791 39.5942 -62.3727 116.883 -21.58 -80.5186 150.514 -41.2329 -105.392 167.704 -24.0227 -64.4035 175.333 44.3155 10.3482 28.0355 56.2845 
165.595 142.667 157.207 167.822 169.143 159.491 98.4309 154.521 164.946 165.341 -49.6571 113.622 40.5939 -57.5729 117.984 39.9018 -62.8253 116.453 -18.9631 -79.8931 150.669 -41.345 -104.922 167.505 -23.9276 -64.3015 175.457 44.3608 10.1577 30.0905 54.5401 
164.955 143.665 142.219 168.623 169.668 158.755 98.2536 153.464 165.366 165.215 -50.0376 113.833 40.4552 -57.3085 118.137 40.0381 -62.8567 116.585 -16.9785 -78.9657 150.761 -41.5943 -104.265 167.234 -23.9036 -64.0603 175.419 44.3203 10.0302 31.6022 53.4083 
164.326 143.994 133.254 169.546 170.324 158.085 97.9712 155.589 165.764 165.222 -50.2764 113.912 40.3142 -56.8431 118.28 40.0123 -62.6828 116.75 -15.8402 -77.9487 150.815 -41.8405 -103.547 167.041 -23.9837 -63.7256 175.354 44.2521 10.0075 32.5599 52.6524 
163.652 144.198 147.359 170.606 171.024 157.47 97.533 162.181 166.21 165.463 -50.4528 113.833 40.2795 -56.2964 118.429 40.0535 -62.1592 116.604 -17.1155 -76.9181 150.842 -42.0566 -102.834 166.951 -24.1125 -63.3227 175.255 44.1816 10.0954 31.9722 53.5628 
163.172 144.108 180 171.747 171.588 157.119 97.0201 167.619 166.615 165.805 -50.4536 113.547 40.1954 -55.7923 118.529 40.0072 -61.5553 116.673 -18.5906 -76.03 151.015 -42.3071 -102.201 167.112 -24.251 -62.8386 175.084 44.1055 10.2475 31.2737 54.7176 
162.788 143.959 180 172.826 172.088 156.848 96.5282 163.989 167.043 166.194 -50.46 113.249 40.2348 -55.2887 118.576 39.979 -60.9355 114.526 -15.1142 -75.2072 151.245 -42.4753 -101.55 167.354 -24.301 -62.2926 174.936 44.0851 10.3591 34.9205 51.7499 
162.82 138.99 180 174.032 172.855 157.01 93.8123 152.525 167.922 166.286 -49.3381 112.756 40.7344 -53.9439 119.42 40.1303 -61.6569 107.724 -4.3555 -74.7874 150.849 -42.1978 -100.506 167.249 -24.4652 -61.7805 174.812 44.0257 10.0547 45.258 42.0971 
163.046 136.358 180 174.935 172.954 157.284 92.293 133.887 168.521 166.305 -48.0445 112.597 41.0838 -52.8542 120.063 40.3121 -62.938 103.577 10.9459 -74.4698 150.787 -41.8906 -99.8632 167.45 -24.5432 -61.2546 174.907 44.0303 10.0199 58.3783 29.6445 
163.709 134.7 180 174.532 172.392 157.909 91.6969 127.263 168.466 166.354 -46.6449 112.579 41.3239 -52.1021 120.589 40.3597 -62.3749 103.112 17.9552 -74.1888 150.862 -41.519 -99.4894 167.936 -24.6642 -60.803 175.257 44.0744 10.2601 63.9191 24.4275 
164.352 135.306 180 173.445 172.113 158.311 93.0463 122.276 168.187 166.647 -45.8424 112.457 41.1122 -51.8225 120.419 39.7783 -63.4668 104.386 21.6302 -73.1445 151.646 -42.0944 -98.735 168.595 -25.0593 -60.3344 175.541 43.8953 10.3194 67.6373 20.3456 
165.092 136.177 180 172.514 171.497 158.786 94.6633 119.587 168.045 166.988 -45.1088 112.114 40.6554 -51.5848 119.951 39.2152 -62.3848 105.505 19.7003 -72.2193 152.28 -42.8069 -97.9511 169.109 -25.5848 -59.8311 175.571 43.684 10.3137 66.6403 21.2864 
165.469 136.9 180 172.318 171.325 158.897 95.7282 119.096 168.012 167.39 -44.3925 111.704 40.1377 -51.2167 119.589 38.9416 -62.4723 106.284 16.5826 -71.1486 152.711 -43.5738 -97.0326 169.471 -26.1869 -59.2026 175.427 43.4362 10.3277 64.6514 22.9742 
165.137 139.741 180 171.853 171.056 158.437 95.4477 117.991 167.677 167.542 -43.5696 111.445 39.3045 -51.121 119.91 39.2318 -61.3191 107.59 14.6135 -70.6953 153.762 -44.6679 -96.5043 169.946 -26.8577 -58.5173 175.344 43.1222 9.99645 63.9797 25.531 
164.786 141.145 180 171.305 170.822 158.212 95.0155 118.178 167.154 167.868 -42.6754 110.803 38.4765 -50.9251 120.074 39.4781 -59.6291 108.047 11.9412 -70.3536 154.705 -45.6754 -96.2497 170.478 -27.4419 -57.6939 174.969 42.7983 9.99395 62.8402 28.9094 
165.369 137.34 180 171.193 170.84 159.004 93.821 123.128 167.677 168.898 -42.003 110.211 39.1468 -49.5922 120.177 39.6489 -55.0288 109.632 2.28581 -70.1223 154.135 -45.1783 -96.0954 170.736 -27.5642 -56.8477 174.797 42.7769 10.7098 53.5806 38.4176 
165.856 134.848 180 171.046 170.782 159.733 93.3628 126.642 168.168 169.566 -41.2801 109.472 39.4562 -48.2787 119.783 39.576 -52.487 110.83 -3.02306 -69.6898 153.587 -44.8133 -95.6802 170.83 -27.7329 -55.9412 174.411 42.7179 11.2694 48.4436 43.3761 
166.557 133.331 180 170.329 170.447 160.673 93.3274 137.008 168.387 169.974 -40.5452 108.937 39.6219 -47.358 119.42 39.4781 -50.7592 112.24 -11.3917 -69.2609 153.345 -44.3575 -95.3592 171.26 -27.8115 -55.1989 174.198 42.7512 11.9175 41.0586 50.0871 
167.53 132.091 148.261 169.808 170.172 161.805 93.1722 140.905 168.826 170.498 -39.4037 108.475 39.7954 -46.666 119.319 39.4416 -48.902 113.556 -15.2293 -68.949 153.505 -43.9832 -95.2778 171.905 -27.7522 -54.5714 174.069 42.8766 12.5326 37.6845 53.5311 
168.271 130.832 133.36 169.337 170.091 162.72 92.7673 140.588 169.409 171.117 -38.1829 107.982 39.6888 -45.9898 119.219 39.3104 -47.563 114.808 -17.3002 -68.5952 153.925 -43.7643 -95.2171 172.618 -27.6278 -53.877 173.755 42.9917 13.0856 35.9595 55.6473 
168.642 129.793 131.673 168.757 170.088 163.315 92.8021 141.323 170.037 171.91 -37.454 107.655 39.553 -45.2051 118.963 39.1845 -46.4269 115.699 -19.9438 -68.0085 154.431 -43.6572 -95.0227 173.374 -27.5781 -53.085 173.5 43.02 13.6703 34.1577 57.8046 
168.911 129.477 135.767 168.582 170.13 163.784 92.7323 141.416 170.796 172.784 -37.2427 106.903 39.2315 -44.6008 118.601 39.1879 -45.7186 115.994 -22.1339 -67.4126 154.901 -43.9898 -94.6781 174.074 -27.8362 -52.2377 173.019 42.7442 14.108 33.1928 59.8394 
169.05 129.515 141.04 168.487 170.073 164.114 92.6504 141.261 171.4 173.491 -37.2864 106.355 38.7414 -43.9745 118.532 39.1603 -45.143 116.691 -24.0862 -66.9087 155.654 -44.3493 -94.3307 174.973 -28.0605 -51.4384 172.756 42.4639 14.445 32.383 61.7519 
168.986 129.45 146.567 168.518 170.042 164.206 92.7922 140.231 171.857 174.011 -37.0558 106.14 38.2569 -43.107 118.51 38.8808 -44.5776 117.215 -25.0938 -66.4403 156.567 -44.8484 -94.0061 175.889 -28.3426 -50.652 172.695 42.1249 14.7027 32.4665 62.5178 
168.986 129.156 150.652 168.343 170.125 164.36 93.0325 139.566 172.195 174.44 -36.6922 105.843 37.8503 -42.3623 118.257 38.3802 -44.1413 117.728 -25.9721 -65.9924 157.404 -45.2798 -93.6003 176.762 -28.5943 -49.8822 172.543 41.8965 14.8867 32.5012 62.8493 
169.001 128.991 153.456 167.983 170.357 164.524 93.151 139.025 172.36 174.712 -36.0957 105.614 37.5878 -41.7124 118.006 37.883 -43.5765 118.221 -26.3964 -65.3461 158.04 -45.4543 -92.9614 177.465 -28.7175 -49.1435 172.384 41.8879 15.0231 32.4998 62.7955 
169.176 128.884 156.35 167.524 170.514 164.791 93.1714 139.21 172.347 174.849 -35.2591 105.589 37.5854 -41.2281 117.937 37.6804 -42.9374 118.685 -26.6937 -64.7061 158.373 -45.281 -92.4371 177.96 -28.5853 -48.4974 172.397 42.058 15.2247 32.1473 62.8873 
169.418 128.783 158.368 167.125 170.465 165.075 93.2758 139.537 172.394 174.89 -34.4669 105.105 37.5503 -40.7815 117.435 37.5648 -42.3732 118.965 -27.2174 -64.0875 158.473 -45.2259 -91.882 178.129 -28.5119 -47.7887 172.022 42.0872 15.3325 31.7038 63.4227 
169.447 128.831 157.851 166.957 170.209 165.192 93.1817 140.58 172.576 174.891 -33.9014 104.136 37.033 -40.2994 116.57 37.3599 -41.8463 119.328 -28.5533 -63.4242 158.448 -45.6161 -91.1513 177.98 -28.7749 -46.9813 171.127 41.7594 15.2332 30.9264 64.9287 
169.208 129.1 156.066 167.061 170.089 165.136 93.1195 142.059 173.087 175.105 -33.5684 103.21 36.1536 -39.8019 115.736 36.9355 -41.2476 120.042 -30.2946 -62.7595 158.99 -46.4151 -90.3667 178.138 -29.2711 -46.1902 170.216 41.2616 14.9589 30.3149 66.7447 
168.661 129.625 154.922 167.088 170.071 164.792 93.2247 143.43 173.196 175.239 -33.0242 102.901 35.9589 -39.108 115.264 36.8712 -40.2996 120.238 -31.2848 -61.7517 159.146 -47.1219 -89.3558 178.039 -29.8732 -45.4407 169.789 40.8837 14.754 30.067 67.8402 
169.15 128.268 151.067 166.979 170.305 165.407 96.3785 144.962 172.065 174.958 -31.3231 102.56 35.8914 -37.3984 113.816 35.0233 -37.1884 121.563 -33.8867 -59.3606 159.818 -48.128 -87.822 178.218 -30.3408 -43.9609 169.681 40.6821 15.0366 28.8578 67.5532 
168.511 127.957 160.933 166.833 170.201 165.063 97.3892 145.677 172.091 174.976 -31.1094 102.781 35.6677 -37.1148 113.553 34.3184 -36.772 121.573 -34.2124 -58.6557 159.8 -48.2734 -86.9147 178.371 -30.6772 -43.5028 169.868 40.4613 14.9381 28.6751 66.8132 
169.227 127.578 166.074 166.931 170.65 165.445 100.148 147.361 170.896 174.518 -30.2836 102.842 35.1455 -36.0835 112.411 32.3548 -34.948 122.365 -35.3175 -57.2561 159.921 -48.4244 -85.9602 178.336 -30.5466 -42.782 169.963 40.7177 15.1032 27.7353 64.9434 
168.641 126.362 171.075 166.66 170.287 165.116 100.932 148.423 170.929 174.388 -29.9597 102.675 34.4235 -35.6967 111.897 31.5573 -34.6292 122.27 -35.559 -56.597 159.121 -48.2032 -84.9873 177.695 -30.6523 -42.1663 169.661 40.4648 14.9446 27.0672 64.4213 
168.245 125.383 170.58 165.86 169.839 164.716 101.553 148.473 170.794 174.182 -29.556 102.489 34.0525 -35.3295 111.51 31.3189 -34.1993 121.992 -35.6259 -55.9869 157.988 -48.0044 -83.8914 176.778 -30.8303 -41.548 169.356 40.1657 14.6998 26.3981 64.4552 
168.18 124.351 161.402 164.865 169.412 164.548 102.047 150.368 170.861 174.112 -29.0452 101.994 33.6818 -35.1008 111.085 31.3704 -33.4577 122.438 -36.7816 -55.2722 157.004 -47.9777 -82.7097 175.909 -31.107 -40.8899 168.885 39.8542 14.41 24.9025 65.9578 
168.213 123.729 154.487 163.686 168.904 164.414 102.373 152.572 170.779 174.022 -28.1963 101.493 33.569 -34.8551 110.723 31.6103 -32.4941 123.319 -38.4865 -54.5268 156.137 -48.1201 -81.67 175.087 -31.4784 -40.2281 168.445 39.5132 14.1852 23.0189 68.2149 
168.306 123.609 149.704 162.838 168.509 164.212 102.344 153.961 170.932 174.144 -27.0737 101.01 33.7347 -34.6336 110.487 32.0082 -31.5891 124.219 -40.0503 -53.7878 155.725 -48.4674 -80.7562 174.639 -31.9021 -39.558 168.052 39.2355 13.9854 21.5573 70.5316 
168.405 123.625 147.211 162.379 168.101 164 101.972 154.808 170.939 174.075 -26.0792 100.964 33.9867 -34.6119 110.651 32.3216 -30.9013 125.164 -41.4657 -53.2615 155.555 -48.805 -80.012 174.517 -32.2603 -38.9791 167.994 39.0329 13.7751 20.2331 72.5046 
168.372 123.174 147.73 162.249 167.808 163.735 101.379 155.727 170.805 173.852 -25.1662 101.341 34.2919 -34.6063 111.221 32.6348 -30.2894 126.115 -42.7353 -52.7541 155.501 -48.9533 -79.3732 174.578 -32.3877 -38.4358 168.244 38.995 13.647 18.9509 74.1267 
168.019 122.7 151.132 162.234 167.565 163.252 100.908 156.404 170.4 173.454 -24.2183 102.208 34.5469 -34.2799 112.024 32.9559 -29.5169 127.081 -43.651 -52.1254 155.413 -48.7418 -78.751 174.564 -32.1622 -37.9032 168.771 39.1907 13.6132 17.7312 75.1977 
167.445 122.79 155.713 162.22 167.445 162.591 100.95 156.305 169.756 173.009 -23.2529 103.224 34.602 -33.4268 112.517 33.0083 -28.5143 127.517 -43.7682 -51.4043 155.245 -48.3776 -78.1716 174.353 -31.7863 -37.332 169.327 39.4206 13.6772 17.2356 75.0789 
166.925 123.463 160.93 162.01 167.259 161.92 101.619 156.34 168.829 172.431 -22.328 103.957 34.6383 -32.3167 112.396 32.9992 -27.4153 127.56 -43.5849 -50.4269 154.566 -47.753 -77.331 173.642 -31.2357 -36.6082 169.604 39.7633 13.7599 16.6944 74.4163 
166.984 125.154 162.786 161.475 165.991 161.473 102.542 154.638 166.903 170.652 -22.0979 104.611 34.2936 -31.3906 112.099 32.4086 -26.5683 127.557 -43.3349 -49.7173 153.766 -47.0044 -76.5304 172.298 -30.2327 -35.8393 169.654 40.0752 13.3917 16.1462 73.2679 
166.779 126.355 162.107 161.229 164.904 160.684 103.565 152.645 164.958 168.825 -21.8986 105.053 34.2828 -30.3068 111.606 31.9918 -25.6668 126.999 -42.8275 -48.5645 152.43 -46.4231 -75.1951 170.478 -29.6278 -34.9541 169.469 40.2556 12.9002 15.643 72.0634 
166.185 127.521 160.261 160.97 164.116 159.792 104.135 151.072 163.396 167.352 -21.845 105.198 34.2539 -29.6152 111.126 31.8438 -24.8047 126.562 -42.7994 -47.4808 151.437 -46.3331 -73.8652 169.171 -29.4105 -34.1319 169.138 40.1653 12.4544 15.2089 71.8468 
164.938 128.622 158.891 160.915 163.542 158.196 103.971 148.915 161.678 165.532 -20.9859 106.305 33.4911 -28.5218 111.717 31.085 -23.4731 126.788 -43.1814 -45.8511 151.408 -46.7417 -71.9719 168.699 -29.5327 -32.7977 169.448 39.8624 11.9006 14.9881 71.2128 
164.173 129.613 157.805 161.322 163.888 157.569 104.282 148.137 161.392 165.276 -20.3726 106.702 33.4728 -27.9073 111.721 30.9266 -22.8433 126.376 -42.9536 -45.0284 151.431 -47.1311 -71.273 168.63 -29.8669 -32.2498 169.629 39.732 11.8464 15.4516 70.4797 
163.271 130.868 156.562 161.2 163.935 157.021 105.633 146.975 161.093 165.199 -19.6139 106.948 33.4994 -26.6349 111.077 30.1493 -22.0581 125.384 -42.0002 -43.9748 151.484 -47.3117 -70.5564 168.718 -30.0643 -31.5534 169.74 39.7153 12.1659 16.6705 68.1163 
162.486 132.478 155.249 161.119 164.3 156.533 106.539 144.788 160.686 165.316 -18.9656 106.686 33.4723 -25.6846 109.966 29.6432 -21.4265 123.735 -40.6294 -43.1413 151.013 -47.2758 -70.0065 168.376 -30.0492 -30.8026 169.27 39.6495 12.4992 18.0709 66.1677 
161.731 133.654 155.215 161.106 164.604 156.043 107.157 143.688 160.346 165.322 -18.3643 106.464 33.188 -24.8376 108.95 28.9652 -20.7132 122.745 -40.2732 -42.4461 150.682 -47.4352 -69.3648 168.104 -30.0768 -30.0276 168.688 39.5879 12.6309 18.7858 65.0526 
161.132 134.151 155.03 160.954 164.866 155.465 107.743 143.89 160.254 165.346 -17.6539 106.559 32.6795 -24.1979 108.395 28.089 -19.7493 123.003 -41.0882 -41.7916 150.692 -47.8397 -68.5927 167.97 -30.2503 -29.3348 168.406 39.3433 12.4826 18.4752 65.0067 
160.662 134.403 154.789 160.933 165.058 155.059 108.224 144.649 160.281 165.339 -16.9677 106.57 32.2677 -23.729 107.959 27.3307 -18.7278 123.402 -42.2225 -41.0133 150.592 -48.3412 -67.6719 167.81 -30.5724 -28.6424 168.199 39.0636 12.2699 17.7945 65.2882 
160.487 134.726 154.199 161.128 165.212 155.18 107.851 145.2 160.49 165.425 -16.1152 106.233 32.0321 -23.5047 107.955 27.4789 -17.8447 123.63 -42.9454 -40.0118 150.742 -48.85 -66.6329 168.011 -31.1103 -27.947 168.039 38.8186 12.1336 17.4577 66.1878 
160.463 135.204 153.818 161.504 165.478 155.455 106.71 145.855 160.776 165.676 -15.0796 105.945 31.9 -23.1738 108.369 28.242 -16.9867 123.728 -43.4464 -38.9892 150.91 -49.2851 -65.6883 168.314 -31.6016 -27.2342 167.97 38.6645 12.1492 17.3067 67.4971 
160.617 134.885 153.603 162.003 165.858 155.987 105.853 146.352 161.135 166.128 -14.0771 105.373 32.1249 -22.6236 108.414 28.8054 -16.113 123.385 -43.5667 -37.9286 150.83 -49.5487 -64.8516 168.527 -31.9742 -26.4855 167.742 38.6857 12.3584 17.3628 68.1428 
160.679 134.858 153.586 162.545 166.253 156.504 105.886 146.352 161.454 166.606 -13.1008 104.823 32.6161 -21.6225 107.879 28.972 -15.0468 122.646 -43.2296 -36.7285 150.549 -49.6884 -64.0662 168.52 -32.2207 -25.6562 167.442 38.8264 12.7192 17.7605 67.7968 
160.503 135.152 154.488 162.907 166.563 156.663 106.254 145.814 161.563 166.782 -12.1722 104.614 32.7943 -20.5199 107.307 28.8016 -13.9233 121.807 -42.7504 -35.4785 150.246 -49.8008 -63.1548 168.311 -32.4754 -24.8123 167.204 38.8497 12.9453 18.3225 66.9445 
160.237 134.794 157.479 163.149 166.842 156.64 106.508 145.991 161.602 166.809 -11.1655 104.917 32.3229 -19.7253 107.135 28.0996 -12.7053 121.798 -43.1317 -34.2949 150.347 -50.0663 -62.1248 168.354 -32.8453 -24.0685 167.174 38.6477 12.9688 18.3228 66.5234 
159.937 134.451 160.385 163.462 167.118 156.337 106.803 146.389 161.847 166.896 -10.0186 105.659 31.5448 -18.8679 107.393 27.2931 -11.4892 122.172 -43.73 -33.1492 150.576 -50.3502 -60.9599 168.28 -33.153 -23.3774 167.412 38.3779 12.7479 18.1387 66.1489 
159.673 134.21 162.522 163.966 167.413 155.932 106.968 146.803 162.194 166.965 -8.8543 106.555 30.9983 -17.9319 107.9 26.829 -10.3103 122.415 -44.0702 -32.0178 150.728 -50.5624 -59.7697 168.11 -33.3484 -22.7167 167.842 38.2393 12.4479 18.0472 65.6925 
159.456 134.438 163.594 164.456 167.61 155.724 106.9 146.879 162.464 166.928 -7.76931 106.939 30.9666 -16.909 108.165 26.9987 -9.19551 122.198 -43.861 -30.8573 150.538 -50.5242 -58.5849 167.646 -33.2988 -21.982 168.04 38.2917 12.1945 18.1483 65.4202 
