154.801 150.702 158.051 165.937 170.407 164.377 109.882 172.422 166.844 169.541 29.5427 169.873 63.9758 21.9167 151.254 57.2309 36.6444 138.457 -13.9628 11.2116 116.842 -24.533 -18.7727 97.5394 -11.0714 -36.2305 158.378 43.8658 14.4954 16.8376 66.7048 
154.522 150.745 158.472 166.381 170.419 164.229 109.765 172.495 167.202 169.522 29.3714 169.876 63.9831 21.5671 151.01 57.191 36.4662 138.242 -14.0663 11.0432 116.937 -24.8753 -18.9822 97.4994 -11.2711 -36.4231 158.332 43.7201 14.4787 16.8338 66.7831 
154.405 150.704 159.118 166.97 170.434 164.216 109.748 172.511 167.585 169.487 29.2983 169.899 64.0996 21.2303 150.741 57.1525 36.3447 138.084 -14.1066 10.8921 117.174 -25.2596 -19.2455 97.5909 -11.5434 -36.6211 158.368 43.5602 14.4967 16.8696 66.7668 
154.441 150.579 159.847 167.603 170.445 164.331 109.729 172.554 167.991 169.481 29.246 170 64.2148 20.918 150.555 57.0191 36.2422 138.003 -14.0991 10.7826 117.462 -25.6624 -19.4412 97.6826 -11.8357 -36.8363 158.377 43.3968 14.5299 16.9667 66.6238 
154.669 150.592 160.75 168.361 170.515 164.627 109.938 172.628 168.41 169.511 29.2788 170.098 64.3182 20.6366 150.333 56.9574 36.1434 137.937 -14.0874 10.6609 117.749 -26.0696 -19.6544 97.7729 -12.1123 -37.0554 158.396 43.2535 14.57 17.0853 66.4867 
155.012 150.718 161.423 169.062 170.615 164.993 110.116 172.776 168.782 169.559 29.3308 170.178 64.3512 20.4106 150.137 56.8177 36.0385 137.799 -14.112 10.4616 117.881 -26.457 -19.9065 97.7124 -12.2653 -37.273 158.369 43.1056 14.6077 17.2557 66.3286 
155.5 150.941 161.847 169.63 170.701 165.388 110.351 172.93 169.025 169.592 29.3768 170.301 64.3233 20.2485 150.04 56.6157 35.901 137.703 -14.1589 10.2766 117.901 -26.7069 -20.0932 97.5162 -12.271 -37.5117 158.287 42.9608 14.6644 17.3845 66.1445 
156.129 151.32 162.101 170.032 170.795 165.795 110.7 173.046 169.146 169.637 29.4238 170.365 64.432 20.083 149.957 56.5371 35.7443 137.596 -14.1981 10.087 117.836 -26.7823 -20.3136 97.278 -12.1405 -37.7666 158.228 42.8524 14.7531 17.4382 66.0757 
156.765 151.653 162.269 170.214 170.865 166.122 110.9 173.05 169.16 169.635 29.4323 170.455 64.4867 19.9054 150.004 56.4453 35.5876 137.559 -14.1757 9.93045 117.68 -26.6905 -20.4775 97.0391 -11.9109 -38.0254 158.17 42.8016 14.8124 17.459 65.9735 
157.419 152.005 162.255 170.217 170.927 166.403 111.092 173.02 169.098 169.639 29.3804 170.487 64.5544 19.7375 150.138 56.3938 35.4347 137.575 -14.1105 9.82858 117.488 -26.4092 -20.5986 96.8088 -11.5772 -38.2957 158.163 42.7746 14.8799 17.3975 65.8833 
158.053 152.32 162.049 169.991 170.943 166.654 111.151 173 168.953 169.636 29.2232 170.528 64.5923 19.4979 150.372 56.4101 35.2862 137.727 -13.972 9.80861 117.277 -25.9759 -20.5959 96.5829 -11.229 -38.586 158.095 42.776 14.9352 17.3031 65.8577 
158.509 152.513 161.694 169.632 170.918 166.84 111.164 172.98 168.741 169.622 28.9838 170.724 64.5711 19.2523 150.656 56.4052 35.1234 137.956 -13.8793 9.8224 117.104 -25.5305 -20.5538 96.3951 -10.9594 -38.879 158.008 42.7606 15.0038 17.1721 65.8537 
158.903 152.754 161.23 169.15 170.89 166.978 111.174 173.023 168.514 169.648 28.7095 170.71 64.5387 19.0381 150.93 56.4467 34.9838 138.176 -13.8387 9.83394 116.843 -25.0784 -20.4885 96.1497 -10.6938 -39.132 157.867 42.7257 15.0595 17.0492 65.9593 
159.126 152.935 160.656 168.576 170.821 167.043 111.132 173.042 168.213 169.648 28.3625 170.61 64.4744 18.8186 151.147 56.5021 34.8321 138.336 -13.8226 9.81536 116.539 -24.6397 -20.4522 95.8799 -10.4572 -39.3757 157.685 42.6848 15.1095 16.9268 66.1045 
159.212 153.086 159.992 167.961 170.711 167.02 111.046 173.021 167.863 169.629 27.9692 170.464 64.4118 18.609 151.388 56.5272 34.6312 138.461 -13.8165 9.74683 116.248 -24.2101 -20.4922 95.637 -10.2365 -39.627 157.537 42.6553 15.1748 16.7987 66.2227 
159.183 153.229 159.349 167.39 170.571 166.96 111.001 172.918 167.491 169.571 27.5725 170.206 64.3716 18.4003 151.474 56.5532 34.3879 138.438 -13.7832 9.61021 115.955 -23.831 -20.6406 95.3982 -10.0619 -39.8805 157.374 42.621 15.25 16.6753 66.2957 
158.913 153.354 158.742 166.979 170.458 166.8 110.955 172.881 167.223 169.537 27.1212 169.74 64.2461 18.1468 151.484 56.5264 34.0036 138.355 -13.8457 9.29084 115.745 -23.599 -20.9529 95.2006 -9.92922 -40.1628 157.215 42.5909 15.3241 16.5749 66.4187 
158.505 153.404 158.836 166.896 170.387 166.598 111.023 172.913 167.161 169.562 26.6764 169.397 64.1211 17.9166 151.445 56.4779 33.5925 138.294 -13.9891 8.91359 115.677 -23.5725 -21.3242 95.0427 -9.88902 -40.4498 157.07 42.5884 15.4164 16.5185 66.5309 
158.008 153.386 158.836 166.975 170.306 166.349 110.976 172.915 167.188 169.571 26.2398 169.021 64.1168 17.6752 151.322 56.4724 33.1947 138.166 -14.065 8.51658 115.678 -23.5846 -21.7581 94.9341 -9.84445 -40.7172 156.963 42.6328 15.509 16.4692 66.6328 
157.372 153.288 158.634 167.22 170.206 166.061 110.831 172.848 167.252 169.557 25.8363 168.765 64.0604 17.4323 151.193 56.4353 32.8552 138.027 -14.1389 8.20899 115.758 -23.7117 -22.16 94.8516 -9.95532 -40.9533 156.852 42.6479 15.634 16.4175 66.6878 
156.706 153.187 158.209 167.55 170.096 165.748 110.693 172.702 167.331 169.484 25.4743 168.634 64.0174 17.1411 150.993 56.4606 32.5355 137.827 -14.1767 7.92696 115.831 -23.8819 -22.5835 94.8127 -10.125 -41.1962 156.759 42.6516 15.7296 16.3564 66.7449 
156.08 153.184 158.204 167.788 170 165.424 110.477 172.441 167.302 169.356 25.139 168.517 64.0286 16.8039 150.705 56.5152 32.2026 137.43 -14.1789 7.59112 115.668 -23.9633 -23.0741 94.6331 -10.1745 -41.4677 156.678 42.671 15.7699 16.2655 66.7905 
155.525 153.314 158.534 168.048 169.991 165.167 110.342 172.229 167.342 169.298 24.832 168.288 64.0206 16.4693 150.364 56.5855 31.8096 136.886 -14.2301 7.11956 115.325 -24.0591 -23.6706 94.3534 -10.1367 -41.7487 156.61 42.6879 15.7551 16.2013 66.887 
155.007 153.405 158.924 168.323 170.003 165.039 110.183 172.014 167.41 169.247 24.569 168.073 63.9978 16.1529 150.028 56.5687 31.4492 136.342 -14.2698 6.69725 114.965 -24.2011 -24.1762 94.0579 -10.1307 -42.0187 156.494 42.654 15.709 16.1722 66.8989 
154.601 153.629 159.313 168.54 170.065 164.983 110.149 171.929 167.543 169.234 24.333 167.813 63.9052 15.919 149.798 56.4435 31.0695 135.875 -14.4078 6.24034 114.563 -24.3759 -24.5997 93.7187 -10.0524 -42.2892 156.347 42.5664 15.6099 16.178 66.8861 
154.195 154.003 159.675 168.768 170.189 164.863 110.23 171.981 167.746 169.292 24.0605 167.306 63.9043 15.703 149.523 56.3903 30.6618 135.32 -14.5423 5.66694 114.082 -24.5056 -25.1315 93.3896 -9.83076 -42.5701 156.282 42.5158 15.4748 16.2109 66.9226 
153.877 154.51 159.856 168.814 170.294 164.756 110.365 172.029 167.833 169.341 23.7514 166.822 63.941 15.4423 149.355 56.4019 30.2413 134.886 -14.7173 5.14898 113.558 -24.487 -25.5528 92.9972 -9.47187 -42.8948 156.185 42.4659 15.3428 16.1722 67.0817 
153.443 155.035 159.916 168.625 170.346 164.546 110.422 172.003 167.797 169.323 23.3584 166.386 63.9401 15.1024 149.351 56.4441 29.7896 134.569 -14.8868 4.63526 113.053 -24.3368 -25.927 92.6745 -9.02956 -43.2646 156.126 42.4266 15.1828 16.0919 67.3012 
153.083 155.501 159.937 168.348 170.348 164.393 110.449 172 167.687 169.251 22.9754 165.985 63.9005 14.7296 149.402 56.5275 29.3885 134.432 -15.1127 4.24428 112.666 -24.1414 -26.193 92.4465 -8.61683 -43.6061 156.057 42.3678 15.0512 15.9429 67.6364 
152.782 155.905 159.941 168.096 170.315 164.283 110.545 172.023 167.59 169.211 22.5903 165.719 63.8873 14.3994 149.583 56.6816 29.1147 134.542 -15.3402 4.05158 112.506 -24.0215 -26.2694 92.3125 -8.38039 -43.9099 155.943 42.281 14.9792 15.8078 68.0186 
152.518 156.296 159.96 167.922 170.294 164.164 110.713 172.026 167.511 169.207 22.2207 165.422 63.8731 14.1576 149.79 56.8395 28.9461 134.729 -15.5508 4.00534 112.409 -23.9335 -26.23 92.174 -8.25601 -44.1728 155.809 42.1852 14.9482 15.6783 68.3315 
152.114 156.429 159.948 167.849 170.248 163.921 110.824 171.997 167.454 169.204 21.8421 165.302 63.747 13.9733 149.983 56.7898 28.7405 134.969 -15.7948 3.94563 112.402 -23.9524 -26.2396 92.07 -8.30715 -44.4372 155.689 42.0828 14.969 15.5681 68.432 
151.669 156.408 159.822 167.875 170.192 163.546 110.909 172.024 167.42 169.204 21.4247 165.12 63.6998 13.851 150.06 56.6351 28.4694 135.134 -16.0717 3.78363 112.407 -24.0305 -26.3827 91.9633 -8.41511 -44.7159 155.617 42.024 15.0095 15.4517 68.405 
151.12 156.353 159.692 167.968 170.131 163.164 111.117 172.03 167.396 169.172 21.0753 164.834 63.6986 13.8354 149.863 56.3928 28.1333 135.102 -16.4095 3.47876 112.298 -24.17 -26.7504 91.7768 -8.57368 -44.9593 155.552 41.9622 15.091 15.3292 68.2924 
150.518 156.118 159.58 168.119 170.03 162.723 111.256 171.962 167.407 169.096 20.7505 164.601 63.8165 13.8472 149.476 56.0677 27.768 134.968 -16.7025 3.07049 112.15 -24.3336 -27.2612 91.5938 -8.74301 -45.1915 155.514 41.9397 15.167 15.236 68.0541 
149.939 155.926 159.177 168.196 169.886 162.233 111.418 171.937 167.34 168.918 20.4269 164.111 63.8749 13.8843 148.86 55.583 27.2442 134.532 -17.045 2.40374 111.823 -24.4696 -28.0421 91.3632 -8.7729 -45.4452 155.532 41.8892 15.2061 15.1237 67.7167 
149.408 155.785 158.727 168.166 169.701 161.713 111.536 171.808 167.206 168.656 20.0979 163.65 63.9418 13.8639 148.171 55.0492 26.5893 133.975 -17.3344 1.53295 111.394 -24.4976 -29.0139 91.1417 -8.61169 -45.7309 155.634 41.8975 15.2118 15.0321 67.3353 
148.893 155.787 158.294 168.01 169.454 161.236 111.579 171.523 166.969 168.277 19.784 163.38 63.9215 13.7522 147.489 54.5141 25.8924 133.371 -17.5647 0.610142 110.89 -24.4298 -30.0269 90.8919 -8.32734 -46.0357 155.746 41.894 15.2097 14.9471 66.9618 
148.502 155.954 158.068 167.838 169.197 160.82 111.507 171.118 166.685 167.833 19.4939 163.265 63.8233 13.513 146.892 54.0956 25.1611 132.792 -17.7262 -0.349002 110.403 -24.3013 -31.0795 90.7021 -8.00899 -46.3665 155.885 41.9279 15.196 14.8726 66.6701 
148.231 156.495 158.214 167.626 168.936 160.511 111.259 170.702 166.357 167.352 19.1992 163.077 63.752 13.0504 146.281 53.9176 24.4692 132.114 -17.7955 -1.26831 109.819 -24.0304 -32.1852 90.5374 -7.56925 -46.7416 156.051 41.9726 15.1719 14.7566 66.5716 
148.172 157.244 158.631 167.468 168.714 160.438 110.719 170.333 166.065 166.906 18.9648 163.093 63.6941 12.4919 145.885 53.8547 23.9289 131.612 -17.8429 -2.02149 109.386 -23.81 -33.1783 90.4887 -7.24485 -47.1238 156.26 41.9953 15.172 14.6508 66.5453 
148.365 158.258 159.314 167.213 168.604 160.619 110.093 169.995 165.709 166.56 18.7045 163.347 63.5815 11.8334 145.786 53.9164 23.474 131.309 -17.8118 -2.5912 109.053 -23.4487 -33.9437 90.4941 -6.89586 -47.5724 156.489 42.0388 15.1644 14.5258 66.5744 
148.694 159.223 160.064 166.919 168.545 160.899 109.527 169.683 165.337 166.262 18.4077 163.643 63.6346 11.1773 145.861 54.1559 23.1732 131.169 -17.6031 -2.99216 108.906 -22.9677 -34.5744 90.6516 -6.53667 -48.0391 156.807 42.1428 15.1762 14.4046 66.5712 
149.069 160.24 160.782 166.572 168.589 161.284 109.129 169.51 164.978 166.14 18.066 163.968 63.7306 10.5353 146.114 54.5223 22.9492 131.22 -17.3887 -3.21943 108.849 -22.411 -34.9692 90.7993 -6.17138 -48.4892 157.096 42.2696 15.2137 14.2809 66.7236 
149.455 161.093 161.265 166.133 168.668 161.661 108.965 169.451 164.62 166.102 17.7401 164.246 63.8727 10.008 146.374 54.8466 22.7386 131.291 -17.1717 -3.43565 108.742 -21.773 -35.2964 90.8851 -5.75462 -48.8935 157.388 42.3854 15.2509 14.1775 66.8545 
149.764 161.816 161.711 165.748 168.752 162.052 109.041 169.519 164.378 166.16 17.4506 164.499 63.9644 9.58314 146.604 55.156 22.5723 131.471 -17.0468 -3.54472 108.765 -21.2427 -35.454 90.9581 -5.43734 -49.2137 157.58 42.453 15.326 14.0673 67.0675 
150.015 162.206 162.102 165.453 168.856 162.283 109.184 169.65 164.257 166.315 17.1492 164.837 64.0214 9.27632 146.877 55.3915 22.4378 131.743 -16.9728 -3.58892 108.93 -20.8073 -35.5202 91.1018 -5.20566 -49.4754 157.785 42.5361 15.4118 13.949 67.2281 
150.145 162.413 162.351 165.158 168.884 162.458 109.284 169.764 164.103 166.389 16.8792 165.051 64.0592 8.98481 147.023 55.5433 22.2784 131.962 -16.9309 -3.66101 109.111 -20.4574 -35.6034 91.2897 -5.10111 -49.6917 157.945 42.5835 15.4676 13.8137 67.351 
150.19 162.573 162.59 164.927 168.932 162.596 109.507 169.904 164.011 166.479 16.6267 165.251 64.0946 8.75375 147.086 55.7014 22.0857 132.164 -16.9126 -3.77092 109.264 -20.1737 -35.6986 91.4345 -5.03645 -49.89 158.057 42.6348 15.5067 13.6941 67.47 
150.162 162.643 162.962 164.748 168.966 162.701 109.707 170.022 163.963 166.572 16.3889 165.567 64.1641 8.4808 147.188 55.9291 22.0015 132.471 -16.8477 -3.78048 109.568 -19.9534 -35.6958 91.6862 -5.07429 -50.068 158.177 42.6871 15.549 13.592 67.6091 
149.947 162.67 163.297 164.672 168.976 162.755 109.947 170.132 163.974 166.634 16.149 165.711 64.2328 8.19484 147.047 56.1371 21.8877 132.588 -16.7944 -3.88283 109.738 -19.8218 -35.8074 91.8652 -5.16452 -50.2504 158.223 42.6857 15.5569 13.5122 67.7292 
149.725 162.647 163.477 164.539 168.955 162.847 110.152 170.251 163.945 166.619 15.9322 165.875 64.2504 7.90422 146.898 56.2624 21.7388 132.699 -16.7344 -4.0867 109.917 -19.765 -35.9805 92.0995 -5.29704 -50.4371 158.263 42.6465 15.5265 13.5003 67.7931 
149.363 162.602 163.686 164.501 168.908 162.978 110.395 170.358 164.016 166.617 15.7834 166.057 64.2431 7.64235 146.707 56.422 21.6059 132.763 -16.7396 -4.26273 110.057 -19.8396 -36.0932 92.2764 -5.49616 -50.5841 158.208 42.5822 15.4624 13.5026 67.9399 
149.16 162.49 163.851 164.631 168.943 163.074 110.598 170.497 164.229 166.687 15.6166 166.197 64.1393 7.34911 146.618 56.5399 21.4027 132.771 -16.7742 -4.56058 110.265 -20.0883 -36.2891 92.5378 -5.70289 -50.7717 158.243 42.5036 15.3403 13.5599 68.061 
148.645 162.228 164.003 164.707 168.906 163.101 110.953 170.641 164.466 166.747 15.1013 166.139 63.9581 6.85555 146.331 56.5548 20.9252 132.521 -16.8183 -5.26008 110.402 -20.4166 -36.9583 92.8902 -5.96677 -51.233 158.324 42.3837 15.1767 13.6315 68.0055 
148.063 161.635 163.981 164.947 168.802 163.046 111.134 170.621 164.677 166.687 15.0178 166.041 63.8124 6.80716 146.185 56.4353 20.7944 132.369 -16.8699 -5.56978 110.568 -20.8085 -37.2557 93.2061 -6.16145 -51.2973 158.422 42.3076 15.0252 13.7259 67.8667 
147.609 160.807 164.036 165.168 168.681 163 111.056 170.57 164.869 166.623 14.8477 166.092 63.6397 6.62138 146.277 56.2951 20.6384 132.37 -16.9746 -5.8407 110.84 -21.214 -37.5377 93.5708 -6.42192 -51.4552 158.534 42.2057 14.9046 13.7761 67.8001 
147.251 159.899 164.31 165.248 168.533 163.16 110.989 170.337 164.956 166.51 14.7762 166.099 63.5385 6.53433 146.431 56.1457 20.5574 132.343 -16.9947 -6.07212 111.061 -21.4985 -37.7965 93.9101 -6.59445 -51.5563 158.676 42.1176 14.7969 13.8378 67.6526 
146.985 158.955 164.804 165.24 168.351 163.33 110.767 169.991 164.967 166.358 14.7079 166.139 63.4144 6.36944 146.734 55.9842 20.4139 132.355 -17.0468 -6.33187 111.291 -21.7338 -38.0754 94.2564 -6.73609 -51.6806 158.841 42.024 14.7049 13.869 67.5875 
146.931 158.053 165.31 165.228 168.214 163.476 110.604 169.749 165.059 166.3 14.6046 166.243 63.2364 6.24917 147.156 55.8177 20.2544 132.467 -17.1084 -6.59303 111.586 -21.9736 -38.3264 94.6168 -6.85398 -51.8206 159.033 41.9542 14.6345 13.932 67.5179 
146.655 157.257 165.67 165.186 168.085 163.935 110.453 169.631 165.155 166.303 14.5121 166.506 63.0252 6.05353 147.636 55.7073 20.1525 132.752 -17.1685 -6.75976 111.966 -22.2011 -38.4897 95.0514 -7.04661 -51.9658 159.258 41.8798 14.572 13.9972 67.517 
146.429 156.707 166.097 165.056 167.986 164.604 110.345 169.534 165.203 166.334 14.4264 166.725 62.8415 5.79618 148.075 55.7246 20.0599 133.03 -17.197 -6.92737 112.24 -22.3048 -38.6524 95.4202 -7.14852 -52.1129 159.457 41.8248 14.5136 14.0683 67.664 
146.401 156.39 166.645 164.926 167.947 165.624 110.325 169.486 165.242 166.435 14.393 166.965 62.5661 5.52912 148.414 55.7848 19.964 133.24 -17.2817 -7.10952 112.369 -22.3875 -38.842 95.6811 -7.25027 -52.2697 159.616 41.7516 14.4577 14.1318 67.8778 
146.838 156.266 166.781 164.687 167.916 166.9 110.279 169.527 165.162 166.519 14.3926 167.448 62.3172 5.19579 148.796 55.875 19.8345 133.529 -17.3242 -7.27446 112.441 -22.2706 -39.0131 95.919 -7.23721 -52.4619 159.792 41.7119 14.425 14.1611 68.1386 
147.375 156.401 167.171 164.451 167.916 167.768 110.263 169.457 164.99 166.574 14.2577 167.428 62.039 4.85559 149.157 56.0009 19.6361 133.764 -17.3437 -7.52277 112.429 -22.0486 -39.2583 96.1016 -7.12268 -52.6855 159.957 41.7012 14.3955 14.1821 68.416 
147.66 156.607 167.336 164.245 167.979 168.358 110.39 169.536 164.883 166.728 13.9949 167.28 61.7182 4.52037 149.425 56.1584 19.5059 133.981 -17.3038 -7.65094 112.368 -21.7592 -39.4 96.2002 -6.96547 -52.9054 160.095 41.6824 14.3974 14.1953 68.6551 
148.061 156.963 167.363 164.073 168.047 168.79 110.573 169.61 164.684 166.836 13.6867 166.935 61.4313 4.23716 149.604 56.2767 19.3552 134.134 -17.248 -7.80745 112.229 -21.3619 -39.5965 96.2337 -6.71288 -53.1381 160.228 41.6829 14.4329 14.1891 68.8132 
148.205 157.344 167.244 163.942 168.128 169.234 110.692 169.719 164.496 166.932 13.3762 166.718 61.1984 3.92032 149.753 56.3878 19.1698 134.258 -17.2033 -7.98806 112.078 -20.9818 -39.8034 96.2247 -6.44421 -53.38 160.355 41.6882 14.4717 14.1825 68.9958 
148.257 157.714 167.12 163.831 168.203 169.646 110.843 169.803 164.324 166.99 13.0806 166.631 60.9747 3.6942 149.88 56.4332 19.0178 134.394 -17.1511 -8.10993 111.956 -20.6296 -39.9476 96.1676 -6.18689 -53.5984 160.448 41.6905 14.5369 14.1767 69.0649 
148.181 158.056 166.853 163.737 168.253 169.904 110.993 169.886 164.144 167.02 12.7682 166.583 60.698 3.50998 149.961 56.3995 18.8951 134.556 -17.1264 -8.15938 111.884 -20.3385 -39.9974 96.106 -5.99465 -53.7958 160.497 41.6593 14.6016 14.1569 69.0627 
148.15 158.329 166.694 163.728 168.342 170.08 111.131 169.948 164.034 167.062 12.4634 166.57 60.4827 3.32058 150.093 56.3661 18.7889 134.779 -17.0796 -8.20813 111.918 -20.1121 -40.0342 96.1508 -5.84523 -54.0046 160.615 41.6369 14.6299 14.1504 69.007 
148.006 158.54 166.654 163.69 168.415 170.184 111.272 169.977 163.963 167.109 12.1662 166.515 60.2361 3.17036 150.141 56.2887 18.6918 134.908 -17.0618 -8.24954 111.904 -20.0043 -40.0601 96.1246 -5.79029 -54.193 160.65 41.569 14.6524 14.1623 68.9206 
147.777 158.681 166.97 163.735 168.523 170.227 111.31 169.97 163.931 167.148 11.879 166.523 60.1202 2.93627 150.27 56.2464 18.5258 135.076 -17.1092 -8.35937 111.985 -19.9713 -40.143 96.1725 -5.76681 -54.4213 160.745 41.5118 14.6573 14.1499 68.9405 
147.539 158.829 167.959 163.843 168.632 170.13 111.376 169.804 163.946 167.154 11.5805 166.346 60.0912 2.69225 150.299 56.2427 18.3299 135.124 -17.1441 -8.54411 112.032 -20.0127 -40.3039 96.1825 -5.74367 -54.6651 160.802 41.4367 14.6315 14.1479 68.973 
147.107 158.879 169.643 163.891 168.705 169.972 111.405 169.38 163.969 167.135 11.2485 166.077 60.0181 2.44849 150.238 56.1679 18.1387 135.082 -17.0563 -8.75613 112.083 -20.1354 -40.4777 96.1965 -5.81174 -54.8865 160.803 41.3227 14.5968 14.2149 68.8684 
146.288 158.892 171.843 164.004 168.765 169.8 111.44 168.473 164.063 167.121 10.893 165.821 59.9082 2.18841 150.133 56.1371 17.9412 135.007 -16.8143 -9.00609 112.175 -20.3815 -40.6982 96.2546 -5.9967 -55.1074 160.81 41.1918 14.5375 14.3762 68.6793 
145.396 159 173.5 164.134 168.799 169.512 111.486 166.955 164.136 167.053 10.5228 165.494 59.7797 1.88632 149.968 56.1603 17.7199 134.809 -16.3589 -9.26456 112.229 -20.6637 -40.8918 96.2881 -6.21457 -55.3111 160.772 41.0298 14.4354 14.6236 68.4141 
144.03 159.064 174.216 164.258 168.761 169.148 111.446 165.138 164.167 166.897 10.1782 165.309 59.7051 1.57753 149.746 56.1939 17.4583 134.427 -15.8458 -9.50599 112.254 -20.9796 -41.0889 96.273 -6.46538 -55.4837 160.674 40.8493 14.3481 14.8423 68.132 
143.048 159.201 173.91 164.328 168.707 168.8 111.5 163.275 164.172 166.741 9.83506 165.022 59.6089 1.30241 149.469 56.2263 17.1073 133.947 -15.4488 -9.82963 112.204 -21.2838 -41.3242 96.2074 -6.69108 -55.6442 160.553 40.6548 14.2353 15.0195 67.9273 
142.051 159.34 173.147 164.419 168.638 168.378 111.471 161.723 164.14 166.539 9.47843 164.751 59.5792 0.956231 149.215 56.324 16.6763 133.49 -15.2016 -10.2274 112.137 -21.5113 -41.638 96.1491 -6.83506 -55.8266 160.438 40.514 14.1236 15.1042 67.9252 
141.124 159.399 172.331 164.43 168.539 168.114 111.454 160.417 164.095 166.342 9.1896 164.788 59.521 0.659443 149.067 56.3426 16.2329 133.129 -15.0196 -10.6086 112.116 -21.7125 -41.9111 96.1076 -6.97725 -56.014 160.315 40.3865 14.0398 15.176 67.8847 
140.738 159.463 171.67 164.371 168.464 167.896 111.386 159.442 164.012 166.206 8.87459 164.671 59.431 0.364986 148.93 56.3856 15.8519 132.717 -14.7411 -10.9694 111.969 -21.7745 -42.1698 96.0347 -7.01728 -56.194 160.207 40.3046 13.9316 15.2806 67.8022 
140.308 159.489 171.024 164.307 168.407 167.83 111.277 158.744 163.878 166.076 8.62554 164.717 59.3426 0.0733668 148.857 56.4308 15.5138 132.326 -14.5388 -11.2642 111.76 -21.7576 -42.3674 95.9306 -7.02905 -56.3675 160.093 40.229 13.8215 15.3168 67.7743 
139.924 159.461 170.406 164.166 168.296 167.884 111.103 158.194 163.648 165.89 8.42927 164.788 59.2958 -0.193297 148.749 56.4891 15.2172 131.941 -14.2904 -11.5021 111.557 -21.5979 -42.5284 95.8872 -6.97947 -56.5022 160.002 40.2059 13.7053 15.2824 67.71 
139.643 159.394 169.8 164.035 168.193 167.988 110.897 157.83 163.435 165.754 8.20689 164.773 59.2294 -0.478288 148.618 56.5058 14.9206 131.505 -14.0719 -11.746 111.326 -21.4292 -42.7362 95.8397 -6.94233 -56.6665 159.909 40.1853 13.6121 15.2255 67.6141 
139.59 159.35 169.165 163.909 168.11 168.167 110.729 157.618 163.287 165.726 7.98818 164.819 59.0216 -0.792873 148.625 56.5056 14.6787 131.234 -13.8894 -11.9334 111.205 -21.3663 -42.8859 95.8606 -7.04391 -56.8452 159.833 40.1318 13.5478 15.2343 67.5292 
139.655 159.294 168.499 163.805 168.025 168.262 110.526 157.521 163.13 165.714 7.70077 164.687 58.8507 -1.13315 148.641 56.5181 14.4217 131.001 -13.6626 -12.1797 111.063 -21.2244 -43.1293 95.8842 -7.05989 -57.0481 159.808 40.1229 13.5145 15.2705 67.4509 
140.161 159.257 167.786 163.663 167.97 168.336 110.401 157.588 163.009 165.796 7.37831 164.3 58.6943 -1.46739 148.675 56.5558 14.2796 130.876 -13.3726 -12.3471 110.92 -21.0645 -43.3247 95.8621 -7.08471 -57.2614 159.77 40.0913 13.5264 15.3781 67.3506 
140.723 159.185 167.131 163.579 167.956 168.377 110.179 157.798 162.901 165.869 7.04856 163.772 58.5294 -1.77257 148.715 56.5342 14.154 130.803 -13.1069 -12.5553 110.773 -20.9184 -43.6087 95.8418 -7.08571 -57.4877 159.748 40.098 13.5728 15.5219 67.2141 
141.16 159.114 166.648 163.461 167.904 168.375 109.953 158.086 162.806 165.909 6.69372 163.237 58.3449 -2.07802 148.773 56.4345 14.0006 130.861 -12.9419 -12.7835 110.719 -20.8415 -43.9133 95.8877 -7.15348 -57.7388 159.73 40.0781 13.6338 15.6541 67.0878 
135.954 159.732 164.433 161.819 167.187 163.473 109.369 157.21 162.084 165.594 3.90532 159.786 57.055 -2.90526 149.247 56.8218 13.3629 130.632 -12.178 -13.5175 110.777 -20.4975 -44.7305 96.3324 -7.03568 -58.1123 160.18 40.106 13.6101 15.8856 67.2951 
134.386 159.344 163.139 161.936 167.23 162.954 109.401 158.056 162.195 165.758 2.98267 159.189 56.6852 -2.97239 149.247 56.6084 13.3181 130.82 -12.0851 -13.6715 110.759 -20.4323 -45.0978 96.332 -7.0686 -58.3999 160.16 40.153 13.809 16.0225 66.9368 
133.855 158.888 162.638 162.12 167.287 163.105 109.552 158.829 162.315 165.927 2.52917 159.301 56.5014 -3.00525 149.325 56.3032 13.2306 131.191 -11.9914 -13.7676 110.961 -20.4079 -45.3784 96.4973 -7.16009 -58.7011 160.229 40.2275 14.0247 16.1412 66.4359 
134.792 159.391 160.433 160.862 166.588 161.354 109.202 158.148 161.824 165.713 1.66228 158.32 56.6412 -3.40239 149.918 56.3089 12.639 131.308 -11.205 -14.3005 111.41 -20.2787 -45.9778 97.0965 -7.16144 -59.1053 160.729 40.3211 14.0626 16.4385 65.9792 
133.89 158.95 159.642 161.275 166.776 161.585 109.496 158.599 162.15 165.993 1.08604 158.592 56.3501 -3.40056 149.905 56.0939 12.5397 131.574 -10.7676 -14.2503 111.609 -20.2789 -46.1453 97.1566 -7.17808 -59.396 160.71 40.4543 14.3078 16.6845 65.2852 
133.558 158.563 159.914 161.731 166.966 162.136 109.847 158.814 162.461 166.208 0.803676 159.043 56.4172 -3.42815 149.818 55.9528 12.4013 131.873 -10.4059 -14.2797 111.861 -20.2446 -46.3762 97.2312 -7.13505 -59.7054 160.719 40.6386 14.5421 16.8665 64.7011 
132.782 158.06 159.893 162.16 167.184 163.15 110.19 158.336 162.87 166.49 0.374309 159.834 56.6862 -3.66066 149.607 55.8175 11.9606 131.944 -9.46954 -14.4698 112.094 -20.1859 -46.8077 97.1762 -7.07834 -60.2769 160.555 40.9068 14.8452 17.293 63.6845 
133.754 157.815 160.806 162.686 167.374 164.508 110.483 157.82 163.29 166.685 0.954977 160.571 57.4605 -3.59145 149.451 55.8346 11.8375 131.909 -8.98926 -14.4581 112.319 -20.2679 -46.921 97.1674 -7.04603 -60.4098 160.524 41.0629 14.9806 17.5248 63.1963 
135.397 157.575 161.215 163.055 167.494 165.828 110.657 157.299 163.597 166.813 1.5646 161.11 58.3329 -3.56917 149.286 55.8233 11.6497 131.784 -8.37443 -14.5534 112.448 -20.3029 -47.1185 97.0919 -6.97683 -60.5904 160.44 41.2078 15.0973 17.8463 62.6106 
137.009 157.319 161.607 163.452 167.592 166.997 110.768 156.801 163.914 166.964 2.15887 161.689 59.265 -3.55788 149.174 55.9251 11.5134 131.661 -7.78847 -14.5993 112.601 -20.3309 -47.2678 97.067 -6.95052 -60.7352 160.373 41.3964 15.196 18.1271 62.1416 
