159.799 139.942 166.536 170.121 169.419 150.297 96.9474 160.532 164.549 158.016 -7.30113 194.96 -17.6472 -2.68739 191.799 -24.7154 37.6659 155.843 -74.4355 62.4656 167.685 -62.7808 71.9256 187.689 -33.8777 20.6307 248.166 -30.1498 6.93123 7.6223 59.0778 
159.816 139.631 166.439 170.036 169.398 150.428 96.9007 160.594 164.678 158.092 -7.51547 194.892 -17.6435 -2.8047 191.694 -24.5615 37.7806 155.555 -74.2547 62.6264 167.462 -62.6337 71.9754 187.517 -33.5341 20.7468 248.011 -30.1515 7.11887 7.6646 59.2374 
159.867 139.639 166.366 169.99 169.349 150.511 96.7413 160.696 164.82 158.074 -7.84164 194.795 -17.514 -2.95627 191.785 -24.0882 37.9307 155.336 -74.1842 62.8242 167.309 -62.5954 72.0241 187.404 -33.2914 20.8042 247.845 -30.092 7.29658 7.69356 59.8693 
159.875 139.77 166.26 169.932 169.267 150.563 96.7549 160.798 164.958 158.011 -8.24776 194.887 -17.4142 -3.18908 191.841 -23.7075 38.1912 155.248 -74.0444 63.1232 167.27 -62.4716 72.1946 187.409 -32.9565 20.8914 247.792 -29.976 7.47775 7.72984 60.3415 
159.881 139.904 166.205 169.909 169.138 150.682 96.9588 160.998 165.154 158.036 -8.84867 195.007 -17.1182 -3.52739 191.826 -23.06 38.3381 155.017 -73.7621 63.3286 167.111 -62.1587 72.3422 187.347 -32.5253 20.9516 247.717 -29.7888 7.61911 7.75522 60.8835 
159.87 139.969 166.17 169.89 168.952 150.845 97.1102 161.123 165.228 158.016 -9.13999 194.894 -16.6225 -3.6294 191.563 -22.5203 38.5776 154.741 -73.4124 63.6067 166.958 -61.7983 72.6105 187.308 -32.207 21.0168 247.556 -29.5434 7.65177 7.76442 61.0982 
159.841 140.317 166.155 169.885 168.836 150.958 97.0767 161.276 165.35 158.069 -9.43389 194.847 -16.2185 -3.72039 191.658 -21.9085 38.7686 154.473 -73.0606 63.8227 166.765 -61.4205 72.7982 187.218 -31.8365 21.0735 247.441 -29.31 7.66634 7.78409 61.5831 
159.791 140.038 166.204 169.908 168.802 151.019 97.16 161.503 165.55 158.26 -9.50971 194.825 -15.7895 -3.71669 191.655 -21.358 39.0097 154.231 -72.7423 64.1014 166.635 -61.1199 73.0361 187.135 -31.4957 21.129 247.337 -29.0227 7.69943 7.83087 61.921 
159.681 139.35 166.297 169.989 168.846 151.096 97.5138 161.779 165.804 158.516 -9.18296 194.634 -15.4842 -3.58154 191.383 -21.1118 39.4834 153.996 -72.6433 64.5615 166.487 -60.9924 73.2482 186.944 -31.1611 21.1909 247.157 -28.7335 7.77882 7.86536 62.0049 
159.662 137.984 166.405 170.094 168.918 151.169 98.0535 162.036 166.049 158.672 -8.81367 194.257 -14.9941 -3.20615 190.75 -20.895 40.1071 153.688 -72.5248 65.16 166.295 -60.8093 73.6237 186.756 -30.8479 21.3424 246.858 -28.3597 7.81294 7.87383 61.8416 
159.62 136.765 166.516 170.2 169.027 151.277 98.5247 162.288 166.283 158.876 -8.4933 193.856 -14.5901 -2.70911 190.129 -20.7249 40.6624 153.251 -72.3831 65.6849 165.918 -60.5756 73.9322 186.376 -30.439 21.5251 246.5 -28.0338 7.89516 7.8641 61.6282 
159.642 136.082 166.621 170.309 169.174 151.439 98.8587 162.47 166.44 158.97 -8.34539 193.405 -14.3177 -2.17196 189.715 -20.5431 41.1388 152.845 -72.3799 66.215 165.545 -60.4222 74.3364 186.061 -30.0815 21.7871 246.176 -27.7703 7.98556 7.89986 61.6164 
159.576 133.717 166.753 170.428 169.41 151.701 99.9957 162.447 166.422 158.705 -8.29461 193.226 -13.9971 -1.36048 188.753 -20.8792 41.5817 152.512 -72.2765 66.6032 165.247 -60.1668 74.5256 185.859 -29.6515 21.9986 246.026 -27.4521 8.05325 7.84404 60.5034 
159.426 134.099 167.004 170.635 169.674 151.908 100.169 162.537 166.553 158.59 -8.21707 193.22 -13.7832 -1.02928 188.753 -20.407 42.0073 152.219 -72.0406 67.0118 165.055 -59.9458 74.6777 185.683 -29.1006 22.2249 246.002 -27.1682 8.28288 7.84737 60.6425 
159.368 134.228 167.238 170.808 169.888 152.216 100.556 162.578 166.624 158.486 -8.1572 193.257 -13.5073 -0.659897 188.7 -20.1275 42.4806 152.101 -71.8113 67.4816 165.063 -59.7259 74.9201 185.73 -28.5625 22.454 246.13 -26.8565 8.48873 7.87424 60.4901 
159.285 134.849 167.452 171.023 170.121 152.518 100.4 162.695 166.817 158.582 -7.95644 193.237 -13.0363 -0.489242 188.925 -19.5554 43.0579 151.923 -71.4382 68.0491 165.026 -59.4036 75.2096 185.694 -27.9437 22.6212 246.151 -26.4646 8.68538 7.91953 60.8385 
159.223 135.34 167.841 171.42 170.519 152.795 100.947 162.942 167.218 158.859 -6.97296 193.244 -12.1879 0.134853 188.943 -18.5478 44.1559 151.842 -70.7011 69.2016 165.273 -58.8831 76.1018 186.009 -27.2258 23.0789 246.341 -25.6732 8.75137 8.06166 60.9095 
159.173 136.384 168.164 171.7 170.697 152.907 100.832 163.27 167.581 159.384 -6.76603 193.447 -11.9084 0.0664449 189.447 -17.9396 44.3679 151.752 -70.2009 69.3785 165.275 -58.4916 76.1461 186.079 -26.7637 23.034 246.577 -25.4713 8.83045 8.06059 61.2205 
159.11 136.642 168.319 171.826 170.823 152.967 100.781 163.469 167.696 159.666 -6.47349 193.644 -11.5129 0.324181 189.68 -17.447 44.8084 151.831 -69.5941 69.6823 165.362 -57.9004 76.3806 186.235 -26.2905 23.0857 246.771 -25.134 8.80308 7.94951 61.1789 
159.039 137.531 168.508 171.943 170.97 153.04 100.571 163.726 167.911 160.042 -6.45232 193.91 -11.3389 0.144778 190.248 -16.8293 44.987 151.867 -69.1813 69.8377 165.374 -57.4981 76.4577 186.288 -25.8377 23.1152 246.983 -24.8714 8.85456 7.92265 61.6583 
159.024 137.924 168.606 171.98 171.068 153.209 100.675 163.875 167.952 160.264 -6.60437 194.29 -11.0688 0.157697 190.63 -16.3453 45.1779 152.094 -68.7106 69.9146 165.501 -56.9326 76.579 186.491 -25.3462 23.1664 247.31 -24.5912 8.87462 7.78034 61.7478 
158.962 138.123 168.654 171.999 171.151 153.2 100.127 163.958 167.981 160.396 -6.41893 194.296 -10.7806 0.319237 191.101 -15.7533 45.4811 152.094 -68.2485 70.0232 165.447 -56.5184 76.6407 186.481 -25.0443 23.2146 247.309 -24.3595 8.87047 7.6124 62.2122 
158.962 139.17 168.683 171.981 171.132 153.207 99.6678 164.045 168.01 160.466 -6.48809 194.354 -10.5863 0.241207 191.712 -14.9678 45.6261 152.094 -67.9334 70.1155 165.409 -56.2569 76.7347 186.443 -24.8305 23.2619 247.324 -24.1997 8.89673 7.54983 63.0537 
158.926 139.599 168.684 171.953 171.143 153.121 99.2886 164.074 167.995 160.501 -6.56544 194.365 -10.4634 0.203539 192.135 -14.407 45.6555 152.053 -67.6713 70.0694 165.282 -55.9543 76.6745 186.33 -24.5609 23.2828 247.271 -24.0256 8.92531 7.45341 63.6572 
158.857 139.831 168.663 171.905 171.165 152.982 99.3155 164.089 167.954 160.532 -6.33725 194.275 -10.1505 0.230512 192.068 -13.9689 45.6337 151.938 -67.3134 69.9806 165.165 -55.6572 76.735 186.249 -24.4974 23.2583 247.133 -23.8292 8.80843 7.38065 63.7581 
158.881 139.849 168.632 171.882 171.166 153.015 99.3335 164.079 167.94 160.524 -6.47958 194.158 -9.87138 0.232607 191.924 -13.5662 45.5918 151.799 -66.9168 69.8933 165.025 -55.3034 76.7351 186.165 -24.272 23.1816 246.985 -23.6176 8.7926 7.3185 63.7869 
158.918 139.225 168.628 171.844 171.144 153.039 99.752 164.092 167.914 160.444 -6.73004 194.115 -9.48964 0.253086 191.474 -13.3667 45.5785 151.741 -66.6548 69.8805 165.014 -55.0403 76.7458 186.201 -23.9991 23.0877 246.919 -23.3575 8.87048 7.2869 63.4488 
158.936 138.372 168.583 171.79 171.054 153.056 100.303 164.03 167.774 160.296 -6.81412 194.053 -9.30486 0.360991 190.906 -13.5877 45.5948 151.805 -66.4532 69.7831 165.027 -54.7139 76.6468 186.189 -23.6784 22.9995 246.885 -23.1774 8.94948 7.16572 62.7291 
158.982 138.183 168.588 171.767 170.968 153.049 100.889 164.007 167.722 160.187 -6.8522 193.932 -9.16917 0.277629 190.431 -13.6586 45.5047 151.787 -66.3463 69.6506 164.992 -54.5298 76.5094 186.158 -23.4945 22.8667 246.827 -23.0092 8.96835 7.11417 62.2672 
158.928 138.31 168.565 171.763 170.888 152.962 100.951 163.978 167.671 160.111 -6.76478 193.843 -9.09272 0.214342 190.271 -13.6442 45.4503 151.821 -66.1608 69.501 164.989 -54.3007 76.3446 186.093 -23.3209 22.7035 246.755 -22.8279 8.93617 7.05142 62.0695 
158.986 138.244 168.59 171.804 170.818 152.964 101.131 163.999 167.7 160.123 -6.92968 193.819 -8.94676 0.168026 190.035 -13.5659 45.3005 151.814 -65.8524 69.2783 164.988 -54.0257 76.2213 186.132 -23.1972 22.5186 246.753 -22.6235 8.83933 6.99677 61.6973 
158.99 138.461 168.633 171.861 170.768 152.986 101.293 164.041 167.731 160.228 -6.87727 193.813 -8.82629 0.125228 189.948 -13.4282 45.1645 151.841 -65.6977 69.0406 165.004 -53.8637 76.116 186.179 -23.2298 22.3325 246.789 -22.4355 8.6431 6.93215 61.5323 
159.012 139 168.663 171.865 170.674 153.007 101.312 164.103 167.773 160.396 -6.93573 193.773 -8.73644 -0.099741 189.906 -13.2647 44.9885 151.835 -65.561 68.8487 165.022 -53.7919 76.0702 186.176 -23.2434 22.1187 246.778 -22.213 8.50679 6.96045 61.5068 
159.008 139.431 168.712 171.942 170.693 153.008 101.098 164.212 167.941 160.629 -6.94038 193.702 -8.60101 -0.332299 189.984 -12.9997 44.9332 151.776 -65.4008 68.7591 165.033 -53.7261 76.0646 186.142 -23.197 21.9244 246.711 -21.9871 8.44078 6.99322 61.7195 
159.027 139.225 168.738 171.977 170.642 153.031 101.022 164.291 168.019 160.75 -6.99317 193.583 -8.38546 -0.433441 189.83 -12.8348 44.856 151.683 -65.2652 68.6577 164.996 -53.5944 76.1129 186.151 -23.2013 21.7444 246.603 -21.7122 8.28086 7.00154 61.6968 
159.089 139.645 168.731 171.992 170.62 153.081 100.723 164.37 168.08 160.924 -7.17877 193.449 -8.0954 -0.59121 189.846 -12.4683 44.6799 151.5 -65.1014 68.4707 164.794 -53.396 76.0981 186.015 -23.1608 21.5763 246.433 -21.4955 8.14391 6.98029 61.9908 
159.172 139.974 168.78 172.025 170.519 153.168 100.239 164.48 168.163 161.042 -7.41984 193.133 -7.60164 -0.74294 189.812 -11.8068 44.4822 151.104 -64.8516 68.2733 164.447 -53.2345 76.1258 185.795 -23.1557 21.3617 246.109 -21.1999 8.05856 6.94631 62.4381 
159.164 140.858 168.864 172.013 170.413 153.207 99.7677 164.66 168.2 161.239 -7.64707 192.777 -7.15618 -0.937974 189.919 -11.0752 44.2516 150.701 -64.7614 68.0771 164.017 -53.081 76.0681 185.448 -23.0811 21.1459 245.782 -20.9039 7.99763 6.90515 63.1293 
159.186 142.613 168.939 172.046 170.349 153.197 99.0204 164.817 168.302 161.498 -7.99754 192.438 -6.89154 -1.29486 190.507 -10.1563 44.0652 150.39 -64.6108 67.8814 163.603 -52.9001 75.9721 185.081 -22.9195 20.9476 245.483 -20.6483 7.97038 6.85523 64.3656 
159.163 143.916 169.009 172.015 170.318 153.206 98.2812 164.924 168.356 161.809 -8.47451 192.022 -6.44382 -1.82432 191.087 -9.09806 43.8323 149.989 -64.437 67.6951 163.159 -52.7046 75.8216 184.647 -22.6105 20.6833 245.103 -20.2824 8.0481 6.84765 65.7808 
159.072 145.532 169.041 172.038 170.351 153.02 97.1263 164.956 168.397 162.074 -8.67003 191.601 -6.11697 -1.99716 191.941 -8.07876 43.7812 149.739 -64.2098 67.5793 162.84 -52.4657 75.7724 184.323 -22.3554 20.4794 244.765 -19.9131 8.05426 6.77998 67.2564 
159.007 146.826 169.034 172.019 170.388 152.905 96.708 164.926 168.368 162.256 -8.87307 191.14 -5.71509 -2.05728 192.171 -7.10766 43.7923 149.536 -63.9254 67.5774 162.57 -52.1554 75.7862 184.047 -22.021 20.2589 244.399 -19.4572 8.08332 6.73394 68.1888 
158.929 147.365 169 171.998 170.359 152.847 96.7307 164.862 168.279 162.274 -9.00843 190.769 -5.16262 -2.02418 191.961 -6.51583 43.7007 149.314 -63.506 67.4873 162.303 -51.7156 75.7978 183.809 -21.6823 20.075 244.119 -19.0016 8.0376 6.69696 68.28 
158.976 147.543 168.961 171.971 170.34 152.975 96.822 164.725 168.156 162.302 -9.30788 190.469 -4.47219 -2.09233 191.772 -5.96958 43.4955 149.146 -62.9086 67.2668 162.09 -51.1049 75.7072 183.634 -21.1845 19.9088 243.964 -18.5232 8.0155 6.64905 68.1655 
159.002 146.899 168.907 171.941 170.313 153.085 97.2923 164.62 168.067 162.315 -9.71306 190.126 -3.86061 -2.25271 191.017 -5.70232 43.3051 148.832 -62.209 67.0638 161.782 -50.4805 75.6066 183.325 -20.6603 19.713 243.664 -18.0171 7.99682 6.64111 67.4869 
159.075 146.278 168.873 171.924 170.283 153.166 97.5874 164.505 167.972 162.31 -9.96584 189.605 -3.04641 -2.31262 190.081 -5.42161 43.0803 148.346 -61.4281 66.7607 161.299 -49.8479 75.56 182.943 -20.3107 19.516 243.194 -17.5301 7.89492 6.56571 66.7497 
159.039 145.189 168.889 171.964 170.261 153.197 98.1249 164.461 167.934 162.265 -10.0464 189.123 -2.03531 -2.43842 188.794 -5.30049 42.8554 147.87 -60.7119 66.5245 160.836 -49.1964 75.4316 182.586 -19.8058 19.2323 242.742 -16.9158 7.87486 6.50561 65.631 
159.065 145.093 168.896 171.946 170.258 153.318 98.8019 164.433 167.899 162.28 -10.4096 188.665 -1.00476 -2.77218 187.51 -4.83235 42.5991 147.407 -60.0746 66.3479 160.434 -48.6484 75.3751 182.238 -19.2438 18.8763 242.263 -16.2623 7.99491 6.51544 64.8869 
159.087 144.941 168.968 172.016 170.206 153.357 99.8622 164.431 167.94 162.219 -10.6258 188.372 -0.134874 -3.0601 186.286 -4.34587 42.5044 147.172 -59.4925 66.3117 160.341 -48.2117 75.5019 182.225 -18.8267 18.6079 241.995 -15.6152 8.07193 6.54993 64.1046 
159.031 144.776 169.041 172.081 170.186 153.245 100.794 164.479 168.055 162.276 -10.7519 188.168 0.553692 -3.28771 185.35 -3.93856 42.4529 147.012 -59.0615 66.2534 160.278 -47.8748 75.5688 182.2 -18.4819 18.3654 241.789 -14.9852 8.07529 6.57757 63.5248 
159.007 144.94 169.075 172.131 170.194 153.172 101.151 164.518 168.138 162.531 -10.9827 187.985 1.17595 -3.55122 184.718 -3.60952 42.2336 146.673 -58.4886 66.0443 159.953 -47.3476 75.5825 181.957 -18.1584 18.1601 241.52 -14.4636 7.95806 6.5899 63.0869 
159.012 145.181 169.041 172.05 170.144 153.148 100.882 164.499 168.108 162.717 -11.5023 187.679 1.91409 -4.02254 184.372 -3.03325 41.7982 146.105 -57.8904 65.7443 159.408 -46.8072 75.5533 181.498 -17.7947 17.9217 241.045 -13.9372 7.88672 6.68465 63.2344 
159.201 145.265 169.055 172.041 170.077 153.316 100.677 164.537 168.168 162.928 -11.9901 187.165 2.92146 -4.2559 183.764 -2.10386 41.4244 145.269 -56.9577 65.5449 158.752 -46.1027 75.8039 181.106 -17.4738 17.7486 240.411 -13.3288 7.79587 6.8159 63.3197 
159.318 145.138 169.024 172.031 170.038 153.443 100.739 164.596 168.196 163.138 -12.4948 186.845 3.78284 -4.42916 183.09 -1.34197 41.2196 144.79 -56.3542 65.4778 158.335 -45.4904 76.0612 180.856 -17.1139 17.5437 239.955 -12.7039 7.78979 6.85355 63.2803 
159.281 145.329 169.1 172.112 170.029 153.37 100.959 164.814 168.41 163.513 -12.654 186.644 4.53203 -4.52402 182.581 -0.495811 41.1785 144.507 -55.909 65.4947 158.045 -45.0073 76.2656 180.692 -16.7605 17.3685 239.686 -11.9974 7.77745 6.82066 63.3184 
159.23 144.59 169.34 172.27 170.053 153.328 101.953 165.036 168.651 163.762 -12.5751 186.441 5.29381 -4.47892 181.667 0.0576115 41.2481 144.504 -55.631 65.585 158.17 -44.8182 76.5053 180.906 -16.6082 17.195 239.597 -11.248 7.7943 6.80866 62.7474 
159.029 144.26 169.529 172.395 170.144 153.237 102.708 165.197 168.779 163.951 -12.2942 186.253 6.27182 -4.47591 180.924 0.692643 41.1325 144.359 -55.2107 65.5518 158.152 -44.5582 76.6621 180.979 -16.5088 17.0218 239.442 -10.5215 7.73145 6.85184 62.2871 
159.077 144.139 169.622 172.481 170.251 153.401 102.998 165.274 168.853 164.262 -12.0721 185.963 7.16564 -4.50924 180.681 1.51818 41.0856 144.258 -54.6093 65.5509 158.169 -44.0658 76.9036 181.121 -16.3218 16.8799 239.316 -9.81168 7.61502 6.89647 62.2913 
159.3 142.732 169.679 172.533 170.241 153.856 103.294 165.328 168.782 164.526 -11.9704 185.054 9.12137 -4.33338 179.742 3.02773 40.9235 143.771 -53.4281 65.5096 157.725 -42.947 77.4516 180.926 -15.6825 16.6618 238.686 -8.27851 7.60121 6.88242 62.0144 
159.482 142.128 169.787 172.628 170.33 154.039 103.266 165.527 168.906 164.735 -11.9385 184.744 9.9778 -4.20666 179.54 3.82622 40.7424 143.611 -53.0234 65.2847 157.471 -42.4759 77.3382 180.818 -15.4555 16.415 238.544 -7.61161 7.49685 6.73127 61.9895 
159.558 142.336 169.971 172.719 170.466 154.242 103.778 165.653 169.002 164.878 -11.7449 184.541 11.0844 -4.25173 179.121 4.84812 40.4145 143.436 -52.1638 65.1004 157.44 -41.7801 77.3763 180.901 -15.0472 16.2554 238.453 -6.79234 7.45093 6.80801 61.7374 
159.647 142.517 170.103 172.839 170.612 154.43 104.046 165.701 169.077 164.95 -11.5524 184.193 11.7874 -4.31008 178.829 5.41957 40.2183 143.409 -51.5381 64.997 157.541 -41.1971 77.3592 181.058 -14.5807 16.0347 238.358 -6.05769 7.42727 6.89917 61.4748 
159.822 143.072 170.178 172.872 170.715 154.703 103.884 165.727 169.119 165.125 -11.3378 183.664 12.8262 -4.43331 178.65 6.46599 39.9613 142.943 -50.7412 64.8651 157.158 -40.4448 77.3629 180.806 -14.0426 15.8679 237.962 -5.3323 7.39239 6.98054 61.7805 
160.063 144.58 170.2 172.843 170.758 155.081 103.766 165.757 169.109 165.242 -11.3806 183.106 14.091 -4.6365 178.36 7.86816 39.6349 142.241 -49.7214 64.7693 156.628 -39.4686 77.4156 180.459 -13.238 15.6967 237.418 -4.60964 7.46103 7.14427 62.313 
160.256 146.821 170.249 172.885 170.79 155.406 104.179 165.788 169.144 165.332 -11.5166 182.764 15.2447 -4.86191 177.84 9.17955 39.3379 141.786 -48.6562 64.6334 156.321 -38.4654 77.4793 180.333 -12.4366 15.5519 237.077 -3.86664 7.55148 7.24591 62.4596 
160.354 149.417 170.267 172.888 170.843 155.639 104.543 165.811 169.16 165.389 -11.8205 182.396 16.2368 -5.06501 177.236 10.3192 39.0227 141.405 -47.8058 64.4722 156.07 -37.7488 77.4827 180.177 -11.8488 15.3893 236.719 -3.0866 7.61022 7.34836 62.4831 
160.33 151.87 170.234 172.871 170.928 155.718 104.689 165.762 169.109 165.396 -11.9212 181.776 16.9736 -5.29854 176.634 11.1498 38.757 141.056 -47.1869 64.4449 155.892 -37.2362 77.6409 180.072 -11.4472 15.2407 236.256 -2.4212 7.69235 7.55237 62.5603 
160.351 154.146 170.291 172.831 170.959 155.949 104.559 165.732 169.017 165.384 -11.9666 181.277 17.9049 -5.61746 176.487 12.1927 38.2887 140.794 -46.4792 64.2537 155.821 -36.6103 77.6804 180.088 -10.957 15.0523 235.962 -1.71702 7.78843 7.77879 62.9068 
160.521 155.721 170.285 172.733 170.894 156.298 103.98 165.693 168.888 165.424 -12.1671 180.488 18.8857 -6.03366 176.398 13.2356 37.8934 140.433 -45.9183 64.0948 155.587 -36.1182 77.7273 179.901 -10.5062 14.7772 235.462 -0.930218 7.90572 7.96262 63.5181 
160.77 156.448 170.208 172.601 170.802 156.668 103.157 165.606 168.726 165.489 -12.5447 179.451 19.9665 -6.64199 176.113 14.3048 37.5329 139.685 -45.1922 63.8716 154.817 -35.3888 77.7536 179.246 -9.8852 14.5165 234.601 -0.145687 8.04116 8.03057 64.2704 
161.048 156.769 170.221 172.53 170.875 157.079 102.091 165.506 168.595 165.443 -12.5254 178.203 21.3856 -6.84964 176.043 15.8168 37.1368 139.02 -44.2604 63.6252 154.367 -34.8078 77.8235 179.003 -9.62901 14.2097 233.782 0.659636 8.15317 8.13959 65.1607 
161.316 156.792 170.265 172.453 170.955 157.541 101.324 165.468 168.481 165.474 -12.563 177.093 22.8352 -6.92536 176.027 17.4911 36.7381 138.523 -43.4106 63.4507 154.116 -34.3193 78.0188 179.04 -9.50023 13.8576 233.163 1.5578 8.29585 8.28996 66.0374 
161.489 156.52 170.25 172.351 170.929 157.864 100.614 165.319 168.285 165.417 -12.8394 176.066 24.2706 -7.29633 175.747 18.902 36.097 137.783 -42.4512 63.0807 153.599 -33.7731 78.027 178.71 -9.27499 13.5537 232.384 2.38014 8.44377 8.49583 66.6678 
161.853 156.435 170.288 172.329 170.91 158.311 100.061 165.319 168.218 165.462 -13.4118 175.246 25.7944 -7.75412 175.647 20.5804 35.3073 136.978 -41.2816 62.5762 152.931 -33.0488 77.9765 178.326 -9.00809 13.2691 231.715 3.11583 8.605 8.65339 67.4242 
162.335 156.944 170.152 172.168 170.8 159.076 99.0141 165.188 167.969 165.347 -14.7841 173.678 28.1109 -8.27571 175.206 23.1338 34.4395 135.451 -39.5939 61.9759 151.495 -31.7295 77.8609 177.294 -8.31469 12.8018 230.361 4.41691 8.75733 8.71969 68.6819 
162.543 156.901 170.165 172.063 170.851 159.398 98.7908 165.211 167.909 165.433 -15.5629 173.206 29.3002 -8.46181 175.162 24.4389 33.8895 134.963 -39.1064 61.5726 151.034 -31.4493 77.7736 177.076 -8.46615 12.5163 230.013 4.90009 8.81176 8.70192 69.324 
162.674 156.893 170.236 172.111 171.002 159.599 98.5389 165.29 168.035 165.729 -15.9402 172.687 30.4166 -8.51205 174.949 25.4937 33.6168 134.601 -38.4961 61.3175 150.765 -31.1671 77.7288 176.998 -8.58746 12.2296 229.701 5.53896 8.81023 8.67896 69.5685 
162.927 156.63 170.222 172.068 171.024 159.87 98.4124 165.318 168.015 165.902 -16.755 171.967 31.3084 -8.6404 174.408 26.2264 33.4055 134.014 -38.0732 61.185 150.269 -30.8658 77.7535 176.636 -8.42726 11.9529 229.143 6.06094 8.90551 8.72016 69.7364 
163.04 155.706 170.266 172.074 171.106 160.104 98.6931 165.358 168.031 166.139 -17.1223 171.333 32.6694 -8.47209 173.587 27.2332 33.0693 133.419 -37.1936 61.0009 149.877 -30.4042 77.8865 176.515 -8.36646 11.7328 228.655 6.62684 9.07023 8.82482 69.4175 
163.133 155.241 170.33 172.105 171.128 160.135 99.0904 165.412 168.03 166.284 -17.6222 170.897 33.9157 -8.5858 172.825 28.2272 32.6796 132.734 -36.3125 60.7771 149.278 -29.7572 77.8896 176.132 -7.95473 11.5186 228.143 7.15318 9.21868 8.91089 69.2633 
163.348 154.757 170.338 172.069 171.063 160.344 99.6125 165.388 167.918 166.218 -18.2183 170.507 34.9909 -8.47493 172.065 29.2129 32.3358 132.226 -35.4476 60.6202 148.901 -29.1476 77.8866 175.915 -7.60413 11.2918 227.759 7.65082 9.30682 9.01249 68.954 
163.386 154.901 170.34 172.015 171.02 160.441 100.024 165.414 167.802 166.134 -18.841 170.371 35.76 -8.71346 171.745 30.0393 31.916 131.994 -34.9137 60.4188 148.67 -28.7029 77.7898 175.711 -7.27171 11.1403 227.59 8.08204 9.33959 9.10135 68.9805 
163.581 155.159 170.267 171.933 170.945 160.7 99.934 165.373 167.655 166.008 -19.4716 169.951 36.2781 -8.79362 171.508 30.5471 31.8352 131.931 -34.7518 60.4662 148.67 -28.5361 77.8395 175.7 -7.07105 10.9517 227.385 8.51855 9.37224 9.17128 69.1764 
163.43 155.311 170.228 171.907 170.94 160.583 99.8968 165.373 167.61 166.057 -20.156 169.865 36.6216 -9.18628 171.316 30.7856 31.639 131.765 -34.478 60.3139 148.45 -28.1167 77.6801 175.429 -6.61323 10.7547 227.218 8.91279 9.36677 9.18654 69.2265 
163.134 155.038 170.206 171.903 170.924 160.411 100.084 165.405 167.633 166.171 -20.6278 169.83 36.9634 -9.49687 170.869 30.9557 31.4837 131.641 -34.1511 60.2125 148.346 -27.694 77.5528 175.245 -6.07481 10.5274 227.052 9.40463 9.38398 9.24342 68.9716 
162.86 154.445 170.177 171.852 170.914 160.128 100.506 165.426 167.663 166.339 -20.9439 169.788 37.4617 -9.62199 170.107 31.3494 31.4313 131.265 -33.477 60.1523 148.096 -27.1385 77.4993 175.012 -5.60539 10.3539 226.751 9.90931 9.39372 9.2931 68.4759 
162.806 153.828 170.09 171.768 170.952 160.095 100.87 165.413 167.708 166.658 -21.5734 169.575 38.0622 -9.65843 169.197 31.8339 31.478 130.717 -32.6762 60.2355 147.731 -26.4752 77.649 174.831 -5.13292 10.1805 226.331 10.464 9.48449 9.38589 67.9656 
163.088 153.278 169.904 171.538 170.747 160.685 101.265 165.265 167.449 166.499 -22.5924 169.171 38.5768 -9.41107 168.457 32.5681 31.4537 130.353 -32.1399 60.4558 147.52 -26 78.0038 174.781 -4.76773 10.1286 225.956 11.0351 9.64069 9.57035 67.7751 
163.195 152.899 169.732 171.362 170.591 161.191 101.832 165.181 167.254 166.383 -23.4652 168.948 39.0727 -9.39309 168.01 33.4959 31.1094 130.145 -31.8245 60.5249 147.374 -25.7054 78.288 174.718 -4.54526 10.1711 225.696 11.5616 9.80466 9.81927 67.9561 
163.254 152.798 169.494 171.228 170.604 161.724 102.17 165.036 167.149 166.419 -23.8438 168.612 39.6535 -9.075 167.554 34.4252 30.9272 129.963 -31.4833 60.6734 147.378 -25.547 78.6225 174.773 -4.50361 10.2149 225.404 12.1593 9.93101 10.0638 68.085 
