150.3 162.599 158.012 149.724 150.783 138.318 155.014 151.716 144.087 142.853 38.3923 166.713 51.6843 -25.9599 214.769 -13.8847 9.09001 209.383 -31.1021 43.6994 197.303 -22.1363 76.1881 191.295 0.0626359 31.6364 218.142 65.947 15.0543 12.6417 14.6288 
150.192 162.625 158.183 149.725 150.795 138.293 154.947 151.747 143.878 143.031 38.6142 166.738 51.73 -25.8939 214.571 -13.8643 9.16211 209.344 -31.0977 43.8079 197.103 -21.9652 76.4108 191.315 0.113835 31.687 218.141 65.9721 15.1208 12.7543 14.6121 
150.149 162.668 158.472 149.828 150.884 138.324 155.022 151.917 143.848 143.214 38.7493 166.652 51.7972 -25.865 214.399 -13.8605 9.28898 209.219 -31.127 43.9727 196.767 -21.8517 76.5656 191.146 0.180283 31.7318 218.098 65.9739 15.1004 12.8958 14.6849 
150.105 162.824 158.809 150.103 151.129 138.329 155.137 152.059 144.007 143.52 38.929 166.594 51.8228 -25.8825 214.216 -13.8973 9.46271 208.998 -31.1959 44.2041 196.473 -21.8763 76.8214 190.925 0.181962 31.8037 218.016 65.937 15.1398 12.9652 14.8335 
150.056 163.139 159.109 150.699 151.502 138.354 155.524 152.4 144.515 143.9 39.217 166.56 51.8147 -25.8927 214.077 -14.084 9.7574 208.834 -31.4127 44.5585 196.342 -22.0961 77.086 190.676 0.165742 31.8945 217.925 65.8781 15.1222 12.9698 15.0418 
149.792 163.422 159.345 151.098 151.734 138.365 155.501 152.35 144.595 144.322 39.6094 166.498 51.8923 -25.8815 213.82 -14.2566 10.1237 208.528 -31.6011 44.963 196.041 -22.2166 77.568 190.515 0.122127 31.9694 217.769 65.7724 15.1977 13.0408 15.3253 
149.705 163.813 159.662 151.495 152.251 138.331 156.066 152.652 144.821 144.839 39.906 166.661 51.9305 -25.9282 213.812 -14.4576 10.395 208.32 -31.7467 45.2085 195.826 -22.2336 77.9334 190.552 0.113419 31.9973 217.797 65.7264 15.2943 13.0451 15.5513 
149.685 164.153 159.795 151.986 152.697 138.423 156.577 153.1 145.387 145.356 40.0028 166.694 51.9227 -25.9901 213.819 -14.6657 10.648 208.186 -31.9552 45.4224 195.715 -22.4244 78.0659 190.444 0.0617208 31.9883 217.807 65.6488 15.2513 13 15.7769 
149.617 164.408 159.883 152.418 153.14 138.422 157.059 153.523 145.928 145.769 40.2182 166.816 51.9271 -26.0253 213.998 -14.8775 10.7919 208.271 -32.1664 45.5544 195.813 -22.6508 78.148 190.427 -0.0267305 31.9615 217.853 65.5956 15.2403 12.9587 15.8911 
149.553 164.579 159.915 152.783 153.484 138.425 157.428 153.935 146.426 146.099 40.3806 166.898 51.933 -26.0391 214.087 -15.0814 10.8791 208.334 -32.3694 45.6465 195.916 -22.8759 78.2232 190.416 -0.115251 31.9143 217.88 65.537 15.26 12.9143 15.9402 
149.549 164.619 159.885 153.094 153.641 138.507 157.625 154.203 146.937 146.372 40.4062 166.989 51.883 -26.0205 214.224 -15.2249 10.9156 208.46 -32.5083 45.6926 196.2 -23.1206 78.2585 190.49 -0.205096 31.8793 217.952 65.5005 15.2975 12.8106 15.9303 
149.517 164.667 159.882 153.435 153.713 138.559 157.79 154.575 147.458 146.374 40.5144 167.068 51.8456 -26.0133 214.163 -15.3676 10.9269 208.575 -32.6807 45.7489 196.426 -23.3583 78.1802 190.416 -0.208945 31.8394 218.011 65.4498 15.2592 12.7601 15.8946 
149.485 164.671 159.891 153.752 153.885 138.594 157.84 154.882 147.919 146.365 40.6347 167.182 51.8085 -26.0375 214.039 -15.4241 10.8831 208.697 -32.8118 45.7729 196.661 -23.577 78.0646 190.337 -0.223809 31.7941 218.099 65.4083 15.2202 12.7228 15.8507 
149.473 164.639 159.936 153.92 154.07 138.609 157.842 155.094 148.222 146.436 40.7052 167.223 51.7502 -26.0826 213.947 -15.4758 10.7744 208.783 -32.9274 45.7136 196.808 -23.7477 77.9505 190.286 -0.309488 31.735 218.138 65.3569 15.2065 12.7005 15.787 
149.378 164.609 159.821 153.984 154.303 138.529 157.876 155.246 148.469 146.556 40.8825 167.331 51.6432 -26.1153 213.816 -15.589 10.6043 208.947 -33.0553 45.6089 197.181 -23.9659 77.9818 190.515 -0.472307 31.6358 218.156 65.2893 15.3406 12.6353 15.6466 
149.294 164.481 159.569 154.082 154.475 138.552 157.66 155.405 148.857 146.6 40.8361 167.296 51.5558 -26.2546 213.307 -15.564 10.365 208.998 -33.1394 45.5162 197.589 -24.2376 77.9361 190.651 -0.583724 31.4634 218.109 65.2158 15.4634 12.5793 15.5535 
149.231 164.439 159.388 154.072 154.586 138.539 157.611 155.414 148.949 146.693 40.7099 167.32 51.5941 -26.4601 213.075 -15.5204 10.1567 208.9 -33.1181 45.3527 197.696 -24.2921 77.8325 190.761 -0.613331 31.2491 218.102 65.205 15.5231 12.5342 15.5527 
149.211 164.441 159.213 154.179 154.713 138.581 157.554 155.461 149.126 146.773 40.4612 167.276 51.6473 -26.7376 212.751 -15.4643 9.93852 208.757 -33.1005 45.1981 197.755 -24.3593 77.6265 190.742 -0.58313 30.9832 218.08 65.1997 15.5275 12.5088 15.5982 
149.24 164.576 159.269 154.217 154.711 138.626 157.773 155.598 149.074 146.672 40.2015 167.263 51.7558 -27.1207 212.746 -15.4735 9.70378 208.667 -33.1374 44.9836 197.553 -24.3186 77.3598 190.564 -0.473309 30.6903 218.098 65.2019 15.5162 12.5804 15.7161 
149.343 164.654 159.127 154.155 154.616 138.708 157.91 155.771 149.076 146.626 39.7922 167.163 51.898 -27.5502 212.951 -15.4605 9.49935 208.765 -33.1875 44.7911 197.408 -24.2818 77.1068 190.295 -0.351823 30.401 218.119 65.2055 15.5467 12.6901 15.9086 
149.24 164.611 158.614 153.843 154.185 138.751 157.397 155.354 148.763 146.474 39.3454 167.051 52.0803 -27.9032 213.023 -15.3574 9.45317 208.79 -33.1261 44.7727 197.462 -24.2583 77.1339 190.156 -0.196311 30.123 218.043 65.197 15.7329 12.7463 16.1897 
149.163 164.576 158.106 153.675 153.802 138.803 156.958 155.028 148.562 146.271 38.9327 167.001 52.156 -28.2493 213.244 -15.3442 9.43551 209.056 -33.151 44.788 197.738 -24.33 77.1134 190.108 -0.0845122 29.838 218.008 65.1524 15.894 12.8051 16.4732 
149.086 164.567 157.538 153.459 153.46 138.902 156.395 154.71 148.482 145.95 38.5878 166.971 52.0886 -28.6023 213.183 -15.3256 9.39481 209.32 -33.2324 44.8208 198.218 -24.5221 77.0093 190.108 -0.0233064 29.5548 217.975 65.0373 16.0324 12.8039 16.743 
149.023 164.517 157.091 153.248 153.06 138.935 155.798 154.384 148.288 145.432 38.3203 166.983 52.122 -28.9685 212.98 -15.2398 9.31378 209.449 -33.2568 44.83 198.571 -24.619 76.8846 190.078 0.124539 29.2551 217.954 64.9711 16.1628 12.8179 16.9972 
148.95 164.568 156.939 153.19 152.95 138.8 155.477 154.137 148.202 145.332 38.2402 167.174 52.1636 -29.3779 212.967 -15.2369 9.15381 209.617 -33.3113 44.7867 199.049 -24.7822 76.9162 190.36 0.10269 28.9052 217.953 64.9293 16.3581 12.8014 17.2006 
148.86 164.737 157.301 153.405 153.114 138.71 155.375 154.03 148.075 145.3 38.2172 167.47 52.0545 -29.9338 213.163 -15.2205 8.80206 209.851 -33.4078 44.5467 199.364 -24.9104 76.7816 190.69 -0.0348754 28.528 218.063 64.8663 16.4466 12.8535 17.3875 
148.707 164.754 157.31 153.359 153.17 138.507 155.056 153.863 147.976 145.319 38.2667 167.605 51.9602 -30.5139 213.024 -15.1275 8.33096 209.952 -33.4502 44.2438 199.662 -25.0405 76.6496 191.031 -0.220747 28.1144 218.037 64.7627 16.5756 12.9162 17.5209 
148.593 164.772 157.194 153.265 153.314 138.433 154.874 153.831 148.036 145.639 38.1904 167.587 51.8889 -31.0957 212.922 -15.0713 7.88781 210.101 -33.5218 43.9587 200.016 -25.1676 76.6442 191.458 -0.429971 27.7109 217.961 64.6778 16.7776 12.974 17.6679 
148.615 164.769 157.134 153.115 153.428 138.386 154.647 153.676 148.045 146.025 37.9616 167.427 51.9367 -31.6873 212.733 -14.9781 7.32321 209.9 -33.5074 43.5185 200.06 -25.2475 76.5296 191.662 -0.633949 27.2868 217.826 64.6017 16.9727 12.9898 17.7387 
148.689 165.053 157.387 153.216 153.605 138.414 154.921 153.869 148.011 146.443 37.5416 167.283 51.9845 -32.3157 213.129 -15.0461 6.94146 209.954 -33.6486 43.1265 199.775 -25.2357 76.2926 191.538 -0.779293 26.8878 217.772 64.5406 17.0201 13.0893 17.9575 
148.872 165.483 157.528 153.32 153.495 138.603 155.263 154.042 147.819 146.53 36.4861 166.893 52.002 -33.4403 213.477 -15.1945 6.39496 209.67 -33.8962 42.4831 198.926 -25.2402 75.5716 190.758 -0.794557 26.1221 217.525 64.4037 16.9695 13.222 18.4505 
148.97 165.831 157.683 153.473 153.472 138.652 155.768 154.411 147.932 146.558 36.3486 166.897 51.9453 -33.7778 213.91 -15.4522 6.50924 209.849 -34.1879 42.5182 198.76 -25.3562 75.4361 190.5 -0.797948 25.9381 217.497 64.3185 16.8973 13.2894 18.7788 
149.178 166.175 157.717 153.671 153.453 138.77 156.185 154.894 148.282 146.375 36.1122 166.735 51.8521 -34.2073 214.231 -15.7853 6.63917 210.034 -34.5787 42.6107 198.678 -25.6203 75.1578 189.947 -0.733078 25.6092 217.328 64.1807 16.852 13.3565 19.1797 
149.326 166.402 157.756 153.769 153.396 138.83 156.411 155.167 148.319 146.062 36.1328 166.645 51.6433 -34.6106 214.349 -16.0391 6.72248 210.098 -34.9257 42.6811 198.46 -25.8185 74.9154 189.504 -0.739729 25.32 217.139 64.0044 16.7697 13.4707 19.5458 
149.415 166.66 157.879 153.993 153.478 138.872 156.748 155.545 148.537 145.78 36.2266 166.688 51.447 -35.0242 214.584 -16.3101 6.78992 210.367 -35.2902 42.7826 198.476 -26.0661 74.6943 189.153 -0.733875 25.0262 217.026 63.8393 16.753 13.6023 19.8953 
149.503 166.854 158.068 154.197 153.627 138.883 157.027 156.041 148.931 145.753 36.4496 166.709 51.3214 -35.3915 214.605 -16.5395 6.83686 210.673 -35.669 42.9346 198.687 -26.3628 74.6456 189.017 -0.773246 24.771 216.89 63.7139 16.8191 13.712 20.182 
149.488 166.939 158.177 154.357 153.815 138.899 157.119 156.468 149.281 145.666 36.659 166.723 51.217 -35.7189 214.414 -16.6895 6.81454 210.982 -35.9954 43.0701 198.986 -26.6537 74.6388 188.949 -0.816062 24.5252 216.758 63.5914 16.9535 13.8281 20.392 
149.538 166.889 158.238 154.337 154.009 138.83 157.079 156.592 149.329 145.687 36.8699 166.76 51.1178 -35.9726 214.219 -16.8272 6.70247 211.118 -36.2072 43.1044 199.155 -26.8291 74.7183 189.011 -0.911749 24.2765 216.63 63.4716 17.0898 13.9258 20.4838 
149.648 166.727 158.248 154.322 154.179 138.837 156.881 156.631 149.389 145.745 36.8483 166.763 51.0777 -36.2119 214.021 -16.8476 6.53016 211.207 -36.3249 43.0649 199.31 -26.9612 74.7498 189.03 -0.976582 24.0479 216.581 63.388 17.2456 13.9908 20.5431 
149.77 166.517 158.224 154.449 154.323 138.915 156.496 156.789 149.758 145.861 36.6698 166.602 51.1238 -36.4653 213.642 -16.7372 6.30367 211.329 -36.3893 43.0032 199.622 -27.1588 74.6907 188.92 -0.997848 23.8218 216.484 63.3497 17.4683 14.0056 20.5962 
149.914 166.41 158.283 154.738 154.548 139.005 156.166 157.035 150.204 146.025 36.4922 166.379 51.2152 -36.667 213.279 -16.6894 6.19017 211.417 -36.4913 43.0458 199.836 -27.3495 74.6754 188.635 -0.963404 23.6293 216.377 63.3002 17.7009 14.0385 20.6934 
150.02 166.342 158.36 155.07 154.808 139.101 155.875 157.187 150.558 146.093 36.2019 166.163 51.2573 -36.8438 213.001 -16.6647 6.11368 211.451 -36.5678 43.1058 199.944 -27.479 74.6407 188.239 -0.875672 23.445 216.295 63.2418 17.9247 14.0847 20.8039 
150.124 166.293 158.327 155.396 155.022 139.216 155.524 157.318 150.956 146.207 35.8316 165.868 51.3276 -37.0055 212.631 -16.6472 6.08182 211.347 -36.6129 43.2302 199.952 -27.5896 74.6275 187.715 -0.735856 23.2609 216.18 63.1686 18.1575 14.1391 20.9442 
150.195 166.286 158.087 155.595 155.078 139.351 155.047 157.332 151.309 146.231 35.3649 165.482 51.3704 -37.1715 211.982 -16.5953 6.05967 210.979 -36.5994 43.345 199.79 -27.6613 74.526 187.04 -0.55948 23.07 215.964 63.0605 18.3497 14.1688 21.1188 
150.227 166.297 157.874 155.739 155.127 139.424 154.658 157.42 151.624 146.36 34.99 165.142 51.424 -37.4052 211.511 -16.5671 5.99751 210.805 -36.63 43.4401 199.778 -27.7715 74.5766 186.591 -0.453884 22.8832 215.73 62.9703 18.6075 14.2242 21.3105 
150.246 166.37 157.552 155.887 155.026 139.468 154.214 157.385 151.853 146.196 34.7296 164.92 51.3936 -37.6512 210.882 -16.5511 5.98081 210.554 -36.6617 43.579 199.772 -27.8721 74.5496 186.105 -0.288594 22.6926 215.525 62.8338 18.8529 14.2725 21.5578 
150.352 166.433 156.928 156.269 154.997 139.503 153.664 157.354 152.322 146.176 34.4714 164.671 51.3218 -38.0168 210.399 -16.6757 6.23244 210.375 -36.7461 44.016 199.823 -27.965 74.6897 185.344 0.0254054 22.3863 215.224 62.6326 19.2686 14.3745 22.0899 
150.39 166.556 156.653 156.452 155.034 139.386 153.525 157.321 152.595 146.261 34.5267 164.731 51.0941 -38.2482 210.416 -16.9465 6.43132 210.387 -36.9492 44.299 199.96 -28.148 74.8468 185.038 0.042871 22.2176 215.057 62.4056 19.4996 14.4139 22.4187 
150.38 166.661 156.522 156.64 155.054 139.246 153.462 157.369 152.782 146.182 34.6383 164.893 50.8526 -38.5341 210.614 -17.2452 6.67049 210.666 -37.2435 44.6112 200.222 -28.3265 75.0322 184.882 0.0896044 22.0416 214.94 62.1777 19.7508 14.4934 22.8193 
150.346 166.804 156.477 156.784 155.022 139.11 153.558 157.526 152.871 146.094 34.7091 165.01 50.6941 -38.8299 210.987 -17.5437 6.9039 211.062 -37.5429 44.8941 200.397 -28.4637 75.2024 184.724 0.148518 21.8677 214.838 61.9734 19.9718 14.6149 23.2118 
150.378 166.933 156.493 156.901 155.168 139.049 153.699 157.786 153.034 146.25 34.7224 165.08 50.5751 -39.0772 211.144 -17.8502 7.10836 211.252 -37.8327 45.1232 200.388 -28.5323 75.3544 184.527 0.211789 21.6819 214.721 61.7851 20.1176 14.72 23.5425 
150.433 167.067 156.651 157.098 155.41 138.966 153.929 158.15 153.245 146.45 34.6916 165.099 50.5937 -39.333 211.351 -18.1392 7.28603 211.415 -38.0984 45.3433 200.281 -28.5545 75.4483 184.262 0.324027 21.4868 214.609 61.6572 20.2159 14.8565 23.8409 
150.805 167.889 156.251 155.804 154.775 139.752 154.455 158.223 152.846 146.831 34.52 164.723 50.0522 -40.3939 211.67 -18.0164 7.25886 211.398 -37.9859 45.7556 199.554 -28.3292 75.5025 184.001 0.107967 21.3752 214.224 61.4576 19.7464 15.5167 24.6942 
151.349 168.095 155.433 153.678 154.058 140.636 155.378 158.696 152.867 147.101 34.1948 164.407 49.4645 -41.2864 212.202 -18.0202 7.19155 211.476 -37.9484 46.1362 198.789 -28.0985 75.5717 183.756 -0.0635848 21.2548 213.892 61.2669 19.2783 16.2366 25.3639 
151.83 168.044 154.397 151.064 153.402 141.367 156.624 159.7 153.439 147.245 33.7074 164.245 48.9411 -41.9716 212.834 -18.1312 7.14613 211.818 -37.9755 46.4457 198.255 -27.8759 75.6709 183.712 -0.158253 21.1396 213.693 61.1375 18.8922 16.9051 25.8543 
152.269 167.944 153.401 148.627 152.948 142.039 157.764 160.967 154.447 147.283 33.24 164.051 48.4812 -42.5299 213.352 -18.2416 7.059 212.216 -38.0928 46.6816 197.792 -27.7994 75.6629 183.528 -0.240158 21.0254 213.505 61.0057 18.6319 17.5344 26.2232 
152.756 167.779 152.372 145.982 152.449 142.672 158.658 162.022 155.504 147.421 32.5723 163.86 48.0301 -42.9253 213.786 -18.4059 6.844 212.545 -38.2015 46.7124 197.453 -27.752 75.6631 183.498 -0.411402 20.8682 213.353 60.8774 18.4126 18.0191 26.3549 
153.282 167.569 151.45 143.567 152.072 143.268 159.503 163.056 156.492 147.48 31.8155 163.617 47.5928 -43.2675 214.191 -18.6654 6.58344 212.916 -38.4071 46.6061 197.189 -27.8109 75.5999 183.419 -0.618967 20.6856 213.238 60.6959 18.319 18.4177 26.391 
153.809 167.402 150.882 141.93 151.892 143.82 160.206 164.079 157.412 147.674 31.0531 163.204 47.2816 -43.588 214.361 -18.9515 6.30618 213.171 -38.7087 46.4468 196.849 -27.9944 75.3877 183.098 -0.872457 20.4572 213.061 60.4829 18.2591 18.7555 26.4 
154.336 167.145 150.445 140.791 151.713 144.323 160.766 164.74 157.901 147.627 30.5625 162.909 46.949 -43.7938 214.42 -19.3064 6.06777 213.263 -39.0011 46.2255 196.456 -28.1499 75.0469 182.868 -1.10276 20.1929 212.96 60.2566 18.1019 19.0041 26.3287 
154.759 166.643 149.797 139.796 151.468 144.729 161.122 164.959 157.953 147.513 30.1399 162.632 46.5712 -43.9269 214.341 -19.6349 5.74054 213.203 -39.2715 45.8234 196.115 -28.3525 74.6792 182.82 -1.46142 19.9249 212.867 59.9844 17.939 19.1148 26.1576 
155.092 166.179 149.303 139.297 151.181 145.019 161.383 164.864 157.55 147.376 29.8907 162.356 46.097 -44.06 214.196 -20.0131 5.46963 213.01 -39.6061 45.435 195.76 -28.6291 74.372 182.861 -1.91413 19.6841 212.71 59.6627 17.7439 19.1458 26.0244 
155.307 165.841 148.735 139.113 150.804 145.225 161.441 164.351 156.468 147.013 29.7853 162.136 45.5434 -44.1607 213.931 -20.3852 5.21657 212.631 -39.8305 45.0205 195.275 -28.779 73.9989 182.837 -2.31098 19.4569 212.533 59.3177 17.5031 19.1614 25.8853 
155.411 165.463 148.135 138.92 150.483 145.287 161.419 163.941 155.808 146.791 29.7088 161.993 45.0965 -44.2157 213.904 -20.6928 5.01039 212.499 -40.0403 44.6482 195.175 -29.0285 73.7702 183.059 -2.74189 19.2898 212.405 59.0291 17.3677 19.0643 25.7565 
155.395 165.125 147.348 138.802 150.204 145.289 161.361 163.3 155.097 146.648 29.5611 161.934 44.6854 -44.3154 213.977 -20.8545 4.77685 212.28 -40.1017 44.259 195.151 -29.2199 73.6526 183.436 -3.17067 19.1751 212.33 58.7804 17.2594 18.8982 25.6805 
155.378 165.049 146.86 139.121 150.061 145.348 161.498 163.068 154.578 146.453 29.4665 161.949 44.3649 -44.4623 214.053 -20.9685 4.66184 212.159 -40.2105 44.0079 195.148 -29.3942 73.5256 183.656 -3.40895 19.0963 212.33 58.6002 17.2155 18.7691 25.7258 
155.249 164.975 146.582 139.509 149.972 145.316 161.488 162.83 154.096 146.397 29.3243 162.066 43.9884 -44.5223 214.108 -21.138 4.54827 212.132 -40.3708 43.7782 195.266 -29.6186 73.5065 183.979 -3.71356 19.0275 212.342 58.4137 17.2125 18.6155 25.6908 
154.066 166.488 150.139 145.044 151.167 144.045 160.87 160.243 150.853 145.512 29.3624 162.874 43.6871 -44.0068 213.879 -21.7322 4.78716 212.847 -41.0058 43.6677 195.954 -30.3547 73.1325 184.579 -4.21549 18.8474 212.521 58.2356 17.0198 18.2386 25.2976 
153.864 167.335 152.496 147.59 151.116 144.024 159.73 158.455 149.094 145.522 29.5667 162.819 43.5386 -43.9839 213.657 -21.8941 4.81466 212.552 -41.1591 43.6274 195.798 -30.4981 73.1795 184.523 -4.3252 18.8468 212.44 58.0664 17.0593 18.149 25.3107 
153.814 167.667 153.706 148.802 150.948 144.131 159.099 157.304 148.028 145.505 29.6648 162.749 43.3314 -43.997 213.364 -22.0086 4.85507 212.104 -41.2456 43.6284 195.605 -30.5617 73.3132 184.435 -4.37644 18.8597 212.285 57.9074 17.1341 18.0396 25.3781 
153.774 167.726 154.247 149.636 150.847 144.205 158.911 156.543 147.273 145.508 29.7 162.779 43.1201 -43.9706 213.206 -22.1761 4.89495 211.549 -41.3165 43.639 195.298 -30.5848 73.4186 184.354 -4.4373 18.8868 212.229 57.729 17.1206 17.9455 25.407 
153.76 167.686 154.406 150.198 150.778 144.256 158.942 156.186 146.878 145.553 29.7506 162.823 42.9812 -43.9817 212.974 -22.3067 4.88772 210.954 -41.3537 43.6203 194.943 -30.5784 73.4228 184.168 -4.46271 18.9132 212.215 57.5861 17.0733 17.8517 25.4251 
153.776 167.548 154.28 150.636 150.851 144.318 159.187 156.415 146.809 145.862 29.7066 162.772 42.9063 -43.9664 212.716 -22.4782 4.82968 210.455 -41.5188 43.5624 194.632 -30.6877 73.4482 183.983 -4.5964 18.9539 212.227 57.4263 17.055 17.7513 25.3763 
153.919 167.449 153.861 151.002 151.139 144.437 159.459 156.935 147.086 146.22 29.4533 162.665 42.8263 -43.9264 212.446 -22.6751 4.76812 209.89 -41.6873 43.5037 194.184 -30.7985 73.2777 183.46 -4.6695 18.9807 212.28 57.2608 16.9979 17.665 25.3005 
153.984 167.291 153.255 151.075 151.349 144.452 159.876 157.758 147.617 146.493 29.4056 162.563 42.8183 -43.9404 212.169 -22.869 4.61759 209.328 -41.8916 43.3494 193.733 -30.9898 73.0064 182.958 -4.81692 19.0044 212.328 57.0737 16.9179 17.5683 25.1989 
153.097 168.56 155.044 152.938 152.665 143.302 160.038 157.08 147.539 145.871 29.5691 163.376 42.673 -43.5217 212.236 -23.4438 4.71586 209.897 -42.5157 43.1581 194.168 -31.7296 72.5068 183.088 -5.27208 18.9183 212.6 56.8927 16.7908 17.2618 24.7789 
152.572 169.358 156.774 154.53 153.763 142.346 159.911 156.905 147.694 145.19 29.557 163.994 42.4353 -43.0781 212.253 -23.9547 4.79501 210.618 -43.1461 42.8948 194.643 -32.463 71.9947 183.214 -5.70076 18.8516 212.79 56.7215 16.7334 16.9896 24.3705 
152.228 169.934 158.277 155.72 154.654 141.534 159.719 157.019 147.867 144.639 29.5855 164.467 42.188 -42.6163 212.257 -24.4269 4.85615 211.393 -43.7628 42.6181 195.122 -33.1413 71.5494 183.416 -6.16881 18.7982 212.939 56.535 16.6748 16.7747 23.9815 
151.967 170.316 159.478 156.658 155.307 140.79 159.511 157.151 147.995 144.042 29.6956 164.809 42.0855 -42.2054 212.181 -24.8088 4.91341 211.847 -44.2129 42.373 195.34 -33.641 71.1212 183.392 -6.44096 18.7437 212.995 56.4022 16.6403 16.5942 23.6508 
151.786 170.522 160.293 157.256 155.712 140.147 159.299 157.17 148.083 143.473 29.8085 165.075 41.9891 -41.8692 212.142 -25.0737 4.93576 212.177 -44.5025 42.1521 195.597 -34.0383 70.771 183.404 -6.64429 18.7044 212.996 56.2927 16.6523 16.3988 23.381 
151.622 170.721 160.858 157.665 156.021 139.599 159.329 157.238 148.165 142.969 30.0004 165.22 41.9589 -41.646 212.225 -25.2678 4.9603 212.444 -44.7173 41.9522 195.77 -34.3449 70.4721 183.426 -6.80441 18.6785 212.961 56.2197 16.6579 16.2657 23.1946 
151.625 170.894 161.241 157.984 156.276 139.206 159.351 157.348 148.376 142.736 30.0592 165.298 41.9947 -41.5255 212.332 -25.3422 4.93802 212.69 -44.8065 41.8215 196.009 -34.5613 70.2808 183.447 -6.88605 18.6389 212.949 56.2092 16.7159 16.1552 23.0735 
151.669 171.014 161.469 158.141 156.416 138.911 159.483 157.593 148.597 142.547 30.1579 165.278 42.009 -41.4882 212.437 -25.4065 4.9306 212.984 -44.9205 41.7424 196.256 -34.7591 70.1019 183.501 -6.97884 18.603 212.914 56.1692 16.7489 16.113 23.0399 
151.751 171.074 161.646 158.251 156.498 138.689 159.606 157.879 148.894 142.516 30.2583 165.276 41.9373 -41.5372 212.56 -25.4746 4.89149 213.262 -45.0466 41.7083 196.547 -34.9907 70.02 183.569 -7.10069 18.5625 212.867 56.1019 16.8267 16.0758 23.0553 
151.82 171.034 161.762 158.284 156.494 138.542 159.74 158.079 149.123 142.427 30.4094 165.296 41.8551 -41.6187 212.673 -25.4987 4.87863 213.468 -45.1249 41.7187 196.861 -35.164 70.0087 183.746 -7.18202 18.5291 212.819 56.0504 16.891 16.0271 23.1176 
151.809 170.848 161.822 158.235 156.404 138.416 159.89 158.143 149.181 142.231 30.5764 165.274 41.8574 -41.6804 212.743 -25.4965 4.82583 213.456 -45.1303 41.6524 196.969 -35.2188 69.9305 183.867 -7.18867 18.475 212.759 56.0329 16.9017 15.9811 23.1188 
151.779 170.688 161.81 158.165 156.31 138.365 160.087 158.298 149.282 142.079 30.6742 165.215 41.8425 -41.7962 212.8 -25.5336 4.78656 213.442 -45.1772 41.5726 196.978 -35.2996 69.7983 183.81 -7.18602 18.3915 212.694 55.9821 16.9545 15.9649 23.1694 
151.763 170.536 161.774 158.059 156.156 138.355 160.281 158.447 149.378 141.959 30.8229 165.166 41.8406 -41.9258 212.881 -25.583 4.75543 213.428 -45.2189 41.5175 197.018 -35.3787 69.7061 183.773 -7.17226 18.309 212.616 55.9525 17.0237 15.9404 23.2221 
151.802 170.35 161.789 158.04 155.99 138.299 160.634 158.775 149.657 141.757 30.9463 165.032 41.7654 -42.1512 212.997 -25.7659 4.64147 213.438 -45.3982 41.3632 197.104 -35.6424 69.4106 183.625 -7.22461 18.0958 212.453 55.8282 17.1496 15.8893 23.2704 
151.8 170.135 161.611 157.888 155.796 138.393 160.707 159.03 149.821 141.691 31.0178 164.847 41.7849 -42.2853 212.988 -25.7861 4.57773 213.406 -45.407 41.3068 197.081 -35.6944 69.2257 183.446 -7.19659 17.9657 212.33 55.7864 17.2161 15.9098 23.3208 
