138.052 167.772 163.468 168.488 163.516 125.109 156.944 157.017 159.619 155.632 16.278 170.854 -31.1165 52.2444 188.599 -124.946 21.7086 162.411 -130.976 -3.7722 143.779 -114.543 -23.6383 137.228 -84.897 7.16227 208.048 -38.5641 9.5389 10.3464 14.4366 
136.111 167.877 163.596 169.129 163.662 124.961 156.98 157.082 159.828 155.619 16.9316 171.568 -31.4288 52.3641 188.491 -124.701 21.6454 162.142 -130.682 -3.83139 143.476 -114.16 -23.602 136.861 -84.4337 7.27485 207.885 -38.3582 9.60965 10.3918 14.6372 
134.95 168.025 163.728 169.837 163.613 124.958 157.149 157.146 160.143 155.3 17.4263 171.787 -31.5485 52.3588 188.31 -124.597 21.4226 161.749 -130.43 -3.99762 143.161 -113.828 -23.5366 136.411 -83.8287 7.3372 207.65 -38.1809 9.7577 10.3625 14.8693 
135.321 168.382 163.982 171.058 163.471 125.162 157.477 157.214 160.806 154.77 17.9634 171.293 -31.3411 52.3996 187.521 -124.305 21.2784 160.627 -129.796 -4.28117 142.363 -113.09 -23.4392 135.621 -82.7107 7.44526 207.14 -37.877 9.89788 10.3367 15.1368 
135.695 168.641 164.195 171.664 163.169 125.696 157.727 157.261 161.073 154.311 18.2253 170.91 -31.4312 52.2596 187.146 -124.25 21.0392 159.937 -129.488 -4.43542 141.845 -112.615 -23.3158 135.107 -82.017 7.46052 206.877 -37.747 9.97256 10.2801 15.3283 
135.696 168.862 164.497 172.141 163.045 126.149 157.974 157.334 161.379 154.057 18.4257 170.715 -31.5106 52.0935 186.673 -124.226 20.9386 159.174 -129.183 -4.39129 141.387 -112.264 -23.1857 134.708 -81.5422 7.50025 206.688 -37.636 10.0139 10.0859 15.3865 
136.465 169.202 164.974 172.855 162.973 126.51 158.345 157.547 161.988 153.948 18.2712 170.203 -31.3512 51.8189 186.239 -124.213 20.8002 158.426 -128.911 -4.35503 141.044 -112.014 -23.0121 134.353 -81.1369 7.50583 206.529 -37.5299 10.0608 9.80278 15.4058 
137.406 169.495 165.329 173.395 162.835 127.001 158.745 157.718 162.406 153.722 18.1348 169.654 -31.2891 51.6576 185.719 -124.181 20.7427 157.668 -128.588 -4.30577 140.698 -111.714 -22.8701 134.143 -80.6973 7.52032 206.404 -37.4312 10.0658 9.55936 15.4172 
139.472 169.738 165.687 173.985 162.56 127.485 159.181 157.856 162.898 153.35 17.7146 168.487 -30.8376 51.5972 185.35 -124.204 20.8992 157.066 -128.411 -4.16207 140.545 -111.657 -22.7319 134.074 -80.4646 7.55903 206.242 -37.3679 10.1343 9.32484 15.3721 
141.017 170.072 166.015 174.439 162.383 128.138 159.627 158.038 163.412 153.112 17.4388 167.546 -30.6344 51.4998 184.963 -124.247 20.8318 156.458 -128.253 -4.16034 140.279 -111.526 -22.5348 133.837 -80.0607 7.57366 206.102 -37.3201 10.2281 9.13028 15.4292 
142.773 170.456 166.345 174.784 162.229 128.886 160.088 158.245 163.893 152.861 17.2141 166.508 -30.4385 51.3847 184.538 -124.315 20.7074 155.745 -128.058 -4.17142 139.873 -111.324 -22.2507 133.483 -79.5125 7.60249 205.95 -37.2894 10.3359 8.94113 15.5399 
143.464 170.71 166.596 175.089 162.013 129.76 160.519 158.439 164.261 152.524 17.2714 165.843 -30.6688 51.2452 184.217 -124.448 20.5904 155.185 -127.98 -4.17118 139.571 -111.23 -21.976 133.151 -79.0774 7.63719 205.787 -37.2811 10.4879 8.77139 15.6101 
144.675 170.936 166.776 175.137 161.866 130.578 160.86 158.549 164.422 152.195 17.1929 164.929 -30.6653 51.0841 183.782 -124.567 20.4504 154.638 -127.935 -4.1002 139.282 -111.131 -21.7172 132.859 -78.7273 7.67338 205.65 -37.3006 10.6145 8.56671 15.6049 
145.861 171.2 166.909 175.087 161.697 131.349 161.183 158.583 164.573 151.982 17.0341 164.015 -30.6717 50.8753 183.289 -124.735 20.2744 153.938 -127.865 -4.01471 138.913 -111.05 -21.4759 132.508 -78.4305 7.71825 205.506 -37.3618 10.7234 8.29463 15.6361 
146.953 171.329 166.904 174.803 161.603 132.094 161.403 158.545 164.474 151.739 16.9091 163.127 -30.5462 50.7707 182.839 -124.863 20.2755 153.353 -127.815 -3.87454 138.54 -110.939 -21.3333 132.198 -78.103 7.77811 205.359 -37.4129 10.8669 8.14988 15.6066 
147.537 171.479 166.93 174.75 161.435 132.612 161.576 158.516 164.504 151.47 16.9283 162.507 -30.4347 50.7349 182.573 -124.939 20.3144 152.978 -127.805 -3.81695 138.273 -110.85 -21.2417 131.929 -77.771 7.85264 205.225 -37.4289 11.05 8.11625 15.5979 
148.473 171.589 166.972 174.949 161.258 133.244 161.681 158.487 164.731 151.361 16.864 161.624 -30.1799 50.6655 182.168 -124.989 20.4469 152.505 -127.755 -3.70768 138.019 -110.82 -21.1224 131.61 -77.5159 7.94531 205.036 -37.4336 11.2362 8.02395 15.4936 
148.865 171.871 167.097 175.694 161.159 133.893 161.816 158.506 165.236 151.39 17.2406 161.043 -30.2006 50.5107 181.673 -125.025 20.4432 151.854 -127.569 -3.69304 137.661 -110.731 -20.824 131.096 -77.0209 8.0463 204.798 -37.3926 11.494 7.86059 15.4593 
149.336 172.117 167.364 176.749 161.204 134.412 161.978 158.603 165.745 151.499 17.5888 160.482 -30.17 50.3713 180.994 -124.972 20.4065 151.109 -127.291 -3.70618 137.244 -110.552 -20.5898 130.582 -76.5402 8.17157 204.525 -37.3411 11.6925 7.6943 15.4075 
149.908 172.613 167.909 178.636 161.356 135.162 162.297 158.828 166.865 151.825 18.3005 159.603 -30.0883 50.1364 179.69 -124.829 20.4063 149.705 -126.671 -3.81833 136.527 -110.165 -20.1236 129.687 -75.6211 8.52722 203.994 -37.1635 12.0238 7.44599 15.2913 
149.831 172.898 168.237 179.992 161.582 135.212 162.465 159.139 167.302 152.357 18.8177 159.512 -30.1402 49.9862 178.742 -124.703 20.2102 148.788 -126.312 -3.976 135.872 -109.827 -20.0172 129.145 -75.3058 8.73316 203.698 -37.1137 11.9184 7.34567 15.2541 
149.944 173.234 168.487 178.957 161.882 135.297 162.526 159.553 167.528 152.717 19.2989 159.325 -30.4202 49.8634 177.96 -124.658 19.9125 148.147 -126.197 -3.91904 135.238 -109.603 -19.6159 128.514 -75.1211 8.97985 203.341 -37.0877 11.83 7.19044 15.2165 
150.532 173.629 168.437 178.499 162.089 135.304 162.453 159.885 167.229 152.628 19.4727 159.108 -30.6354 49.7612 177.421 -124.521 19.3489 147.951 -126.098 -3.93164 134.809 -109.246 -19.152 128.156 -74.7798 9.23674 203.059 -37.024 11.7522 7.0848 15.2623 
151.015 173.552 168.127 178.672 162.39 134.951 162.09 160.076 166.429 152.309 19.3248 158.892 -30.5975 49.9311 177.18 -124.456 19.1245 148.121 -126.245 -3.58839 134.428 -109.059 -18.636 127.906 -74.6715 9.57069 202.798 -37.0097 11.6647 7.14041 15.2626 
152.01 172.795 167.601 179.01 162.612 134.473 161.573 159.999 164.548 151.653 18.4516 158.326 -30.3796 50.3462 176.787 -124.528 19.2099 148.267 -126.612 -2.88659 133.927 -109.13 -17.9954 127.855 -75.0052 9.91904 202.525 -37.1292 11.3326 7.25754 15.157 
153.583 171.637 166.725 175.689 162.563 133.893 160.908 159.544 162.455 150.733 17.1199 157.301 -29.7892 51.145 176.722 -124.645 19.8807 148.877 -127.253 -1.87682 133.963 -109.751 -17.3271 128.377 -76.0231 10.3014 202.335 -37.3844 10.8651 7.41705 14.9108 
154.865 170.101 165.716 173.267 162.139 133.504 160.115 159.007 161.066 150.417 16.2305 156.514 -29.6214 52.3019 177.047 -124.836 21.294 149.77 -128.175 -0.337856 134.377 -111.069 -16.4518 128.975 -78.0108 10.7022 202.075 -37.738 10.2399 7.43667 14.5205 
155.528 168.612 164.773 171.064 161.695 133.072 159.14 158.498 159.987 150.521 16.5319 156.122 -30.0463 53.4708 177.709 -125.049 22.9024 150.765 -129.162 1.5732 134.67 -112.365 -15.1133 129.327 -80.0539 11.0902 201.693 -38.0896 9.55527 7.50744 14.1556 
155.497 167.312 164.008 169.196 161.395 132.363 158.531 158.298 159.317 150.802 17.4554 156.113 -30.5215 54.4912 178.661 -125.311 24.3414 152.029 -130.197 3.31608 135.052 -113.607 -13.7737 129.644 -81.8781 11.4132 201.278 -38.3424 9.00993 7.72156 13.8385 
155.555 166.178 163.24 167.814 161.358 131.68 157.816 158.024 158.855 151.441 18.3796 156.333 -31.0191 55.3089 179.401 -125.366 25.5808 153.056 -130.92 4.74641 135.352 -114.546 -12.8155 129.922 -83.454 11.6101 200.871 -38.4432 8.44974 7.8953 13.5388 
155.37 165.136 162.377 166.731 161.574 131.137 157.034 157.51 158.422 152.211 19.5952 156.821 -31.7234 56.0665 179.923 -125.259 26.847 153.825 -131.259 6.09087 135.683 -115.174 -12.0743 130.335 -84.8555 11.8073 200.604 -38.5187 7.87405 7.93435 13.218 
155.144 164.08 161.4 165.711 161.725 130.575 156.275 156.823 157.947 152.821 20.2998 157.238 -32.4204 56.8035 180.174 -125.163 28.092 154.301 -131.412 7.27476 135.955 -115.641 -11.584 130.782 -86.0741 12.0073 200.377 -38.6811 7.44823 7.91416 12.907 
154.7 163.464 160.816 164.917 162.105 129.816 155.961 156.441 157.727 153.703 21.0602 157.897 -33.3116 57.2977 180.416 -125.142 29.028 154.733 -131.591 8.07895 136.267 -116.101 -11.3927 131.227 -87.2821 12.1268 200.064 -38.7584 7.11798 7.88666 12.6368 
154.305 162.945 160.377 164.262 162.345 129.037 155.705 155.992 157.486 154.103 21.3729 158.422 -33.8058 57.8303 180.474 -125.029 29.9436 154.999 -131.588 8.73953 136.633 -116.36 -11.274 131.767 -88.1024 12.2797 199.89 -38.8166 6.96535 7.83201 12.3819 
153.903 162.686 160.189 163.766 162.512 128.456 155.585 155.649 157.3 154.379 21.5016 158.909 -34.1058 58.1886 180.501 -124.942 30.585 155.153 -131.522 9.05773 136.914 -116.448 -11.3907 132.194 -88.5454 12.3699 199.845 -38.8372 6.96216 7.83285 12.2003 
153.448 162.496 160.091 163.387 162.624 128.006 155.417 155.327 157.147 154.66 21.7846 159.376 -34.3212 58.5677 180.487 -124.747 31.1667 155.178 -131.364 9.26153 137.031 -116.427 -11.7285 132.388 -88.8195 12.4003 199.82 -38.8167 7.14182 7.88505 12.1022 
153.03 162.384 160.053 162.937 162.688 127.632 155.179 154.898 156.836 154.866 21.8232 159.745 -34.3135 58.8531 180.445 -124.551 31.5863 155.058 -131.11 9.36323 137.048 -116.231 -12.2349 132.537 -88.9911 12.3809 199.866 -38.7965 7.38113 7.92723 12.0924 
153.035 162.504 160.247 162.66 162.595 127.541 155.1 154.648 156.593 154.815 21.4112 159.804 -33.9092 59.1141 180.419 -124.418 31.8175 154.966 -130.921 9.22882 137.037 -115.965 -12.8118 132.656 -88.8222 12.358 200.058 -38.7685 7.64975 8.0771 12.156 
152.801 162.586 160.343 162.441 162.482 127.462 155.038 154.439 156.367 154.718 21.2552 159.937 -33.7909 59.3718 180.586 -124.388 31.9791 155.091 -130.873 9.08897 137.237 -115.908 -13.3376 132.87 -88.8475 12.3735 200.235 -38.7936 7.91996 8.18751 12.2516 
152.644 162.683 160.402 162.236 162.253 127.472 154.969 154.223 156.183 154.561 21.1824 160.11 -33.857 59.5826 180.798 -124.408 32.1062 155.222 -130.856 9.01282 137.495 -115.943 -13.6878 133.096 -88.8904 12.3819 200.418 -38.8451 8.13577 8.20466 12.3552 
152.491 162.771 160.4 162.058 162.1 127.47 154.944 154.067 156.078 154.483 21.0284 160.088 -33.8644 59.7764 180.954 -124.476 32.2353 155.322 -130.869 9.00086 137.805 -116.094 -13.9255 133.361 -89.0783 12.421 200.527 -38.9388 8.29887 8.13145 12.4363 
152.59 162.893 160.518 162.096 161.929 127.586 155.128 154.137 156.164 154.295 20.6751 159.793 -33.8001 59.8654 181.174 -124.706 32.3016 155.563 -131.076 8.98251 138.203 -116.434 -13.9117 133.66 -89.2958 12.505 200.599 -39.061 8.32163 8.05932 12.4466 
153.031 163.133 160.869 162.352 161.97 127.833 155.559 154.596 156.528 154.234 20.0518 159.279 -33.6197 59.7704 181.374 -125.033 32.1045 155.885 -131.464 8.84299 138.591 -116.819 -13.6947 133.947 -89.4371 12.6132 200.635 -39.1378 8.1592 8.00486 12.431 
152.815 163.261 161.102 162.506 161.948 127.918 156.019 155.191 156.951 154.116 19.9997 159.211 -33.8982 59.5495 181.619 -125.451 31.7996 156.385 -132.014 8.7587 139.038 -117.317 -13.194 134.162 -89.5744 12.7326 200.578 -39.2239 7.93514 7.94517 12.3401 
150.789 163.326 162.041 162.769 161.173 127.041 157.114 157.403 158.63 152.986 21.446 160.611 -34.7494 58.3364 181.948 -126.172 30.2615 157.075 -132.953 8.48972 139.512 -117.724 -10.9155 134.033 -88.1564 12.9569 200.55 -39.2116 7.50071 7.68874 12.262 
150.079 163.84 162.707 163.333 159.693 126.005 158.503 159.23 160.121 150.688 21.6514 161.511 -35.0989 56.3056 181.814 -126.896 28.5484 157.347 -133.477 8.19246 139.962 -117.903 -8.72113 133.959 -86.1188 12.9644 200.511 -39.0756 8.096 7.24641 11.7338 
149.893 164.907 163.239 164.056 158.704 124.874 160.038 160.692 161.438 149.239 21.5236 162.211 -35.6648 53.9871 181.986 -127.979 27.1975 158.14 -134.3 7.87785 141.017 -118.653 -7.26671 134.736 -85.4878 12.9036 200.519 -39.1486 8.70404 6.849 10.7396 
149.753 166.067 163.864 165.043 159.192 123.551 161.608 162.156 162.989 149.314 21.4373 163.288 -36.4603 51.7518 181.952 -128.828 25.9756 158.536 -134.854 7.37251 141.847 -119.29 -6.73207 135.385 -85.3961 12.7186 200.499 -39.153 9.09687 6.41343 9.83294 
149.732 167.244 164.605 166.038 160.254 122.694 163.246 163.409 164.437 150.099 21.3155 164.048 -36.9435 49.6337 181.826 -129.646 24.9952 158.585 -135.327 6.97205 142.422 -119.86 -6.47586 136 -85.594 12.5198 200.52 -39.1356 9.16012 5.9553 9.00853 
149.539 168.3 165.196 167.191 161.744 121.727 164.799 164.35 165.758 151.447 21.3249 165.016 -37.6904 47.6103 181.598 -130.352 24.2659 158.32 -135.622 6.70111 142.713 -120.284 -6.43277 136.433 -85.9973 12.2953 200.427 -39.0885 8.91829 5.48848 8.29619 
149.085 169.194 165.515 168.075 163.104 121.249 165.982 164.86 166.68 152.924 21.6945 165.72 -38.0265 45.9487 181.269 -130.811 23.7137 157.768 -135.662 6.44573 142.69 -120.437 -6.71534 136.729 -86.3912 12.0214 200.403 -38.9939 8.41655 5.0809 7.87795 
148.652 169.813 165.594 168.834 163.971 121.338 166.689 164.876 167.209 154.044 21.9625 166.151 -38.1748 44.5565 180.516 -130.954 23.3237 156.738 -135.284 6.31503 142.311 -120.206 -6.96185 136.846 -86.4588 11.6656 200.386 -38.8144 7.85346 4.60962 7.62844 
148.595 170.535 165.669 169.258 164.277 121.906 167.075 164.7 167.389 154.47 21.9493 166.256 -38.0846 43.6199 179.663 -130.849 22.848 155.59 -134.677 5.90099 141.72 -119.66 -7.52744 136.694 -85.968 11.2549 200.438 -38.5636 7.60938 4.28386 7.6649 
148.969 170.824 165.377 169.324 164.23 122.927 166.812 164.068 167.071 154.507 21.653 165.822 -37.8574 43.2003 178.593 -130.445 22.5695 154.19 -133.663 5.57835 140.819 -118.7 -8.13136 136.106 -85.1321 10.8094 200.41 -38.3288 7.52415 4.01687 7.87912 
149.672 169.617 164.935 166.648 162.84 123.545 166.602 163.213 164.916 153.382 20.9762 165.647 -37.2616 42.865 177.349 -129.934 22.767 152.684 -132.714 5.6839 139.158 -116.798 -8.80154 135.267 -83.7507 10.2762 200.479 -38.0997 7.05467 4.53988 7.89524 
150.691 168.108 164.57 164.989 161.999 123.66 165.866 162.16 162.969 152.048 20.24 165.179 -36.5185 42.8503 176.818 -129.544 22.9655 151.494 -132.077 5.6254 137.522 -115.265 -9.49013 134.068 -82.4005 9.75334 200.505 -38.0206 7.0479 5.18331 8.23591 
152.061 166.882 164.666 164.419 161.624 123.98 165.077 161.583 161.663 151.44 19.5942 164.351 -35.5329 43.2075 176.879 -129.168 22.7351 150.887 -131.725 4.99894 136.11 -114.01 -10.6648 132.74 -81.0181 9.2458 200.618 -37.9253 7.48265 6.04928 8.78332 
153.399 166.119 164.844 164.345 161.707 124.943 164.166 161.167 160.839 151.339 18.9732 163.15 -34.4812 43.707 176.762 -128.684 22.3894 150.375 -131.382 4.21208 134.909 -113.019 -11.8795 131.55 -79.8318 8.81942 200.791 -37.828 7.9298 6.73383 9.20164 
154.401 165.272 164.728 164.106 161.875 126.197 163.335 160.664 159.946 150.74 18.563 161.938 -33.7324 44.0506 176.763 -128.3 21.9533 150.053 -130.989 3.55828 133.961 -112.029 -12.5481 130.538 -78.5242 8.5391 200.915 -37.7905 8.46301 7.36372 9.66216 
154.815 165.711 164.414 163.894 162.311 127.616 163.048 160.645 159.945 150.588 18.0085 160.815 -33.346 43.2276 176.854 -128.303 21.2664 150.662 -130.898 3.21987 134.332 -112.065 -12.3802 130.916 -78.7482 8.4105 200.962 -37.7472 8.23939 7.41601 9.33222 
154.762 167.627 165.727 164.066 162.44 127.019 165.182 163.125 161.717 152.037 17.535 160.7 -33.2247 39.9488 177.535 -128.862 18.9213 152.427 -131.71 2.432 135.918 -113.093 -12.2384 132.466 -80.194 8.32703 201.091 -37.3825 7.53555 7.31088 8.28321 
154.738 169.709 166.796 165.687 163.353 125.86 166.991 165.09 164.098 154.005 17.4301 161.295 -33.3579 38.0077 177.645 -128.915 17.6728 153.17 -131.901 2.12598 137.224 -113.993 -11.977 133.649 -81.3469 8.34758 201.001 -36.9082 7.05093 6.70853 7.64195 
155.252 169.493 167.313 166.422 164.21 126.254 168.301 165.752 164.308 154.113 17.055 161.35 -32.9003 36.4467 177.46 -128.991 17.0282 152.952 -131.79 1.82752 136.877 -113.392 -11.1467 134.161 -80.9284 8.09845 200.973 -36.5217 6.48909 6.98123 7.42907 
155.523 169.112 167.605 166.728 165.159 126.653 169.344 166.112 164.169 153.756 16.7593 161.371 -32.285 35.038 177.651 -129.083 16.5834 152.825 -131.656 1.79084 136.338 -112.548 -9.92736 134.592 -80.1855 7.87444 200.983 -36.1505 6.26189 7.51262 7.49885 
155.44 168.667 167.725 166.804 166.399 126.833 170.04 166.247 163.826 153.465 16.599 161.352 -31.5957 33.8696 178.301 -129.193 16.1385 153.061 -131.658 1.7457 135.978 -111.842 -8.70219 135.189 -79.6351 7.64406 201.016 -35.7673 6.36872 8.1665 7.76869 
155.357 168.342 167.53 166.632 167.717 126.905 170.407 166.223 163.323 152.912 16.2766 161.374 -31.0571 32.9323 178.692 -129.182 15.824 153.245 -131.614 1.82398 135.597 -111.167 -7.57064 135.663 -79.0307 7.40053 201 -35.4198 6.7866 8.78315 7.92085 
155.264 168.022 167.347 166.524 168.715 126.78 170.446 166.095 162.856 151.805 15.7904 161.536 -30.6391 32.2179 179.097 -129.189 15.6743 153.528 -131.646 1.94852 135.396 -110.73 -6.48138 136.084 -78.3303 7.14194 201.03 -35.1538 7.60526 9.29676 8.05521 
155.015 167.773 167.131 166.405 169.06 126.334 170.357 165.95 162.424 150.39 15.4309 162.126 -30.5526 31.6061 179.675 -129.23 15.5601 154.11 -131.738 2.07349 135.529 -110.488 -5.64873 136.482 -77.6145 6.85803 201.124 -34.9296 8.40634 9.68925 8.09231 
154.87 167.686 166.848 166.238 169.152 125.856 170.06 165.791 162.039 148.892 15.0686 162.63 -30.5429 31.3125 180.163 -129.241 15.4745 154.794 -131.872 2.12459 135.81 -110.4 -4.86958 136.873 -76.9157 6.57224 201.166 -34.7777 9.33465 10.0055 7.99494 
154.859 167.646 166.492 166.028 168.556 125.234 169.665 165.592 161.655 147.328 14.6055 162.983 -30.5153 31.1593 180.34 -129.228 15.4804 155.309 -131.919 2.17719 136.211 -110.42 -4.47201 137.208 -76.3855 6.26858 201.166 -34.7619 10.017 10.1069 7.8288 
155.072 167.501 166.063 166.018 167.279 124.347 168.937 165.197 161.445 147.345 14.6148 163.645 -30.8387 31.1025 179.644 -128.969 15.6318 155.24 -131.66 2.14369 136.456 -110.452 -5.50941 137.028 -76.6058 5.90669 201.11 -34.8147 9.24166 9.80179 7.40621 
154.929 167.314 165.624 166.136 165.361 123.075 168.06 164.787 161.448 147.528 15.067 164.754 -31.4149 31.1692 178.806 -128.694 15.8173 155.054 -131.372 2.09143 136.684 -110.591 -6.81706 136.836 -77.0313 5.54623 201.054 -34.9518 8.10764 9.30082 6.86275 
154.844 167.463 165.492 166.524 164.105 122.352 167.542 164.581 161.794 148.32 15.6715 165.703 -32.1246 31.1165 178.107 -128.529 15.6905 154.84 -131.155 1.72879 137.028 -110.837 -8.37339 136.748 -77.578 5.18838 201.083 -35.0778 6.94751 8.66793 6.37787 
154.991 167.892 165.622 167.046 163.174 122.423 167.553 164.743 162.33 149.046 15.7683 166.13 -32.245 30.9395 177.57 -128.263 15.2102 154.724 -130.883 1.00473 137.459 -110.918 -9.98488 136.79 -77.7522 4.83815 201.315 -35.0123 6.25429 8.14538 5.96993 
155.295 168.144 165.635 167.294 162.77 122.491 167.503 164.793 162.659 150.001 15.3364 166.258 -32.3189 30.6676 177.097 -128.083 14.7866 154.629 -130.687 0.336965 137.803 -111.047 -11.5697 136.868 -78.2419 4.43247 201.479 -35.0093 5.50765 7.70549 5.62314 
155.912 168.384 165.569 167.278 162.492 122.879 167.646 164.826 162.797 150.362 14.3834 165.763 -32.1774 30.1329 176.74 -127.945 14.1612 154.532 -130.482 -0.403242 138.08 -111.048 -12.7203 136.931 -78.4018 3.98547 201.568 -34.9959 5.25065 7.38849 5.41579 
156.35 168.548 165.258 167.108 162.429 123.526 167.412 164.357 162.574 150.157 12.8924 164.903 -31.5856 29.4169 176.278 -127.683 13.5174 154.302 -129.998 -1.18823 138.361 -110.847 -13.9978 136.849 -78.2357 3.1827 201.783 -34.9313 5.34503 6.99974 5.29068 
156.898 168.702 165.174 166.922 162.381 124.442 167.799 164.243 162.48 149.847 12.2433 163.868 -31.1675 29.2549 176.173 -127.586 13.3141 153.928 -129.624 -1.33879 138.29 -110.544 -13.8884 136.787 -77.8578 2.98347 201.851 -34.9397 5.62577 6.8518 5.55516 
157.364 168.656 165.128 166.834 162.337 125.012 168.012 164.052 162.309 149.279 11.8585 163.372 -30.7486 28.9389 176.106 -127.179 12.9358 153.543 -128.897 -1.5774 138.221 -109.865 -13.8283 136.886 -77.0779 2.69465 202.001 -34.7393 5.88616 6.73699 5.87569 
157.551 168.449 165.181 166.745 162.321 125.434 168.09 163.877 162.164 148.654 11.5616 162.991 -30.3569 28.6555 176.141 -126.782 12.6241 153.252 -128.243 -1.76576 138.232 -109.281 -13.6425 137.037 -76.346 2.42243 202.133 -34.5136 6.23453 6.61852 6.19433 
157.78 168.28 165.37 166.602 162.315 125.899 168.294 163.902 162.163 148.052 11.345 162.748 -29.833 28.1859 176.486 -126.352 12.148 153.295 -127.658 -2.07146 138.407 -108.672 -13.402 137.27 -75.4695 2.11911 202.325 -34.16 6.7381 6.62137 6.47797 
157.82 168.061 165.489 166.442 162.148 126.125 168.466 163.951 162.206 147.498 11.3908 162.916 -29.522 27.7744 177.219 -126.035 11.787 153.711 -127.275 -2.24578 138.813 -108.256 -13.0839 137.648 -74.7976 1.80854 202.545 -33.7543 7.1298 6.63766 6.71163 
157.814 167.759 165.565 166.261 162.114 126.132 168.477 163.966 162.23 147.08 11.6192 162.988 -28.988 27.2937 177.95 -125.783 11.3461 154.221 -127.053 -2.58227 139.252 -108.013 -13.0442 137.981 -74.3203 1.45675 202.742 -33.3602 7.44297 6.66335 6.86038 
158.045 167.598 165.667 166.078 162.23 125.946 168.729 164.203 162.386 146.913 11.5685 163.033 -28.3599 26.6722 178.68 -125.622 10.7719 154.783 -126.991 -3.09776 139.71 -107.929 -13.1395 138.45 -74.0678 1.09288 202.896 -33.0081 7.62961 6.69351 6.96514 
158.533 167.611 165.791 166.094 163.762 125.671 168.965 164.445 162.688 147.671 11.0916 162.944 -28.1873 26.0483 178.985 -125.625 10.2944 155.048 -127.101 -3.59122 140.012 -108.16 -13.1794 139.19 -74.5127 0.657018 202.897 -32.86 7.41085 6.55087 6.94242 
158.992 167.85 165.768 166.155 165.553 125.75 169.243 164.683 162.898 148.288 10.1927 162.393 -27.8433 25.4992 178.764 -125.515 9.78089 154.901 -126.983 -4.09823 139.936 -108.072 -13.2668 139.624 -74.6378 0.157772 202.784 -32.7264 7.40158 6.50089 6.89583 
159.168 167.886 165.471 166.183 166.583 126.097 169.115 164.496 162.776 148.291 9.06728 161.774 -27.5392 25.1628 178.301 -125.308 9.42242 154.532 -126.639 -4.55821 139.685 -107.765 -13.5788 139.648 -74.4247 -0.381787 202.692 -32.6604 7.52447 6.45949 6.89342 
159.215 168.156 165.527 166.383 167.099 126.558 169.178 164.54 162.891 148.695 7.92862 161.263 -27.1149 24.7547 177.715 -125.127 8.96105 154.042 -126.4 -5.14213 139.298 -107.539 -14.1192 139.473 -74.2703 -0.893536 202.608 -32.5727 7.55538 6.42742 6.84837 
159.208 168.367 165.722 166.592 166.772 127.039 169.006 164.406 162.894 149.546 7.16125 161.015 -26.7875 24.3818 177.567 -125.089 8.6445 153.87 -126.325 -5.56472 139.14 -107.469 -14.9774 139.21 -74.4591 -1.38558 202.719 -32.5226 7.13559 6.39194 6.83335 
158.454 169.674 166.387 166.604 167.863 127.046 168.868 164.747 163.67 153.346 6.58903 161.194 -27.3138 23.6188 178.188 -125.145 7.76994 154.536 -126.454 -6.08259 140.269 -108.216 -16.6257 140.244 -76.8512 -1.78268 202.984 -32.3083 5.25749 5.89094 6.77887 
