144.491 166.684 165.48 165.968 171.656 138.086 164.287 159.797 156.045 158.605 91.6409 182.256 14.6739 54.6165 200.842 -72.672 86.776 194.413 -81.6523 118.835 191.325 -67.6962 150.707 199.031 -41.9908 92.4929 233.05 11.3037 17.3563 11.0119 10.6403 
145.107 166.822 165.613 165.915 170.753 137.796 164.04 159.778 155.925 159.068 90.2111 182.993 13.9607 52.7108 200.963 -72.8905 84.4731 194.33 -81.7631 116.172 191.119 -68.0274 148.018 199.12 -42.7612 90.6791 233.605 10.7808 17.1409 10.7018 10.3486 
144.847 166.935 165.306 165.407 169.659 137.642 164.432 159.541 154.482 156.354 88.9695 183.197 13.467 50.5643 201.676 -73.3202 81.8437 195.09 -82.3658 113.376 191.182 -68.5484 145.262 198.976 -43.446 88.9901 233.829 10.3982 16.8784 10.7969 10.0484 
145.292 166.879 165.391 165.097 168.271 137.518 164.213 159.568 154.063 156.664 87.4698 183.971 12.7581 49.0059 202.201 -73.8591 80.1634 195.26 -82.6406 111.208 190.939 -68.5651 142.926 199.16 -44.0261 87.4713 234.561 9.81008 16.5794 10.6503 9.99541 
145.073 166.953 165.123 164.379 165.931 137.106 164.58 159.45 153.133 154.351 86.4523 184.752 12.5667 46.8466 203.66 -74.2813 77.6181 196.396 -83.1734 108.58 191.381 -69.0561 140.363 199.175 -44.6725 85.9673 235.098 9.62125 16.3052 10.7614 9.83226 
144.978 167.577 165.086 163.733 164.721 137.021 165.397 159.558 151.634 152.644 85.3619 185.376 11.7747 45.1753 204.932 -75.1279 75.9866 197.414 -84.0275 106.593 191.341 -69.1312 138.422 199.618 -45.3379 84.5853 235.601 9.22438 16.1364 11.1853 9.96433 
145.069 167.899 164.628 162.589 162.13 136.171 165.613 159.204 150.327 149.865 84.215 186.934 11.4044 41.8251 206.578 -75.5824 72.3856 198.814 -84.5393 102.764 192.226 -69.6141 134.516 200.11 -45.9234 81.9315 236.644 8.85051 15.7297 11.2505 9.91138 
144.764 168.442 164.722 162.35 161.484 135.629 165.932 159.366 149.832 149.161 83.4926 187.929 11.3388 40.1681 207.822 -76.0928 70.93 199.752 -85.09 101.326 192.561 -69.7933 132.934 200.12 -46.093 80.8177 237.222 8.62959 15.5149 11.5167 10.1015 
144.365 168.357 164.363 162.169 160.601 134.717 165.272 158.751 149.97 148.053 83.1067 188.952 10.9262 38.3352 208.735 -76.3645 69.1978 200.488 -85.3732 99.9856 193.711 -70.6521 131.271 200.018 -46.1704 79.5748 237.556 8.31752 15.3015 11.2254 10.2086 
144.495 168.371 163.994 161.734 159.775 134.739 165.034 158.576 150.439 147.381 82.4305 189.259 11.1141 36.8753 208.719 -76.061 67.8794 200.857 -85.331 99.0479 195.034 -71.3407 130.192 200.768 -46.3405 78.5534 237.784 8.33487 15.2347 10.9001 10.2762 
144.546 168.473 163.835 161.825 159.571 135.017 164.838 158.441 150.356 146.85 81.3305 189.534 11.1063 35.6516 208.657 -75.7272 66.7091 201.073 -85.2085 98.0354 195.627 -71.4889 129.196 201.268 -46.4018 77.7041 238.13 8.36548 15.2195 10.819 10.2835 
144.612 168.563 163.947 161.984 159.5 135.251 164.522 158.379 150.44 146.672 80.0254 189.503 11.2432 34.4538 208.212 -75.2277 65.4132 200.738 -84.8869 96.9341 195.694 -71.503 128.205 201.157 -46.3503 76.9721 238.123 8.4703 15.2765 10.69 10.2054 
144.497 168.363 163.753 161.788 159.141 135.473 163.906 157.982 150.292 145.941 78.8666 189.291 11.5011 33.5074 207.559 -74.5215 64.4802 200.285 -84.3232 96.1489 195.863 -71.3438 127.352 201.039 -46.0224 76.3538 237.962 8.63651 15.2768 10.5054 10.2232 
144.509 168.013 163.399 161.604 158.872 135.976 163.098 157.611 150.497 145.53 77.7458 188.726 11.8878 32.8581 206.436 -73.5492 63.7992 199.657 -83.6011 95.6082 196.095 -71.1843 126.732 200.99 -45.6832 75.8626 237.627 8.95481 15.2598 10.2585 10.1534 
144.777 167.806 163.19 161.653 158.865 136.497 162.594 157.537 150.911 145.315 76.9899 188.131 12.3676 32.5474 205.155 -72.5979 63.459 199.005 -82.9337 95.3839 196.258 -71.0095 126.388 201.041 -45.3408 75.5361 237.285 9.35332 15.1937 10.0782 10.0568 
145.04 167.478 162.906 161.59 158.877 137.19 162.16 157.485 151.35 145.231 76.0133 187.262 12.8782 32.3931 203.73 -71.652 63.2683 198.174 -82.2901 95.2909 196.202 -70.8482 126.244 200.925 -45.0686 75.3494 236.797 9.70216 15.1852 9.93594 9.98464 
145.341 167.183 162.716 161.518 158.972 138.068 161.843 157.522 151.944 145.553 74.7481 186.165 13.4845 32.345 202.415 -70.8067 63.2103 197.456 -81.7664 95.3363 196.247 -70.8097 126.313 201.037 -44.9908 75.2227 236.299 10.0601 15.2064 9.82797 9.9475 
145.426 166.805 162.473 161.393 159.176 138.859 161.64 157.564 152.27 145.838 73.45 185.066 14.1633 32.4647 201.34 -70.1477 63.2682 196.825 -81.3379 95.4218 196.104 -70.6815 126.457 201.043 -44.9338 75.2023 235.797 10.3638 15.2324 9.76284 9.89397 
145.668 166.686 162.599 161.538 159.734 139.756 161.779 157.858 152.628 146.408 72.1312 184.023 14.9145 32.6453 200.22 -69.5566 63.3907 195.976 -80.8949 95.5237 195.574 -70.3536 126.645 200.897 -44.7734 75.2313 235.346 10.7133 15.2353 9.71267 9.83951 
146.192 166.782 162.974 161.895 160.473 140.464 162.065 158.292 153.02 147.075 71.1051 183.071 15.6662 32.8066 198.742 -68.8845 63.444 194.697 -80.3798 95.5958 194.599 -69.9296 126.869 200.473 -44.5788 75.3352 234.803 11.0434 15.2733 9.68842 9.74692 
146.783 166.778 163.269 162.205 161.121 141.271 162.305 158.549 153.316 147.542 70.0646 182.162 16.0622 33.0905 197.228 -68.3364 63.6218 193.451 -79.9702 95.8437 193.811 -69.6864 127.247 200.298 -44.5336 75.532 234.308 11.2238 15.3248 9.68433 9.66233 
147.358 166.577 163.372 162.426 161.644 141.801 162.496 158.677 153.422 147.732 69.5061 181.458 16.3678 33.5134 195.959 -67.8531 63.9228 192.448 -79.6172 96.2216 193.207 -69.4676 127.731 200.285 -44.4835 75.8392 233.956 11.365 15.3895 9.70873 9.57079 
147.722 166.47 163.41 162.724 162.064 142.17 162.898 158.933 153.726 147.825 69.4141 180.987 16.8122 34.0107 195.089 -67.556 64.3827 191.897 -79.4575 96.8603 192.968 -69.3722 128.398 200.443 -44.3044 76.2406 233.779 11.5453 15.4627 9.83164 9.53379 
148.074 166.296 163.342 162.979 162.407 142.454 163.276 159.13 154.023 147.874 69.7577 180.64 17.2685 34.5974 194.601 -67.3484 65.054 191.704 -79.3682 97.6863 193.036 -69.2969 129.16 200.846 -44.0935 76.681 233.773 11.7461 15.4924 9.96127 9.59272 
147.821 166.161 163.311 163.055 162.686 142.395 163.65 159.465 154.339 148.079 70.2055 180.107 17.9411 35.056 194.207 -67.2546 65.5059 191.557 -79.4082 98.1909 192.885 -69.2741 129.639 200.819 -43.9998 77.0069 233.49 11.9507 15.4921 10.0427 9.57884 
147.424 165.964 163.331 162.994 162.822 142.167 163.851 159.758 154.729 148.625 70.4806 179.792 18.6647 35.3607 193.899 -67.077 65.7873 191.426 -79.3646 98.5128 192.834 -69.2523 130.06 200.86 -43.9915 77.1917 233.276 12.1488 15.5852 10.0739 9.55335 
146.982 165.682 163.264 162.722 162.869 141.914 163.831 159.848 154.84 149.106 70.3587 179.625 19.3302 35.5649 193.676 -66.876 65.8881 191.239 -79.2117 98.6119 192.622 -69.0876 130.345 200.735 -43.9532 77.3272 233.091 12.3177 15.7212 10.0742 9.46599 
146.35 165.649 163.409 162.697 162.993 141.475 163.98 160.063 155.197 149.719 70.4982 179.684 19.8252 35.7248 193.652 -66.8444 66.0249 191.215 -79.2105 98.7223 192.628 -69.1056 130.557 200.718 -43.98 77.3807 232.94 12.4945 15.7958 10.0295 9.42256 
145.954 165.542 163.518 162.583 163.065 141.033 164.043 160.147 155.348 150.218 70.684 179.829 20.1267 35.7556 193.924 -66.9325 66.0591 191.364 -79.2843 98.7269 192.691 -69.1561 130.678 200.77 -44.1019 77.384 232.916 12.5863 15.8643 9.99817 9.40902 
145.755 165.479 163.607 162.454 163.077 140.768 164.097 160.191 155.464 150.574 70.743 179.957 20.2991 35.7928 194.288 -67.0906 66.1492 191.593 -79.3834 98.7513 192.826 -69.1945 130.694 200.844 -44.1491 77.32 232.922 12.6699 15.8489 9.95341 9.42868 
145.637 165.339 163.597 162.209 162.995 140.66 164.142 160.165 155.4 150.741 70.8188 180.089 20.4155 35.8058 194.648 -67.2679 66.2341 191.833 -79.4917 98.8018 192.927 -69.1682 130.742 200.972 -44.1736 77.2908 233.017 12.6887 15.843 9.9596 9.47276 
145.692 165.348 163.59 162.093 162.922 140.692 164.321 160.258 155.446 150.82 70.9867 180.207 20.5412 35.7044 194.934 -67.4138 66.1981 192.066 -79.6097 98.7792 193.03 -69.169 130.666 201.073 -44.1307 77.2007 233.147 12.736 15.7906 10.0001 9.5129 
145.745 165.348 163.525 161.901 162.77 140.94 164.452 160.375 155.471 150.777 70.9689 180.151 20.5512 35.4235 194.914 -67.4895 66.0475 192.205 -79.7558 98.7245 193.166 -69.2176 130.529 201.274 -44.1011 76.9852 233.168 12.7638 15.7421 10.0979 9.61015 
145.864 165.418 163.452 161.747 162.684 141.228 164.539 160.424 155.492 150.81 70.8115 180.097 20.5041 35.0179 194.778 -67.4341 65.7939 192.164 -79.7437 98.5927 193.207 -69.1509 130.351 201.393 -43.9321 76.6542 233.12 12.8618 15.7524 10.1996 9.73458 
145.873 165.455 163.346 161.644 162.65 141.208 164.471 160.339 155.382 150.766 70.7346 180.282 20.4571 34.5596 194.678 -67.2525 65.4639 192.12 -79.5743 98.3835 193.239 -68.9389 130.137 201.536 -43.6603 76.2679 233.173 13.0082 15.8078 10.2974 9.8406 
145.529 165.436 163.159 161.545 162.597 140.927 164.337 160.206 155.193 150.6 70.5204 180.468 20.3099 33.991 194.319 -67.1625 64.9733 191.777 -79.4445 98.0143 192.973 -68.7292 129.775 201.295 -43.3023 75.725 233.008 13.084 15.9078 10.382 9.8877 
145.054 165.352 162.991 161.434 162.626 140.573 163.744 159.973 155.022 150.784 70.1351 180.515 20.3257 33.199 193.311 -66.6421 64.1412 190.905 -79.0299 97.2868 192.361 -68.4139 129.254 200.881 -43.0835 75.0373 232.616 13.1864 16.1137 10.3991 9.86942 
145.08 165.377 163.017 161.632 162.779 140.513 163.316 159.822 155.062 151.307 69.4823 180.278 20.4936 32.4169 192.396 -66.2433 63.2078 190.021 -78.6613 96.3536 191.707 -68.1764 128.578 200.399 -42.9583 74.2629 232.185 13.3368 16.3068 10.3188 9.74596 
145.649 165.357 162.938 161.737 162.698 140.858 162.68 159.473 155.091 151.767 68.2579 179.735 20.6627 31.678 191.53 -65.7399 62.2673 189.292 -78.26 95.3792 191.333 -68.0615 127.867 200.197 -43.0269 73.5207 231.796 13.5368 16.4633 10.1867 9.59516 
145.917 165.22 162.78 161.566 162.45 141.291 162.19 159.119 154.697 151.612 67.0658 179.132 21.1131 30.8841 190.76 -65.1667 61.2968 188.51 -77.7404 94.3401 190.523 -67.6154 126.925 199.648 -42.8943 72.8336 231.472 13.7396 16.4407 10.124 9.48584 
146.014 165.076 162.426 161.311 162.062 141.706 161.467 158.53 154.027 151.012 65.8339 178.476 21.4668 30.0251 189.488 -64.3461 60.27 187.2 -76.9752 93.2683 189.207 -66.9245 125.885 198.646 -42.5518 72.1877 231.059 13.9036 16.3572 10.0875 9.40099 
146.266 164.785 162.113 161.13 161.733 141.955 160.782 157.956 153.384 150.252 65.0383 177.572 21.7392 29.2605 188.034 -63.6204 59.4797 185.729 -76.2694 92.4342 187.82 -66.2926 124.965 197.502 -42.0929 71.5373 230.344 14.0775 16.2463 10.0571 9.41441 
146.649 164.721 162.118 161.379 161.835 142.382 160.516 157.829 153.274 150.03 64.1867 176.615 22.3909 28.6166 186.449 -62.7549 58.7585 184.225 -75.5265 91.754 186.487 -65.7101 124.252 196.535 -41.7128 71.0037 229.645 14.4022 16.1513 10.0672 9.38853 
146.872 164.879 162.329 161.709 162.088 142.35 160.544 158.008 153.488 150.236 63.7859 175.629 23.0417 28.1262 184.796 -62.0249 58.1534 182.827 -74.9952 91.215 185.321 -65.3585 123.735 195.704 -41.5426 70.5063 228.728 14.7524 16.119 10.0838 9.3265 
147.241 165.198 162.759 162.194 162.479 142.408 160.824 158.425 153.991 150.768 63.0549 174.743 23.7759 27.6672 183.325 -61.3685 57.599 181.549 -74.5319 90.7666 184.26 -65.0775 123.355 194.944 -41.3976 70.0819 227.863 15.161 16.1296 10.1157 9.27065 
147.38 165.427 163.085 162.551 162.816 142.32 161.024 158.814 154.415 151.22 62.5465 173.662 24.4838 27.2619 181.68 -60.7702 57.1731 180.093 -74.1071 90.3727 182.919 -64.765 122.942 193.86 -41.2085 69.6573 226.705 15.537 16.0826 10.1196 9.2746 
147.242 165.461 163.054 162.649 162.951 142.718 160.94 158.929 154.614 151.464 61.3093 172.332 25.1323 26.9139 179.742 -60.0355 56.7712 178.419 -73.5353 90.0117 181.428 -64.3253 122.551 192.617 -40.9225 69.196 225.41 15.8551 16.0722 10.1455 9.27179 
146.967 165.378 162.854 162.636 163.02 142.929 160.662 158.827 154.603 151.572 60.1863 170.891 25.7493 26.6056 177.665 -59.3589 56.4164 176.631 -72.97 89.7097 179.842 -63.8556 122.245 191.263 -40.5467 68.6982 223.971 16.0982 16.1477 10.1949 9.28203 
147.05 164.831 162.437 162.818 163.417 143.439 160.155 158.542 154.347 151.864 58.0485 168.373 26.9809 25.9381 174.306 -58.0671 55.4018 173.401 -71.6299 88.7001 176.579 -62.4971 121.384 188.526 -39.565 67.6633 221.673 16.5956 16.3556 10.2623 9.06252 
147.164 164.46 162.337 163.212 163.786 143.543 160.106 158.433 154.188 152.18 57.5468 167.321 27.3284 25.7766 172.796 -57.6404 55.0503 171.946 -71.0344 88.3916 175.184 -61.8032 121.224 187.71 -39.1389 67.122 220.729 16.7495 16.6246 10.3559 8.90839 
147.415 164.547 162.756 163.784 164.297 143.523 160.458 158.662 154.501 153.029 56.9765 166.533 27.8453 25.484 171.535 -57.2946 54.5824 170.608 -70.5113 87.9771 173.981 -61.2466 121 187.079 -38.812 66.4962 219.929 17.0367 16.9002 10.4078 8.72919 
147.233 164.574 162.946 164.235 164.805 142.991 160.445 158.615 154.699 153.697 56.5708 165.922 27.981 24.8263 169.881 -56.9425 53.8342 168.912 -70.032 87.3319 172.547 -60.8418 120.541 186.151 -38.5524 65.6704 218.942 17.0687 17.226 10.4696 8.65291 
146.415 164.461 162.729 164.476 165.128 142.398 159.876 158.063 154.623 154.048 55.7269 165.152 27.9216 23.998 168.111 -56.7326 52.9939 166.966 -69.6264 86.5314 170.835 -60.5536 119.849 184.693 -38.2456 64.6776 217.666 16.8789 17.5261 10.487 8.63373 
146.272 164.319 162.817 164.914 165.463 142.009 159.845 157.782 154.762 154.391 54.8025 164.549 27.4918 23.1729 167.232 -57.2064 52.2158 165.588 -69.6504 85.6711 169.532 -60.5734 118.989 183.515 -38.1643 63.6735 216.743 16.6346 17.6427 10.4051 8.55368 
146.944 164.661 163.42 165.548 165.989 142.18 160.449 158.123 155.407 155.013 53.7243 164.242 27.0443 22.4456 166.462 -57.704 51.4841 164.52 -69.8892 84.8656 168.695 -60.8367 118.128 182.951 -38.3934 62.6968 216.379 16.3869 17.6006 10.2991 8.43797 
146.696 164.723 163.656 165.827 166.192 141.699 160.501 158.191 155.778 155.465 53.1241 163.739 26.7417 21.4792 165.32 -58.0282 50.4282 163.376 -70.179 83.8089 167.734 -61.1917 117.054 182.061 -38.657 61.4546 215.613 16.0429 17.6183 10.271 8.32967 
146.658 164.922 163.921 166.225 166.476 141.126 160.51 158.18 156.313 155.871 52.5635 163.856 26.2128 20.4673 164.723 -58.433 49.4661 162.599 -70.4644 82.8481 167.26 -61.6369 116.014 181.504 -38.8202 60.253 215.226 15.7037 17.6265 10.2342 8.31016 
147.174 165.447 164.637 166.596 166.701 140.995 161.21 158.675 157.213 156.459 51.4927 163.504 25.5792 19.3586 164.344 -59.3886 48.405 161.799 -71.1513 81.6356 166.723 -62.4301 114.743 180.902 -39.2993 59.0506 214.718 15.3975 17.5192 10.0454 8.22253 
147.871 165.633 164.789 166.567 166.453 141.379 161.315 158.861 157.666 156.436 50.2048 162.852 25.1075 18.1106 163.347 -59.6879 47.1797 160.973 -71.609 80.43 166.255 -63.0934 113.365 180.382 -39.766 57.7468 214.249 15.0288 17.2921 10.0246 8.233 
148.29 165.593 164.788 166.351 165.973 141.197 161.193 158.768 157.64 155.924 49.5114 162.716 24.6827 16.8051 163.029 -59.9917 46.0555 160.686 -71.9665 79.2614 166.054 -63.4892 111.947 179.963 -39.9513 56.4063 213.994 14.7541 17.0581 9.98731 8.35484 
149.015 165.897 165.265 166.488 165.78 140.983 161.541 159.057 158.034 155.945 48.2615 162.444 23.8238 15.3633 162.937 -61.0045 44.5885 160.336 -72.8389 77.6902 165.719 -64.3405 110.258 179.385 -40.5108 54.976 213.643 14.3236 16.85 9.85432 8.25802 
149.342 165.769 165.177 166.115 165.078 140.808 161.207 158.885 157.706 155.08 47.4095 161.901 23.2449 13.824 162.372 -61.3954 43.0047 159.811 -73.2848 76.0122 165.038 -64.7222 108.324 178.475 -40.8575 53.4696 213.175 13.7875 16.5287 9.77388 8.23824 
149.999 166.069 165.467 166.16 164.749 140.676 161.609 159.153 157.808 154.69 46.3247 161.917 22.9726 12.2523 162.315 -61.8176 41.3654 159.594 -73.6328 74.3124 164.684 -64.998 106.477 178.027 -41.1256 51.931 213.14 13.5026 16.2886 9.69646 8.14478 
150.858 166.027 165.476 165.91 164.147 140.844 161.666 159.219 157.603 153.951 44.3195 161.274 22.5048 10.3372 161.915 -62.3632 39.3177 158.958 -74.098 72.1367 163.612 -65.277 104.063 176.64 -41.4155 50.1975 212.688 12.9485 15.8913 9.57445 8.02966 
151.484 166.216 165.604 165.973 163.883 141.35 162.056 159.484 157.643 153.5 42.4647 161.067 22.3852 8.41951 161.779 -62.677 37.3269 158.746 -74.4783 70.2166 163.114 -65.5565 102.018 176.134 -41.8324 48.596 212.801 12.535 15.5937 9.59745 7.97867 
152.441 166.22 165.621 165.808 163.434 141.416 162.095 159.538 157.432 152.873 40.3087 160.038 21.5974 6.24428 161.255 -63.3996 34.9497 158.032 -75.1196 67.8033 161.823 -65.9826 99.4828 174.492 -42.2386 46.7299 211.986 11.9067 15.3102 9.56588 7.83039 
153.587 166.574 166.007 166.221 163.663 141.685 162.648 159.984 157.491 152.742 39.0675 159.938 21.7327 4.26047 161.228 -63.3802 32.7199 157.707 -75.0413 65.657 160.951 -65.6941 97.3147 173.926 -42.3959 45.1579 212.213 11.7125 15.0654 9.65001 7.65684 
154.035 166.693 166.277 166.144 163.577 141.44 162.753 160.184 157.388 152.485 37.3235 159.406 21.2374 2.45291 161.34 -63.9354 30.6301 157.489 -75.3943 63.3959 160.132 -65.8632 94.7996 172.811 -42.7092 43.4455 211.695 11.4989 14.6265 9.55244 7.42736 
154.602 167.047 166.724 166.341 163.649 141.466 163.209 160.581 157.429 152.363 35.8226 159.133 21.2054 0.535525 161.474 -64.2887 28.5613 157.245 -75.5788 61.3113 159.279 -65.7791 92.5821 171.971 -42.8915 41.863 211.555 11.342 14.295 9.60938 7.31934 
154.99 167.055 166.939 166.045 163.28 141.332 163.167 160.705 157.11 151.53 33.811 158.697 20.4882 -1.05295 161.572 -64.8831 26.7801 157.131 -76.0489 59.3711 158.528 -65.9657 90.2329 170.828 -43.0393 40.3055 211.117 11.0167 13.7723 9.58813 7.17005 
155.302 167.19 167.32 166.098 163.211 141.328 163.454 161.133 157.238 151.026 32.5989 158.153 20.6309 -2.60541 160.981 -64.8462 25.0282 156.422 -75.9923 57.5733 157.408 -65.8317 88.0306 169.627 -43.0134 38.8966 210.667 10.8158 13.2253 9.65838 7.05199 
155.206 167.128 167.425 165.717 162.886 141.307 163.534 161.247 156.741 150.109 31.2124 157.758 20.5614 -3.7912 160.698 -65.0253 23.7729 156.099 -76.1167 56.2249 156.803 -65.6836 86.3335 169.056 -43.0187 37.5382 210.389 10.5638 12.864 9.75989 7.01687 
156.398 167.217 167.626 165.405 162.708 141.889 163.74 161.647 156.426 150.118 30.2028 157.043 20.1652 -5.1127 160.086 -64.9244 22.6422 155.502 -76.1587 55.0127 155.741 -65.3018 84.9236 167.792 -42.6354 35.9783 209.88 10.4566 12.6894 9.96636 7.16789 
156.697 166.956 167.801 164.813 162.342 142.139 163.795 162.032 155.655 149.309 30.0832 156.313 20.1534 -6.29513 158.907 -64.5348 21.7553 154.564 -75.9537 54.0777 154.403 -64.4902 83.7084 166.338 -41.7743 34.479 209.14 10.1948 12.6165 10.3609 7.42524 
156.772 166.539 167.865 164.405 161.979 142.194 163.717 162.168 154.982 148.467 28.9582 156.2 19.9381 -7.20428 158.86 -64.5093 20.8664 154.565 -76.0438 53.0502 153.998 -64.1435 82.3646 165.777 -41.4343 33.2228 209.059 10.0191 12.4084 10.6102 7.45912 
156.947 166.219 168.148 164.02 161.566 142.279 163.663 162.348 154.224 147.753 27.9135 155.752 19.8946 -8.27879 158.289 -64.4097 19.9057 153.976 -75.9824 51.9426 152.738 -63.2515 80.9903 164.524 -40.6581 31.9507 208.546 9.86391 12.2555 11.0359 7.55576 
156.814 165.541 168.613 163.547 161.237 142.139 163.437 162.431 153.182 146.753 27.2813 155.439 20.0539 -9.03088 157.913 -64.5444 19.4039 153.759 -76.1583 51.3742 151.933 -62.4485 80.0253 163.786 -39.873 30.7423 208.099 9.66806 12.1292 11.6486 7.74753 
156.676 164.975 168.683 163.162 160.876 142.04 163.217 162.301 152.327 145.655 26.323 155.428 19.9542 -9.99292 158.136 -64.8055 18.5737 153.832 -76.378 50.4894 151.452 -62.001 78.9358 163.171 -39.2643 29.6431 208.024 9.42822 12.126 12.1118 7.87282 
156.565 164.377 168.15 162.544 160.27 141.965 162.753 161.797 151.247 144.607 25.3574 154.769 20.1175 -11.1427 157.57 -64.9081 17.6815 153.072 -76.3184 49.6197 150.234 -61.2018 78.0202 161.847 -38.2384 28.4672 207.29 9.25241 12.3389 12.5565 8.07638 
156.462 163.879 168.247 162.02 160.026 141.906 162.403 161.613 150.048 143.744 24.5312 153.945 20.1062 -11.9335 156.94 -65.2039 17.2237 152.583 -76.5951 49.1956 149.35 -60.5452 77.5223 161.222 -37.6471 27.4129 206.447 9.09799 12.4933 13.162 8.33112 
156.393 163.345 167.942 161.665 159.699 142.043 161.829 161.181 149.213 142.522 23.2454 153.482 19.8168 -13.0184 156.805 -65.501 16.3296 152.396 -76.9552 48.4857 148.854 -60.4543 76.745 160.678 -37.1551 26.4573 206.136 8.82854 12.6959 13.5855 8.50724 
156.726 163.013 167.932 161.455 159.472 142.344 161.481 161.052 148.772 141.332 21.7296 153.04 19.9831 -13.9064 155.539 -65.0217 15.4621 151.29 -76.6122 47.7058 147.749 -59.9143 75.7116 159.62 -36.3137 25.5451 205.724 8.52866 12.7247 13.8088 8.52899 
156.434 162.691 168.24 161.127 159.109 142.153 161.072 160.905 147.849 140.348 20.8921 152.311 19.8273 -14.7563 154.833 -65.0316 14.7124 150.866 -76.7985 46.962 147.092 -59.5506 74.8458 159.022 -36.1049 24.5951 204.889 8.43542 12.6964 14.1837 8.61358 
156.078 162.051 167.723 160.601 158.743 141.909 160.266 160.196 146.756 139.325 19.8323 151.8 19.4289 -15.6767 154.639 -65.2408 13.7364 150.664 -77.0132 46.0635 146.616 -59.3261 73.9417 158.576 -36.0394 23.7259 204.338 8.28809 12.7065 14.5232 8.59947 
155.805 161.837 168.033 160.382 158.634 141.754 159.78 159.938 146.21 138.787 18.5579 151.602 19.228 -16.5118 153.99 -65.0931 12.7935 150.208 -76.9796 45.2605 146.083 -58.9936 72.9693 158.025 -35.7798 22.8935 204 8.19858 12.5698 14.7456 8.51274 
155.729 161.911 168.484 160.502 158.767 141.757 159.666 159.999 146.386 138.352 17.4144 151.267 19.1718 -17.235 153.045 -64.9044 12.0636 149.59 -76.9471 44.698 145.595 -58.9116 72.0969 157.342 -35.2415 22.0963 203.544 8.18754 12.52 14.785 8.49294 
155.563 161.701 168.422 161.009 158.967 141.518 159.362 159.848 147.091 137.419 16.6792 151.001 19.1767 -17.8571 152.236 -64.6246 11.3639 148.985 -76.7999 44.1775 145.425 -59.3167 71.1054 156.675 -34.5713 21.3551 203.068 8.28467 12.6235 14.4778 8.43338 
155.212 160.97 167.58 160.94 158.777 141.128 158.467 159.056 147.174 135.667 16.0232 150.696 19.054 -18.4315 151.386 -64.2067 10.6161 148.263 -76.4521 43.5535 145.201 -59.5684 69.9789 155.88 -33.7717 20.6586 202.523 8.29021 12.8485 14.1474 8.32247 
154.943 160.665 167.152 160.864 158.81 140.716 157.917 158.516 147.273 135.104 15.2109 150.591 18.9965 -19.2544 150.641 -63.866 9.6418 147.455 -76.0769 42.5975 144.537 -59.5415 68.7579 154.856 -33.3283 19.9306 202.092 8.2447 12.8715 13.9206 8.21651 
154.928 160.802 166.946 161.157 159.396 140.5 157.9 158.371 147.874 135.346 14.5687 150.457 18.9818 -19.9755 149.92 -63.6442 8.73916 146.58 -75.7356 41.6854 143.812 -59.6084 67.6518 153.86 -33.0464 19.2846 201.74 8.20343 12.8778 13.6436 8.06522 
