153.053 168.198 169.853 171.051 170.125 151.611 159.214 165.548 168.13 166.392 -162.419 353.493 38.0967 -151.048 351.238 -45.8836 -178.992 351.744 -70.3923 -219.032 358.548 -66.4455 -253.469 366.724 -40.6349 -205.437 403.784 24.4053 14.8597 13.5865 13.3877 
153.099 167.992 169.838 171.314 170.32 151.846 158.64 165.327 167.756 166.112 -163.144 355.495 37.3728 -152.148 352.357 -45.6715 -179.679 352.745 -70.7201 -219.401 359.21 -66.8831 -253.805 367.62 -41.4505 -206.91 405.205 23.7899 14.63 13.2864 13.531 
153.785 167.398 169.772 170.854 169.64 153.427 158.299 165.423 167.115 165.186 -162.793 356.656 37.7256 -153.314 353.126 -45.4301 -180.599 353.77 -71.1566 -219.946 359.496 -67.0789 -254.414 367.976 -41.9265 -208.214 406.245 23.3601 14.4609 12.7898 13.7927 
155.793 166.541 169.731 170.491 169.015 154.26 158.721 165.737 167.324 166.007 -163.673 356.685 39.0793 -154.734 353.393 -45.0781 -181.497 353.977 -71.1317 -220.76 359.199 -67.1057 -255.393 367.682 -42.1386 -209.205 407.024 23.1699 14.4743 12.5681 13.6217 
155.276 162.113 169.183 169.92 168.778 153.635 155.519 165.391 167.08 166.549 -165.949 357.028 39.5156 -155.495 352.476 -42.7679 -181.735 354.01 -71.1732 -221.337 359.186 -67.4866 -256.128 367.678 -42.6341 -210.253 407.816 22.6514 14.5007 12.7734 15.2151 
155.32 161.125 169.308 169.449 167.765 153.888 155.022 165.749 167.584 165.879 -167.114 358.097 39.8002 -156.63 353.01 -42.3407 -183.252 355.406 -71.6304 -223.17 361.496 -68.1886 -257.776 369.566 -43.2621 -211.797 408.683 22.3927 14.3772 13.1347 16.015 
155.416 160.247 168.913 168.796 166.948 154.714 155.135 165.779 167.43 165.034 -167.211 358.734 40 -157.614 353.373 -42.6086 -184.576 356.226 -71.921 -224.684 362.78 -68.4814 -259.31 370.831 -43.527 -213.035 408.999 22.1601 14.4792 13.3176 16.1641 
154.767 160.293 168.641 168.405 166.51 155.32 155.165 165.744 167.414 164.342 -168.88 358.53 40.7887 -158.728 353.335 -42.0403 -185.732 357.004 -71.7942 -226.227 364.535 -68.5982 -261.234 372.586 -43.5761 -214.397 409.468 22.1556 14.9008 13.7272 16.5543 
154.197 159.939 168.336 168.146 166.038 156.092 153.591 165.508 167.704 164.313 -168.937 358.729 40.6692 -159.782 352.733 -40.8207 -186.541 357.488 -71.8455 -227.717 366.457 -69.1517 -262.898 374.403 -43.996 -215.411 409.547 22.1462 15.2092 14.5305 17.5239 
154.609 159.766 168.24 167.7 165.629 157.192 152.43 165.248 167.437 163.977 -169.104 359.613 40.8172 -160.731 352.634 -39.7008 -187.223 357.97 -71.571 -228.909 367.437 -69.2035 -264.459 375.605 -44.268 -216.754 410.051 21.9629 15.6123 15.0112 18.1995 
155.724 160.252 168.667 167.989 165.653 158.301 152.9 165.534 167.85 164.204 -168.973 359.908 41.6994 -161.805 352.467 -39.3783 -188.024 358.293 -71.3229 -230.204 368.197 -69.3446 -265.914 376.616 -44.625 -218.021 410.186 22.0051 15.79 15.435 18.2279 
156.593 160.747 168.472 167.015 165.303 159.022 152.897 165.273 166.696 162.476 -168.273 361.712 41.0712 -162.922 352.65 -39.0663 -188.427 357.874 -70.577 -230.538 366.581 -68.3934 -265.829 375.181 -44.0086 -219.191 410.748 21.8487 15.267 15.0772 17.7477 
155.69 161.076 168.038 166.526 165.039 158.386 152.012 164.83 166.132 161.713 -168.722 362.527 42.1038 -164.087 352.483 -38.0382 -188.741 357.613 -69.7183 -231.017 365.905 -67.7031 -266.096 374.638 -43.7349 -220.16 411.091 21.7843 15.0464 15.1652 17.8119 
156.743 159.468 167.947 166.079 164.723 159.283 150.89 164.613 165.877 161.522 -168.193 363.612 42.9807 -164.663 352.867 -37.3376 -189.802 358.58 -70.1267 -232.084 366.749 -68.046 -267.329 375.36 -44.1155 -221.405 411.478 21.5273 15.2316 15.1689 18.8746 
156.629 156.758 168.118 166.414 165.037 159.52 148.485 164.559 165.865 161.81 -168.39 363.866 44.2902 -165.641 352.851 -35.6776 -190.493 358.877 -70.2812 -232.467 367.061 -68.4231 -267.856 375.755 -44.6676 -222.461 411.751 21.3792 15.2004 14.974 20.1032 
156.059 155.599 168.783 167.011 165.657 158.819 146.841 164.679 166.169 162.634 -169.101 364 46.0512 -166.583 352.565 -33.9945 -190.769 358.423 -69.7136 -232.388 367.006 -68.6466 -267.987 376.056 -45.4276 -223.523 412.031 21.2519 15.1275 14.879 20.6552 
154.547 154.487 169.014 167.347 166.039 158.105 144.95 164.391 166.875 163.781 -168.572 364.486 47.2476 -167.294 352.145 -32.63 -190.818 358.054 -69.1718 -232.993 367.835 -69.1544 -268.797 376.614 -45.9623 -224.176 411.745 21.2683 15.3577 15.7826 21.2662 
156.176 155.148 168.247 166.599 165.838 158.675 145.696 164.048 167.128 164.096 -168.764 366.79 49.0936 -168.683 353.169 -32.3989 -192.32 359.106 -68.7283 -234.947 369.381 -69.3822 -271.136 378.142 -46.4164 -226.324 412.921 20.8758 15.767 16.3508 21.239 
157.611 158.126 169.169 166.783 166.502 159.535 148.602 164.683 167.433 164.905 -168.421 368.549 50.5419 -169.3 353.889 -32.9767 -193.02 358.939 -67.6654 -235.535 369.165 -68.8173 -271.847 378.562 -46.5267 -227.544 413.692 21.2005 15.7459 16.2425 19.7276 
158.79 160.421 169.708 167.038 167.009 159.756 150.429 165.006 167.695 165.561 -169.079 369.77 51.8989 -169.97 354.455 -32.8858 -193.846 358.62 -66.3402 -236.222 368.919 -68.1047 -272.709 378.93 -46.3801 -228.643 414.419 21.6511 15.8399 16.2129 18.586 
159.092 162.251 170.17 167.719 167.456 159.659 151.778 165.885 168.929 167.147 -169.927 369.456 53.2677 -170.217 354.002 -32.6467 -194.147 358.291 -65.842 -236.199 368.784 -67.8958 -272.842 378.9 -46.6721 -229.043 414.215 22.0525 15.8186 16.0624 18.369 
161.477 162.621 170.899 167.888 167.76 160.306 153.111 166.346 169.742 168.127 -169.806 370.34 55.0892 -170.627 354.137 -32.4573 -194.653 358.467 -64.8525 -236.936 369.337 -67.318 -273.915 379.902 -46.6063 -229.838 414.583 22.5453 16.2035 16.3429 17.8115 
161.977 163.981 171.001 168.368 167.876 160.746 154.131 166.635 170.749 168.748 -170.299 370.748 56.6136 -170.087 354.117 -31.8446 -195.321 358.911 -64.4462 -237.961 370.36 -67.2023 -275.223 380.873 -46.6002 -230.462 415.036 23.0536 16.4182 16.7056 18.2473 
162.111 163.323 172.278 168.665 167.428 160.281 155.861 168.79 171.746 168.607 -172.64 370.364 57.2281 -169.472 355.402 -31.961 -196.793 361.806 -65.1986 -238.992 371.98 -66.7463 -276.335 382.125 -46.4405 -231.326 415.857 23.5281 16.409 15.903 19.654 
161.714 162.449 172.642 169.442 167.174 160.02 157.1 170.208 172.766 169.115 -174.276 369.993 58.18 -168.682 356.184 -31.4329 -197.805 364.257 -65.6727 -239.783 373.686 -66.659 -277.152 383.395 -46.3674 -232.068 416.477 24.0336 16.3581 15.558 21.3366 
158.939 161.157 173.523 169.241 167.215 158.101 157.701 170.237 172.338 168.623 -176.602 370.887 58.3429 -169.727 358.304 -32.8641 -199.139 365.695 -65.6533 -240.989 374.747 -66.471 -277.946 384.685 -46.0944 -232.897 417.422 24.2981 16.2036 15.411 20.3313 
159.649 163.802 173.746 169.182 167.587 157.574 160.127 169.922 171.762 168.187 -177.709 372.274 57.826 -171.562 360.415 -35.7822 -200.455 366.452 -65.2516 -242.051 375.184 -65.9044 -278.653 385.829 -45.7208 -233.846 418.418 24.6655 16.1241 15.1308 17.6813 
160.456 166.242 173.458 168.787 167.669 157.055 162.078 169.51 171.199 167.815 -178.809 373.163 57.6378 -173.522 361.98 -38.1235 -201.735 366.881 -64.7989 -243.201 375.749 -65.3657 -279.545 387.032 -45.3336 -234.709 419.163 25.0461 16.155 15.0327 15.3767 
159.1 168.023 173.147 168.412 167.692 155.616 163.024 169.024 170.582 167.37 -181.423 373.811 57.7831 -175.433 363.363 -38.9976 -202.78 367.345 -64.0031 -244.126 376.232 -64.6291 -280.347 388.184 -44.9382 -235.677 420.167 25.3665 16.2677 14.9456 13.7863 
160.24 169.676 172.992 168.717 167.203 156.281 163.501 169.257 171.021 168.343 -184.143 372.483 57.1942 -177.298 363.735 -38.7051 -204.107 367.621 -63.4642 -245.584 376.903 -64.0697 -281.323 389.443 -44.3004 -236.479 421.063 25.7425 16.1161 15.0376 13.2514 
162.919 169.566 172.47 169.427 166.725 158.239 163.527 169.456 171.391 169.318 -185.373 371.938 56.5479 -178.609 363.93 -38.0911 -205.345 367.71 -63.0109 -246.733 377.339 -63.5525 -282.216 390.343 -43.6292 -237.097 421.756 26.2741 16.0281 14.9304 13.0525 
165.491 169.888 171.848 168.958 166.758 159.359 163.896 169.128 170.856 168.408 -185.374 372.184 56.7751 -179.662 365.034 -37.8941 -206.386 368.18 -62.5586 -247.484 378.103 -62.9812 -283.079 391.47 -43.1003 -237.91 422.45 26.9603 16.136 14.6754 12.4805 
164.571 170.172 171.855 169.523 167.775 159.528 164.181 169.265 170.732 168.16 -185.401 372.81 57.7392 -180.38 365.824 -37.8184 -207.089 368.488 -62.4456 -247.529 378.305 -62.6774 -283.027 391.913 -42.926 -238.555 423.065 27.4914 15.8386 14.0566 12.1328 
166.788 168.565 170.615 169.279 167.464 161.969 162.438 168.203 170.07 169.657 -183.73 373.327 57.3335 -182.005 364.09 -37.2626 -207.248 367.161 -63.3673 -248.27 377.788 -63.5115 -284.802 391.377 -43.1259 -238.815 423.205 27.258 16.5 14.3468 12.31 
167.453 167.662 170.944 169.447 167.852 162.235 162.42 168.732 170.695 169.051 -184.206 373.842 57.6066 -181.783 364.568 -36.9824 -207.349 367.497 -63.7048 -248.764 378.518 -63.6867 -285.061 391.558 -42.9791 -239.292 423.363 27.5883 16.0607 14.5483 12.5568 
169.36 167.196 171.836 169.31 167.374 164.135 162.398 170.304 171.363 169.012 -182.802 374.142 57.9692 -181.216 364.793 -37.0481 -207.746 368.366 -64.0312 -248.912 379.193 -63.7969 -285.144 392.079 -43.1104 -239.631 423.112 27.7642 15.8737 14.306 13.1669 
169.819 166.644 172.4 169.258 166.067 164.455 162.61 171.027 171.884 169.56 -182.99 373.882 57.0441 -181.805 364.797 -37.4095 -208.524 368.727 -64.1127 -249.761 379.497 -63.6122 -285.65 392.558 -42.6889 -239.758 423.253 27.7065 15.8964 14.3727 13.2362 
170.475 166.379 172.687 169.327 164.079 164.799 162.944 171.416 172.263 170.186 -183.795 373.997 55.7052 -182.215 365.097 -37.7453 -209.093 368.88 -63.8839 -250.301 379.608 -63.3888 -286.049 392.86 -42.4115 -239.999 423.478 27.5778 16.023 14.4273 13.0373 
170.31 166.537 172.685 168.722 161.619 165.074 163.415 171.793 172.425 170.415 -184.573 374.355 54.6338 -182.693 364.961 -37.9029 -209.409 368.477 -63.298 -250.277 379.061 -62.7244 -285.871 392.616 -42.0399 -240.157 423.667 27.4186 16.079 14.2137 12.5928 
165.257 168.212 172.685 168.039 162.097 165.002 165.263 172.962 172.475 170.095 -183.405 376.906 55.8035 -182.82 366.672 -39.3166 -210.211 370.308 -63.6651 -250.418 380.056 -62.6594 -285.909 393.248 -42.3298 -240.67 424.208 27.3868 15.8026 13.6205 12.3472 
157.62 175.564 172.463 168.566 161.101 170.715 171.819 174.702 174.773 170.214 -185.624 380.876 45.9555 -183.27 368.443 -45.1032 -210.541 372.854 -64.7197 -250.892 382.619 -63.9868 -287.396 395.004 -43.4913 -241.427 424.938 26.448 16.3614 13.8059 10.1367 
151.073 176.807 172.803 168.467 160.098 170.884 172.448 174.947 174.495 171.075 -186.134 380.605 46.402 -183.581 368.978 -46.1845 -211.562 373.882 -65.4236 -251.602 383.22 -64.3241 -288.436 395.924 -43.8661 -241.968 425.523 25.9135 16.7846 13.4656 10.3281 
152.035 175.147 174.392 168.192 167.484 171.02 169.16 175.824 173.983 173.404 -187.929 379.718 45.8675 -184.499 369.655 -43.66 -213.068 375.494 -65.8093 -251.395 383.779 -64.1425 -287.786 396.407 -44.3129 -242.362 426.254 25.6042 16.4835 12.1842 12.3453 
152.236 172.665 176.257 167.482 177.242 170.883 166.216 176.753 174.313 176.118 -189.406 379.675 45.6716 -185.063 369.91 -41.5292 -214.168 376.545 -66.0754 -251.386 384.891 -64.2891 -287.491 397.843 -45.1613 -242.925 426.908 25.2772 16.3738 11.4689 14.0015 
152.869 171.003 176.231 168.103 177.67 173.493 164.255 176.602 175.045 177.356 -192.053 378.319 44.1127 -185.282 369.706 -40.4516 -214.756 376.621 -66.6027 -251.135 385.743 -65.2739 -287.429 398.872 -46.1678 -243.288 427.214 24.5637 16.5511 11.1202 15.0649 
150.374 168.894 178.098 168.836 174.27 171.987 161.672 177.616 176.19 178.022 -193.803 376.97 44.8008 -185.054 368.991 -38.7775 -215.099 376.854 -67.5434 -250.632 386.551 -66.3015 -286.609 398.745 -47.0075 -243.324 426.97 24.0812 15.8807 10.7173 16.9312 
149.363 167.643 180 173.111 174.27 175.237 160.676 177.853 177.648 177.948 -194.67 376.367 45.16 -184.952 368.713 -37.6863 -214.946 376.773 -67.3733 -250.398 386.964 -66.6821 -285.545 398.665 -47.2798 -243.606 427.139 23.9277 14.8079 10.8351 17.4468 
169.254 163.289 180 174.27 174.27 168.083 157.166 178.052 178.596 179.3 -193.686 375.788 44.4765 -184.019 365.727 -34.9099 -215.203 376.955 -68.2025 -249.314 388.876 -68.3069 -286.515 397.61 -48.7907 -243.65 427.053 23.2728 15.6153 10.6846 20.9682 
174.783 161.211 177.935 174.27 174.27 167.397 155.405 178.563 178.599 179.061 -194.625 374.539 45.2001 -183.049 364.921 -33.9176 -215.142 377.458 -69.5343 -249.804 388.952 -69.3793 -286.673 398.124 -49.5847 -243.802 426.805 22.5701 15.4567 10.7421 22.9539 
171.716 156.379 180 176.134 174.27 161.813 149.619 175.981 178.072 178.796 -199.033 373.819 49.8112 -184.209 364.901 -30.8611 -214.545 376.632 -69.6903 -250.078 388.861 -69.7631 -287.959 399.963 -50.6231 -244.38 427.057 21.9784 16.8738 11.5731 24.2398 
155.826 160.981 180 174.27 174.27 155.002 148.323 179.982 178.522 177.188 -207.351 388.586 14.0453 -192.618 365.283 -35.748 -219.818 379.621 -72.5309 -250.068 393.141 -72.1397 -285.07 405.387 -52.4248 -246.358 426.888 21.5162 13.9841 8.44811 21.3025 
127.109 105.374 174.072 170.133 165.043 154.516 122.761 170.39 166.176 153.675 -283.979 470.813 -29.4455 -291.538 441.884 -59.621 -240.583 391.949 -94.7877 -230.208 411.761 -87.9883 -212.566 429.145 -59.822 -253.321 429.713 7.2843 7.06859 11.7118 52.719 
150.673 149.324 166.568 169.29 162.728 152.849 139.826 162.044 165.163 155.801 -200.913 380.221 15.4652 -191.523 375.917 -49.0064 -217.313 386.841 -82.8576 -258.559 393.877 -79.1179 -288.498 396.179 -53.3976 -243.59 429.038 10.7286 11.7609 15.6629 23.6074 
169.127 163.975 171.6 172.197 161.935 167.592 152.251 171.332 165.184 172.035 -185.434 373.882 36.7269 -189.171 359.566 -43.296 -198.117 379.502 -82.2458 -267.455 393.728 -82.9171 -297.144 404.728 -59.414 -243.623 424.688 10.8298 12.6897 34.09 26.2628 
169.03 175.026 172.714 176.758 174.582 167.996 168.436 174.411 178.892 177.802 -179.145 375.375 43.5132 -189.056 369.235 -61.1488 -191.664 386.259 -81.4015 -279.316 406.46 -85.4318 -303.577 412.387 -60.6505 -245.4 425.734 10.3647 9.00446 47.6943 16.8265 
179.639 175.491 175.011 172.555 174.27 166.1 166.362 172.701 177.452 177.67 -177.166 377.054 43.1243 -191.229 375.132 -65.3141 -212.576 390.157 -88.8844 -269.878 407.866 -86.4534 -305.292 414.996 -60.6374 -246.721 427.581 10.4707 17.2109 27.09 15.2568 
176.996 176.841 172.331 170.18 172.529 161.009 165.707 169.977 171.982 176.967 -181.218 376.76 45.9588 -192.097 377.351 -64.6148 -216.739 390.324 -87.5242 -264.615 403.828 -84.783 -302.94 411.924 -59.3499 -247.606 428.665 11.002 19.3208 20.1971 14.9124 
158.597 170.017 172.222 170.147 170.309 154.345 154.84 166.794 170.162 169.21 -189.86 379.813 47.0984 -195.12 376.198 -56.9718 -219.571 389.854 -84.0961 -263.661 402.509 -82.6823 -301.057 409.907 -58.6502 -249.333 430.724 11.3147 18.1795 18.0873 17.9929 
154.286 177.886 172.093 174.707 168.025 164.449 168.874 175.193 175.767 169.798 -197.604 381.872 35.0318 -198.957 378.305 -63.5358 -224.846 392.035 -84.267 -266.412 403.396 -82.6251 -305.029 412.055 -59.962 -251.869 432.254 11.085 18.7046 15.6519 13.8931 
166.187 174.862 174.734 169.79 167.924 156.424 165.093 170.675 173.491 166.988 -208.967 378.156 33.7801 -201.528 378.362 -59.3815 -224.73 390.494 -83.0029 -265.132 401.933 -82.4288 -303.241 410.576 -59.7982 -253.346 434.186 10.7783 17.8829 15.015 14.4495 
156.465 178.694 173.651 168.564 166.696 154.478 156.746 169.107 173.777 168.175 -211.749 379.444 34.7962 -201.018 374.111 -51.9258 -225.007 389.001 -82.4177 -265.439 401.395 -82.4496 -303.111 408.922 -59.9708 -254.342 435.087 10.7019 17.1118 15.3878 20.0292 
152.982 171.766 172.99 167.905 167.479 154.582 151.304 168.11 172.92 169.205 -212.195 382.198 37.597 -200.83 373.596 -45.7458 -224.818 388.274 -81.4326 -266.507 401.802 -82.4321 -304.874 410.255 -60.2222 -256.508 437.003 10.7558 17.6074 16.4458 22.961 
145.421 164.688 172.097 167.17 167.639 153.066 147.472 167.545 172.115 168.801 -213.559 384.991 40.258 -201.548 374.589 -41.4292 -226.013 388.565 -80.8555 -268.569 402.781 -82.161 -306.247 411.713 -60.1549 -258.453 438.833 10.6203 17.1712 17.1676 25.1402 
139.661 144.375 169.41 165.417 166.948 151.166 133.468 164.616 172.71 169.041 -218.407 387.865 35.5271 -203.487 377.472 -35.0236 -226.779 390.267 -79.0543 -270.78 404.579 -82.0989 -308.321 412.933 -60.9852 -260.051 439.88 9.62733 17.189 18.8799 28.8289 
127.693 133.121 167.095 164.277 165.367 148.031 132.927 165.687 172.509 168.721 -221.739 389.238 34.9937 -205.196 379.217 -34.3619 -228.292 392.218 -81.7147 -272.015 404.908 -83.3716 -310.506 412.199 -61.5308 -261.14 440.338 8.8089 17.8913 17.9456 31.1849 
168.014 158.226 170.364 169.411 165.076 170.517 152.21 171.861 176.383 171.351 -195.876 395.527 34.3872 -206.098 376.228 -44.5893 -229.887 394.104 -83.8545 -273.71 405.805 -84.7694 -316.08 413.298 -63.4299 -262.489 439.671 7.46317 21.0439 17.4739 26.8768 
167.921 164.574 168.342 174.173 165.564 170.476 158.303 174.353 178.009 173.305 -189.434 397.411 35.6042 -206.439 375.174 -47.9816 -229.627 396.765 -84.557 -277.705 408.681 -86.1649 -319.75 415.607 -65.8895 -264.081 439.387 5.95017 20.7959 20.6591 26.6833 
174.701 162.87 169.234 175.626 163.478 164.639 160.162 174.256 178.506 172.608 -191.965 393.147 40.8848 -209.66 374.384 -51.0083 -227.148 398.979 -83.3881 -282.621 411.909 -87.8086 -319.473 420.393 -65.7413 -265.752 439.886 5.46711 17.5518 26.5237 25.5338 
152.466 122.668 180 178.743 171.643 159.879 121.305 82.8806 164.965 167.264 -303.445 495.473 -31.5575 -314.637 460.013 -69.922 -284.795 481.611 -43.2397 -262.272 419.391 -96.9334 -231.777 420.223 -76.2518 -273.76 441.973 -1.50001 10.3685 75.3119 40.8476 
148.9 142.624 174.657 157.651 169.49 157.402 109.912 82.0671 158.732 165.92 -305.954 502.431 -36.4047 -308.18 485.235 -59.6235 -294.977 477.901 -56.8251 -269.78 420.8 -93.9168 -231.642 418.169 -75.6746 -276.634 446.18 -2.68101 16.4193 60.8922 7.52895 
154.645 144.451 180 162.6 171.503 161.41 113.043 102.663 165.631 168.377 -309.311 508.425 -36.7538 -308.831 493.122 -57.1525 -302.267 482.044 -68.8742 -270.389 415.301 -92.7173 -233.749 419.4 -75.1384 -279.746 449.709 -2.9664 14.4746 60.6372 16.5392 
149.389 151.976 163.21 162.779 163.462 150.169 139.27 160.41 166.83 160.129 -227.604 396.305 17.0763 -219.963 386.819 -43.8378 -236.836 392.455 -77.5959 -274.794 402.6 -81.6365 -306.65 411.628 -63.0935 -268.865 448.281 3.59506 10.9912 14.4828 19.7622 
160.911 164.227 167.515 174.27 159.707 169.243 145.037 168.482 178.243 168.364 -205.717 391.945 29.0854 -227.368 378.958 -51.74 -246.008 406.079 -93.3808 -280.333 418.575 -96.2184 -328.726 430.754 -67.559 -269.164 442.001 2.58543 27.9746 11.5669 31.3711 
177.052 159.382 167.995 174.361 169.366 161.729 152.456 170.929 178.068 175.676 -204.159 393.576 33.4702 -221.491 385.423 -58.9629 -240.628 406.364 -90.2611 -286.533 419.788 -99.4949 -331.195 431.829 -65.6941 -271.316 443.646 1.83495 26.1626 20.4671 23.0472 
149.041 130.329 158.215 165.319 162.496 160.621 111.801 87.2333 162.272 160.466 -323.182 498.554 -24.7409 -318.138 475.279 -63.8108 -294.663 490.953 -38.0803 -275.584 427.64 -101.645 -244.557 431.387 -82.1454 -280.012 444.863 -4.53216 8.91758 82.976 36.785 
140.297 127.627 169.719 165.859 156.097 160.871 122.673 84.2482 159.581 159.354 -327.992 503.768 -33.5423 -332.489 468.332 -76.6343 -297.181 496.935 -39.8916 -280.512 430.52 -98.8237 -247.858 431.623 -78.7102 -288.492 454.649 -5.26921 11.4816 83.948 57.4951 
149.477 141.208 158.172 155.709 157.16 154.122 131.987 160.668 162.424 158.763 -231.948 401.641 21.5519 -230.847 394.543 -45.5804 -246.552 400.305 -79.9463 -289.687 414.265 -84.3612 -322.566 421.915 -64.5628 -280.275 454.759 0.168583 13.2355 19.4974 20.6794 
143.038 137.991 150.55 165.888 169.592 159.851 108.452 92.8233 157.634 165.388 -325.001 505.027 -31.7009 -329.339 477.299 -67.5742 -304.852 485.481 -62.356 -280.725 434.752 -98.8484 -248.705 430.537 -81.2841 -289.912 451.867 -5.44566 12.652 54.7437 15.0787 
161.824 140.848 173.328 152.801 172.134 161.475 97.7417 93.634 158.525 168.39 -339.416 506.269 -38.6612 -331.857 481.409 -64.5862 -303.064 496.63 -52.2902 -286.159 430.796 -101.081 -251.127 425.001 -81.7527 -295.674 455.098 -7.82136 16.1926 73.8544 25.0767 
160.898 130.433 177.957 159.094 172.186 161.733 97.3663 81.4902 159.468 168.32 -334.405 506.635 -41.3723 -332.51 479.939 -66.9362 -305.098 495.031 -42.1224 -290.126 430.17 -102.031 -255.81 423.813 -82.375 -296.617 455.273 -8.12383 15.4335 83.4816 37.115 
156.339 123.559 175.782 164.448 171.441 159.628 106.058 81.3726 162.54 167.824 -334.996 504.448 -42.6913 -334.767 477.677 -70.0437 -304.496 495.388 -35.8877 -290.842 426.591 -102.416 -257.676 421.886 -82.3624 -297.727 454.635 -8.29731 13.9744 91.9156 47.1559 
143.441 123.067 172.323 158.389 171.345 156.221 113.102 81.7105 157.833 166.313 -334.288 502.653 -44.5843 -337.216 474.667 -74.8314 -305.165 495.547 -33.1639 -291.112 430.721 -100.561 -259.534 421.355 -82.3553 -299.491 454.503 -9.79549 15.6844 93.3814 55.8306 
136.807 139.628 174.326 152.878 169.837 155.086 120.03 80.2181 159.827 165.921 -334.056 502.446 -43.4285 -338.823 474.85 -78.0256 -305.848 494.288 -29.5994 -291.691 427.856 -100.265 -260.793 419.891 -82.2927 -300.739 453.769 -9.90019 14.5051 99.0458 60.6797 
138.41 146.494 171.561 150.654 170.903 154.431 121.419 79.0498 158.578 167.092 -334.234 502.221 -42.5078 -340.069 475.286 -77.2258 -307.104 492.772 -29.1993 -293.791 429.181 -99.3968 -263.758 419.304 -83.2151 -301.276 452.49 -9.65031 14.7408 97.5047 59.4853 
144.411 139.03 155.745 148.63 165.801 156.084 123.239 82.092 158.47 164.044 -335.26 501.613 -41.3846 -342.598 474.701 -77.9426 -307.645 492.589 -41.9419 -299.461 428.394 -100.885 -266.983 423.248 -85.1965 -302.333 451.736 -9.83197 12.6842 85.3019 49.3373 
148.345 142.248 151.278 144.486 166.722 155.694 120.898 84.5379 156.735 165.191 -332.729 502.386 -41.2073 -345.347 474.69 -77.074 -308.174 494.719 -40.623 -303.944 432.188 -99.005 -269.607 423.409 -85.1124 -303.241 451.842 -8.85749 14.954 83.8113 52.2381 
148.32 134.846 153.028 158.287 169.758 152.158 112.564 83.5394 163.001 165.488 -329.299 502.306 -42.7315 -345.435 475.696 -74.1942 -308.663 494.36 -37.9983 -302.673 428.731 -99.6735 -270.346 423.309 -83.1585 -305.427 453.004 -8.09333 12.2562 87.6758 51.8306 
145.713 122.075 159.02 165.05 168.995 150.478 107.744 82.8361 163.721 164.981 -330.244 502.407 -41.6217 -347.122 473.667 -73.0626 -312.556 495.582 -37.846 -305.027 425.876 -100.485 -271.197 423.627 -82.7379 -307.42 454.328 -7.81659 12.1286 90.0212 53.7138 
150.337 117.799 166.152 164.968 168.103 153.206 109.325 79.8067 163.118 164.74 -334.786 504.226 -41.4539 -349.111 472.556 -74.2065 -315.005 494.922 -37.9182 -307.501 424.793 -101.355 -272.357 423.574 -82.6952 -309.175 455.031 -7.93727 12.8424 90.8615 55.5681 
153.092 113.969 168.598 164.379 167.549 153.047 112.212 78.9664 161.922 164.728 -335.916 504.913 -41.334 -349.286 471.301 -75.3965 -317.221 493.883 -40.3356 -309.106 425.179 -102.171 -273.618 423.091 -83.229 -310.116 454.868 -8.00912 13.2252 87.5786 53.9491 
