154.668 170.578 168.242 170.626 168.378 141.86 163.465 162.676 159.259 146.05 -63.9047 216.192 54.3369 -94.6905 212.826 -31.0431 -57.5153 211.099 -36.5085 -29.5412 210.977 -17.7934 -15.8251 219.6 16.8967 -70.2191 266.581 52.3534 11.8353 9.95753 12.0524 
154.726 170.386 167.975 170.415 168.051 141.854 163.223 162.354 158.843 144.899 -63.9332 215.974 54.2764 -95.0562 212.978 -31.2474 -57.712 211.223 -36.6924 -29.7042 210.895 -17.8598 -16.3074 219.322 17.334 -70.4037 266.471 52.2016 12.3962 10.1254 12.2054 
154.849 170.278 167.808 170.285 167.877 142.009 163.03 162.16 158.614 144.241 -63.8973 215.721 54.2174 -95.4712 213.233 -31.517 -57.9803 211.515 -37.0064 -29.8892 211.011 -18.1061 -16.6786 219.232 17.448 -70.6014 266.419 52.0377 12.786 10.2659 12.3381 
154.92 170.197 167.77 170.235 167.925 142.044 162.871 162.044 158.508 144.116 -64.1112 215.688 54.1432 -95.8586 213.53 -31.6452 -58.3773 211.857 -37.2338 -30.2216 211.334 -18.4018 -16.9311 219.432 17.1727 -70.8316 266.468 51.9746 12.8304 10.2814 12.3499 
155.062 170.13 167.824 170.218 167.893 142.117 162.725 161.992 158.543 144.226 -64.5432 215.569 54.1408 -96.3482 213.839 -31.8337 -58.9104 212.085 -37.4847 -30.6932 211.551 -18.731 -17.213 219.532 16.9027 -71.1202 266.496 51.913 12.8745 10.2625 12.3319 
155.09 170.068 167.82 170.209 167.69 142.241 162.664 161.967 158.54 143.879 -64.8902 215.433 54.0133 -96.6975 213.874 -31.9741 -59.1707 212.053 -37.6246 -30.9745 211.435 -18.8275 -17.5552 219.315 17.0899 -71.3533 266.395 51.8381 13.1792 10.3068 12.4072 
155.119 170.139 167.924 170.299 167.872 142.268 162.654 162.078 158.786 144.14 -65.3663 215.327 53.8706 -96.9675 213.791 -32.0683 -59.4465 211.934 -37.7097 -31.2903 211.391 -18.9969 -17.8585 219.147 16.9609 -71.6309 266.232 51.7601 13.1905 10.2036 12.406 
155.085 170.137 167.934 170.24 167.854 142.308 162.77 162.187 158.942 144.359 -66.1733 215.268 53.6366 -97.113 213.685 -32.0359 -59.6201 211.819 -37.6706 -31.5382 211.404 -19.0405 -18.1553 219.075 16.7986 -71.9096 266.136 51.6738 13.0777 10.0787 12.3919 
155.043 170.232 167.953 170.282 167.779 142.22 162.749 162.213 159.047 144.435 -66.7049 215.353 53.4179 -97.2369 213.506 -32.0196 -59.7425 211.774 -37.7034 -31.73 211.446 -19.0968 -18.4554 219.112 16.727 -72.1932 266.157 51.5757 13.0734 10.0263 12.3851 
155.053 170.392 168.093 170.36 168.272 142.221 163.024 162.531 159.461 145.317 -67.1909 215.554 53.267 -97.3217 213.345 -31.9144 -59.9157 211.638 -37.5954 -31.9739 211.449 -19.1253 -18.6663 219.137 16.3971 -72.4667 266.19 51.4999 12.7631 9.87151 12.3141 
155.029 170.465 168.149 170.393 168.359 142.307 163.243 162.737 159.759 145.814 -67.6299 215.658 53.2724 -97.3982 213.255 -31.7827 -60.0356 211.455 -37.3763 -32.1141 211.366 -19.0076 -18.78 218.976 16.4757 -72.6521 266.2 51.4917 12.7327 9.76586 12.2878 
155.031 170.474 168.069 170.365 168.414 142.366 163.422 162.885 159.972 145.82 -68.4412 215.831 53.2607 -97.5388 212.962 -31.5651 -60.2637 211.075 -36.9981 -32.4189 211.205 -18.7542 -19.2453 218.798 16.8635 -73.0348 266.32 51.347 12.9097 9.62487 12.2376 
154.982 170.49 168.106 170.443 168.176 142.252 163.373 162.932 160.013 145.37 -68.39 215.876 53.4161 -97.5818 212.867 -31.5245 -60.3131 211.037 -36.9551 -32.4493 211.185 -18.7053 -19.3731 218.686 17.2341 -73.1362 266.28 51.3869 13.2425 9.64916 12.2286 
154.877 170.43 168.077 170.415 167.927 142.126 163.243 162.843 159.903 145.234 -68.3327 215.827 53.4147 -97.6728 212.737 -31.5598 -60.4502 210.975 -37.0399 -32.4965 211.082 -18.7637 -19.2867 218.557 17.2429 -73.2199 266.153 51.3326 13.3421 9.7243 12.1937 
154.909 170.334 167.986 170.381 167.663 142.107 163.026 162.744 159.839 144.872 -68.3111 215.717 53.3429 -97.7348 212.647 -31.6813 -60.5065 210.922 -37.1904 -32.5141 211.021 -18.9195 -19.3679 218.376 17.3481 -73.3065 266.046 51.2115 13.5769 9.73281 12.1929 
154.838 170.198 167.834 170.212 167.335 141.929 162.695 162.447 159.497 144.308 -68.3999 215.692 53.094 -97.9254 212.711 -31.8348 -60.7198 211.003 -37.4017 -32.6963 211.033 -19.1487 -19.5252 218.237 17.2358 -73.3984 265.925 51.0858 13.6786 9.73215 12.1782 
154.832 170.149 167.81 170.149 167.261 141.843 162.471 162.282 159.358 144.159 -68.5023 215.638 52.9089 -98.0474 212.707 -31.9392 -60.9578 211.014 -37.5614 -32.8978 211.015 -19.3604 -19.6564 218.133 17.0342 -73.4785 265.834 51.0092 13.6533 9.70296 12.0857 
154.813 170.045 167.692 170.095 167.103 141.802 162.202 162.065 159.162 143.852 -68.3975 215.52 52.9151 -98.0869 212.611 -31.958 -61.0155 210.965 -37.6005 -32.9298 210.941 -19.4045 -19.7106 217.995 17.0459 -73.5277 265.705 50.9703 13.7115 9.71699 12.0729 
154.762 169.951 167.599 170.043 166.995 141.766 161.954 161.828 158.936 143.624 -68.295 215.487 52.7755 -98.1639 212.521 -32.0178 -61.0888 210.905 -37.6713 -32.9843 210.893 -19.5055 -19.722 217.924 16.91 -73.5895 265.599 50.8812 13.6821 9.70672 12.0764 
154.775 169.897 167.591 169.989 166.933 141.647 161.822 161.707 158.81 143.597 -68.1777 215.436 52.6762 -98.3058 212.626 -32.1102 -61.2186 211.004 -37.8265 -33.0763 210.963 -19.7077 -19.7093 217.925 16.6257 -73.5947 265.503 50.8457 13.6068 9.70246 12.0929 
154.733 169.977 167.718 169.994 167.056 141.318 161.913 161.834 158.857 143.564 -68.0335 215.438 52.4878 -98.4253 212.696 -32.2382 -61.2918 211.081 -38.0099 -33.1715 211 -19.9247 -19.7357 217.928 16.329 -73.6333 265.501 50.8288 13.4568 9.62552 12.0881 
154.737 169.917 167.654 169.944 167.048 141.364 161.741 161.646 158.718 143.313 -67.7023 215.476 52.3485 -98.3429 212.611 -32.243 -61.2075 211.086 -38.0381 -33.1168 211.001 -19.97 -19.8409 217.875 16.3831 -73.6185 265.497 50.7842 13.5295 9.59292 12.0794 
154.727 169.866 167.653 169.85 166.942 141.324 161.695 161.581 158.64 143.409 -67.6111 215.497 52.3399 -98.3991 212.539 -32.205 -61.2953 211.105 -38.0991 -33.1379 211.046 -20.0651 -19.7483 217.965 16.1885 -73.6134 265.463 50.7881 13.4242 9.6087 12.0597 
154.753 169.781 167.568 169.74 166.706 141.385 161.612 161.483 158.511 143.25 -67.3152 215.315 52.4327 -98.4264 212.394 -32.182 -61.2648 211.072 -38.1585 -33.0534 210.992 -20.0854 -19.6948 217.934 16.2346 -73.5833 265.35 50.7877 13.5077 9.68391 12.1109 
154.746 169.696 167.538 169.683 166.592 141.353 161.527 161.373 158.392 143 -67.0843 215.311 52.3833 -98.3599 212.257 -32.1508 -61.1692 211.021 -38.1622 -32.9452 210.984 -20.0772 -19.6493 217.952 16.3115 -73.5426 265.282 50.7718 13.5898 9.70586 12.1382 
154.776 169.697 167.575 169.691 166.606 141.322 161.59 161.386 158.391 143.005 -66.8639 215.358 52.35 -98.2499 212.235 -32.1981 -61.0739 211.028 -38.207 -32.8502 211.005 -20.1016 -19.5768 217.99 16.2742 -73.491 265.255 50.7647 13.5742 9.71812 12.1245 
154.859 169.76 167.656 169.745 166.812 141.391 161.715 161.529 158.548 143.268 -66.825 215.272 52.3647 -98.1826 212.091 -32.2164 -61.0626 210.932 -38.2575 -32.8217 210.917 -20.1633 -19.5233 217.887 16.2232 -73.4688 265.186 50.7593 13.5626 9.70914 12.0744 
154.869 169.765 167.728 169.782 166.963 141.364 161.829 161.6 158.599 143.371 -66.8448 215.285 52.2912 -98.0034 212.048 -32.2566 -60.9559 210.859 -38.2647 -32.724 210.894 -20.1704 -19.3782 217.898 16.1528 -73.3849 265.139 50.7369 13.5037 9.69526 12.0173 
154.912 169.928 167.885 169.917 167.365 141.37 162.164 161.922 158.904 143.86 -66.9429 215.265 52.2309 -97.7196 211.977 -32.3483 -60.6961 210.769 -38.3121 -32.4843 210.885 -20.2281 -19.1028 217.906 16.0074 -73.2494 265.087 50.7225 13.402 9.65643 11.9839 
155.005 170.11 168.079 170.098 167.747 141.354 162.474 162.331 159.341 144.581 -67.0301 215.412 52.1 -97.3242 211.799 -32.3031 -60.3777 210.664 -38.2953 -32.2059 210.959 -20.3085 -18.7788 218.017 15.769 -73.1139 265.14 50.6947 13.2426 9.54924 11.9039 
155.053 170.222 168.191 170.199 167.85 141.41 162.715 162.574 159.604 145.017 -66.9828 215.514 52.0512 -96.9535 211.698 -32.3172 -60.0508 210.624 -38.3242 -31.9195 211.038 -20.3742 -18.4726 218.177 15.5718 -72.922 265.242 50.6649 13.0981 9.48639 11.8505 
155.171 170.45 168.371 170.392 168.157 141.544 163.126 163.025 160.105 145.749 -66.5928 215.616 51.8953 -96.4732 211.48 -32.413 -59.5998 210.578 -38.4657 -31.4723 211.136 -20.5627 -18.0308 218.325 15.3068 -72.6506 265.324 50.5783 13.0028 9.43261 11.8009 
155.257 170.584 168.514 170.498 168.145 141.736 163.412 163.289 160.4 146.158 -65.9802 215.569 51.8178 -95.9905 211.352 -32.5246 -59.1635 210.521 -38.5796 -31.0534 211.128 -20.6837 -17.5765 218.376 15.1515 -72.2902 265.307 50.5154 12.983 9.4246 11.7533 
155.335 170.652 168.615 170.576 168.127 141.867 163.567 163.43 160.506 146.395 -65.4415 215.53 51.5295 -95.4462 211.3 -32.7495 -58.6689 210.484 -38.7776 -30.6338 211.023 -20.7906 -17.1778 218.39 14.9382 -71.8908 265.296 50.3531 12.8728 9.44705 11.6998 
155.481 170.751 168.72 170.694 168.205 142.037 163.737 163.651 160.684 146.618 -65.0448 215.372 51.3946 -94.9883 211.294 -33.0534 -58.1931 210.446 -39.0532 -30.207 210.911 -20.9685 -16.7728 218.361 14.7638 -71.4752 265.322 50.1258 12.842 9.47759 11.6996 
155.512 170.677 168.6 170.615 168.09 142.278 163.543 163.442 160.405 146.387 -64.5437 215.134 51.2057 -94.5591 211.356 -33.3657 -57.7004 210.389 -39.2636 -29.786 210.704 -21.0461 -16.3997 218.199 14.6819 -71.0166 265.309 49.8281 12.8623 9.53604 11.7478 
155.557 170.62 168.45 170.526 168.133 142.379 163.322 163.19 160.116 146.103 -63.8914 215.208 50.9484 -94.1161 211.519 -33.6612 -57.1972 210.59 -39.5132 -29.3002 210.892 -21.2366 -15.9931 218.428 14.4441 -70.6095 265.447 49.5319 12.7962 9.5585 11.7994 
155.581 170.583 168.293 170.512 168.18 142.472 163.087 162.919 159.837 145.637 -63.3423 215.423 50.6454 -93.5928 211.591 -33.8416 -56.6342 210.654 -39.5913 -28.8056 210.969 -21.2845 -15.692 218.526 14.4734 -70.2038 265.669 49.2438 12.846 9.52517 11.8263 
155.609 170.564 168.238 170.452 168.338 142.376 162.944 162.695 159.572 145.386 -63.0023 215.777 50.3516 -93.0253 211.84 -34.0229 -56.1198 210.762 -39.6118 -28.3814 211.114 -21.265 -15.4145 218.758 14.3832 -69.864 265.958 49.0253 12.6605 9.45272 11.7729 
155.503 170.629 168.333 170.563 168.599 142.216 162.939 162.581 159.488 145.538 -62.6629 216.411 49.9142 -92.4917 212.178 -34.224 -55.6181 210.87 -39.5906 -28.0405 211.27 -21.2313 -15.1523 219.088 14.1392 -69.5785 266.342 48.8123 12.3145 9.33013 11.7296 
155.416 170.724 168.412 170.656 168.879 142.05 163.054 162.687 159.561 145.999 -62.325 216.918 49.7693 -92.1105 212.481 -34.3609 -55.2248 211.095 -39.6548 -27.7061 211.483 -21.2642 -14.7337 219.425 13.8218 -69.3351 266.659 48.6801 11.989 9.2906 11.7233 
155.27 170.811 168.539 170.775 169.16 141.906 163.242 162.823 159.691 146.629 -61.8758 217.404 49.5934 -91.8082 212.737 -34.5341 -54.8753 211.301 -39.7981 -27.3644 211.753 -21.4298 -14.173 219.887 13.2501 -69.0875 266.888 48.5703 11.5573 9.24994 11.7441 
155.151 170.914 168.643 170.805 169.361 141.745 163.514 162.976 159.881 147.346 -61.8283 218.033 49.285 -91.6373 213.202 -34.7048 -54.6982 211.508 -39.8425 -27.2792 211.973 -21.5424 -13.916 220.244 12.6328 -68.8642 267.2 48.4193 10.9844 9.10791 11.7511 
155.058 171.015 168.728 170.914 169.399 141.805 163.734 163.132 160.012 147.837 -61.5046 218.149 49.1852 -91.3384 213.187 -34.8409 -54.2926 211.387 -39.8727 -26.9586 211.855 -21.5093 -13.5069 220.403 12.3708 -68.5861 267.342 48.2718 10.7126 9.11184 11.8229 
154.971 171.072 168.788 170.909 169.308 141.83 163.948 163.212 159.947 148.294 -61.161 218.145 49.1068 -91.0456 213.077 -34.9684 -53.9612 211.209 -39.9426 -26.6686 211.649 -21.4355 -12.9776 220.664 11.9498 -68.2956 267.411 48.1209 10.2971 9.21406 11.8521 
154.942 171.046 168.805 170.831 169.175 141.866 164.086 163.208 159.77 148.383 -60.7451 218.065 48.9706 -90.8255 212.997 -35.138 -53.7165 211.123 -40.1328 -26.4231 211.493 -21.497 -12.5366 220.845 11.5802 -68.0112 267.382 47.9681 10.0907 9.35544 11.8758 
154.853 170.965 168.755 170.723 169.059 141.916 164.158 163.085 159.488 148.219 -60.4176 217.793 48.8337 -90.6934 212.935 -35.4455 -53.4904 210.949 -40.3884 -26.1598 211.172 -21.5556 -12.1416 220.823 11.3524 -67.7194 267.217 47.781 9.99898 9.5613 11.963 
154.851 170.921 168.687 170.616 169 141.929 164.169 162.955 159.222 147.936 -59.9186 217.626 48.7449 -90.704 213.127 -35.8117 -53.3647 211.102 -40.7346 -25.9828 211.174 -21.7416 -11.9161 220.966 11.1069 -67.5052 267.165 47.577 9.98365 9.74656 12.0917 
154.813 170.831 168.581 170.47 168.81 141.916 164.041 162.746 158.882 147.653 -59.4758 217.449 48.6965 -90.8594 213.437 -36.1244 -53.3778 211.333 -41.0451 -25.9206 211.247 -21.9437 -11.7074 221.087 10.796 -67.3372 267.117 47.3532 9.95414 9.9052 12.2435 
154.811 170.804 168.511 170.407 168.656 141.935 163.996 162.656 158.692 147.332 -58.9964 217.286 48.6421 -91.054 213.804 -36.5043 -53.347 211.675 -41.4255 -25.853 211.408 -22.2077 -11.6842 221.164 10.5937 -67.2263 267.086 47.1502 10.0348 10.0436 12.4439 
154.906 170.817 168.497 170.332 168.637 141.969 163.965 162.673 158.679 147.41 -58.6384 217.121 48.5018 -91.2396 214.129 -36.8729 -53.3801 211.964 -41.8366 -25.8295 211.617 -22.5993 -11.5851 221.302 10.1767 -67.1309 267.08 46.9286 10.0097 10.0929 12.5789 
155 170.889 168.574 170.373 168.769 141.956 164.033 162.781 158.786 147.694 -58.5831 217.173 48.3027 -91.1919 214.205 -37.0019 -53.3587 212.073 -41.9912 -25.8391 211.836 -22.8531 -11.5173 221.551 9.74578 -67.1116 267.179 46.7722 9.8327 9.99276 12.5552 
155.104 170.945 168.714 170.38 168.795 142.06 164.184 162.985 159.024 148.256 -58.5166 217.086 48.1728 -91.2844 214.375 -37.206 -53.4312 212.168 -42.2159 -25.8846 212.075 -23.2552 -11.3354 221.802 9.18262 -67.0881 267.221 46.6481 9.67934 9.86573 12.5733 
155.151 171.154 168.968 170.507 168.904 141.873 164.506 163.382 159.405 148.551 -58.7475 217.088 48.0246 -91.5079 214.586 -37.413 -53.5774 212.275 -42.3914 -26.0566 212.302 -23.6159 -11.4264 221.947 8.7838 -67.2017 267.336 46.6204 9.54768 9.66075 12.591 
155.206 171.229 169.085 170.579 168.962 141.964 164.701 163.572 159.639 149.019 -58.8518 217.182 48.066 -91.6781 214.782 -37.5325 -53.7929 212.434 -42.516 -26.2312 212.546 -23.8644 -11.4343 222.23 8.3972 -67.2907 267.48 46.5897 9.41732 9.59686 12.56 
155.244 171.326 169.241 170.679 169.053 142.025 164.912 163.776 159.895 149.559 -59.1722 217.262 48.0027 -91.7662 214.655 -37.6187 -54.0325 212.341 -42.6114 -26.4899 212.603 -24.0663 -11.5461 222.502 7.93389 -67.4726 267.57 46.4798 9.16612 9.5143 12.4393 
155.255 171.426 169.306 170.781 169.044 142.122 165.12 163.932 160.06 149.791 -59.3496 217.239 47.698 -91.7729 214.266 -37.8126 -54.089 212.045 -42.7882 -26.6148 212.396 -24.2487 -11.7121 222.488 7.67248 -67.671 267.523 46.2205 9.09199 9.49308 12.3844 
155.3 171.467 169.345 170.78 168.989 142.021 165.148 163.974 160.218 150.116 -59.93 217.345 47.4453 -92.0009 213.992 -37.9815 -54.4588 211.797 -42.9537 -27.0169 212.316 -24.5018 -12.0532 222.568 7.28009 -68.0411 267.542 45.9613 8.92647 9.39001 12.266 
155.356 171.448 169.324 170.792 168.967 141.947 165.205 163.984 160.337 150.248 -61.0273 217.623 47.1397 -92.3898 213.849 -38.0646 -54.963 211.493 -42.8985 -27.5862 212.129 -24.5085 -12.7298 222.418 7.23705 -68.5856 267.681 45.673 8.83476 9.26422 12.1835 
155.271 171.353 169.059 170.715 168.919 142.047 165.096 163.804 160.229 149.898 -62.0223 217.731 46.8117 -92.8631 213.65 -38.1798 -55.4028 211.19 -42.8297 -28.0372 211.757 -24.3668 -13.4607 221.864 7.65231 -69.1691 267.645 45.3673 9.03399 9.26499 12.2187 
155.153 171.232 168.864 170.631 168.859 141.795 164.837 163.514 159.871 148.944 -62.6933 217.993 46.606 -93.4802 213.689 -38.3891 -56.0557 211.203 -42.9891 -28.6657 211.616 -24.3922 -14.4263 221.541 8.04371 -69.849 267.672 45.0966 9.39469 9.37729 12.1991 
155.052 171.082 168.648 170.622 168.873 141.801 164.406 163.243 159.695 148.21 -63.4916 217.919 46.5726 -94.1452 213.542 -38.6098 -56.618 211.047 -43.1492 -29.2375 211.289 -24.4137 -15.3854 220.866 8.64193 -70.5436 267.563 44.8238 9.98424 9.4675 12.2727 
155.037 170.932 168.529 170.567 168.766 142.008 164.068 163.003 159.565 147.442 -63.834 217.377 46.6956 -95.0205 213.307 -38.8961 -57.3498 210.679 -43.3698 -29.9587 210.748 -24.5743 -16.3935 220.002 9.11256 -71.1691 267.161 44.5952 10.6241 9.54814 12.4044 
155.002 170.872 168.578 170.541 168.684 142.067 163.799 162.935 159.622 147.573 -64.4981 216.612 46.7065 -95.7733 212.663 -39.0276 -58.2569 210.057 -43.6159 -30.8158 210.155 -24.9314 -17.0485 219.379 8.79623 -71.7643 266.563 44.3646 10.7116 9.5244 12.3027 
154.95 170.774 168.518 170.462 168.66 141.926 163.612 162.774 159.57 147.364 -65.8147 216.405 46.3587 -96.3845 212.216 -39.1032 -59.0428 209.474 -43.6251 -31.6646 209.664 -25.0774 -17.9477 218.795 8.72509 -72.4606 266.21 44.0448 10.7887 9.38834 12.1971 
154.811 170.534 168.302 170.292 168.587 141.735 163.274 162.381 159.128 146.761 -67.2482 216.646 45.8204 -96.985 212.169 -39.0462 -59.8555 209.345 -43.51 -32.5686 209.58 -25.0631 -18.9543 218.644 8.68193 -73.2127 266.232 43.7557 10.7953 9.28829 12.071 
154.666 170.251 168.054 170.098 168.34 141.441 162.691 161.924 158.686 145.357 -68.3056 216.518 45.4918 -97.8806 212.124 -39.0865 -60.8932 209.489 -43.7811 -33.4894 209.655 -25.4254 -20.163 218.291 8.95185 -73.9806 266.049 43.5689 11.4725 9.33615 11.9736 
154.592 170.026 167.857 169.987 168.205 141.406 162.056 161.51 158.313 144.54 -69.1497 216.157 45.0998 -98.6157 211.903 -39.1648 -61.763 209.55 -44.0973 -34.3506 209.653 -25.8135 -21.1846 217.96 8.86731 -74.6642 265.786 43.3357 11.8403 9.32976 11.871 
154.553 169.916 167.87 169.981 168.047 141.347 161.613 161.421 158.367 144.302 -70.1614 215.631 44.9058 -99.661 211.781 -39.3415 -62.7981 209.517 -44.5046 -35.3442 209.591 -26.3742 -22.0993 217.515 8.60984 -75.4152 265.379 43.122 12.1955 9.27414 11.8935 
154.354 169.702 167.703 169.774 167.548 141.095 161.259 161.183 158.222 143.759 -71.4969 215.394 44.6389 -100.522 211.695 -39.3569 -63.7589 209.495 -44.726 -36.2415 209.601 -26.7449 -22.9658 217.242 8.4482 -76.0924 265.117 42.9141 12.4636 9.22593 11.8492 
154.193 169.664 167.776 169.775 167.552 140.846 161.191 161.261 158.374 143.675 -72.7093 215.435 44.2602 -101.213 211.558 -39.3965 -64.5822 209.501 -44.9352 -36.9885 209.818 -27.1514 -23.6786 217.253 8.15236 -76.8162 264.965 42.6907 12.6083 9.12929 11.7711 
153.925 169.452 167.626 169.693 167.222 140.523 160.717 160.879 157.94 142.27 -73.5836 215.348 43.9358 -101.855 211.321 -39.459 -65.2497 209.513 -45.1954 -37.5745 209.899 -27.4459 -24.4097 217.121 8.39884 -77.4278 264.743 42.4787 13.2422 9.19448 11.7709 
154.034 169.356 167.558 169.712 167.273 140.522 160.194 160.715 157.975 141.392 -74.278 214.86 43.7909 -102.639 210.799 -39.5113 -66.0768 209.307 -45.5472 -38.321 209.808 -27.984 -25.3504 216.676 8.53473 -78.1375 264.389 42.2024 13.9306 9.1358 11.748 
154.268 169.606 167.844 169.984 167.759 140.608 160.219 161.002 158.458 141.666 -75.0044 214.675 43.7453 -103.495 210.349 -39.5031 -66.9953 209.124 -45.7624 -39.1789 209.803 -28.4016 -26.2452 216.479 8.36824 -78.9467 264.252 42.0637 14.1425 9.02061 11.7003 
154.16 169.677 167.943 170.085 167.843 140.518 160.085 161.092 158.683 141.452 -75.6179 214.316 43.3877 -104.409 209.982 -39.7615 -67.8901 208.984 -46.2415 -39.9967 209.585 -28.9463 -27.0863 215.927 8.20143 -79.6284 263.798 41.8004 14.5436 9.03342 11.7343 
153.931 169.715 168.085 170.227 168.023 140.03 159.866 160.977 158.754 140.612 -76.7768 214.719 42.7355 -105.025 209.9 -39.84 -68.6081 209.124 -46.4637 -40.7318 209.814 -29.2682 -28.0862 215.832 8.37856 -80.3772 263.727 41.6665 15.0193 8.9365 11.6658 
153.825 169.741 168.088 170.183 168.164 139.695 159.793 160.981 158.907 140.091 -77.8266 215.027 42.3176 -105.724 209.805 -39.9 -69.3073 209.22 -46.6041 -41.3533 210.024 -29.5137 -28.9881 215.725 8.63414 -81.1507 263.735 41.5305 15.4968 8.8823 11.6779 
153.918 169.639 167.963 169.987 168.268 139.765 159.551 160.823 158.902 139.374 -78.5178 214.618 42.093 -106.457 209.456 -39.9498 -70.0554 209.019 -46.7705 -41.9619 209.948 -29.8455 -29.8028 215.385 8.87391 -81.8144 263.44 41.3578 16.0963 8.86827 11.6916 
154.102 169.66 167.901 169.857 168.322 139.873 159.335 160.614 158.801 138.914 -79.0934 214.262 42.0216 -107.358 209.079 -39.9244 -70.9823 208.737 -46.8494 -42.7919 209.704 -30.0636 -30.7002 215.071 8.95953 -82.5268 263.21 41.2751 16.3228 8.83283 11.6945 
154.12 169.695 167.934 169.753 168.304 139.88 159.306 160.553 158.739 139.216 -79.6355 214.196 41.9327 -108.353 208.878 -40.0088 -72.0056 208.549 -47.0107 -43.7515 209.453 -30.2431 -31.5556 214.932 8.61333 -83.3509 263.129 41.1172 16.0716 8.84648 11.6853 
153.916 169.881 168.023 169.776 168.225 139.668 159.539 160.722 158.871 139.605 -80.1087 214.237 41.5642 -109.128 208.471 -40.2089 -72.7765 208.184 -47.2352 -44.4596 208.991 -30.4304 -32.2352 214.609 8.25166 -84.0551 262.868 40.849 15.8641 8.9094 11.6936 
153.689 170.055 168.43 169.874 168.58 139.206 159.803 160.915 159.043 140.69 -80.9358 214.889 40.9431 -109.655 208.457 -40.3261 -73.5311 208.082 -47.3396 -45.2042 209.016 -30.5905 -32.7019 214.849 7.52034 -84.7736 262.96 40.7015 15.1963 8.83015 11.5059 
153.606 170.141 168.678 169.965 168.335 138.923 160.084 161.094 159.15 141.206 -81.6285 215.265 40.4828 -110.144 208.295 -40.4587 -74.2087 207.93 -47.4642 -45.857 209.002 -30.7411 -33.1291 215.101 7.06397 -85.4045 263.018 40.5195 14.8339 8.80989 11.3588 
153.563 170.209 168.761 169.93 168.466 138.728 160.106 161.092 159.19 141.376 -82.3697 215.316 40.4135 -110.686 208.267 -40.4377 -74.8804 207.824 -47.3911 -46.5436 208.958 -30.7584 -33.7414 215.121 6.88904 -85.9429 262.994 40.4514 14.6674 8.75384 11.2741 
153.664 170.312 168.896 169.924 168.444 138.942 160.168 161.092 159.259 141.812 -82.9659 215.374 40.3537 -111.223 208.231 -40.4177 -75.5769 207.81 -47.3527 -47.2258 209.104 -30.8571 -34.2326 215.419 6.51127 -86.5233 263.125 40.3962 14.3301 8.67752 11.166 
153.827 170.461 169.072 169.953 168.378 138.988 160.353 161.29 159.643 142.573 -83.7645 215.483 40.3604 -111.789 208.129 -40.3582 -76.3358 207.655 -47.2747 -47.9502 209.109 -30.965 -34.7152 215.525 6.15364 -87.0772 263.19 40.4195 13.9389 8.55589 11.028 
153.868 170.425 169.024 169.803 168.096 139.313 160.362 161.258 159.68 143.355 -84.5223 215.223 40.342 -112.49 208.009 -40.4505 -77.0668 207.605 -47.4452 -48.6355 209.188 -31.2332 -34.9855 215.783 5.4318 -87.6309 263.179 40.3071 13.4566 8.51698 11.024 
153.776 170.451 169.025 169.638 167.727 139.155 160.359 161.307 159.815 144.232 -85.3289 215.385 39.9801 -113.227 208.052 -40.6797 -77.8284 207.659 -47.7574 -49.3344 209.316 -31.6564 -35.2389 215.986 4.57019 -88.2171 263.156 40.0883 12.9768 8.46714 11.0253 
153.742 170.521 169.142 169.669 167.569 138.729 160.554 161.491 160.055 144.884 -86.2267 215.826 39.4925 -113.745 207.953 -40.8465 -78.44 207.566 -47.9775 -49.9112 209.36 -31.9467 -35.4939 216.239 3.89291 -88.778 263.157 39.896 12.5732 8.434 10.9551 
153.44 170.48 169.086 169.582 167.241 138.151 160.637 161.454 159.999 145.176 -87.3314 216.346 38.9485 -114.398 208.051 -41.0293 -79.0842 207.639 -48.1975 -50.5206 209.44 -32.1874 -35.7636 216.407 3.31662 -89.3366 263.123 39.7507 12.3043 8.44488 10.9632 
