157.18 175.696 176.154 145.264 142.649 142.569 174.113 175.555 88.5059 85.5007 21.0097 243.779 -35.5946 21.2323 191.498 -99.4161 60.0494 173.922 -75.1853 2.63422 247.664 -1.18466 7.41951 237.885 9.38401 -13.0178 209.822 -5.68827 11.0987 107.577 20.1628 
156.255 175.695 179.425 145.948 143.347 141.408 174.704 177.641 87.6451 85.2697 19.8293 242.938 -34.7699 21.1147 190.994 -98.5379 58.7608 172.171 -75.3342 1.62847 246.805 -0.45517 6.17084 237.303 9.98982 -13.943 209.321 -5.09669 11.4364 108.575 19.3156 
156.161 175.7 180 145.701 143.915 140.696 175.247 179.998 86.1671 85.2329 18.627 242.293 -34.2556 20.8727 190.833 -97.8482 57.3754 170.185 -75.3687 0.841828 245.404 -0.0986104 5.04485 236.599 10.4316 -14.8593 208.621 -4.63696 11.6184 109.421 18.9193 
156.701 175.905 180 145.016 144.319 140.33 175.723 179.998 84.5989 85.1285 17.4872 241.429 -33.8731 20.1951 190.174 -96.9903 55.8681 168.949 -75.374 0.306105 243.7 0.3248 4.05839 235.622 10.965 -15.9517 207.8 -4.03963 11.8219 109.074 18.3091 
157.486 176.083 180 144.194 144.443 139.968 176.145 179.999 83.7308 84.9326 16.4808 240.451 -33.302 19.6551 189.274 -96.1268 54.7833 167.371 -74.9505 -0.274284 242.364 1.13221 3.08489 234.629 11.6791 -17.12 207.038 -3.44008 12.1198 109.124 17.9848 
157.374 176.176 180 143.923 144.624 139.939 176.422 180 83.3425 84.7034 15.2038 239.448 -33.2777 18.8275 188.205 -95.6215 53.7296 166.076 -74.7595 -1.47829 241.443 1.73298 2.06001 233.867 11.9288 -18.1848 206.293 -3.09763 12.3506 109.771 17.7595 
157.199 176.4 180 143.214 144.888 140.079 176.706 179.999 81.6811 84.7498 13.5007 238.856 -33.4554 17.6174 187.968 -95.1547 52.3864 165.413 -74.9559 -2.88852 239.846 2.11135 0.963832 233.168 12.1017 -19.2499 205.509 -2.7389 12.3759 110.272 17.6051 
156.532 176.644 180 142.582 144.888 140.246 176.865 180 81.1577 84.7779 12.151 238.229 -33.3555 16.6456 187.691 -94.9196 51.1496 164.751 -75.2572 -3.89187 238.88 2.49282 0.0774479 232.49 12.2751 -20.239 204.811 -2.49024 12.4927 110.566 17.4029 
156.149 177.198 180 142.51 144.908 140.542 177.418 180 80.1957 84.9372 10.6259 238.118 -33.4885 15.3308 188.291 -94.7769 50.023 164.71 -75.6429 -5.30242 237.96 2.98069 -0.859001 232.095 12.5332 -21.1365 204.329 -2.27563 12.3875 111.337 17.6019 
154.88 177.361 180 142.128 144.91 140.505 177.452 180 80.2618 84.6945 9.28428 237.579 -32.948 14.2538 187.303 -94.4341 49.0838 164.006 -75.4562 -6.4147 237.532 3.42683 -1.83423 231.599 12.9005 -22.1152 203.771 -1.85123 12.4171 111.713 17.4478 
154.206 177.415 180 142.491 144.883 141.02 177.3 180 79.6652 84.6096 7.99893 236.775 -33.085 12.766 186.799 -94.2882 47.5115 162.951 -75.3389 -7.59354 236.374 3.93593 -2.68182 230.7 13.2284 -23.116 202.949 -1.51726 12.3838 112.29 17.6915 
153.543 177.919 180 142.4 144.605 141.284 177.659 180 79.7124 84.4747 6.94546 236.42 -32.8387 11.458 187.112 -94.1006 46.4417 162.337 -75.2069 -8.45655 235.894 4.54254 -3.41378 230.074 13.6997 -24.1136 202.518 -1.2581 12.3786 112.704 18.1635 
153.043 177.842 180 142.438 144.653 141.502 177.412 180 79.69 84.3425 5.6419 236.047 -32.5162 10.4424 186.552 -93.8099 45.365 161.832 -74.8133 -9.52912 235.501 5.14169 -4.38346 229.642 14.1556 -25.2577 202.129 -0.891544 12.435 113.002 18.0929 
152.55 177.536 180 142.809 144.602 141.776 177.026 180 79.7467 84.108 4.556 235.467 -32.2269 9.70843 185.538 -93.4619 44.2228 160.961 -74.2967 -10.5982 234.904 5.72856 -5.27129 228.936 14.6048 -26.2775 201.483 -0.542639 12.4621 113.382 17.8908 
152.241 178.03 179.997 143.899 144.519 142.047 177.325 179.999 79.7146 83.8605 3.48817 234.732 -32.0741 8.65688 184.822 -93.0093 43.1645 159.859 -73.6463 -12.0313 234.207 6.53431 -6.26982 228.114 15.1821 -27.3611 200.822 -0.1498 12.4507 114.179 18.1033 
152.092 177.741 177.555 144.214 144.746 142.03 176.95 178.969 79.9382 83.6924 1.89937 234.705 -31.7087 7.48946 184.172 -92.9141 42.6532 160.24 -73.1254 -13.4033 234.245 6.88951 -7.34045 228.034 15.4531 -28.4064 200.551 0.184334 12.3953 114.333 18.0838 
151.929 177.376 177.058 144.392 144.832 142.022 176.573 178.761 80.1889 83.6067 0.45647 234.635 -31.1941 6.35518 183.641 -92.8116 41.6868 160.369 -72.9771 -14.7078 234.187 7.23056 -8.40846 227.886 15.7801 -29.4114 200.21 0.542275 12.2822 114.528 17.9096 
151.968 177.308 175.4 145.649 144.836 142.58 176.469 178.076 80.445 83.762 -0.990219 233.932 -31.4095 4.99106 183.256 -92.598 40.7726 160.477 -72.617 -16.2073 233.689 7.7777 -9.44987 227.342 16.076 -30.3286 199.472 0.910626 12.305 114.763 18.0763 
152.02 177.128 176.074 145.334 144.813 142.648 175.978 177.886 80.6951 83.5704 -2.11312 233.416 -30.8312 4.41193 182.443 -92.2088 40.4732 160.525 -71.9973 -17.2264 233.461 8.22436 -10.3666 226.978 16.5031 -31.2168 199.017 1.34774 12.3043 114.641 17.9125 
152.178 177.036 176.871 145.172 144.612 142.541 175.841 177.778 81.2993 83.2477 -2.88555 232.852 -29.7332 3.94528 180.62 -91.4963 40.0775 159.921 -70.8942 -18.2196 233.478 8.99451 -11.2101 226.605 17.2075 -32.2161 198.722 2.00087 12.3323 114.726 17.514 
152.448 176.817 177.399 145.139 144.458 142.682 175.82 177.512 81.9117 82.9193 -3.48944 232.063 -28.632 3.50124 178.76 -90.4696 39.5209 158.942 -69.3749 -19.1144 233.144 10.1468 -12.2141 225.851 18.3512 -33.2761 198.167 2.9049 12.3831 114.656 17.2508 
152.65 176.601 176.736 144.79 144.19 142.564 175.774 177.477 82.243 82.7642 -4.65766 231.642 -27.8163 2.70267 177.702 -89.8953 38.8001 158.676 -68.6767 -20.0652 232.795 10.7564 -13.1903 225.271 18.9188 -34.2839 197.6 3.53163 12.4395 114.544 17.0301 
153.192 176.476 176.466 144.834 144.106 142.671 175.696 177.575 82.4422 82.8774 -5.74398 231.116 -27.2594 1.8367 176.671 -89.1652 37.8192 157.994 -67.9206 -21.1582 232.414 11.3027 -14.1341 224.869 19.451 -35.2639 197.064 4.16676 12.3721 114.729 16.8472 
153.284 176.339 176.427 145.118 144.082 142.627 175.516 177.545 83.0088 82.5413 -6.59575 230.085 -26.4892 1.20203 174.23 -88.0177 37.1935 156.733 -66.2923 -22.4092 232.281 12.1297 -15.289 224.431 20.273 -36.2957 196.6 5.05443 12.414 114.978 16.6311 
153.688 176.244 176.561 144.952 143.628 142.381 175.53 177.501 83.273 82.2003 -7.31902 229.603 -25.3345 0.801841 173.133 -87.3257 36.7357 156.613 -65.5197 -23.3552 231.872 13.2118 -16.2287 223.728 21.2159 -37.2082 196.101 5.77182 12.534 114.989 16.3023 
154.024 176.327 176.384 144.987 143.499 142.271 175.844 177.195 83.0844 82.1859 -8.13722 229.104 -24.6132 0.0195055 172.696 -86.5411 35.6308 156.273 -64.8751 -24.3096 231.132 14.0233 -17.0655 223.033 22 -38.1304 195.508 6.42488 12.4746 115.07 16.0844 
154.202 176.222 176.071 145.153 143.7 142.006 175.749 176.717 83.2771 81.9982 -8.8633 228.277 -23.6301 -0.882148 171.116 -85.5316 34.5864 155.412 -63.7766 -25.091 230.733 14.7064 -17.9838 222.485 22.794 -39.1213 195.001 7.2349 12.4076 114.881 15.8651 
154.837 176.127 175.635 144.871 143.78 141.881 175.592 176.415 83.114 81.8865 -9.74704 227.651 -22.6038 -1.73668 169.827 -84.6689 34.0012 155.196 -62.6699 -25.9363 230.172 15.324 -19.0214 222.007 23.5167 -40.0932 194.449 8.04645 12.3818 114.481 15.8461 
155.049 176.178 175.083 144.522 143.831 141.817 175.771 175.893 83.0839 81.9509 -10.385 226.852 -21.5501 -2.45087 169.486 -83.8534 33.5875 155.042 -61.5506 -26.4279 229.302 16.2252 -19.9077 221.115 24.5568 -40.9609 193.618 8.87849 12.3394 113.84 16.0988 
155.375 176.103 174.396 144.368 143.994 141.739 175.707 175.376 82.8277 81.8505 -11.2899 226.263 -20.4407 -3.38428 169.017 -82.9548 32.7614 154.896 -60.6892 -27.2072 228.503 17.1511 -20.8298 220.375 25.5859 -41.8631 192.927 9.83603 12.277 113.543 16.0875 
155.642 176.037 173.929 144.724 144.135 141.64 175.48 175.068 82.9507 81.5118 -12.4113 225.589 -19.5779 -4.46754 167.705 -81.6936 31.59 154.621 -59.7334 -28.3754 228.351 17.9904 -21.8276 220.098 26.3799 -42.8264 192.627 10.9273 12.3306 113.457 15.7305 
155.786 175.958 173.683 144.775 144.102 141.745 175.171 174.87 83.2095 81.2457 -13.1177 224.217 -18.9177 -4.66452 165.652 -80.189 31.456 153.761 -57.941 -29.3811 227.691 18.8792 -22.7091 219.354 27.2516 -43.5403 191.69 12.0031 12.4157 113.251 15.6789 
155.847 175.572 173.058 144.836 144.217 141.735 174.749 174.636 83.2144 81.1172 -13.985 223.508 -17.8793 -5.34769 164.561 -78.9923 30.8545 153.646 -56.7027 -30.3767 227.323 19.9111 -23.5258 219.014 28.2353 -44.2616 191.197 13.1525 12.452 113.221 15.6241 
156.175 174.981 172.768 145.005 144.586 141.813 174.226 174.44 83.4103 81.0334 -14.5761 222.637 -16.7889 -5.96433 163.097 -77.4079 30.3442 153.214 -55.036 -31.1735 227.229 20.9746 -24.2427 218.909 29.3078 -44.9507 190.901 14.511 12.4921 112.969 15.588 
156.123 174.41 172.529 144.928 144.499 141.932 173.843 174.648 83.2937 80.8046 -15.515 221.663 -15.8053 -6.28794 161.928 -75.6728 29.9525 152.763 -53.3254 -32.174 226.795 22.1297 -24.9736 218.583 30.4205 -45.4901 190.38 15.9783 12.5772 113.1 15.451 
156.05 174.375 172.739 144.783 144.37 142.193 173.88 175.364 83.1709 80.628 -16.1981 220.582 -14.7302 -6.51963 160.288 -73.7289 29.6698 151.664 -51.111 -33.0532 226.249 23.5599 -25.6207 218.155 31.8014 -45.9738 189.823 17.6597 12.6942 113.429 15.4655 
155.47 175.268 172.62 143.482 143.695 142.519 175.14 175.323 82.5441 80.3097 -17.3206 219.592 -13.8464 -7.34086 157.557 -72.1256 29.5901 150.104 -48.5841 -33.5 225.565 24.7141 -26.1018 217.823 33.0264 -46.3447 189.287 19.4558 12.8795 113.79 16.1787 
154.738 175.889 172.729 143.092 145.177 142.843 175.608 175.372 82.0762 81.0645 -17.8514 218.179 -13.3538 -8.59767 154.018 -70.757 28.3437 147.072 -46.7732 -32.8321 224.708 25.1636 -25.4037 217.72 33.3889 -46.6659 188.753 20.7543 12.9289 113.519 16.3651 
154.019 176.152 173.254 143.411 146.751 142.716 175.559 175.486 81.4894 81.8461 -18.5974 216.937 -12.5568 -9.97837 151.954 -69.7303 26.449 144.532 -46.1353 -32.4296 223.629 25.7063 -24.7118 217.415 33.87 -46.9327 188.089 21.8582 12.6933 113.676 15.9563 
153.956 176.601 174.011 143.797 148.47 142.551 175.851 175.861 80.8438 82.2304 -18.7655 216.494 -10.6308 -10.9339 151.545 -68.6527 24.9374 143.139 -45.2554 -32.1185 222.98 27.2211 -24.3273 217.225 35.3871 -47.3681 188.009 23.2113 12.4473 113.951 15.6338 
154.061 176.824 174.406 145.384 150.631 142.093 176.02 176.532 80.4494 82.9838 -18.9778 216.014 -8.38506 -11.513 151.469 -67.5935 24.1274 142.36 -44.3772 -32.0787 222.402 28.6519 -24.3416 217.12 36.8585 -47.8137 187.661 24.512 12.193 114.001 15.4558 
154.037 177.064 174.496 146.877 152.13 141.977 175.988 177.426 79.8521 82.9684 -19.378 215.472 -6.51123 -11.8281 151.264 -66.4404 23.5549 141.838 -43.3158 -32.3881 221.755 30.1138 -24.7757 216.723 38.2997 -48.1934 187.259 25.7823 12.205 114.397 15.2925 
153.764 177.334 175.823 147.249 152.608 141.928 176.099 178.39 79.2887 82.4578 -19.4429 214.718 -4.42056 -11.9371 150.549 -64.7887 23.1527 141.039 -41.62 -32.4464 220.965 31.8296 -25.3244 215.893 40.1142 -48.6255 186.884 27.229 12.3252 114.53 15.1691 
153.53 177.404 177.778 147.533 153.152 142.028 176.052 179.156 78.661 82.349 -19.6209 213.768 -2.97835 -12.013 149.755 -63.2143 22.6424 140.291 -40.1342 -32.4648 220.105 33.1336 -25.6632 215.269 41.374 -48.9405 186.424 28.4674 12.5616 114.531 14.9318 
153.096 177.693 180 147.223 152.513 142.488 176.323 179.997 78.1049 81.9257 -19.2381 212.658 -1.39099 -11.8418 148.218 -61.3078 22.4087 139.984 -38.6702 -32.688 219.153 34.8459 -26.2571 214.264 42.8476 -49.213 185.994 29.8323 13.1608 114.31 14.5433 
153.205 177.61 180 147.609 152.392 142.955 176.233 180 77.8112 82.1097 -19.162 211.319 -0.511957 -12.2234 146.559 -59.6687 21.7623 139.671 -37.9283 -33.0099 218.278 36.0362 -26.4832 213.623 43.911 -49.5266 185.374 31.0698 13.3098 113.703 14.0903 
152.754 177.809 180 147.629 151.525 143.739 176.323 180 77.3931 81.8325 -19.0879 210.232 0.503168 -12.1106 145.048 -58.0543 22.2441 139.791 -36.9046 -33.4846 217.398 37.5337 -27.0697 212.733 45.1164 -49.7668 184.804 32.3343 13.8555 113.195 14.1579 
155.665 177.212 180 150.001 149.809 146.794 177.455 180 78.2792 82.0286 -19.5824 209.797 1.04672 -13.0294 141.969 -56.2086 23.5773 140.325 -34.1813 -34.0566 216.955 40.1152 -27.6298 211.737 47.3258 -50.415 183.776 34.4116 14.2426 112.167 16.2373 
156.198 176.7 179.999 154.152 148.76 149.219 177.884 180 78.9748 81.9514 -19.8396 209.696 0.580993 -13.0659 140.294 -55.1017 24.183 141.105 -32.6178 -34.5705 216.94 41.4682 -27.6191 211.172 48.3129 -50.6866 183.225 35.1676 14.418 111.836 17.3254 
155.543 176.646 180 158.857 148.429 151.225 178.331 180 79.3609 81.924 -20.1972 209.294 0.819722 -13.3236 139.152 -54.3078 24.6334 141.938 -31.7151 -35.0481 216.736 43.0745 -27.714 210.593 49.4701 -51.0747 182.73 36.0179 14.7358 111.402 18.2803 
155.656 177.611 180 162.908 148.172 153.028 179.049 180 79.5362 81.813 -20.5294 208.133 0.496904 -13.8113 136.935 -53.5159 25.1197 142.318 -31.5159 -35.4758 216.143 44.3878 -27.7659 209.817 50.316 -51.3162 181.952 36.7387 15.1766 110.874 19.3376 
158.243 179.017 180 165.791 149.156 154.286 178.876 179.999 80.8442 82.382 -20.9373 206.52 -0.295967 -14.1107 134.963 -52.4415 25.085 141.933 -31.7979 -35.2124 216.14 44.8866 -27.4137 209.349 50.6596 -51.3387 181.164 37.3705 15.2535 109.857 19.5997 
162.759 178.869 180 167.976 149.884 155.647 178.451 179.999 81.6878 82.9298 -21.6987 205.036 -1.00535 -14.3546 133.699 -51.3424 24.8245 141.844 -32.0572 -35.1157 216.123 45.4443 -27.1614 209.11 51.012 -51.4366 180.616 38.1275 15.3709 109.075 19.6192 
161.87 179.037 180 159.892 150.353 153.523 175.62 179.999 81.9132 84.1573 -23.4231 203.643 -3.2586 -15.2084 132.249 -48.674 21.2016 141.201 -33.5985 -35.2129 215.885 41.4151 -26.6526 210.174 48.2271 -51.0954 179.574 38.4321 13.6585 106.706 17.2008 
161.8 179.694 180 156.41 150.775 151.872 173.466 179.997 81.6277 84.4548 -24.3616 202.637 -4.32178 -15.0837 132.191 -46.2988 18.9629 141.857 -34.3567 -35.2406 215.534 39.1971 -26.0828 210.822 46.7248 -50.7037 178.999 39.1338 12.5303 104.322 15.429 
161.617 178.43 180 154.434 150.969 150.757 172.372 179.991 81.2406 84.1729 -24.1964 201.966 -3.87818 -15.0876 132.153 -44.4916 18.6171 144.173 -34.0077 -34.8081 215.32 38.6175 -25.3695 211.152 46.6556 -50.2731 178.847 40.2956 11.8287 101.309 15.9867 
159.397 176.733 180 152.923 150.61 149.687 172.036 179.985 80.827 84.0021 -22.4847 201.873 -1.66796 -15.1631 132.186 -43.122 20.1797 147.533 -32.7455 -33.454 214.863 39.7183 -24.2801 210.73 48.1408 -49.9625 178.877 41.7042 11.5647 97.6648 18.5515 
157.015 176.746 179.999 151.712 150.553 148.55 171.1 179.982 80.6384 84.2983 -20.5137 201.99 0.975011 -15.1716 133.159 -42.3204 22.6873 150.502 -31.6446 -31.7149 214.555 41.1855 -23.2298 210.359 50.1115 -49.6494 179.121 43.0457 11.2336 94.3614 20.7839 
155.588 176.77 179.999 150.627 150.729 147.463 170.786 179.984 80.8875 84.6528 -20.1037 201.802 2.37815 -15.3232 133.299 -41.74 24.9297 153.891 -31.8035 -31.2925 214.771 41.0356 -22.6906 210.945 50.2175 -49.0302 178.966 44.0485 10.7989 91.6841 22.763 
155.347 176.864 179.999 150.971 151.075 146.925 171.474 179.984 80.982 84.6934 -20.1186 200.665 3.09382 -15.7336 131.586 -40.6709 25.6707 158.277 -31.7436 -31.3633 214.932 40.7014 -22.2307 211.472 49.8876 -48.43 178.687 45.1098 10.5584 88.5623 25.9263 
155.935 177.191 179.997 152.049 151.879 147.813 171.6 179.979 80.6317 84.2736 -19.6595 199.032 3.84736 -15.1464 129.246 -38.7973 29.7674 165.29 -32.0379 -31.0724 214.712 41.6913 -21.8058 211.416 50.9833 -47.9815 178.576 46.4615 10.472 83.7881 31.2599 
156.723 177.246 179.996 152.107 151.829 147.948 172.281 179.974 80.4138 83.8375 -17.5732 197.76 6.17842 -13.9265 127.195 -36.3516 33.8864 171.125 -31.1194 -29.9299 214.117 44.0619 -21.037 210.442 53.4707 -47.6499 178.476 47.8246 10.6884 79.7904 36.0995 
157.43 177.29 179.995 151.567 151.447 147.904 172.105 179.971 80.3485 83.8062 -16.5698 197.53 7.62584 -13.2248 127.105 -35.7234 36.9527 177.449 -30.944 -29.3872 213.767 45.1068 -20.7582 210.122 54.531 -47.173 178.181 48.6671 10.8139 76.3239 39.492 
157.772 177.288 179.994 151.725 151.711 147.965 172.035 179.967 80.1675 83.6944 -17.1615 197.528 7.95518 -13.5812 126.87 -35.3877 37.9764 183.847 -32.2621 -29.7336 213.952 44.7721 -20.9683 210.73 54.0947 -46.7714 178.105 49.2914 10.8396 73.3841 42.3389 
157.551 177.247 179.992 153.3 152.36 147.906 172.255 179.963 79.6438 83.5515 -18.5762 197.398 7.75222 -14.3904 126.211 -35.1638 37.2336 190.22 -34.3592 -31.0071 214.105 44.0988 -21.374 211.479 52.9811 -46.4072 177.971 49.6838 10.9129 71.3662 45.1505 
157.533 177.182 179.991 156.195 153.024 148.166 172.601 179.959 79.2869 83.4293 -19.9151 196.996 7.47043 -15.0773 125.27 -34.3642 35.742 194.98 -35.5105 -32.2749 214.3 43.9848 -21.7274 212.031 52.2765 -46.1657 177.967 50.2316 11.2093 70.1229 47.5908 
158.102 177.186 179.991 158.2 153.776 148.857 172.77 179.956 79.1094 83.4508 -20.8806 196.477 7.20981 -15.1928 124.529 -33.5376 34.2573 199.178 -35.9952 -33.0943 214.345 44.193 -22.0052 212.318 52.0464 -45.9596 177.871 50.8021 11.4659 68.74 49.7337 
163.331 177.02 179.991 160.522 155.957 147.058 173.28 179.951 79.3857 84.4057 -18.7705 194.594 9.89599 -15.0147 123.057 -32.02 32.3403 189.769 -34.0178 -33.1164 214.004 44.5889 -22.0893 212.264 51.7766 -45.9656 177.148 51.2939 11.8344 72.5102 46.2211 
166.1 176.815 179.993 162.522 156.745 146.667 174.367 179.953 79.2986 84.7938 -16.9683 193.067 12.1671 -14.2536 121.706 -30.5005 30.2805 176.305 -31.5101 -32.9259 213.348 45.7888 -21.5294 211.784 52.5896 -45.9201 176.48 51.8328 11.9936 79.028 40.2873 
166.218 176.718 179.993 163.813 156.948 146.98 176.565 179.954 78.8737 83.9118 -16.093 192.31 13.2538 -12.8444 120.197 -28.8572 31.8542 176.515 -31.1894 -32.6827 213.125 47.5945 -21.271 211.245 54.5113 -45.706 176.513 52.5885 12.1593 79.5442 41.3757 
165.646 176.466 179.996 164.045 156.558 146.721 178.033 179.965 78.7719 83.6645 -14.338 191.867 15.3727 -11.9724 119.153 -27.4809 31.2287 166.921 -28.8073 -32.0103 212.575 49.3002 -20.6609 210.51 56.107 -45.6385 176.198 53.0648 12.3533 84.6466 37.1686 
165.277 176.199 179.999 164.085 155.943 146.428 179.39 179.973 78.8294 83.7855 -12.9241 192.481 17.0484 -11.1254 118.993 -26.7363 29.2606 156.217 -26.2715 -31.3232 212.292 50.7582 -20.1487 210.12 57.3593 -45.5795 176.031 53.2644 12.5787 90.9999 31.3581 
164.344 175.983 180 163.695 155.09 146.322 179.6 180 78.8958 83.8461 -11.878 193.219 18.3548 -10.3836 119.276 -26.3322 26.1319 145.617 -24.1868 -30.7285 212.118 51.9669 -19.7479 209.86 58.3462 -45.4937 175.982 53.4066 12.831 97.7757 24.6871 
162.953 175.808 180 163.63 154.382 146.35 178.997 180 79.0698 84.0842 -11.2238 194.168 19.0662 -9.93066 119.86 -26.4544 21.4028 135.533 -21.7972 -30.3216 212.099 52.6662 -19.5058 209.815 58.7065 -45.4196 175.945 53.33 13.1387 104.91 17.3939 
161.324 175.746 169.888 163.648 153.902 146.546 178.584 176.002 79.1857 84.2724 -10.8819 194.778 19.4593 -9.53131 120.224 -26.7012 20.7546 132.06 -19.3395 -30.0026 212.152 53.1201 -19.329 209.898 58.8677 -45.3028 175.975 53.2228 13.3936 107.932 14.9181 
159.522 175.35 166.865 163.769 153.541 146.831 178.363 173.035 79.3865 84.4453 -10.5157 195.168 19.6715 -9.2355 120.415 -26.915 20.7339 131.019 -19.2362 -29.6328 212.147 53.4517 -19.1158 209.834 58.9564 -45.1378 175.939 53.0741 13.627 108.756 14.2185 
157.744 175.024 167.38 164.157 153.452 147.203 178.248 171.46 79.4388 84.7263 -10.3772 195.32 19.58 -8.99813 120.604 -27.3718 20.9965 130.646 -19.4524 -29.4008 212.151 53.4256 -18.9529 209.939 58.6666 -44.916 175.902 52.7956 13.8418 109.204 13.9186 
156.033 175.039 167.416 164.452 153.34 147.505 178.253 170.188 79.4447 84.9805 -10.3281 195.452 19.2601 -9.05968 120.823 -27.9526 21.0388 130.488 -19.6282 -29.1407 212.103 52.998 -18.7517 210.037 58.0451 -44.6667 175.808 52.4173 13.9645 109.4 13.7253 
161.058 175.812 170.434 161.552 151.969 149.068 179.224 168.201 79.662 84.9815 -10.5086 195.074 17.3414 -9.99202 119.226 -27.0992 23.9503 134.79 -21.1216 -29.0665 212.291 51.358 -18.8807 210.363 57.0512 -44.5101 175.889 52.327 13.2152 104.93 18.1821 
160.526 175.848 170.602 161.745 151.733 148.218 179.424 167.337 79.6085 85.2016 -10.5063 195.558 16.9918 -9.92152 119.519 -27.5277 23.6862 134.767 -21.8504 -29.013 212.535 50.346 -18.6837 210.868 55.9379 -44.1917 176.079 51.9443 13.1612 104.968 17.7029 
163.148 175.226 170.288 159.149 152.442 148.105 178.317 168.913 79.9279 84.4976 -11.3364 195.273 15.1095 -9.97489 119.491 -28.2151 22.1099 132.796 -22.8541 -29.1866 213.579 48.8821 -18.7781 211.576 55.5122 -43.7197 176.782 51.849 12.1821 106.515 15.7908 
163.908 174.71 169.512 157.997 152.957 147.706 178.134 170.66 80.169 83.6458 -11.9274 195.274 13.6773 -9.7213 119.877 -29.016 21.4291 131.537 -23.6919 -29.1367 214.651 47.5453 -18.5608 212.254 54.9286 -43.126 177.55 51.673 11.6122 107.514 14.2011 
163.842 174.804 168.665 157.386 153.241 147.185 178.166 172.289 80.3631 83.1344 -12.3028 196.296 12.2066 -9.17132 120.808 -30.1537 21.7623 132.052 -24.6502 -29.0869 215.641 46.0905 -18.1753 213.013 54.1013 -42.3811 178.261 51.2655 11.1135 107.634 13.5574 
164.065 176.124 168.313 156.368 153.811 146.5 178.783 175.222 80.883 83.516 -12.8576 198.877 10.299 -8.69924 120.681 -29.8887 23.0065 134.441 -25.1766 -28.8667 216.439 43.729 -18.5698 214.103 52.1941 -41.65 178.599 50.6693 10.7279 105.436 14.8239 
165.68 176 180 155.207 153.798 145.187 179.225 180 81.7199 84.4802 -12.8756 201.465 8.94885 -7.52931 121.337 -29.7327 25.1113 135.148 -24.7403 -28.1492 217.289 41.6904 -18.6404 215.176 50.5792 -40.8155 178.888 49.9235 10.5092 104.743 14.8661 
170.33 176.988 170.527 148.895 149.806 142.527 179.789 176.252 82.7912 84.6972 -13.4987 204.05 7.68045 -5.97808 121.946 -29.9911 28.1994 139.623 -24.4924 -27.9859 218.391 40.938 -19.0177 216.511 50.6615 -39.7352 179.505 50.2419 10.159 101.936 17.1788 
172.458 179.289 169.642 147.27 148.442 139.703 177.235 175.913 84.2958 85.2752 -12.0973 205.8 8.51565 -4.26005 124.551 -30.8559 30.5384 140.882 -23.6929 -26.9324 219.533 40.2194 -18.4208 217.2 50.1061 -38.9083 179.873 49.6874 10.3172 101.645 16.5039 
171.34 178.792 169.352 147.508 150.328 139.943 176.651 173.158 83.1679 84.9334 -9.83143 207.583 10.2084 -2.69042 129.499 -33.0923 31.8858 141.825 -23.2903 -24.6583 219.764 41.9349 -16.9818 217.2 52.0311 -38.3413 180.634 49.4275 10.4188 102.448 14.8997 
167.89 179.769 171.758 144.897 150.271 140.346 178.896 173.438 82.2513 84.2087 -7.18489 209.163 13.8108 -2.96678 132.151 -35.2285 33.5259 140.692 -22.3179 -22.4271 220.05 44.5746 -15.7819 216.86 55.3176 -38.2117 181.727 49.7376 10.3476 104.267 15.0968 
162.719 178.384 174.701 141.852 150.093 140.916 177.789 175.204 80.2378 83.7451 -4.69204 209.005 16.716 -2.04605 136.339 -37.9125 35.7803 138.414 -19.8859 -20.6603 219.706 46.8758 -14.6593 216.753 57.4918 -37.6332 182.966 49.8719 10.6872 107.348 15.0963 
159.174 177.311 176.562 142.97 149.132 141.139 176.613 177.156 78.7699 83.4008 -3.96887 208.109 18.4697 -0.890118 137.992 -38.7557 37.4618 137.19 -17.3716 -21.4147 219.324 48.7824 -14.6111 216.629 58.7128 -37.4817 183.514 50.305 10.9365 110.205 15.8514 
155.766 176.886 178.123 143.697 148.068 141.14 176.058 178.571 77.8716 83.1492 -3.20858 207.528 19.8798 0.165366 139.097 -39.6572 39.084 136.208 -15.4444 -21.8411 219.044 50.2612 -14.4771 216.462 59.6229 -37.1419 183.896 50.5915 11.4273 112.351 16.8844 
151.043 176.852 179.944 144.58 146.952 140.859 175.634 179.753 77.2124 82.833 -3.003 207.119 21.191 1.59971 140.458 -40.3086 39.9212 136.241 -14.4954 -22.258 218.966 51.5684 -14.4677 216.368 60.3281 -36.7848 184.344 50.8532 12.1639 113.811 17.0843 
145.534 177.006 180 145.769 146.016 140.803 175.075 179.998 76.7683 82.4082 -3.12422 206.849 22.1557 3.18811 141.84 -40.833 41.384 137.404 -13.2795 -22.6529 219.229 52.3955 -14.569 216.636 60.7275 -36.2884 184.903 51.1564 12.802 114.375 17.6767 
137.922 177.198 176.616 149.603 144.627 140.624 175.572 178.064 77.832 81.3526 -3.12459 207.162 23.3626 6.18238 142.597 -42.147 44.2933 137.962 -13.7102 -22.7211 220.568 53.5441 -14.5274 216.864 62.2976 -35.6078 185.439 51.124 12.5268 115.16 17.4877 
131.687 176.959 175.149 152.63 143.081 140.774 176.144 176.328 78.3723 80.5629 -3.33559 207.188 23.9012 8.02668 143.214 -43.099 45.8918 138.833 -14.7052 -22.6731 221.619 54.3213 -14.3016 217.235 63.2059 -34.9334 186.009 51.0266 12.504 115.623 17.0589 
131.005 178.53 175.204 151.396 141.417 141.463 177.066 175.569 78.3512 79.8367 -3.46827 207.532 22.779 9.15899 143.715 -44.042 49.5036 141.897 -13.2119 -23.0381 221.85 53.5967 -14.1947 217.537 62.9267 -34.3772 186.313 50.958 12.0248 114.191 19.1556 
130.37 179.843 175.66 150.168 139.784 142.065 177.863 175.558 78.3787 79.2304 -3.44951 207.896 21.528 10.4186 144.185 -44.3481 50.4316 143.572 -13.1063 -23.0468 222.017 52.6904 -13.7906 217.814 62.403 -33.7009 186.514 50.7519 11.6082 113.425 19.2428 
130.812 178.037 175.994 148.934 138.566 142.631 178.352 175.589 78.4658 78.8676 -3.1534 208.35 20.2405 11.4304 144.463 -44.3151 50.5962 145.148 -13.401 -22.9803 222.245 51.7014 -13.2934 218.24 61.6326 -32.9812 186.743 50.5056 11.3435 112.751 18.9458 
130.701 177.883 176.529 147.982 137.604 142.975 178.515 176.029 78.2098 78.612 -2.83856 208.874 19.5927 11.7949 144.993 -44.2138 50.3169 145.232 -13.8784 -22.6991 222.418 51.1773 -12.6998 218.683 61.0741 -32.3605 187.097 50.401 11.3644 112.967 18.3991 
130.535 177.723 177.219 147.41 137.014 143.155 178.802 176.575 78.1485 78.8255 -2.1526 209.396 19.4701 12.5017 145.621 -43.5749 49.7431 145.58 -14.3108 -22.0667 222.742 51.2375 -11.9148 219.125 60.9308 -31.8343 187.562 50.379 11.5704 112.906 17.4656 
130.474 177.635 177.806 146.731 136.992 143.111 179.048 177.133 77.912 79.1884 -1.24519 209.802 19.5151 13.2904 146.14 -43.0646 49.6111 145.396 -14.841 -21.3155 222.775 51.3409 -11.1052 219.358 60.7266 -31.2327 187.839 50.2185 11.9214 113.145 16.641 
128.561 178.711 176.756 148.78 137.083 142.499 178.902 175.605 78.6607 79.3326 -0.171878 210.44 20.1622 15.518 146.243 -42.8317 53.0241 145.873 -14.8358 -20.2126 223.831 51.9386 -10.3814 219.714 61.4246 -30.3525 188.251 49.8865 11.893 113.489 17.0034 
128.04 179.591 175.735 151.565 137.164 141.889 178.113 174.607 79.4812 79.6625 0.984306 210.611 20.7282 16.6975 146.883 -43.5582 54.3008 145.962 -15.2421 -19.3081 224.615 52.355 -9.77331 219.857 61.7956 -29.4921 188.389 49.4341 11.9929 114.101 17.082 
127.657 178.615 174.791 153.646 137.46 141.376 177.541 173.959 79.986 80.0771 2.06547 210.681 21.4204 17.5351 147.478 -43.837 54.8182 145.815 -15.6759 -18.1959 225.259 53.1523 -9.04798 219.975 62.3457 -28.8853 188.754 49.1509 12.2673 114.538 16.8589 
127.255 177.623 173.825 155.033 137.339 140.692 176.782 173.43 80.3644 80.1923 3.54836 210.986 21.3758 18.6487 148.107 -44.6045 55.8391 145.532 -16.9118 -16.4571 226.413 53.1507 -7.76692 220.711 62.191 -27.6302 189.636 48.5855 12.5254 114.848 16.4815 
127.406 177.361 173.027 156.322 137.394 140.255 176.629 172.64 80.1856 80.0881 3.89478 210.919 21.1306 18.5328 147.658 -45.0883 55.8875 145.656 -17.5939 -15.9828 226.794 52.8547 -7.17875 221.124 61.702 -27.0745 189.91 48.188 12.7698 115.254 16.5393 
131.409 178.735 173.896 146.886 135.362 142.188 177.389 173.857 79.2582 78.8484 3.90042 213.714 17.4617 18.2955 147.949 -45.741 59.418 146.064 -17.5745 -16.3564 226.683 50.9739 -7.27977 221.66 60.8516 -26.5328 190.27 48.4058 11.8904 114.892 18.1443 
131.49 179.642 174.419 139.964 133.511 143.084 177.679 174.456 78.4899 77.6017 3.47023 214.873 15.2823 18.7982 147.985 -46.0651 61.6696 146.532 -17.9926 -16.3955 226.452 50.009 -7.25906 221.922 60.5145 -25.9225 190.461 48.8009 11.5281 114.334 18.587 
131.663 179.817 174.962 135.866 132.458 143.768 177.339 175.014 78.3453 76.7255 3.21986 215.483 13.6685 19.6814 148.73 -46.7829 64.6638 147.961 -17.9593 -16.3498 226.521 49.3713 -6.97608 222.207 60.3319 -25.1569 190.673 49.0757 11.2774 113.603 19.5261 
132.077 179.725 175.343 134.087 132.007 144.022 177.159 175.434 78.2469 76.0618 3.5049 215.974 12.9728 20.6521 149.718 -47.3428 67.4126 149.505 -17.4747 -16.0263 226.525 49.2675 -6.52951 222.208 60.5228 -24.3921 190.821 49.2582 11.1303 113.061 20.5596 
132.063 179.587 175.535 132.79 131.585 144.535 177.16 175.729 78.3056 75.774 3.64164 216.478 12.1072 21.7255 150.703 -47.4822 68.9624 150.696 -17.5426 -15.6225 226.765 49.2733 -5.95138 222.496 60.6707 -23.6196 191.114 49.4258 11.0144 112.799 20.7103 
132.107 179.432 175.596 132.058 131.107 145.621 176.89 175.768 78.4585 75.5622 3.34446 216.329 10.5596 23.1245 151.925 -47.5628 70.2311 151.549 -17.5549 -15.4758 227.064 49.1133 -5.54102 222.993 60.6208 -22.818 191.371 49.5914 10.8691 112.848 20.5084 
131.032 178.625 175.64 129.247 130.549 146.733 170.87 175.965 79.5589 76.4206 2.32938 214.467 8.06618 23.9867 156.066 -46.3643 70.3276 152.444 -19.0377 -15.6297 227.642 47.8756 -5.47106 224.552 59.1938 -21.9813 191.419 49.8451 10.6734 111.538 18.9674 
129.704 178.146 175.8 127.09 129.195 148.622 165.732 176.218 80.396 76.6763 1.31744 212.64 5.43469 24.9563 159.847 -45.9758 70.4202 154.184 -20.6561 -15.3403 228.125 47.3728 -4.89378 225.525 58.5382 -20.994 191.483 50.0346 10.5796 110.09 17.9599 
128.764 176.929 175.88 125.484 128.681 151.386 160.221 176.532 80.962 76.7745 -0.0748148 210.973 2.47158 25.5274 164.499 -45.0498 68.907 155.047 -23.0494 -14.7863 228.904 47.2315 -4.17217 226.642 58.2357 -20.0992 191.911 50.3302 10.493 108.955 16.5344 
128.764 175.199 175.828 124.161 128.72 154.596 149.67 176.688 81.3836 76.9609 -1.75027 209.235 -0.620651 26.1956 174.163 -41.9091 66.5768 155.978 -26.1789 -14.1894 229.768 47.0727 -3.71232 227.834 57.8991 -19.2015 192.358 50.625 10.4508 107.639 16.7624 
131.172 174.47 175.816 123.425 128.901 158.281 141.763 176.749 81.6005 76.8792 -3.03794 207.254 -3.56082 26.1255 182.412 -38.7952 65.0106 157.241 -28.343 -13.5289 230.476 47.261 -3.19817 228.663 57.9762 -18.284 192.824 50.8474 10.4551 106.648 19.5769 
135.089 174.512 176.052 123.255 129.344 162.051 140.071 176.962 81.6408 76.7786 -4.08571 205.058 -6.02852 27.0457 185.114 -37.4105 64.7798 158.541 -29.2716 -12.9508 231.044 47.4812 -2.81897 229.349 58.1285 -17.3828 193.218 51.0317 10.476 106.115 20.2332 
140.501 174.863 176.311 123.579 130.164 165.415 139.409 177.362 81.4552 76.7181 -5.09162 203.162 -8.28204 27.2028 186.021 -36.8441 64.6526 159.078 -29.4761 -12.2043 231.619 47.6096 -2.35941 230.065 58.1393 -16.5159 193.659 51.1426 10.5793 106.112 20.6781 
145.851 175.358 176.333 124.296 130.995 168.317 139.379 177.424 81.1503 76.553 -6.30254 200.99 -10.1611 27.405 185.469 -36.357 64.0201 158.501 -29.6179 -11.5781 232.137 47.2568 -1.97033 230.796 57.7166 -15.6979 194.096 51.2212 10.6704 106.384 20.7558 
151.243 176.124 176.453 125.341 131.881 171.114 146.353 177.561 80.9132 76.3713 -6.9292 199.301 -11.5496 29.033 179.77 -38.7607 64.9204 157.754 -28.9584 -10.9199 232.441 47.2683 -1.46029 231.129 57.6797 -14.902 194.331 51.1939 10.7707 107.261 17.5577 
153.429 177.059 176.462 126.262 132.463 172.927 154.552 177.487 80.5836 76.0828 -7.44023 198.38 -12.294 30.2978 172.428 -41.0507 65.6428 156.955 -28.3154 -10.3771 232.463 47.206 -0.966277 231.206 57.6204 -14.2325 194.421 51.2066 10.8066 107.925 14.0478 
151.12 177.713 176.552 126.869 132.842 173.751 159.848 177.524 80.3379 75.9517 -8.22383 198.044 -12.7388 31.4158 167.706 -41.9436 66.9782 156.735 -27.4919 -9.95724 232.469 46.9114 -0.62243 231.332 57.3785 -13.6621 194.528 51.2539 10.7949 108.172 12.3965 
145.154 177.703 176.53 127.407 133.362 173.636 160.32 177.381 80.028 76.0283 -9.14023 198.058 -13.0463 32.771 167.498 -41.4762 68.203 156.734 -27.259 -9.65252 232.452 46.4445 -0.446689 231.577 56.9226 -13.0596 194.66 51.2584 10.8142 108.227 12.1683 
140.329 177.135 176.417 127.68 133.69 173.291 156.517 177.139 79.7927 76.1245 -9.21774 198.241 -13.0927 34.242 171.327 -39.9199 69.4307 157.124 -27.2345 -9.26352 232.323 46.0528 -0.200352 231.603 56.5145 -12.4665 194.631 51.1859 10.9034 108.089 13.2998 
136.397 177.093 176.369 127.796 133.78 172.982 156.16 177.009 79.5381 76.1509 -8.55817 198.764 -12.8796 35.5544 172.445 -39.454 70.999 157.234 -26.9111 -8.64216 232.219 45.8854 0.261852 231.539 56.3404 -11.9147 194.615 51.0548 11.0034 108.204 13.7591 
132.864 177.459 176.43 127.783 133.672 172.474 158.09 177.095 79.3718 76.1005 -7.14454 199.476 -12.2477 36.8403 171.278 -39.5446 72.5049 157.399 -26.3307 -7.98184 232.117 45.8074 0.840326 231.407 56.3038 -11.3715 194.599 50.9156 11.0517 108.31 13.201 
129.722 177.916 176.476 127.531 133.266 171.653 161.267 177.147 79.2605 75.933 -5.59447 200.324 -11.3679 38.027 168.521 -40.0489 73.7901 157.581 -25.8482 -7.41873 232.066 45.6139 1.37272 231.279 56.1675 -10.9357 194.644 50.7436 11.1026 108.316 12.0424 
126.389 178.257 176.526 127.258 132.732 170.474 163.907 177.254 79.1517 75.6317 -4.33145 201.279 -10.4436 38.8336 165.815 -40.7285 74.7347 157.494 -25.5829 -6.92165 232.051 45.3221 1.8793 231.168 55.9324 -10.5767 194.728 50.5302 11.1551 108.334 11.3186 
121.313 178.507 176.792 127.224 132.347 168.177 165.168 177.713 78.6354 74.9171 -3.05707 203.091 -9.23804 39.2131 164.457 -41.4935 76.1966 157.679 -24.9373 -6.20369 232.189 44.9075 2.61263 231.28 55.5209 -10.0373 195.142 50.1851 11.3071 108.513 11.8306 
118.93 178.349 176.852 127.088 131.91 166.522 163.729 177.752 78.1988 74.3567 -2.37302 204.212 -8.47279 38.8208 164.845 -41.3303 76.1829 158.174 -24.706 -5.94604 232.195 44.6487 2.9205 231.343 55.2573 -9.79463 195.401 50.0745 11.4065 108.317 12.1792 
117.772 178.279 176.88 127.121 131.598 165.413 162.476 177.681 77.7432 73.8093 -1.94623 204.892 -8.22355 38.0157 164.808 -41.572 76.3675 158.106 -24.3455 -5.79935 232.163 44.2898 3.12767 231.426 54.9004 -9.46895 195.647 49.8937 11.4929 108.59 13.0706 
117.901 178.277 176.833 127.311 131.541 164.665 161.218 177.456 77.333 73.3255 -1.58704 205.34 -8.3161 37.3212 164.613 -41.4865 76.167 157.889 -24.0722 -5.76311 232.018 43.9802 3.26749 231.422 54.609 -9.16687 195.812 49.743 11.5212 108.862 13.6084 
118.131 178.373 176.743 127.611 131.564 164.285 160.896 177.252 77.1184 73.0339 -1.31756 205.647 -8.48172 37.5586 164.387 -41.1693 75.7848 157.326 -24.2586 -5.67874 232.039 43.7469 3.42204 231.509 54.3923 -8.87802 195.981 49.6048 11.5457 109.178 13.327 
118.398 178.496 176.801 127.83 131.55 164.094 161.574 177.339 77.0128 72.8216 -0.888763 205.937 -8.51554 37.685 163.777 -41.5544 75.9723 157.09 -24.1567 -5.60485 232.276 43.5994 3.58361 231.79 54.2787 -8.587 196.295 49.4763 11.52 109.628 13.4778 
118.696 178.549 176.815 128.109 131.641 164.09 162.603 177.337 77.0584 72.7745 -0.200478 205.93 -8.33824 38.4241 163.111 -41.806 76.4317 157.008 -24.063 -5.5651 232.427 43.3981 3.69013 231.947 54.1253 -8.36384 196.45 49.3238 11.4731 109.891 13.2661 
119.047 178.498 176.871 128.143 131.582 164.04 163.199 177.383 77.1438 72.6568 0.656414 206.08 -7.98706 38.979 163.004 -42.273 77.2038 157.458 -23.7698 -5.47109 232.626 43.361 3.87212 232.094 54.1639 -8.14557 196.646 49.2293 11.4002 110.013 13.4637 
119.217 178.48 176.928 128.109 131.526 163.989 163.531 177.48 77.2911 72.6431 1.42017 206.232 -7.66898 39.7961 163.115 -42.296 78.0598 157.877 -23.507 -5.32054 232.81 43.3452 4.08558 232.217 54.2023 -7.90832 196.765 49.1611 11.3532 110.105 13.4473 
119.497 178.409 176.911 127.878 131.319 163.869 163.519 177.451 77.4895 72.6382 2.24621 206.406 -7.29013 40.7334 163.332 -41.933 78.6422 158.174 -23.3748 -5.13094 233.03 43.2557 4.35612 232.363 54.1562 -7.68021 196.925 49.1371 11.3383 110.03 13.1051 
119.447 178.236 176.953 127.461 131.049 163.662 163.028 177.567 77.669 72.6794 3.00665 206.633 -6.92335 41.77 164.002 -41.4389 79.3631 158.695 -23.1104 -4.81206 233.232 43.1029 4.6623 232.483 54.0354 -7.44536 197.053 49.1163 11.3681 109.742 12.8394 
119.177 178.064 177.036 126.828 130.713 163.297 162.299 177.702 77.914 72.7553 3.81392 206.751 -6.48347 42.4844 164.693 -41.0985 80.3215 159.482 -22.6127 -4.51552 233.302 42.8801 4.9228 232.458 53.8497 -7.18549 197.019 49.0646 11.4124 109.407 12.974 
119.058 177.914 177.083 126.204 130.394 162.978 161.378 177.79 78.0824 72.8143 4.52998 206.779 -6.10676 42.7583 165.302 -40.7777 80.8756 160.039 -22.3806 -4.18458 233.355 42.5998 5.19986 232.452 53.6067 -6.9272 197.005 49.0384 11.4525 109.006 13.1074 
118.999 177.806 177.143 125.7 130.166 162.753 160.68 177.896 78.259 72.9202 5.04425 206.999 -5.92803 43.0844 166.121 -40.6772 81.3988 160.737 -22.3552 -3.85873 233.453 42.3718 5.44432 232.454 53.4153 -6.69362 197.006 48.9605 11.5062 108.588 13.2088 
119.144 177.796 177.223 125.262 129.976 162.523 160.155 178.019 78.3471 72.9736 5.39972 207.33 -5.90938 43.0495 166.659 -40.6796 81.8852 161.322 -22.2198 -3.49674 233.602 42.1932 5.73872 232.527 53.2681 -6.45091 197.113 48.8945 11.5555 108.303 13.519 
119.906 177.736 177.357 124.904 129.812 162.384 159.453 178.222 78.3899 73.0724 5.70261 207.633 -6.1385 43.1889 167.712 -40.8756 82.5672 162.141 -22.1112 -3.15432 233.687 42.0411 5.99343 232.564 53.1372 -6.16714 197.184 48.7654 11.6114 108.021 13.9744 
121.937 177.851 177.452 124.591 129.775 162.225 158.855 178.423 78.381 73.1912 6.42129 208.465 -6.64481 44.1381 169.317 -40.5661 83.3831 162.898 -22.3531 -2.35434 233.925 42.0854 6.66765 232.637 53.1966 -5.60946 197.411 48.5214 11.6961 107.864 13.841 
124.405 177.985 177.389 124.673 129.963 162.441 158.912 178.361 78.5152 73.5442 6.98399 208.899 -7.05173 45.2108 170.458 -40.1496 83.5964 163.233 -22.7347 -1.80266 234.033 42.3303 7.0822 232.56 53.3995 -5.36372 197.423 48.3529 11.7672 107.692 13.2257 
127.108 178.212 177.337 124.847 130.123 162.645 159.639 178.332 78.5579 73.7398 7.5989 209.431 -7.32838 45.8604 170.959 -40.0955 83.4018 163.492 -23.1496 -1.23404 234.171 42.7369 7.5795 232.518 53.7802 -5.15739 197.552 48.2586 11.778 107.507 12.6346 
130.011 178.463 177.346 125.161 130.363 162.696 160.836 178.432 78.6526 73.9884 8.30123 209.765 -7.4676 46.3487 170.815 -40.3864 83.5403 163.544 -23.361 -0.723553 234.338 42.9833 8.05626 232.55 53.9655 -4.94207 197.664 48.1257 11.8092 107.502 12.3509 
133.027 178.625 177.25 125.368 130.452 162.714 161.463 178.36 78.8286 74.2625 9.07755 209.962 -7.53089 46.7655 170.762 -40.4043 83.3784 163.253 -23.6517 -0.229059 234.474 43.1786 8.55768 232.576 54.1044 -4.76109 197.729 48.0341 11.7988 107.45 11.9716 
135.633 178.733 177.164 125.513 130.517 162.771 162.476 178.334 79.039 74.6141 9.87617 209.997 -7.41758 47.1261 170.279 -40.7876 83.3366 162.684 -24.0137 0.199893 234.601 43.3455 8.99193 232.638 54.1908 -4.62287 197.75 47.9304 11.7788 107.539 11.7075 
137.622 178.826 177.286 125.724 130.683 162.634 163.137 178.431 79.2324 74.9977 10.7358 210.139 -7.22574 47.3085 170.101 -41.3352 83.6518 162.038 -24.0988 0.722145 234.743 43.5814 9.50377 232.689 54.2956 -4.43785 197.752 47.7925 11.8204 107.849 11.9473 
138.914 178.89 177.584 126.031 130.845 162.336 163.584 178.597 79.2328 75.2044 11.431 210.285 -7.03156 47.1584 169.846 -42.0355 83.9358 161.255 -24.1767 1.17491 234.903 43.6939 9.98693 232.875 54.2688 -4.21046 197.85 47.6933 11.8759 108.264 12.4636 
139.65 178.893 177.61 126.322 131.049 161.89 163.716 178.611 79.1388 75.215 12.1786 210.438 -6.73216 47.0066 169.549 -42.5583 83.9001 160.392 -24.4265 1.66656 235.057 43.7092 10.5416 233.028 54.1777 -3.96195 198.004 47.5779 11.9439 108.619 12.746 
140.057 178.854 177.573 126.491 131.123 161.356 163.554 178.59 78.9018 75.0522 12.5817 210.509 -6.61739 46.1888 168.977 -43.2959 83.3889 159.141 -24.917 2.01016 235.254 43.5724 11.0029 233.33 53.932 -3.69863 198.257 47.5274 12.0276 109.147 13.2524 
140.277 178.7 177.196 126.847 131.278 160.967 162.728 178.378 78.622 74.759 12.8752 210.571 -6.68864 45.0392 168.237 -43.9819 82.8673 157.994 -25.2136 2.31754 235.342 43.531 11.4418 233.492 53.8269 -3.36118 198.469 47.4896 12.0838 109.729 13.9503 
140.217 178.466 176.754 127.192 131.406 160.691 161.232 178.058 78.4323 74.5006 13.0797 210.839 -6.86779 44.3021 167.973 -44.2004 82.4102 157.269 -25.4883 2.60472 235.516 43.4388 11.7947 233.719 53.7434 -2.95652 198.692 47.4777 12.1009 110.126 14.3984 
140.199 178.179 176.696 127.363 131.419 160.534 159.336 177.862 78.3147 74.2533 13.0811 211.077 -7.20286 43.7135 167.934 -44.2904 82.3764 156.751 -25.3716 2.73589 235.646 43.2786 12.0164 233.938 53.6111 -2.54088 198.888 47.4794 12.0838 110.579 15.0833 
140.859 177.94 176.699 127.321 131.146 160.658 157.473 177.687 78.2656 74.0388 13.4323 211.197 -7.45611 43.8593 168.246 -44.1802 83.1488 156.833 -24.7745 2.95224 235.668 43.2454 12.3034 233.981 53.6575 -2.08331 198.985 47.4375 12.0426 110.891 15.7528 
141.457 177.718 176.717 127.515 131.13 160.836 156.042 177.637 78.2392 73.9522 13.7251 211.51 -7.69796 44.0811 168.77 -44.2938 83.7026 157.107 -24.6044 3.33674 235.89 43.34 12.6987 234.168 53.7607 -1.61722 199.219 47.4006 12.0558 111.093 16.1643 
142.108 177.518 176.776 127.441 131.088 160.979 155.143 177.622 78.2508 73.8125 14.3864 211.64 -7.61497 44.5104 168.955 -44.3268 84.4517 157.383 -24.2297 3.72197 236.185 43.3593 13.0983 234.443 53.8476 -1.13385 199.512 47.4423 12.0242 111.23 16.4817 
142.679 177.324 176.835 127.325 131.145 161.24 154.639 177.639 78.2769 73.7579 15.0351 211.496 -7.60891 45.0502 168.851 -44.4847 85.2266 157.333 -23.9955 4.24211 236.387 43.2284 13.5224 234.64 53.7976 -0.612362 199.639 47.4707 11.9993 111.246 16.7445 
143.812 177.238 176.926 126.921 131.003 161.481 154.256 177.643 78.1897 73.4789 15.7281 211.508 -7.60226 45.3251 168.328 -44.4574 86.2203 157.516 -23.2445 4.8373 236.686 43.1962 14.0577 234.909 53.8925 -0.00552475 199.988 47.5877 11.9852 111.375 17.1829 
145.305 177.269 176.927 126.677 130.971 161.636 153.689 177.544 78.0063 73.1211 16.393 211.424 -7.58927 45.326 167.777 -44.095 86.6384 157.58 -22.5985 5.34601 236.936 43.0544 14.5284 235.172 53.8775 0.576962 200.356 47.7493 11.9931 111.442 17.4535 
147.805 177.355 176.878 126.352 130.873 161.773 153.077 177.319 77.742 72.81 17.4192 211.323 -7.49137 45.59 167.699 -43.7185 87.18 158.059 -22.1083 5.97217 237.064 43.0781 15.0592 235.271 54.0101 1.16542 200.657 47.8226 12.0253 111.36 17.5825 
151.197 177.373 176.804 126.069 130.814 162.262 152.828 177.089 77.5462 72.557 18.3815 211.129 -7.54162 46.1733 167.602 -43.4885 87.6016 158.44 -22.0396 6.62057 237.143 43.2578 15.627 235.282 54.2436 1.72881 200.875 47.888 12.0873 111.204 17.3548 
155.35 177.316 176.827 125.861 130.573 163.183 152.937 176.966 77.4287 72.4618 19.5749 211.027 -7.55524 47.0834 167.816 -43.4284 88.3504 159.076 -21.8056 7.43804 237.245 43.8418 16.3409 235.209 54.8958 2.20457 201.138 47.9524 12.0726 110.95 17.1237 
159.009 177.289 176.819 125.989 130.693 164.162 153.573 176.874 77.4623 72.5545 20.774 210.697 -7.57909 48.35 167.766 -43.5608 89.2065 159.346 -21.857 8.19686 237.19 44.2489 16.9515 234.963 55.338 2.69752 201.061 47.8883 12.0788 110.812 16.7322 
162.16 177.406 176.857 126.372 130.962 164.732 154.354 176.889 77.4024 72.5517 21.8883 210.897 -7.40229 48.7585 167.631 -43.8649 89.7109 159.596 -21.615 8.94496 237.214 44.8156 17.622 234.757 55.8955 3.14029 201.162 47.8431 12.0883 110.98 16.8135 
164.135 177.757 176.897 127.024 131.363 164.49 156.143 176.884 77.4395 72.6097 23.2771 212.046 -6.6778 48.9711 167.495 -44.2677 90.3637 160.139 -21.2346 9.47851 237.519 45.4484 18.1974 234.821 56.5103 3.56317 201.54 47.8092 12.0207 111.495 17.0816 
165.455 178.261 176.984 127.923 131.69 163.805 158.796 176.961 77.6384 72.7276 24.5275 213.559 -5.76235 49.4698 167.169 -44.6798 91.3665 160.802 -20.7818 9.86502 237.93 46.0272 18.7321 234.976 57.0672 4.0051 201.952 47.7301 11.9095 112.163 17.3592 
166.109 179.066 177.068 128.722 131.705 162.646 162.678 177.145 77.8164 72.7157 25.7501 215.412 -4.61429 50.1343 166.075 -44.7609 92.4134 161.335 -20.3616 10.195 238.355 46.4794 19.3339 235.193 57.4711 4.49992 202.399 47.609 11.8045 112.992 17.4187 
165.985 177.068 177.208 129.856 132.247 161.225 165.624 177.559 77.9408 72.8406 27.3575 217.647 -2.91996 51.0667 165.857 -44.4337 93.8888 162.388 -19.7371 10.5602 238.613 47.2455 19.7857 235.218 58.2173 4.92596 202.648 47.5434 11.6659 113.573 17.5914 
165.255 174.733 177.578 130.711 132.774 159.404 168.244 178.649 78.0483 72.8899 28.8128 219.977 -1.13703 51.4036 165.285 -43.614 94.8454 162.903 -19.1067 10.8865 238.924 47.7541 20.2314 235.359 58.7197 5.3256 202.968 47.5053 11.5093 114.306 17.7846 
162.874 173.336 180 131.325 133.25 157.095 170.896 180 78.1482 72.9606 30.2531 222.396 0.879527 51.78 164.218 -42.1398 95.5954 164.31 -19.2265 11.2115 239.199 48.0689 20.6563 235.547 59.0371 5.77097 203.256 47.5272 11.3793 114.123 17.4922 
157.67 172.648 180 131.676 133.539 154.128 173.601 180 78.2267 72.9878 31.6819 225.443 3.29474 52.1459 163.243 -40.4104 96.9909 167.777 -19.7067 11.6396 239.501 48.4134 21.1533 235.733 59.391 6.24461 203.607 47.559 11.2916 112.62 17.8491 
153.659 172.178 180 131.903 133.74 151.409 175.82 180 78.2417 73.04 32.7876 228.105 5.38583 52.2426 162.254 -38.8697 98.4615 171.914 -20.3234 12.1428 239.823 48.4534 21.6736 236.003 59.4394 6.7259 203.947 47.5421 11.2427 110.553 19.137 
152.546 176.813 180 131.922 133.84 149.563 178.556 180 78.2753 73.089 33.8165 229.772 6.80703 50.9841 161.843 -38.7746 99.8822 176.001 -21.1045 12.7214 240.044 48.4283 22.2113 236.162 59.4639 7.2386 204.188 47.4925 11.2071 108.266 21.7966 
152.794 174.633 180 131.991 133.849 148.171 178.106 179.998 78.311 73.0816 34.9077 230.748 7.89989 49.2504 160.719 -38.8457 101.091 179.583 -21.5547 13.3377 240.033 48.2938 22.8211 236.076 59.4195 7.75864 204.228 47.4077 11.1582 106.03 25.0729 
153.124 174.575 179.999 132.052 133.851 146.992 178.087 179.996 78.3946 73.0228 35.8524 231.673 8.75498 49.1891 161.368 -38.868 102.102 182.68 -21.7656 13.9148 240.102 48.2076 23.4463 236.027 59.4307 8.27257 204.349 47.2864 11.0736 104.247 26.5028 
152.979 174.513 179.999 132.037 133.868 146.039 178.066 179.994 78.4878 72.9649 36.5625 232.58 9.34252 49.4082 162.223 -38.962 103.032 185.832 -22.085 14.5096 240.351 48.1311 24.0847 236.148 59.4174 8.83333 204.619 47.1512 11.0154 102.64 27.679 
153.081 174.505 179.999 132.396 133.9 145.483 178.064 179.993 78.5557 72.994 37.5802 233.094 9.90359 49.5836 162.861 -39.0583 103.549 186.926 -21.7972 15.2116 240.61 48.2971 24.8254 236.219 59.5979 9.31427 204.964 47.051 10.9931 102.058 28.2607 
153.027 174.499 179.999 132.741 133.783 145.228 178.074 179.994 78.5855 73.0996 38.8094 233.224 10.4613 50.3035 163.377 -39.1133 103.993 187.792 -21.2879 15.9136 240.812 48.5081 25.5239 236.257 59.792 9.80586 205.285 46.8982 11.0114 101.649 28.5879 
152.337 174.521 179.999 133.419 133.987 145.421 178.094 179.994 78.8224 73.5245 40.1693 233.339 10.9725 51.4599 164.044 -39.1346 104.469 188.35 -20.4257 16.6901 241.158 49.0149 26.1719 236.343 60.2191 10.2822 205.64 46.767 11.0938 101.434 28.6835 
152.313 174.607 179.999 134.297 134.084 145.713 178.125 179.995 78.8804 73.7865 41.4601 233.382 11.4299 52.5143 164.226 -39.1052 104.68 187.429 -19.4716 17.2794 241.41 49.2996 26.7271 236.464 60.4161 10.6952 205.941 46.6538 11.2158 102.043 28.2926 
152.493 174.75 180 135.142 134.08 145.931 178.161 179.996 78.8215 73.9977 42.6484 233.688 11.8915 53.3663 164.515 -39.33 104.351 185.167 -18.2472 17.874 241.646 49.6387 27.2684 236.59 60.6591 11.0453 206.3 46.5484 11.349 103.458 27.4175 
152.183 176.588 180 135.864 133.894 145.92 178.661 179.998 78.7072 74.0134 43.5365 234.278 12.3518 54.6698 166.442 -40.0217 103.409 181.671 -16.7541 18.4104 241.925 49.7097 27.822 236.761 60.6999 11.3638 206.701 46.3853 11.4156 105.754 25.147 
152.305 176.736 180 136.662 133.639 146.203 178.669 180 78.4899 74.044 44.9198 235.967 12.7707 55.8479 168.229 -41.4858 102.76 179.072 -15.4181 19.4426 242.514 49.8126 28.8251 237.216 60.7105 12.2866 207.421 45.9329 11.5206 108.483 24.1698 
151.98 176.506 180 136.493 132.624 146.614 178.563 180 78.1332 73.6529 45.078 236.457 12.4349 56.604 168.89 -42.0885 102.824 177.85 -13.7725 19.792 242.666 49.4386 29.2784 237.371 60.3998 12.6403 207.726 45.6702 11.5405 109.946 24.2095 
151.714 176.93 180 135.993 131.285 146.685 178.704 180 77.6099 73.0662 45.2294 236.775 11.944 57.4341 169.013 -42.2369 103.345 178.348 -12.4638 20.2883 242.899 48.8147 29.9322 237.708 59.8718 13.1236 208.17 45.4018 11.5486 110.259 24.7352 
151.363 177.069 179.968 136.033 130.393 146.988 178.752 179.695 77.3604 72.6493 45.4907 236.877 11.3903 58.1813 169.015 -42.0902 103.505 179.444 -11.384 20.8221 243.196 48.3234 30.5649 237.944 59.4454 13.5196 208.573 45.1932 11.5809 109.85 25.1903 
151.283 177.417 179.708 136.207 129.723 147.175 178.692 177.085 77.1906 72.3585 45.8764 236.926 11.0323 58.7938 168.937 -41.9132 102.796 180.965 -11.9001 21.4244 243.499 47.8184 31.2185 238.143 59.0058 13.846 208.96 44.9828 11.5913 108.666 24.8633 
151.536 177.663 179.559 136.18 129.024 147.592 178.495 175.248 77.1287 72.0807 46.2212 236.878 10.3788 59.2338 168.905 -41.6384 101.735 181.704 -11.9633 22.0638 243.956 47.2999 31.9027 238.456 58.5826 14.1668 209.499 44.8198 11.5559 107.935 24.4428 
152.682 177.503 179.486 136.098 128.542 148.094 178.26 173.698 77.0924 71.9527 46.6606 236.903 9.88827 59.6129 169.145 -41.5572 100.602 182.425 -11.9162 22.6764 244.473 46.9711 32.4967 238.881 58.3331 14.4823 210.091 44.6927 11.5047 107.37 24.084 
154.348 177.349 179.486 136.04 128.336 148.478 178.029 173.716 77.0428 71.9737 47.3802 236.818 9.76156 60.0619 169.553 -41.6067 99.9589 181.259 -11.6107 23.3113 244.758 46.7178 33.0387 239.083 58.1748 14.7826 210.513 44.53 11.4355 107.902 23.3188 
155.856 177.311 179.513 135.965 128.251 148.76 177.81 174.096 76.9766 72.0139 48.0128 236.747 9.58799 60.3875 169.85 -41.6734 99.4265 179.949 -11.3793 23.9596 245.052 46.4342 33.5676 239.309 57.9816 15.0433 210.966 44.3679 11.3722 108.44 22.6209 
157.232 177.518 179.55 135.871 128.21 149.187 177.835 174.715 76.746 71.9909 48.6833 236.63 9.37315 60.7502 169.987 -41.7684 99.4122 178.633 -10.9438 24.6114 245.088 46.245 34.0512 239.294 57.8884 15.2935 211.255 44.1598 11.3197 109.007 22.3195 
158.425 177.759 179.566 135.665 127.985 149.427 177.919 175.378 76.4529 71.9332 49.238 236.632 9.19592 60.9824 170.199 -42.0028 99.985 177.136 -10.3118 25.0477 245.15 45.9005 34.4319 239.414 57.628 15.5526 211.569 43.9253 11.2734 109.979 22.3809 
159.26 177.933 179.592 135.368 127.713 149.703 177.941 175.798 76.2233 71.8583 49.5607 236.823 8.75935 61.0926 170.676 -42.2349 100.255 177.095 -10.522 25.3699 245.362 45.5469 34.7681 239.694 57.3317 15.8204 211.986 43.7041 11.2284 110.108 22.3488 
