151.857 165.742 166.365 166.831 167.291 144.428 160.719 160.753 162.015 160.027 -226.522 247.571 105.752 -241.419 207.609 48.5992 -230.938 193.447 33.8769 -205.999 191.045 26.5995 -176.993 202.975 26.9569 -172.283 262.248 82.4545 4.76151 3.16955 2.85665 
152.366 166.179 166.595 166.707 166.877 144.377 161.503 161.196 162.111 159.921 -226.774 247.844 105.369 -241.538 208.106 47.8262 -230.885 193.739 33.4315 -205.7 191.259 26.3004 -176.974 203.305 27.0178 -172.515 262.926 82.25 4.55386 3.31127 3.07136 
152.709 167.218 167.317 167.073 166.925 144.278 162.634 161.933 162.464 160.111 -227.055 248.209 105.027 -241.509 208.353 46.8812 -230.762 193.802 32.9191 -205.434 191.226 26.0529 -177.044 203.429 27.1466 -172.634 263.46 82.0697 4.33868 3.36139 3.32066 
153.005 168.063 167.757 167.227 166.911 144.319 163.315 162.224 162.49 160.004 -227.461 248.913 104.754 -241.787 208.999 46.2229 -230.861 194.219 32.5883 -205.382 191.485 25.9133 -177.184 203.689 27.3124 -172.771 264.142 81.9285 4.16468 3.43811 3.52422 
153.253 168.774 168.111 167.419 166.884 144.522 163.871 162.491 162.541 160.003 -228.026 249.716 104.637 -242.145 209.707 45.6824 -231.025 194.752 32.2438 -205.394 191.899 25.7249 -177.336 204.141 27.2856 -173.003 264.948 81.8277 4.11289 3.52094 3.65731 
153.739 168.02 167.73 167.097 166.714 144.697 162.802 161.949 162.055 159.617 -227.762 249.639 104.67 -241.652 209.678 46.2647 -230.542 194.977 32.3871 -204.752 192.245 25.7979 -176.394 204.659 27.0033 -172.775 265.35 81.8239 4.42703 3.63532 3.30542 
153.803 168.351 168.013 167.332 166.732 144.915 163.112 162.21 162.192 159.8 -228.278 250.473 104.722 -241.697 209.98 45.9372 -230.414 195.155 32.1716 -204.53 192.362 25.7169 -176.157 204.752 27.0352 -172.798 265.83 81.8107 4.47945 3.66498 3.30023 
153.702 168.969 168.457 167.708 166.962 144.991 163.812 162.655 162.493 160.176 -228.7 251.222 104.582 -241.742 210.287 45.2668 -230.374 195.216 31.8794 -204.476 192.392 25.5853 -176.229 204.9 26.9726 -172.874 266.233 81.7747 4.54182 3.63793 3.55388 
153.802 169.646 168.876 168.072 167.215 145.184 164.507 163.069 162.781 160.531 -229.047 251.727 104.412 -241.751 210.355 44.7478 -230.3 195.061 31.6813 -204.438 192.247 25.47 -176.361 204.884 26.9006 -172.885 266.444 81.6983 4.56589 3.58795 3.7932 
153.967 170.206 169.26 168.452 167.519 145.405 165.139 163.47 163.109 160.911 -229.438 252.301 104.264 -241.706 210.431 44.2217 -230.15 194.952 31.41 -204.318 192.133 25.3326 -176.402 204.844 26.8716 -172.872 266.619 81.6463 4.56621 3.53832 3.96415 
154.032 170.755 169.587 168.738 167.8 145.512 165.764 163.899 163.467 161.35 -229.683 252.825 104.09 -241.591 210.623 43.7339 -229.93 195.034 31.1087 -204.124 192.307 25.1527 -176.362 205.171 26.7752 -172.889 266.941 81.7254 4.62977 3.48029 4.10831 
154.09 171.249 169.879 168.997 168.153 145.548 166.324 164.3 163.819 161.871 -230.002 253.352 104.009 -241.587 210.864 43.2498 -229.796 195.21 30.7338 -204.034 192.612 24.9005 -176.41 205.645 26.5509 -173.005 267.278 81.7663 4.76291 3.4047 4.19638 
154.62 170.751 169.325 168.73 167.868 145.118 165.914 164.024 163.601 161.64 -229.364 252.841 103.674 -241.279 210.34 43.4727 -229.236 194.535 30.5881 -203.427 192.199 24.6694 -175.53 205.574 26.3858 -172.773 267.198 81.8306 4.78489 3.41134 4.11873 
155.348 170.109 168.827 168.501 167.529 144.665 165.437 163.702 163.402 161.327 -228.671 252.179 103.45 -241.248 210.113 43.7855 -228.891 194.13 30.5387 -202.977 191.886 24.5401 -174.725 205.474 26.3704 -172.597 267.151 81.9254 4.72632 3.49165 4.12011 
156.245 169.493 168.221 168.168 167.143 144.211 164.909 163.153 163.056 160.915 -228.132 251.504 103.232 -241.339 209.993 44.1762 -228.586 193.806 30.7294 -202.56 191.635 24.5485 -174.055 205.379 26.4489 -172.511 267.129 81.9878 4.68677 3.60111 4.24898 
157.036 168.909 167.699 167.922 166.877 143.966 164.418 162.709 162.804 160.637 -227.758 251.035 103.157 -241.51 209.996 44.617 -228.44 193.714 30.8684 -202.271 191.556 24.5091 -173.458 205.354 26.4653 -172.422 267.161 82.0375 4.68525 3.73421 4.27524 
157.762 168.381 167.202 167.681 166.632 143.69 164.061 162.327 162.567 160.374 -227.438 250.617 103.004 -241.663 209.974 44.9671 -228.344 193.706 31.0138 -202.032 191.575 24.5249 -172.939 205.423 26.4996 -172.395 267.196 82.0704 4.73777 3.85983 4.28697 
158.412 167.963 166.874 167.571 166.496 143.378 163.842 162.043 162.418 160.188 -227.121 250.203 102.822 -241.856 209.955 45.1868 -228.378 193.659 31.1619 -201.95 191.524 24.5941 -172.628 205.397 26.538 -172.371 267.156 82.0736 4.79733 3.95878 4.3573 
158.984 167.747 166.789 167.663 166.599 143.178 163.867 162.037 162.498 160.272 -226.846 249.771 102.717 -242.028 209.876 45.3371 -228.5 193.6 31.2618 -202.068 191.468 24.6538 -172.583 205.308 26.6227 -172.389 267.114 82.0638 4.77981 3.97045 4.36195 
159.361 167.634 166.757 167.775 166.773 143.103 163.923 162.075 162.64 160.478 -226.68 249.38 102.658 -242.214 209.803 45.463 -228.607 193.597 31.2686 -202.159 191.503 24.6089 -172.521 205.341 26.5703 -172.464 267.124 82.0574 4.83805 3.98706 4.31605 
159.681 167.588 166.734 167.858 166.955 143.18 163.999 162.145 162.793 160.7 -226.588 249.125 102.694 -242.314 209.805 45.7223 -228.593 193.746 31.351 -202.097 191.69 24.6168 -172.306 205.482 26.6042 -172.483 267.193 82.1374 4.91502 4.03271 4.20789 
159.906 167.538 166.696 167.931 167.065 143.263 164.009 162.116 162.829 160.749 -226.437 248.781 102.666 -242.414 209.819 45.8974 -228.668 193.868 31.4809 -202.185 191.836 24.6995 -172.318 205.565 26.6971 -172.529 267.246 82.1469 4.91292 4.03257 4.15284 
160.084 167.505 166.743 168.045 167.23 143.225 164.058 162.191 162.954 160.934 -226.275 248.479 102.568 -242.485 209.812 45.9724 -228.804 193.942 31.5504 -202.355 191.895 24.715 -172.407 205.541 26.706 -172.539 267.216 82.1171 4.95192 4.02289 4.05565 
160.163 167.465 166.839 168.131 167.348 143.258 164.088 162.262 163.027 161.065 -226.06 248.128 102.535 -242.565 209.9 45.9745 -229.001 194.138 31.5389 -202.578 192.065 24.6543 -172.59 205.661 26.5813 -172.53 267.233 82.0787 4.98669 4.01959 3.97405 
160.24 167.297 166.787 168.053 167.299 143.372 164.001 162.204 162.931 160.997 -226.042 247.823 102.526 -242.692 209.928 46.0009 -229.133 194.248 31.4958 -202.651 192.11 24.626 -172.596 205.671 26.4883 -172.548 267.164 82.0298 5.07105 4.06661 3.90838 
160.321 167.181 166.715 167.911 167.15 143.478 163.921 162.113 162.757 160.8 -226.115 247.61 102.496 -242.87 209.927 46.0344 -229.267 194.304 31.4616 -202.664 192.056 24.6338 -172.517 205.558 26.4254 -172.561 267.044 81.9234 5.15672 4.15552 3.87135 
160.407 167.037 166.64 167.77 166.959 143.556 163.796 161.989 162.561 160.533 -226.027 247.296 102.425 -242.953 209.813 46.1312 -229.363 194.258 31.4976 -202.67 191.932 24.6767 -172.453 205.397 26.3946 -172.489 266.845 81.8517 5.20892 4.2247 3.82878 
160.452 167.08 166.746 167.769 166.893 143.624 163.878 162.039 162.493 160.375 -225.977 246.958 102.269 -242.886 209.486 46.0676 -229.267 194.051 31.4289 -202.497 191.734 24.6904 -172.301 205.254 26.4103 -172.489 266.68 81.7782 5.2014 4.26378 3.78594 
160.418 167.212 166.93 167.813 166.894 143.666 164.019 162.152 162.501 160.353 -225.885 246.692 102.072 -242.659 209.152 45.9151 -229.013 193.815 31.3378 -202.176 191.543 24.6637 -172.016 205.156 26.3613 -172.418 266.557 81.7065 5.24649 4.29445 3.75213 
160.435 167.208 166.967 167.797 166.881 143.665 164.052 162.253 162.563 160.41 -225.813 246.562 101.971 -242.48 208.906 45.9146 -228.816 193.699 31.1972 -201.912 191.467 24.5381 -171.716 205.12 26.2276 -172.319 266.447 81.6553 5.31798 4.33258 3.63662 
160.37 167.191 167.013 167.801 166.916 143.743 164.023 162.284 162.599 160.498 -225.852 246.37 101.876 -242.463 208.67 45.9159 -228.834 193.542 31.1438 -201.905 191.33 24.42 -171.697 204.976 26.0478 -172.311 266.253 81.5513 5.39372 4.35763 3.5467 
160.228 167.351 167.181 167.907 167.02 143.823 164.094 162.396 162.697 160.613 -225.898 246.214 101.739 -242.341 208.347 45.8351 -228.756 193.328 31.0318 -201.856 191.16 24.2499 -171.711 204.801 25.8762 -172.291 266.094 81.3917 5.38518 4.34428 3.43745 
160.026 167.548 167.336 168.005 167.086 143.881 164.186 162.508 162.768 160.681 -225.832 245.941 101.428 -242.157 207.841 45.7512 -228.624 192.976 30.9004 -201.762 190.906 24.0963 -171.736 204.651 25.652 -172.273 265.904 81.1817 5.38817 4.30975 3.32027 
159.965 167.547 167.348 167.981 167.099 143.977 164.096 162.509 162.749 160.681 -225.85 245.756 101.289 -242.098 207.678 45.7358 -228.63 192.946 30.8008 -201.777 190.898 23.9735 -171.812 204.653 25.4775 -172.319 265.839 81.0456 5.40844 4.30817 3.19929 
159.943 167.518 167.312 167.919 167.101 144.057 164.022 162.515 162.714 160.694 -225.937 245.737 101.156 -242.002 207.523 45.7812 -228.533 192.912 30.7326 -201.638 190.878 23.8679 -171.674 204.613 25.2951 -172.276 265.76 80.8947 5.5091 4.34397 3.0674 
159.733 167.439 167.244 167.885 167.078 144.102 163.984 162.499 162.684 160.662 -225.934 245.408 101.026 -241.94 207.243 45.6761 -228.456 192.744 30.5417 -201.568 190.743 23.679 -171.618 204.467 25.1117 -172.259 265.556 80.695 5.5382 4.33638 2.96609 
159.426 167.268 167.102 167.776 167.063 144.144 163.889 162.423 162.605 160.644 -225.96 245.197 100.858 -241.907 207.024 45.6187 -228.353 192.528 30.4451 -201.442 190.499 23.5481 -171.47 204.156 24.9207 -172.178 265.289 80.4064 5.62339 4.36658 2.93194 
159.062 167.038 166.928 167.652 167.02 144.367 163.726 162.321 162.482 160.532 -226.126 245.099 100.691 -242.002 206.888 45.5173 -228.329 192.35 30.2073 -201.336 190.217 23.3228 -171.258 203.733 24.6893 -172.085 265.01 80.0631 5.69045 4.43178 2.92412 
158.519 166.739 166.754 167.485 166.909 144.65 163.456 162.172 162.304 160.349 -226.319 244.95 100.494 -242.208 206.747 45.3765 -228.441 192.145 29.9034 -201.339 189.874 23.0056 -171.095 203.218 24.3609 -172.035 264.695 79.6045 5.74699 4.52295 2.93955 
157.717 166.45 166.661 167.446 166.926 144.872 163.301 162.154 162.279 160.312 -226.511 244.817 100.26 -242.335 206.571 45.0784 -228.469 191.958 29.4199 -201.305 189.617 22.5607 -170.93 202.831 23.981 -172.062 264.428 79.1557 5.78811 4.56591 2.92952 
157.022 166.018 166.392 167.246 166.788 145.018 163.073 162.035 162.128 160.083 -226.814 244.895 100.004 -242.414 206.443 44.7125 -228.288 191.759 28.8228 -200.946 189.278 22.1081 -170.393 202.368 23.6226 -171.999 264.115 78.6955 5.89425 4.67816 3.02912 
156.033 165.701 166.227 167.085 166.603 145.092 162.975 161.956 161.937 159.703 -226.911 244.735 99.466 -242.314 206.144 44.0595 -228.009 191.508 28.0492 -200.562 188.943 21.5812 -169.906 201.926 23.2015 -171.899 263.687 78.1304 5.93971 4.7145 3.07648 
155.131 165.525 166.063 166.915 166.417 145.3 162.868 161.862 161.774 159.342 -226.926 244.711 98.9897 -242.077 205.942 43.6407 -227.552 191.471 27.3799 -199.956 188.883 21.1028 -169.188 201.809 22.8882 -171.795 263.55 77.7234 5.99011 4.794 3.10099 
154.213 165.217 165.83 166.664 166.155 145.319 162.676 161.699 161.539 158.945 -226.856 244.737 98.4962 -241.759 205.83 43.1697 -227.083 191.572 26.7227 -199.367 189.011 20.6073 -168.537 201.929 22.5554 -171.742 263.515 77.3959 6.03483 4.85956 3.09016 
153.363 164.898 165.61 166.402 165.905 145.392 162.394 161.561 161.354 158.694 -226.853 244.765 98.1627 -241.485 205.718 42.8703 -226.697 191.712 26.1487 -198.857 189.21 20.1361 -167.924 202.146 22.1858 -171.754 263.574 77.1367 6.16321 4.93249 3.05774 
152.683 164.576 165.499 166.198 165.705 145.653 162.095 161.456 161.167 158.445 -226.936 245.002 97.9385 -241.238 205.8 42.6653 -226.292 192.035 25.6652 -198.25 189.539 19.814 -167.212 202.476 21.922 -171.776 263.825 76.9165 6.33508 5.05959 3.08086 
152.124 164.243 165.29 165.918 165.414 145.859 161.812 161.268 160.912 158.148 -227.2 245.314 97.7828 -241.086 205.762 42.4787 -225.907 192.137 25.2702 -197.645 189.658 19.5369 -166.477 202.639 21.6696 -171.824 264.01 76.6333 6.52399 5.20713 3.201 
151.629 163.962 165.152 165.662 165.156 146.103 161.52 161.12 160.684 157.971 -227.523 245.705 97.6144 -240.773 205.512 42.375 -225.406 192.103 24.9116 -196.962 189.738 19.219 -165.689 202.825 21.2819 -171.841 264.139 76.3571 6.79307 5.32562 3.29182 
151.294 163.708 165.032 165.488 164.938 146.425 161.251 160.981 160.506 157.791 -227.782 246.018 97.4908 -240.42 205.279 42.214 -224.905 192.039 24.5963 -196.321 189.8 18.9588 -164.973 202.973 21.0376 -171.845 264.295 76.1092 6.96697 5.41088 3.35468 
151.324 163.67 165.118 165.547 164.914 146.698 161.18 161.054 160.584 157.869 -228.126 246.345 97.4356 -240.282 205.256 41.87 -224.699 192.063 24.171 -196.051 189.814 18.6226 -164.609 202.956 20.8082 -171.87 264.416 75.8449 7.04372 5.44585 3.38827 
151.649 163.682 165.209 165.586 164.9 147.008 161.124 161.001 160.529 157.889 -228.605 246.592 97.3273 -240.4 205.337 41.3948 -224.788 192.034 23.8584 -196.12 189.682 18.4013 -164.633 202.78 20.5881 -172.002 264.523 75.4171 7.09666 5.45714 3.36644 
152.11 163.771 165.431 165.621 164.86 147.918 160.986 160.865 160.257 157.738 -229.227 247.078 97.0015 -240.232 205.362 40.6537 -224.623 192.1 23.2569 -195.79 189.684 17.983 -164.278 202.931 19.9701 -172.105 264.936 74.6462 7.30031 5.5568 3.28452 
152.994 163.777 165.418 165.509 164.785 148.708 160.819 160.691 159.982 157.474 -229.788 247.372 97.0235 -240.186 205.41 40.4774 -224.484 192.176 23.1502 -195.487 189.724 17.9674 -163.965 202.977 19.9181 -172.168 265.124 74.326 7.37174 5.67328 3.31394 
153.927 163.62 165.252 165.322 164.654 149.458 160.562 160.493 159.693 157.245 -230.358 247.835 97.0302 -240.223 205.535 40.3507 -224.425 192.373 22.8883 -195.226 189.855 17.8119 -163.647 203.164 19.6377 -172.237 265.357 73.9734 7.54131 5.81911 3.41713 
154.63 163.288 164.882 164.881 164.25 150.06 160.171 160.11 159.166 156.69 -230.684 248.138 96.9701 -239.986 205.569 40.2409 -224.092 192.605 22.6109 -194.728 190.083 17.6194 -163.152 203.454 19.3391 -172.176 265.487 73.636 7.67305 5.95008 3.50739 
155.269 162.714 164.354 164.306 163.705 150.512 159.587 159.598 158.55 156.037 -231.074 248.478 96.9363 -240.06 205.874 40.026 -224.067 193 22.2844 -194.553 190.392 17.3651 -162.938 203.776 18.958 -172.241 265.635 73.2036 7.81307 6.08742 3.61951 
156.014 162.552 164.17 164.042 163.411 151.027 159.382 159.373 158.191 155.526 -231.516 248.904 96.7541 -240.083 206.21 39.6716 -224.17 193.603 21.8508 -194.642 190.963 16.9175 -163.098 204.265 18.5047 -172.395 265.847 72.7908 7.7308 6.1374 3.56052 
156.628 162.328 163.915 163.766 163.144 151.34 159.194 159.149 157.897 155.134 -231.921 249.418 96.5864 -240.087 206.467 39.3521 -224.149 194.032 21.4703 -194.602 191.392 16.5305 -163.131 204.65 18.1658 -172.522 266.058 72.4179 7.65119 6.18211 3.57066 
157.336 162.416 163.905 163.783 163.154 151.665 159.316 159.258 157.986 155.217 -232.471 250.234 96.355 -240.065 206.726 39.0005 -223.953 194.401 20.9717 -194.314 191.782 16.0818 -162.839 205.065 17.8173 -172.611 266.454 72.1274 7.68298 6.25096 3.7091 
158.127 162.419 163.823 163.688 163.048 151.985 159.367 159.211 157.952 155.2 -233.193 251.133 95.9889 -240.253 206.967 38.6283 -223.867 194.585 20.5413 -194.099 191.926 15.59 -162.564 205.179 17.3608 -172.651 266.608 71.7256 7.76548 6.3635 3.91788 
159.07 162.689 164.057 163.901 163.205 152.467 159.744 159.428 158.162 155.396 -233.832 251.814 95.5032 -240.259 206.927 38.1049 -223.551 194.422 20.0505 -193.656 191.821 15.0787 -162.077 205.141 16.9716 -172.603 266.667 71.3309 7.79668 6.44845 4.10869 
159.891 162.809 163.999 163.849 163.184 152.831 159.906 159.423 158.206 155.521 -234.409 252.302 94.9621 -240.5 206.95 37.6655 -223.468 194.226 19.6155 -193.46 191.554 14.5979 -161.798 204.858 16.5367 -172.563 266.541 70.858 7.88172 6.54337 4.36158 
160.506 163.028 164.027 163.764 163.139 153.154 160.016 159.423 158.146 155.539 -234.775 252.506 94.301 -240.73 207.042 37.1576 -223.641 194.271 19.1032 -193.526 191.425 14.1417 -161.833 204.637 16.0135 -172.558 266.435 70.2622 7.94517 6.63583 4.43141 
161.013 162.974 163.767 163.443 162.866 153.457 160.003 159.253 157.843 155.148 -235.145 252.634 93.731 -240.995 207.113 36.7184 -223.655 194.352 18.511 -193.313 191.306 13.7037 -161.555 204.386 15.6729 -172.525 266.243 69.6909 7.96755 6.82441 4.6811 
161.589 163.032 163.723 163.271 162.795 153.907 160.012 159.206 157.656 154.951 -235.572 252.886 93.1887 -241.075 207.103 36.3247 -223.461 194.4 17.8795 -192.828 191.216 13.2385 -161.02 204.229 15.2921 -172.456 266.098 69.2178 8.04636 7.054 4.95618 
161.954 163.107 163.688 163.087 162.659 154.259 160.011 159.243 157.524 154.73 -235.831 253.067 92.6526 -240.752 206.678 36.0065 -222.879 194.208 17.172 -191.982 191.039 12.7039 -160.202 204.136 14.9066 -172.308 265.897 68.79 8.0721 7.25095 5.23438 
162.29 163.027 163.524 162.672 162.351 154.494 159.859 159.111 157.136 154.374 -236.029 253.435 92.0417 -240.463 206.492 35.6748 -222.422 194.249 16.6178 -191.324 191.083 12.2987 -159.611 204.268 14.3751 -172.208 265.798 68.347 8.223 7.41673 5.39854 
162.479 162.777 163.136 162.059 161.926 154.753 159.541 158.755 156.544 153.922 -236.292 253.79 91.5299 -240.408 206.375 35.556 -222.249 194.302 16.3505 -190.952 191.131 12.082 -159.267 204.4 13.8382 -172.238 265.708 67.9408 8.48273 7.58823 5.53292 
162.632 162.66 162.893 161.727 161.693 155.176 159.35 158.501 156.175 153.68 -236.515 253.952 91.0397 -240.37 206.215 35.3414 -222.136 194.309 15.9986 -190.66 191.143 11.7363 -158.944 204.492 13.2378 -172.224 265.624 67.514 8.71898 7.7327 5.63786 
163.087 162.782 163.029 161.762 161.779 155.654 159.445 158.584 156.174 153.85 -236.823 254.126 90.5712 -240.118 205.775 35.0766 -221.694 193.961 15.628 -190.013 190.947 11.3828 -158.27 204.541 12.686 -172.183 265.572 67.1865 8.97786 7.86312 5.77183 
163.571 163.179 163.431 162.084 162.035 156.147 159.755 158.83 156.35 154.111 -236.976 254.03 89.9214 -239.737 205.007 34.7041 -221.306 193.341 15.2396 -189.575 190.496 10.9326 -157.89 204.31 12.0781 -172.1 265.258 66.7631 9.0697 7.88112 5.73483 
164.123 163.766 164.086 162.705 162.691 156.74 160.449 159.468 156.888 154.646 -237.063 253.86 89.3614 -239.477 204.476 34.1924 -221.043 192.976 14.6735 -189.244 190.155 10.4786 -157.681 204.014 11.6425 -171.983 264.903 66.3983 8.99809 7.92591 5.71751 
164.708 164.434 164.841 163.347 163.293 157.243 161.13 160.211 157.512 155.187 -237.249 253.851 88.8271 -239.275 204.1 33.7144 -220.814 192.775 14.0449 -188.932 190.034 9.92198 -157.456 203.995 11.1973 -171.958 264.741 66.139 8.92243 7.97271 5.7467 
165.051 165.068 165.584 164.052 164.021 157.822 161.774 160.968 158.209 155.846 -237.287 253.576 88.453 -238.971 203.65 33.3663 -220.637 192.568 13.5626 -188.73 189.869 9.52997 -157.378 203.869 10.8813 -171.901 264.52 65.9204 8.81928 7.98043 5.69145 
165.327 165.504 166.182 164.68 164.675 158.295 162.22 161.655 158.936 156.612 -237.359 253.345 88.0971 -238.962 203.318 33.1233 -220.77 192.414 13.0461 -188.857 189.68 8.9947 -157.515 203.639 10.3684 -171.893 264.269 65.6353 8.78914 7.97629 5.73748 
165.862 165.868 166.679 165.212 165.237 158.927 162.597 162.216 159.571 157.193 -237.71 253.146 87.8729 -239.178 203.057 33.0012 -220.994 192.254 12.6559 -189.013 189.516 8.49401 -157.599 203.337 10.0586 -171.982 264.07 65.3471 8.69026 8.01728 5.88175 
166.458 166.113 166.944 165.529 165.56 159.429 162.873 162.588 160.053 157.636 -238.256 253.359 87.6562 -239.612 202.979 32.9588 -221.247 192.147 12.3176 -189.156 189.379 7.98219 -157.558 203.013 9.76123 -172.131 263.932 65.1075 8.67494 8.09886 6.16012 
167.019 166.062 166.923 165.572 165.667 160.111 162.92 162.713 160.295 157.897 -238.851 253.568 87.5705 -240.212 202.99 33.0145 -221.602 192.074 12.0296 -189.326 189.218 7.49268 -157.464 202.621 9.398 -172.23 263.704 64.8393 8.76744 8.2501 6.52395 
167.528 165.927 166.764 165.47 165.675 160.75 162.874 162.728 160.474 158.177 -239.723 253.932 87.6385 -241.095 203.129 33.1667 -222.217 192.08 11.8528 -189.766 189.146 7.02616 -157.598 202.323 8.98931 -172.561 263.571 64.5947 8.95014 8.40073 6.90955 
168.187 165.989 166.83 165.545 165.833 161.471 163.023 162.992 160.862 158.625 -240.655 254.443 87.7504 -241.89 203.306 33.2735 -222.752 192.186 11.5768 -190.115 189.24 6.47777 -157.645 202.199 8.59225 -172.9 263.578 64.4141 9.10162 8.54769 7.29656 
168.781 166.111 166.937 165.655 165.984 162.183 163.159 163.211 161.166 159.003 -241.436 254.856 87.9249 -242.569 203.507 33.3807 -223.303 192.349 11.434 -190.546 189.384 6.08899 -157.815 202.144 8.25264 -173.186 263.608 64.2844 9.25018 8.64984 7.53279 
169.239 166.346 167.198 165.923 166.204 162.766 163.305 163.52 161.58 159.494 -242.055 255.01 88.0836 -243.016 203.508 33.4618 -223.715 192.363 11.2988 -190.955 189.484 5.72453 -158.001 202.126 7.99264 -173.5 263.673 64.2308 9.35419 8.64894 7.68034 
169.525 166.47 167.394 166.148 166.388 163.111 163.431 163.819 162.019 160.005 -242.709 255.269 88.2641 -243.56 203.652 33.482 -224.154 192.426 11.0998 -191.393 189.602 5.32191 -158.157 202.106 7.74809 -173.832 263.786 64.1999 9.49253 8.64824 7.87423 
169.551 166.292 167.245 166.054 166.285 163.294 163.176 163.703 162.087 160.131 -243.282 255.398 88.4089 -244.14 203.863 33.5846 -224.742 192.562 11.0497 -192.026 189.776 5.0044 -158.524 202.087 7.51446 -174.212 263.854 64.1157 9.6307 8.6402 7.99164 
169.497 166.096 167.09 165.941 166.113 163.273 162.89 163.501 162.01 160.079 -243.741 255.417 88.4106 -244.686 204.099 33.5689 -225.334 192.736 10.9952 -192.701 189.952 4.77071 -159.002 202.085 7.33798 -174.637 263.957 64.0032 9.71845 8.60413 8.01596 
169.357 166.049 167.14 166.045 166.137 163.209 162.758 163.499 162.125 160.225 -244.022 255.128 88.3728 -245.046 204.13 33.4055 -225.93 192.783 10.8539 -193.478 190.021 4.48372 -159.668 201.982 7.11993 -175.017 263.928 63.8532 9.70705 8.4882 7.89458 
169.227 165.959 167.129 166.119 166.177 163.187 162.584 163.475 162.233 160.374 -244.255 254.801 88.3079 -245.317 204.067 33.3073 -226.361 192.755 10.6908 -194.037 190.058 4.21299 -160.132 201.919 6.89538 -175.342 263.913 63.6765 9.72785 8.40166 7.86534 
169.112 165.942 167.179 166.233 166.272 163.197 162.443 163.491 162.343 160.532 -244.357 254.302 88.1447 -245.289 203.723 33.1762 -226.46 192.447 10.5506 -194.246 189.854 4.06722 -160.285 201.697 6.79529 -175.509 263.767 63.4948 9.76205 8.30881 7.82407 
168.802 165.729 166.993 166.182 166.204 163.16 162.13 163.29 162.252 160.446 -244.396 253.581 87.9267 -245.421 203.375 33.0025 -226.742 192.114 10.3931 -194.649 189.521 3.88772 -160.615 201.232 6.65485 -175.666 263.41 63.1735 9.77397 8.22716 7.78321 
168.633 165.502 166.816 166.123 166.179 163.202 161.863 163.125 162.179 160.405 -244.413 252.824 87.6847 -245.508 202.919 32.8787 -226.924 191.692 10.2409 -194.872 189.107 3.7411 -160.762 200.731 6.4903 -175.773 262.967 62.8461 9.83633 8.20022 7.79815 
