108.959 172.819 175.23 170.734 177.979 145.122 170.154 171.052 168.827 160.214 223.142 268.201 161.457 255.692 211.552 130.023 274.472 202.363 128.479 298.049 219.994 144.237 300.771 241.139 167.678 245.396 295.433 177.991 0.671626 8.9548 4.27013 
107.506 173.112 175.255 172.67 176.819 134.494 170.174 171.096 169.662 160.434 224.243 269.905 163.532 256.064 210.779 131.994 275.407 202.287 130.112 299.074 220.901 144.022 301.172 242.159 166.753 245.737 295.585 178.349 1.48906 9.1486 4.04709 
104.873 172.843 174.424 175.147 177.354 130.384 169.429 172.139 171.076 160.072 228.901 271.592 165.94 256.055 210.191 133.977 277.004 202.297 130.845 300.789 221.91 143.561 301.411 243.396 164.9 245.991 295.598 178.76 3.28115 9.33211 4.04549 
99.7859 173.979 170.55 176.79 176.997 129.58 169.826 172.129 170.546 159.051 230.349 276.125 161.23 257.017 211.126 134.725 276.91 203.492 130.838 301.405 222.809 143.742 302.141 245.055 164.891 246.493 296.061 178.988 3.22497 9.57911 4.8422 
99.7859 174.733 164.822 177.845 176.291 128.85 169.051 171.603 169.902 158.305 228.618 275.997 160.689 256.284 212.725 133.414 276.041 205.109 130.039 301.014 223.528 143.497 302.131 245.082 165.932 246.987 296.651 179.236 2.49178 9.83008 4.75083 
99.7859 173.679 160.031 177.213 176.277 129.516 169.106 171.221 169.358 160.306 226.664 275.532 160.604 256.127 213.609 132.225 275.825 206.37 129.292 300.568 223.851 143.476 303.196 244.675 166.704 247.525 297.044 179.505 1.12184 9.43123 4.47306 
148.665 174.57 157.014 176.795 174.159 139.533 169.293 169.877 169.019 162.637 219.241 268.343 156.837 256.498 214.467 132.133 276.132 207.82 128.595 300.396 224.378 143.304 304.187 244.255 167.637 247.879 297.455 179.802 0.808449 8.91174 4.95628 
169.477 175.369 156.715 177.102 173.526 142.708 169.62 169.645 169.22 162.736 217.533 268.543 155.123 257.045 214.429 132.744 276.514 208.458 128.692 300.1 224.649 143.078 304.81 244.054 168.977 248.332 297.776 180.3 2.62779 8.20724 5.18313 
174.76 176.35 156.85 176.591 175.325 144.081 169.603 169.773 169.35 162.705 216.169 268.771 154.347 257.119 214.593 132.883 276.124 209.06 128.246 300.181 224.946 143.018 305.852 243.147 169.985 248.754 297.931 180.644 3.97956 8.37054 5.7035 
177.893 177.025 157.975 176.404 176.305 143.347 169.558 170.126 169.79 164.33 217.798 269.641 155.337 256.949 214.714 133.44 276.487 209.445 128.073 300.418 225.492 142.643 306.18 242.63 169.403 248.893 298.174 181.085 4.0858 8.20772 5.88433 
174.628 177.824 160.279 177.139 176.806 142.945 169.799 171.135 170.144 165.269 218.941 270.506 156.32 257.544 214.512 134.291 276.647 209.543 127.903 300.969 226.053 142.542 306.75 242.94 169.042 249.103 298.387 181.587 4.07145 8.37287 6.44316 
177.024 177.877 160.784 177.053 176.616 142.994 169.56 171.555 169.743 165.224 218.403 270.747 156.033 258.103 214.882 134.956 276.257 210.064 127.834 301.287 226.236 143.234 307.478 243.238 170.076 249.489 298.75 181.961 4.27934 8.73659 7.28454 
175.974 177.674 160.036 176.31 176.279 142.578 168.899 171.211 169.222 165.409 219.366 271.077 156.9 258.292 214.517 136.307 276.935 210.179 128.513 301.847 226.697 143.44 308.172 243.915 169.781 249.621 298.856 182.3 4.05951 8.63883 7.47919 
179.688 176.886 156.676 175.475 176.374 142.439 168.491 169.942 169.01 165.716 219.092 271.017 156.431 258.607 214.853 136.654 277.138 210.925 129.328 302.429 227.303 143.868 308.924 243.926 170.66 249.829 299.092 182.481 4.46147 9.06739 7.47575 
177.874 176.032 156.459 175.215 176.563 142.074 168.371 169.848 168.915 166.459 220.345 271.525 157.19 258.628 214.217 137.353 277.998 210.89 130.107 302.385 227.352 144.052 309.756 244.042 170.572 249.976 299.105 182.801 4.6612 8.34642 7.011 
178.688 175.276 155.503 174.613 176.441 141.52 168.536 169.454 168.685 165.68 220.218 271.206 157.615 258.62 213.527 138.043 277.985 210.92 130.69 302.428 227.56 144.375 309.757 244.971 170.76 250.009 299.084 182.998 4.68567 8.32608 6.97151 
179.091 175.108 154.939 174.463 176.567 142.732 168.473 169.231 169.126 166.197 220.282 271.079 157.827 258.612 213.158 138.764 278.687 210.85 131.25 302.435 227.585 144.001 310.2 245.271 170.465 249.916 298.974 183.123 5.0003 7.83595 6.786 
176.477 175.696 152.646 173.959 176.602 143.055 168.398 168.236 169.125 165.895 219.19 270.921 157.548 258.771 213.338 139.013 278.815 211.494 131.752 302.685 227.9 144.187 310.323 245.442 171.001 249.804 298.989 183.186 5.28459 7.96703 6.84897 
177.57 176.315 151.353 173.722 176.631 144.36 168.363 167.657 169.092 165.67 217.864 270.978 157.54 258.983 213.216 139.592 279.295 211.781 132.353 302.924 228.215 144.223 310.577 246.102 171.075 249.697 298.929 183.36 5.4589 7.82755 6.76802 
176.469 176.655 149.888 173.517 176.367 144.705 168.574 166.966 168.994 164.815 216.689 270.801 157.223 259.209 213.349 139.587 279.715 212.315 132.537 303.082 228.402 144.284 310.113 246.491 171.231 249.474 298.843 183.307 5.38461 7.68431 6.79364 
179.858 177.302 150.434 173.513 175.898 143.812 168.627 166.987 169.132 164.271 218.108 271.128 157.392 259.025 213.355 139.57 280.262 212.395 132.425 303.065 228.381 144.163 309.073 246.318 170.866 249.12 298.669 183.357 5.03956 7.33412 6.81111 
175.372 174.27 180 174.27 174.27 164.937 178.437 180 178.103 177.878 291.301 297.062 175.907 343.235 292.849 157.848 345.805 261.303 151.719 328.125 239.798 155.506 303.29 229.589 168.363 256.022 301.458 188.093 4.30695 5.70969 5.64385 
156.401 154.692 159.614 165.266 160.33 154.402 160.697 150.356 120.839 160.286 290.739 272.629 195.652 306.979 216.412 170.112 317.524 222.456 155.215 287.268 232.925 142.346 256.996 254.094 109.559 254.554 297.392 177.475 25.6161 10.7655 11.8395 
151.871 161.657 165.646 166.65 161.579 145.465 162.068 164.383 164.988 162.123 305.525 278.403 207.168 318.16 225.401 163.752 304.435 216.306 139.696 277.198 223.096 124.415 248.983 243.556 121.351 257.885 301.01 181.349 8.87251 8.13584 6.06956 
153.465 166.249 166.104 167.325 163.393 147.243 162.671 163.459 165.509 163.346 310.465 279.14 207.067 314.669 223.554 160.834 297.66 212.584 138.686 271.401 220.359 124.645 243.852 242.978 122.668 258.265 302.018 181.254 9.68825 7.95897 5.99104 
169.259 167.297 166.615 167.398 164.351 151.826 162.843 163.44 165.658 163.422 316.403 279.883 204.708 313.295 223.362 158.527 295.458 211.393 136.85 268.859 218.88 124.004 241.819 242.216 122.496 257.992 302.079 180.44 9.92776 7.59944 5.98639 
175.746 167.07 167.16 167.182 160.808 154.913 161.906 164.121 164.651 159.473 324.074 283.83 206.382 313.298 224.509 158.58 296.444 211.882 134.006 266.181 218.858 123.066 235.142 240.877 125.288 257.552 302.521 179.887 9.48289 8.3173 7.793 
163.598 164.568 169.45 168.956 164.136 151.735 163.729 166.783 167.891 162.476 321.012 285.562 203.617 313.922 225.235 158.436 299.562 213.812 134.315 272.092 221.366 124.493 239.318 242.699 124.978 258.305 303.66 180.103 10.0394 5.95853 6.33057 
156.677 163.248 171.453 170.102 165.355 149.475 167.261 169.224 169.248 164.484 319.194 287.681 202.566 315.413 225.68 158.185 301.291 214.501 135.011 275.155 222.769 124.54 241.8 244.542 123.844 258.703 304.155 180.203 10.2718 5.26871 4.95435 
150.12 164.945 173.132 170.788 165.641 147.628 170.942 171.159 170.329 166.206 315.73 289.725 199.919 315.704 226.441 156.924 302.511 214.921 135.121 277.642 224.26 124.632 244.979 246.453 123.331 259.152 304.709 180.237 9.3597 4.38071 3.14037 
151.425 166.209 174.001 171.253 166.163 147.947 172.979 172.263 170.785 167.765 314.707 289.661 198.914 317.315 227.085 156.925 303.089 214.841 135.163 279.01 224.92 124.215 246.543 247.7 121.835 259.468 304.982 180.068 9.48931 4.10548 3.67469 
154.671 166.152 174.062 170.876 166.723 148.413 173.359 172.348 170.238 168.409 314.937 289.194 199.116 318.331 227.635 157.281 302.75 214.783 135.093 278.507 225.515 124.217 246.746 248.874 120.551 259.68 305.295 179.916 9.97412 4.08293 4.85204 
156.488 165.029 174.173 171.011 167.714 148.762 172.511 172.226 170.127 168.873 314.429 288.747 198.081 318.255 227.909 156.958 302.082 214.681 134.721 277.872 225.635 123.597 246.68 249.363 119.458 259.913 305.515 179.573 10.1021 4.21822 5.32082 
156.781 166.245 174.558 171.274 168.646 146.336 171.995 172.831 170.16 168.986 310.298 287.515 195.157 317.498 226.982 156.139 300.554 213.896 133.653 276.759 225.113 122.729 247.038 249.255 118.468 259.902 305.451 179.093 9.52378 3.9638 5.76355 
157.425 166.569 174.546 171.079 168.668 145.356 170.928 173.025 169.86 168.411 306.98 287.122 192.91 316.645 226.838 155.982 299.909 213.838 133.271 276.277 225.312 122.591 247.154 249.435 118.098 259.818 305.6 178.746 9.31574 3.77212 5.67724 
159.139 167.877 174.743 171.092 168.074 145.376 170.915 173.323 169.215 167.163 303.628 287.982 188.566 315.021 225.882 155.925 298.709 213.524 132.516 274.689 226.139 122.563 246.323 249.695 118.03 259.378 305.552 178.229 8.81567 3.65247 5.54481 
160.673 169.458 174.77 171.144 167.489 145.204 171.958 173.491 168 166.316 303.31 287.881 188.147 314.753 225.793 155.588 298.235 214.121 131.75 273.345 227.396 122.621 245.39 250.308 118.011 259.025 305.532 177.731 8.68422 3.78275 5.81519 
163.246 171.695 175.144 171.426 166.992 145.76 174.047 173.771 167.183 165.693 302.506 287.6 186.43 314.709 225.83 154.78 297.028 214.534 130.764 271.389 228.36 122.251 244.242 251.437 117.668 258.765 305.77 177.369 8.5678 4.09894 6.59511 
163.252 173.358 175.17 172.642 166.42 145.128 175.465 173.919 166.284 165.363 301.852 286.821 185.869 315.077 225.863 154.011 296.123 214.65 130.116 269.452 228.804 122.371 243.16 252.052 116.934 258.5 305.643 176.883 9.22853 4.56572 7.35457 
165.307 174.507 174.939 171.631 167.045 146.752 176.197 173.709 165.808 165.507 302.938 286.005 186.719 315.772 225.819 154.066 297.452 214.88 130.513 270.791 228.828 122.737 244.719 251.574 116.703 258.399 305.476 176.326 9.17222 4.40964 6.94999 
168.957 176.37 174.788 170.736 167.219 148.844 175.99 173.42 165.907 164.945 304.727 285.911 186.408 315.887 225.991 154.669 299.616 215.826 131.197 273.431 229.36 122.925 247.478 251.396 117.464 258.463 305.542 175.763 7.93275 4.07787 5.77209 
162.44 174.305 175.248 170.089 167.534 148.749 177.307 173.922 166.485 165.725 309.232 289.471 189.151 316.891 226.738 153.89 300.602 215.987 130.922 274.838 229.167 121.863 248.629 251.853 116.195 258.355 305.326 175.049 8.27701 4.02648 5.85359 
157.845 169.572 174.432 170.557 168.552 148.066 176.313 173.309 167.624 167.088 313.624 291.313 193.356 317.404 227.717 153.929 300.926 216.406 131.39 276.105 228.628 120.652 249.743 252.008 114.568 258.261 305.136 174.407 9.02409 4.22419 6.01301 
159.31 164.471 173.551 170.013 167.39 148.682 174.557 172.1 167.114 167.009 315.821 291.703 195.835 316.691 228.978 152.458 301.401 216.835 131.315 275.554 228.502 119.931 248.419 252.327 113.11 258.263 305.184 173.963 10.232 5.04129 5.02865 
155.39 150.403 171.541 165.777 163.32 151.534 162.471 168.513 162.526 159.149 317.688 293.299 197.06 313.178 228.035 157.964 302.24 217.349 131.636 272.959 228.775 120.803 242.183 250.779 115.214 257.973 305.03 173.004 11.3664 6.75413 6.21926 
156.385 153.462 171.422 164.816 162.34 151.23 161.835 167.875 162.754 161.128 317.085 291.598 196.777 313.494 227.455 156.688 301.333 216.663 130.391 271.143 227.451 119.581 240.158 249.571 115.026 258.283 304.944 172.487 11.5176 7.38752 6.56846 
149.946 151.363 172.284 164.94 161.748 152.764 164.564 168.85 163.523 161.177 313.924 294.418 189.322 312.893 226.456 153.955 301.081 215.59 129.076 271.651 226.843 119.433 241.172 248.778 116.358 258.5 304.99 172.023 9.72205 6.41737 5.01147 
154.052 153.218 172.286 166.237 160.426 152.614 166.883 169.293 164.674 160.874 313.247 293.079 186.484 313.009 226.444 152.024 299.932 215.52 128.21 271.677 226.54 118.748 241.217 248.529 116.224 258.944 305.212 171.569 9.30935 5.73143 4.40741 
157.98 157.903 172.153 167.158 161.345 151.783 169.045 169.496 165.423 161.753 314.905 292.783 185.85 312.954 226.286 150.226 298.62 215.586 127.757 271.575 226.062 117.994 241.563 248.381 114.971 259.134 305.178 170.98 9.44632 5.22106 3.99609 
157.303 164.211 173.476 169.662 164.456 152.687 172.37 170.968 166.965 163.605 314.18 294.647 182.245 313.022 226.497 148.35 298.938 216.791 127.093 272.779 227.012 117.266 242.361 249.118 115.27 259.484 305.975 170.939 8.72264 4.75015 3.08176 
159.413 169.392 175.468 171.359 168.335 152.192 176.036 172.989 167.903 165.778 309.713 293.563 177.848 313.125 226.775 146.533 299.015 217.664 126.097 273.817 227.492 117.026 243.127 249.557 114.972 259.165 306.477 170.773 8.51778 3.85714 2.69389 
173.63 169.685 175.506 172.713 174.27 130.827 175.662 174.148 165.622 132.437 293.355 293.951 170.487 311.568 226.084 145.27 297.649 219.585 123.609 273.625 231.197 115.225 240.395 254.39 122.329 257.425 306.412 170.367 10.8436 3.63726 3.80394 
169.317 174.005 176.515 171.316 174.27 125.443 176.859 173.321 166.679 120.769 294.011 298.018 169.885 311.537 224.953 144.537 298.164 219.463 122.83 273.832 232.319 113.119 237.149 256.89 122.985 256.776 306.079 169.758 15.4068 4.28403 3.81705 
166.233 175.241 177.324 171.597 174.27 126.378 176.014 171.531 166.112 121.6 296.879 298.408 170.997 310.799 224.503 144.631 298.923 219.21 122.458 274.263 234.099 112.58 237.239 258.008 120.095 256.35 305.964 169.11 15.3764 4.53728 3.31619 
160.299 174.605 177.152 175.479 174.27 134.778 172.3 168.478 172.803 123.355 304.899 294.801 177.647 308.804 223.208 144.292 300.119 217.516 122.014 277.462 235.649 110.482 235.557 257.488 115.216 255.469 305.255 167.096 19.4034 4.16772 1.70237 
160.759 174.917 176.956 174.27 174.27 137.512 172.618 167.342 173.821 125.292 305.873 293.426 177.517 308.658 223.055 144.505 300.427 217.096 121.527 277.666 234.945 110.571 235.85 256.725 113.57 255.335 304.906 166.189 18.9082 3.73014 1.82002 
159.194 176.211 177.169 174.083 174.27 141.411 172.693 166.655 176.32 129.184 307.226 291.36 178.664 309.206 223.058 144.21 299.718 216.452 121.204 276.303 232.739 107.859 236.207 253.935 112.446 255.012 304.149 165.055 16.807 5.23873 2.40038 
166.204 176.961 177.918 176.425 174.27 141.605 171.802 166.878 172.953 139.359 296.835 289.404 169.477 307.916 222.47 143.755 299.015 216.31 120.11 276.312 231.939 109.071 240.259 254.007 107.369 254.193 303.821 164.46 12.7074 3.46536 2.46773 
163.792 177.399 177.112 174.27 174.026 150.499 171.242 166.9 167.948 154.179 293.445 289.646 165.071 308.948 222.884 143.805 298.761 217.065 119.075 271.251 230.853 109.757 242.62 254.356 104.558 253.786 303.937 164.197 8.40623 5.96057 3.74222 
163.459 176.611 177.919 179.68 163.871 158.256 171.592 167.122 165.543 160.162 289.134 289.042 161.349 308.917 222.999 142.743 297.488 217.601 118.045 266.54 229.418 108.094 243.503 255.148 103.627 253.225 303.927 163.873 6.39034 8.91896 4.28684 
166.08 175.996 178.987 176.409 156.773 160.098 172.492 166.702 162.609 160.527 286.656 287.359 161.667 307.28 222.87 141.167 295.32 217.813 117.071 259.665 229.161 106.87 239.918 255.733 103.343 252.53 303.873 163.528 6.0906 12.6698 4.11474 
165.893 174.806 179.079 177.197 158.737 161.485 172.938 166.764 162.781 161.973 287.919 287.18 161.973 305.719 222.258 140.339 294.055 217.76 116.437 255.746 228.707 105.822 238.786 255.883 101.705 251.418 303.343 163.082 7.4698 14.8038 3.81898 
169.173 173.507 179.25 172.425 160.408 161.897 175.685 167.135 162.39 160.577 286.719 286.237 162.579 304.568 221.956 139.613 292.711 217.937 115.67 252.552 229.055 104.983 237.188 256.446 100.392 250.032 302.951 162.567 8.31156 16.4164 4.01513 
170.807 173.452 179.29 177.669 172.546 154.942 176.385 167.083 169.078 167.392 283.708 291.056 152.604 301.815 219.573 140.069 292.819 218.165 113.807 256.961 230.673 97.5226 246.2 258.977 101.774 248.227 302.247 161.399 8.73473 15.2541 4.67654 
170.386 175.243 179.314 177.348 176.67 156.975 178.145 166.443 169.686 163.19 282.156 290.334 151.421 299.965 218.178 140.14 291.62 217.898 114.109 256.368 230.95 96.577 246.742 259.607 101.838 246.896 301.976 161.108 10.0147 15.3694 4.51967 
169.857 177.254 178.975 175.448 169.176 158.413 177.829 165.77 171.852 161.257 273.132 286.477 150.309 296.686 216.261 139.586 288.589 216.322 113.686 255.407 230.653 96.1235 248.78 259.593 104.568 245.592 301.924 161.018 14.8318 13.8219 4.20139 
168.341 178.439 178.764 179.955 166.713 156.684 176.462 166.653 170.116 156.516 265.402 282.173 149.684 294.26 214.328 138.746 286.7 214.653 113.317 254.426 229.023 96.5223 249.519 257.981 105.044 244.702 301.346 160.565 16.6615 12.6573 3.74768 
166.095 179.906 178.641 175.713 166.782 156.108 176.83 167.05 168.424 153.986 259.966 277.615 151.779 293.12 213.307 137.548 285.866 213.772 113.063 254.773 227.679 97.3282 254.107 257.302 107.296 243.923 300.942 160.164 21.3301 11.2904 3.15981 
164.894 179.115 178.637 173.209 165.746 158.56 177.997 167.204 168.328 152.936 255.687 273.011 151.991 290.628 211.244 135.921 284.091 213.007 111.724 256.367 227.17 96.9903 259.143 258.377 106.818 242.753 300.222 159.244 23.8379 9.12846 2.93779 
167.186 178.286 175.882 173.157 166.341 160.231 177.649 166.248 168.961 152.278 252.143 270.65 149.636 287.434 208.464 134.322 281.419 210.792 110.321 256.069 225.473 95.0464 258.931 256.403 105.297 241.572 298.755 157.852 23.247 8.02037 2.82302 
179.457 176.704 172.333 175.523 166.39 168.116 178.349 165.905 167.112 150.944 255.563 268.381 153.121 285.823 207.011 133.843 279.454 208.805 110.703 250.715 222.154 95.8266 255.141 251.988 109.337 239.667 297.073 156.636 26.5122 9.46734 2.83953 
174.148 176.652 170.457 174.373 165.718 172.595 177.645 164.799 163.998 149.444 259.14 267.236 156.402 284.912 206.791 133.661 278.238 208.275 110.878 246.868 220.349 96.2206 253.476 250.313 110.628 238.488 296.111 155.35 29.7397 10.6154 3.62182 
169.877 176.866 170.059 173.119 165.56 171.106 176.005 163.523 160.514 146.751 260.297 268.424 156.084 284.176 208.05 132.328 276.165 208.685 109.79 242.959 219.911 96.4806 251.678 250.607 113.624 237.365 295.909 154.286 34.1371 11.1473 4.1192 
171.612 179.786 169.546 171.548 166.69 169.399 174.685 162.382 158.767 142.684 264.354 269.372 157.911 284.275 210.289 131.96 273.875 209.643 108.574 239.902 220.129 96.4059 248.39 251.916 114.556 236.357 296.476 153.584 35.8303 11.2134 4.78199 
173.115 179.927 170.002 171.024 164.832 172.179 174.239 161.684 159.122 141.672 268.603 271.139 159.108 283.811 211.533 130.967 272.137 210.227 107.524 237.479 219.957 95.8188 247.464 252.665 115.27 235.518 297.002 152.826 37.8156 11.4364 5.19466 
166.827 178.809 170.761 170.866 163.026 170.216 174.434 161.003 160.552 148.691 264.703 270.867 156.164 282.759 211.849 129.951 270.607 210.211 106.457 236.262 219.465 94.5511 248.372 251.787 112.927 234.519 297.088 151.759 37.8376 11.2589 5.29827 
164.515 176.712 171.602 171.287 164.717 170.25 175.011 160.198 161.668 148.037 268.718 272.14 158.758 282.332 212.793 129.342 270.237 210.902 105.828 236.684 219.698 94.2151 244.217 249.911 110.238 233.873 297.481 150.779 32.7205 10.5869 5.46173 
152.63 175.615 173.222 172.315 165.955 151.637 175.642 159.84 161.788 149.391 249.921 278.946 139.123 279.932 211.58 128.581 269.867 210.87 104.654 238.564 220.425 93.5982 241.555 248.977 105.408 232.9 296.999 149.646 27.2274 9.04433 5.77931 
169.941 178.366 170.982 172.021 168.378 156.35 175.01 162.838 160.402 149.084 251.529 273.741 143.48 280.375 212.163 127.907 272.864 211.991 102.897 236.842 219.432 92.6687 235.933 246.63 101.861 232.121 297.237 148.808 22.2283 11.8879 7.32264 
178.83 179.508 167.621 170.169 166.174 154.35 174.106 162.147 159.01 153.287 256.471 276.875 144.07 278.475 211.083 125.602 271.462 210.901 101.479 234.854 217.653 92.1568 229.228 243.64 98.1652 230.598 296.139 147.276 17.2351 12.0436 7.33883 
173.707 179.184 166.576 169.562 174.27 149.017 174.045 161.766 158.3 139.1 258.828 278.63 144.874 277.043 211.053 123.24 270.058 210.987 100.007 233.307 217.442 91.7433 226.278 243.096 101.007 229.556 295.671 146.16 16.5658 12.0227 7.19738 
168.241 179.417 166.754 168.574 174.27 152.683 174.891 160.681 157.817 118.771 270.968 280.787 151.83 277.543 213.256 121.672 269.296 212.695 98.9569 233.001 218.711 91.8975 219.129 244.29 104.543 229.248 296.118 145.173 11.6773 11.6204 6.73448 
171.206 179.318 167.274 167.101 174.27 158.967 175.583 159.955 156.005 117.144 275.789 277.905 157.849 278.944 215.615 120.335 270.856 215.392 97.6719 233.376 220.157 91.6393 215.25 244.44 102.978 229.241 297.119 144.933 6.92754 12.4509 6.88805 
169.219 179.178 165.806 165.904 174.27 160.088 176.18 160.565 154.836 113.705 274.917 274.963 160.573 278.547 216.842 119.064 273.085 217.693 96.6909 233.196 221.465 89.8955 212.093 245.324 102.88 228.952 297.993 144.634 6.42066 14.3019 8.03434 
151.106 175.247 164.538 165.322 174.27 160.635 179.546 163.328 154.378 106.347 269.174 273.277 156.078 277.816 217.558 116.205 275.928 219.429 95.7438 231.873 222.432 88.5925 209.954 247.574 104.992 228.704 298.778 144.277 9.60711 17.4095 9.17772 
165.567 175.328 165.51 166.548 174.27 160.131 179.535 164.354 156.247 104.135 272.057 273.447 159.887 278.013 217.877 114.761 276.173 219.133 94.8178 232.571 222.218 86.9162 210.087 248.233 104.536 228.266 298.932 143.516 9.83832 16.8453 9.0653 
158.83 179.72 167.271 166.179 174.27 160.889 177.418 165.221 157.384 99.7916 271.336 275.659 160.889 278.315 218.083 115.511 274.759 218.748 93.375 231.863 222.017 86.6436 208.868 249.599 105.714 227.799 299.506 143.059 10.7413 16.092 8.80311 
166.106 177.883 167.844 166.188 174.27 163.137 171.694 164.686 158.838 96.7497 275.108 279.003 160.077 279.62 218.191 116.307 269.34 215.783 91.4254 232.877 221.189 87.1058 206.648 249.169 105.983 226.509 298.949 141.263 11.1223 11.0135 7.27209 
166.001 175.573 167.648 166.441 174.27 161.932 168.407 164.304 160.466 94.7447 281.769 281.015 161.777 279.054 218.236 116.198 265.69 213.947 90.1852 232.211 220.091 86.4629 205.13 248.83 105.057 225.68 298.016 139.372 10.8946 8.81136 7.78093 
168.819 173.504 166.885 166.398 174.27 162.672 166.237 163.714 160.912 90.5779 285.853 283.302 162.021 277.996 218.75 115.494 263.172 213.262 89.5299 230.349 219.796 85.5282 204.288 249.802 105.279 224.956 297.715 137.93 11.803 8.36694 7.95573 
