167.904 164.685 165.816 164.913 163.286 163.501 154.27 153.359 152.264 147.058 -24.942 214.058 -39.555 25.0822 187.686 -83.5313 52.848 180.494 -83.9312 74.8822 179.533 -65.377 87.9559 180.111 -33.9733 20.5045 178.482 10.5108 7.15294 5.60048 5.51989 
168.3 165.011 165.995 165.077 163.491 163.765 154.372 153.317 152.216 146.814 -24.9441 214.257 -40.573 24.6884 187.462 -84.1608 52.3957 180.254 -84.4691 74.3776 179.211 -65.9522 87.2077 179.834 -34.6351 19.9988 178.404 9.89204 6.92223 5.54861 5.48242 
168.418 165.089 166.056 165.14 163.589 163.701 154.158 153.072 152.002 146.342 -24.889 214.407 -41.576 24.2514 187.142 -84.6205 51.7265 179.741 -84.9261 73.5971 178.561 -66.4874 86.0712 179.462 -35.2938 19.3812 178.385 9.31256 6.59722 5.44424 5.35673 
168.517 165.145 166.123 165.197 163.593 163.729 154.054 152.861 151.771 145.898 -26.2652 213.8 -43.5437 22.9255 186.147 -86.1066 50.2853 178.843 -86.345 72.0226 177.712 -68.0225 84.2944 178.891 -36.98 17.9918 178.018 7.83198 6.33805 5.2979 5.24592 
168.522 164.875 165.879 164.943 163.238 163.835 153.841 152.596 151.496 145.614 -27.147 214.389 -44.5104 22.2704 185.784 -86.9695 49.5208 178.473 -87.1986 71.2354 177.367 -68.9247 83.5506 178.642 -37.9024 17.3925 178.044 7.00233 6.32079 5.25677 5.17258 
168.46 164.566 165.619 164.657 162.834 163.782 153.65 152.337 151.117 145.182 -28.1145 215.406 -45.2149 21.6531 185.583 -87.8772 48.8271 178.43 -88.1064 70.4155 177.452 -69.8858 82.8098 178.658 -38.8753 16.767 178.166 6.10879 6.33215 5.16791 5.06663 
168.483 164.456 165.55 164.542 162.749 163.802 153.5 152.197 150.883 145.04 -29.1974 216.164 -45.8372 21.085 185.48 -88.7138 48.1714 178.408 -89.0212 69.6436 177.548 -70.8924 82.2005 178.577 -39.9398 16.1616 178.189 5.18941 6.36997 5.07398 4.95711 
168.502 164.566 165.622 164.639 163.064 163.737 153.526 152.225 150.879 145.287 -29.8451 216.698 -46.4057 20.5659 185.574 -89.421 47.4923 178.374 -89.8276 68.9025 177.432 -71.7767 81.6428 178.095 -40.933 15.5417 178.123 4.36889 6.38446 5.0129 4.84524 
168.435 164.649 165.62 164.717 163.345 163.596 153.566 152.242 150.926 145.582 -30.2261 217.148 -46.9629 20.1514 185.834 -90.0151 46.8622 178.391 -90.4881 68.2218 177.109 -72.4976 81.0363 177.235 -41.7815 14.909 178.044 3.66059 6.3198 4.95915 4.72634 
168.256 164.665 165.593 164.778 163.442 163.364 153.564 152.226 150.941 145.611 -29.9902 217.744 -47.5274 19.8611 185.966 -90.4555 46.5024 178.344 -90.8666 67.7628 176.745 -72.8589 80.3801 176.654 -42.2002 14.3209 178.109 3.13896 6.17129 4.92251 4.70852 
168.11 164.816 165.736 165.019 163.673 163.207 153.704 152.377 151.069 145.538 -29.6931 218.244 -47.9866 19.4026 186.155 -90.7545 46.1115 178.231 -91.1083 67.2897 176.425 -73.0443 79.5532 176.534 -42.3873 13.689 178.208 2.79708 5.98167 4.91534 4.82422 
167.834 164.778 165.712 165.037 163.618 162.96 153.645 152.298 150.969 145.305 -29.628 218.599 -48.3408 18.7676 186.204 -90.968 45.505 178.168 -91.2714 66.6194 176.335 -73.2016 78.6894 176.627 -42.5914 13.0807 178.403 2.56482 5.84576 4.89367 4.88112 
167.687 164.777 165.715 165.063 163.6 162.891 153.568 152.23 150.889 145.17 -29.9174 218.708 -48.6837 18.0524 186.314 -91.1974 44.8453 178.17 -91.4665 65.9744 176.289 -73.3767 77.9475 176.689 -42.7959 12.4929 178.514 2.37151 5.77187 4.9109 4.96369 
167.617 164.807 165.692 165.058 163.55 162.932 153.792 152.368 150.97 145.27 -30.4422 219.167 -48.8959 17.4503 186.719 -91.5119 44.4777 178.512 -91.6517 65.6463 176.58 -73.4574 77.5149 176.909 -42.8901 12.0015 178.874 2.18971 5.72313 4.98918 5.1695 
166.721 164.531 165.555 165.001 163.704 162.285 153.913 152.558 150.986 145.646 -30.8999 218.986 -48.2973 16.8329 187.372 -91.4512 44.0322 178.99 -91.5873 65.2243 176.852 -73.2341 77.1096 176.592 -42.7978 11.3568 178.977 2.11221 5.70235 5.11609 5.33923 
165.379 163.967 165.141 164.591 163.358 161.25 153.83 152.493 150.717 145.645 -31.5137 218.54 -47.6043 16.2426 187.859 -91.3686 43.5393 179.471 -91.5391 64.7174 177.167 -73.0419 76.6077 176.361 -42.7657 10.7783 179.115 1.97331 5.65842 5.21131 5.41455 
164.345 163.435 164.77 164.065 162.712 160.396 153.539 152.383 150.377 145.297 -32.1801 218 -47.1788 15.4423 188.392 -91.3624 42.8483 179.731 -91.7236 64.1094 177.464 -73.0744 76.0328 176.542 -42.8517 10.2322 179.211 1.77216 5.68685 5.34769 5.55347 
163.982 163.268 164.767 164.031 162.772 159.994 153.253 152.441 150.328 145.355 -32.5422 217.466 -47.0735 14.6891 188.873 -91.1232 42.0349 179.549 -91.7888 63.4076 177.246 -73.083 75.3878 176.336 -42.9698 9.66276 179.307 1.76339 5.65729 5.43518 5.68264 
163.865 163.281 164.823 164.153 162.968 159.828 153.23 152.56 150.42 145.547 -32.8939 217.133 -47.0437 14.0414 189.088 -90.9657 41.4162 179.372 -91.7144 62.8479 176.964 -72.9961 74.9034 176.041 -42.9282 9.11922 179.452 1.86642 5.68733 5.46998 5.82853 
163.175 163.1 164.675 164.029 162.873 159.296 153.455 152.658 150.363 145.523 -33.848 217.273 -46.6895 13.1101 189.4 -90.8256 40.5401 179.538 -91.4883 61.9454 176.878 -72.6892 73.9393 175.707 -42.7355 8.17114 179.965 1.9572 5.62353 5.51112 5.90823 
162.966 162.967 164.467 163.751 162.477 159.169 153.394 152.511 150.154 145.167 -34.1791 217.631 -46.4733 13.002 189.67 -90.7954 40.437 179.941 -91.3935 61.8525 177.275 -72.5302 73.8423 176.06 -42.5109 8.02574 180.264 2.01512 5.6862 5.5593 5.87384 
162.791 162.702 164.223 163.468 162.103 158.895 153.194 152.425 150.048 144.946 -34.6668 217.795 -46.3303 12.6169 190.027 -90.7182 40.0038 180.28 -91.4058 61.4182 177.643 -72.5277 73.3924 176.473 -42.454 7.61771 180.534 2.07055 5.68935 5.56067 5.83858 
162.927 162.545 164.112 163.374 161.948 158.911 153.019 152.444 150.091 144.906 -35.0869 218.164 -46.1467 12.3512 190.562 -90.585 39.6832 180.712 -91.3962 61.0656 178.023 -72.5397 73.0598 176.884 -42.3495 7.23787 180.673 2.17909 5.7532 5.52256 5.82596 
163.207 162.68 164.299 163.647 162.261 159.004 153.16 152.709 150.388 145.25 -35.3945 218.31 -46.1628 12.0915 190.918 -90.5001 39.3287 180.867 -91.4237 60.6453 178.026 -72.6156 72.6382 176.866 -42.4054 6.79311 180.84 2.25777 5.73814 5.44679 5.80483 
163.457 163.047 164.647 164.045 162.711 159.109 153.508 152.997 150.676 145.568 -35.6971 218.358 -46.1814 11.7282 190.937 -90.4794 38.9776 180.888 -91.3362 60.2246 177.951 -72.5407 72.1718 176.767 -42.3505 6.30076 181.028 2.37428 5.69497 5.39765 5.78917 
163.549 163.393 164.984 164.297 163.018 159.142 153.875 153.216 150.775 145.64 -36.1889 218.187 -46.2141 11.2061 190.845 -90.5022 38.5235 180.831 -91.2495 59.7965 177.879 -72.3582 71.6683 176.684 -42.2246 5.79386 181.239 2.4216 5.64198 5.46034 5.81858 
163.573 163.571 165.177 164.436 163.073 159.207 154.241 153.476 151.008 145.836 -36.547 218.178 -46.131 10.6893 191.023 -90.5325 38.1773 181.155 -91.1814 59.5217 178.218 -72.1935 71.2219 176.956 -42.1084 5.29062 181.362 2.49772 5.52137 5.55462 5.89489 
163.626 163.551 165.202 164.445 163.066 159.192 154.454 153.775 151.374 146.241 -36.942 218.157 -46.0169 10.0844 191.469 -90.5246 37.6712 181.564 -91.2753 59.1226 178.593 -72.255 70.7236 177.246 -42.2123 4.79121 181.466 2.5798 5.40106 5.62215 5.97045 
163.659 163.575 165.194 164.534 163.242 159.011 154.555 154.005 151.689 146.607 -37.3358 218.311 -45.842 9.5311 191.713 -90.4822 37.0794 181.841 -91.3424 58.5478 178.85 -72.4002 70.2086 177.392 -42.3175 4.26495 181.566 2.70045 5.41753 5.5864 5.91294 
163.605 163.461 165.141 164.484 163.209 159.022 154.588 154.049 151.743 146.701 -37.731 218.495 -45.6687 9.18792 191.892 -90.3388 36.6833 181.978 -91.2006 58.0609 178.902 -72.264 69.6418 177.26 -42.2312 3.67653 181.578 2.82612 5.34505 5.53982 5.86888 
163.365 163.401 165.182 164.487 163.233 158.963 154.753 154.148 151.703 146.633 -38.2985 218.572 -45.4278 8.51893 191.816 -90.3057 36.1362 181.928 -91.0845 57.4886 178.881 -72.0828 69.0244 177.104 -42.1493 3.06283 181.657 2.87076 5.29815 5.57784 5.93851 
163.188 163.429 165.201 164.41 163.144 158.893 154.807 154.117 151.59 146.493 -38.8048 218.473 -45.3917 7.74244 191.549 -90.3925 35.5411 181.848 -91.0556 56.9651 178.97 -71.984 68.4198 177.112 -42.119 2.44947 181.546 2.86899 5.22509 5.66945 6.02573 
163.019 163.387 165.224 164.433 163.189 158.716 154.944 154.401 151.897 146.823 -39.2174 218.291 -45.3534 6.93817 191.503 -90.4627 34.8715 181.806 -91.2383 56.4026 179.058 -72.1513 67.8342 177.217 -42.3 1.83223 181.381 2.87523 5.16949 5.72536 6.10874 
163.048 163.423 165.237 164.571 163.419 158.631 155.13 154.684 152.3 147.305 -39.7599 218.301 -45.3237 6.29232 191.524 -90.5046 34.1943 181.823 -91.3731 55.7041 178.997 -72.385 67.1625 177.107 -42.5355 1.13698 181.322 2.89354 5.14811 5.64576 6.06378 
162.903 163.534 165.373 164.705 163.609 158.544 155.337 154.856 152.373 147.342 -40.3135 218.122 -45.4058 5.75346 191.375 -90.5543 33.6171 181.557 -91.3902 55.0459 178.634 -72.36 66.4035 176.69 -42.5816 0.416349 181.279 2.81866 5.06486 5.62301 6.0533 
162.209 163.174 165.008 164.094 162.994 157.911 155.042 154.453 151.824 146.673 -41.209 217.584 -45.7585 4.36494 190.738 -91.0185 32.2968 181.273 -91.7411 53.7022 178.487 -72.6542 64.9177 176.355 -42.9763 -0.819894 180.884 2.39321 4.90638 5.64142 6.02446 
161.875 162.925 164.783 163.824 162.727 157.492 154.794 154.286 151.631 146.38 -41.1301 217.538 -46.0198 3.90721 190.446 -91.163 31.7184 181.037 -91.9727 53.1213 178.401 -72.8437 64.2195 176.381 -43.1868 -1.31791 180.694 2.19356 4.77054 5.65202 5.91557 
161.797 162.803 164.772 163.784 162.706 157.427 154.57 154.147 151.419 146.061 -41.4616 217.391 -46.3249 3.43796 190.3 -91.1734 31.0898 180.746 -92.0489 52.4088 178.158 -72.8788 63.4087 176.241 -43.2216 -2.01731 180.52 2.03937 4.69718 5.62289 5.82937 
161.915 163.15 165.114 164.109 163.11 157.543 154.68 154.083 151.23 145.836 -42.0637 216.915 -46.7263 2.86554 189.516 -91.3181 30.4113 180.072 -92.0113 51.5572 177.474 -72.8533 62.4817 175.553 -43.2685 -2.79461 180.292 1.88625 4.61941 5.53167 5.72046 
161.864 163.138 165.077 164.005 162.998 157.502 154.607 153.855 150.837 145.395 -42.5892 216.927 -47.0225 2.09803 188.981 -91.6195 29.6162 179.653 -92.1628 50.722 177.18 -72.9813 61.5963 175.103 -43.4641 -3.504 180.1 1.64263 4.55406 5.56008 5.69271 
161.825 163.146 165.049 163.973 162.928 157.379 154.691 153.878 150.794 145.325 -43.0753 216.816 -47.2555 1.39962 188.733 -91.9802 28.8859 179.571 -92.503 49.9697 177.143 -73.3037 60.7723 174.973 -43.7996 -4.17741 179.878 1.37759 4.46691 5.56756 5.63592 
162.022 163.384 165.358 164.324 163.273 157.438 154.951 154.105 150.961 145.483 -43.7544 216.313 -47.5882 0.734849 188.468 -92.2556 28.2307 179.404 -92.7732 49.2628 177.029 -73.5643 59.988 174.876 -44.0839 -4.92404 179.648 1.12422 4.39156 5.54276 5.60544 
162.284 163.668 165.606 164.68 163.689 157.608 155.163 154.16 150.973 145.515 -44.5791 216.01 -48.0502 0.0466342 187.96 -92.557 27.4399 178.96 -92.9528 48.3701 176.497 -73.7939 59.0641 174.327 -44.3687 -5.70879 179.614 0.875817 4.33205 5.45992 5.52827 
162.458 163.854 165.735 164.839 163.876 157.692 155.334 154.173 150.89 145.41 -45.3613 216.077 -48.389 -0.606272 187.421 -92.8646 26.6065 178.487 -93.1715 47.496 176.037 -74.0144 58.1093 173.726 -44.6732 -6.44344 179.564 0.63706 4.22076 5.4691 5.40431 
162.244 163.767 165.646 164.728 163.807 157.401 155.342 154.139 150.785 145.357 -46.0665 216.027 -48.5696 -1.2673 187.296 -93.1498 25.797 178.401 -93.528 46.6762 175.973 -74.3703 57.2382 173.409 -45.1563 -7.09395 179.473 0.305228 4.10433 5.48488 5.28497 
161.96 163.492 165.482 164.618 163.798 157.035 155.004 153.89 150.591 145.263 -46.7453 215.791 -48.8349 -1.96518 187.264 -93.3046 24.924 178.345 -93.8124 45.8095 175.883 -74.7391 56.3923 173.15 -45.6691 -7.74248 179.414 -0.0242641 4.03439 5.43607 5.13976 
162.146 163.495 165.483 164.675 163.936 157.215 154.833 153.717 150.431 145.137 -47.4699 215.798 -49.2733 -2.55373 187.163 -93.4758 24.1823 178.097 -93.9861 45.0309 175.456 -74.9676 55.6047 172.623 -45.9544 -8.40145 179.334 -0.289428 4.00953 5.3805 5.06562 
162.336 163.541 165.482 164.761 164.063 157.39 154.912 153.626 150.333 145.083 -48.3615 215.897 -49.6226 -3.11842 186.788 -93.8065 23.5665 177.881 -94.1528 44.3842 175.141 -75.1712 54.9432 172.05 -46.2119 -8.9883 179.353 -0.551809 4.02741 5.36784 5.04283 
162.444 163.51 165.357 164.684 163.996 157.507 154.982 153.507 150.19 144.953 -49.2007 216.233 -49.7876 -3.71072 186.714 -94.0605 23.0238 177.884 -94.2501 43.8734 175.084 -75.2322 54.3656 171.71 -46.3288 -9.51417 179.509 -0.725948 4.02622 5.44091 5.1298 
162.16 163.313 165.094 164.492 163.852 157.252 155.011 153.346 150.031 144.825 -49.8158 216.249 -49.7974 -4.1173 186.59 -94.3511 22.7093 178.179 -94.393 43.5118 175.326 -75.3709 53.9415 171.63 -46.5485 -9.89853 179.525 -0.961294 4.02445 5.43968 5.19893 
161.725 162.997 164.694 164.124 163.561 156.839 154.717 152.944 149.722 144.588 -50.2009 216.047 -49.8179 -4.44212 186.489 -94.5601 22.3732 178.507 -94.5291 43.1017 175.55 -75.5697 53.5393 171.505 -46.8183 -10.2668 179.283 -1.21418 4.08868 5.36916 5.18314 
161.415 162.872 164.477 164.04 163.509 156.48 154.431 152.542 149.492 144.412 -50.5568 215.486 -49.9518 -4.82905 185.984 -94.661 21.9063 178.447 -94.5715 42.5169 175.359 -75.7689 52.9954 171.147 -47.0997 -10.6887 178.965 -1.41747 4.13943 5.20546 5.10992 
161.595 162.957 164.46 164.173 163.659 156.635 154.217 152.264 149.389 144.351 -51.0534 215.062 -50.3095 -5.14343 185.516 -94.7345 21.4156 178.173 -94.6021 41.9089 174.914 -75.9326 52.4439 170.706 -47.2558 -11.1786 178.646 -1.56797 4.18397 5.04834 4.97716 
162.014 163.114 164.532 164.32 163.833 157.029 154.186 152.133 149.304 144.268 -51.572 214.92 -50.7792 -5.44023 184.946 -94.891 20.9572 177.7 -94.6821 41.3587 174.358 -76.0586 51.9026 170.139 -47.3574 -11.6568 178.411 -1.71984 4.20354 4.97164 4.89883 
162.297 162.717 163.948 163.619 163.207 157.751 153.516 151.402 148.52 143.336 -52.4317 215.871 -51.388 -5.84115 185.012 -95.3801 20.7022 177.758 -94.9689 41.2017 174.302 -76.1567 51.8151 170.215 -47.2311 -11.9722 178.31 -2.14315 4.34501 5.12034 5.1076 
162.448 162.254 163.388 163.002 162.58 158.241 152.871 150.753 147.83 142.464 -53.1914 216.635 -51.7803 -6.36842 185.021 -95.7484 20.3027 177.745 -95.2085 40.9099 174.243 -76.267 51.5778 170.301 -47.1676 -12.302 178.209 -2.48393 4.44315 5.2537 5.28158 
162.485 161.889 162.978 162.532 162.06 158.543 152.427 150.312 147.315 141.738 -53.8695 216.994 -52.0494 -6.90591 184.924 -95.9961 19.8618 177.583 -95.3865 40.6013 174.183 -76.2931 51.259 170.435 -47.0723 -12.6692 178.001 -2.73395 4.46737 5.41827 5.39344 
162.509 161.593 162.708 162.196 161.685 158.773 152.07 149.938 146.801 141.049 -54.5482 217.02 -52.2535 -7.43732 184.759 -96.1086 19.3582 177.233 -95.4781 40.1889 173.989 -76.2647 50.8423 170.37 -47.0126 -13.0488 177.732 -2.93619 4.47235 5.55308 5.43463 
164.394 162.219 163.289 163.313 162.7 160.738 152.012 150.005 147.109 141.404 -55.9963 217.754 -53.432 -7.27614 184.369 -96.3845 19.4248 176.844 -95.5957 40.1134 173.661 -76.4401 50.7197 170.118 -47.035 -13.3693 177.538 -3.12125 4.51331 5.44218 5.39261 
166.344 163.038 163.937 164.208 163.496 162.397 152.399 150.299 147.587 141.918 -57.2327 218.282 -54.3211 -7.07153 183.813 -96.6795 19.6011 176.638 -95.7025 40.1006 173.644 -76.6131 50.668 170.046 -47.0866 -13.6484 177.187 -3.25622 4.55335 5.31104 5.40415 
167.793 163.821 164.558 164.933 164.193 163.593 152.898 150.664 148.156 142.539 -58.1034 218.731 -54.8666 -6.90831 183.443 -96.8427 19.7404 176.692 -95.7166 40.0815 173.797 -76.727 50.6418 170.103 -47.1089 -13.8973 176.89 -3.2672 4.59785 5.17092 5.42335 
168.811 164.533 165.184 165.62 164.838 164.422 153.447 151.125 148.829 143.251 -58.5013 219.079 -55.1825 -6.74006 183.062 -96.9136 19.8739 176.793 -95.6766 40.0683 173.918 -76.7913 50.6217 170.147 -47.085 -14.1193 176.605 -3.17436 4.63072 5.02462 5.45563 
169.458 165.174 165.818 166.321 165.463 164.912 154.014 151.684 149.591 144.028 -58.452 219.363 -55.3963 -6.61623 182.743 -96.9234 19.9162 176.826 -95.6348 40.0113 173.872 -76.84 50.5513 170.081 -47.0456 -14.348 176.394 -3.03618 4.65043 4.8985 5.44853 
169.781 165.718 166.337 166.903 165.969 165.121 154.564 152.221 150.319 144.775 -58.1149 219.475 -55.6054 -6.42309 182.386 -96.9129 19.9829 176.819 -95.5788 39.99 173.786 -76.8442 50.4514 169.99 -47.0014 -14.5498 176.249 -2.89982 4.60696 4.79682 5.42754 
169.721 166.103 166.708 167.325 166.325 165.025 154.98 152.628 150.884 145.334 -57.5741 219.325 -55.7529 -6.35479 181.983 -96.8284 19.8923 176.651 -95.4799 39.8564 173.468 -76.791 50.2012 169.715 -46.954 -14.7576 176.101 -2.74112 4.49691 4.72132 5.37808 
169.495 166.409 166.976 167.642 166.596 164.785 155.358 152.917 151.294 145.733 -57.0148 218.819 -55.8959 -6.35752 181.491 -96.7363 19.7705 176.464 -95.3272 39.6842 173.07 -76.6763 49.8596 169.353 -46.903 -14.964 175.938 -2.60165 4.3251 4.64667 5.40638 
169.192 166.596 167.109 167.797 166.732 164.499 155.633 153.073 151.518 145.928 -56.5933 218.16 -55.957 -6.48588 181.067 -96.596 19.528 176.23 -95.1198 39.4282 172.552 -76.4682 49.4389 168.858 -46.7736 -15.1982 175.78 -2.43967 4.16075 4.61488 5.4317 
168.88 166.693 167.122 167.824 166.764 164.186 155.829 153.121 151.63 146.058 -56.2989 217.47 -55.9309 -6.67214 180.753 -96.4233 19.2166 176.109 -94.8822 39.115 172.093 -76.2379 48.9674 168.333 -46.6528 -15.433 175.645 -2.25982 3.99486 4.59921 5.47321 
168.627 166.626 166.943 167.642 166.586 163.965 155.827 152.912 151.458 145.856 -56.2217 216.792 -55.8835 -6.98553 180.45 -96.2776 18.8569 176.062 -94.6054 38.7638 171.712 -75.9561 48.47 167.887 -46.465 -15.6749 175.433 -2.09175 3.84382 4.60825 5.61576 
168.389 166.358 166.58 167.252 166.225 163.775 155.568 152.505 151.054 145.398 -56.3631 216.104 -55.8481 -7.3573 180.252 -96.0752 18.4351 175.934 -94.2906 38.3781 171.327 -75.6166 47.9443 167.508 -46.2146 -15.9368 175.201 -1.93458 3.69218 4.65171 5.67543 
168.179 165.879 165.992 166.598 165.638 163.697 155.052 151.878 150.378 144.613 -56.8522 215.649 -55.7003 -7.80798 180.245 -95.8638 17.9444 175.854 -93.9821 37.9558 171.084 -75.2521 47.4506 167.359 -45.8739 -16.1997 174.95 -1.78161 3.59748 4.73092 5.68156 
167.997 165.266 165.293 165.84 164.959 163.656 154.421 151.211 149.643 143.744 -57.5346 215.399 -55.4366 -8.37505 180.461 -95.6171 17.4388 175.778 -93.6744 37.5894 170.919 -74.8639 47.0336 167.332 -45.4839 -16.4495 174.749 -1.61199 3.5375 4.86474 5.66015 
167.791 164.5 164.53 164.987 164.214 163.627 153.548 150.403 148.754 142.742 -58.3039 215.285 -55.1681 -8.86658 180.771 -95.3 16.9066 175.657 -93.3827 37.21 170.832 -74.4884 46.6416 167.387 -45.1055 -16.6849 174.52 -1.47565 3.51169 5.00494 5.50249 
167.601 163.778 163.88 164.253 163.558 163.585 152.701 149.705 147.987 141.868 -59.1825 215.203 -54.8269 -9.30048 181.058 -94.928 16.4116 175.439 -93.1103 36.8623 170.727 -74.1542 46.3105 167.477 -44.7463 -16.9131 174.28 -1.31428 3.51952 5.12503 5.28458 
167.429 163.16 163.4 163.702 163.057 163.541 151.952 149.122 147.351 141.126 -59.9887 215.124 -54.4866 -9.73435 181.298 -94.5217 15.9803 175.144 -92.8107 36.5739 170.504 -73.8079 46.0347 167.492 -44.364 -17.1228 174.058 -1.11769 3.54286 5.23575 5.12101 
167.29 162.64 163.075 163.314 162.699 163.492 151.268 148.695 146.894 140.596 -60.828 215.11 -54.0761 -10.1842 181.518 -94.0518 15.5384 174.759 -92.5289 36.2814 170.228 -73.5083 45.7982 167.502 -44.0192 -17.3436 173.84 -0.869197 3.59904 5.32775 4.94965 
167.114 162.211 162.776 162.822 162.263 163.6 150.82 148.364 146.464 139.9 -61.3544 215.086 -53.6805 -10.5108 181.541 -93.5998 15.1759 174.225 -92.2564 35.9176 169.805 -73.273 45.537 167.437 -43.6402 -17.5703 173.6 -0.560798 3.70272 5.28462 4.77201 
166.837 161.758 162.566 162.548 162.021 163.333 150.099 147.936 145.974 139.437 -61.8074 215.026 -53.299 -10.8285 181.435 -93.0617 14.8666 173.576 -91.9017 35.6479 169.328 -72.9187 45.3551 167.179 -43.2616 -17.78 173.254 -0.269541 3.78177 5.29956 4.7126 
166.519 161.468 162.525 162.466 161.961 162.925 149.497 147.682 145.671 139.226 -62.0892 214.802 -52.9214 -11.1637 181.275 -92.4824 14.5254 172.831 -91.5534 35.3382 168.743 -72.5978 45.1638 166.766 -42.9409 -18.0309 172.888 0.0482634 3.85875 5.29491 4.68902 
166.267 161.354 162.641 162.598 162.123 162.475 149.004 147.502 145.498 139.197 -62.0947 214.413 -52.5999 -11.4914 180.902 -91.8664 14.1521 171.997 -91.141 34.9698 168.028 -72.2545 44.941 166.193 -42.6078 -18.3339 172.469 0.4241 3.942 5.25602 4.6785 
166.136 161.405 162.874 162.887 162.442 162.096 148.765 147.582 145.584 139.538 -62.0121 213.977 -52.2025 -11.8222 180.628 -91.2321 13.7682 171.314 -90.7346 34.6012 167.517 -71.9169 44.7723 165.637 -42.2933 -18.6762 172.089 0.877311 4.05912 5.21845 4.68889 
166.054 161.539 163.134 163.226 162.783 161.798 148.715 147.782 145.783 139.949 -61.7364 213.771 -51.759 -12.0415 180.41 -90.5763 13.4744 170.789 -90.2656 34.2922 167.134 -71.4958 44.619 165.175 -41.8761 -19.0174 171.85 1.40684 4.17733 5.17701 4.68745 
166.16 161.917 163.466 163.619 163.129 161.747 149 148.025 146.004 140.329 -61.5326 213.711 -51.2641 -12.0265 180 -90.0833 13.4018 170.611 -89.7677 34.0796 166.965 -71.0335 44.526 164.78 -41.3707 -19.3133 171.581 1.94641 4.32043 5.07232 4.52342 
166.326 162.325 163.753 163.976 163.424 161.801 149.31 148.114 146.141 140.646 -61.3962 213.518 -50.7976 -11.8361 179.391 -89.6322 13.4528 170.685 -89.2007 33.9061 166.933 -70.5383 44.4632 164.422 -40.8382 -19.5795 171.224 2.47611 4.47388 4.90381 4.21981 
166.535 162.757 164.067 164.383 163.761 161.943 149.665 148.168 146.257 140.912 -61.5038 213.169 -50.2414 -11.7053 178.66 -89.0898 13.4068 170.738 -88.5026 33.6367 166.799 -69.9276 44.2978 163.984 -40.2088 -19.8757 170.878 3.10114 4.61297 4.73561 3.94774 
166.722 163.224 164.386 164.816 164.086 162.084 150.158 148.232 146.376 141.143 -61.8301 212.611 -49.5505 -11.5926 177.707 -88.5563 13.4417 170.825 -87.6974 33.3731 166.528 -69.2195 44.0825 163.345 -39.5031 -20.1665 170.528 3.78729 4.72535 4.53405 3.89614 
166.902 163.626 164.62 165.16 164.311 162.222 150.543 148.138 146.328 141.191 -62.0265 211.926 -48.8748 -11.4781 176.575 -87.9734 13.5694 170.88 -86.7555 33.2028 166.195 -68.3579 43.9034 162.618 -38.6752 -20.3542 170.135 4.53306 4.80266 4.3563 4.1894 
167.057 163.889 164.759 165.351 164.41 162.35 150.741 147.94 146.162 141.15 -62.2005 211.033 -48.2052 -11.3861 175.419 -87.3031 13.6445 170.874 -85.7751 33.0522 165.93 -67.4654 43.7671 162.033 -37.8495 -20.4236 169.679 5.33896 4.85231 4.21089 4.63243 
167.143 163.93 164.778 165.386 164.368 162.43 150.694 147.629 145.881 141.024 -62.2642 210.005 -47.581 -11.2914 174.369 -86.4693 13.7016 170.816 -84.6846 32.9526 165.686 -66.4495 43.7036 161.568 -36.9024 -20.4223 169.28 6.23433 4.91465 4.11261 5.07644 
167.121 163.763 164.682 165.25 164.184 162.45 150.382 147.197 145.436 140.696 -62.3069 208.981 -46.9324 -11.1592 173.531 -85.5501 13.7227 170.583 -83.6185 32.899 165.388 -65.416 43.7196 161.173 -35.9115 -20.3423 168.827 7.11031 4.98527 4.07108 5.31077 
