145.835 142.272 142.568 135.024 134.94 150.478 134.635 134.727 129.355 117.801 165.292 261.021 -16.744 187.463 190.197 -16.8893 194.447 168.289 -0.944063 197.645 169.264 25.0649 190.776 178.963 56.2719 144.138 230.669 47.0817 7.65285 6.62044 4.8918 
146.046 141.592 141.605 134.649 134.497 150.93 133.522 133.645 128.614 117.236 164.103 261.974 -16.8947 186.218 191.377 -17.1847 192.982 169.372 -1.27831 196.06 169.89 24.7781 189.128 179.162 56.0044 142.884 230.842 47.0551 7.60151 6.54908 5.03504 
145.737 140.94 140.334 133.891 133.239 151.108 131.879 132.166 127.626 116.398 163.184 262.988 -16.9786 185.215 192.723 -17.0631 191.416 170.639 -1.53276 194.336 170.578 24.598 187.225 179.216 55.83 141.746 231.103 47.0494 7.39213 6.44099 4.96045 
145.592 140.405 139.436 133.425 132.304 151.513 130.749 131.006 126.714 115.623 161.898 263.975 -17.1 184.054 193.77 -17.0338 189.898 171.713 -1.70914 192.712 171.278 24.477 185.482 179.454 55.6597 140.517 231.244 47.0956 7.27868 6.43195 4.9318 
145.274 142.276 140.494 134.044 131.343 153.119 131.345 132.333 127.385 116.001 160.765 264.81 -17.0427 182.593 193.542 -17.1254 188.329 171.598 -2.38174 191.122 170.988 24.2339 183.787 179.135 55.4903 139.15 231.345 47.0326 7.26966 6.61206 4.48003 
144.544 143.8 141.871 135.703 131.108 154.33 131.761 133.275 128.137 116.013 159.526 265.423 -17.0282 180.822 193.074 -17.2716 186.683 171.427 -3.01934 189.76 170.653 23.9547 182.572 179.3 55.2006 137.94 231.41 47.0336 7.31352 6.7853 4.0032 
144.348 145.245 142.948 137.373 131.363 155.33 132.267 133.799 128.573 115.885 158.059 265.97 -17.0745 178.898 192.582 -17.5584 185.26 171.466 -3.46565 188.691 170.556 23.8152 181.673 179.581 54.9728 136.818 231.45 47.0984 7.29102 6.95699 3.607 
144.606 147.09 143.99 138.634 131.576 156.076 133.151 134.46 129.008 115.739 156.516 266.37 -16.8586 177.386 192.212 -17.8765 184.336 171.517 -3.7339 187.925 170.501 23.7888 180.948 179.837 54.95 135.607 231.22 47.2727 7.42938 7.0815 3.47997 
144.938 148.224 144.832 139.418 131.578 156.626 134.088 135.258 129.572 115.718 155.2 267.018 -16.6221 175.802 191.897 -18.1469 183.298 171.554 -3.99325 187.118 170.56 23.73 180.324 180.286 54.9589 134.664 231.406 47.5256 7.62008 7.20534 3.41121 
145.033 148.899 145.518 139.991 131.533 156.644 134.9 135.855 129.996 115.574 154.004 267.441 -16.4037 174.054 191.393 -18.2598 182.081 171.37 -4.04078 186.2 170.512 23.8392 179.72 180.806 55.1201 133.826 231.681 47.8082 7.89908 7.32559 3.43971 
145.057 149.329 145.885 140.064 131.712 156.947 135.428 136.246 130.157 115.449 152.549 267.764 -16.4238 172.155 190.993 -18.2783 180.428 171.068 -4.15283 184.924 170.369 23.8289 178.997 181.176 55.1832 133.03 231.957 48.0392 8.26209 7.45042 3.39148 
145.035 149.905 146.266 140.003 131.951 157.102 135.982 136.675 130.304 115.16 151.459 268.169 -16.4459 170.81 190.89 -18.3536 179.116 170.907 -4.33539 183.867 170.337 23.7548 178.321 181.573 55.1493 132.382 232.259 48.1571 8.57334 7.57371 3.33572 
145.15 150.411 146.475 139.676 132.094 157.359 136.505 137.104 130.44 115.222 150.515 268.663 -16.4941 169.643 190.977 -18.4372 177.922 170.744 -4.46699 182.874 170.259 23.7489 177.673 181.767 55.1148 131.827 232.577 48.2707 8.76187 7.697 3.37614 
145.054 150.356 146.395 139.076 132.096 157.363 137.07 137.497 130.432 115.258 149.744 268.881 -16.4638 168.197 190.645 -18.5465 176.561 170.277 -4.53621 181.78 170.129 23.8127 176.984 181.989 55.1474 131.243 232.849 48.3873 9.02929 7.89954 3.47051 
144.437 150.202 146.324 138.499 132.184 157.135 137.258 137.739 130.243 114.774 148.696 268.74 -16.5119 166.987 190.32 -18.57 175.298 169.8 -4.65557 180.835 170.079 23.8022 176.423 182.428 55.0832 130.644 232.942 48.3844 9.43289 8.14109 3.40372 
143.91 149.306 145.758 137.642 131.879 156.902 136.901 137.64 129.964 114.191 147.852 268.639 -16.505 166.208 190.372 -18.4639 174.354 169.605 -4.68301 180.084 170.101 23.8168 175.833 182.725 55.1295 130.053 232.927 48.3558 9.69107 8.28368 3.33135 
143.642 148.521 145.334 136.975 131.791 156.662 136.704 137.547 129.67 113.805 146.816 268.581 -16.5448 165.589 190.611 -18.4005 173.587 169.682 -4.71764 179.486 170.37 23.8086 175.378 183.093 55.1677 129.532 233.058 48.3576 9.84881 8.39949 3.27925 
143.597 148.141 145.13 136.632 131.75 156.438 136.643 137.433 129.501 113.286 145.756 268.563 -16.6241 164.874 190.831 -18.4639 172.78 169.846 -4.7874 178.76 170.565 23.7485 174.718 183.381 55.1595 128.983 233.228 48.3808 9.94894 8.44078 3.29289 
144.352 148.586 145.562 136.826 132.248 156.803 137.309 137.799 129.667 113.225 144.85 268.886 -16.8818 164.366 191.072 -18.7627 172.295 170.007 -4.96034 178.398 170.866 23.6403 174.469 183.89 55.0592 128.505 233.435 48.3935 10.1816 8.54525 3.42674 
144.706 149.186 145.678 136.79 132.325 156.827 138.157 138.153 129.829 112.997 144.28 269.144 -16.9285 163.803 191.071 -19.1672 171.908 170.038 -5.13292 178.145 171.076 23.5387 174.235 184.354 54.9807 128.098 233.576 48.369 10.4442 8.70473 3.61752 
145.315 149.81 145.681 136.599 132.341 157.083 139.16 138.493 129.986 112.612 143.721 269.517 -17.0195 163.397 191.196 -19.6173 171.55 170.21 -5.39731 177.8 171.288 23.3721 173.838 184.742 54.943 127.711 233.755 48.3183 10.7164 8.81701 3.77251 
145.42 149.76 145.04 135.908 132.108 157.088 139.38 138.143 129.553 111.687 143.241 269.605 -17.1299 163.009 191.181 -19.9192 171.185 170.324 -5.52304 177.395 171.408 23.2762 173.389 185.012 54.8369 127.377 233.601 48.2087 10.983 8.89778 3.9011 
145.377 149.186 144.278 135.093 131.545 157.045 139.174 137.655 129.105 110.761 142.844 269.588 -17.2191 162.311 190.937 -19.9633 170.421 170.233 -5.47376 176.674 171.336 23.3334 172.754 185.196 54.8085 127.021 233.451 48.2034 11.2337 8.96823 3.93152 
145.624 148.623 143.792 134.643 131.168 157.266 139.336 137.439 128.871 110.226 142.642 269.838 -17.2837 161.704 190.771 -19.8668 169.71 170.195 -5.33633 176.083 171.381 23.5251 172.288 185.51 54.9124 126.783 233.569 48.3155 11.4517 9.08593 3.90438 
145.53 148.208 143.477 134.214 130.802 157.27 139.498 137.299 128.677 109.724 142.561 270.132 -17.204 161.326 190.689 -19.7048 169.259 170.24 -5.1082 175.681 171.531 23.8017 171.916 185.865 55.1241 126.654 233.788 48.4789 11.5854 9.17 3.90157 
145.326 147.558 143.213 133.788 130.277 157.218 139.126 137.058 128.422 109.465 142.456 270.398 -17.1133 161.146 190.987 -19.5103 169.045 170.505 -4.86531 175.492 171.931 24.0277 171.741 186.345 55.3509 126.529 234.089 48.6066 11.6411 9.19219 3.92925 
144.951 146.347 142.958 133.348 129.842 157.212 138.186 136.78 128.247 109.292 142.229 270.761 -17.0208 161.148 191.704 -19.0824 168.871 170.991 -4.61935 175.33 172.437 24.2248 171.615 186.831 55.5941 126.446 234.555 48.7566 11.5798 9.13192 3.8227 
145.508 144.881 142.87 132.967 129.584 157.769 137.098 136.624 128.14 109.031 141.132 271.374 -17.3858 160.797 192.949 -18.7678 168.312 171.763 -4.51216 174.742 173.187 24.2444 171.094 187.64 55.6945 125.867 235.23 48.696 11.635 9.01686 3.82789 
146.318 144.822 143.071 133.291 129.301 158.001 137.034 136.863 128.579 109.46 140.84 271.943 -17.7025 160.823 193.696 -18.9523 168.16 172.206 -4.77065 174.468 173.298 23.9788 170.709 187.606 55.508 125.538 235.64 48.4244 11.452 8.89291 3.90271 
147.235 145.587 143.551 133.695 128.847 158.479 137.541 137.496 129.226 110.188 140.269 272.793 -18.0314 160.677 194.407 -19.3368 167.975 172.662 -5.22629 174.273 173.649 23.6271 170.525 187.999 55.1993 125.107 236.145 48.2122 11.4897 8.89106 3.97637 
148.162 146.187 143.554 134.061 128.588 158.822 138.077 137.853 129.853 110.502 139.836 273.276 -18.2911 160.201 194.51 -19.5871 167.329 172.713 -5.56042 173.538 173.411 23.3 169.779 187.878 54.9484 124.57 236.389 48.0033 11.5464 8.80936 3.90873 
148.762 146.814 143.595 134.209 127.657 159.021 138.72 138.207 130.292 111.07 139.135 273.748 -18.4988 159.381 194.421 -20.0191 166.511 172.633 -5.85253 172.731 173.253 23.0543 168.975 187.737 54.7416 123.917 236.597 47.8471 11.5054 8.82006 3.97712 
148.942 146.619 143.091 134.024 126.581 158.813 138.716 138.21 130.652 111.227 138.534 274.156 -18.5557 158.885 194.737 -20.2315 165.861 172.818 -6.11928 172.014 173.17 22.802 168.192 187.731 54.5334 123.298 236.758 47.6851 11.5157 8.76147 4.00439 
149.301 145.983 142.357 133.662 125.642 158.648 138.328 138.085 130.933 111.445 137.889 274.428 -18.6471 158.261 195.054 -20.3252 164.954 172.861 -6.44459 171.031 172.786 22.4862 167.253 187.324 54.273 122.59 236.71 47.4984 11.4792 8.66462 4.00195 
149.67 145.259 141.971 133.686 125.248 158.576 137.782 138.151 131.327 111.743 137.025 274.49 -18.7707 157.56 195.477 -20.5175 164.037 172.904 -6.79428 170.064 172.456 22.1282 166.299 186.904 53.9184 121.83 236.655 47.3469 11.3204 8.56276 4.14373 
150.13 144.129 141.643 133.744 125.245 158.666 137.129 138.202 131.653 112.025 136.138 274.475 -18.8884 156.935 195.922 -20.5473 163.072 172.925 -7.14234 169.01 172.065 21.8159 165.278 186.376 53.6204 121.015 236.501 47.235 11.1816 8.4784 4.25966 
149.918 143.134 141.264 133.621 125.231 158.503 136.692 138.053 131.746 112.458 135.172 274.344 -18.9536 156.166 196.039 -20.7819 162.283 172.876 -7.47211 168.186 171.761 21.4868 164.54 185.909 53.2436 120.249 236.219 47.0599 11.0749 8.41757 4.34679 
149.203 142.166 140.609 133.18 125.104 158.061 136.572 137.773 131.761 112.659 134.377 274.019 -18.9379 155.249 195.727 -21.1305 161.574 172.712 -7.72285 167.435 171.379 21.1669 163.925 185.464 52.856 119.627 235.873 46.856 11.0371 8.31894 4.31016 
148.894 141.841 139.984 132.558 125.027 157.766 136.834 137.526 131.654 112.852 133.605 273.865 -18.9674 154.341 195.374 -21.4945 160.983 172.687 -7.87564 166.828 171.237 20.9083 163.475 185.189 52.4751 119.158 235.659 46.7315 10.9286 8.21807 4.2534 
148.643 142.067 139.697 132.085 125.06 157.505 137.152 137.411 131.549 112.953 133.073 273.632 -18.9193 153.695 195.077 -21.8146 160.579 172.582 -7.95688 166.404 171.132 20.802 163.149 185.034 52.2781 118.774 235.466 46.6658 10.9241 8.19659 4.32273 
148.251 142.309 139.447 131.429 124.854 156.973 137.561 137.385 131.479 112.802 132.817 273.575 -18.8006 153.274 194.843 -22.0873 160.365 172.543 -8.00383 166.104 171.097 20.7308 162.867 184.934 52.2051 118.678 235.525 46.6167 10.8602 8.15189 4.39075 
147.761 142.044 139.102 130.865 124.684 156.429 137.505 137.297 131.441 112.422 132.525 273.406 -18.6757 152.947 194.625 -22.0969 160.124 172.391 -7.94099 165.783 170.902 20.7938 162.557 184.804 52.2673 118.599 235.51 46.6028 10.8863 8.12453 4.41561 
147.636 141.443 138.918 130.284 124.368 156.237 137.347 137.36 131.516 112.171 132.117 273.238 -18.6445 152.514 194.482 -22.0678 159.72 172.173 -7.90087 165.336 170.682 20.8042 162.268 184.718 52.3286 118.526 235.534 46.6509 10.9942 8.06011 4.46114 
147.797 141.251 139.136 130.073 124.323 156.074 137.498 137.68 131.767 112.09 131.788 273.117 -18.5845 152.356 194.409 -22.0473 159.577 171.987 -7.89683 165.171 170.532 20.8236 162.177 184.662 52.4237 118.542 235.616 46.7281 11.0572 8.04038 4.49467 
148.346 141.209 139.795 130.174 124.143 156.417 137.948 138.291 132.1 112.775 131.542 273.112 -18.5784 152.11 194.228 -22.0602 159.483 171.653 -7.8291 165.189 170.487 20.9364 162.395 184.706 52.5337 118.584 235.76 46.8671 11.1523 8.10729 4.60741 
148.931 141.87 140.957 130.87 124.466 156.988 138.643 139.04 132.447 113.336 131.49 273.257 -18.5006 151.948 194 -22.0276 159.581 171.313 -7.53941 165.551 170.62 21.3013 162.896 185.066 52.8416 118.669 235.932 47.18 11.3426 8.29785 4.83645 
149.598 142.51 142.47 131.775 124.578 157.936 139.314 140.078 133.056 114.323 131.471 273.593 -18.3217 151.877 193.989 -21.8722 159.723 171.043 -7.2846 166.048 170.863 21.6278 163.56 185.443 53.2154 118.856 236.295 47.6314 11.416 8.48912 5.00233 
150.093 143.29 144.127 133.203 125.998 158.711 139.795 140.983 133.418 114.415 131.654 273.5 -18.2515 152.196 193.802 -21.6058 160.091 170.643 -7.03844 166.785 170.997 22.0251 164.343 185.871 53.7011 119.101 236.345 47.9925 11.6576 8.76774 5.03948 
150.554 143.883 145.797 134.488 127.683 159.579 140.118 141.737 133.509 114.381 131.816 273.521 -18.149 152.478 193.791 -21.3869 160.625 170.483 -6.69286 167.713 171.526 22.4403 165.4 186.716 54.1334 119.44 236.539 48.3968 11.9767 9.04417 5.19441 
150.883 144.652 147.43 136.123 129.536 160.367 140.423 142.344 133.239 113.696 132.171 273.295 -18.1204 152.84 193.444 -21.26 161.421 170.111 -6.24752 169.019 172.125 23.0454 166.503 187.715 54.6802 119.744 236.453 48.7265 12.3141 9.57607 5.44478 
151.034 145.201 148.723 137.409 131.044 161.181 140.357 142.664 132.916 112.718 132.837 272.758 -18.0616 153.556 193.102 -20.9677 162.491 169.707 -5.71117 170.327 172.558 23.6089 167.569 188.676 55.2618 120.083 236.13 48.9507 12.8644 9.93215 5.6454 
150.858 145.374 149.66 138.592 132.057 161.768 139.836 143.01 132.824 111.931 133.619 272.297 -17.8761 154.151 192.898 -20.4518 163.288 169.305 -5.1452 171.435 172.841 24.2002 168.354 189.353 55.7625 120.42 235.968 49.186 13.0565 10.2759 5.74294 
150.541 145.331 150.129 139.438 132.739 161.758 139.599 143.207 132.651 111.624 134.356 271.521 -17.5929 154.933 192.472 -19.9961 164.249 168.842 -4.60086 172.552 172.936 24.7617 168.943 189.356 56.2273 120.675 235.57 49.3326 12.7871 10.5654 5.78612 
150.244 145.06 150.456 139.944 132.765 161.625 138.911 143.283 132.583 111.604 135.019 270.912 -17.3447 155.354 192.277 -19.4944 164.64 168.5 -4.23049 173.111 172.93 25.0333 169.242 189.194 56.4961 120.892 235.443 49.4399 12.4344 10.685 5.71576 
149.806 144.852 150.683 140.185 132.624 161.331 138.463 143.461 132.514 111.513 135.469 270.372 -17.0962 155.786 192.179 -19.1396 165.09 168.208 -3.94186 173.73 173.021 25.2866 169.669 189.289 56.7811 121.11 235.374 49.5202 12.2876 10.8324 5.72805 
149.754 144.943 151.234 140.751 132.905 161.047 138.456 143.788 132.578 111.53 135.698 269.708 -17.0214 155.947 191.822 -19.0421 165.454 167.788 -3.74534 174.29 173.091 25.4114 170.082 189.456 56.9075 121.135 235.197 49.5258 12.2455 11.0013 5.80352 
149.835 145.254 151.691 141.212 133.359 160.623 138.815 144.017 132.58 111.53 135.784 269.178 -16.9934 156.091 191.597 -19.171 165.921 167.679 -3.62026 174.907 173.403 25.4703 170.537 189.763 57.0097 121.155 235.128 49.5076 12.1884 11.1507 5.92946 
149.778 145.436 151.987 141.459 133.597 160.022 139.125 144.288 132.582 111.42 135.842 268.563 -16.9751 156.183 191.243 -19.3675 166.324 167.394 -3.57788 175.43 173.552 25.4671 170.912 190.028 57.0501 121.136 234.934 49.4073 12.2682 11.3141 6.06385 
150.144 145.805 152.327 141.606 133.816 159.548 139.649 144.623 132.597 111.276 135.688 268.085 -17.0595 156.182 190.905 -19.6841 166.645 167.183 -3.60358 175.908 173.769 25.3977 171.303 190.335 57.0713 121.156 234.823 49.3235 12.3595 11.4929 6.22392 
152.394 148.714 153.167 142.031 135.41 159.119 141.803 145.087 132.374 111.562 135.345 268.029 -17.5449 155.826 190.257 -20.3835 166.597 167.303 -4.04808 175.916 174.618 24.8185 171.573 191.027 56.7319 121.231 235.167 49.3385 12.4452 11.6386 6.08643 
153.565 151.065 153.624 142.604 136.559 158.509 143.348 145.311 132.219 112.145 134.846 267.817 -18.0103 155.215 189.726 -20.9643 166.192 167.401 -4.5542 175.62 175.176 24.0052 171.54 191.158 56.1249 121.232 235.473 49.2434 12.1509 11.6519 5.91704 
154.345 152.831 153.944 143.208 137.682 157.838 144.645 145.511 132.178 112.962 134.377 267.418 -18.4067 154.699 189.235 -21.5999 165.944 167.421 -5.06191 175.365 175.489 23.2003 171.439 190.898 55.4904 121.152 235.582 49.042 11.7171 11.5973 5.8861 
153.674 152.34 153.773 142.519 136.892 157.156 143.956 145.349 132.319 112.909 134.296 266.802 -18.5277 154.489 189.088 -21.9141 165.768 166.98 -5.37996 175.148 174.716 23.0217 170.992 189.964 55.2291 120.879 235.189 48.5255 11.3721 11.5096 5.98596 
152.822 151.474 153.413 142.068 136.133 156.638 143.12 145.201 132.648 113.486 134.105 266.248 -18.7406 154.373 189.01 -22.0135 165.419 166.518 -5.7094 174.759 173.69 22.7317 170.526 188.613 54.8972 120.62 234.724 48.0097 10.9171 11.2839 5.89791 
151.731 149.883 152.837 141.597 135.512 156.042 141.756 144.8 132.726 113.93 133.823 265.716 -18.8983 154.146 188.949 -21.8985 164.888 166.069 -5.94747 174.204 172.716 22.4877 170.013 187.399 54.5064 120.303 234.191 47.558 10.594 11.0992 5.74172 
150.303 147.624 152.11 141.06 134.386 155.116 140.229 144.233 132.729 114.441 133.461 265.133 -18.9233 153.72 188.798 -21.6608 164.294 165.666 -6.04258 173.554 171.762 22.2871 169.372 186.145 54.1107 119.965 233.732 47.1426 10.1765 10.8762 5.5762 
152.085 149.408 152.401 141.909 134.674 154.759 142.064 143.788 132.315 114.061 132.528 265.103 -19.6669 152.853 187.504 -22.111 163.825 165.623 -6.34565 173.113 171.819 21.7458 169.013 186.209 53.3609 119.865 233.689 46.9357 10.0035 10.8269 5.28983 
152.579 152.848 152.575 143.099 135.812 153.953 144.278 143.492 132.134 114.734 131.8 264.909 -20.0526 152.014 186.209 -22.5812 163.602 165.808 -6.59116 172.908 172.086 21.1358 168.831 185.998 52.5566 119.805 233.83 46.7474 9.42746 10.7259 5.28638 
152.585 156.102 152.616 144.189 137.35 153.28 146.202 143.371 132.022 115.654 131.192 265.044 -20.3522 151.218 185.288 -22.9371 163.374 166.112 -6.82689 172.766 172.543 20.4973 168.786 185.882 51.7818 119.831 234.224 46.5788 8.83889 10.6771 5.48492 
150.783 155.27 151.591 143.104 133.996 152.127 143.991 142.539 131.738 115.668 130.624 264.558 -20.4657 150.572 185.335 -22.6557 162.485 165.74 -6.94082 171.799 171.569 20.3115 167.4 184.63 51.266 119.332 234.03 45.8463 8.16964 10.543 5.28804 
150.257 156.731 151.633 144.273 133.742 152.015 145.057 143.087 132.189 115.889 129.803 264.643 -20.8731 149.326 184.584 -22.7383 161.034 165.231 -7.182 170.581 171.255 19.7187 166.645 184.913 50.5316 119.026 234.383 45.7241 8.40362 10.5166 5.09562 
149.676 158.05 151.715 146.003 133.71 151.92 146.344 144.329 133.079 117.062 128.726 264.257 -21.2069 147.262 183.474 -23.1633 159.074 164.152 -7.46021 169.176 170.711 19.0127 165.937 184.945 49.7071 118.636 234.708 45.6022 8.65024 10.6837 5.25722 
149.516 159.705 152.357 148.477 134.275 152.08 148.422 145.91 134.403 118.815 127.683 263.64 -21.5256 144.806 181.886 -23.6806 157.039 162.786 -7.62815 167.707 169.79 18.4856 165.189 184.573 49.0278 118.169 234.844 45.5536 8.8657 10.8168 5.71426 
149.605 161.68 153.282 151.233 136.659 152.737 150.324 147.408 135.666 120.913 126.615 263.291 -21.9716 142.468 180.63 -24.2092 154.965 161.409 -8.02787 166.207 168.697 17.9264 164.557 183.876 48.2802 117.534 234.691 45.452 9.17383 10.9613 5.95625 
149.658 163.541 154.258 154.543 139.086 153.203 151.887 148.656 136.78 121.785 125.597 262.881 -22.3383 140.237 179.48 -24.6156 152.932 160.12 -8.30663 164.72 167.595 17.4534 163.896 183.537 47.658 116.847 234.441 45.3624 9.83908 11.0839 6.16159 
149.037 164.783 155.197 159.1 142.13 153.346 153.284 149.973 138.364 121.788 125.127 262.675 -22.4718 138.171 178.431 -25.0228 151.002 158.879 -8.41349 163.353 166.376 17.147 163.198 183.467 47.2656 116.248 234.307 45.3082 10.7032 11.1743 6.44825 
148.156 165.633 155.92 166.029 144.903 153.153 154.477 151.258 140.251 120.816 124.559 262.455 -22.4844 136.062 177.497 -25.3651 149.072 157.727 -8.57668 161.98 165.133 16.6866 162.688 184.01 46.8415 115.705 234.261 45.2687 12.1301 11.1204 6.649 
147.517 166.496 156.166 174.46 146.632 153.3 155.839 152.735 142.564 118.751 123.845 262.082 -22.6785 133.565 176.453 -25.8026 146.675 156.367 -8.86765 160.248 163.639 16.2525 161.984 185.181 46.3244 115.146 234.19 45.139 14.386 11.1064 6.81903 
146.413 164.723 157.115 176.651 153.709 153.12 154.593 153.885 145.2 118.563 123.698 261.774 -22.4468 132.512 176.543 -25.5927 145.175 155.136 -9.37241 158.986 161.482 16.3051 161.936 184.32 46.4727 114.789 234.057 44.7171 15.5714 10.8565 6.42424 
145.472 163.873 158.549 174.27 159.112 153.081 153.658 154.987 146.451 118.46 123.562 261.577 -22.4777 131.738 176.704 -25.5013 143.509 153.893 -10.1186 157.927 159.88 16.2811 161.321 183.109 46.3815 114.104 233.573 44.1703 15.8816 11.2697 5.7934 
145.819 162.628 159.117 174.27 161.059 153.575 152.28 155.943 149.231 117.507 123.367 261.742 -22.8912 131.226 177.04 -25.3831 140.967 152.669 -11.3705 156.009 157.618 15.9551 160.055 182.141 46.4207 113.262 233.099 43.63 16.9935 11.5992 4.52394 
146.687 156.883 158.236 174.27 157.772 153.486 150.272 156.459 154.471 115.066 123.364 262.125 -23.211 130.914 177.631 -25.7899 138.633 151.959 -12.5612 152.966 154.901 15.7653 158.536 182.117 46.767 112.478 232.831 43.2477 19.641 10.9789 4.03338 
147.289 148.228 157.493 178.707 148.426 153.137 146.624 156.395 162.671 111.654 123.161 263.167 -23.1898 131.275 179.675 -25.7822 136.63 152.246 -13.154 148.334 152.449 15.0134 156.634 183.006 47.5607 111.711 233.098 43.3077 23.4832 8.8384 4.58077 
147.849 141.824 157.046 162.275 137.956 152.853 144.685 156.348 164.257 108.254 122.745 264.338 -23.0097 131.129 181.146 -25.6134 134.759 152.611 -13.3692 146.535 152.34 15.447 154.763 183.882 48.713 111.236 233.494 43.656 24.3759 9.1954 5.40111 
148.517 138.564 157.343 149.95 130.02 153.086 144.254 156.701 164.586 105.588 122.351 265.647 -22.8968 130.839 182.096 -25.6722 133.287 152.797 -13.6037 145.28 152.513 16.2162 153.196 184.654 49.6445 110.869 233.794 44.0314 24.8959 9.82812 6.14088 
149.067 138.674 159.467 143.289 122.483 152.918 145.377 158.018 167.619 102.434 120.843 267.25 -22.5915 128.917 182.295 -26.5556 130.872 152.49 -13.9467 142.271 151.449 16.591 151.032 185.262 50.7678 110.065 234.223 44.4187 26.4548 9.7187 6.72608 
148.571 140.922 161.616 147.035 118.672 152.485 146.771 158.974 168.955 101.232 119.947 267.865 -22.2689 127.637 181.864 -27.4443 130.099 151.986 -13.9837 140.719 150.199 16.6856 149.974 184.919 51.3598 109.865 234.351 44.5494 26.9832 9.29701 6.95226 
148.088 144.311 163.117 147.949 115.55 152.119 149.066 159.937 169.252 101.019 119 268.371 -21.9869 126.166 181.312 -28.7718 129.804 151.621 -14.1774 139.91 149.577 16.6315 149.134 184.531 51.6509 109.541 234.508 44.5458 26.842 9.06651 7.25127 
148.084 147.88 164.384 148.533 113.729 152.067 151.272 160.869 169.439 101.093 118.007 268.836 -22.028 125.017 180.645 -29.9169 129.415 151.159 -14.5182 139.164 149.029 16.4446 148.384 184.081 51.8463 109.186 234.552 44.4547 26.7816 8.95821 7.54446 
148.885 150.675 164.782 148.342 112.291 152.478 153.107 161.279 169.371 101.023 116.852 269.297 -22.2443 123.852 180.266 -31.1559 129.087 150.964 -15.0863 138.299 148.633 16.0367 147.477 183.61 51.9817 108.697 234.506 44.2953 26.7671 8.80762 7.91976 
