174.84827048561297 179.24150573761585 164.3287063126043 171.34446453036696 171.6101357568918 168.65175539719627 173.91786905205274 169.36675552568022 178.786581926377 179.93896465607276 0.273788163 -0.230820165 0.419391 0.312382718 -0.163044401 0.429817 0.345602494 -0.158032618 0.428717 0.37587722 -0.16430782 0.430751 0.420904518 -0.202592637 0.445035 0.353604537 -0.280845836 0.448314 17.949189406863116 2.206903662859635 11.646998741044431
168.8241679681298 179.8969421903564 179.76970717666617 179.41102906137758 179.45042484601663 165.97993130853922 177.4025997067809 178.06905295199405 177.64042403123386 175.05006194814956 0.275231972 -0.230958673 0.419144 0.333179099 -0.163717377 0.440335 0.361839298 -0.159080489 0.433366 0.39424372 -0.16841792 0.435487 0.426549427 -0.21333125 0.442566 0.36096122 -0.282680484 0.448935 15.349037706772124 7.693481141157457 5.81279391733697
160.36317908563285 173.11323677602954 175.56151843845979 173.0439722793748 179.66266842925714 162.75302560894033 171.26692848675918 173.4899529581633 170.93376060825886 174.95517552848275 0.279772946 -0.230284187 0.419766 0.337482087 -0.161003583 0.433358 0.369854106 -0.162716203 0.433668 0.40446856 -0.171064389 0.435635 0.439274032 -0.217335197 0.444387 0.356356633 -0.281765248 0.448673 17.97940952994223 10.202012973041183 4.6358591574340675
160.9069990488311 175.9653595489659 169.5037989133794 176.37798758561271 158.03829535300264 163.01976771979065 179.98344798895457 177.58590903410925 179.99354216067525 179.89543228566416 0.283948894 -0.231151712 0.411106 0.359969288 -0.167061686 0.450171 0.372039474 -0.161067922 0.432044 0.422440796 -0.176329671 0.443245 0.446610666 -0.22176613 0.440096 0.366014706 -0.283074183 0.448865 17.232928840427864 25.2256177716145 16.901780957386446
165.0351483864197 179.97420242721287 177.9813115732526 179.99918570517306 170.97243381195622 148.3595431957256 176.0635029015836 179.94505722470473 179.99948475756145 179.9543168018471 0.302498007 -0.224361214 0.422777 0.362670043 -0.162650169 0.440978 0.396616408 -0.166966182 0.437364 0.43500966 -0.183895895 0.447212 0.459017486 -0.2307173 0.443084 0.369240291 -0.282656502 0.446949 18.874501378319014 16.587181789078556 7.747440340261736
156.50031752899895 179.46051860800057 179.33043580840712 179.0598404800506 164.0807652848441 156.08147671055488 176.58275155213386 179.96665842047506 179.99752335638522 179.83111463750632 0.307626081 -0.21718371 0.424437 0.372779055 -0.167233242 0.433766 0.412126733 -0.170579815 0.431958 0.432307372 -0.185839475 0.426961 0.448809715 -0.242517749 0.423242 0.366167695 -0.280877644 0.443151 23.006454672857448 5.691001975447509 15.60882766977251
172.87589450158782 179.97050469952768 179.97237031478633 179.9612879952735 177.42739530006628 162.72554145074196 179.95362366361894 179.84615778328902 179.94193525511741 178.97868100833207 0.306520824 -0.220972129 0.423214 0.386853065 -0.166690853 0.427109 0.418195699 -0.177749635 0.427341 0.437852855 -0.198083087 0.422049 0.428328079 -0.244795851 0.399466 0.363113895 -0.281513847 0.43883 21.961024222527872 9.015073458573157 12.627681544871436
162.46057175674147 159.71104504722064 179.7899620174295 179.73160264397825 178.8292910667327 166.46552483811794 179.60595602102765 178.4287553868263 179.61011347564326 178.25183707591975 0.308929288 -0.222924602 0.427966 0.379979816 -0.16626934 0.419613 0.405412958 -0.179854522 0.406374 0.410188614 -0.197554477 0.390186 0.390871959 -0.249790738 0.373941 0.356450255 -0.286087376 0.434455 27.71020637135884 7.637489211108675 9.644100151652356
167.71496604681403 179.7686702424414 179.50165017319136 179.36070225591584 179.01726713934363 168.11046264901012 179.34171585258417 178.04998382816558 177.78976408232583 170.83792756933352 0.297799444 -0.224254509 0.431179 0.361741855 -0.169541362 0.398511 0.378272738 -0.18046914 0.382517 0.376747109 -0.204337195 0.366356 0.299920003 -0.288515837 0.376035 0.354856599 -0.294345603 0.441147 79.5132383179346 17.046320893989247 8.41239868892589
166.4376196684652 179.97026587535953 179.90041330861004 156.5619981500687 179.70516007314313 170.43608582942394 178.41683485772745 179.74518606019862 179.8520499309724 179.63526384755545 0.303376579 -0.23065717 0.440136 0.334343271 -0.162559034 0.379102 0.35083312 -0.171026893 0.363713 0.36557809 -0.197581838 0.35658 0.315475275 -0.243309584 0.331008 0.334473417 -0.286794999 0.422778 51.22818289545992 18.86393729203779 10.883139626333216
167.33627101109678 179.98248721215796 179.94021031262795 179.92330403751492 177.3003098030273 175.6032347372817 179.97700261512037 179.9186921654766 179.89968497625858 175.37721014329907 0.288203431 -0.22172649 0.434393 0.304309703 -0.150913641 0.36695 0.293181449 -0.164220948 0.334078 0.281901955 -0.188774428 0.31756 0.243379604 -0.243384612 0.315202 0.31710799 -0.282538928 0.419195 32.95106587240524 9.424503204698311 11.177670484287784
167.5627018012925 179.98136010635875 179.96575642950725 179.9443765900669 177.32846384997936 174.64883243161128 179.97398079957054 179.95690835905194 179.930087989709 175.3927446522066 0.26645673 -0.221204832 0.433371 0.268026493 -0.148038884 0.361928 0.272141925 -0.164237662 0.334112 0.261443818 -0.189217296 0.318305 0.224161642 -0.245173693 0.317519 0.297221081 -0.283608571 0.420782 32.7025975222768 9.324781587005484 10.2692388314309
167.54827922117377 167.9977122805098 158.51579509074156 168.78790019002432 168.7421428223187 174.3340831971258 130.421263383303 127.4857289996824 135.74211468386568 179.3923286832701 0.270565512 -0.224604488 0.439717 0.228367833 -0.190670288 0.343234 0.222565103 -0.203151786 0.336074 0.219569111 -0.214245474 0.323732 0.207553424 -0.264231317 0.330511 0.305770336 -0.291412574 0.432209 7.034353399942079 8.496712732504566 5.958764636983163
164.9348520900875 157.20733476571345 147.91144821654237 173.9405381629547 168.9857131201835 163.89282205042485 179.9589175085591 178.9414040805145 145.7446076998017 179.51745244972787 0.262401234 -0.227527144 0.443012 0.19672982 -0.178197236 0.343904 0.192471959 -0.181263195 0.336065 0.199011625 -0.205580595 0.318113 0.192868507 -0.258234791 0.328099 0.294966919 -0.286695106 0.429981 3.716685122134772 8.067988953001823 4.4794226766379115
161.37419465176234 179.9668578246972 176.9668881372752 158.78110630575225 170.09965262721911 165.54214396296175 178.71558168900242 178.71040584087356 177.57464686082824 179.57523726328705 0.269225745 -0.226860106 0.444371 0.20221817 -0.167090104 0.364703 0.191709043 -0.179222628 0.335575 0.189696672 -0.210044515 0.326941 0.200051285 -0.260170447 0.335033 0.298979587 -0.288224356 0.434931 6.8506747270506585 11.88285359175816 6.901606935038468
167.67769424354944 177.9644209278224 179.92410981429052 158.02722272778328 174.48049598649376 160.9162341384041 175.1796726031329 179.8988596048615 179.97210556643927 179.61716636096926 0.271323473 -0.227395351 0.448768 0.197599408 -0.171030767 0.370546 0.191453355 -0.178501421 0.340252 0.190029638 -0.209791464 0.329271 0.205118128 -0.256923638 0.337325 0.300817198 -0.28878053 0.437465 2.809683252302966 13.13283659684783 6.947557521862332
