167.22841189718233 166.15108753245497 177.61775961404882 149.8633815950572 164.99681367383326 172.37793429870422 178.20473657339218 16.347474009438827 6.370415744063576 41.41808302475232 0.36228277 -0.23647012 0.529455 0.38422803 -0.1600212 0.545354 0.4115806 -0.2488546 0.53822 0.429636 -0.25022672 0.544478 0.47275455 -0.27460263 0.551418 0.44764375 -0.29411375 0.572409 14.094273560443224 9.882130959451539 130.19120184365127
168.98232142252078 179.6310473251118 170.13076329989892 160.91629399138802 158.82285461102424 167.83189435564265 176.10718765387077 12.364686802842142 33.70524481162786 52.61528044177438 0.36168658 -0.23179668 0.539376 0.38134294 -0.14404492 0.523672 0.40269547 -0.21597516 0.535646 0.41466899 -0.25488424 0.537544 0.45972752 -0.27298846 0.537132 0.44102606 -0.28808686 0.56599 22.61233788610416 8.876437506872037 147.6842793675201
166.7293679799555 177.1717742530206 171.54245412881747 140.7334428159613 174.92056791464054 174.4417981520233 176.2427195255542 8.879558922739431 13.305135102015837 62.336598094770956 0.36364916 -0.22684555 0.547256 0.38167564 -0.19515505 0.49351 0.44174094 -0.23655516 0.555839 0.46328983 -0.26170905 0.557696 0.48069076 -0.31112256 0.560145 0.45234242 -0.29611035 0.582341 11.73558160777037 13.040204918276446 154.64091769871243
168.33830323488837 176.38288026083706 174.32461305600074 154.97307950431875 171.7353693987521 175.09642655584645 158.29950059254767 4.871696124039868 9.485608042797953 55.71138707115488 0.37382504 -0.21518886 0.542124 0.37845826 -0.17751276 0.474326 0.43964912 -0.22966127 0.539514 0.46341447 -0.25024495 0.543445 0.47989838 -0.30068292 0.547124 0.45084056 -0.29496129 0.577492 12.964568957994718 14.919727380495154 148.34665230621948
166.93193008248758 176.4317832512733 173.07565418783682 152.12810218411298 170.0035690675646 170.79568147289274 156.8065611495693 5.765078170587182 10.591277916014905 59.048415527906656 0.40108089 -0.20828954 0.541569 0.40424661 -0.18404933 0.4737 0.46087115 -0.23885457 0.539211 0.47971904 -0.2638266 0.543417 0.48179473 -0.31671886 0.547426 0.45784363 -0.29727562 0.577364 15.963701831046608 16.804596397451814 145.2182041010624
166.2734584480181 177.11227590784833 171.47476609107332 156.65416019552254 169.0882870036294 165.12572724702366 158.61201462922438 17.90786886699837 18.231752084335255 59.771007123215895 0.42465739 -0.22337384 0.555428 0.40201794 -0.19878272 0.478175 0.46175189 -0.25312158 0.540177 0.46835581 -0.27890812 0.542992 0.48110573 -0.32930243 0.544325 0.47962711 -0.30880513 0.582279 13.191183249037527 11.595643364209753 132.9552818163264
158.69795398649075 179.70122659620637 170.90305624554006 153.369706328769 24.87141998070162 168.2259768309144 166.82377773931415 20.910708023692855 19.59877840654551 141.62725631706087 0.4506964 -0.21093614 0.577614 0.45517772 -0.16002245 0.500517 0.48052848 -0.25350371 0.550576 0.48253483 -0.27096307 0.55052 0.50917053 -0.25188743 0.527925 0.48480619 -0.30127278 0.584196 58.47052406309941 24.620974271587166 153.78480333387537
151.91048883747627 179.7276512646177 28.310734617291892 37.3313635573348 49.12341255883949 164.82625373570437 179.6100738380549 164.12569387316603 179.52861798291443 143.37273881995253 0.49046144 -0.2238382 0.599245 0.49544713 -0.16397765 0.512862 0.52667672 -0.20384485 0.526719 0.51702413 -0.21698791 0.520178 0.52208328 -0.24791522 0.524838 0.50904822 -0.30550542 0.585724 25.68499764745456 15.07862202458216 22.684052246216464
164.05060774101005 177.32364647112485 74.4108589438282 27.10827015687635 86.78756033075886 175.30696855058153 92.78536539618001 179.01761502349626 178.99912614109644 109.03686967018993 0.55619936 -0.21432575 0.571369 0.55397234 -0.17666198 0.546867 0.54329809 -0.1923614 0.519186 0.54842836 -0.22302232 0.52516 0.55431569 -0.26093392 0.52841 0.54666268 -0.29264444 0.578368 68.77233971219951 41.56871763212549 61.33777211861233
166.02683719065305 175.9064479023741 119.01204051592498 179.43929720063076 179.37740792430665 177.08237775994135 125.732336121349 141.58008630671898 179.27905253548258 179.17328286115398 0.53081749 -0.21812833 0.587201 0.508079 -0.17023104 0.513391 0.47020539 -0.25736706 0.51124 0.52459487 -0.16400003 0.501558 0.53298909 -0.21096054 0.491676 0.53999796 -0.2904851 0.569515 9.989839911231215 105.2030955230421 65.0453962698757
162.59809573159686 156.58409976759066 109.03130750697318 163.555242045382 141.6877821464997 172.33989219579027 179.79832902132347 114.69295656838366 179.73939109980734 179.9853084123062 0.53412273 -0.22990617 0.576656 0.5234487 -0.16035523 0.501221 0.50574196 -0.20568838 0.4994 0.5301975 -0.16858992 0.474287 0.52627986 -0.20636132 0.469553 0.54376513 -0.30179098 0.556002 9.636042750962682 73.95864803890072 64.29315717526651
166.27836359498934 140.33610228738328 135.87619182883736 172.20632254268514 136.2498942418829 172.34578381453252 179.97595746514554 179.95328626982575 166.85292070154006 179.97658308952893 0.5270032 -0.21852228 0.557552 0.51828138 -0.15516234 0.49125 0.52681274 -0.16348109 0.481648 0.52133587 -0.1745453 0.456001 0.52314046 -0.21627753 0.45661 0.54001461 -0.29840639 0.549541 7.637280029570811 16.50769731227219 16.298253410998047
168.0365183450076 157.9860431211719 174.63020705609318 176.14070870064782 170.12897014537015 169.23279043013795 175.41107201951112 165.88758456921406 168.046353282077 176.8797560588015 0.52939062 -0.21991245 0.556521 0.52185928 -0.15330677 0.48667 0.52127952 -0.1584683 0.464775 0.52411962 -0.17514322 0.456216 0.53226882 -0.21325034 0.457179 0.54446479 -0.29993111 0.548297 6.575445207476141 2.2733841924273475 2.370214132859254
167.5538136382938 176.8293652016715 173.8694458926134 160.07556929626463 138.3822881226156 171.819488006746 147.9095279581163 174.60384977998143 171.921819745074 174.90305107702403 0.54849879 -0.22563397 0.562259 0.52327214 -0.15606041 0.48314 0.52109329 -0.15682397 0.461711 0.53980583 -0.17617678 0.456845 0.53299309 -0.21739822 0.450989 0.54675304 -0.30055861 0.543854 12.335021248883647 3.438523043872656 12.285629766434873
156.64479123633407 172.72464605675071 179.94240098902932 174.8648513532111 141.67205984275557 176.656813752991 171.40566119289994 179.5893336110316 176.97694842663438 177.99097098433845 0.52943668 -0.21182499 0.546756 0.54725723 -0.14852958 0.483754 0.54344635 -0.16032718 0.454108 0.56310935 -0.17755386 0.465151 0.55172041 -0.22219015 0.459236 0.55096842 -0.2988802 0.542094 16.7059637397398 14.927755806044424 9.048145314012574
169.09107017444214 179.78910506765143 149.75136013260564 179.5846848745966 128.8259827789851 173.2761816141845 166.31953601169036 179.8309175332208 179.64500401723464 179.75159488549778 0.54078099 -0.21417236 0.54651 0.53988465 -0.15022792 0.470785 0.53658096 -0.15990495 0.450869 0.55835011 -0.17480211 0.450838 0.54546801 -0.21951403 0.449534 0.55268806 -0.29622453 0.537401 24.671809728414736 19.211226568161962 4.539760406833429
164.036750119012 179.80825525740087 173.0097410988113 178.0699534239072 138.1694991514137 170.8070002220136 166.60364480314377 175.16389474057286 177.06303703055795 179.71831638608973 0.54597743 -0.22393147 0.543652 0.53560238 -0.1611204 0.466236 0.53156137 -0.16284201 0.44868 0.54125469 -0.18597977 0.440543 0.53679476 -0.23061364 0.442836 0.55817798 -0.30792423 0.538271 15.942444933430716 7.07597585052218 2.993677864419111
172.77351288145744 176.36147731993583 179.84074780925351 179.55763618530654 139.38562361826362 178.4309162841241 164.04921986933522 170.26890883391616 177.87869293217915 177.76989873663095 0.54282062 -0.22527617 0.539441 0.53409494 -0.16264207 0.463396 0.52485452 -0.16979029 0.439516 0.53952431 -0.19038011 0.432896 0.53196803 -0.23465566 0.434195 0.55334871 -0.30874175 0.533995 20.180632638856864 12.337694220579376 4.806807138085409
175.50081731768356 172.7388731748527 172.25412656555434 179.92965266987088 176.3766889752816 169.12980328709568 161.0734793895477 167.31260287010437 179.17063081706897 173.80948630859 0.54242903 -0.2250772 0.538089 0.5279712 -0.16519442 0.457142 0.51936934 -0.17089589 0.435104 0.53077984 -0.19492804 0.430198 0.51528892 -0.23805164 0.430964 0.54868201 -0.31142178 0.533014 15.691471633033078 10.881238554134738 2.5128352834610945
170.0427303792202 179.9533677750961 179.94839397116513 179.9779487984523 179.98855210655591 173.06222633159325 173.36982736365763 169.60081400048074 179.9702398692842 178.4021871514556 0.52605634 -0.21808054 0.527159 0.49949368 -0.16420078 0.437887 0.49748908 -0.17046509 0.421841 0.50921908 -0.19464884 0.415062 0.50610881 -0.23978155 0.418206 0.53861397 -0.30843312 0.527093 6.753906882414716 11.646279633817068 0.24995814000802238
170.99800358736198 179.9974156015767 179.94631601732016 179.9976548187645 179.99554470112955 174.95269493489346 179.8870361429997 179.93021109860953 179.99436207604492 179.9944966727358 0.51190791 -0.2182104 0.51891 0.47838187 -0.16471937 0.427051 0.4761141 -0.17030488 0.410757 0.48900249 -0.19602351 0.405558 0.48404537 -0.24170129 0.40928 0.52869558 -0.30750328 0.520844 7.415034416499865 6.764456779822212 2.966981171031374
161.0621938242815 179.9673635995069 179.93665059687729 179.97246946012848 179.9980909305116 169.2201658263414 179.95441669243687 179.91445817425236 179.95894000144284 179.99930194409575 0.50701796 -0.22390372 0.525183 0.45527482 -0.15934453 0.416673 0.45143566 -0.16714836 0.397578 0.46501145 -0.19089671 0.393057 0.45487355 -0.23655378 0.395432 0.50703025 -0.30823744 0.508522 9.486263922698182 6.757583023836676 2.6457793646618253
166.9951664650224 179.97579257859934 165.7295935779244 179.97729815874013 179.96175626717735 176.43844283324333 179.97019135016495 159.736951119582 179.96594114115803 178.46591534731854 0.48770605 -0.21667846 0.518253 0.43111317 -0.16276863 0.410203 0.42462137 -0.17018716 0.396579 0.44435562 -0.19171245 0.389877 0.43164001 -0.2351055 0.393135 0.48246747 -0.30282486 0.504867 9.790496846816952 22.89573026704703 10.613311367130772
169.55063038765752 179.99271337568817 166.0941113725628 179.9914318320315 179.98386323357434 172.41621230743343 175.53123709903144 155.1910464694292 179.9883995862402 179.97557125705103 0.4617161 -0.2195073 0.505825 0.40795305 -0.16075733 0.408093 0.40262227 -0.16995896 0.395676 0.41630203 -0.1917413 0.38361 0.40554105 -0.23181807 0.389523 0.46901712 -0.30616229 0.503386 9.482462075771592 21.08396425426958 11.759484650292984
164.15555257790697 179.97526008879083 169.5427381629477 179.9971823323857 174.63307794443742 170.24030258056848 171.69914904012802 145.42302572896628 179.97890426472455 179.42280091916956 0.46011384 -0.21895334 0.507689 0.40438433 -0.15692834 0.405022 0.38178266 -0.16634985 0.390304 0.39005991 -0.18436363 0.374742 0.39858185 -0.22772628 0.380582 0.46136062 -0.30206282 0.497654 3.43239329703992 22.16424275392176 20.21383467081629
168.24177475184158 179.97952362771449 156.59757036349046 179.9857876914315 179.99094082814375 176.58111933685214 179.9662457139323 179.94202798643505 179.88878775407525 176.92817511876757 0.43924371 -0.20369438 0.503322 0.37953415 -0.14510138 0.39893 0.3632543 -0.14924881 0.386276 0.37488397 -0.17772287 0.36887 0.38475652 -0.22469999 0.374434 0.4443635 -0.28843957 0.49378 6.536000664125499 12.252160885690428 7.793170765676409
160.43228053853593 130.84049652706082 160.02137485620636 140.61598097135175 168.0861751500727 165.4503592566125 108.22344911460566 108.40232599670655 176.0877968937961 97.59865700767152 0.43139987 -0.21666106 0.508809 0.39132523 -0.22889405 0.454475 0.37359139 -0.20790816 0.43887 0.37520051 -0.18146215 0.435327 0.35489798 -0.21451802 0.41325 0.38753713 -0.26543682 0.461018 54.85826358663699 48.066024962896016 24.361345126384563
156.4074146772352 166.63040734797008 156.75807390362485 149.12507571115995 179.83040050641924 171.27469152319472 83.7248344493212 126.80975127900295 179.90910317655593 179.65910076436103 0.40793936 -0.20987487 0.510213 0.38404828 -0.22862675 0.466493 0.34201215 -0.19279626 0.420942 0.36015687 -0.15166459 0.413272 0.35108199 -0.16602515 0.398349 0.40752606 -0.27213667 0.468839 12.28038125663624 57.042216287216576 57.18519556121522
169.03623674536433 106.45474165554397 169.099422441842 167.362661153906 158.11104793930818 163.21396351781618 120.83479378101372 133.7122878964821 177.60820574861336 178.17519986767948 0.38563822 -0.2147438 0.498698 0.35135315 -0.22750648 0.436635 0.34791578 -0.24227352 0.415057 0.34049485 -0.29767665 0.428677 0.37335732 -0.31567677 0.448818 0.44555648 -0.31215986 0.539789 1.4772535565434746 2.4663702618407246 30.128448706941818
166.30155695707407 74.75616265587514 166.55427837538645 160.04274900872974 155.7114169468335 166.0266394335865 112.36977953293618 154.21628593542422 178.3704699887293 179.0374731148251 0.34852256 -0.20261941 0.443814 0.34441172 -0.23196568 0.444375 0.33075093 -0.2470899 0.413024 0.32715471 -0.28983512 0.425397 0.36043646 -0.31455909 0.456791 0.40288837 -0.28396504 0.516439 0.45757214061388146 10.171978671196857 136.6205681070972
165.87077884555615 86.6578950878511 157.33649590720293 161.05610161907617 161.28777983954632 165.40502113446846 114.56047406251929 156.74429339909355 178.4174302146508 164.36258902427926 0.34654461 -0.20129491 0.441572 0.34700292 -0.235627 0.444944 0.32909465 -0.24311589 0.412422 0.32709397 -0.28922514 0.424846 0.35751944 -0.28079943 0.457057 0.40132066 -0.28245427 0.514927 31.774414274709006 18.515092734526064 98.94994146235133
162.10953585733262 117.98173673782587 121.95816866266831 164.02267106427874 156.11306352675004 165.99422802706286 141.31796645854925 154.8578437277668 177.50284785199995 162.9782439443886 0.3450616 -0.21830447 0.438361 0.32701313 -0.24852489 0.42689 0.31989587 -0.23569426 0.416007 0.31995942 -0.29007105 0.428424 0.3534462 -0.27300953 0.462181 0.38997262 -0.27965762 0.514405 38.856127102751856 37.824387189158415 90.00494773591231
163.28641410224358 140.13758143348238 146.68913203152638 169.24712450628974 155.09333440733454 164.08510659415276 116.82218856628222 164.0805934447291 177.30255068166667 158.9616719735781 0.32058912 -0.21666978 0.430885 0.30105759 -0.25741478 0.43135 0.29540113 -0.24519527 0.40573 0.30170311 -0.28409952 0.418246 0.33635247 -0.26900202 0.453817 0.37331331 -0.27734717 0.509023 37.37752550486579 14.812063201496958 91.11034470529071
163.34667552477345 139.54713739126404 145.92335183585925 169.50867292092312 154.69954875465015 165.08012144647287 118.46592445020673 164.4255662065137 177.36696814604304 158.8642576904322 0.30984947 -0.21675224 0.431049 0.28967332 -0.25711222 0.430843 0.28537474 -0.24465318 0.404833 0.29138077 -0.28349837 0.417361 0.32564411 -0.26848336 0.452942 0.36250624 -0.27740656 0.509132 37.51576564842599 14.97700268907628 90.58717785276069
163.2684243479776 139.47367271209416 140.71770148147945 169.68542548180133 154.09967720652165 165.09744653540008 119.68825097437117 163.71937751436144 177.42592574410617 158.64778453613727 0.29919031 -0.21689908 0.431341 0.27884143 -0.25729543 0.43115 0.27518557 -0.24316176 0.405352 0.28204174 -0.28384548 0.417872 0.31598419 -0.2688236 0.453516 0.3519217 -0.27764521 0.50957 37.94416567789902 18.913467808500478 93.74048752939156
160.07961437963155 145.53090741377022 138.32545639002097 163.89748282524255 153.55845877445873 166.75623868256628 111.24211230159649 154.08180490546837 175.79488960587608 154.0301337241814 0.30455641 -0.2292511 0.44737 0.29739159 -0.27765823 0.456907 0.29400237 -0.265846 0.443555 0.30561256 -0.30722383 0.455379 0.3314269 -0.28930809 0.491483 0.34579373 -0.28526285 0.526295 42.70788575487939 22.48928739836195 93.30044101688627
170.27937794827739 46.77705440873132 85.76455506909689 139.35637674986143 149.02614934122465 174.44090894851433 170.5104767600485 107.59039051226841 138.39676709023402 159.39121976051715 0.23750178 -0.22918603 0.416811 0.24027414 -0.1704505 0.399345 0.27950231 -0.18896481 0.427 0.29394212 -0.23879475 0.426155 0.31182566 -0.25114376 0.453343 0.32156309 -0.28101469 0.493411 20.932788183051592 64.18751764946789 77.74492771699802
160.18010376458543 66.9757343745852 140.7600526385359 88.10604803853323 105.22468739908074 175.18651224190253 166.58024674451147 179.0469519023612 157.03951808323984 169.61210777329697 0.22671408 -0.23391092 0.436083 0.19973637 -0.17329605 0.420168 0.21298502 -0.12420878 0.410044 0.25086153 -0.24535658 0.420874 0.25615191 -0.24561545 0.429353 0.29423119 -0.26695377 0.482253 37.33469185773431 110.58286358619347 54.40408347200718
165.54009594666343 54.68695442696227 151.09354759632214 99.94353505022083 121.12281773054382 175.61777516576075 158.9786347174805 139.40669186796364 153.53755588838797 169.58219663982524 0.21451884 -0.22672322 0.432002 0.21602691 -0.14161838 0.436685 0.1846672 -0.15521945 0.370015 0.21465092 -0.2143477 0.395198 0.23392371 -0.23254058 0.408197 0.28448935 -0.26204292 0.479634 21.448409918419557 39.6444701505728 79.22575294793614
164.9442800966403 66.08746587964269 104.1146562722066 102.15060299938719 121.7782984386178 164.06681975711217 125.38789894254982 122.69148422935267 179.5505882310201 164.30790023136623 0.21151918 -0.22755732 0.431687 0.20087337 -0.15434426 0.436105 0.18580351 -0.16757036 0.381787 0.19642168 -0.22502289 0.390956 0.2237993 -0.22850059 0.404696 0.27301806 -0.25863155 0.478612 4.739601702216177 6.183334233577235 57.51279915428119
162.44754487656786 59.18601418717696 104.61380755952669 101.01709995752239 117.6929288916444 165.04805953074782 134.76175066681165 120.51862489491687 179.67095868611705 161.9818050256136 0.2083431 -0.22647522 0.429194 0.19359266 -0.15227666 0.430755 0.18806154 -0.17351614 0.386485 0.19726401 -0.22715121 0.39585 0.22756371 -0.23235731 0.41063 0.27098281 -0.26114398 0.480726 4.22381828120824 9.403247605608243 62.796484547093996
161.6570676580401 72.36820932178114 100.67222346912756 99.969134164913 113.03080901448365 154.07409843869675 133.17867326881924 131.47368196444663 179.8103399571221 157.9642621112346 0.20346235 -0.23378875 0.424786 0.18207496 -0.15291279 0.434814 0.17233883 -0.16717402 0.390655 0.18589453 -0.22859116 0.400129 0.21969521 -0.23558994 0.415646 0.25604376 -0.26321925 0.482 8.21978697118971 7.757158876885756 51.03491203720325
165.6226118354109 66.31865281032258 95.47581062815009 93.97823718822092 118.68106668333594 174.63237874917576 178.38475255799491 134.1570243010016 179.61202950118354 164.77284966593334 0.19575822 -0.23577415 0.428373 0.16345346 -0.15216057 0.416185 0.1715283 -0.16965157 0.38926 0.19125974 -0.22795145 0.398741 0.21725395 -0.23322548 0.413994 0.26364136 -0.26428037 0.484184 7.790700945636363 9.544087576618285 61.05448140321047
165.54208505340947 68.66400665699283 96.9014392437618 100.84667284021111 123.29720636754412 170.76080397365473 179.4692680415921 133.97908265362187 175.4069355335747 169.83455059287763 0.18521675 -0.23657883 0.429835 0.15261252 -0.15233094 0.416651 0.16098413 -0.17254205 0.388875 0.18295032 -0.22764712 0.398361 0.20558379 -0.23154884 0.413549 0.25568638 -0.26469476 0.485038 13.815527421767257 6.021796173606308 63.48870927044523
166.25186460180046 70.74723480602779 97.1733085982159 99.56206629704783 122.38585143225289 169.93864963289954 179.4705786773049 133.89767138037718 179.04639615143557 169.14555250761592 0.17396349 -0.23697658 0.432857 0.14250861 -0.15300967 0.418009 0.15158481 -0.17309416 0.389934 0.17112655 -0.22819533 0.399309 0.19619251 -0.23175542 0.413997 0.24380872 -0.26508098 0.486137 11.192567542138995 6.440339397600106 63.00193124683557
167.78955051553382 78.46314980754187 90.42151727170688 92.17851956976529 121.80475929758776 158.57307268404722 152.5461395810114 129.7009715050205 127.06173378969255 176.458225917757 0.17963384 -0.24715386 0.43417 0.1418 -0.16103155 0.42923 0.14872813 -0.1740847 0.396525 0.17570849 -0.21219326 0.404295 0.17297471 -0.23787251 0.412797 0.23781266 -0.26415219 0.481896 44.22304490107517 33.752367993098254 40.54895592977675
154.20364150663332 82.14192835936451 102.72758852120596 96.7343492294207 135.51529229210365 160.85823293696967 155.48404194763555 137.85805106020308 166.84690464397076 179.0629575077741 0.18533977 -0.2637601 0.453415 0.1545381 -0.15591345 0.439966 0.13914537 -0.17298404 0.398779 0.13874928 -0.18101631 0.404655 0.15801198 -0.24114823 0.406209 0.23526108 -0.26758061 0.481804 12.631306415006039 15.129569758424465 45.783455620439085
152.63360648870344 82.22535906732729 99.19769026098896 101.9499749349866 137.42404220888818 161.8344280098371 162.68143883018743 137.88552250396774 161.9029878967583 179.07442198456923 0.18585905 -0.26889215 0.458796 0.15269191 -0.15440288 0.439173 0.13659816 -0.17426782 0.397168 0.13615527 -0.18254417 0.403068 0.155977 -0.2421097 0.404717 0.2352017 -0.2697036 0.482938 12.182248864825038 14.850160481211947 49.18271246304968
151.6509007845068 80.77945041545469 100.0120848405044 98.44981382065487 138.29161681345585 162.3042811218129 165.11524571061818 133.03142008471124 166.99480610188837 178.677287343251 0.18622847 -0.27157769 0.462146 0.15164427 -0.15442421 0.439841 0.13242483 -0.17858009 0.395451 0.13426274 -0.18269103 0.40149 0.15512689 -0.24201511 0.403633 0.2349969 -0.27075557 0.483465 14.138763930706736 18.30641633197383 55.34675083223422
158.47844551843772 85.43243802119531 99.63051973031881 98.18701508597181 137.62800882402624 163.91791414977112 155.78738072256635 134.48348807478334 166.98383290358166 178.39843291897716 0.17673542 -0.26665715 0.463238 0.14488271 -0.15795077 0.436275 0.13199345 -0.17974854 0.395759 0.13368356 -0.18325879 0.401791 0.1550106 -0.24245128 0.403896 0.23457412 -0.27103956 0.483163 13.946339776687786 18.77439960561922 47.772902351378754
157.75372259063744 90.66764908894757 100.84420174881349 99.66388985042862 139.9017218419429 169.7834933685532 154.97513136217083 138.70680745215145 167.90600960766847 178.6239006414218 0.17339657 -0.26914948 0.465847 0.14059772 -0.16065977 0.433261 0.13019566 -0.18126916 0.393553 0.12994402 -0.19525418 0.399926 0.15430551 -0.24246765 0.403216 0.23510415 -0.27350599 0.484696 3.905612639000726 12.57726703969232 46.69065867351621
127.40314445244795 113.63783190265356 114.21422361653644 98.8027230171811 122.04321410934928 171.16857061046363 155.16284621901698 177.7749275401323 162.98258571219574 176.4751969781012 0.17618701 -0.28564097 0.47456 0.1298038 -0.16975002 0.434269 0.10752979 -0.18519214 0.390773 0.14404261 -0.24506832 0.397668 0.15624443 -0.24251574 0.402994 0.23513699 -0.28161817 0.490559 35.60734868427947 52.73551081381641 24.649176201113917
146.89249691687425 163.54751402934212 140.28443194989012 79.4356273057306 85.4991790969719 176.9709135488021 178.86091340012277 158.5232031112448 128.18127248277054 147.76842734336046 0.22233522 -0.21790796 0.514186 0.12600934 -0.16337865 0.421911 0.12120332 -0.18096523 0.409687 0.16756446 -0.22687968 0.413095 0.17225887 -0.24865937 0.408785 0.23979938 -0.28156155 0.49623 19.671961054691533 80.93663885999639 20.82413922760188
150.5817971866642 164.28166299108784 147.37218362773245 87.71751953966707 101.66566035126804 176.85769815263782 178.56028649684353 158.56869203912456 128.52841105266467 147.85225733453018 0.22067783 -0.21628357 0.510353 0.12530028 -0.16199415 0.419648 0.11992173 -0.17905172 0.405355 0.16588271 -0.22460262 0.408949 0.1715463 -0.24763076 0.407094 0.24090762 -0.28311854 0.498685 18.03956419310393 72.33448918699771 19.414822976394547
146.42469975979753 177.9718772678745 121.42980882784788 140.12594007532215 93.82964470332091 176.33904651957826 155.29407359325143 179.96050133534598 160.68000270047486 168.93916356830994 0.22631819 -0.22164856 0.519914 0.13012472 -0.16436325 0.428487 0.12319811 -0.22732462 0.406471 0.12938043 -0.22199642 0.39734 0.16898175 -0.24991631 0.413606 0.24152907 -0.28398625 0.499794 14.61491590198064 3.389916432270409 27.35001220354749
144.90950342947605 174.30334179212292 121.64156538514402 154.23985031694818 138.64218643968184 172.77181570230684 156.1146019745736 179.57962412917968 163.2065156075102 166.2927326698319 0.22870412 -0.22251287 0.521594 0.12847945 -0.16538498 0.428399 0.12155527 -0.22495656 0.406532 0.12074052 -0.21583571 0.397564 0.164176 -0.24743768 0.413287 0.24113577 -0.28354517 0.49898 12.65469611951554 4.823210271172534 24.478388916262425
134.25648085999683 166.1127811791916 144.61920132239104 176.65528397738547 178.50029888602825 147.86046419602525 170.96579664791517 178.3247768070695 179.4387988159115 178.91181079287313 0.24139866 -0.21901416 0.522153 0.12913301 -0.16094183 0.422541 0.12354337 -0.16802285 0.413402 0.11808967 -0.17699607 0.404601 0.13146665 -0.22910075 0.409476 0.24062325 -0.28003161 0.494599 15.737916870353924 6.518867552740059 3.2966492740815214
129.4577638808023 170.2607190004549 146.7220409639449 179.30678659566925 177.97279886610468 141.46392728145096 173.5739808521456 177.84565847892873 179.86959816573454 179.12297395744818 0.24510857 -0.21752012 0.523779 0.13783711 -0.15914006 0.429869 0.1245921 -0.16765849 0.41528 0.1182321 -0.17643645 0.405497 0.13298302 -0.23006804 0.412503 0.25138636 -0.27729125 0.497267 15.378508532962586 6.361528856478457 3.5312806995323385
124.48772181571279 151.40033511676052 167.46099240708998 155.51864758317856 156.18669450058508 140.35583539812976 175.44379884115847 176.92533314802688 131.48483659604213 169.96802829211956 0.25503914 -0.21736597 0.529946 0.15231193 -0.15447899 0.450124 0.12499633 -0.16818446 0.422385 0.1521319 -0.24810348 0.424731 0.13209576 -0.23276091 0.427196 0.2569161 -0.28363659 0.508429 43.69804097848139 51.65320254170594 8.502335847424687
129.2412743770603 162.31406080043303 167.3152915998666 154.06436129821682 157.95425097268517 138.83303642207255 179.9363429818431 178.04449409126912 179.050173324352 170.66785087303032 0.26606858 -0.22061706 0.537116 0.16251335 -0.15314806 0.444999 0.12594776 -0.16132409 0.419505 0.13075671 -0.18432438 0.420388 0.13288797 -0.2278372 0.419964 0.25851286 -0.28405462 0.507946 9.832428442310588 4.177087484343423 3.2500463286743795
144.62412084709013 137.9719249211719 152.1039052542927 155.18638135720224 160.12289674190274 151.04039199706583 179.847268833403 178.13254551240277 174.11735076748718 169.13901851293323 0.27004139 -0.2117602 0.537344 0.17301156 -0.15909246 0.463971 0.14336637 -0.1579373 0.432624 0.13077386 -0.17550161 0.417135 0.13177386 -0.21556558 0.417008 0.26311411 -0.28006091 0.509025 1.4750690567576077 4.214587298117597 7.067104732235633
144.67914608638182 138.2272911942585 156.6784800209348 157.96337357562987 162.5554356526595 147.62533829458346 179.868626890873 179.4149516248215 179.96299052548343 175.95638218963435 0.269668 -0.21060744 0.534912 0.17437248 -0.15804608 0.463545 0.14235869 -0.15553862 0.429993 0.13280038 -0.17328929 0.416951 0.134682 -0.2105069 0.415111 0.26424415 -0.27887082 0.507928 0.325498021777415 3.984990316614509 7.310561692921288
149.4733411989905 133.54451668191948 119.55276746224297 156.60792035839583 148.38398121981768 152.8692151726875 179.74201780319592 149.92781443179186 179.18839148371393 179.88725016869117 0.27219522 -0.20273136 0.53724 0.18075268 -0.15664144 0.465205 0.16949038 -0.17774064 0.43018 0.14446416 -0.16349983 0.422521 0.1602484 -0.18963959 0.429777 0.26890905 -0.27583575 0.508962 7.795644696753167 31.544020768204835 27.206601637236673
158.1628181341933 131.15105052163761 121.1929360436649 127.86325313905914 151.13635155336542 164.56759994024466 178.84183048428423 140.0996906422071 136.37247701632495 165.27544221176686 0.27367388 -0.18757988 0.537193 0.18467374 -0.13786739 0.466724 0.16852947 -0.16203186 0.430046 0.16872286 -0.16727494 0.418912 0.16183942 -0.16950631 0.42622 0.27080023 -0.25280385 0.505217 34.70689626040087 9.96021251369678 36.28627526040452
158.01051761000858 131.40959544529585 133.6925620074117 129.35713446853478 151.10255844613135 165.1605043481927 178.82988356192618 144.0306229775899 135.94490424022567 165.13681149181596 0.28377396 -0.18724467 0.536233 0.19453197 -0.13761335 0.465864 0.17092154 -0.15981319 0.429461 0.17831391 -0.16701939 0.418272 0.1719094 -0.16921957 0.425499 0.28109032 -0.25250362 0.504617 34.2722536990173 5.9275133281278425 30.068157184371056
158.88277066906954 132.85710190251405 140.6379455987136 131.47500752139769 151.34406696092643 165.59190082752846 178.815700912393 144.46514175494272 135.27544892736205 164.98748712069323 0.29455033 -0.18638287 0.534954 0.20472138 -0.13602076 0.462761 0.18436523 -0.15139436 0.42602 0.18900885 -0.16640808 0.417273 0.18291182 -0.16825589 0.423605 0.29232667 -0.25259608 0.504695 33.425991042376516 3.1113726375566233 21.607914743183546
162.44771727947787 133.05422742826 141.6687764072379 132.6974897290009 151.19402199879164 165.6377666593059 178.8039058626819 144.10239924923687 134.72651943371108 164.78565129745016 0.30943981 -0.18624256 0.535813 0.21616833 -0.13694416 0.464525 0.19544976 -0.15228986 0.427739 0.20014156 -0.16733146 0.419064 0.19447977 -0.1691357 0.425261 0.30414146 -0.25343263 0.506299 33.151226905417374 3.026710726535286 21.328713327440987
156.42109808554466 152.42299284690748 178.31925226707517 179.22023282562017 153.98373101006788 170.46069173107722 179.66831970306993 152.1634865745943 156.52729007857374 165.86982588503722 0.2884878 -0.20069839 0.530895 0.23129498 -0.14953861 0.456284 0.20201717 -0.14746555 0.42107 0.19649037 -0.15016148 0.423679 0.21414595 -0.1665919 0.419042 0.31774257 -0.24665677 0.501321 14.35983021238636 12.760393981985679 9.179726649813643
139.72424059370698 131.64470797560963 122.23106086849326 179.89790162747772 179.92686179487674 148.63419995545573 179.69116360505245 179.98668713199024 179.75401987392843 179.1014958672919 0.37154105 -0.33532166 0.577646 0.37333251 -0.36695917 0.559435 0.25212931 -0.2548199 0.512196 0.23469787 -0.22594058 0.476188 0.23844232 -0.22828156 0.444859 0.38341052 -0.28655854 0.509062 6.499921828400578 26.32682064872988 117.5233520879364
122.45479235996694 137.40675433351734 114.40846445907499 179.98233046249936 179.95521159824835 136.12256074702478 179.61775609239524 179.86634996728156 179.91409494069742 179.58255395483422 0.38559395 -0.31306836 0.572322 0.38068218 -0.35148206 0.562509 0.27958202 -0.22574925 0.519214 0.25264518 -0.20016131 0.48232 0.24023509 -0.20741659 0.449066 0.37756813 -0.27985692 0.498527 8.065310471299384 27.5164263641698 116.54208938028559
125.10476056004326 138.02182467772207 114.1310648427027 179.98259211443454 179.948682572193 141.66472582529292 179.55218366037036 179.86013173986032 179.9196812324225 179.81996037423986 0.38304404 -0.30318773 0.571483 0.37980661 -0.34318738 0.564108 0.27776999 -0.21677348 0.51939 0.25073545 -0.19111593 0.48231 0.23856286 -0.19865315 0.449463 0.37678386 -0.26930374 0.497198 7.8983085941137485 27.66648881801204 116.4669972701867
125.66291539661304 138.36957479864196 113.85934694479525 168.67087927686572 179.9496587451727 146.27021052854116 179.51577459033257 179.82993148179185 173.85052098795074 179.8131148821551 0.39365255 -0.30307897 0.571278 0.3909399 -0.34365279 0.564873 0.28862129 -0.21716706 0.520333 0.25537572 -0.19835002 0.482524 0.24896229 -0.19880607 0.449809 0.38656647 -0.26894625 0.496538 9.016083686581252 19.376268064548796 116.01715134755563
131.15334911710414 108.47285344084528 106.06442222400031 179.11796878696376 179.69744588210045 130.78473144134355 179.29676705003808 179.66391145048954 72.33517668002487 69.30199249527674 0.39033801 -0.30502242 0.575264 0.36342162 -0.26102883 0.576389 0.37174956 -0.20686517 0.543066 0.33107852 -0.24630482 0.528944 0.34093996 -0.22448253 0.501496 0.35594689 -0.31223166 0.507314 32.74023374151768 85.06074740787236 52.53698920403879
166.8782399821021 100.15169460916917 144.23430335349295 114.79143326250534 179.5292094028609 131.00280684296078 163.32242812075145 150.75590527639804 130.41293289224703 118.65760016429098 0.37100309 -0.21202557 0.57813 0.31867632 -0.2250478 0.509932 0.30759625 -0.1571419 0.466707 0.32659922 -0.22251483 0.483302 0.32861114 -0.2095917 0.469277 0.40086672 -0.26859483 0.556877 32.909319812110695 52.22393423321211 52.126623860525626
166.7444395564279 99.2611685180733 144.15551238192003 113.5558514650832 179.53985523447963 134.80474234970245 163.35554178402776 150.56774939868828 130.447222377167 118.52821382092077 0.38194116 -0.21208132 0.578282 0.32949405 -0.22546751 0.510883 0.31866588 -0.15751194 0.467806 0.33774056 -0.22317781 0.484742 0.33976815 -0.21004905 0.470301 0.41151799 -0.2685437 0.556771 33.21582351641561 52.51088084954861 52.670771981475006
166.69868462375553 101.39014930095284 144.39508802027078 113.37655021211398 179.53340610363276 134.3997840850834 162.8997481467246 150.64007724100682 130.941202798126 118.90082712012291 0.39263632 -0.21200283 0.578068 0.33646654 -0.21845053 0.510143 0.32866024 -0.15734393 0.467307 0.34774947 -0.2230756 0.48452 0.35014477 -0.21001108 0.470216 0.42214165 -0.26847763 0.556634 32.75938399908853 51.857582134955564 47.46579861664064
166.68882440693568 101.632720826624 144.5459925270954 113.84781384657207 179.59805845171218 135.53907897641312 162.95213673671506 150.6227831644844 131.23637178207048 118.87927735477645 0.40540434 -0.21199256 0.57804 0.34855292 -0.21839401 0.510011 0.34076702 -0.15730318 0.467186 0.35966289 -0.22302588 0.484412 0.36380401 -0.20711262 0.470102 0.43468601 -0.26840865 0.556491 34.38533458703682 51.12228835848507 47.22698288107164
166.70813285154577 102.11076948264724 144.71233580294876 114.61714766067799 179.60223379862305 135.2340133746807 163.0037214898801 150.64154382664015 131.51637420436273 119.04094751054025 0.41622736 -0.21198596 0.578022 0.35874787 -0.21832036 0.509839 0.35094756 -0.15723551 0.466985 0.3696288 -0.22290802 0.484156 0.37410839 -0.20703244 0.46992 0.44543378 -0.26842409 0.556523 33.66677864143791 50.32696973695407 46.86706458626195
157.3460397399378 114.96127156749148 148.4070959098833 103.09805531695301 179.79352834606598 170.42883425265813 179.72341839248534 164.57466331530495 116.88341205384042 179.67984298367503 0.42719317 -0.22202697 0.590793 0.39566046 -0.18806541 0.538571 0.38498422 -0.15109841 0.491943 0.40570836 -0.20087174 0.503721 0.41423851 -0.17142735 0.48373 0.46560914 -0.27475074 0.561273 90.62268647610276 57.68311320103392 26.68111827965366
165.99417651069157 128.51997559324622 179.92719208368368 158.4662312283405 173.60104612381195 175.02870817732074 179.86862486371012 179.93122974150546 179.31752027740635 169.54507396405114 0.42907416 -0.22038588 0.591676 0.41163942 -0.16145964 0.524019 0.37126294 -0.15673401 0.493986 0.38910722 -0.16045114 0.502717 0.41643577 -0.16558469 0.475083 0.46555952 -0.27493399 0.558218 29.35405084836271 16.826509323055472 8.016474982014664
166.01343608655012 140.3067450387216 172.87063515364719 179.98379396412074 176.7497256154339 162.13295384133963 179.9379940567362 175.6828335721897 179.9797065992655 175.92649211532205 0.43707645 -0.23314208 0.585044 0.43494732 -0.14539872 0.497111 0.37744496 -0.14531368 0.483008 0.41041559 -0.14269445 0.48426 0.41502357 -0.16883016 0.473165 0.46742845 -0.28416574 0.554388 6.090397196356999 21.539301245759024 7.50009055114595
168.58111628904481 165.30448050162616 138.04367339452443 179.7508211070871 179.9877475450094 165.12827808869014 169.9533869625668 145.62977542448203 174.0826144687625 117.83389090662548 0.43677375 -0.23394532 0.581262 0.40939609 -0.1511384 0.50559 0.3727766 -0.2474369 0.485139 0.42225257 -0.15641349 0.47268 0.4323078 -0.20916038 0.480657 0.4839881 -0.29985184 0.56782 44.368543198579474 88.90186025436411 79.10082957522705
167.1592409798196 176.81630156460344 179.87825728224385 179.9450728318408 178.83659800006834 173.16732559315815 174.65031071450915 162.15533483723752 176.80263733071294 133.76715933629416 0.42950911 -0.22872608 0.570426 0.40670659 -0.15003384 0.502818 0.40894586 -0.1468412 0.474995 0.42808626 -0.15459555 0.468026 0.43054565 -0.20597652 0.476535 0.48017468 -0.29535267 0.562609 36.926221342808596 13.97376331033035 5.963892852338393
164.60064669789594 176.6730826231146 178.69731496344878 176.22042785933795 179.80237676860264 175.87661579190836 179.07038762402587 178.15235896263314 174.39416687485203 179.18133243637905 0.43211704 -0.23027518 0.570894 0.41743618 -0.15376032 0.513373 0.42445779 -0.14607577 0.485829 0.44800761 -0.15070895 0.488453 0.45663853 -0.1948781 0.474358 0.48293813 -0.29573977 0.563311 9.949625535221312 8.087053079629507 7.879490378508755
168.11611829211267 179.79369631870614 179.8637864152699 176.3830810889264 179.66468267405986 175.52742526353725 179.70138962243064 179.80688226904005 174.66920175839618 179.05162053533022 0.42553636 -0.22614175 0.56423 0.42346033 -0.15749108 0.51405 0.43400354 -0.14771741 0.487184 0.45615575 -0.15489243 0.486187 0.47408468 -0.19508893 0.482458 0.48764241 -0.29557917 0.566382 4.932753259657845 9.249336561934195 8.037857065649368
162.19136928938872 178.87010827106852 176.64929661535783 179.8929236135249 179.80709329513869 173.748349171895 173.87708339289227 178.32964868716368 175.6389200622937 173.1993260523527 0.42013042 -0.22604988 0.558061 0.4197552 -0.15418455 0.508141 0.43747681 -0.14664928 0.488513 0.45694775 -0.15658573 0.485927 0.48519607 -0.1925252 0.490674 0.48222556 -0.29668286 0.563243 3.731411198377442 2.0920112531709636 8.350674446990901
160.36015591300665 176.281543537297 177.622403364244 178.41616965260374 179.75983600032643 172.5784406088555 176.08881512070062 178.52427217245096 177.1496326754543 174.39584264462962 0.41929048 -0.22811719 0.555845 0.42049487 -0.15076884 0.507214 0.43878232 -0.14618584 0.489621 0.45955033 -0.15651687 0.487205 0.48685989 -0.19290938 0.490473 0.48233606 -0.29584148 0.562328 3.0816707688664247 3.0641177972081786 6.074699406755004
164.19789232647645 177.04669939012007 178.76480818228518 177.75863198951794 169.9185292517322 172.472317196997 176.81492422342043 177.08620672136777 177.82145462645627 179.11952586396555 0.41570229 -0.2289869 0.551753 0.42165224 -0.15072708 0.507659 0.44022073 -0.14624518 0.491026 0.46416811 -0.15358952 0.488306 0.48999819 -0.19164554 0.491553 0.48165242 -0.29562051 0.561081 3.382377748629385 7.298148663248154 4.8457555234725485
