176.78231836654322 110.32256151030553 177.08133044955795 103.72686605357018 176.55650170589095 179.42810425163572 176.60918265011006 31.627550535570673 147.20370824937052 55.551065235758905 0.45795943 -0.28013834 0.592206 0.47702255 -0.19244369 0.569557 0.51538349 -0.30313187 0.614349 0.4929363 -0.29295113 0.573849 0.54581604 -0.31815944 0.62061 0.53914407 -0.33769148 0.644051 70.70470935624695 79.95283171258696 156.84429592369506
167.4930046408099 178.68976345504842 66.20117107842293 103.52107069521135 174.27425111652994 165.59875642879211 174.54344797271867 140.17539758745602 153.26362163522944 60.09293797118496 0.46155647 -0.2688838 0.603936 0.48216981 -0.19351599 0.577226 0.53303827 -0.21592328 0.608848 0.50601604 -0.2994333 0.588568 0.54724048 -0.31842292 0.62119 0.54589142 -0.33539738 0.642611 54.2615855859454 118.64471458691938 126.13988526228557
165.6907399217297 136.8449027712207 61.380774152517645 102.60896228220045 178.57261690259543 170.70242652119137 175.8717795348071 147.52292693021164 163.55297725734601 20.045158472579637 0.46959849 -0.25722441 0.610067 0.52390602 -0.19470695 0.578414 0.52407163 -0.2502578 0.576133 0.51772974 -0.29495678 0.582708 0.58144308 -0.30121502 0.620091 0.55285239 -0.33461019 0.645029 120.91425825543051 22.478752180413355 85.51993499616492
161.8318611977497 70.71652204556175 90.25429213574151 90.75659604267342 55.78721792488853 169.3002105099138 179.15446216264672 113.08705409958912 154.19743576100242 170.18731887433023 0.48232268 -0.2536742 0.619289 0.56260182 -0.23281988 0.624072 0.55834401 -0.26053506 0.608327 0.54899444 -0.30081819 0.611069 0.56785039 -0.29198665 0.605329 0.56537253 -0.32779696 0.642651 62.23923211339076 17.135563548733497 96.94197608389472
137.39509344290317 89.00436978444206 97.31632582896344 102.09424981354807 98.25781514990938 152.53514043433748 179.31877884401956 179.30217183577295 140.99070733109315 135.65499643654996 0.54341205 -0.26117343 0.661136 0.57123303 -0.23389518 0.619546 0.57662528 -0.22620517 0.596785 0.54551439 -0.30819376 0.599219 0.55505946 -0.30159561 0.591819 0.57454771 -0.33346652 0.643292 24.440480256830877 116.88028392744687 15.793753175196915
166.43751407169344 106.9022131337999 179.73976614144394 170.5509790375063 125.82565776393557 177.45663986737162 179.65337962121305 179.63480656548245 179.7525578889194 177.550864821214 0.50452871 -0.24142656 0.605985 0.54711659 -0.19050927 0.565115 0.53827545 -0.19082931 0.535482 0.55070554 -0.20406968 0.540357 0.52510885 -0.2834262 0.558234 0.57793669 -0.3270262 0.627211 46.59652810876623 3.338767141110635 25.31826360877677
166.87284337078322 118.36331218368063 179.83532064442403 176.33457818191857 148.4762066640324 178.32264230901683 179.76985191196502 179.76794822987654 179.78967015997085 179.84950700210237 0.50144859 -0.23754016 0.599506 0.52963608 -0.19255519 0.547359 0.52383325 -0.19280855 0.518256 0.53659528 -0.20642685 0.52415 0.51109426 -0.27784614 0.543952 0.57314762 -0.3247932 0.621719 34.431552240912616 3.8593238015308664 15.082390401302414
166.68479069092623 179.87717950292244 179.90983239992576 174.01870175978104 158.02271777084832 162.18957291533115 179.8219861011936 179.87604415244812 177.5883590705088 179.73613110267644 0.52002611 -0.2353234 0.605218 0.53168898 -0.178619 0.532943 0.52854704 -0.18540242 0.510466 0.5265128 -0.20441302 0.514988 0.4866033 -0.27318399 0.526967 0.56700253 -0.32274338 0.61175 34.55989954895673 7.083641160128447 2.892999503684192
165.4653109980426 179.8944515615629 179.96208934091055 179.66987236259428 124.98830176697386 176.8410456006958 171.33715278998258 172.16222575322416 177.28551963931446 77.38394529682836 0.53095382 -0.24164141 0.606318 0.52514042 -0.17960704 0.51919 0.52385478 -0.18358209 0.501809 0.53601989 -0.20769179 0.505812 0.51939797 -0.31766606 0.545705 0.56643221 -0.32492047 0.605199 163.08683455190655 8.783675739261387 0.3743783469339324
170.4287081304382 173.62553440405156 177.6576335206191 179.84903964633926 127.06358748689863 172.8566854946826 179.1516221433413 176.5048309799597 179.84758107072238 79.39584341564498 0.51701819 -0.23672116 0.591371 0.5142609 -0.17515633 0.510815 0.52178666 -0.17982822 0.495665 0.52029979 -0.20453272 0.487429 0.51196754 -0.31297036 0.540513 0.56274779 -0.32272414 0.599696 173.7655746736673 3.8040787586576537 1.53502269410508
164.79227097538168 177.11589585195563 177.45751680551672 179.83177510143642 131.42220180674624 175.49622211243474 179.7283471181616 179.48703972344327 177.76254118886408 87.4045621215046 0.51387999 -0.23931447 0.589343 0.50967139 -0.18216384 0.501321 0.51667436 -0.18215978 0.49036 0.51430796 -0.21063597 0.482579 0.50189774 -0.31689815 0.534228 0.55858863 -0.33104809 0.595415 169.95370470775242 5.89795119685219 6.105790601896377
147.63230344282354 179.2071660949975 149.72794440081933 148.41715106857632 125.5336200771858 139.17861712116624 166.3904116420827 169.19684416511333 176.49584729149157 145.30213093801692 0.52702525 -0.22908864 0.599567 0.43258017 -0.22355871 0.499264 0.48217445 -0.16410673 0.481194 0.48867918 -0.17500687 0.471178 0.497814 -0.22463539 0.487801 0.54515637 -0.29807157 0.575314 24.328664259778726 7.212218222396107 36.09844843998597
155.26733226184385 179.0320685966432 151.85778277501208 149.94504494975746 129.55884349782727 141.86664185565252 167.30700160419775 169.80737606383968 176.53122953875206 147.5180153866871 0.51780313 -0.2239198 0.588575 0.42112802 -0.21786575 0.487243 0.47099891 -0.16098987 0.470532 0.48128342 -0.17337615 0.464704 0.49219357 -0.22339613 0.483506 0.54305642 -0.29772346 0.574711 22.574517283590406 7.056720113813122 33.370748054170434
159.730548002927 153.18374137691686 146.70515226918573 155.09543621771166 146.33077135399924 154.95648032687433 141.98367585130714 179.97716109941484 179.41288756388622 136.97351463209046 0.51127995 -0.21627955 0.581441 0.44148336 -0.22037688 0.490581 0.45832412 -0.1695109 0.462685 0.47188446 -0.17509343 0.466249 0.46772403 -0.24066925 0.474326 0.53605768 -0.29736379 0.572829 34.963190787766635 11.088591088669926 54.037498751236676
166.94469612997673 164.82820273671186 134.43191989857448 158.1418976092687 152.6725001747519 153.64361930272796 179.41747386972452 134.33999864598658 173.80320537340683 128.06254801696366 0.50556949 -0.22058491 0.587247 0.43637328 -0.20063017 0.516562 0.44383552 -0.20780071 0.48377 0.46327733 -0.17634333 0.468411 0.45850292 -0.23919366 0.476047 0.5240807 -0.30348999 0.576615 26.507669920490905 47.50147050829167 22.980551748595854
164.18062699790948 166.35087057614513 140.93570025956342 158.29240848665302 155.7146336582494 153.694517289608 178.15443159217114 132.43979949509927 174.8619250678567 140.90203009741842 0.50317143 -0.22716741 0.591259 0.43156077 -0.20609913 0.520091 0.44352051 -0.21016257 0.486267 0.45217177 -0.18466339 0.46975 0.44436838 -0.24559438 0.472463 0.51368715 -0.30965171 0.578024 18.881339957321025 40.950889754613186 17.792123232971193
167.92416964431507 163.19520921102753 141.50786084741807 156.86507487596887 155.65861629878262 177.750880793072 179.43433744176542 135.76043155312172 175.34980976914753 139.37787010747198 0.48709304 -0.21221859 0.580553 0.41524466 -0.19614422 0.510228 0.42523007 -0.21036835 0.480837 0.44135787 -0.19023131 0.468377 0.43726339 -0.25369532 0.477456 0.49819322 -0.30277794 0.580208 18.096089648240326 39.70111902608795 19.452362052100543
164.2650671011939 161.56065613391985 149.6057649910344 179.9469667188901 163.88649940344894 168.36049999277844 178.66929084732817 134.69121355240142 179.92731179522417 137.20786967883421 0.44810317 -0.18634482 0.546514 0.41965807 -0.15593348 0.457696 0.38561407 -0.18892765 0.446185 0.40871318 -0.16574576 0.443238 0.41789508 -0.22611341 0.454481 0.47572284 -0.28173078 0.556674 24.800846409194 48.815805456479254 41.91360807735205
159.5330432141883 179.99664989399622 151.14340965438942 179.98851509204448 166.52915532059495 171.72897292700458 179.99426511155764 132.58239563399843 177.49981022199836 124.5296123289929 0.43917102 -0.18505831 0.538896 0.40115461 -0.16161179 0.443386 0.37880296 -0.19569045 0.444258 0.40523948 -0.17617308 0.441439 0.41683137 -0.23653665 0.459518 0.46727695 -0.28465492 0.558399 32.04048463103683 47.35287053193757 38.086250806388115
165.00118231960658 179.9992313935325 154.06326807795486 179.9824356274779 151.1413255431501 170.2584664255259 179.99908500692254 132.18265318590204 179.9769641542835 129.55112080022553 0.42320104 -0.18414544 0.536113 0.38641923 -0.15652668 0.443069 0.36704847 -0.19627869 0.441482 0.38431872 -0.19667677 0.431442 0.39928849 -0.24752786 0.460059 0.45706067 -0.28456294 0.559359 34.03843912813825 38.42703781337723 38.534497416621214
165.90245882239793 179.9985093939164 179.71788537932767 176.6474973459277 158.67603423414226 151.03606621161117 179.9965501041526 179.99053886323065 175.04279572130247 129.918464607863 0.40271858 -0.1786661 0.526926 0.36709616 -0.1614903 0.437747 0.36718402 -0.18146823 0.42936 0.37856517 -0.20331708 0.43795 0.37864876 -0.25842784 0.469 0.43825996 -0.27694976 0.563297 39.73775042229102 1.8550271346455125 0.7337418630766821
165.09632667071057 179.78313713354797 179.98777295108752 179.98409893982304 158.8266294652565 161.66622665633253 179.99346544426672 178.22883190998363 175.06791481672337 129.4121109521843 0.38775183 -0.17797423 0.522676 0.35338477 -0.15205097 0.435865 0.35233178 -0.18087864 0.425423 0.36445738 -0.20141481 0.433139 0.37430287 -0.25594114 0.46537 0.4249027 -0.27755527 0.559289 38.499529165389795 1.6683028733281626 5.780824472211543
164.93393176696193 179.71897575734556 179.97789449918292 179.99819056179172 162.80536597172102 179.32640690962185 179.9163796015241 179.97007715410356 178.90535569006065 130.91952396549303 0.37634232 -0.18606076 0.488208 0.32014671 -0.15585643 0.414443 0.32216081 -0.18526014 0.410772 0.34313384 -0.20063063 0.422032 0.36451993 -0.25221205 0.458482 0.40623881 -0.25851175 0.543765 29.126641301913725 8.139475399098368 3.3012080911088657
165.6766007135516 179.80253415942528 179.97427404764866 163.64712875815292 163.1734633870726 172.47445973177204 179.9130203506779 179.1418109555602 161.41330949381606 134.24818851255537 0.36654568 -0.18500021 0.489742 0.3122357 -0.15608047 0.416868 0.31448199 -0.18607789 0.413962 0.31726824 -0.22614922 0.436594 0.35203641 -0.25375642 0.462254 0.39915867 -0.25884735 0.548586 6.978580553801896 17.883790581003325 3.2083933539284852
157.26850049330628 178.9873087050194 179.6829801185455 161.37476905391063 162.58864300874805 137.2511456123222 177.66756693471893 177.7919001015714 161.54000081774151 133.63114912209747 0.35279412 -0.17169284 0.511965 0.30670059 -0.15994835 0.423972 0.30501441 -0.18666254 0.417399 0.30702155 -0.22437788 0.438859 0.33991212 -0.25256996 0.461182 0.39450983 -0.26804781 0.55364 7.207050930523796 16.255403898882133 2.4360230245723087
148.05108912314577 146.88515369178046 179.97648398992973 152.31753277767706 142.74344282830162 126.71438589890023 179.23214192169877 179.94875985600083 164.7902617629912 161.13392888347184 0.37661958 -0.22089833 0.557011 0.30482793 -0.21085477 0.47659 0.32413954 -0.20138687 0.447738 0.33351675 -0.2390462 0.464862 0.34399616 -0.26307121 0.482653 0.40536202 -0.29448917 0.57355 1.3947749180379851 15.660738286582076 27.338520908904904
159.93112626864325 148.55601170882773 179.936309013811 156.17585567850315 146.00814444770776 177.6634311408662 179.94631040129553 179.93476397769618 148.9978480628323 179.94303569014355 0.33664486 -0.19304472 0.497159 0.29921347 -0.1784853 0.448697 0.28284133 -0.19116756 0.427358 0.31103246 -0.2289731 0.452082 0.31542381 -0.25744938 0.469466 0.37352099 -0.26614501 0.546523 8.712601148078582 15.426317020678805 11.962165307577997
159.8627106947388 150.53228076788477 179.90206411739726 157.85218676675538 149.35259200724738 171.5486292234527 179.91373324988362 179.8932301614275 149.87571133429051 179.98231621424836 0.32611107 -0.1934668 0.498246 0.28695801 -0.17744668 0.446086 0.2709505 -0.190149 0.425081 0.29894782 -0.22770993 0.449588 0.30043101 -0.25458177 0.46779 0.36316098 -0.26646593 0.547182 8.17597121168467 14.807284042100124 11.489161183396549
159.75284594673226 150.74134609838637 179.890445236647 157.85759258325575 149.67688369994517 170.52766901635727 179.9034119379692 179.8807734297236 150.39219718071237 179.98490507173074 0.312851 -0.19353553 0.498423 0.27419653 -0.17726131 0.44562 0.25837984 -0.1899647 0.424669 0.28636016 -0.22748302 0.44914 0.28738928 -0.25441306 0.46748 0.35038678 -0.26650538 0.547263 7.959951691319718 14.604395193197863 11.524393516958263
159.6640670472122 150.15870300390355 179.89169209781224 157.12680188161278 149.26934404944345 171.68232038024655 179.90761232931857 179.88298099446857 150.65203404257153 179.9796064869159 0.30189428 -0.19297682 0.498799 0.26433113 -0.17682065 0.446546 0.24839426 -0.189262 0.425207 0.27637798 -0.22699836 0.449689 0.27668349 -0.25369622 0.467643 0.33952909 -0.26625815 0.547166 7.926873241524064 14.683114584394652 11.803839184467556
147.24627692064774 150.9660925605837 179.8697167100389 157.7350788430458 150.1029162915435 166.41430948550007 179.88827963417626 179.8483397851485 151.22785873974593 179.9891709215388 0.29983367 -0.19237102 0.501529 0.25310832 -0.17632964 0.445306 0.23738915 -0.18876793 0.424097 0.26529757 -0.22639412 0.448492 0.26538074 -0.25324758 0.466816 0.32886128 -0.26637299 0.547402 7.717168312660233 14.35211808400776 11.657245875361355
161.03219171723404 159.68102368296348 179.7402389127753 156.19835052929102 162.41614488926774 166.9028001515935 179.73740729218724 177.05248520436797 176.95018611654064 145.33149008884425 0.27944845 -0.18994187 0.492089 0.23079766 -0.17874209 0.432315 0.21853146 -0.19903377 0.416739 0.23810144 -0.24025298 0.440893 0.27039098 -0.27525717 0.464841 0.3154599 -0.26801947 0.546297 11.752323184891358 7.76395366131207 6.394998820973895
161.07009094691088 159.2937988995406 179.73099370350874 155.82321503839344 163.988954487946 167.9595780423175 179.7317141101518 177.09308995115558 176.98098839272436 151.42709959299685 0.26847864 -0.18999745 0.492233 0.22043642 -0.17886902 0.432622 0.20828733 -0.19911067 0.4169 0.22731942 -0.24032873 0.441032 0.25557487 -0.2720586 0.464438 0.30479061 -0.26810484 0.546471 13.148528037614145 7.991653963606248 6.597693990371723
161.55737539978765 159.03790029549944 179.72354608871177 155.98719300518366 164.03676579423558 175.00290873220268 179.57116599301838 177.13957991893136 177.0139403736003 151.5901037249735 0.25083302 -0.1945235 0.490619 0.20434612 -0.18228519 0.432504 0.19807843 -0.19923102 0.417152 0.21660417 -0.24048621 0.441321 0.24553216 -0.27234681 0.46493 0.29431728 -0.26837516 0.547022 13.277825352114037 8.092458600645218 8.372274639555958
161.47829490359155 158.71760021127363 179.71444279877315 155.6513253045115 163.84251382507986 175.0677537791051 179.55916968222144 177.18035652071373 177.04558221212454 151.73273646915382 0.23973626 -0.19451676 0.490602 0.19394793 -0.18229488 0.432527 0.18775937 -0.19924774 0.417187 0.20576092 -0.24051073 0.441366 0.23524143 -0.27237317 0.464975 0.2835408 -0.26837909 0.54703 13.468963212642521 8.307490315569192 8.524856979756715
165.15559341207137 152.6350230704223 179.83077130213124 148.11883292890204 150.19748198156805 170.77924714658127 178.83197278320907 179.01804312926743 178.7637868731046 179.98153829399686 0.21173563 -0.18978821 0.477606 0.18550391 -0.18703835 0.433654 0.17971224 -0.20526199 0.420749 0.19782439 -0.24102136 0.44593 0.21228197 -0.2648016 0.469136 0.26796465 -0.26111404 0.541443 9.661676369696657 8.802206791536337 11.372048472025046
165.12074401647794 148.7702659058956 179.88636883653598 142.55254470497465 152.27545476387968 177.68038257643389 179.44911929764302 179.89561905620783 179.59397158605483 179.98345606058828 0.20862185 -0.18877302 0.47576 0.18513751 -0.18829756 0.437519 0.17859862 -0.20549407 0.423967 0.19930587 -0.24240781 0.449775 0.21026595 -0.26615222 0.4716 0.26457474 -0.26039287 0.53949 10.466145731408089 9.628604309638876 12.62304872840548
164.77888056290212 150.67389432970336 176.4533298662948 137.33488194185702 175.32144066537086 168.5498598986884 179.8422114882784 179.59898621538647 179.99565801002154 177.75382668343187 0.19726106 -0.19197449 0.479849 0.18151267 -0.19010863 0.440457 0.17555637 -0.2072081 0.428639 0.18725852 -0.24388581 0.453816 0.20608293 -0.26379951 0.465145 0.25438161 -0.26229098 0.543772 21.844501368135816 14.809605852086584 11.963482886942135
168.28949594160395 147.52446037515685 147.58174940314666 144.18344879933966 179.6666786559029 170.20542506389447 176.45929337038922 179.82795560698582 179.13620386854518 92.80406714757753 0.19244669 -0.19063793 0.473199 0.17875738 -0.19420979 0.44726 0.17372584 -0.2170629 0.456499 0.18556742 -0.24513079 0.468637 0.25571481 -0.31397146 0.500895 0.2483356 -0.25521268 0.548354 6.603107569290065 2.336329661060351 2.9592837275061137
162.8051687986059 150.98885367217702 152.36677156870908 147.14634823068218 179.72046676299794 175.86608149006426 178.54986049527201 179.66010145011128 179.0633425023192 94.03967456324149 0.18286758 -0.20048601 0.472887 0.16842466 -0.20136388 0.445025 0.16748061 -0.22435166 0.456409 0.18212206 -0.25603678 0.469075 0.25139546 -0.32312159 0.505387 0.24839236 -0.25899283 0.55136 3.776329637022351 4.671025104836467 5.644633832764384
162.76194853064908 152.50227753976094 154.09490395799713 149.09078407911215 179.73111568152356 175.10798413857918 178.66430911309433 179.61464445401182 179.09086791166382 94.07798602975464 0.17189713 -0.20059328 0.47314 0.15725368 -0.20033676 0.442755 0.15636217 -0.22335478 0.454381 0.17039254 -0.25503736 0.467244 0.24034401 -0.32276099 0.504823 0.23631814 -0.26151579 0.551696 3.2839253513522153 4.520933521371421 5.603719808390437
157.21808893619632 175.4868508463017 100.15614018695186 56.2343494624279 91.32156856788592 153.79261102497762 54.56875625506319 179.90617873189024 153.49059740730647 161.82993507720406 0.20619598 -0.28168974 0.495879 0.22964592 -0.26616913 0.522918 0.19014287 -0.25353914 0.477216 0.23815616 -0.25414803 0.486312 0.24580236 -0.2622694 0.499627 0.27399822 -0.29324743 0.558301 51.60292945191215 46.42995052196234 95.38220187185844
160.72351761580296 136.4636756002319 143.13986444465323 118.48548942497185 126.0850060950954 172.3371828000926 178.04193990651635 179.7040207427761 177.80001416588203 176.23874745290476 0.18515546 -0.29938534 0.518595 0.14982136 -0.20720009 0.4743 0.14437535 -0.22112272 0.452614 0.1801168 -0.2722805 0.460383 0.20466648 -0.26219739 0.468555 0.26782142 -0.29978713 0.551968 29.211673702961974 33.090290651767866 8.66052564302161
150.8777403628741 142.8019007203614 137.38670249412442 121.11805794065413 115.89731912669234 170.15180135529695 178.6839425318297 175.6491670555747 173.64211878321922 175.97308675110926 0.184248 -0.30477006 0.524762 0.14842241 -0.20884867 0.477345 0.14495108 -0.24292172 0.456819 0.17983833 -0.27455331 0.464091 0.20400531 -0.26364574 0.470703 0.26773761 -0.30184085 0.554411 31.331460702968233 22.09221544531918 22.183725323273844
160.27843786214538 140.52866873863587 136.57545623867946 120.5781380529403 97.79280924437364 172.40630903137173 179.04006061862387 175.588480431887 173.49761027886768 175.56651146519175 0.18455045 -0.30472846 0.527439 0.14662693 -0.2220405 0.480501 0.14721485 -0.24496406 0.459965 0.18102565 -0.27669937 0.467158 0.20632314 -0.26531223 0.473506 0.26815474 -0.30386136 0.556559 31.89674470206153 22.538097418398237 15.28284431474589
160.62650165725069 140.18472826779774 136.1167540176745 120.19737309744703 87.38823479535831 172.79722005224278 179.38015932135175 175.56003071595967 173.44673563027507 175.35083650143602 0.18433612 -0.30410344 0.527735 0.14684969 -0.22237783 0.481231 0.14795802 -0.24562147 0.460968 0.18142651 -0.27747874 0.468194 0.20736394 -0.26599233 0.474634 0.26817502 -0.30465919 0.557243 32.16287502611797 22.688267468912482 15.34072666462264
146.38779429901894 163.44756152884085 159.9409047259492 162.08911811846488 160.11258759053138 129.64248181166104 177.74272334396053 176.73032924979083 173.72957666400714 170.25552456826574 0.25171364 -0.23616785 0.561543 0.15392595 -0.2239001 0.485656 0.14251311 -0.22229423 0.469584 0.14946153 -0.24498555 0.461146 0.1783892 -0.28355119 0.474206 0.29518292 -0.30094779 0.563278 4.775264118355608 4.975438837066426 6.402370645330889
151.60968628442677 167.64834245043184 155.66489254663065 158.3559727604454 153.68323981974586 138.93950112173457 170.4394239017728 178.4030875972353 176.90969088103105 164.51365789186562 0.25395698 -0.2378053 0.564761 0.14901551 -0.21626041 0.481047 0.14290382 -0.22303527 0.468649 0.14972156 -0.24461606 0.462047 0.18139274 -0.28388771 0.47313 0.29759117 -0.30109582 0.561844 10.39677933798272 4.021180654179422 3.4347416674055453
151.8947493038473 172.2978824608211 143.6159375894027 141.07855734444018 154.95124527574822 141.94668371045313 179.02116572936023 174.11709910240037 145.43481328944696 168.45493593185924 0.25393934 -0.23905582 0.566148 0.15055239 -0.21805752 0.480349 0.14456143 -0.2216855 0.467854 0.17747097 -0.24267175 0.469835 0.18677585 -0.28514958 0.473487 0.30446356 -0.30215681 0.564469 5.953793903325454 20.34715432455327 0.34247382177987745
151.55030053695313 171.81553918582586 147.95591924093486 142.33041310051308 164.31144947659283 142.76238641773537 178.46613816544584 177.0316796716086 140.81461858205847 168.75085917259997 0.25419038 -0.2387962 0.565813 0.15182025 -0.21711947 0.479938 0.14661076 -0.22006258 0.467963 0.17799116 -0.24532356 0.470024 0.18771583 -0.2852417 0.473925 0.30566662 -0.30198057 0.565041 7.850630563179021 22.94003120515374 0.613433003841055
155.694421602688 173.41143100688095 112.23139824565985 110.01509183716261 149.02848712409263 160.32781509228712 176.97945210767662 143.8373369434909 163.3432792121912 149.2186622627056 0.25552934 -0.23718989 0.565703 0.15547389 -0.22147412 0.487626 0.19584765 -0.24714492 0.473851 0.1968716 -0.25944248 0.467783 0.20077583 -0.27811542 0.479163 0.30917551 -0.30409036 0.569563 27.79004937712801 22.96546994799767 55.39999393779517
153.80170243410024 129.05120290891367 105.6713520991061 121.62811349833447 122.6571840113597 154.5849607060858 151.18780995164414 143.9461196210705 149.42614764340556 155.35914958250854 0.25761289 -0.23104862 0.565413 0.18175022 -0.22563596 0.489274 0.18229686 -0.24449306 0.476044 0.17857071 -0.24787386 0.475312 0.19667446 -0.27614939 0.478202 0.30806446 -0.30006157 0.565588 1.3738950795004967 17.955992989372714 16.755589788390395
141.3419040280967 121.92255268688403 104.56110169133322 129.60300995810454 112.60131497247359 135.5636103619087 167.23548746913593 153.46831622954198 147.4046608552486 140.64179886701578 0.26031889 -0.24089975 0.551843 0.19875455 -0.22410276 0.494259 0.1979369 -0.23892908 0.474005 0.18498983 -0.24584831 0.474115 0.20736303 -0.26779808 0.47595 0.31146409 -0.29998195 0.563475 11.320426872253435 35.13523936314321 29.665691768073184
150.16742594921547 65.84515050538731 115.19271323497738 142.90277736662776 128.0142165044956 142.4334373178633 165.5488851434431 165.58639011665684 179.30622774007747 172.49686018164365 0.2734432 -0.24162491 0.552706 0.23811185 -0.22403758 0.515946 0.21477766 -0.23117551 0.486787 0.19209874 -0.23721058 0.488512 0.21525914 -0.27615396 0.490525 0.32718084 -0.3004712 0.562561 12.796140656548348 28.948598853971042 7.654297684921329
127.65131570338029 117.68189645769705 108.42547988513947 153.54810698872726 151.53998047709933 119.72697809935008 162.80468682767125 168.73465364067576 173.83498233593303 171.90020216759507 0.33204916 -0.29901115 0.552025 0.28234157 -0.25806629 0.492152 0.26619832 -0.24615219 0.485985 0.25633638 -0.22334755 0.4982 0.23791072 -0.23956479 0.51481 0.33977053 -0.31411753 0.606242 23.790206002129455 29.10503661851499 16.063880726254766
131.08164605443352 105.77853231704222 102.0890379794476 152.3875675692516 146.67692158126926 125.9082530301392 87.37522469084475 168.75640134708146 174.72012981340214 171.88127123812018 0.3266097 -0.29355761 0.547204 0.30538027 -0.27943303 0.531857 0.26576269 -0.24620596 0.484899 0.2574166 -0.22293279 0.497163 0.24115396 -0.24387171 0.52187 0.33794224 -0.31288836 0.602534 21.384036944388615 28.87781956343273 172.47248514689727
129.84078692934318 118.71519141645027 155.39018219844615 119.09787861996858 150.3614154980007 122.79370700338804 131.168874064552 174.49183224308553 83.894694434952 173.23825103296468 0.34187254 -0.29203346 0.5438 0.30076127 -0.23899042 0.526027 0.26583987 -0.21774138 0.480023 0.29590967 -0.26879035 0.54245 0.2413214 -0.24334266 0.520346 0.3406315 -0.3115476 0.603457 146.4885384450402 135.02349244302152 84.81469639773466
134.07570504808194 117.92482265322809 171.41315385347733 99.65855907253324 129.48888728442438 132.62042105418107 133.43666603454898 177.2118317920053 85.1023130632108 173.36311413689907 0.35044694 -0.28107698 0.545719 0.30775781 -0.2409879 0.532454 0.27205705 -0.22106399 0.4888 0.29559237 -0.28665395 0.550751 0.27397624 -0.26192003 0.530403 0.3618195 -0.31259793 0.608646 159.323523009838 163.65728331459175 79.43125686153358
162.16986219617309 130.13107825045591 113.98556424324364 104.69121103264881 127.56115890456378 123.90273046345493 102.34719328035314 176.41256492867868 113.51945806445703 175.86246284350435 0.44101098 -0.37206748 0.633071 0.35376667 -0.25698461 0.557936 0.29552812 -0.24358269 0.504919 0.32649744 -0.25215099 0.565745 0.27807916 -0.25590018 0.538171 0.37231487 -0.31508254 0.627574 120.67822115114585 130.3189864717249 130.93022569086477
162.046412900556 129.07705243020305 109.79210682359552 104.24580230212452 119.80557125138085 121.67833905455673 104.02897445741384 172.744778212554 113.95598131488735 177.70455306710565 0.45385136 -0.37395776 0.636498 0.3668016 -0.25911467 0.562315 0.30680255 -0.24571965 0.507915 0.33824616 -0.25322848 0.567853 0.28949413 -0.25672385 0.539479 0.38533006 -0.31672684 0.630783 124.99070056683018 134.07741647561613 134.0818333524163
155.85140218270337 69.96327572863822 42.50332569450126 78.25333041368458 171.96801439901031 139.41950439816725 173.08369446762808 143.58877141227194 145.94111269839144 178.88287219678048 0.41920562 -0.30583473 0.569727 0.36142646 -0.24432659 0.544634 0.34963643 -0.26742223 0.543239 0.35143727 -0.2561022 0.553558 0.3102931 -0.23864737 0.541379 0.40963254 -0.34182093 0.631139 96.93351633718657 52.94581622273362 127.98750859327572
157.3133091108858 48.62461772611263 24.251250966925493 72.78980936803285 149.66494116213246 134.13477061710213 166.69948051550975 152.44737717843435 142.71719691217277 176.95563045251112 0.436486 -0.32206826 0.581589 0.37269713 -0.25650747 0.550243 0.35560191 -0.26867933 0.546996 0.3565792 -0.2573751 0.556354 0.299441 -0.24138727 0.542257 0.41449393 -0.34385524 0.63498 104.33950262345195 57.09201741323773 129.56568326577917
155.3317588993735 43.94352552647601 27.24507968089821 73.05110984547898 160.16213558686295 139.3537597604199 161.54687493107193 157.1592852963559 146.1374122242066 178.30364625049768 0.45042006 -0.3099674 0.577549 0.39242676 -0.25679187 0.550947 0.3788837 -0.26773208 0.548125 0.37910231 -0.25792292 0.557772 0.31568592 -0.23930816 0.54503 0.43945959 -0.3453145 0.636281 105.98450239488614 47.61646416630794 138.35814535998674
153.2206673155282 39.76604646411833 19.122087248991846 18.142358363764682 156.5550499000879 137.13195726769305 171.2840257590999 158.25798501707354 167.26547349110348 179.55016749349085 0.46323751 -0.3113731 0.580129 0.40110361 -0.25929644 0.548554 0.38025442 -0.2656791 0.544542 0.36331884 -0.269983 0.553406 0.32333438 -0.24079705 0.537588 0.440227 -0.34332656 0.632149 121.5515587919068 58.78622564768943 94.93810596069271
167.68577566992067 33.895441094813265 45.1241994212153 31.189197787793162 160.53726095926396 178.77129723853844 156.21257544352375 139.44577003651926 165.99084873306444 179.16867962786867 0.40473554 -0.25601797 0.564719 0.410783 -0.25646038 0.5442 0.38804335 -0.2655745 0.546789 0.37152216 -0.2654494 0.559057 0.32820677 -0.24147584 0.552616 0.45843321 -0.34192609 0.633041 63.0677024283553 105.85337600747484 55.765418852259494
161.58718597725115 122.1067837742369 179.65110436783252 36.162781876530374 175.98985402348174 167.12668120186916 147.44196667304539 178.51805241731006 160.33335420128168 178.72365246590812 0.42162795 -0.25947095 0.569313 0.38383972 -0.2513467 0.530607 0.33393569 -0.21433418 0.525087 0.3749876 -0.26809054 0.566044 0.35346949 -0.24907571 0.567905 0.4615929 -0.34710657 0.630354 44.773119646236886 53.45417679691699 22.17882206452483
165.18017021212404 162.1463186073984 178.92515390831946 35.73147824166771 178.6025084011909 174.55080104255373 151.68747824284316 179.4337134059711 152.8777850477946 178.59396955867976 0.42583867 -0.25593609 0.562617 0.38185247 -0.24345586 0.513949 0.33797286 -0.21043232 0.515528 0.37732606 -0.26613164 0.561908 0.35839861 -0.24575517 0.560334 0.4717084 -0.34673213 0.629674 53.31570969999367 60.73559811457304 12.616471750403576
146.41560996115103 178.9263390931793 176.11657808827394 177.74423462863308 171.00159888183836 157.2378598450887 179.69745193159295 179.71964694371303 179.7982918572535 178.7922974526086 0.45634471 -0.25666445 0.577061 0.37474099 -0.20356952 0.53147 0.36667078 -0.19876385 0.534492 0.37045271 -0.21287714 0.544182 0.35862973 -0.25113142 0.574678 0.47335526 -0.34604873 0.628858 9.23761390606701 5.509421318107307 8.137050423052104
146.14892318895355 138.08815713520002 165.03042407403217 148.8899904574832 158.3293715463509 144.73155311902684 151.48879101707485 145.1640074657376 126.8488817400735 178.8167769918069 0.47092242 -0.30779857 0.682649 0.46867441 -0.26462445 0.6057 0.41792963 -0.25983517 0.569058 0.41302461 -0.27922124 0.575138 0.406531 -0.272746 0.572518 0.49998228 -0.36020409 0.665323 53.46490882615424 14.954360211784024 6.7487763274956105
164.7105462844165 169.1685939626827 128.9214437550763 136.0640823071723 172.80304275802484 143.28573283017357 179.35811261608592 140.8225344239072 127.96972326170595 177.30347921559243 0.47303751 -0.30104193 0.669 0.4072768 -0.26195358 0.599703 0.41538022 -0.26475566 0.56716 0.41909642 -0.27749951 0.571537 0.39960994 -0.29002476 0.571897 0.5034032 -0.35975259 0.667435 39.242179325104985 7.290743496205515 23.33066022469618
166.18034333468597 155.25375205988095 118.59057683402355 116.74564562875173 160.41783886267785 175.56041761246155 179.41532364097299 129.8954561932227 120.75176695387502 177.38970062977677 0.44415234 -0.28405452 0.652862 0.39686929 -0.26316982 0.593176 0.41993346 -0.25471981 0.562771 0.43389726 -0.26730507 0.567223 0.40284312 -0.2918928 0.565981 0.5042216 -0.3448282 0.653388 35.236058902463526 5.7747119683853585 20.837573678118684
168.9092225575442 92.59156084602252 45.95315823848253 46.22784232433989 87.67697766821853 178.46584026500392 179.66299114169712 157.85573498789657 158.50368532421732 169.97973695405807 0.4260654 -0.26185807 0.614961 0.45674145 -0.2248312 0.593165 0.46487536 -0.2943457 0.586351 0.48730307 -0.30729548 0.594232 0.49811577 -0.31495383 0.603585 0.52167239 -0.34460731 0.658758 31.88757630544488 5.295651809460975 80.00309427363821
170.2011846308933 149.71009563779845 123.39043935485131 117.57280461267722 109.52460612778535 170.15805579074103 177.21196258091948 74.60540708403022 80.9130009931149 102.33966175081959 0.42646469 -0.26141139 0.600282 0.43618828 -0.2149016 0.547653 0.48196403 -0.29771949 0.591902 0.50106265 -0.30859192 0.597469 0.51054678 -0.31708184 0.603921 0.52806658 -0.3335202 0.646264 26.07391691879266 5.847322504187162 158.74898782072927
170.10534640795993 147.43254756636506 121.22074859948867 118.92321540524236 111.64236979186117 170.6369053291133 176.09566032655547 74.47191651592762 79.80998806268013 100.31398560589757 0.42753383 -0.26125818 0.600838 0.43821328 -0.21147167 0.547406 0.48281599 -0.29753521 0.592345 0.5012483 -0.30873568 0.597381 0.50992921 -0.31678138 0.60293 0.52723564 -0.33293889 0.644915 25.50314158950586 11.797424483243597 155.238434825717
151.05874767774353 78.82809687020273 100.66870162010783 91.03459955590526 113.87423925815025 169.96522696395067 179.7981402952385 132.6378805843241 154.3214759678771 78.73837686975496 0.43549642 -0.2554508 0.609003 0.46670893 -0.21033102 0.556192 0.48034064 -0.22193929 0.550633 0.49991194 -0.21504771 0.559565 0.52383256 -0.30582119 0.610314 0.52466163 -0.3217612 0.642871 159.68051166272775 38.55565663942428 54.371684912742964
