171.6282903172425 175.28520910263677 173.50076976004786 179.8897347889254 86.4703712390867 171.06477513037467 172.634218114997 173.11227674151857 179.12600132040723 163.07085594650084 0.4869032 -0.34232594 0.575649 0.57006603 -0.2436318 0.574154 0.5884424 -0.23928961 0.546227 0.61447229 -0.25146944 0.549399 0.64019703 -0.32284938 0.559698 0.59716743 -0.39081673 0.599716 57.42252128202187 3.1077255506354433 14.092317985733033
170.72197728997358 179.96525398183684 177.7924727737039 178.7824328312136 156.45762924631353 172.5842739750429 179.95140456126634 176.75770757882927 179.85682274922138 171.26848061047102 0.49520451 -0.33700377 0.576908 0.57361099 -0.24270948 0.562395 0.57740378 -0.24255822 0.533071 0.60555953 -0.25861171 0.538589 0.64277664 -0.30466984 0.549995 0.59354663 -0.3882363 0.591574 8.676935509136996 7.373462357341017 16.85304853735212
168.45242603539873 155.2407588254776 179.08379738074288 172.95855183857734 150.60329914627064 172.55214486767582 174.69661679573053 175.40667356563355 173.17474007054932 179.45174616176175 0.49730434 -0.33435728 0.576822 0.57321901 -0.25193346 0.562099 0.57548148 -0.24233551 0.528736 0.59319721 -0.26250154 0.523726 0.62061052 -0.30150334 0.529651 0.58960578 -0.38880254 0.587387 0.2886071292953399 4.407175713089765 13.832458022993816
170.68893055789786 167.56626907221946 179.71632424627782 179.4358703539609 148.39833590800308 172.1726353401168 174.6660798067472 173.51174868066343 174.57374824255805 179.55069826958623 0.49711386 -0.33410738 0.577009 0.56901613 -0.24928818 0.55595 0.57106189 -0.24232641 0.521135 0.5907984 -0.26012606 0.520782 0.6162072 -0.30159256 0.526067 0.5871838 -0.39030667 0.583792 2.726298018100916 2.560423292773358 12.24993764063734
173.29306708322554 176.43139407231737 179.9870744435567 176.8882426076958 175.40536809146633 166.54304925863266 174.99442440490427 177.12356772926992 173.3950399730709 179.72529715366363 0.49678138 -0.33363186 0.576242 0.56489604 -0.24996624 0.540935 0.56108574 -0.24798309 0.509256 0.57750675 -0.26895963 0.50651 0.60700392 -0.30678717 0.515867 0.57024254 -0.39745812 0.573745 17.79426828676038 0.9383621063963958 9.472635134168621
170.31072246676058 171.92064983433815 179.7884355556733 172.95872623030633 179.33557423643967 168.57732644185717 178.15530766110248 169.99344206257376 179.82855186110166 177.65138312733777 0.49320626 -0.32886428 0.571725 0.53882816 -0.24293761 0.51717 0.54493241 -0.24787245 0.492284 0.55942173 -0.26749355 0.490774 0.58022834 -0.30713279 0.495395 0.55692543 -0.39075586 0.563087 13.266440500785771 7.724288728233473 5.400165886171893
164.6933465374106 136.07833851673456 179.93757163290528 179.96827321938002 179.9024819124827 172.63183464495128 179.93349823556505 179.9131446627182 179.95450277934125 126.10592420773361 0.49021579 -0.33070004 0.570878 0.53595274 -0.24194895 0.511293 0.51947384 -0.23074641 0.46778 0.5361748 -0.25035948 0.464511 0.5299749 -0.30434016 0.464838 0.53663326 -0.38134974 0.537832 47.29998162116797 3.425229233915481 12.401084815109776
162.92010695967483 178.365804396946 179.96065021707497 179.85530621485762 177.0685738512977 176.05827610851628 179.87641359700578 177.70696066869607 173.7579227244794 171.2213927343937 0.48704599 -0.33132186 0.568618 0.5137716 -0.24332467 0.49029 0.49714745 -0.24661561 0.453115 0.49438873 -0.26882013 0.445281 0.5016749 -0.30994299 0.446591 0.51454193 -0.39129562 0.532173 3.9758393127806024 8.955256436775876 12.718244747618161
169.56661695425484 179.8983636589819 179.95446670218294 179.99530310285897 179.88797086845506 171.34132511063717 179.92392268430697 179.93586611265596 179.9977054881168 179.83604962837182 0.45950602 -0.31683328 0.549321 0.48040491 -0.2324479 0.464051 0.47559754 -0.23538258 0.44328 0.47040147 -0.25795274 0.431671 0.46167142 -0.30684587 0.423911 0.49547941 -0.38228069 0.521603 11.947148491470067 4.60637932895256 2.0389489948627895
164.63555086308128 173.34178985488663 179.91041501154515 179.99697405800964 179.91830458906952 171.91701678685075 179.87076725553578 179.87917132414333 179.7365021536528 177.2307989015081 0.44434042 -0.31260892 0.542342 0.47705127 -0.23196107 0.462806 0.43629529 -0.23769721 0.420603 0.43713667 -0.26555951 0.412572 0.44872173 -0.3048953 0.420044 0.48107731 -0.38041473 0.518439 0.5369448463196655 4.289131647640707 23.509197955133068
157.84765496358798 179.82841213459614 179.94407530219777 176.82719805931993 162.91057948448605 167.19834333902696 179.0101448688987 179.69541470385946 176.54110802035547 135.28088361610838 0.45213325 -0.32660075 0.563341 0.43417921 -0.25025785 0.445605 0.40249578 -0.26629887 0.41086 0.41311175 -0.28443132 0.421008 0.41649996 -0.33852238 0.435809 0.45511413 -0.39587261 0.523062 34.354180059895874 4.807890439003142 19.195295632423743
161.6709908834154 179.88917579733726 147.9226713132771 162.18333631896823 173.45184210492383 177.5160250725656 117.14080302442963 179.95014437205884 166.33540074093455 131.5663319164991 0.42417461 -0.32010317 0.548374 0.38290664 -0.29192034 0.450649 0.37188826 -0.30506474 0.420817 0.39879332 -0.31878828 0.437586 0.38088607 -0.38124681 0.452431 0.44185527 -0.41486136 0.542225 33.40516993676354 8.16625665600343 19.08976889548553
169.58834329957972 176.9242778456 172.1162344879813 97.42305069875384 77.6392257950534 173.18085641987628 173.78940668955244 33.93999716954417 129.20044731179246 131.8873146140111 0.40447622 -0.39929146 0.542983 0.39793343 -0.32735564 0.526047 0.44944771 -0.45774378 0.546382 0.43659951 -0.42630149 0.505276 0.47578608 -0.44776418 0.518013 0.46448858 -0.46612232 0.558285 16.488389130917536 69.54822720712545 157.55044570931656
169.04737127180493 102.20078660502635 177.5870137775477 95.79055874248405 107.32211882517844 173.3004817593135 143.79066436104452 35.50296327839289 124.97144092166678 179.60041842298605 0.40525589 -0.40839175 0.557803 0.39743241 -0.44380317 0.510993 0.44251564 -0.46630953 0.554393 0.43287709 -0.43320561 0.51322 0.42915822 -0.44960859 0.519243 0.4574353 -0.47033092 0.562215 40.855465087872155 58.32374204894356 40.29191440239442
170.47530409861864 61.04899178342692 177.85880887869504 50.97921939210891 105.25410023399269 173.7888362392797 173.02897718292854 55.08537642432032 177.41923715579594 179.80487011027756 0.36613084 -0.36211484 0.509958 0.32433438 -0.33724408 0.460674 0.37846299 -0.42236884 0.510923 0.3764582 -0.39548173 0.467952 0.38058202 -0.42687399 0.483131 0.40128445 -0.42304447 0.53156 20.784111216667704 100.78638948431258 92.40152704466666
165.73564559244818 147.28582510379374 167.95231119165268 66.0253065531592 142.30930213236772 171.62463740704882 179.74825866976852 92.60513904415893 150.8927665276073 179.667854078127 0.33831468 -0.36410947 0.524042 0.28300102 -0.29194023 0.456529 0.27912494 -0.38425692 0.489753 0.30800227 -0.36514376 0.430381 0.28729733 -0.37238266 0.449194 0.36400042 -0.41072731 0.518542 72.8198949303092 106.6440810314442 107.92197033751322
151.756329314623 152.0749354889003 153.49663530825774 151.23031916868675 150.67661953739815 167.03127843495972 179.90752451688056 87.05599473091637 179.79421662529825 179.4203863039932 0.29460133 -0.33359331 0.505321 0.24278057 -0.27285767 0.451725 0.25820226 -0.34845251 0.458322 0.22921404 -0.29536829 0.421117 0.23167525 -0.3250127 0.416455 0.32675575 -0.37072985 0.488457 2.7256631729674536 98.89677903950486 100.62231697788634
151.05037186882333 131.27696772874876 87.93027857024356 178.86917708248552 130.3455275060099 163.62513527158103 179.05638769477198 179.5020319551042 173.63579136129434 179.97883012370886 0.22503459 -0.37009399 0.487387 0.20945228 -0.34093041 0.481274 0.20866455 -0.27278936 0.450148 0.20906168 -0.27302136 0.437155 0.23120726 -0.32179985 0.439811 0.3054305 -0.35162117 0.484687 30.90305118401746 17.03283549481512 33.647933809058614
157.1764632243722 171.69664975836776 123.14527573425445 179.97767614429424 157.14006583548706 145.69007298577284 177.61807792461047 179.95453586212057 179.94704822811764 179.19509237318692 0.2132898 -0.38215061 0.506515 0.2031505 -0.23877827 0.459456 0.178372 -0.25470576 0.434463 0.16560503 -0.28788876 0.428944 0.1799522 -0.32191282 0.421023 0.281508 -0.35796181 0.484644 13.363881119966987 4.93474703869837 21.858947444056902
151.2273687185837 139.59364858389904 100.1115672079702 178.00299768100263 135.2634792640898 172.256119148139 179.34252085262676 137.22907736811905 178.6008870598263 179.96866914760048 0.18565568 -0.38478881 0.51784 0.17539781 -0.35807739 0.506707 0.2166351 -0.35900805 0.473291 0.17314236 -0.27574696 0.461709 0.19435525 -0.3329728 0.458732 0.27382421 -0.35953985 0.502248 37.84077815119596 112.98273287729026 61.67402425188305
151.1739377001033 141.2280914383744 106.40825858354783 177.812972259125 135.64318926721975 172.9433573949511 179.4574448574153 132.99755311394242 178.49888845606054 179.8992345765527 0.17575559 -0.39413564 0.525453 0.16661305 -0.37392 0.521158 0.21263927 -0.37077747 0.489167 0.15998841 -0.28677326 0.476397 0.1867591 -0.34132559 0.471974 0.26419683 -0.36279554 0.509497 40.29331425352198 115.84575687126211 63.19689866024417
156.63984015557654 145.73034104284298 97.08069065747698 179.73339259178067 138.04447497782328 167.50570938366232 179.5734637776996 126.76047474269707 168.91156472208684 177.76963319599702 0.18758132 -0.34465144 0.53733 0.13862917 -0.32727625 0.512375 0.17570725 -0.2656432 0.475237 0.14201497 -0.27771144 0.463409 0.16385575 -0.33278648 0.459376 0.2456186 -0.35740368 0.507879 31.839535557656838 28.005017653870187 11.335118997361453
164.63847663525831 179.61334163093457 138.61057303774191 179.97408186009346 150.42093758956742 146.2625452856213 141.3347116286824 158.37948325237164 179.96553384516298 179.89441098666018 0.16708917 -0.38327744 0.535677 0.24577024 -0.28121712 0.560466 0.14622258 -0.27882997 0.493254 0.12972329 -0.30826626 0.481837 0.14477547 -0.33837394 0.466138 0.24076314 -0.37239221 0.508461 25.668929399035534 4.024636519477036 63.27062615571888
163.41778100674435 179.57383947986435 138.30748802696453 179.959391722657 151.6004586416747 145.12962874953973 140.87937996014392 157.27416870426381 179.93454893063262 179.98431908222764 0.16261759 -0.38370076 0.540762 0.24423714 -0.28895877 0.571654 0.14470066 -0.28534075 0.506262 0.13029555 -0.29996313 0.493846 0.14222344 -0.34194453 0.476029 0.23969037 -0.37416153 0.512986 35.27803430604162 5.436713412329076 64.08932299626794
163.751962038126 167.48006199383224 136.35365007712969 179.90116684277987 157.59343081441062 147.1488740886525 142.42621790311335 156.62616778244566 179.8523052942588 179.93861518165863 0.15961099 -0.38618469 0.55239 0.24550253 -0.28539789 0.571782 0.14488586 -0.28630935 0.512343 0.12636203 -0.30039033 0.501112 0.13585817 -0.33988798 0.47924 0.23051865 -0.37096489 0.515457 33.326677290030275 6.354040366180328 64.27148284304008
162.45926792512216 179.78770306549615 138.7538804305066 179.84172842680795 159.56132997656385 144.50990537139663 141.49014029937217 166.93450661897845 179.7465762209885 179.92712904492987 0.16255257 -0.38562216 0.555512 0.24845064 -0.28831018 0.576227 0.15604609 -0.2782437 0.518535 0.12978374 -0.30368426 0.507031 0.13834428 -0.3425409 0.483696 0.23413984 -0.37358181 0.517208 33.71586195703269 8.384174546063424 54.43321362158762
162.82386911446716 173.95052238691864 143.8490358522605 178.88012768991672 158.42483383032223 142.88101454596753 138.6759437304253 155.24731437377343 179.7349553757352 179.92380533056664 0.16394141 -0.38878403 0.557464 0.2505439 -0.2935034 0.581938 0.15824033 -0.28111088 0.523554 0.13216606 -0.30646736 0.511573 0.14079612 -0.34563527 0.488425 0.23573495 -0.37562164 0.520682 33.865340321243025 5.048712700287741 54.233420775093386
163.1312237688937 174.68131110757386 143.5898108379987 179.14196885018544 158.11359952080443 142.30243047942938 137.6388080206519 155.28303518076223 179.7451706760631 179.92704298765884 0.16456013 -0.39018528 0.558178 0.25092608 -0.29419378 0.583148 0.15877087 -0.28170774 0.524558 0.13301607 -0.30706458 0.512518 0.14165331 -0.34627083 0.489502 0.23622737 -0.37610449 0.52174 34.12308597238748 4.854637685159222 53.661603184391836
144.45046937592153 166.61269507603254 178.8288617735659 178.2101895935114 157.8205066891437 141.93315932818115 171.390173663079 178.256770443982 179.85254608603645 179.5539909200125 0.28358239 -0.33408451 0.585765 0.15730811 -0.27567357 0.525704 0.12392848 -0.28730197 0.510083 0.11795579 -0.31859486 0.508232 0.12002313 -0.34776672 0.485465 0.25317532 -0.38685188 0.543011 13.28816271398073 8.535593059644413 1.0849711892298048
137.97325325862752 173.49846665471438 178.8492916455032 178.11946471724735 157.45370139656518 142.30241080672985 173.22320032289747 177.9888640002897 179.51028014604861 179.59946792407376 0.2872598 -0.34041192 0.592889 0.15572252 -0.27440366 0.524385 0.12538113 -0.28703806 0.511612 0.11809201 -0.31869231 0.509351 0.12087506 -0.34745644 0.487177 0.25388759 -0.38706521 0.543788 13.32105371378315 8.925797276198915 2.506066987870567
141.16055717921938 175.70379017079048 179.21101325623647 178.8663811121731 158.74829414731803 147.36961001758394 174.63778076104424 178.0391546093074 173.94170196271767 171.59648025975744 0.28568511 -0.35757713 0.611657 0.15414325 -0.27304643 0.521875 0.12419496 -0.28621322 0.508311 0.11670392 -0.3172837 0.506639 0.12088795 -0.34784807 0.4879 0.25624701 -0.39012752 0.548143 13.730610790375355 6.463371666230928 1.4265804585117254
139.19439731774114 178.22428518106318 166.15752335344882 176.7394793420296 159.60719507023018 149.20338697841197 178.3169309439067 171.79702076090743 177.8313847361729 178.93464502139093 0.27727667 -0.35413754 0.600824 0.15079607 -0.27032833 0.515537 0.11937961 -0.28607954 0.497916 0.1125336 -0.31204753 0.494698 0.11794173 -0.34293213 0.479735 0.25421556 -0.38690648 0.541975 11.015969366619224 2.2391748072635616 4.970550807436011
142.83766920267678 175.46220545493117 174.25073711579623 174.7730672078395 159.0412439430652 162.60033226019567 177.30707797634113 175.82868263258663 176.5162612227746 165.40649034340206 0.27495548 -0.35126006 0.594763 0.14924375 -0.2722944 0.508758 0.1204678 -0.29291857 0.49121 0.11761381 -0.31630688 0.48793 0.1313585 -0.34804909 0.472514 0.25698389 -0.3885135 0.536865 15.1273762237454 1.9181626307659743 6.780151443158538
134.49940024776456 170.38595636764137 171.6687471591214 173.12365057675 159.74476155001722 160.80605397051497 177.1202308901211 175.47536557337858 176.50986513750934 165.37292127645392 0.27720212 -0.35226926 0.59144 0.15268491 -0.27686821 0.508274 0.12156452 -0.28979697 0.486132 0.11822911 -0.31324473 0.48316 0.13161531 -0.34618505 0.469181 0.25949294 -0.39014454 0.533897 14.809399634497492 1.558829140196488 4.2013248047313425
141.72639309629628 171.31014623517515 172.02759982636178 179.84002593964593 159.91544544320357 160.858091215068 168.19668071562108 170.1467849634836 179.49850429655424 162.233755617891 0.27529892 -0.34874047 0.578265 0.15473912 -0.27400123 0.492371 0.12272277 -0.28728501 0.46572 0.1154598 -0.3092425 0.470722 0.13387485 -0.34658844 0.457702 0.25745514 -0.38701437 0.523018 16.014997483904107 7.262960078229895 5.41646567985314
148.46851249613255 169.07813812342306 179.35730188680307 164.8603856723854 179.68666536373635 172.15413688008067 167.28735210447192 160.26440742097796 179.88078295119658 172.81812983518694 0.26923249 -0.35666323 0.57021 0.159895 -0.27563338 0.480604 0.13282597 -0.28910218 0.456381 0.1300658 -0.31824915 0.463195 0.13792336 -0.34807241 0.455012 0.27026169 -0.39288736 0.516432 1.6816242967522272 5.794782288070072 5.696751432030585
153.00365517024176 176.70603957775498 178.90915740633474 179.88996980727524 174.94056844442878 168.60858356026262 167.75715290367614 163.22264799984393 179.8403531973599 174.5982508237875 0.27144738 -0.34829118 0.558914 0.16200701 -0.26925911 0.463588 0.13661816 -0.28674086 0.441682 0.13252274 -0.31324652 0.447831 0.14764522 -0.35648541 0.446133 0.28110655 -0.39076045 0.511843 10.104306122935682 6.349426130928238 6.861265047499441
148.01017868306653 179.97775232343918 179.84194659078054 179.98544893227395 178.89233466740632 166.3824034106087 179.9666919386934 179.75034168034512 179.9619060715278 110.60493133794107 0.20015148 -0.32223753 0.439404 0.14368828 -0.32258687 0.443739 0.16849015 -0.31422908 0.482768 0.19789158 -0.29753422 0.49128 0.28387004 -0.31345584 0.52394 0.29331671 -0.34352258 0.500351 77.20965461187038 15.84148914527617 12.817113614859268
174.1624953041657 179.43006792849258 179.50156418646228 179.4617148395307 163.7287011548427 169.96581602166165 178.90770909092632 178.97218515902128 179.25638973458305 179.3433571783048 0.20819631 -0.35736397 0.432577 0.15833759 -0.35694401 0.442803 0.18832469 -0.32615982 0.472918 0.20123831 -0.30927544 0.481418 0.227148 -0.30903073 0.500138 0.29007128 -0.33738983 0.478649 3.31640632805943 9.2937143584295 21.17825338118924
137.99792988093546 131.37951012076536 164.93434082535543 126.56450012663615 107.24600896712977 121.79373386285567 81.12024201250188 103.78490049180446 106.50799222324518 168.85895159003286 0.19250693 -0.34931654 0.407472 0.30054126 -0.38889353 0.513045 0.28172702 -0.41466442 0.538983 0.26531423 -0.39678182 0.531063 0.2431468 -0.41476555 0.51953 0.25314844 -0.32020018 0.450372 67.60313210096288 21.24496294649627 31.613205364489875
141.12058044364395 114.95690421875712 156.8784225590491 130.3050486934852 92.60034983389887 119.00661146276951 88.93613377468309 88.93094784379946 96.42115145687518 168.74925258051178 0.20010797 -0.33933227 0.392216 0.30377451 -0.37182679 0.488204 0.2928438 -0.40522844 0.523978 0.27324829 -0.39309513 0.517188 0.25288501 -0.41234628 0.506875 0.26271465 -0.31651613 0.441563 65.54843773943941 13.97818618895619 44.945088389658714
141.9112547088719 116.0677228242534 157.00923744042672 126.78886296272668 113.53948287037609 117.8445913235365 88.16094095477173 88.32823312499104 108.50704730111941 170.2834465685467 0.21971282 -0.33843336 0.391177 0.3272708 -0.37176586 0.488124 0.31847465 -0.40487733 0.523524 0.29753482 -0.39924631 0.516794 0.27879194 -0.41545957 0.510702 0.28327544 -0.3164036 0.441406 57.60640412248978 5.329632256273881 44.27773966481356
129.81424629668845 137.44961317467795 130.24220505691346 108.00848331310061 59.95618463989954 162.9276969970722 61.340508946009585 79.04638524026247 72.75846892499756 177.86098244047972 0.26342284 -0.34582518 0.403799 0.33833851 -0.36731958 0.472706 0.32079381 -0.38839824 0.494738 0.28315436 -0.34661108 0.480215 0.28827625 -0.37238421 0.486758 0.31603025 -0.31959157 0.456719 107.83726921389732 58.575124296821464 13.758522724518855
124.70358113655645 106.83523450422351 98.90067691581046 110.31597253986294 115.45880588363868 164.21380694757934 97.60364175307798 110.34844131317031 37.55018890492135 178.74943312548913 0.30490896 -0.36281732 0.420076 0.38360155 -0.38143852 0.491866 0.36715303 -0.40548937 0.510961 0.33316001 -0.37138247 0.505647 0.33288293 -0.38992876 0.501526 0.34180168 -0.31544768 0.454366 79.07899110263561 30.691941838948914 27.575417105326636
158.84125368147141 148.79414000064799 110.71258798530607 105.18506812658066 110.75637536408395 130.37950292859185 128.71821865995625 105.91376535260936 29.563676955106114 179.3404285183829 0.36808612 -0.37355976 0.431954 0.4088193 -0.41453745 0.485363 0.38920227 -0.40259462 0.507002 0.35442193 -0.36750862 0.500468 0.35722716 -0.38936302 0.500781 0.36364684 -0.31646405 0.455631 85.98300253921329 38.666921893170475 41.151308866975995
160.09400370898305 148.21139150543308 113.800337075013 105.220942194619 108.33128210631753 123.57048722469484 126.17785958120936 103.6443500384576 30.07029406597787 179.44932303424397 0.37045251 -0.36749879 0.434731 0.40865673 -0.40433003 0.48517 0.38897965 -0.39238698 0.506712 0.35369321 -0.3568878 0.499439 0.35670999 -0.37886045 0.500056 0.3640882 -0.30849956 0.456184 87.41560391189026 40.03652398151739 40.793371368456675
163.50693293562307 54.11820848787136 147.0915319524601 152.913974954028 160.71432274511682 138.69014873533672 150.4527018163677 99.89165036718822 63.66907358459404 130.14421738216458 0.40065694 -0.37807238 0.444263 0.43412275 -0.4140947 0.496426 0.43687041 -0.37272994 0.520397 0.41320997 -0.36202036 0.510836 0.40458212 -0.37046631 0.502459 0.38106739 -0.30752998 0.451372 34.19448936787764 7.2649125689865155 51.104107460468995
167.52790678295045 81.68862626955831 150.0952883958722 140.0118384692576 160.09197716017184 119.72551088745836 123.09290853268482 100.24604966218958 100.79187025421275 128.4315484864547 0.45227719 -0.36378043 0.459699 0.44470458 -0.39039783 0.495779 0.44873605 -0.3717902 0.519066 0.4267001 -0.36293312 0.511754 0.41453734 -0.36792998 0.498579 0.39242191 -0.30786123 0.452034 29.029977274238256 5.325521486852257 18.742379674987976
176.50171803987288 176.54565915937704 172.9225912068269 89.73024711838558 171.73217292199757 143.87225228658355 174.32794136078806 174.4992855982577 118.73147398993494 140.54312223214774 0.46534933 -0.37309315 0.470549 0.48531368 -0.45150787 0.527691 0.47455292 -0.45815097 0.538533 0.42025999 -0.36321451 0.511245 0.41278855 -0.37109577 0.505123 0.39275093 -0.30528599 0.449991 58.66169530066842 98.3467212922651 3.286287162332245
165.64103662700933 175.2106377054473 173.5373531454776 153.44717160298586 163.66687479037645 123.8186992298056 179.41695140638066 179.56299771677655 97.97763457794231 125.92108742417783 0.48672319 -0.32680874 0.468147 0.49004598 -0.43344913 0.52592 0.47583299 -0.44350185 0.53164 0.44199451 -0.32188588 0.493146 0.4341302 -0.32234407 0.485424 0.4095022 -0.28887087 0.463738 16.04632118603565 71.13840751647096 3.006859261548291
149.4154930755429 153.4035549056204 173.9177374558114 136.36025752891658 144.2775006094456 151.88353228042686 174.9519645272446 179.47934215420926 106.92355305355565 104.9718992883191 0.50282816 -0.344715 0.491205 0.53959077 -0.4003663 0.534339 0.49585994 -0.44656749 0.548063 0.47492986 -0.33236178 0.510344 0.41276739 -0.37737318 0.51083 0.43997574 -0.29152968 0.480692 40.39799940265962 65.34316558388585 22.22310264621749
154.50195798135877 152.75272454864808 173.6167192198754 131.4404457066401 133.68724914499697 150.78413214871406 173.04001065250336 179.5156271965241 123.35553444960311 125.59057177224078 0.51466144 -0.33370304 0.500329 0.55794299 -0.39142242 0.545856 0.51250331 -0.44248817 0.552062 0.48713209 -0.32306646 0.521947 0.42469022 -0.37175526 0.512784 0.44281065 -0.28489475 0.486322 44.40348864031365 71.79995285012212 25.537747743087486
159.03105138425937 147.0997170915297 171.74797937012318 123.19961095509285 137.73810262872487 159.26974851816874 161.379294910966 178.5008151292945 147.78369723089858 108.54415042871665 0.52209206 -0.33773017 0.506606 0.5683361 -0.3828478 0.547864 0.52731753 -0.44121125 0.565126 0.52001252 -0.33170271 0.532088 0.44091049 -0.37332685 0.513143 0.44976696 -0.28719697 0.494093 33.163185015881766 61.807371366566784 34.31118746515851
136.91695899068992 156.13632450469328 170.46180193848193 168.90984573320088 154.5254518480746 140.9174236575976 158.1125406160772 178.63957490881654 167.76531716958354 138.70122526358293 0.51770554 -0.33549371 0.503265 0.57577452 -0.3890707 0.555535 0.53462268 -0.44429388 0.573223 0.53564068 -0.41970372 0.559188 0.46538671 -0.38827428 0.537997 0.45613363 -0.29080734 0.502784 7.692921897472444 17.703474985436237 34.84088982942156
132.7422787737053 158.57865624195128 168.77579778360044 169.2622295753713 152.1427074195507 139.9587635912384 157.9430349236912 177.44283867069788 168.224770242771 139.91302672934933 0.51593436 -0.33337064 0.50128 0.58423631 -0.3942216 0.563282 0.54079166 -0.44746737 0.589897 0.54313346 -0.42303151 0.565021 0.47522866 -0.38767484 0.542741 0.4601386 -0.29107234 0.507814 12.071128052034947 19.3073835519622 35.34223737108028
139.31437372766223 157.8585310901353 169.4149744616506 167.80179501709196 158.29459467263803 145.7039794136669 156.66565718602317 177.92801419904816 168.76935715805283 135.59690849133915 0.52568455 -0.33524602 0.512561 0.59017591 -0.39403967 0.569683 0.54431013 -0.44768858 0.593526 0.54885549 -0.42578424 0.571852 0.48341707 -0.38755602 0.549893 0.46706849 -0.29043376 0.515521 12.538108314073698 16.461726335776707 35.81693731674889
152.72442007822315 179.4771419979748 152.53721427264128 169.02940373778517 153.47586649551937 165.20829728000277 171.31039989817646 179.97644026893616 165.6775995950152 156.41545367675585 0.53160077 -0.38383209 0.546237 0.60500834 -0.4178735 0.588671 0.53409172 -0.44043509 0.584118 0.54037662 -0.44111649 0.587754 0.49110716 -0.39079048 0.564288 0.48585168 -0.30756583 0.531523 14.051719155566035 11.332569499136206 20.513232200584717
