154.14894710424727 178.9275250827687 111.07480445639713 155.30900724945357 179.80202960303458 164.5218008093794 177.4429757132995 170.9164117202494 127.34456846568855 176.9018335402849 0.43866622 -0.28847124 0.531847 0.45759483 -0.2185127 0.543728 0.5001902 -0.23626614 0.548576 0.5036091 -0.25897774 0.533117 0.5344789 -0.2507897 0.542885 0.5100101 -0.34461254 0.56746 62.18610484985393 74.06160926751373 19.746932392734415
158.7761834477211 175.42875974296868 110.99798212872304 133.58908340158007 154.9857855489485 166.3628173022605 179.84366137283288 179.13856525965537 144.10180290399094 166.53923256134505 0.46937572 -0.29110117 0.575317 0.45776456 -0.21498489 0.528334 0.46778653 -0.25127496 0.522523 0.49365918 -0.25600872 0.526478 0.50980494 -0.26225479 0.530616 0.51432468 -0.34634179 0.572704 31.578298989618677 23.670312980255712 32.31617431199288
150.67377847848783 179.98925625689066 109.694732617358 113.74348947706055 107.69820408970241 152.0602908300788 178.22763878133293 178.0263887877287 137.05307839305496 167.4129832195029 0.46364498 -0.29060327 0.563039 0.46996129 -0.21030889 0.539129 0.47890815 -0.24037272 0.530899 0.49897864 -0.2743427 0.533546 0.5134501 -0.27298977 0.533455 0.51380201 -0.34376457 0.571165 37.79528466691018 62.426872280783236 28.44979823028384
163.71692082264164 171.12995890245 177.42319132164448 140.76463378801174 156.01793016777867 166.05378939023163 124.11258102716536 175.10211595903604 132.18197973102306 132.05754829553368 0.46147732 -0.29105994 0.560609 0.48658827 -0.22136173 0.548088 0.46713412 -0.20958947 0.519312 0.47748011 -0.27963577 0.523019 0.50185293 -0.28230454 0.525495 0.51041672 -0.34588359 0.569898 11.296295300995943 73.07297103035935 57.112923224764735
163.9580803153732 169.62140276145476 179.38994063057805 142.99245400002954 165.90847114255877 178.1171020685522 129.19913110812539 179.14451637359878 123.6533704710838 99.80573620911477 0.46531465 -0.29389944 0.564062 0.50656 -0.23371477 0.569387 0.44666828 -0.27575285 0.536979 0.47264541 -0.2860309 0.538805 0.49301297 -0.29106718 0.527913 0.502119 -0.34089167 0.559749 7.224593657693811 34.67147353895515 91.23163733906797
166.7332979125732 179.67507153078984 92.32911019202827 105.52729009296223 170.7445221316614 167.51182858613294 156.65907263177016 111.14210404413978 141.31710430930082 117.80713998551867 0.48169735 -0.30426656 0.582355 0.49312487 -0.22730362 0.536721 0.46261299 -0.28687535 0.521399 0.45760372 -0.28895444 0.52349 0.46440555 -0.29032094 0.502299 0.50371091 -0.34545064 0.56237 24.314962563900036 29.149698274286017 129.47541219981562
161.19740694444997 179.40876772562783 99.00182544901973 111.68684806262698 72.31307061208422 163.0835747650121 170.47270638611988 126.1653153968326 144.48365278833182 153.56341990644572 0.470844 -0.30341072 0.57087 0.46399755 -0.21904472 0.505199 0.43475456 -0.2807786 0.496046 0.43498389 -0.29359378 0.50111 0.45280566 -0.31488047 0.497224 0.50513008 -0.34504522 0.563272 11.21617943958882 12.569711727346855 94.03993559871746
155.6214291129286 175.5249278982275 127.63276935795157 132.16132431090563 156.27059972289467 158.18666912627398 175.34056742638242 128.62936137583318 136.73843377053143 67.61501200391524 0.4645778 -0.30484943 0.563583 0.43314269 -0.21895584 0.482636 0.41300887 -0.26830834 0.474404 0.41763489 -0.28221146 0.481683 0.44790821 -0.33521164 0.512503 0.5047078 -0.3469357 0.566156 103.14103022299881 7.700310186240727 58.458251075160355
154.32498458142265 179.86910622640448 137.75269381113318 168.24896564644007 126.98872497836223 164.96117050347584 178.186743840243 139.63031865567226 133.33086238591528 83.54148561341425 0.46968325 -0.30893247 0.570096 0.42401255 -0.22270722 0.479112 0.38880914 -0.26870905 0.467212 0.40536769 -0.27526975 0.466851 0.42935358 -0.32965392 0.500032 0.50456971 -0.35605206 0.562396 127.23953969150908 14.630976691539557 53.78872220269781
142.8004433472456 179.87787702961552 142.6177997029514 161.4562975227376 92.60489280663573 154.00032355719642 178.58207775908758 139.09489433143008 134.4553882964295 115.31188828569704 0.46090883 -0.31343799 0.573257 0.4138571 -0.22378809 0.479664 0.37896753 -0.26933046 0.466992 0.39375908 -0.27757142 0.463577 0.41772945 -0.32893855 0.497806 0.49386328 -0.35685726 0.562362 122.88064648240282 11.589617986838505 52.81437654113298
147.86466881781897 179.08169368726172 162.11496531403253 158.75675479290382 17.96018175107692 138.89520605382177 179.8147701406527 137.64882726924142 153.17604933965833 149.0691688981341 0.44786343 -0.31252963 0.573365 0.38874645 -0.22554051 0.473757 0.35911403 -0.26656133 0.462062 0.36440822 -0.2861436 0.461434 0.40175349 -0.32356393 0.49069 0.48243671 -0.35422918 0.558256 128.68006012961993 6.777445551749033 44.37190167743637
144.6896631944888 179.08079070395743 162.48402273532628 157.72781852843346 16.79475000213107 138.21910459790624 179.62423151905 137.38363064578772 153.00660856544172 146.4774528236743 0.43276672 -0.31794881 0.574626 0.377943 -0.22548005 0.47363 0.34889155 -0.26614539 0.461341 0.3543941 -0.28593896 0.461104 0.39120328 -0.32280099 0.489533 0.47092872 -0.35364033 0.557328 126.97746698599087 6.83342335273695 44.143592168555124
144.09256530082956 179.98458093192826 159.39516339778905 143.01363123563283 54.04763966696385 136.27369298138527 179.42298051645946 140.71207468105996 179.92465021824665 160.16400978606134 0.42184361 -0.31726505 0.575161 0.35510802 -0.22800866 0.473324 0.34017644 -0.27165293 0.463718 0.3442975 -0.24980701 0.469043 0.3718834 -0.31790918 0.487669 0.45763105 -0.3501735 0.554589 37.673009970127126 35.48031362519114 42.022460794798995
130.7578309827653 179.11352111722826 151.74546384860508 153.4393764546914 40.288425974829586 134.48273125679654 178.81850693742143 147.8521833222396 178.29402606002745 168.44490340064732 0.4173461 -0.32523661 0.578487 0.34621965 -0.23888621 0.475572 0.34186304 -0.27556347 0.466446 0.3243854 -0.288817 0.47183 0.37173701 -0.3202283 0.490491 0.46057035 -0.350688 0.558131 28.790483936417225 18.399799024639986 30.720317227900352
138.83199427361077 179.1373834428877 151.43161795008058 153.3802923910906 55.491247072108976 130.26703524560682 178.5611455273133 147.0744277247267 179.62491739479142 159.56404013291245 0.4063922 -0.32542608 0.578824 0.33511547 -0.2385351 0.474873 0.33155642 -0.27742119 0.465737 0.31491727 -0.28309238 0.471284 0.35974809 -0.32084819 0.490713 0.45023721 -0.34919195 0.558478 28.049068477607932 22.55446019424357 33.24038587324528
138.41449390826182 179.14230766479375 148.31829321479506 153.5489912280961 53.13086637949932 127.58245745307114 178.47496015236467 147.5402468777361 179.61192126544057 158.4771177013998 0.3939148 -0.32632699 0.579198 0.3247532 -0.23870639 0.475214 0.3225415 -0.27878445 0.465605 0.30486163 -0.28307315 0.471252 0.35018009 -0.32113458 0.491151 0.43998379 -0.34949582 0.558964 28.537502455835536 24.516160200247263 34.0904119861529
167.18264916414918 179.8763546906121 128.72890495748027 140.4899217220753 15.37750327636228 178.71758911425738 178.74100438410989 165.2678566127783 178.20841795450414 163.3556411741789 0.37909382 -0.32116566 0.561257 0.31027398 -0.24996686 0.485798 0.31525891 -0.28392771 0.466916 0.31879077 -0.31579315 0.472984 0.37118426 -0.32072814 0.495355 0.44221918 -0.34843607 0.56247 146.87987692123698 13.658943865110093 26.46020864412503
168.1529575538327 179.67682053750124 122.02584945034062 153.93768765040008 34.954469709512246 176.79478078448105 179.40939483691633 153.0143983070302 178.26639373700436 164.06350764647982 0.3732107 -0.31646823 0.555841 0.29914144 -0.25414148 0.48987 0.32116932 -0.28526781 0.472059 0.31147489 -0.30249312 0.477263 0.35444912 -0.32163473 0.495278 0.43285569 -0.34200607 0.562181 118.76405833212006 29.214159254168404 39.561934820707414
166.10600073176087 179.6651239435009 99.95374352722474 152.46926984828906 24.15475608484205 174.84436526992633 179.1888582181766 153.80935198664588 178.2380677707793 164.6754780147352 0.35941838 -0.31451452 0.555229 0.2885613 -0.25390387 0.489412 0.31616542 -0.28493726 0.471512 0.30181567 -0.30218889 0.476783 0.34581044 -0.31933914 0.495066 0.42216483 -0.34203527 0.562229 132.68958013827555 37.78062494248949 47.86992183890243
166.17434707535813 175.26441339969006 101.07862172542539 152.26904829587718 24.796005153634468 169.96943638551312 174.5464939628845 153.71182985581547 178.23194124522328 164.19831935186446 0.36171841 -0.31208896 0.557459 0.28703595 -0.26324193 0.492085 0.31565589 -0.28491992 0.472073 0.30203897 -0.30299342 0.477301 0.34597621 -0.31980127 0.495402 0.42209353 -0.34221142 0.562441 133.62121280198699 36.808362893436595 45.7385671207989
164.47207503342673 179.7374446013166 88.94711321866245 140.46946329084372 15.614293018966501 175.14931505430263 178.7852938467616 140.92213078725945 178.0837594977728 173.13820269952168 0.36405712 -0.32178974 0.578336 0.28689236 -0.27702633 0.517983 0.32321243 -0.29636683 0.49022 0.31029564 -0.32106852 0.494145 0.34723354 -0.32066165 0.506007 0.42677032 -0.3460788 0.571168 114.15400810646142 52.421696859386394 68.9691668336768
160.47858246329315 176.92031994853465 88.51682081170519 123.05463367685311 38.639866441725474 171.59844880045247 177.56654425933826 129.47721400147535 178.57352587429483 162.22444580927976 0.3674316 -0.34426624 0.595739 0.29040119 -0.28246088 0.529471 0.33089166 -0.30926352 0.504195 0.32698711 -0.33833527 0.507504 0.35241882 -0.32730754 0.516797 0.42752718 -0.3474246 0.579182 82.07507775706227 58.15672267860318 79.90543643126273
160.44347031804173 179.98432257262715 89.058835739828 118.48341382730622 58.71579813784021 173.32430256593756 177.71210930509343 129.8292497873396 174.5455387522637 153.78710021912534 0.36715582 -0.34668986 0.599341 0.28708345 -0.28865049 0.545426 0.33530106 -0.31479241 0.511802 0.33104684 -0.34234973 0.514991 0.35346719 -0.33095717 0.523931 0.4279055 -0.34809702 0.584947 65.63218382600162 62.00553258189469 92.9104088167202
159.42364658337127 179.40124261791382 95.47149933538734 114.89170246441141 67.53640775807996 173.7121554054307 176.58911153720717 127.40973784105485 178.5513583266264 148.29225694799425 0.3691134 -0.35421023 0.607168 0.28967387 -0.2906332 0.549455 0.33800497 -0.31821829 0.515714 0.33380391 -0.34392638 0.519127 0.35719847 -0.33408451 0.52928 0.43078273 -0.34942234 0.589945 66.5558705408804 61.907484957849945 98.30363638327336
156.35150426387787 176.14430064467138 93.74162791967024 114.37050013013132 113.04579093285271 173.73317327240636 173.2702130857468 122.50950938466389 178.960286701304 129.41362078747645 0.37522368 -0.35959637 0.617291 0.29526842 -0.29395384 0.559049 0.34541526 -0.32329877 0.528009 0.34167937 -0.35003402 0.531054 0.36465096 -0.33957472 0.540111 0.43350559 -0.34962982 0.596247 50.93436908589136 52.95618056781768 101.09139428729766
157.07747303367773 176.2016759453837 93.64621674213969 113.80500533440247 110.23961414652771 173.29372403863414 173.2972358471107 123.92643855620919 178.94121291701455 129.73106755059428 0.3757569 -0.35987003 0.618204 0.2962384 -0.29378317 0.560381 0.34588056 -0.32272715 0.528563 0.34220215 -0.34937152 0.531675 0.36535407 -0.33934565 0.541026 0.43421292 -0.34951127 0.597425 52.98064623122655 54.52365382075795 101.29207038153704
159.18464504355498 176.99974716088863 103.28692049105489 119.86182790462043 106.81921503552391 170.5369605057808 172.46054824805125 127.55239446028143 179.21525515083292 130.877929953279 0.37479848 -0.36068603 0.618917 0.29639977 -0.29440466 0.560977 0.34344644 -0.32517488 0.528584 0.32603305 -0.3393897 0.53163 0.364281 -0.33886105 0.540664 0.43331378 -0.34890226 0.596978 62.916487057251 60.34701916504793 97.35916788559385
161.12470797101767 177.3442576690395 101.40698539223953 121.00074962904033 105.55997338600542 167.89487960091668 172.3093110628179 130.19881808203374 179.4666091053058 131.22260568240893 0.37458426 -0.36084055 0.619699 0.29663757 -0.29465596 0.561428 0.34247887 -0.32492226 0.528663 0.32460271 -0.337701 0.531825 0.36421276 -0.33906731 0.541408 0.43369348 -0.34920569 0.597965 64.27221967842789 60.06312292038022 95.05029494745476
160.5967686776554 177.68215884834584 93.08686182665024 106.54885987777547 126.99922966391887 162.8107504524437 172.87173624660971 143.87527595752127 179.22112691277076 115.48335129781347 0.37805821 -0.36305672 0.627008 0.30079918 -0.29727971 0.566837 0.34307141 -0.32954017 0.536648 0.33880479 -0.3382961 0.539011 0.36672599 -0.34111712 0.544974 0.43373873 -0.34796326 0.598761 55.86648014563631 40.866785531904476 85.7989884267843
161.6016069846379 176.85410460667546 95.62319825503167 106.43898195583002 132.54985243596855 162.38480962422048 172.15870285732856 138.87247252267537 176.28288974399914 114.83251684290843 0.3778944 -0.36169919 0.626146 0.30082836 -0.29721216 0.566403 0.34277752 -0.32916473 0.536261 0.34059814 -0.33893492 0.538916 0.37023847 -0.3406439 0.546398 0.43482073 -0.34798213 0.600006 56.68483363538727 32.35040628327869 82.27331152583322
155.52620643030653 178.8953481206888 98.57278512670804 93.12652890688427 124.4990757271774 178.1685014753348 173.77290790386832 135.88146038817018 124.5344864736588 89.36045146484449 0.38308811 -0.33648187 0.615139 0.30506254 -0.29521351 0.563082 0.34374615 -0.32413087 0.53008 0.37893856 -0.32603933 0.534127 0.38787985 -0.33456245 0.548158 0.43843273 -0.3496251 0.605041 55.36429388381421 45.36272253536314 81.74953046803681
155.84357878206126 179.46155181488658 99.84634706874928 96.58119394918623 115.00646346167379 177.28168666488142 173.28177772852607 136.0770434864056 121.29986712752118 108.916566430635 0.38244726 -0.33680009 0.614239 0.30363831 -0.2887718 0.553574 0.34349148 -0.32361631 0.529543 0.37922718 -0.32528804 0.533644 0.38090627 -0.33692761 0.547887 0.43926008 -0.34875264 0.605109 65.47569810201584 48.70353398619029 80.83636053332965
163.232675948259 179.8761497190391 93.48946998102512 91.40780855535375 111.63208032603593 170.973384955884 175.76144214878283 118.55191589417657 125.6815056918585 111.09172144915433 0.38163117 -0.33441565 0.608781 0.30519158 -0.27641807 0.537387 0.3615249 -0.30659414 0.52235 0.38470643 -0.32087075 0.527922 0.38997269 -0.33658275 0.549889 0.45139499 -0.34517096 0.605343 90.8136319764047 12.994278401375894 98.75152803319934
158.62595866801647 179.86925437157382 94.22424040648457 91.64342226245067 108.49845003156399 171.85543259585498 175.52321266349392 119.75615459716113 126.93132495968155 115.4925427496504 0.39669784 -0.33466118 0.606947 0.31463263 -0.27546413 0.535542 0.36920538 -0.30500409 0.519511 0.39231475 -0.31916661 0.524953 0.39825407 -0.33526317 0.54598 0.46065014 -0.34403047 0.60323 91.67126496803745 12.646494256426442 95.60408558124303
161.14664494408822 178.84157265270082 95.63682090076935 83.67276926158591 130.8160216310273 167.6549339281059 176.17255213203566 126.68870242419459 140.9982259203108 121.69117767122846 0.41146977 -0.33225337 0.602462 0.32845691 -0.26903486 0.532886 0.38586082 -0.30403149 0.516271 0.40776872 -0.31803584 0.522187 0.40690754 -0.33498438 0.54587 0.47644745 -0.34019355 0.601431 102.77151050711542 12.762865353603477 89.68081118172064
161.08532672641425 179.9340343090426 110.96608868190624 98.73503781455403 123.65132770251977 165.0401323170438 176.7567726979924 144.5986733253596 170.20004802741337 122.3220133031418 0.39956628 -0.30599795 0.580845 0.3219173 -0.25651343 0.511992 0.37860802 -0.29082259 0.491664 0.38336914 -0.30715538 0.500019 0.40865292 -0.32766824 0.535719 0.46972311 -0.33161198 0.592574 83.41442215954253 36.513109945160785 61.40414660808183
162.89369905420182 136.68427748617557 115.75631582327694 127.5064400296676 140.03692314292542 151.78856306986137 102.72149295062341 158.33420638409206 179.13056996491636 179.02568703641467 0.41070592 -0.29330112 0.579717 0.39656687 -0.31058611 0.545794 0.37723349 -0.286974 0.487894 0.37331926 -0.29761022 0.496742 0.3936472 -0.29845214 0.504066 0.47919219 -0.331553 0.586737 12.073704461274557 28.185521515588942 91.49161671060422
161.41826920385515 131.18339799103632 115.16582546900658 139.57086074876463 153.8777833271738 145.73400687496422 114.39276135667838 158.8593239403444 178.8010047881591 178.82483294782986 0.42052477 -0.31089777 0.576283 0.39421027 -0.3295189 0.534687 0.37603442 -0.29836889 0.475951 0.36719737 -0.31531678 0.484218 0.38660402 -0.31596681 0.489841 0.47977156 -0.34876367 0.574897 12.614386926386105 32.95810126232892 102.01429951025898
161.222928398921 132.92202973490862 112.53688896555249 138.4073886186176 152.7299479121759 147.9157389988999 111.33772150104761 160.17600589691446 178.78796172011528 178.82920005380936 0.43201011 -0.31036978 0.576159 0.40558761 -0.32932082 0.535059 0.38573853 -0.2984793 0.47639 0.37779242 -0.31544381 0.484897 0.3978421 -0.31664815 0.491204 0.49154944 -0.34920335 0.575606 12.471377858900157 31.246149636503233 102.78106146346073
169.50288252419386 135.09231357598443 113.27483923931496 120.51130564980126 133.74218192742143 163.68067760342902 102.84415570994233 148.58810669113166 179.43974483629194 153.75142215665943 0.41785498 -0.28464193 0.565641 0.41676376 -0.29101374 0.547857 0.39494063 -0.28803795 0.490907 0.38441617 -0.28212279 0.498266 0.41121019 -0.30986268 0.50092 0.49026079 -0.33249715 0.576114 21.833012726347437 37.014746161799884 72.1424252026226
161.02740233819353 128.2256269530868 139.72987631150747 145.78917063628722 162.8836893085756 160.68388274521223 179.9676143014335 168.58071988846328 179.9949098110814 56.03347890466857 0.45532068 -0.29125316 0.556216 0.39338491 -0.23378868 0.485403 0.3870634 -0.27607285 0.472135 0.39764194 -0.23855689 0.469189 0.46189236 -0.31605998 0.519933 0.50531698 -0.31907101 0.572079 143.7731307483789 24.69962819754698 17.590876524164006
171.17439660227905 152.7535285051568 155.33302513102393 167.68539057899005 112.43392009112854 177.00783219340596 146.1401769994353 169.39674908678055 177.0712486627359 153.03801064088228 0.46288695 -0.28704437 0.567197 0.41616354 -0.27210454 0.49125 0.41643883 -0.28663923 0.47853 0.42987153 -0.32474875 0.485853 0.47050349 -0.34603713 0.538536 0.54671995 -0.33745151 0.600603 62.849859029330595 8.470793146745702 16.865800457016448
158.44284239649468 160.4283120141704 167.15109128306545 166.89847452436368 104.80581509210077 160.93000281816657 148.96465445648784 153.58417395080403 178.317364590394 159.73277401548285 0.46643272 -0.28792654 0.568759 0.41893841 -0.26080891 0.480657 0.41820873 -0.26348522 0.467552 0.41715786 -0.30373751 0.471183 0.46440129 -0.31656363 0.522288 0.54386772 -0.33462021 0.587198 48.85735734973122 1.7508964012046784 14.944769809971177
158.69837408853132 160.44822359826708 167.21719150420574 166.8091415581867 104.64848927781453 161.99370324849605 149.09953085196628 153.55023236601073 178.31361487831003 159.5962307327291 0.46721542 -0.28590686 0.568584 0.41858367 -0.26058807 0.48025 0.41797707 -0.26333927 0.467293 0.4164549 -0.30322568 0.470389 0.46369294 -0.31567136 0.521333 0.543199 -0.33420877 0.586476 48.948339613371466 1.667094577438365 14.823123570761425
163.390154304626 160.8426048201601 162.9871433915339 165.98785256369783 102.70208731956997 156.46005120595098 149.62232325204585 159.5441118811898 178.31499885523527 157.44563323983596 0.47745403 -0.2805099 0.565511 0.42809235 -0.2604904 0.48007 0.42662618 -0.26535881 0.467356 0.42658105 -0.30362083 0.471002 0.4756508 -0.31586077 0.522696 0.55468452 -0.33455296 0.58708 51.586287142792536 4.313972378804612 15.537478588137285
163.3187791877834 161.32650453675097 164.18941789852607 165.59681872100646 103.23825626253429 158.88846365173978 149.91642097646104 159.5407410813307 178.32044446975695 156.27511695535875 0.48842655 -0.28054214 0.565576 0.43753905 -0.26036017 0.47983 0.43561573 -0.2650857 0.466875 0.4353255 -0.3030368 0.470096 0.48536669 -0.31537734 0.521896 0.56473677 -0.3340361 0.586173 52.80896412590415 4.129507182712742 15.44496900456586
163.57544017766907 145.44825320203512 171.28948983739613 151.45095147334465 115.71739189693471 156.88827974757007 150.2611027574247 159.3956158620721 178.33419649148175 133.96708640951266 0.50143856 -0.28191044 0.568257 0.45394489 -0.26443593 0.48741 0.45188611 -0.26929154 0.474413 0.45046433 -0.30687143 0.476342 0.5020265 -0.31942687 0.528833 0.57555847 -0.3341532 0.586533 72.38355930082304 4.7873059938202065 17.319797996552207
170.54009991159054 169.32440106634022 164.70792174173545 178.08204623450035 45.039523761485036 179.11616910096862 155.40131953236028 146.7596663735447 178.17638476830632 141.97626767533845 0.5313874 -0.29346031 0.580499 0.46473393 -0.26411812 0.502094 0.46526467 -0.27417613 0.487974 0.45386637 -0.30977559 0.49761 0.52596098 -0.32367009 0.538526 0.59995733 -0.3452273 0.601968 140.55755538527492 7.645120685126527 3.0062828971360234
167.64907002557757 172.25062170257158 166.03932037547492 170.82376757697608 34.45448439587789 170.6039765505061 179.33287292209928 147.77318518588444 178.60167147039007 153.0186267173256 0.52989383 -0.29278868 0.579587 0.49712515 -0.21988891 0.502221 0.46067871 -0.27123233 0.484332 0.4479364 -0.30484414 0.494216 0.52262307 -0.3230713 0.536263 0.59064708 -0.35051624 0.60004 136.24853018338803 6.78952047102342 43.60203257665299
166.21641401012633 168.47939027207892 156.76874711390658 144.1688018572058 83.47914230935713 161.44095722777723 179.97470381761534 152.920830332374 179.8438197488628 117.99669906172603 0.53045087 -0.29357443 0.58129 0.50421312 -0.21078396 0.503122 0.4582494 -0.25441306 0.484357 0.4643593 -0.27621973 0.493428 0.5178561 -0.32154283 0.531866 0.58450776 -0.34555834 0.593701 121.12530977627087 5.133602667145502 45.62852473969959
168.00264700310606 174.3962871699444 150.1901142281351 132.26375955380658 96.62524939446769 177.80767390400058 179.98529114100054 156.09965581343965 179.88645598138095 113.14478948956562 0.51617083 -0.27806612 0.575408 0.49133426 -0.21612621 0.499148 0.46085131 -0.25681384 0.486246 0.47597792 -0.27856436 0.49593 0.52424181 -0.32547496 0.53818 0.58385511 -0.34247526 0.595329 105.80888448567765 3.0294839236012554 38.549103165422856
163.26724891355573 160.38191079542037 146.1629134797437 128.60119447703096 125.90526719319601 174.04002289647096 179.96253850037198 155.3055357225277 177.90026719372653 98.79132915460106 0.51007617 -0.28071125 0.574035 0.49712943 -0.20726762 0.506181 0.46297847 -0.2578836 0.489009 0.47863972 -0.27862777 0.498719 0.52847713 -0.32690915 0.54157 0.57994592 -0.33895277 0.595697 109.62578451683721 4.308820247705611 51.08169740815117
169.72363109077267 158.21244349162467 142.5463425731417 126.24762808308209 137.24040986967876 177.73594377724928 177.48977974591872 153.0204378272117 176.63881174257313 86.4517383355917 0.50457011 -0.28048413 0.571304 0.49494748 -0.20814154 0.505997 0.46590158 -0.2589248 0.491722 0.48278306 -0.2793161 0.501575 0.53327131 -0.32779758 0.545632 0.57592893 -0.33723549 0.596393 109.39276066963497 3.59610121030167 53.54779888040954
169.10445485236397 166.98749392052005 140.87295273065138 119.26431746814565 136.45221459931264 177.4354814458961 178.28763053827643 152.95354683384429 178.30459025259722 85.95369051042479 0.50464455 -0.28066203 0.57193 0.49345141 -0.21022186 0.505148 0.46714723 -0.25941293 0.492991 0.48790259 -0.27517626 0.502827 0.534623 -0.32807409 0.546876 0.57567456 -0.33755498 0.597158 113.0452070583413 6.208262474063067 50.99529712726622
166.4547076436775 152.9446206180391 134.4792801012734 129.75070487960866 150.62281826228124 172.300943189386 176.39830790523413 179.57672383573532 177.34623721135364 76.25223781970129 0.5014771 -0.29019137 0.579284 0.49337377 -0.20386881 0.517168 0.44525249 -0.26964713 0.499427 0.48472104 -0.26527011 0.507648 0.52642596 -0.32515121 0.549443 0.5679604 -0.33421277 0.600273 114.31525361317102 7.553957147272261 48.50122567794331
166.0408669684156 136.8274391721513 131.73572559592503 131.9183544632438 152.06318687524944 173.82484565156372 178.35256774804603 156.32982519840778 170.9212451022238 75.3627616455756 0.49959145 -0.28956217 0.578102 0.49280197 -0.20388584 0.5211 0.45636482 -0.26961704 0.501258 0.47996616 -0.27243578 0.510329 0.52808285 -0.3248866 0.550745 0.56750137 -0.33512546 0.599899 106.63123190968726 12.406263081554979 66.16896067486402
170.78863312413918 166.50441912802765 131.01683914560618 115.8933915744446 166.84272433772983 160.20953284453861 179.79681178399994 177.27064253005383 151.7063285745695 56.91246809540741 0.49991658 -0.29085741 0.581201 0.49091896 -0.20801167 0.528696 0.48951731 -0.20708449 0.524846 0.51529304 -0.2336084 0.524623 0.53206332 -0.3285809 0.555942 0.56122798 -0.33373828 0.594747 139.42552966053933 27.987783778605976 10.386282137301183
164.62693620797927 179.8274724740384 129.13975928370706 113.34620996342873 168.2388806952309 165.40782261535034 179.75108083632017 179.96995749040678 149.70988558425174 57.09221004267601 0.49524948 -0.29399397 0.584019 0.48859433 -0.21343109 0.533054 0.49362267 -0.20746509 0.5288 0.51442641 -0.23683085 0.526456 0.53250781 -0.32997144 0.557206 0.55997377 -0.3363512 0.595366 135.41630043453767 34.322046119395466 13.143394674700433
165.88608697399806 179.79539429675484 179.6860292182148 48.82942399567876 52.48610818808941 169.6059720932935 179.7022291306947 178.87876008162442 153.27442089895013 179.81541101071412 0.47790383 -0.28972016 0.566072 0.48286507 -0.20474464 0.537955 0.50465665 -0.20005854 0.523407 0.53295276 -0.23577006 0.542458 0.53723839 -0.25107786 0.546358 0.55756989 -0.33689494 0.596599 32.72929230246281 43.20869928760099 7.6183179720764445
166.75591210049475 179.76071861909313 177.88320825485198 40.16437314322142 164.42745292939054 170.54314900228403 179.6538100017257 175.8713264393733 159.60015507613224 179.4115513084759 0.47316438 -0.28765903 0.56039 0.48458159 -0.2053967 0.539742 0.51276778 -0.19444947 0.527628 0.54060491 -0.22820204 0.547752 0.54183793 -0.23077862 0.543334 0.5558994 -0.33590308 0.59598 16.77127353038315 23.20414961318919 12.962078437467222
168.8307370157349 173.84922633287147 179.87308505658513 179.19117504335725 179.98882875255083 168.9527738955568 178.46738695856425 178.18352514299235 176.20774261877204 177.11318569648404 0.47002447 -0.28728702 0.554369 0.4891449 -0.20672197 0.543766 0.53026693 -0.19922384 0.547249 0.53764455 -0.21365851 0.547208 0.56075173 -0.2425399 0.552402 0.55241141 -0.34500543 0.594485 1.228721178603163 7.75748751365027 15.177320357599976
157.91417044142506 179.9319172773888 164.79911766386078 173.51188103363694 174.09353276032647 177.97010796701232 177.72619528444943 172.00446587213747 173.35619467657074 171.65919103563294 0.46507808 -0.28264125 0.562157 0.48975889 -0.20081258 0.551129 0.52596027 -0.19637149 0.545771 0.54137072 -0.21621346 0.552761 0.56300714 -0.24262958 0.555023 0.54939671 -0.34235798 0.593221 3.6837988627838913 4.50408331999736 9.938881425478183
156.64450895970486 179.55590420843956 179.99332199115466 169.80488768940913 171.01137490438708 177.74402444576592 179.3137092051679 179.98803473533684 175.15647549344425 174.05010548452253 0.46575558 -0.28384739 0.563887 0.48314102 -0.20590647 0.548102 0.51559912 -0.19611666 0.552031 0.53866634 -0.21768712 0.554808 0.55958498 -0.24007033 0.557603 0.54573098 -0.34102047 0.590444 3.256730910907717 4.693471820951634 9.862494838782723
155.33912650973113 168.71094035321397 179.97853448809974 175.52522202437552 172.8240363379382 177.56469293860943 179.09826418474094 179.9699848071746 177.9433104211372 174.69525310398367 0.46687978 -0.28510562 0.565184 0.4904907 -0.20669224 0.549263 0.51640093 -0.1973431 0.552937 0.53867635 -0.21226259 0.56284 0.56019464 -0.24080235 0.55883 0.54517524 -0.34150925 0.590419 8.884528125670748 4.129558806920338 5.381575042436256
146.68814970384295 173.19952618822728 161.28360214872848 177.03048825359747 179.5354201537766 164.86898823339098 176.9798796302987 174.85990536618198 172.15604220279994 176.72587723320618 0.46767166 -0.28761831 0.566964 0.48601112 -0.20323937 0.550691 0.52071394 -0.19892936 0.559869 0.54927296 -0.21265966 0.578596 0.5745106 -0.23750113 0.577787 0.54503339 -0.34085072 0.589884 7.934647119250353 15.559113602780162 9.678304827507816
148.30490116625285 167.489797236199 157.60608535319264 179.75991043245116 162.55034958574566 179.31460149074323 176.06462439015522 173.8358082820961 177.92889494161693 175.7221808374419 0.46695844 -0.28795572 0.567982 0.48235048 -0.20796408 0.551987 0.51908903 -0.20181948 0.567388 0.55117045 -0.21551437 0.582741 0.55454778 -0.23693126 0.559585 0.54480111 -0.34093115 0.589906 26.215515360319497 11.232077522738765 12.11112582351463
153.8719604295679 179.83925326417747 157.19513133100483 83.17668676732801 179.42540441285553 176.00878395972077 177.12521781986803 177.6495188241001 154.1464448758296 166.77435614639984 0.46602866 -0.28798042 0.569689 0.48060959 -0.20890253 0.556211 0.52796941 -0.20694307 0.579907 0.54133551 -0.25352191 0.558524 0.55819647 -0.25012941 0.569911 0.54429438 -0.34111068 0.589714 70.34424038694792 93.40467691552317 24.49848530778998
