171.139 168.653 168.61 167.913 166.495 157.96 165.966 168.253 166.428 159.749 -197.202 149.909 -15.0132 -167.036 150.484 -88.2633 -140.542 148.186 -101.92 -113.928 144.194 -93.8436 -89.9667 142.053 -69.2649 -130.784 163.541 -1.71884 6.8384 5.27252 5.80673 
171.252 168.776 168.741 167.974 166.498 158.153 166.141 168.424 166.548 159.758 -197.568 150.217 -15.1108 -167.294 150.781 -88.3836 -140.691 148.477 -102.044 -114.082 144.36 -93.9119 -90.2252 142.034 -69.2202 -131.021 163.669 -1.74985 6.83256 5.30346 5.88328 
171.37 168.819 168.824 167.966 166.444 158.402 166.211 168.519 166.59 159.759 -198.024 150.535 -15.1784 -167.632 151.115 -88.4884 -140.882 148.747 -102.164 -114.223 144.442 -93.97 -90.4163 141.901 -69.1694 -131.266 163.767 -1.78893 6.89595 5.38364 6.00076 
171.477 168.837 168.906 167.974 166.42 158.636 166.232 168.587 166.617 159.782 -198.505 150.887 -15.2182 -168.001 151.397 -88.5684 -141.089 148.923 -102.274 -114.361 144.406 -94.0126 -90.5831 141.67 -69.1063 -131.498 163.854 -1.82279 6.97741 5.48415 6.13431 
171.587 168.888 169.005 168.017 166.43 158.881 166.277 168.647 166.655 159.899 -199.067 151.411 -15.254 -168.339 151.697 -88.6866 -141.227 149.045 -102.401 -114.425 144.281 -94.0445 -90.6574 141.373 -69.016 -131.726 163.988 -1.84439 7.09018 5.59937 6.29519 
171.634 168.924 169.091 168.057 166.44 159.058 166.298 168.696 166.675 159.988 -199.518 151.816 -15.3205 -168.629 152.022 -88.8302 -141.352 149.199 -102.55 -114.526 144.174 -94.1034 -90.7949 141.105 -68.9799 -131.945 164.123 -1.8996 7.16228 5.69262 6.42762 
171.629 169.029 169.229 168.17 166.543 159.168 166.429 168.827 166.783 160.211 -199.92 152.263 -15.3486 -168.866 152.398 -88.99 -141.466 149.389 -102.725 -114.642 144.115 -94.2093 -90.9375 140.923 -69.0284 -132.138 164.296 -1.96158 7.20912 5.76359 6.52827 
171.584 169.085 169.33 168.252 166.621 159.237 166.522 168.929 166.861 160.423 -200.155 152.564 -15.4122 -169.009 152.655 -89.1597 -141.539 149.497 -102.916 -114.738 144.038 -94.3461 -91.0285 140.806 -69.1484 -132.259 164.436 -2.06295 7.2378 5.80868 6.58783 
171.485 169.065 169.355 168.26 166.627 159.268 166.519 168.966 166.872 160.519 -200.292 152.831 -15.4706 -169.135 152.863 -89.2771 -141.608 149.586 -103.066 -114.808 143.98 -94.4693 -91.0782 140.72 -69.2743 -132.331 164.583 -2.1914 7.27428 5.85716 6.64351 
171.576 169.148 169.43 168.319 166.694 159.396 166.63 169.09 166.95 160.699 -200.304 153.248 -15.6826 -169.178 153.253 -89.4724 -141.651 149.844 -103.297 -114.886 144.07 -94.706 -91.1379 140.749 -69.5554 -132.318 164.744 -2.40082 7.28019 5.88581 6.66237 
171.782 169.25 169.514 168.344 166.721 159.557 166.76 169.247 166.999 160.785 -200.156 153.827 -15.9158 -169.081 153.566 -89.5979 -141.586 150.135 -103.473 -114.864 144.248 -94.8994 -91.097 140.899 -69.8214 -132.144 164.903 -2.59872 7.26018 5.89484 6.65236 
171.95 169.353 169.585 168.34 166.77 159.681 166.846 169.34 166.991 160.818 -199.753 154.299 -16.2584 -168.824 153.99 -89.7681 -141.566 150.529 -103.673 -114.986 144.564 -95.1806 -91.215 141.205 -70.2765 -131.82 165.047 -2.88036 7.13123 5.82177 6.49992 
171.957 169.47 169.66 168.337 166.817 159.463 166.987 169.417 166.953 160.745 -199.239 154.825 -16.4467 -168.451 154.605 -89.8681 -141.581 151.034 -103.759 -115.239 145.064 -95.3705 -91.4663 141.816 -70.7296 -131.465 165.276 -3.10832 6.9061 5.67257 6.24786 
171.977 169.579 169.756 168.405 166.857 159.343 167.202 169.533 167.047 160.884 -198.735 155.539 -16.5117 -168.06 155.581 -90 -141.53 151.661 -103.882 -115.372 145.558 -95.6176 -91.4858 142.302 -71.2197 -130.996 165.529 -3.30954 6.80621 5.56575 6.07541 
171.845 169.582 169.801 168.413 166.956 159.064 167.352 169.511 167.052 161.243 -197.994 156.303 -16.6831 -167.505 156.704 -90.1664 -141.298 152.092 -103.973 -115.332 145.707 -95.7925 -91.2856 142.5 -71.6516 -130.454 165.874 -3.4693 6.75752 5.5025 5.97786 
171.909 169.706 169.967 168.598 167.241 159.205 167.655 169.495 167.063 161.822 -197.261 157.007 -17.0754 -166.674 157.63 -90.7045 -140.614 152.134 -104.417 -114.798 145.33 -96.2391 -90.6429 142.205 -72.2446 -129.652 166.188 -3.80312 6.73492 5.53515 6.07285 
172.606 170.202 170.295 168.891 167.451 159.937 168.384 169.795 167.209 162.107 -196.495 157.491 -17.3682 -165.521 158.256 -91.2511 -139.17 152.176 -104.863 -113.278 144.819 -96.5118 -89.3235 141.584 -72.3185 -128.529 166.351 -4.009 6.72851 5.84794 6.42403 
173.2 170.321 170.355 169.015 167.548 160.764 168.687 169.841 167.147 162.14 -195.626 157.649 -17.2549 -164.769 158.839 -91.4415 -137.988 152.353 -105.187 -111.745 144.368 -96.7324 -87.835 140.975 -72.3853 -127.26 166.471 -4.21886 6.89473 6.38273 6.91487 
173.361 170.013 169.999 168.825 167.464 161.022 168.568 169.635 166.9 161.984 -194.328 157.481 -16.6591 -164.082 159.225 -91.1015 -137.201 152.706 -105.116 -110.771 144.546 -96.8291 -86.659 141.116 -72.6367 -125.921 166.675 -4.23678 7.03117 6.6002 7.11264 
173.384 169.818 169.52 168.642 167.535 160.475 168.495 169.095 166.778 162.457 -192.385 156.711 -15.5124 -163.317 159.037 -90.3206 -136.512 151.892 -104.595 -109.981 143.938 -96.823 -84.9966 141.094 -73.1939 -124.29 166.7 -4.08088 7.32466 6.53 7.41877 
172.836 169.353 168.879 168.325 167.332 160.186 167.876 168.293 166.431 162.688 -190.248 155.814 -14.6225 -162.346 159.089 -89.7102 -135.101 151.237 -104.214 -108.235 143.088 -96.6376 -82.5441 140.478 -73.2455 -122.491 166.919 -3.91217 7.85106 6.79738 8.04452 
172.585 168.578 168.215 168.02 167.143 159.853 167.066 167.657 166.352 162.923 -187.171 154.196 -13.8145 -160.798 159.091 -88.9889 -133.509 151.02 -103.821 -106.424 143.127 -96.6397 -80.246 140.703 -73.6733 -120.27 166.834 -3.81022 8.07761 6.77982 8.30475 
170.86 167.861 167.347 167.331 166.855 159.065 165.997 166.507 165.553 162.894 -184 153.134 -13.4895 -159.067 158.562 -88.4393 -131.919 150.137 -103.481 -104.662 142.213 -96.6666 -77.6715 140.047 -74.1817 -117.704 166.628 -3.80726 8.48376 6.78251 8.38574 
170.665 167.434 167.034 167.212 166.871 158.811 165.138 166.042 165.305 162.907 -180.112 151.63 -13.7567 -156.388 157.552 -88.1032 -129.368 149.288 -103.338 -102.111 141.417 -96.7672 -74.9177 139.358 -74.6201 -114.615 166.172 -3.9454 8.48639 6.69089 8.23095 
169.451 167.978 167.316 167.568 167.255 157.902 165.673 166.509 165.824 163.591 -175.809 151.245 -14.7478 -152.613 156.592 -88.6855 -125.885 147.96 -103.71 -98.9819 139.839 -97.1524 -71.6534 137.458 -74.9544 -110.797 165.406 -4.20741 8.52659 6.36687 7.89696 
169.767 169.162 168.308 168.513 167.905 157.058 167.401 167.739 166.982 164.416 -170.174 150.019 -15.9906 -148.109 155.865 -89.2432 -121.953 147.233 -104.225 -95.6257 139.011 -97.7899 -68.8689 136.419 -75.6759 -106.223 164.226 -4.43164 7.80117 5.86154 7.3506 
169.417 170.075 169.017 169.262 168.592 156.168 168.371 168.589 167.714 164.897 -164.811 149.739 -16.5627 -143.585 155.126 -89.2632 -118.098 146.634 -104.036 -92.261 138.374 -97.6452 -65.8585 135.754 -75.6558 -101.612 163.841 -4.25606 7.2788 5.45193 6.71019 
169.035 170.913 169.528 169.794 169.102 155.165 168.992 169.004 168.17 165.187 -158.693 149.287 -16.7177 -138.15 153.802 -88.8785 -113.523 145.124 -103.219 -88.2302 136.999 -96.7596 -62.1605 134.566 -74.8425 -96.3765 163.577 -3.69154 6.80697 4.94198 5.99093 
168.415 171.494 170.098 170.285 169.561 154.335 169.367 169.489 168.622 165.54 -152.045 149.319 -16.8291 -132.076 152.807 -88.5421 -108.258 144.153 -102.627 -83.4922 136.01 -96.1016 -57.6077 133.492 -74.2483 -90.3176 163.188 -3.23441 6.49346 4.49194 5.28682 
167.834 171.854 170.382 170.636 169.923 153.885 169.537 169.771 168.956 165.874 -144.89 149.267 -17.3574 -125.638 151.574 -88.6089 -102.223 142.919 -102.542 -77.6893 134.678 -95.9433 -51.8679 131.989 -74.0943 -83.5302 162.613 -3.39225 6.38672 4.27058 4.9122 
166.684 171.786 170.363 170.813 170.116 153.105 169.29 169.747 169.137 165.99 -137.18 149.452 -17.1199 -119.074 150.526 -88.1384 -96.0032 141.682 -102.072 -71.5116 133.333 -95.5555 -45.6488 130.593 -73.8854 -76.152 162.439 -3.55783 6.34134 4.1758 4.70725 
166.173 172.041 170.682 171.207 170.528 152.18 169.38 169.92 169.338 166.337 -128.057 149.137 -16.4563 -111.564 150.535 -87.5239 -89.3212 141.515 -101.683 -65.0638 132.833 -95.5544 -39.1353 129.944 -74.4627 -67.4269 162.159 -3.71212 6.07527 4.00797 4.28355 
165.391 172.085 170.793 171.428 170.612 151.116 169.466 169.814 169.413 166.204 -118.075 148.911 -17.0217 -102.619 150.066 -87.823 -80.9659 140.188 -101.765 -56.8803 131.114 -95.7016 -31.2197 127.822 -74.601 -58.1189 161.607 -4.29631 5.81348 3.95141 4.10465 
166.378 172.33 171.081 171.867 170.91 152.05 169.907 169.994 169.654 166.207 -108.437 151.167 -17.3892 -92.8907 151.278 -87.8018 -71.6268 140.587 -101.649 -47.7098 130.837 -95.6964 -22.5155 127.014 -74.5891 -47.922 161.679 -4.41328 5.39233 4.0139 4.1377 
167.286 172.62 171.376 172.235 171.021 153.438 169.886 169.959 169.626 165.988 -97.2515 152.656 -18.7084 -82.116 152.827 -88.2673 -60.9502 141.683 -102.309 -37.1091 131.07 -96.5386 -12.3971 126.327 -75.5002 -36.2987 161.042 -5.19907 5.02729 4.18723 4.328 
167.293 172.624 170.897 172.059 170.117 155.066 170.134 169.39 168.893 164.467 -83.9431 153.658 -19.4735 -70.8334 154.779 -88.3332 -49.2779 142.931 -102.539 -24.8932 131.014 -96.7419 -0.804015 125.081 -75.4365 -22.9176 160.982 -5.88615 4.6735 4.98884 5.04815 
166.516 172.583 169.96 171.469 169.084 156.547 170.136 168.716 167.7 162.168 -68.3055 153.491 -19.4914 -57.6646 155.899 -86.9874 -35.4491 143.953 -101.467 -10.6256 130.506 -95.3087 12.7776 123.317 -73.5645 -7.72759 160.638 -5.58552 4.71806 5.98924 5.72981 
161.497 170.335 169.792 171.693 168.765 151.499 168.632 166.848 165.526 158.142 -44.5779 148.696 -22.8534 -42.7238 155.724 -85.9783 -19.6691 142.689 -100.574 4.81243 128.282 -94.1847 27.3336 120.505 -72.1237 9.13239 158.911 -6.02187 4.62036 6.41444 6.95362 
162.981 169.261 169.234 169.794 166.886 150.934 167.087 163.36 160.779 149.413 -23.3883 141.902 -24.5101 -27.3301 155.897 -85.1905 -3.6647 140.767 -99.2401 20.8117 126.122 -92.5283 42.6413 118.092 -69.9321 26.8984 157.685 -6.92971 5.6539 6.95027 8.70922 
165.124 166.09 168.576 167.46 164.501 152.866 163.587 157.512 154.709 140.156 -2.09031 133.249 -25.5181 -11.0711 153.059 -83.3419 12.6688 135.695 -96.1103 38.2583 123.041 -90.0802 60.671 116.113 -67.6056 45.5926 156.401 -8.02018 6.94382 6.86726 10.8157 
169.626 160.15 163.387 162.844 161.747 159.331 155.167 150.733 151.441 143.435 37.4991 116.287 -24.2108 25.7157 141.466 -80.1457 50.4063 126.423 -94.2566 78.079 119.467 -91.3087 104.354 115.915 -72.8607 84.2091 150.615 -9.60841 5.55165 5.88071 11.0744 
170.527 155.93 161.746 160.843 163.142 162.651 151.115 148.478 153.886 153.267 58.7905 110.885 -25.9953 49.5751 134.373 -81.4828 75.1307 119.23 -94.9702 105.166 118.313 -95.4745 133.862 119.487 -79.8097 107.076 146.03 -11.1787 8.31536 8.06068 12.1708 
172.315 155.065 160.478 160.712 165.498 167.621 149.716 154.852 160.063 161.765 77.1696 104.479 -25.1188 74.0014 125.548 -82.0547 100.126 116.84 -98.5341 131.193 118.464 -98.6834 162.646 120.332 -82.2229 127.681 140.952 -11.0349 11.9105 9.17384 9.61947 
176.597 177.36 162.762 163.374 166.599 172.964 149.627 161.756 165.335 166.303 94.9798 99.4162 -27.0815 100.254 119.006 -86.5607 125.897 116.873 -103.976 157.808 119.842 -102.623 190.876 121.45 -83.7711 147.973 136.457 -12.3674 14.1053 9.74628 7.64554 
178.143 174.27 163.592 165.425 167.95 175.93 146.075 161.497 165.88 167.931 115.948 98.0372 -28.0644 128.681 114.32 -86.2167 152.331 118.118 -105.882 185.187 121.816 -103.272 218.604 123.709 -82.0149 170.426 135.636 -11.8711 15.0881 10.5165 8.48828 
179.515 173.622 164.88 168.108 168.799 176.881 136.677 161.121 166.254 167.09 135.315 99.6311 -25.999 153.082 109.665 -79.6404 176.487 118.91 -103.535 210.308 123.381 -100.003 242.178 126.506 -76.7244 191.819 137.484 -9.31098 14.7916 11.47 14.3351 
177.444 169.65 168.346 171.712 170.939 179.277 128.891 166.246 169.773 166.98 149.804 103.928 -26.5972 174.738 107.097 -77.5722 202.135 121.418 -104.679 234.866 127.433 -98.2194 263.093 131.455 -72.7256 209.133 138.903 -8.02742 12.9667 10.8732 19.8599 
179.005 133.723 168.882 168.815 167.71 178.373 133.756 168.016 167.901 160.116 161.546 107.417 -26.6319 194.792 109.817 -76.484 223.214 126.058 -103.269 253.962 131.585 -93.9385 278.001 134.975 -67.1091 223.576 142.686 -5.84494 10.0336 9.41332 20.8972 
179.321 111.646 169.9 158.579 166.415 178.556 153.678 168.185 160.532 150.972 172.371 112.709 -27.4287 213.256 117.541 -78.8295 239.715 131.659 -101.8 266.992 133.609 -89.6262 288.434 137.734 -63.0387 236.019 148.174 -4.2826 7.78412 6.69649 16.7042 
179.618 150.976 169.238 159.717 172.08 179.43 167.465 168.737 158.196 149.789 182.328 118.771 -28.6334 229.437 128.306 -86.0405 253.74 137.33 -100.875 278.412 137.671 -87.3211 298.622 142.957 -60.7412 246.177 153.669 -3.08701 7.11864 5.36493 8.21153 
172.185 166.732 168.744 164.856 174.169 169.647 169.704 170.259 160.829 152.707 201.241 123.802 -30.4917 242.178 135.89 -88.1628 266.072 142.527 -99.6656 289.238 142.295 -85.9195 307.502 148.565 -58.8853 255.312 159.203 -2.10543 6.25774 4.67714 5.2566 
164.431 173.985 168.567 166.043 176.757 163.291 175.499 171.413 161.431 153.473 211.003 127.712 -30.6207 250.928 143.638 -90.6724 274.83 146.944 -98.5958 296.382 146.746 -84.3118 313.25 153.607 -57.2444 261.315 162.796 -0.873343 5.84489 3.89619 2.27208 
162.017 174.938 169.437 162.256 172.377 160.333 176.899 173.096 162.294 153.492 217.836 131.418 -31.5538 258.294 149.412 -92.0962 283.155 151.552 -97.9956 302.929 151.254 -82.9208 318.485 157.946 -55.4999 266.124 165.829 -0.0555376 5.47268 3.22269 2.73255 
161.769 175.423 171.001 159.138 165.343 158.748 176.981 174.944 164.495 154.888 222.847 133.842 -32.0302 263.536 153.524 -92.4528 289.559 155.722 -97.5114 308.09 155.803 -82.0089 322.936 161.792 -54.1861 269.981 168.162 0.547089 5.26142 2.47453 3.57799 
161.837 175.497 172.399 158.665 160.683 156.864 177.144 175.712 167.501 158.086 226.508 135.663 -31.7246 267.045 156.91 -92.2671 294.152 158.924 -96.6604 312.366 159.972 -81.1069 326.627 165.653 -53.0175 272.818 170.054 1.30595 5.42752 1.73103 4.43226 
161.89 175.431 173.838 160.665 159.523 155.329 176.95 176.092 170.835 162.642 229.108 137.049 -30.8878 269.169 158.924 -91.7084 296.577 161.109 -96.1627 315.633 163.58 -80.7488 329.771 169.508 -52.5727 275.05 171.534 1.91742 6.06643 1.87433 4.64002 
162.325 174.702 176.339 163.09 160.382 154.664 175.302 178.767 172.678 167.168 229.177 137.331 -29.9811 270.197 159.705 -90.19 295.658 164.127 -95.8486 316.884 166.42 -80.1767 332.025 172.65 -51.4638 276.027 172.165 2.97063 7.46793 3.45168 3.16105 
162.813 172.444 178.571 165.726 162.288 155.292 172.58 179.519 172.631 170.363 228.365 137.314 -29.0095 270.417 159.07 -88.2807 297.091 165.442 -94.8919 317.637 168.085 -79.5828 334.941 174.803 -50.2062 277.124 172.66 3.83405 9.4348 2.89276 4.64045 
164.492 172.262 174.761 168.339 164.985 156.711 170.502 176.698 172.996 170.55 227.963 137.442 -27.7936 270.738 158.129 -86.6492 298.837 164.037 -93.7259 319.64 168.071 -78.5579 337.336 174.472 -49.0921 277.885 173.152 4.5524 9.64943 3.35454 5.42465 
166.512 173.607 172.624 168.996 166.996 158.501 169.362 175.95 172.756 170.219 227.893 137.528 -26.6571 270.712 157.2 -85.3164 298.603 163.357 -93.0258 320.489 167.657 -77.9302 338.575 173.782 -48.5828 278.596 173.41 5.09658 9.73083 4.14471 5.52023 
167.788 175.455 171.337 169.824 168.515 159.66 168.877 175.089 172.823 171.182 227.922 136.829 -25.9483 270.125 155.333 -84.111 297.306 161.929 -92.6738 320.582 166.961 -77.8511 339.018 173.046 -48.5903 278.591 173.387 5.39762 9.81425 5.27996 5.63936 
169.093 178.099 170.365 169.51 168.849 160.933 168.464 174.651 172.685 171.18 227.532 136.512 -26.2088 269.464 154.251 -83.6563 296.139 161.248 -92.5466 320.14 166.208 -77.7618 338.743 171.942 -48.4577 278.049 172.956 5.32585 9.83751 5.78205 5.81237 
170.211 179.455 169.45 168.639 168.373 162.495 167.422 174.347 172.638 171.246 226.9 136.402 -26.8612 268.709 153.247 -83.0564 294.822 160.896 -92.5653 319.382 165.583 -77.765 338.185 170.877 -48.4069 277.32 172.557 5.06736 9.89292 6.14604 6.23547 
170.853 178.775 169.285 168.428 168.4 163.276 168.424 174.354 173.161 171.649 225.975 136.369 -27.2355 267.358 153.095 -82.9794 293.269 160.434 -92.6936 317.951 164.93 -78.0333 336.727 169.92 -48.6758 276.166 172.213 4.76734 9.76026 6.19455 6.11094 
170.377 179.314 170.14 169.961 169.179 162.445 172.191 174.372 173.561 171.946 225.564 136.836 -28.2671 266.514 155.163 -84.3468 293.094 160.373 -92.7529 317.728 164.829 -77.9398 335.458 169.999 -48.5973 274.896 171.872 4.37175 9.3662 6.24607 4.8222 
169.274 179.515 170.911 170.924 169.754 161.975 173.317 174.689 174.262 172.507 224.517 137.288 -28.5492 265.116 155.283 -84.6183 292.009 160.163 -92.83 316.859 164.584 -77.9563 334.321 169.594 -48.6013 273.496 171.468 4.20592 9.21964 6.42591 4.8164 
167.387 176.289 171.499 172.368 170.426 161.571 173.248 174.277 174.432 172.636 223.264 138.268 -29.2544 264.283 155.527 -85.5885 291.584 159.732 -92.9438 316.406 164.172 -77.7854 333.65 169.26 -48.3414 272.163 171.099 3.81123 9.42062 6.53652 4.77791 
165.731 172.954 171.461 172.988 170.52 160.947 172.396 174 174.414 172.585 222.209 139.265 -30.1427 263.481 155.707 -86.1079 291.231 159.681 -92.8217 315.868 163.66 -77.0298 333.064 168.846 -47.5143 270.583 170.586 3.52332 9.89973 6.53675 4.98134 
164.942 171.446 171.456 173.655 170.495 159.029 172.962 174.367 175.188 173.149 221.786 140.081 -30.9421 261.814 156.634 -87.042 289.982 159.672 -93.0172 314.641 163.224 -76.7988 331.718 168.193 -46.9999 268.833 169.867 3.22486 10.1335 6.6395 5.12269 
171.289 170.533 171.201 174.152 169.746 158.819 173.133 175.043 176.456 174.139 219.887 140.701 -32.1037 259.665 156.871 -88.0881 288.405 159.547 -93.5312 313.448 162.906 -76.8611 330.23 167.414 -46.7117 266.941 169.125 2.75085 10.1475 7.05927 5.63533 
176.556 170.97 170.564 173.731 169.305 159.081 174.78 175.409 177.861 174.707 217.272 141.097 -33.7029 256.613 156.485 -89.1351 285.56 158.943 -94.6942 311.974 162.229 -77.5356 328.118 166.091 -47.3313 264.384 168.107 1.76822 9.71549 8.20819 5.8489 
178.978 173.924 170.337 178.023 168.995 159.237 177.616 175.481 179.325 174.879 214.129 140.305 -34.9035 252.72 156.519 -90.5081 281.544 158.041 -96.1907 307.827 161.303 -79.3176 324.703 164.367 -48.8339 261.197 166.923 0.563149 9.94127 8.05967 5.73952 
179.568 172.529 170.129 179.923 174.827 159.211 177.279 175.649 179.965 176.687 211.454 139.826 -36.8285 249.46 155.758 -91.8154 278.191 156.656 -97.067 303.76 159.922 -79.7602 321.392 163.201 -49.3037 257.485 165.491 -0.625608 10.9347 7.76078 5.66502 
179.46 170.857 168.909 179.549 176.448 160.393 174.352 174.686 179.856 177.076 207.064 138.732 -38.2573 243.44 151.597 -91.3648 272.868 154.55 -97.8041 299.416 158.252 -80.4178 317.168 161.283 -50.1333 253.198 164.091 -1.66619 11.1407 8.67524 6.77275 
178.998 167.702 169.053 176.695 175.551 161.85 172.933 175.031 179.166 176.705 201.66 137.311 -38.5534 238.99 149.414 -91.8541 268.759 153.129 -98.4758 296.192 157.416 -81.0841 313.819 159.937 -50.5363 249.098 162.73 -2.3134 11.1295 9.46646 7.29701 
179.942 167.623 168.557 179.588 175.654 160.953 169.623 173.526 179.868 176.616 197.741 136.352 -38.5887 233.718 147.404 -92.0332 264.152 150.759 -98.3994 292.681 156.044 -81.2264 310.018 158.787 -50.5373 244.997 161.708 -2.61608 11.2538 10.5223 7.88196 
176.729 169.719 168.544 174.667 170.396 160.032 166.335 172.099 178.181 175.139 192.981 134.663 -38.4663 228.175 145.363 -91.9368 258.469 148.793 -98.7584 288.316 152.908 -81.4118 304.851 156.157 -51.3481 240.434 160.771 -3.00903 10.6077 11.1724 8.0385 
174.411 169.788 168.56 169.623 167.369 159.966 164.725 170.813 175.738 173.249 187.47 132.511 -38.4165 222.377 143.524 -91.9839 253.445 146.795 -98.4722 283.896 150.991 -80.8878 299.984 153.821 -50.7189 235.265 159.668 -2.85654 10.1091 11.7071 8.71368 
173.846 168.688 167.579 169.51 166.998 162.123 160.285 167.661 171.848 168.054 181.103 131.109 -38.3092 217.584 141.229 -91.062 249.801 144.648 -96.9772 279.981 148.6 -79.4759 295.711 151.017 -49.0461 230.776 159.265 -2.15387 9.61901 11.5267 9.86796 
171.609 168.939 164.259 167.043 165.247 162.444 157.781 161.666 165.455 161.631 176.715 129.272 -37.9637 211.494 138.933 -89.5742 242.846 140.373 -94.7189 271.818 143.346 -78.466 288.529 146.187 -48.2582 225.92 159.44 -1.62121 9.67946 10.3251 9.28903 
170.991 166.083 161.54 164.228 162.452 162.234 153.361 154.781 157.986 153.332 173.705 128.219 -37.9327 206.327 136.882 -87.6973 234.923 135.771 -91.551 261.449 137.465 -76.9385 278.932 140.873 -47.8726 221.028 160.34 -1.38466 8.92449 8.15548 7.11432 
169.165 159.841 160.054 159.731 155.254 161.177 146.04 147.744 149.572 142.919 173.226 126.933 -39.2653 201.949 132.813 -84.5731 227.18 131.407 -88.528 251.364 131.4 -74.3511 267.459 135.008 -46.8643 216.306 162.058 -1.96888 5.87777 6.10187 5.30553 
168.396 156.696 158.59 161.322 159.238 161.226 142.128 144.643 147.471 142.111 170.243 123.251 -39.6649 195.631 128.275 -80.6196 218.592 128.091 -86.4995 241.87 127.226 -73.4635 257.512 130.102 -46.2063 209.74 162.99 -2.34118 4.37215 5.23183 6.41583 
168.99 156.921 158.758 163.013 160.348 162.263 138.028 143.491 147.891 141.596 165.836 119.156 -39.5732 187.079 123.274 -75.851 209.685 124.11 -84.575 232.874 123.259 -72.9479 247.667 125.657 -45.0731 202.776 163.498 -2.96961 3.60647 5.11015 9.0179 
170.077 156.656 158.899 164.095 163.269 163.691 138.16 143.645 149.254 143.754 160.27 116.427 -38.4157 178.967 120.59 -72.8573 201.584 121.059 -81.7153 224.834 120.259 -71.1676 239.137 122.988 -43.2284 195.142 163.869 -2.50831 3.66619 5.078 8.96899 
171.046 159.711 161.11 164.993 163.275 164.561 142.723 145.78 150.957 144.298 155.409 114.771 -37.5057 171.168 118.568 -73.131 194.019 117.517 -79.5422 217.177 117.674 -69.2905 230.505 121.139 -41.1705 187.305 164.169 -2.19898 3.77619 5.03109 6.41058 
171.763 160.47 161.529 165.645 161.646 165.571 145.079 147.123 152.904 145.162 149.542 113.589 -37.3582 164.08 116.293 -73.1505 186.606 114.837 -78.4447 210.25 116.211 -69.1022 222.778 120.409 -40.9366 179.369 164.419 -3.01053 4.10194 5.50688 5.02142 
171.264 160.343 160.693 164.586 160.18 164.946 145.881 146.961 152.461 143.177 143.919 113.651 -37.8662 156.549 115.599 -73.8992 178.216 113.028 -77.9691 201.748 115 -69.1543 213.486 119.602 -40.978 171.684 164.959 -4.48964 4.79653 5.48277 3.27684 
170.631 161.246 160.317 163.28 159.762 163.759 147.492 147.044 151.607 141.212 137.248 114.433 -39.5085 147.598 115.517 -75.9487 168.398 111.163 -78.3832 191.356 113.206 -69.4963 202.342 118.143 -41.139 163.113 165.233 -6.52705 5.80422 5.01305 1.2096 
170.331 161.182 159.444 161.468 157.797 163.335 147.157 146.242 149.369 137.54 127.569 115.361 -40.0149 136.774 116.303 -76.3389 156.729 111.182 -78.8065 179.062 112.32 -69.0227 189.85 117.042 -40.1674 153.717 165.699 -7.78021 7.45157 3.96403 0.873808 
169.564 160.928 159.485 161.046 157.857 162.47 145.599 145.165 147.583 135.252 119.54 117.549 -41.39 126.614 119.021 -76.9749 145.526 112.695 -79.3808 167.381 112.65 -68.7796 177.77 117.338 -39.8418 144.506 167.381 -8.86904 8.44042 3.12954 0.943188 
168.956 159.643 158.768 160.17 158.438 162.426 143.268 143.809 146.178 135.2 109.459 118.389 -41.7269 115.386 121.11 -77.0394 133.941 114.812 -80.4874 156.093 113.831 -69.5677 167.307 118.223 -41.3771 135.259 168.827 -9.78512 8.18845 3.00332 1.3147 
168.437 159.041 158.268 159.912 158.053 162.276 142.501 142.874 145.903 134.217 98.5474 118.326 -40.8668 104.049 122.454 -77.4644 122.414 116.161 -81.1656 145.381 115.211 -70.81 156.634 119.14 -42.1386 125.378 169.461 -9.93456 9.10996 3.43311 1.25202 
168.392 158.895 158.609 160.469 158.876 162.145 142.068 142.507 145.591 135.115 88.3302 119.063 -39.8803 93.3287 124.435 -77.8029 110.675 116.825 -80.827 133.64 115.597 -70.65 146.516 120.49 -43.6201 115.606 170.265 -9.51831 7.25983 3.19998 2.15361 
168.757 160.056 158.383 160.093 158.745 162.002 142.826 141.81 144.04 136.034 77.9089 121.075 -39.0277 83.7591 128.089 -79.9984 100.087 116.21 -78.4926 122.613 115.4 -68.368 137.48 122.458 -44.8386 105.869 171.139 -8.5905 3.58851 2.69525 7.11565 
167.345 157.622 157.419 159.152 157.407 159.868 146.499 141.006 142.426 134.077 67.8382 123.504 -38.0925 75.436 132.125 -84.6736 91.4972 115.638 -77.5897 112.799 115.098 -66.5536 127.535 124.211 -44.8828 96.1709 171.997 -8.36733 2.49466 2.01192 13.3346 
167.712 157.726 156.211 158.187 156.767 159.506 147.567 140.149 141.048 130.642 57.3848 125.379 -39.1851 65.856 133.752 -87.3937 83.0372 116.474 -78.4472 103.303 115.79 -66.4164 116.79 125.486 -44.0327 86.329 172.957 -9.15066 4.1257 2.25813 15.015 
169.069 157.705 155.064 157.48 157.413 160.944 147.199 139.323 139.569 128.647 46.0344 125.906 -39.2443 55.41 133.244 -87.4502 73.4103 117.403 -79.0519 93.0702 116.361 -66.071 106.25 126.158 -43.199 76.8137 174.195 -10.1542 5.42322 3.27804 14.1503 
171.389 155.319 153.889 156.515 157.608 163.548 142.066 136.668 135.657 126.476 33.8056 126.138 -38.8978 44.7364 130.632 -83.0418 62.418 117.474 -76.6818 80.9682 115.845 -62.0711 94.0033 126.662 -41.3463 67.3339 175.551 -10.8023 5.86566 5.18526 11.6935 
171.953 152.623 151.92 154.845 154.696 164.998 137.255 132.262 129.512 119.83 21.28 127.371 -37.6583 35.4666 131.331 -80.5896 52.693 118.571 -73.6821 69.6738 116.452 -56.1976 82.0634 128.852 -37.0724 58.2367 177.167 -11.1601 7.38681 8.19124 12.1417 
