153.783 175.275 143.266 143.053 142.969 146.215 172.438 87.6124 87.353 81.8817 -133.012 170.206 20.1235 -192.896 170.171 -40.9471 -136.741 160.813 45.6348 -132.067 173.676 51.6721 -132.307 188.042 48.1015 -169.115 188.493 49.1959 14.0432 8.89161 112.4 
153.632 175.144 143.242 142.908 142.845 145.887 172.468 87.8344 87.6249 82.1054 -133.178 169.848 20.1404 -193.734 170.027 -41.0452 -137.15 160.288 45.3127 -132.457 173.186 51.4019 -132.67 187.57 47.7375 -169.586 188.198 48.9515 13.9968 8.92418 112.544 
153.64 174.994 143.231 142.815 142.808 145.566 172.665 88.1776 88.019 82.4226 -133.357 169.719 20.1187 -194.839 170.244 -41.186 -137.448 159.776 44.9783 -132.748 172.703 51.1518 -132.97 187.113 47.4045 -170.046 187.936 48.7317 13.9398 8.97088 112.954 
153.683 175.101 143.309 142.898 142.942 145.394 173.179 88.4154 88.3576 82.6928 -133.918 169.915 19.9411 -196.407 170.928 -41.3109 -137.93 159.591 44.8976 -133.147 172.51 50.9593 -133.436 186.937 47.1473 -170.612 187.855 48.5857 13.9248 8.88077 113.922 
153.927 175.162 143.447 143.018 143.098 145.528 173.71 88.7164 88.7333 83.0224 -134.678 169.923 19.7269 -198.089 171.595 -41.4547 -138.468 159.476 44.8215 -133.618 172.398 50.7926 -133.948 186.852 46.9394 -171.288 187.922 48.4869 13.867 8.80081 114.763 
154.328 175.257 143.491 143.034 143.175 145.934 174.113 88.9966 89.0317 83.2996 -135.631 170.009 19.4046 -199.578 172.148 -41.5767 -139.06 159.605 44.7706 -134.16 172.551 50.643 -134.532 187.029 46.7838 -172.036 188.151 48.4602 13.8035 8.69251 115.261 
154.636 175.428 143.423 142.93 143.111 146.376 174.455 89.2389 89.2925 83.5861 -136.437 169.98 19.094 -200.655 172.241 -41.7492 -139.55 159.636 44.69 -134.587 172.577 50.4646 -134.955 187.056 46.6238 -172.616 188.296 48.4061 13.7469 8.59655 115.405 
154.92 175.517 143.359 142.796 143.027 146.84 174.67 89.4486 89.4995 83.8708 -137.129 169.926 18.7566 -201.687 172.139 -41.8901 -140.007 159.389 44.4657 -134.962 172.302 50.1965 -135.282 186.753 46.4178 -173.083 188.249 48.3274 13.7151 8.54193 115.376 
155.271 175.639 143.218 142.685 142.998 147.254 174.99 89.6181 89.6586 84.0632 -137.939 170.277 18.2817 -202.826 172.304 -41.9978 -140.432 159.412 44.2414 -135.343 172.304 49.9478 -135.673 186.741 46.2523 -173.583 188.295 48.2809 13.6641 8.50267 115.454 
155.488 175.889 143.011 142.595 142.976 147.552 175.509 89.7203 89.7864 84.2302 -138.725 170.65 17.7383 -203.971 172.436 -42.1297 -140.749 159.483 44.0871 -135.603 172.334 49.6912 -135.959 186.743 46.0689 -173.971 188.234 48.1822 13.6112 8.41963 115.823 
155.639 176.168 142.828 142.536 142.952 147.683 175.95 89.7455 89.8187 84.2937 -139.52 171.26 17.2272 -205.06 172.6 -42.2218 -141.074 159.791 43.9262 -135.902 172.613 49.4108 -136.325 186.994 45.8579 -174.396 188.293 48.1003 13.5884 8.33786 116.127 
155.597 176.427 142.739 142.584 142.958 147.563 176.335 89.759 89.8459 84.3207 -140.246 171.818 16.8866 -206.034 172.859 -42.2658 -141.392 160.046 43.7403 -136.199 172.867 49.1575 -136.709 187.226 45.6691 -174.822 188.344 48.0448 13.5753 8.26975 116.372 
155.658 176.649 142.69 142.607 142.959 147.509 176.705 89.8862 89.9659 84.4425 -140.751 172.355 16.5828 -206.901 173.393 -42.3095 -141.682 160.191 43.5878 -136.506 173.005 48.9841 -137.079 187.332 45.5125 -175.231 188.4 47.9585 13.5936 8.25044 116.742 
155.681 176.792 142.616 142.651 142.968 147.451 176.94 89.9674 89.9944 84.4287 -141.483 172.853 16.3632 -207.819 173.911 -42.2836 -142.089 160.496 43.4177 -136.937 173.332 48.8574 -137.559 187.664 45.4291 -175.752 188.632 47.9485 13.5682 8.2502 116.89 
155.767 176.918 142.428 142.598 142.907 147.476 177.235 90.1631 90.1153 84.4507 -142.184 173.054 16.157 -208.699 174.352 -42.255 -142.379 160.757 43.2468 -137.278 173.66 48.7752 -137.959 188.026 45.3992 -176.245 188.846 47.9631 13.4874 8.24097 117.006 
155.752 177.206 142.334 142.468 142.691 147.531 177.369 90.0934 90.0476 84.4538 -143.095 173.05 15.8085 -209.438 174.451 -42.2936 -143.098 160.85 43.0319 -137.96 173.768 48.5884 -138.57 188.089 45.2231 -176.876 188.95 47.8185 13.4629 8.24154 116.931 
155.753 177.254 142.244 142.368 142.538 147.582 177.145 89.9157 89.8301 84.2634 -143.311 172.761 15.6628 -209.195 173.939 -42.3055 -143.376 160.737 42.9247 -138.238 173.676 48.5204 -138.789 187.981 45.1473 -177.015 188.834 47.7304 13.4707 8.28363 116.506 
155.764 177.179 142.165 142.315 142.462 147.638 176.868 89.8209 89.6595 84.1026 -143.588 172.369 15.6424 -208.997 173.465 -42.3586 -143.634 160.603 42.8572 -138.492 173.575 48.5169 -138.96 187.88 45.1559 -177.155 188.786 47.7023 13.4409 8.32513 116.027 
155.832 177.142 142.128 142.253 142.4 147.765 176.573 89.8078 89.5354 83.9811 -143.655 172.008 15.5552 -208.656 172.913 -42.4475 -143.78 160.424 42.7257 -138.686 173.436 48.4769 -139.104 187.74 45.121 -177.255 188.68 47.6342 13.4349 8.39359 115.461 
155.929 177.055 142.016 142.215 142.382 147.844 176.485 89.813 89.5194 83.9137 -143.661 171.815 15.4002 -208.564 172.714 -42.5567 -143.898 160.221 42.6476 -138.794 173.227 48.4235 -139.185 187.544 45.0741 -177.299 188.522 47.546 13.425 8.40941 115.3 
156.052 177.011 141.878 142.114 142.349 148.016 176.506 89.9287 89.5911 83.9346 -143.658 171.471 15.2796 -208.347 172.373 -42.7369 -143.841 160.033 42.6361 -138.774 173.043 48.4291 -139.156 187.384 45.1018 -177.294 188.352 47.4454 13.3747 8.42244 115.204 
156.262 176.956 141.808 142.056 142.379 148.26 176.435 90.0469 89.6067 83.8805 -143.625 171.159 15.2244 -208.051 171.934 -42.8596 -143.74 159.933 42.6469 -138.77 172.999 48.4974 -139.18 187.372 45.1916 -177.339 188.218 47.3906 13.3238 8.45233 115.03 
156.446 176.901 141.705 141.951 142.327 148.449 176.411 90.1559 89.6174 83.8172 -143.499 170.939 15.1659 -207.768 171.362 -43.0018 -143.584 159.86 42.6438 -138.72 172.992 48.5301 -139.179 187.384 45.2285 -177.351 188.06 47.3113 13.2906 8.46792 114.874 
156.614 176.842 141.591 141.86 142.292 148.586 176.471 90.2649 89.6778 83.8176 -143.309 170.807 15.0988 -207.643 171.045 -43.0914 -143.414 159.734 42.6051 -138.621 172.919 48.5191 -139.14 187.327 45.2374 -177.328 187.873 47.2488 13.2662 8.46228 114.871 
156.612 176.817 141.508 141.812 142.244 148.547 176.67 90.349 89.7272 83.7838 -143.092 170.636 15.1471 -207.806 170.801 -43.1354 -143.277 159.547 42.5586 -138.514 172.769 48.4555 -139.084 187.195 45.1727 -177.307 187.646 47.1786 13.2478 8.4368 115.083 
156.598 176.823 141.426 141.775 142.222 148.468 176.847 90.4541 89.7767 83.7631 -142.964 170.646 15.1421 -207.979 170.785 -43.1923 -143.122 159.531 42.5035 -138.431 172.787 48.3969 -139.09 187.229 45.13 -177.321 187.496 47.1384 13.2433 8.42076 115.305 
156.589 176.836 141.369 141.733 142.215 148.448 176.991 90.5097 89.8215 83.7877 -142.922 170.484 15.1217 -208.048 170.589 -43.2426 -143.025 159.471 42.5519 -138.369 172.759 48.4142 -139.072 187.205 45.1535 -177.327 187.323 47.1115 13.211 8.38367 115.498 
156.485 176.849 141.36 141.802 142.248 148.254 177.164 90.4639 89.7928 83.743 -142.839 170.51 15.2006 -208.428 170.629 -43.1685 -143.094 159.368 42.5442 -138.409 172.655 48.3537 -139.139 187.1 45.0898 -177.381 187.174 47.117 13.2278 8.34333 115.785 
156.312 176.881 141.283 141.827 142.237 148.007 177.378 90.4366 89.7957 83.7203 -142.765 170.562 15.2306 -208.774 170.722 -43.1353 -143.14 159.188 42.4794 -138.404 172.453 48.2346 -139.158 186.894 44.972 -177.39 186.982 47.0872 13.261 8.30174 116.051 
156.129 176.958 141.172 141.874 142.284 147.773 177.596 90.3512 89.7886 83.6784 -142.752 170.604 15.2285 -209.095 170.898 -43.0185 -143.163 159.058 42.4608 -138.366 172.289 48.1455 -139.176 186.737 44.9024 -177.371 186.759 47.091 13.2918 8.2415 116.423 
155.898 177 141.112 141.929 142.309 147.508 177.698 90.1184 89.6283 83.5371 -142.727 170.63 15.2656 -209.411 170.87 -42.8649 -143.278 158.985 42.3762 -138.417 172.196 47.9992 -139.265 186.647 44.791 -177.385 186.545 47.0983 13.3269 8.18684 116.635 
155.635 177.01 140.945 141.959 142.338 147.163 177.879 90.0786 89.5922 83.4674 -142.634 170.384 15.5167 -209.848 170.701 -42.602 -143.223 158.633 42.1966 -138.349 171.881 47.8598 -139.295 186.361 44.7294 -177.409 186.14 47.2009 13.3452 8.14967 116.776 
155.443 176.994 140.796 141.847 142.255 146.923 177.907 90.212 89.6613 83.5389 -142.499 170.105 15.7436 -209.863 170.414 -42.4927 -142.995 158.309 41.9909 -138.208 171.613 47.7739 -139.234 186.099 44.6792 -177.379 185.851 47.2418 13.3765 8.19683 116.652 
155.268 176.767 140.897 141.838 142.122 146.632 177.514 90.0076 89.4372 83.3323 -142.617 169.776 15.7082 -209.941 170.149 -42.3758 -142.768 158.091 41.7077 -138.085 171.429 47.5324 -139.295 185.843 44.4491 -177.271 185.556 47.3447 13.6371 8.23905 116.538 
155.287 176.77 140.862 141.762 142.118 146.684 177.458 90.1515 89.476 83.4248 -142.529 169.528 15.8264 -209.669 169.697 -42.3014 -142.545 157.83 41.6054 -137.99 171.25 47.5521 -139.238 185.67 44.4954 -177.264 185.3 47.3972 13.607 8.30463 116.247 
155.226 176.72 140.798 141.689 142.13 146.66 177.451 90.3367 89.5974 83.6079 -142.47 169.201 16.0941 -209.644 169.368 -42.1383 -142.414 157.529 41.5238 -137.934 171.011 47.5604 -139.202 185.45 44.5351 -177.334 185.093 47.4898 13.5548 8.34788 116.054 
155.237 176.673 140.718 141.571 142.107 146.752 177.411 90.4669 89.6543 83.7235 -142.521 168.856 16.2641 -209.607 168.953 -41.9677 -142.345 157.276 41.4563 -137.92 170.825 47.5728 -139.186 185.28 44.5899 -177.409 184.918 47.5943 13.488 8.38386 115.762 
155.248 176.586 140.636 141.454 142.064 146.789 177.335 90.6264 89.7352 83.8416 -142.543 168.52 16.4221 -209.608 168.537 -41.8331 -142.286 156.917 41.3004 -137.899 170.528 47.5178 -139.164 184.998 44.5837 -177.471 184.71 47.6755 13.4469 8.42772 115.393 
155.314 176.529 140.566 141.363 142.035 146.903 177.23 90.7975 89.8159 83.9372 -142.612 168.069 16.4816 -209.464 168.025 -41.7422 -142.134 156.609 41.1478 -137.794 170.286 47.4356 -139.08 184.781 44.552 -177.48 184.48 47.7359 13.3919 8.44594 114.985 
155.446 176.303 140.687 141.292 141.872 147.031 176.805 90.6823 89.6773 83.8262 -142.785 167.532 16.2777 -209.301 167.553 -41.7155 -141.907 156.38 40.901 -137.657 170.085 47.1952 -139.097 184.515 44.3368 -177.386 184.19 47.8247 13.5906 8.46386 114.619 
155.568 176.299 140.649 141.215 141.847 147.268 176.804 90.8779 89.7979 83.9454 -142.841 167.144 16.2345 -209.2 167.27 -41.7296 -141.711 156.172 40.7547 -137.521 169.921 47.0805 -139.004 184.376 44.2609 -177.389 183.974 47.842 13.5413 8.45803 114.392 
155.719 176.31 140.625 141.205 141.886 147.494 176.826 90.959 89.8467 83.9733 -142.98 166.824 16.1892 -209.176 167.085 -41.7279 -141.616 156.161 40.7392 -137.467 169.944 47.0516 -139.011 184.432 44.2789 -177.454 183.833 47.9 13.4805 8.41553 114.303 
155.82 176.306 140.581 141.164 141.858 147.639 176.871 91.0928 89.974 84.0909 -143.092 166.587 16.2605 -209.271 166.894 -41.7173 -141.563 156.067 40.6934 -137.422 169.866 46.9763 -139.013 184.38 44.237 -177.547 183.733 47.9677 13.4459 8.36613 114.181 
155.897 176.315 140.544 141.092 141.827 147.818 176.821 91.1521 89.9857 84.1122 -143.266 166.345 16.2726 -209.219 166.716 -41.6857 -141.562 156.067 40.6205 -137.45 169.906 46.9232 -139.074 184.446 44.2531 -177.653 183.674 48.0445 13.3947 8.33745 113.914 
155.942 176.312 140.45 140.979 141.752 147.979 176.857 91.2771 90.076 84.2208 -143.366 166.079 16.3184 -209.386 166.503 -41.6126 -141.512 155.902 40.4946 -137.406 169.769 46.8356 -139.05 184.317 44.2261 -177.716 183.523 48.1117 13.3613 8.31631 113.76 
155.877 176.357 140.315 140.803 141.644 148.011 176.991 91.483 90.2452 84.4019 -143.385 165.767 16.4343 -209.427 166.357 -41.5624 -141.339 155.661 40.3932 -137.248 169.562 46.7669 -138.918 184.113 44.2159 -177.698 183.313 48.1706 13.3169 8.29145 113.669 
155.924 176.395 140.248 140.672 141.526 148.141 177.037 91.6737 90.3994 84.56 -143.336 165.407 16.4115 -209.402 166.118 -41.5807 -141.186 155.265 40.2738 -137.081 169.179 46.6935 -138.742 183.72 44.1763 -177.615 183.005 48.1774 13.3008 8.28273 113.534 
155.972 176.429 140.174 140.586 141.452 148.286 177.115 91.7216 90.4527 84.6105 -143.31 165.137 16.3702 -209.38 165.864 -41.6189 -141.113 154.976 40.2736 -136.978 168.875 46.6959 -138.618 183.413 44.2143 -177.538 182.719 48.1857 13.2739 8.26234 113.524 
156.086 176.492 140.121 140.528 141.414 148.48 177.257 91.774 90.5097 84.6674 -143.257 164.922 16.232 -209.438 165.649 -41.6289 -140.963 154.758 40.3011 -136.833 168.641 46.71 -138.483 183.165 44.2419 -177.424 182.431 48.176 13.2647 8.25106 113.689 
155.929 176.54 140.067 140.458 141.306 148.369 177.468 91.7454 90.5661 84.7006 -143.174 164.807 16.2087 -209.712 165.578 -41.5931 -140.937 154.453 40.3428 -136.741 168.274 46.6563 -138.393 182.785 44.175 -177.325 182.104 48.1346 13.2927 8.2055 114.076 
155.776 176.627 140.007 140.379 141.172 148.24 177.744 91.7571 90.6421 84.7384 -142.941 164.642 16.2273 -209.821 165.539 -41.596 -140.785 154.148 40.3702 -136.555 167.92 46.6024 -138.23 182.42 44.108 -177.164 181.764 48.0646 13.3263 8.16702 114.491 
155.645 176.656 139.976 140.421 141.116 148.104 177.822 91.4232 90.4082 84.5166 -142.868 164.616 16.1762 -209.895 165.476 -41.569 -140.911 154.126 40.4658 -136.629 167.831 46.596 -138.295 182.315 44.0726 -177.112 181.549 48.0014 13.381 8.13594 114.868 
155.47 176.706 139.904 140.418 141.047 147.915 177.841 91.008 90.1548 84.2953 -142.852 164.648 16.0607 -209.81 165.423 -41.5828 -141.131 154.128 40.5688 -136.767 167.746 46.5873 -138.405 182.209 44.0351 -177.069 181.347 47.9026 13.4413 8.10053 115.165 
155.283 176.726 139.832 140.402 140.988 147.679 177.895 90.7401 90.007 84.1403 -142.772 164.631 15.9816 -209.761 165.42 -41.5739 -141.207 154.037 40.6001 -136.78 167.59 46.5328 -138.423 182.041 43.9634 -176.971 181.099 47.8105 13.4931 8.07029 115.461 
155.209 176.744 139.76 140.403 140.98 147.535 177.991 90.6807 89.9955 84.0919 -142.828 164.401 15.8927 -209.858 165.457 -41.6499 -141.209 153.883 40.5944 -136.768 167.41 46.527 -138.422 181.858 43.9563 -176.932 180.896 47.7387 13.5049 8.07496 115.72 
155.245 176.774 139.731 140.39 140.98 147.506 177.978 90.5463 89.9048 84.0009 -142.856 164.165 15.7105 -209.745 165.308 -41.7476 -141.266 153.69 40.6089 -136.817 167.194 46.5377 -138.456 181.629 43.9589 -176.879 180.659 47.638 13.5271 8.09374 115.84 
155.334 176.811 139.689 140.326 140.962 147.578 177.96 90.5022 89.867 83.96 -142.85 163.766 15.5105 -209.508 165.003 -41.8988 -141.249 153.473 40.636 -136.832 166.97 46.5669 -138.461 181.393 43.9711 -176.825 180.407 47.497 13.536 8.12093 115.92 
155.43 176.803 139.701 140.347 140.999 147.622 177.838 90.3679 89.7248 83.8052 -142.816 163.445 15.3263 -209.234 164.644 -42.0981 -141.313 153.323 40.661 -136.92 166.83 46.6031 -138.515 181.248 43.9672 -176.791 180.238 47.3346 13.5386 8.15835 115.918 
155.447 176.772 139.684 140.4 141.008 147.61 177.735 90.3048 89.6288 83.7146 -142.704 163.295 15.1433 -209.199 164.445 -42.2112 -141.346 153.134 40.4746 -136.963 166.641 46.4575 -138.545 181.048 43.8095 -176.762 180.064 47.1623 13.5796 8.1917 115.887 
155.476 176.769 139.717 140.512 141.107 147.574 177.661 90.1082 89.4576 83.5356 -142.717 163.288 14.9279 -209.302 164.374 -42.367 -141.555 153.078 40.4221 -137.151 166.577 46.423 -138.701 180.977 43.7518 -176.818 179.94 47.0056 13.593 8.2088 116.026 
155.644 176.802 139.717 140.582 141.182 147.688 177.635 90.1744 89.4413 83.4504 -142.707 163.237 14.6704 -209.36 164.195 -42.6057 -141.548 152.985 40.2795 -137.201 166.516 46.3613 -138.768 180.916 43.6763 -176.862 179.812 46.8406 13.5929 8.25007 116.012 
155.829 176.922 139.756 140.596 141.217 147.976 177.684 90.1701 89.4099 83.3692 -142.652 163.109 14.3757 -209.315 163.881 -42.8148 -141.547 152.955 40.2662 -137.263 166.517 46.3817 -138.828 180.913 43.6494 -176.894 179.666 46.6388 13.5651 8.2729 116.157 
155.981 177.012 139.78 140.668 141.257 148.219 177.76 90.2266 89.4457 83.3279 -142.743 162.924 14.0364 -209.501 163.653 -43.0276 -141.547 152.929 40.1919 -137.299 166.505 46.2957 -138.89 180.9 43.5121 -176.961 179.531 46.4284 13.5485 8.26786 116.368 
156.25 177.086 139.883 140.86 141.409 148.544 177.784 90.1713 89.3993 83.2117 -143.016 162.986 13.6846 -209.864 163.598 -43.2567 -141.749 153.118 40.1486 -137.511 166.702 46.2278 -139.141 181.102 43.4208 -177.187 179.565 46.2828 13.5334 8.24367 116.534 
156.47 177.15 139.948 141.024 141.558 148.813 177.816 90.1543 89.4418 83.1905 -143.279 163.127 13.3158 -210.235 163.536 -43.428 -141.933 153.248 40.0311 -137.664 166.828 46.0631 -139.352 181.224 43.2495 -177.397 179.562 46.1404 13.5279 8.18831 116.611 
156.659 177.197 140.014 141.193 141.699 149.034 177.836 90.1513 89.5011 83.1919 -143.607 163.352 12.9939 -210.723 163.52 -43.5973 -142.198 153.417 39.9085 -137.89 166.982 45.8733 -139.628 181.385 43.0407 -177.682 179.618 45.9917 13.5182 8.13191 116.699 
156.953 177.229 140.077 141.371 141.855 149.328 177.843 90.195 89.5737 83.2174 -144.034 163.615 12.6584 -211.281 163.503 -43.7545 -142.46 153.639 39.7502 -138.136 167.2 45.6841 -139.942 181.605 42.8657 -178.018 179.723 45.896 13.5059 8.0912 116.671 
157.256 177.292 140.09 141.442 141.94 149.696 177.947 90.4846 89.8161 83.3871 -144.411 163.774 12.3539 -211.774 163.507 -43.9396 -142.502 153.789 39.5002 -138.243 167.399 45.499 -140.164 181.819 42.7354 -178.331 179.787 45.8262 13.4576 8.06927 116.543 
157.515 177.33 140.097 141.49 141.961 149.984 178.017 90.6825 89.9678 83.5268 -144.732 164.038 12.1194 -212.25 163.6 -44.0717 -142.639 153.892 39.2275 -138.415 167.529 45.2755 -140.418 181.939 42.5654 -178.638 179.846 45.7703 13.4668 8.048 116.381 
157.694 177.338 140.11 141.566 142.021 150.241 177.997 90.7017 89.9645 83.5372 -145.112 164.251 11.8901 -212.691 163.458 -44.1607 -142.938 154.012 39.017 -138.716 167.679 45.0801 -140.759 182.081 42.4113 -178.979 179.891 45.704 13.4598 8.02096 116.177 
157.82 177.324 140.124 141.605 142.03 150.486 177.999 90.6939 89.9667 83.5518 -145.506 164.338 11.5884 -213.1 163.404 -44.2327 -143.219 154.081 38.8576 -138.976 167.753 44.9009 -141.037 182.147 42.2604 -179.249 179.863 45.6065 13.4486 7.97853 116.135 
157.9 177.362 140.112 141.613 142.015 150.669 178.09 90.7089 90.0134 83.5914 -145.81 164.286 11.2824 -213.6 163.35 -44.3017 -143.414 154.029 38.7285 -139.142 167.691 44.7512 -141.22 182.079 42.1314 -179.422 179.722 45.5017 13.4311 7.94603 116.278 
157.954 177.384 140.133 141.634 142.01 150.826 178.162 90.7193 90.0488 83.6476 -146.063 164.207 11.0236 -214.003 163.352 -44.3763 -143.617 153.9 38.642 -139.33 167.532 44.6514 -141.41 181.902 42.0311 -179.584 179.548 45.3827 13.4469 7.94559 116.475 
158.014 177.423 140.123 141.568 141.922 150.966 178.232 90.8684 90.1508 83.7419 -146.09 164.064 10.8412 -214.085 163.226 -44.501 -143.637 153.658 38.6135 -139.391 167.274 44.6433 -141.47 181.625 41.9905 -179.633 179.324 45.2643 13.476 7.9799 116.579 
158.036 177.434 140.093 141.539 141.855 151.029 178.257 90.9319 90.1984 83.7598 -146.047 163.938 10.6286 -214.162 163.015 -44.6749 -143.681 153.334 38.4833 -139.433 166.933 44.5215 -141.51 181.273 41.8506 -179.643 179.044 45.0793 13.5123 7.9936 116.641 
157.862 177.416 140.1 141.584 141.821 150.9 178.242 90.876 90.1135 83.6596 -145.96 163.857 10.4994 -214.316 162.802 -44.8051 -143.807 153.09 38.3322 -139.548 166.679 44.3696 -141.61 181.014 41.6676 -179.667 178.822 44.8808 13.5605 8.00903 116.735 
157.712 177.413 140.097 141.556 141.774 150.805 178.195 90.8747 90.0782 83.6391 -145.801 163.636 10.4014 -214.182 162.465 -44.9328 -143.8 152.808 38.1748 -139.555 166.415 44.2123 -141.624 180.739 41.5023 -179.63 178.562 44.7039 13.5949 8.01375 116.671 
157.448 177.378 140.115 141.63 141.777 150.546 178.142 90.6848 89.9396 83.5104 -145.667 163.592 10.3637 -214.117 162.247 -45.0691 -143.948 152.641 38.1012 -139.654 166.222 44.0502 -141.726 180.528 41.2962 -179.629 178.377 44.5075 13.67 7.99412 116.766 
157.061 177.357 140.112 141.642 141.765 150.132 178.109 90.5758 89.8507 83.4295 -145.524 163.568 10.4322 -214.001 162.041 -45.2095 -144.007 152.514 37.987 -139.706 166.091 43.8796 -141.8 180.386 41.1016 -179.63 178.214 44.3337 13.7144 7.99154 116.783 
156.786 177.363 140.117 141.618 141.714 149.859 178.079 90.4327 89.7412 83.3281 -145.264 163.471 10.4164 -213.677 161.667 -45.3666 -143.967 152.375 37.9201 -139.664 165.946 43.7432 -141.776 180.223 40.9315 -179.52 177.986 44.1476 13.7554 7.98355 116.777 
156.573 177.247 140.244 141.621 141.547 149.508 177.736 90.0057 89.4683 83.1211 -144.981 163.289 10.3141 -213.223 161.273 -45.5269 -143.885 152.297 37.7313 -139.594 165.876 43.4928 -141.809 180.069 40.6344 -179.355 177.755 44.0299 13.9424 7.97914 116.638 
156.313 177.234 140.324 141.695 141.608 149.283 177.671 89.8178 89.296 82.9729 -144.764 163.306 10.3932 -213.024 161.051 -45.5953 -143.933 152.266 37.7162 -139.643 165.868 43.4654 -141.835 180.066 40.5709 -179.312 177.655 43.9123 13.9299 7.98596 116.675 
156.033 177.245 140.341 141.73 141.641 148.975 177.708 89.8034 89.2939 82.9562 -144.457 163.294 10.4609 -212.921 160.853 -45.7262 -143.873 152.089 37.618 -139.569 165.698 43.3382 -141.758 179.903 40.4088 -179.226 177.496 43.7372 13.9244 7.98319 116.746 
155.796 177.255 140.357 141.761 141.676 148.671 177.734 89.8261 89.2945 82.9484 -144.228 163.296 10.5358 -212.762 160.772 -45.8917 -143.823 151.989 37.5435 -139.539 165.608 43.2624 -141.715 179.823 40.2993 -179.189 177.407 43.576 13.903 8.00341 116.791 
155.579 177.258 140.396 141.836 141.755 148.354 177.775 89.8331 89.2937 82.9288 -144.082 163.381 10.6092 -212.697 160.698 -46.0333 -143.804 151.988 37.4846 -139.543 165.622 43.1755 -141.742 179.852 40.1864 -179.214 177.355 43.4445 13.8759 8.00687 116.852 
155.456 177.254 140.425 141.852 141.816 148.178 177.766 89.8556 89.2887 82.9384 -144.01 163.355 10.6331 -212.542 160.594 -46.1752 -143.787 151.982 37.349 -139.557 165.654 43.0624 -141.75 179.905 40.0885 -179.253 177.344 43.3173 13.8108 8.01746 116.729 
155.389 177.259 140.452 141.84 141.858 148.087 177.759 89.9529 89.3498 83.0105 -143.946 163.248 10.6471 -212.414 160.491 -46.302 -143.704 151.972 37.2258 -139.526 165.686 42.9791 -141.721 179.958 40.0083 -179.282 177.337 43.2098 13.7394 8.03917 116.628 
155.407 177.267 140.519 141.868 141.888 148.074 177.712 90.0298 89.4047 83.0919 -143.974 163.189 10.4972 -212.374 160.405 -46.4563 -143.705 151.918 37.0574 -139.541 165.636 42.8107 -141.718 179.91 39.8337 -179.32 177.31 43.0557 13.7105 8.05021 116.511 
155.499 177.27 140.552 141.914 141.945 148.121 177.719 90.1522 89.4995 83.1719 -144.018 163.175 10.3518 -212.427 160.413 -46.61 -143.621 151.962 36.9151 -139.485 165.691 42.6695 -141.683 179.982 39.6952 -179.352 177.318 42.9546 13.6604 8.04678 116.472 
155.579 177.259 140.575 141.937 141.961 148.15 177.733 90.2469 89.5754 83.2555 -144.111 163.142 10.205 -212.578 160.473 -46.7652 -143.619 152.015 36.7431 -139.509 165.753 42.5023 -141.71 180.062 39.5247 -179.445 177.369 42.8336 13.6156 8.04952 116.461 
