156.939 177.633 144.285 148.586 143.855 149.91 173.762 75.5723 77.4078 72.3254 -232.72 202.936 -73.2231 -198.481 223.044 -136.762 -229.905 217.535 -36.5503 -242.183 219.374 -33.6197 -254.266 226.085 -39.2712 -229.967 249.56 -48.0446 13.3985 9.84892 113.279 
156.946 177.653 144.371 148.546 143.902 149.903 174.123 75.6595 77.5264 72.4605 -232.617 202.388 -73.2309 -198.772 223.381 -137.482 -229.778 216.984 -36.7845 -242.047 218.833 -33.7668 -254.17 225.535 -39.3494 -230.027 249.182 -48.2759 13.3777 9.84028 113.849 
157.102 177.724 144.363 148.44 143.872 150.084 174.406 75.8007 77.6623 72.5878 -232.553 201.933 -73.3635 -199.064 223.442 -138.045 -229.886 216.537 -37.0137 -242.149 218.447 -33.9401 -254.293 225.201 -39.4497 -230.146 248.914 -48.4999 13.3115 9.8196 114.153 
157.032 177.797 144.389 148.446 143.872 150.029 174.553 75.927 77.8014 72.7097 -232.712 201.54 -73.4131 -199.322 223.261 -138.485 -229.928 216.119 -37.1848 -242.175 218.046 -34.0661 -254.322 224.818 -39.5598 -230.22 248.588 -48.7168 13.3107 9.81346 114.335 
156.889 177.911 144.413 148.499 143.754 149.885 174.61 75.7533 77.6798 72.6441 -233.026 201.238 -73.4498 -199.692 222.891 -138.673 -230.174 215.705 -37.4513 -242.425 217.696 -34.2702 -254.518 224.574 -39.6914 -230.205 248.182 -48.7662 13.3258 9.79931 114.305 
156.753 178.035 144.554 148.721 143.844 149.646 174.697 75.6179 77.6612 72.5933 -233.493 200.786 -73.2337 -199.829 222.529 -138.85 -230.176 215.312 -37.6083 -242.442 217.296 -34.3233 -254.495 224.232 -39.7359 -230.168 247.793 -48.8166 13.3921 9.77865 114.327 
156.484 178.116 144.443 148.669 143.612 149.394 174.622 75.473 77.5615 72.5501 -233.758 200.462 -73.3172 -200.126 222.016 -138.905 -230.354 214.934 -37.8464 -242.605 216.957 -34.5423 -254.6 223.962 -39.9352 -230.094 247.373 -48.8913 13.4375 9.78787 114.184 
156.341 178.299 144.432 148.63 143.421 149.209 174.315 75.2383 77.338 72.3589 -234.035 200.111 -73.4511 -200.182 220.863 -138.755 -230.419 214.668 -38.1201 -242.678 216.744 -34.805 -254.623 223.779 -40.2075 -229.962 246.976 -49.045 13.5002 9.79337 113.585 
156.076 178.365 144.478 148.668 143.379 149.02 174.136 74.9489 77.0875 72.1622 -234.121 199.687 -73.4796 -200.117 220.005 -138.608 -230.271 214.428 -38.3505 -242.554 216.492 -35.0262 -254.485 223.486 -40.4518 -229.83 246.543 -49.2403 13.5889 9.79529 113.338 
155.849 178.388 144.427 148.591 143.247 148.949 174.097 74.6869 76.8443 71.973 -234.072 199.355 -73.5847 -199.995 219.456 -138.472 -230.252 214.264 -38.6114 -242.572 216.327 -35.3151 -254.498 223.305 -40.7474 -229.785 246.225 -49.4424 13.6238 9.78493 113.215 
155.686 178.396 144.334 148.45 143.114 148.936 174.186 74.6012 76.7784 71.9603 -233.716 199.131 -73.8321 -200.223 219.306 -138.569 -230.272 214.092 -38.8231 -242.603 216.152 -35.547 -254.51 223.121 -40.9869 -229.799 245.999 -49.6319 13.6726 9.77902 113.28 
155.494 178.377 144.126 148.287 142.92 148.858 174.337 74.4502 76.663 71.9933 -233.343 199.128 -74.1785 -200.654 219.255 -138.691 -230.412 213.971 -39.132 -242.76 215.995 -35.8829 -254.658 222.918 -41.3008 -229.967 245.822 -49.8575 13.7251 9.77695 113.312 
155.406 178.301 143.923 148.106 142.816 148.844 174.44 74.3802 76.5924 72.0034 -232.958 199.107 -74.4915 -200.973 219.472 -138.869 -230.513 213.84 -39.3917 -242.891 215.856 -36.1652 -254.795 222.765 -41.5598 -230.07 245.706 -50.0222 13.7209 9.75462 113.446 
155.557 178.38 143.679 147.984 143.108 148.919 174.657 74.2319 76.2297 71.7573 -232.546 199.049 -74.7393 -201.088 219.476 -139.044 -230.417 213.774 -39.5597 -242.851 215.816 -36.3131 -254.81 222.578 -41.6406 -230.183 245.524 -50.1225 13.7599 9.72438 113.378 
155.873 178.411 143.54 147.93 143.466 149.233 174.931 74.2265 75.9914 71.5312 -232.138 199.016 -75.0941 -201.426 219.796 -139.443 -230.499 213.838 -39.6454 -242.961 215.9 -36.4112 -254.984 222.551 -41.6964 -230.484 245.482 -50.2835 13.7732 9.71372 113.637 
155.955 178.477 143.596 148.008 143.605 149.422 175.048 74.3195 76.1156 71.5633 -231.983 198.878 -75.3026 -201.632 219.927 -139.643 -230.552 213.814 -39.6665 -243.022 215.793 -36.4558 -255.093 222.415 -41.7918 -230.761 245.447 -50.4643 13.7644 9.70724 113.884 
156.031 178.508 143.425 147.96 143.841 149.453 175.458 74.3322 75.9692 71.3647 -232.037 199.042 -75.5064 -202.022 220.398 -140.04 -230.816 213.886 -39.7997 -243.313 215.909 -36.5919 -255.423 222.534 -41.8909 -231.066 245.493 -50.5981 13.7434 9.68218 114.184 
156.186 178.545 143.382 147.931 144.052 149.554 175.771 74.4175 75.9316 71.2557 -232.147 199.17 -75.6713 -202.368 220.865 -140.45 -231.107 213.977 -39.9075 -243.621 216.02 -36.7017 -255.77 222.637 -41.9885 -231.459 245.622 -50.7412 13.7255 9.66471 114.417 
156.336 178.514 143.43 148.011 144.257 149.668 175.952 74.4179 75.8263 71.123 -232.394 199.446 -76.0021 -202.856 221.516 -140.899 -231.441 214.216 -40.065 -243.956 216.255 -36.8526 -256.129 222.867 -42.0978 -231.858 245.824 -50.8824 13.7424 9.6632 114.663 
156.481 178.521 143.463 148.061 144.402 149.755 176.168 74.4059 75.7351 71.0289 -232.517 199.721 -76.3502 -203.35 222.133 -141.277 -231.786 214.44 -40.2601 -244.308 216.479 -37.0526 -256.497 223.089 -42.2677 -232.232 246.031 -51.0393 13.7553 9.65662 114.874 
156.671 178.546 143.469 148.032 144.442 149.783 176.336 74.4232 75.6952 70.9761 -232.709 200.019 -76.6019 -203.771 222.619 -141.51 -232.14 214.593 -40.3845 -244.671 216.658 -37.19 -256.864 223.325 -42.3661 -232.529 246.212 -51.0919 13.7366 9.64032 114.972 
156.825 178.555 143.555 148.008 144.428 149.784 176.267 74.4186 75.6428 70.8972 -233.202 200.347 -76.9151 -204.315 222.824 -141.767 -232.511 214.695 -40.6529 -245.028 216.822 -37.4288 -257.212 223.567 -42.5568 -232.82 246.392 -51.2136 13.7454 9.64576 114.751 
156.909 178.334 143.715 147.994 144.11 149.767 176.095 74.5234 76 71.2201 -233.932 200.584 -77.1048 -205.193 223.373 -141.983 -233.391 214.666 -40.8839 -245.834 216.817 -37.6393 -257.967 223.812 -42.7288 -233.349 246.647 -51.2553 13.6283 9.68424 114.869 
156.92 178.278 143.689 147.917 144.109 149.709 176.007 74.5829 76.0683 71.3275 -234.55 200.432 -77.0514 -205.41 223.325 -142.087 -233.63 214.461 -41.0364 -246.061 216.688 -37.7296 -258.182 223.734 -42.7514 -233.539 246.576 -51.2878 13.5878 9.68518 114.7 
156.883 178.318 143.787 147.926 144.192 149.523 176.02 74.6076 76.0856 71.3391 -235.439 200.353 -76.9088 -205.713 223.368 -142.175 -233.895 214.473 -41.1487 -246.332 216.74 -37.8006 -258.471 223.769 -42.8277 -233.871 246.65 -51.3866 13.5858 9.6766 114.629 
156.974 178.276 143.845 147.934 144.26 149.624 176.079 74.6882 76.0785 71.3352 -236.079 200.333 -76.9468 -206.059 223.307 -142.251 -234.451 214.507 -41.2104 -246.874 216.88 -37.8726 -258.998 223.975 -42.8683 -234.251 246.738 -51.4416 13.5345 9.67499 114.544 
156.94 178.246 143.828 147.88 144.207 149.557 176.069 74.5999 75.9606 71.2509 -236.648 200.483 -77.0179 -206.408 223.165 -142.29 -234.896 214.612 -41.3919 -247.318 217.043 -38.0401 -259.435 224.169 -42.9926 -234.575 246.83 -51.535 13.5121 9.67719 114.33 
156.942 178.193 143.711 147.794 144.151 149.606 176.016 74.4841 75.8186 71.1882 -236.982 200.554 -77.0662 -206.564 222.885 -142.166 -235.345 214.682 -41.5488 -247.772 217.189 -38.2206 -259.863 224.378 -43.1284 -234.785 246.869 -51.5957 13.466 9.67526 114.127 
156.891 178.215 143.732 147.789 144.104 149.594 175.903 74.4321 75.7422 71.1448 -237.284 200.572 -77.0762 -206.627 222.384 -142.054 -235.57 214.706 -41.5635 -247.981 217.252 -38.2623 -260.053 224.43 -43.1955 -234.913 246.819 -51.6576 13.4841 9.697 113.946 
156.773 178.203 143.854 147.899 144.121 149.524 175.587 74.2974 75.6118 71.0521 -237.867 200.655 -77.0169 -206.698 221.764 -141.815 -235.716 214.849 -41.6283 -248.142 217.408 -38.3248 -260.223 224.535 -43.2993 -235.08 246.858 -51.7452 13.5117 9.69872 113.525 
156.76 178.123 144 147.876 143.699 149.601 175.298 74.4262 75.9212 71.3216 -238.734 200.598 -76.9587 -206.888 221.308 -141.707 -236.278 214.97 -41.6248 -248.649 217.565 -38.3556 -260.685 224.78 -43.4218 -235.404 247.066 -51.8561 13.4382 9.73162 113.363 
156.83 178.127 144.17 147.884 143.379 149.733 175.055 74.5395 76.1973 71.5624 -239.132 200.409 -77.0182 -206.996 220.59 -141.643 -236.53 214.823 -41.618 -248.833 217.474 -38.343 -260.824 224.782 -43.4709 -235.424 247.013 -51.931 13.3812 9.77334 113.129 
156.894 178.183 144.258 147.844 143.053 149.793 175.002 74.7783 76.5331 71.7958 -239.825 200.197 -77.0451 -207.308 220.154 -141.728 -236.897 214.675 -41.6439 -249.123 217.46 -38.3383 -261.037 224.902 -43.5353 -235.537 247.031 -52.0451 13.3592 9.8059 112.994 
156.969 178.099 144.244 147.699 142.717 149.902 174.865 74.9286 76.7827 72.0535 -240.036 200.067 -77.2015 -207.543 219.929 -141.809 -237.245 214.632 -41.7187 -249.443 217.496 -38.4369 -261.324 225.004 -43.6851 -235.688 247.085 -52.2127 13.2858 9.79986 113.034 
157.106 178.054 144.301 147.764 142.891 149.973 174.839 74.9107 76.5719 71.802 -240.447 200.234 -77.2979 -207.716 219.776 -141.941 -237.651 214.868 -41.8067 -249.865 217.903 -38.5436 -261.718 225.444 -43.8091 -235.922 247.265 -52.3409 13.2947 9.77641 112.98 
157.338 177.989 144.371 147.673 142.674 150.238 174.769 75.0581 76.7539 71.9674 -240.596 200.322 -77.6103 -207.755 219.626 -142.079 -238.05 215.083 -41.9204 -250.234 218.156 -38.7353 -262.096 225.715 -44.064 -236.192 247.517 -52.6191 13.1881 9.79047 112.99 
157.546 177.909 144.364 147.608 142.507 150.461 174.63 75.1366 76.8846 72.0908 -240.728 200.375 -77.8973 -207.802 219.426 -142.175 -238.36 215.253 -42.0448 -250.534 218.335 -38.9233 -262.411 225.904 -44.2978 -236.432 247.696 -52.8692 13.0953 9.79184 112.963 
157.77 177.816 144.33 147.51 142.338 150.676 174.386 75.3224 77.0381 72.2357 -240.895 200.374 -78.2272 -207.863 219.007 -142.305 -238.611 215.304 -42.168 -250.747 218.469 -39.091 -262.616 226.07 -44.4868 -236.522 247.801 -53.1069 13.0089 9.80309 112.74 
157.918 177.698 144.372 147.554 142.159 150.719 174.237 75.4784 77.274 72.4258 -241.556 200.548 -78.5718 -208.113 218.834 -142.576 -239.085 215.491 -42.4205 -251.207 218.641 -39.3649 -263.062 226.244 -44.8235 -236.934 248.03 -53.4747 12.9598 9.7978 112.58 
157.949 177.661 144.369 147.575 142.047 150.722 174.182 75.4656 77.3244 72.5107 -241.672 200.762 -78.9951 -208.201 218.736 -142.861 -239.272 215.692 -42.6966 -251.386 218.767 -39.6704 -263.23 226.308 -45.1637 -237.136 248.147 -53.8496 12.9776 9.81549 112.568 
157.933 177.561 144.26 147.492 141.846 150.632 174.102 75.4565 77.3492 72.6098 -241.649 201.02 -79.4127 -208.491 218.821 -143.164 -239.397 215.853 -43.0236 -251.52 218.884 -40.0051 -263.355 226.354 -45.516 -237.299 248.296 -54.1873 13.0268 9.80558 112.497 
158.026 177.544 144.143 147.395 141.683 150.68 173.977 75.5007 77.4057 72.7155 -241.546 201.056 -79.8423 -208.538 218.532 -143.389 -239.248 215.78 -43.314 -251.362 218.804 -40.2642 -263.193 226.212 -45.791 -237.196 248.232 -54.4869 13.0652 9.81062 112.226 
158.085 177.425 143.997 147.212 141.466 150.715 173.705 75.4622 77.3652 72.7232 -241.619 201.19 -80.244 -208.597 218.351 -143.566 -239.308 215.91 -43.7061 -251.449 218.923 -40.6703 -263.293 226.273 -46.2214 -237.29 248.351 -54.8658 13.0817 9.78785 111.957 
158.144 177.29 143.7 146.927 141.165 150.686 173.555 75.4866 77.4017 72.8532 -241.5 201.376 -80.6829 -208.941 218.521 -143.863 -239.413 215.939 -44.1369 -251.559 218.983 -41.0699 -263.374 226.341 -46.5755 -237.294 248.486 -55.1305 13.0913 9.76637 111.687 
158.092 177.213 143.444 146.679 140.971 150.608 173.347 75.4274 77.3643 72.9147 -241.337 201.628 -81.0458 -209.039 218.514 -143.949 -239.47 216.106 -44.5799 -251.659 219.128 -41.5241 -263.484 226.429 -47.0303 -237.373 248.68 -55.4648 13.0838 9.73532 111.313 
158.075 177.166 143.111 146.381 140.833 150.526 173.31 75.4724 77.4353 73.0384 -241.19 201.713 -81.2725 -209.012 218.592 -144.117 -239.469 216.176 -44.9878 -251.704 219.171 -41.916 -263.527 226.43 -47.4133 -237.431 248.866 -55.7781 13.0753 9.6924 110.979 
158.021 177.156 142.98 146.248 140.801 150.331 173.261 75.5437 77.5626 73.1722 -241.11 201.635 -81.5051 -209.097 218.575 -144.397 -239.25 215.974 -45.4232 -251.512 218.953 -42.2794 -263.319 226.205 -47.7792 -237.334 248.827 -56.0946 13.1271 9.66206 110.647 
157.976 177.141 142.886 146.243 141.101 150.176 173.35 75.4104 77.2081 72.8408 -240.969 201.839 -81.7988 -208.897 218.77 -144.729 -238.974 215.965 -45.8806 -251.318 218.984 -42.7112 -263.137 226.173 -48.1629 -237.205 248.804 -56.3708 13.2088 9.60807 110.415 
157.888 177.148 142.947 146.372 141.53 149.938 173.486 75.2406 76.883 72.522 -240.768 201.875 -82.0425 -208.6 219.074 -145.104 -238.416 215.913 -46.299 -250.845 218.929 -43.0589 -262.702 226.017 -48.477 -236.964 248.693 -56.6648 13.3133 9.55915 110.357 
157.938 177.279 142.968 146.533 141.902 149.801 173.704 75.2128 76.6559 72.2252 -240.716 201.733 -82.3021 -208.457 219.112 -145.517 -237.945 215.708 -46.6413 -250.431 218.836 -43.3155 -262.291 225.91 -48.7206 -236.649 248.482 -56.9272 13.4102 9.51065 110.269 
157.962 177.457 143.065 146.809 142.328 149.669 174.021 75.2036 76.5112 71.9621 -240.659 201.577 -82.5117 -208.307 219.287 -146.06 -237.549 215.589 -46.9279 -250.053 218.773 -43.5247 -261.917 225.837 -48.9482 -236.393 248.317 -57.2263 13.502 9.50691 110.453 
157.936 177.565 143.068 146.872 142.613 149.633 174.091 75.2213 76.3878 71.7774 -240.483 201.389 -82.7667 -207.996 219.015 -146.407 -237.232 215.356 -47.2445 -249.762 218.613 -43.8212 -261.643 225.698 -49.2224 -236.125 248.09 -57.5265 13.4967 9.49196 110.333 
157.905 177.54 143.151 146.832 142.435 149.529 174.066 75.4369 76.7191 72.031 -240.402 201.082 -82.902 -207.808 218.938 -146.75 -237.193 215.09 -47.4485 -249.691 218.42 -44.0498 -261.514 225.634 -49.5342 -235.831 247.983 -57.8177 13.4332 9.48238 110.6 
157.846 177.525 143.186 146.864 142.278 149.523 174.215 75.5757 76.9681 72.2618 -240.274 201.141 -83.2343 -207.966 219.659 -147.332 -237.393 215.07 -47.7174 -249.84 218.48 -44.3337 -261.583 225.859 -49.8337 -235.686 248.096 -58.057 13.3798 9.48658 111.212 
157.667 177.527 143.198 146.963 142.176 149.41 174.432 75.7046 77.2771 72.5432 -240.098 201.031 -83.4367 -208.118 220.513 -147.957 -237.442 214.894 -48.0343 -249.869 218.37 -44.6062 -261.517 225.944 -50.1183 -235.428 248.102 -58.2787 13.3554 9.45111 111.897 
157.307 177.533 143.169 147.063 142.307 149.095 174.779 75.6876 77.2152 72.4601 -239.683 201.256 -83.66 -207.91 221.458 -148.544 -237.095 214.737 -48.4728 -249.561 218.248 -45.0174 -261.185 225.918 -50.4858 -235.024 248.046 -58.5192 13.3834 9.40039 112.387 
157.031 177.575 143.181 147.233 142.529 148.935 175.334 75.6775 77.118 72.3422 -239.202 201.563 -84.0976 -207.959 222.881 -149.356 -236.808 214.599 -49.0291 -249.322 218.197 -45.5112 -260.912 226.018 -50.8689 -234.662 248.06 -58.8073 13.4121 9.32063 113.086 
156.695 177.678 143.266 147.472 142.709 148.796 175.783 75.5627 76.9375 72.202 -238.631 201.989 -84.5675 -207.919 224.041 -150.012 -236.498 214.535 -49.5835 -249.063 218.18 -46.0115 -260.605 226.11 -51.2609 -234.283 248.08 -59.0583 13.483 9.24933 113.56 
156.331 177.748 143.319 147.591 142.848 148.712 176.442 75.5653 76.8034 72.114 -237.893 202.384 -85.2074 -207.836 225.059 -150.73 -236.285 214.309 -50.1462 -248.844 218.089 -46.6009 -260.288 226.233 -51.7106 -233.745 247.973 -59.3653 13.5204 9.20011 114.15 
155.938 177.613 143.356 147.603 142.861 148.793 176.972 75.3183 76.4325 71.9983 -236.951 202.916 -85.8541 -207.78 226.058 -151.149 -236.234 214.252 -50.8461 -248.828 218.178 -47.3458 -260.175 226.494 -52.2325 -233.278 247.987 -59.5928 13.5235 9.1209 114.464 
155.822 177.347 143.257 147.509 142.804 149.043 177.21 75.2868 76.2817 72.1153 -235.925 203.513 -86.5591 -207.613 226.908 -151.51 -236.421 214.222 -51.4259 -249.018 218.315 -48.0062 -260.275 226.813 -52.6921 -232.928 248.124 -59.7647 13.4249 9.05303 114.637 
155.859 177.137 143.106 147.289 142.565 149.152 177.025 75.3019 76.2226 72.2647 -235.129 204.264 -87.2694 -207.414 227.096 -151.721 -236.712 214.384 -51.9639 -249.295 218.564 -48.7032 -260.509 227.179 -53.2848 -232.778 248.409 -60.0617 13.2994 9.02714 114.411 
156.107 177.06 142.899 147.045 142.331 149.247 176.802 75.3919 76.3099 72.4877 -234.84 204.736 -87.7075 -207.301 227.041 -151.875 -237.002 214.656 -52.3187 -249.578 218.912 -49.162 -260.757 227.604 -53.705 -232.754 248.786 -60.3563 13.1817 8.99757 114.171 
156.305 176.92 142.712 146.863 142.175 149.273 176.583 75.4495 76.3618 72.6456 -234.852 205.393 -88.1636 -207.111 227.359 -152.028 -237.261 214.891 -52.783 -249.826 219.2 -49.7121 -260.976 228.02 -54.1679 -232.697 249.166 -60.595 13.0607 8.978 113.921 
156.438 176.908 142.611 146.711 142.058 149.336 176.355 75.4885 76.4121 72.7635 -234.984 205.916 -88.5517 -207.039 227.317 -152.139 -237.503 215.09 -53.1239 -250.035 219.494 -50.1133 -261.11 228.497 -54.4698 -232.528 249.45 -60.737 12.9623 8.9661 113.563 
156.491 176.784 142.431 146.48 141.887 149.436 175.917 75.6045 76.5145 72.9485 -234.851 206.427 -89.0459 -206.949 227.21 -152.233 -237.76 215.302 -53.4401 -250.253 219.774 -50.5197 -261.285 228.915 -54.7903 -232.428 249.752 -60.9015 12.839 8.96486 113.118 
156.529 176.797 142.318 146.338 141.765 149.437 175.794 75.7598 76.7321 73.1778 -234.916 206.685 -89.3276 -206.783 227.285 -152.391 -237.756 215.484 -53.5936 -250.199 219.938 -50.6816 -261.227 229.103 -54.9519 -232.345 250.002 -61.0956 12.7933 9.00237 113.021 
156.701 176.83 142.192 146.148 141.716 149.665 175.727 76.0242 76.9357 73.3828 -234.88 206.77 -89.6185 -206.452 227.058 -152.559 -237.895 215.651 -53.5709 -250.246 220.152 -50.7634 -261.23 229.4 -55.0209 -232.177 250.162 -61.2433 12.7004 9.05954 113.018 
156.857 176.899 142.126 146.089 141.667 149.74 175.711 76.3167 77.183 73.5395 -235.128 206.699 -89.7124 -206.01 226.501 -152.671 -238.014 215.758 -53.4332 -250.28 220.328 -50.7274 -261.214 229.669 -55.047 -232.005 250.264 -61.3746 12.6213 9.10217 113.013 
157.294 176.928 142.06 146.014 141.705 150.075 175.608 76.625 77.4306 73.6829 -235.005 206.497 -90.1018 -205.766 226.009 -152.969 -238.014 215.639 -53.4161 -250.19 220.315 -50.7287 -261.054 229.796 -55.0291 -231.71 250.213 -61.493 12.5502 9.13161 112.891 
157.599 176.983 142.145 146.114 141.81 150.368 175.598 76.9371 77.6814 73.7917 -235.029 206.4 -90.5455 -205.606 225.636 -153.397 -238.016 215.48 -53.4785 -250.073 220.233 -50.7882 -260.834 229.854 -55.0834 -231.41 250.105 -61.6675 12.5598 9.19129 112.808 
157.885 177.022 142.142 146.154 141.865 150.614 175.642 77.2583 77.9986 74.0026 -235.038 206.139 -90.8158 -205.488 225.377 -153.733 -237.961 215.34 -53.4591 -249.939 220.131 -50.7351 -260.637 229.805 -55.0628 -231.2 250.051 -61.8011 12.5654 9.22259 112.791 
158.118 177.069 142.101 146.222 141.927 150.9 175.886 77.4198 78.1262 74.039 -234.796 205.943 -91.1381 -205.473 225.153 -154.09 -238.039 215.271 -53.4907 -249.955 220.15 -50.7716 -260.562 229.937 -55.1185 -231.011 249.963 -61.9586 12.5819 9.23092 112.96 
158.268 177.127 142.063 146.232 141.907 150.99 176.003 77.4394 78.1598 74.0523 -234.518 205.788 -91.392 -205.17 225.11 -154.287 -237.767 215.236 -53.563 -249.649 220.085 -50.8131 -260.252 229.816 -55.1848 -230.771 249.861 -62.1068 12.6122 9.27509 113.063 
158.451 177.165 142.067 146.249 141.924 151.113 176.064 77.555 78.2586 74.0511 -234.572 205.632 -91.6552 -205.101 225.044 -154.598 -237.689 215.189 -53.7176 -249.537 220.066 -50.9267 -260.125 229.802 -55.3379 -230.674 249.842 -62.3395 12.6319 9.29076 113.087 
158.586 177.195 142.033 146.202 141.892 151.228 176.106 77.6492 78.3249 74.0468 -234.497 205.566 -91.8974 -204.948 224.911 -154.814 -237.622 215.233 -53.8767 -249.44 220.123 -51.0959 -260.021 229.852 -55.5573 -230.61 249.892 -62.5966 12.643 9.31941 113.058 
158.725 177.324 141.911 146.04 141.579 151.466 176.438 77.8697 78.5924 74.143 -234.114 205.175 -92.2904 -204.647 224.592 -155.184 -237.435 214.881 -54.0367 -249.066 219.762 -51.2296 -259.576 229.564 -55.7581 -230.198 249.601 -62.7693 12.6976 9.4857 112.983 
158.745 177.319 141.852 146.043 141.55 151.439 176.557 77.9642 78.6726 74.1435 -233.973 205.015 -92.4542 -204.265 224.455 -155.416 -237.359 214.741 -54.1317 -248.965 219.665 -51.3481 -259.427 229.501 -55.9569 -229.987 249.437 -62.961 12.7122 9.4924 113.211 
158.717 177.302 141.738 145.993 141.5 151.231 176.454 78.0862 78.8484 74.2892 -233.868 204.813 -92.5249 -203.996 224.147 -155.579 -237.086 214.438 -54.2982 -248.681 219.378 -51.4642 -259.105 229.221 -56.1253 -229.728 249.217 -63.1433 12.7436 9.4968 113.105 
158.611 177.273 141.682 145.96 141.477 151.097 176.353 78.1219 78.8996 74.373 -233.543 204.523 -92.5691 -203.586 223.642 -155.648 -236.688 214.222 -54.4124 -248.298 219.155 -51.5719 -258.743 228.917 -56.2963 -229.432 248.989 -63.3771 12.7453 9.49651 113.033 
158.583 177.257 141.611 145.919 141.439 150.994 176.204 78.143 78.9097 74.4327 -233.344 203.935 -92.7829 -202.943 222.689 -155.83 -236.208 213.712 -54.751 -247.841 218.682 -51.9036 -258.309 228.365 -56.6894 -229.027 248.486 -63.7955 12.7287 9.48277 112.82 
158.375 177.206 141.598 145.967 141.497 150.755 175.998 78.0153 78.8168 74.4291 -233.227 203.77 -92.8221 -202.542 222.254 -155.781 -235.837 213.487 -55.0326 -247.553 218.429 -52.1966 -258.055 228.036 -57.0108 -228.789 248.229 -64.0589 12.7221 9.43271 112.684 
158.16 177.093 141.58 146.007 141.601 150.494 175.907 77.9788 78.8337 74.5317 -232.954 203.522 -92.9053 -202.024 221.891 -155.785 -235.394 213.045 -55.2946 -247.157 217.971 -52.4499 -257.652 227.556 -57.2803 -228.381 247.826 -64.2525 12.7375 9.40121 112.606 
157.995 177.011 141.624 146.025 141.626 150.333 175.853 77.8995 78.7659 74.5124 -232.766 203.309 -92.9285 -201.533 221.67 -155.777 -235.075 212.829 -55.4496 -246.871 217.712 -52.6445 -257.397 227.221 -57.5287 -228.149 247.573 -64.4487 12.7462 9.39866 112.724 
157.874 177.018 141.727 146.016 141.607 150.245 175.822 77.7364 78.6114 74.404 -232.662 203.038 -92.9537 -201.157 221.347 -155.778 -234.691 212.692 -55.5623 -246.524 217.523 -52.7616 -257.094 226.911 -57.6851 -227.952 247.311 -64.6582 12.7891 9.40045 112.837 
157.899 177.045 141.792 145.966 141.397 150.494 176.149 77.7342 78.5198 74.1489 -232.712 202.638 -93.0745 -200.824 221.26 -155.98 -234.491 212.654 -55.7096 -246.259 217.467 -52.9154 -256.87 226.765 -57.9437 -227.855 247.242 -64.9006 12.869 9.48657 112.919 
157.82 177.031 141.826 145.943 141.41 150.558 176.165 77.5359 78.3216 74.0331 -232.482 202.305 -93.1532 -200.568 221.15 -156.1 -234.23 212.696 -55.9527 -246.086 217.485 -53.1587 -256.77 226.638 -58.2199 -227.841 247.171 -65.2465 12.8768 9.43437 113.102 
157.73 176.972 141.899 146.015 141.493 150.52 176.236 77.3048 78.1151 73.9009 -232.208 202.146 -93.1787 -200.282 221.217 -156.211 -234.096 212.832 -56.1627 -246.027 217.581 -53.3913 -256.764 226.62 -58.4989 -227.864 247.158 -65.5464 12.886 9.39919 113.442 
157.824 176.878 141.928 146.05 141.545 150.626 175.901 77.0684 77.9449 73.8229 -232.021 201.954 -93.4022 -200.189 220.742 -156.282 -234.047 212.828 -56.518 -246.069 217.536 -53.7612 -256.858 226.512 -58.8824 -227.935 247.071 -65.8726 12.8639 9.3402 113.241 
157.941 176.895 141.979 146.04 141.446 150.975 175.858 76.9342 77.7445 73.5561 -231.746 201.52 -93.6209 -199.971 220.075 -156.368 -233.838 212.66 -56.7566 -245.844 217.338 -54.0241 -256.693 226.255 -59.1713 -227.841 246.859 -66.07 12.889 9.38845 112.829 
