147.518 109.846 144.53 147.459 133.116 141.67 156.957 66.0265 68.3906 65.6405 -65.9106 227.443 91.1408 -99.809 218.35 40.2786 -73.3602 240.028 106.628 -48.8177 248.866 110.918 -37.7099 246.8 102.792 -57.8927 269.074 87.2096 15.2762 17.7485 99.8906 
147.29 108.678 145.432 146.926 132.757 141.744 156.739 65.6309 68.1854 65.1744 -65.5313 227.472 90.9742 -98.3284 218.319 41.217 -72.7981 239.805 106.284 -48.4276 248.819 110.604 -37.2513 246.971 102.28 -57.8696 269.187 87.1758 15.2447 17.8615 99.1736 
146.948 109.833 146.781 145.875 132.448 141.664 157.199 64.7358 68.0468 64.7464 -65.1389 227.589 90.6821 -96.9913 218.155 41.8207 -72.0979 239.838 105.762 -48.2032 248.825 110.253 -36.8608 247.061 101.735 -57.8873 269.276 87.0752 15.0481 17.7778 98.724 
146.574 97.3803 147.805 144.192 131.863 141.464 153.886 64.3157 68.1689 64.4352 -64.5988 227.531 90.2752 -94.8274 218.518 44.0215 -71.4112 239.456 105.303 -47.9826 248.451 109.833 -36.4152 246.942 101.062 -57.9014 269.196 86.8876 14.6739 17.5784 97.1971 
146.142 90 148.63 143.238 131.551 141.403 151.606 63.6633 67.9862 63.9027 -64.5189 227.563 89.8847 -95.1654 218.922 45.4159 -70.9395 239.548 104.795 -47.7076 248.342 109.259 -36.0311 246.925 100.238 -57.8901 269.215 86.6843 14.4367 17.3788 96.1498 
145.773 90 149.4 142.657 131.624 141.428 150.995 62.9706 67.7221 63.3082 -64.3529 227.627 89.52 -94.9943 218.421 45.6909 -70.2188 239.708 104.357 -47.2918 248.357 108.683 -35.5206 247.11 99.4278 -57.8972 269.283 86.5403 14.2 17.0883 95.7485 
146.055 90 149.06 141.44 131.75 141.527 150.837 62.8685 67.7303 62.9579 -64.5176 227.618 89.191 -95.29 218.21 45.5864 -70.3039 239.889 104.077 -47.4573 248.267 108.356 -35.4467 247.187 99.0369 -57.8699 269.302 86.2894 13.902 16.7511 95.5146 
146.27 109.403 148.419 140.569 131.478 141.633 157.358 62.8903 67.9017 62.7214 -64.7326 227.622 88.8709 -94.5856 218.038 43.2978 -70.5502 240.028 103.818 -47.7934 248.131 108.118 -35.5294 247.191 98.6565 -57.8907 269.351 86.0364 13.519 16.4868 97.053 
146.642 162.661 146.674 142.701 130.083 141.784 173.954 63.7672 69.6686 62.4695 -65.2783 227.832 88.5868 -98.9212 219.541 33.8906 -71.6753 240.282 103.78 -48.8968 247.917 108.857 -35.9432 247.266 98.2938 -57.8691 269.567 85.5592 12.9293 16.1124 103.683 
146.878 174.27 145.593 144.86 129.597 142.036 173.82 64.0906 70.5254 62.3788 -65.4324 227.841 88.4271 -98.682 218.027 32.7292 -71.681 240.304 103.72 -49.2382 247.771 109.109 -35.9203 247.392 97.8955 -57.8925 269.61 85.2568 12.5672 15.7363 103.615 
147.058 174.27 143.874 145.87 129.643 142.05 175.76 64.9944 71.3274 62.534 -65.6008 227.977 88.0922 -99.0691 216.073 29.3671 -71.7029 240.198 103.688 -49.5054 247.724 109.159 -35.9507 247.641 97.5398 -57.8428 269.749 84.8732 12.3401 15.575 104.042 
147.272 174.27 143.492 146.528 129.907 141.978 177.092 65.6605 71.9584 62.5664 -65.6255 228.135 87.7457 -99.7064 215.177 27.4298 -71.7053 239.979 103.617 -49.6489 247.539 109.127 -35.9592 247.734 97.1799 -57.851 269.923 84.5896 12.1111 15.4611 103.954 
147.538 174.27 143.775 146.985 129.924 141.791 177.737 66.0883 72.454 62.7195 -65.6622 228.255 87.4681 -100.303 214.512 26.125 -71.8438 239.865 103.529 -49.842 247.367 109.081 -36.1228 247.638 96.9081 -57.932 270.043 84.3427 12.0377 15.3572 103.79 
147.905 174.27 143.679 147.054 129.605 141.601 177.959 66.5815 72.9367 62.9691 -65.8919 228.433 87.2451 -101.436 214.366 24.8568 -72.0712 239.909 103.559 -50.1702 247.311 109.126 -36.439 247.548 96.7983 -58.0852 270.267 84.2157 11.9847 15.2336 103.779 
148.476 174.27 142.181 146.7 129.305 141.774 177.967 67.7951 73.6963 63.6096 -66.1705 228.516 87.2505 -103.032 214.908 23.541 -72.5399 239.921 103.944 -50.6996 247.327 109.463 -36.9277 247.58 97.1203 -58.18 270.61 84.165 11.9362 15.1043 103.987 
148.814 174.008 140.696 146.501 129.769 141.848 177.874 68.7192 74.1854 64.1405 -66.3838 228.491 87.1314 -105.279 216.184 21.7792 -72.7732 239.779 104.127 -51.1747 247.216 109.655 -37.3576 247.44 97.4248 -58.2366 270.751 84.0628 11.8745 15.0812 104.83 
148.863 174.293 140.084 146.476 130.227 141.667 177.975 69.2667 74.3725 64.5059 -66.3843 228.598 87.1311 -106.21 216.938 20.6806 -72.7285 239.632 104.357 -51.3707 247.187 109.809 -37.584 247.421 97.6984 -58.3071 270.9 84.125 11.8505 15.1333 105.415 
148.733 174.486 139.335 146.547 131.036 141.584 178.045 69.4853 74.3757 64.6454 -66.6504 228.863 87.0892 -107.308 218.182 19.7212 -72.7691 239.667 104.411 -51.725 247.328 109.943 -37.8985 247.377 97.9888 -58.4259 271.043 84.1351 11.7785 15.3707 106.177 
148.935 174.569 139.147 146.48 132.233 141.558 178.076 69.7505 74.5192 64.8674 -66.8168 228.932 87.2261 -107.961 219.361 18.726 -72.8161 239.55 104.597 -52.1529 247.309 110.287 -38.2766 247.21 98.5513 -58.4852 271.071 84.2086 11.7101 15.6167 107.039 
148.734 174.27 139.591 146.599 132.908 141.161 177.965 69.4347 74.2852 64.9114 -66.5653 229.161 87.4246 -108.324 218.892 17.1539 -72.5331 239.454 104.61 -52.1929 247.457 110.33 -38.2569 247.33 98.7111 -58.5954 271.176 84.3073 11.5591 15.9042 107.57 
148.394 174.27 138.938 146.876 133.496 140.829 177.96 68.9679 73.8799 64.683 -66.2661 229.338 87.6237 -108.723 217.834 15.4837 -71.9712 239.36 104.474 -52.067 247.788 110.226 -38.0787 247.653 98.608 -58.7303 271.233 84.3357 11.4576 16.3235 108.071 
147.929 174.27 139.034 147.25 134.355 140.608 177.957 68.2457 73.3855 64.2044 -66.2475 229.665 87.8177 -108.915 217.529 14.8051 -71.5506 239.509 104.3 -51.8872 248.249 110.144 -37.8839 247.987 98.4685 -58.8515 271.362 84.4331 11.3995 16.8057 108.463 
147.382 174.27 140.276 147.748 135.269 140.046 177.954 67.0671 72.736 63.7821 -65.9486 229.898 87.956 -108.522 216.645 14.0198 -70.9434 239.435 103.861 -51.5672 248.344 109.826 -37.5878 248.014 98.1507 -58.968 271.256 84.4676 11.3924 17.1304 108.805 
146.73 174.27 139.984 148.417 136.542 139.818 177.953 66.1115 71.9782 63.0627 -65.6601 229.993 88.0177 -107.86 215.995 13.9678 -70.0583 239.322 103.395 -51.0202 248.618 109.382 -37.0745 248.35 97.607 -59.0195 271.198 84.5115 11.3774 17.6434 108.932 
145.973 174.27 143.103 149.072 137.758 139.542 177.952 64.8238 71.225 62.3057 -65.6111 230.282 88.0241 -107.517 215.552 14.2341 -69.6797 239.658 102.996 -50.6427 248.839 108.941 -36.8127 248.451 97.0575 -59.1153 271.208 84.5532 11.5474 17.6632 109.036 
145.485 174.27 145.297 149.471 140.109 139.558 177.95 63.9746 70.8543 61.791 -65.9228 230.599 88.1629 -107.36 214.982 14.3724 -69.5891 239.986 102.794 -50.712 249.025 108.93 -36.8159 248.532 97.1109 -59.1667 271.236 84.612 11.4782 17.7903 108.86 
144.671 174.27 146.805 150.11 142.169 139.395 177.949 62.8178 70.0781 60.9563 -65.8555 230.714 88.2264 -106.747 214.319 14.6145 -68.9615 240.198 102.443 -50.434 249.059 108.542 -36.5653 248.516 96.6794 -59.2442 271.028 84.678 11.5128 17.8016 109.183 
144.323 174.27 147.867 150.843 144.84 139.666 177.946 61.7109 69.5954 60.2442 -65.9864 230.663 88.4061 -106.263 213.36 14.8598 -68.4659 240.549 102.118 -50.1192 249.323 108.317 -36.2239 248.775 96.2985 -59.2462 270.88 84.7109 11.4551 17.8814 109.387 
143.831 174.27 151.882 151.432 147.108 140.032 177.945 60.6421 69.0979 59.3287 -66.0692 230.539 88.4983 -105.641 212.549 15.5844 -68.0548 240.971 101.894 -49.6567 249.459 107.932 -35.7676 249.005 95.6485 -59.2914 270.765 84.7312 11.3837 17.5029 109.579 
143.678 174.27 154.939 152.059 149.79 140.39 177.942 59.8692 68.7151 58.7361 -66.5037 230.64 88.6949 -105.687 211.386 16.0455 -68.2712 241.604 102.006 -49.8197 249.53 108.013 -35.8944 248.913 95.7441 -59.2743 270.64 84.8237 11.448 17.0074 109.595 
143.469 174.219 158.305 152.462 152.251 140.568 177.92 59.1971 68.3593 58.189 -66.7996 230.592 88.7993 -105.283 210.247 16.4102 -68.4671 242.307 102.175 -49.8713 249.362 107.937 -35.9125 248.669 95.6571 -59.2409 270.357 84.8579 11.4463 15.9576 110.124 
143.312 174.302 159.707 152.983 154.112 140.95 177.948 58.4161 68.067 57.6664 -66.9367 230.443 88.885 -104.536 208.927 17.2126 -68.1072 242.704 102.016 -49.451 249.532 107.748 -35.5136 248.912 95.2764 -59.2133 270.183 84.911 11.3929 15.6537 110.051 
143.539 174.296 161.027 153.521 156.298 141.606 177.943 57.8577 67.8444 57.1971 -67.0638 230.038 88.9425 -103.544 207.087 17.7352 -67.719 242.789 101.934 -48.9433 249.482 107.632 -35.0219 249.02 94.9938 -59.0709 269.843 84.9561 11.3237 15.3771 109.771 
143.681 174.317 160.726 153.793 158.111 142.028 177.948 57.5495 67.7003 57.135 -67.5314 229.739 88.981 -103.768 206.049 18.0998 -67.9369 243.194 101.959 -48.8912 249.382 107.593 -35.0029 248.816 94.9887 -58.9695 269.558 84.9172 11.411 14.7668 109.859 
144.394 174.328 160.524 153.561 159.056 142.435 177.951 57.6192 67.9736 57.8645 -68.477 229.616 89.1576 -105.108 205.633 18.4203 -68.5646 243.747 102.234 -49.2486 249.421 107.959 -35.285 248.553 95.5714 -58.936 269.423 84.9063 11.3426 14.3301 110.008 
144.55 174.306 160.603 153.453 158.758 142.702 177.943 57.5068 67.981 57.8606 -68.6652 229.419 89.1608 -104.929 205.349 18.744 -68.397 243.765 102.275 -49.0181 249.293 107.995 -35.0552 248.438 95.4984 -58.9007 269.235 84.9869 11.2773 14.2209 110.044 
144.758 174.301 159.487 153.122 158.452 143.005 177.941 57.6534 68.0049 57.9627 -69.01 229.057 89.1503 -104.997 205.269 19.1333 -68.498 243.732 102.371 -48.9142 249.013 107.971 -34.9414 248.104 95.4159 -58.822 268.989 85.0152 11.251 13.9815 109.957 
144.891 174.348 158.36 152.849 157.753 143.11 177.956 57.7444 68.0206 58.2123 -69.1631 228.837 89.2479 -105.252 204.816 19.6332 -68.5143 243.628 102.467 -48.8542 248.666 108.031 -34.841 247.727 95.4755 -58.7385 268.778 85.0866 11.2285 13.7803 109.57 
145.193 174.37 158.665 152.758 157.191 143.353 177.963 57.7625 67.9817 58.3492 -69.4175 228.576 89.2554 -104.902 204.369 19.7227 -68.7184 243.499 102.595 -48.8481 248.317 108.088 -34.6372 247.36 95.503 -58.5978 268.469 85.176 10.9978 13.5757 109.46 
145.099 174.389 157.609 152.828 156.189 143.292 177.969 57.5542 67.9178 58.6521 -69.4357 228.557 89.1833 -104.92 204.063 19.9267 -68.5919 243.494 102.567 -48.7312 247.904 108.083 -34.4236 246.719 95.4879 -58.5379 268.232 85.2732 10.8736 13.2619 109.43 
144.859 174.425 159.38 152.906 155.587 143.228 177.982 57.7466 67.9082 58.8488 -69.1874 228.302 89.036 -104.484 203.452 20.4467 -68.077 242.838 102.674 -48.3585 247.369 108.011 -34.044 246.418 95.3424 -58.4339 267.915 85.3896 10.7395 13.3586 108.763 
145.018 174.438 160.886 153.106 155.159 143.221 177.986 57.4279 67.6747 58.7343 -69.2573 228.162 88.9533 -104.197 202.813 20.8664 -67.9973 242.746 102.744 -48.2642 247.071 107.984 -33.8569 246.107 95.2512 -58.3548 267.554 85.5058 10.5774 13.2092 108.724 
145.224 174.458 161.111 152.814 154.436 143.145 177.992 57.6338 67.7546 59.3509 -69.4317 228.012 89.0183 -104.362 202.165 21.4757 -67.9439 242.573 103.01 -48.3018 246.631 108.074 -33.7901 245.584 95.507 -58.2948 267.225 85.5576 10.3379 12.8685 108.558 
145.253 174.271 160.265 152.68 153.406 142.965 177.923 57.5089 67.5969 59.5574 -69.3095 227.907 89.0285 -103.922 201.38 22.0915 -67.8165 242.4 103.077 -48.2723 246.288 107.971 -33.641 245.108 95.4024 -58.2478 266.936 85.6486 10.1631 12.6661 108.253 
145.061 174.321 160.636 152.339 152.353 142.781 177.94 57.8638 67.7825 60.0258 -69.2471 227.78 89.0866 -103.866 200.759 22.6106 -67.6977 241.951 103.248 -48.1812 245.93 108.014 -33.5515 244.744 95.4941 -58.1909 266.742 85.7142 10.0898 12.6951 107.551 
145.41 174.338 161.012 151.684 150.999 142.763 177.946 58.7737 68.346 60.9277 -69.258 227.331 89.3528 -103.997 200.236 22.6012 -67.7084 241.327 103.715 -48.1447 245.557 108.251 -33.4929 244.368 95.7938 -58.0713 266.555 85.751 9.96797 12.7186 107.113 
145.768 174.357 161.139 150.957 149.897 142.743 177.954 59.8927 69.0674 62.1412 -69.6086 227.084 89.8701 -105.062 200.468 22.7723 -68.1088 241.05 104.45 -48.6151 245.302 108.885 -33.8259 243.878 96.7465 -57.9236 266.491 85.8393 9.80294 12.6161 107.004 
146.315 174.343 161.504 150.602 148.967 143.013 177.949 60.4474 69.4929 62.5947 -69.8506 226.814 90.0715 -105.294 200.665 22.4604 -68.258 240.643 104.754 -48.7694 244.972 109.205 -33.8838 243.481 97.1433 -57.7939 266.339 85.9258 9.60647 12.7189 106.948 
147.083 174.278 160.809 149.982 147.861 143.214 177.926 60.9265 69.9402 63.2824 -70.3989 226.61 90.3182 -106.154 200.881 22.2742 -68.7911 240.477 104.943 -49.1769 244.678 109.569 -34.1486 242.839 97.7576 -57.6443 266.205 85.9225 9.46352 12.7414 106.714 
147.476 174.524 161.451 149.078 146.51 143.3 178.018 61.8058 70.6693 64.1386 -70.6551 226.525 90.615 -107.271 201.732 22.125 -69.1285 240.112 105.256 -49.4947 244.496 110.037 -34.3417 242.483 98.452 -57.4203 266.276 85.9757 9.32043 12.975 106.301 
148.08 174.517 162.631 148.616 145.383 143.613 178.016 62.425 71.1666 64.614 -70.7429 226.163 91.0504 -107.288 201.931 21.9485 -69.247 239.632 105.609 -49.5411 244.258 110.461 -34.2929 242.213 98.9954 -57.0796 266.137 86.095 9.24485 13.1323 106.118 
148.5 174.49 164.039 148.186 144.898 143.916 178.008 62.9847 71.7963 65.1597 -70.8269 226.237 91.4521 -107.584 203.061 21.6636 -69.3147 239.68 106.098 -49.5015 244.465 111.02 -34.2274 242.56 99.6411 -56.7625 266.404 86.3339 9.17811 13.1167 106.488 
148.644 174.433 163.063 148.194 144.328 144.192 177.989 63.2377 72.2786 65.6075 -70.4757 226.266 91.8922 -107.689 204.234 21.1204 -69.0022 239.745 106.398 -49.2326 244.639 111.468 -33.9491 242.679 100.056 -56.4662 266.68 86.5649 9.272 13.0649 107.213 
148.463 174.348 162.189 148.573 144.509 144.408 177.959 63.0762 72.436 65.4594 -69.6129 225.888 92.1813 -106.464 204.566 20.3484 -68.1513 239.3 106.366 -48.5335 244.558 111.576 -33.2772 243.029 99.95 -56.1955 266.629 86.7107 9.24519 13.2493 108.005 
147.662 174.326 162.357 149.272 145.03 144.2 177.951 62.5916 72.2003 64.7674 -68.3056 225.76 92.2059 -104.634 204.535 19.6555 -66.9823 238.864 106.15 -47.5455 244.575 111.415 -32.4188 243.546 99.4415 -55.9779 266.609 86.8597 9.33691 13.5575 108.642 
147.317 174.373 161.866 149.591 145.724 144.074 177.968 62.5955 72.2231 64.4253 -67.2468 225.555 92.1408 -103.671 204.471 19.5487 -66.0205 238.394 106.051 -46.772 244.416 111.309 -31.7443 243.855 99.0484 -55.7451 266.632 86.9553 9.37561 13.7508 108.554 
146.953 174.295 161.873 149.881 146.02 143.594 177.938 62.4761 72.13 64.0034 -66.1691 225.51 91.89 -102.558 204.068 19.4183 -65.1049 237.964 105.814 -46.1318 244.221 111.114 -31.2246 244.076 98.6211 -55.5067 266.654 86.9914 9.48399 13.9896 108.149 
146.802 174.219 162.363 149.832 146.377 143.307 177.91 62.6625 72.1832 63.6704 -65.4175 225.415 91.7638 -101.667 203.824 19.2871 -64.7088 237.711 105.873 -45.8373 244.207 111.133 -30.9818 244.335 98.4663 -55.2633 266.664 87.0191 9.56977 14.1793 107.936 
147.015 174.208 163.214 149.357 146.821 143.049 177.906 63.5558 72.6165 63.7467 -64.8356 225.216 91.8256 -101.145 203.604 19.1772 -64.7087 237.391 106.37 -45.8096 244.228 111.476 -30.9848 244.631 98.7825 -54.9969 266.7 87.0708 9.62059 14.3077 107.647 
147.102 174.188 163.452 148.864 146.89 142.616 177.899 64.2175 72.9941 63.8235 -64.4921 225.338 92.0367 -101.356 203.879 19.1318 -64.9984 237.425 106.844 -46.1407 244.358 111.939 -31.3342 244.747 99.2779 -54.7661 266.881 87.1827 9.78817 14.4384 107.444 
147.257 174.173 164.095 148.445 147.055 142.285 177.895 64.8571 73.3673 63.8253 -64.2478 225.607 92.1038 -101.578 204.328 19.0304 -65.3374 237.551 107.279 -46.5798 244.58 112.453 -31.8021 244.909 99.953 -54.5368 267.078 87.2896 9.96392 14.61 107.312 
147.293 174.129 164.564 148.35 147.385 141.857 177.879 65.0776 73.4631 63.6287 -63.974 225.898 92.194 -101.209 204.486 18.75 -65.688 237.819 107.627 -47.017 244.763 112.85 -32.2159 244.909 100.56 -54.3157 267.091 87.3867 10.0547 14.6216 107.616 
147.26 174.095 164.525 148.422 147.721 141.44 177.867 64.851 73.3406 63.3163 -63.7424 226.31 92.0718 -100.92 204.617 18.4304 -65.9802 238.4 107.719 -47.367 245.109 113.046 -32.5105 245.027 100.947 -54.1432 267.168 87.4387 10.0678 14.5633 108.028 
147.436 174.064 164.675 148.578 148.107 141.385 177.856 64.9126 73.2639 63.199 -63.4204 226.371 91.9342 -100.364 204.611 18.0708 -65.9915 238.579 107.804 -47.454 245.277 113.165 -32.6352 245.2 101.291 -53.8318 267.117 87.4241 10.2396 14.5762 108.313 
147.577 174.031 165.564 148.739 148.37 141.33 177.846 64.7963 73.1632 63.019 -63.5486 226.799 91.8242 -100.999 206.037 17.8345 -65.957 239.089 107.85 -47.4914 245.486 113.387 -32.8422 245.226 101.727 -53.5422 267.329 87.5222 10.538 14.5761 108.801 
147.697 174.292 166.174 148.764 149.263 141.54 177.944 65.185 73.1108 63.1739 -63.9116 227.235 91.6953 -102.248 208.167 17.6899 -66.0011 239.592 108.088 -47.5555 245.69 113.543 -33.0213 245.293 102.256 -53.2024 267.602 87.5722 10.7232 14.405 109.441 
148.254 174.281 164.193 148.639 149.842 141.86 177.943 65.9318 73.1272 63.3931 -64.2447 227.333 91.5478 -102.712 210.028 17.3121 -65.5537 239.541 108.306 -47.4755 245.696 113.597 -33.0152 245.4 102.593 -52.8533 267.795 87.6186 10.8518 14.5536 109.948 
148.823 174.27 162.103 148.238 149.598 142.273 177.942 66.3109 73.2562 63.6097 -64.2169 227.651 91.2204 -103.14 212.478 16.7578 -64.9697 239.795 108.237 -46.8981 245.975 113.492 -32.5613 245.914 102.636 -52.2624 268.407 87.644 10.9759 14.5801 110.383 
148.887 174.27 159.414 147.815 149.334 142.601 177.942 66.5166 73.0218 63.8791 -63.874 227.353 91.0708 -102.985 212.879 16.4868 -64.2104 239.101 107.987 -46.0204 245.9 113.102 -31.7838 246.214 102.456 -51.9319 268.446 87.6029 10.949 14.9411 110.259 
148.924 174.27 157.727 147.37 148.059 142.874 177.943 66.3313 72.4147 63.9327 -62.9258 227.02 90.965 -101.275 212.564 16.3956 -62.9697 238.181 107.561 -44.4881 246.088 112.494 -30.5237 246.864 101.936 -51.5865 268.557 87.6784 11.0578 15.6397 109.881 
149.005 174.27 158.566 146.62 145.925 142.755 177.941 65.8145 71.7618 63.8344 -61.9194 226.869 90.6988 -99.4944 211.571 16.3988 -61.8082 237.538 107.093 -43.1118 246.405 111.893 -29.4491 247.462 101.326 -51.3055 268.651 87.7509 11.2479 16.3387 109.222 
148.739 174.27 159.946 146.364 143.78 142.447 177.939 64.6278 70.8585 63.638 -60.8954 227.193 90.3696 -97.6096 210.232 16.5322 -60.727 237.44 106.478 -42.0331 246.902 111.361 -28.6259 248 100.877 -51.0161 268.803 87.8994 11.5099 16.9617 108.451 
148.441 174.27 161.739 146.024 141.911 142.163 177.938 63.7086 69.9204 63.5091 -59.9668 227.599 90.0189 -95.9111 209.598 16.6434 -59.8747 237.72 106.127 -41.0433 247.594 110.777 -27.8865 248.593 100.415 -50.7441 269.026 88.0028 11.7893 17.235 108.323 
148.21 174.282 162.565 145.279 139.565 141.805 177.94 62.5339 68.9179 63.0071 -59.0691 228.138 89.2394 -93.883 208.893 16.8158 -58.7809 237.931 105.396 -39.9862 248.107 110.015 -27.1072 249.046 99.6336 -50.5164 269.224 88.1171 12.1217 17.7021 107.714 
148.109 174.299 163.04 144.579 137.611 141.674 177.944 61.4742 67.9534 62.7489 -58.4959 228.581 88.3816 -92.0856 207.954 17.1047 -57.7872 238.199 104.749 -38.8471 248.774 109.205 -26.3564 249.6 98.8676 -50.2756 269.404 88.1873 12.6004 18.115 106.987 
148.089 174.09 163.473 143.274 135.07 141.564 177.867 61.3726 67.3708 62.9456 -57.9552 228.765 87.865 -90.4139 207.072 17.7355 -56.8818 238.123 104.49 -37.896 249.362 108.64 -25.8129 250.064 98.4489 -49.9605 269.611 88.2315 13.1942 18.6212 105.837 
148.299 174.207 163.84 142.856 133.628 141.622 177.908 60.9991 66.8549 63.0127 -57.2704 228.738 87.2018 -88.5213 205.872 18.3847 -55.521 238.042 104.097 -36.6581 249.851 107.993 -25.0313 250.544 97.7874 -49.6632 269.664 88.2722 13.763 18.9563 104.834 
148.838 174.361 163.376 141.993 132.358 142.067 177.963 61.389 66.7024 63.1928 -56.9294 228.616 86.5729 -87.301 205.227 19.4325 -54.4611 238.134 104.091 -35.5528 250.374 107.464 -24.3791 251.104 97.2235 -49.4022 269.931 88.287 14.2819 18.8432 103.869 
149.925 174.318 162.105 141.027 131.58 142.814 177.947 62.5262 67.0826 63.8253 -57.0345 228.242 86.3199 -87.3824 205.16 20.4279 -53.6695 238.381 104.507 -34.763 250.895 107.295 -24.0356 251.643 97.0756 -49.1867 270.358 88.2893 14.6731 18.5335 103.259 
150.24 174.469 160.493 140.62 131.359 143.156 178.001 62.9059 67.4503 64.4245 -56.5544 228.081 85.8894 -85.9533 204.773 21.0759 -52.3675 238.584 104.155 -33.6868 251.625 106.887 -23.3695 252.609 96.5621 -48.9441 270.931 88.2602 14.9448 18.6985 101.951 
150.602 174.667 157.64 141.467 132.563 144.073 178.073 63.4489 67.8852 65.0442 -56.1478 227.652 85.6049 -84.0558 204.308 22.1032 -50.0106 239.232 103.825 -31.7317 252.839 106.124 -22.0513 254.392 95.5503 -48.6174 271.685 88.2401 15.2121 18.1859 101.064 
151.014 174.625 152.599 142.272 133.688 144.989 178.063 64.3271 68.0948 65.4099 -55.882 227.136 85.9454 -85.2211 205.88 22.5917 -48.8344 239.794 104.093 -30.6219 253.876 105.97 -21.3404 255.735 95.3798 -48.2494 272.28 88.231 15.4995 17.8535 102.304 
152.067 174.493 147.243 142.614 134.346 145.985 178.024 66.458 68.6273 66.0694 -55.7432 226.846 86.8479 -88.2915 209.842 22.8211 -48.1949 240.28 104.938 -29.9796 254.871 106.354 -21.058 256.906 95.9279 -47.8799 273.373 88.3855 15.8252 17.6886 104.208 
152.959 174.391 141.457 142.498 134.76 146.49 177.999 67.5226 68.8861 66.5398 -55.6832 227.243 87.2565 -90.803 215.467 22.3928 -48.3231 240.969 105.401 -30.0032 255.635 106.942 -21.1691 257.574 96.7046 -47.5442 274.437 88.7052 16.0517 17.8523 106.725 
153.525 174.357 137.451 142.664 136.226 146.688 177.991 67.3637 68.9296 67.0448 -54.9846 227.586 87.2187 -91.0991 217.363 22.9682 -47.5787 241.952 105.102 -29.5816 256.62 106.996 -20.7704 258.657 96.9036 -47.1821 275.383 88.9883 16.0246 17.8991 106.882 
153.589 174.37 133.095 143.065 137.557 146.737 177.997 67.0648 68.7665 67.3156 -53.4616 227.658 86.7306 -90.0908 217.82 23.5653 -45.7586 242.58 104.133 -28.4883 257.553 106.406 -19.8658 259.948 96.3733 -46.7886 276.074 89.1143 16.0929 18.0532 106.219 
153.228 174.349 131.647 143.527 138.592 146.462 177.991 67.2665 68.762 67.6511 -51.9545 228.115 86.3073 -89.1842 218.553 24.2531 -44.4177 243.099 103.552 -27.7596 258.473 106.056 -19.3741 261.059 96.1456 -46.5334 276.781 89.1278 16.2885 18.3962 105.547 
152.714 174.303 131.446 143.994 139.244 145.961 177.98 68.5693 68.9721 67.7094 -50.6009 228.708 86.0535 -88.377 220.546 24.0225 -43.4229 243.742 103.756 -27.3739 259.004 105.857 -19.1786 261.872 96.0408 -46.3763 277.501 88.9963 16.4682 17.7684 106.442 
152.228 174.27 132.233 144.099 139.763 145.398 177.973 69.9849 69.4961 67.892 -49.5621 229.34 85.7958 -87.408 223.016 23.5651 -42.587 244.494 103.982 -27.0504 259.401 105.55 -19.0609 262.685 95.7335 -46.2187 278.348 88.7727 16.585 16.7388 107.51 
152.044 174.27 132.864 144.008 140.168 145.505 177.985 71.0248 70.0235 68.1004 -49.24 229.695 85.4366 -87.1771 226.079 22.349 -42.1721 245.355 104.152 -26.8292 259.443 105.115 -19.0195 263.101 95.3359 -46.0184 279.03 88.4113 16.7208 15.2652 109.617 
