162.044 166.363 133.641 135.157 139.507 153.398 165.84 95.3733 90.4019 88.0942 37.1642 103.291 14.0376 25.4684 89.4846 -63.8314 28.0369 109.017 29.2199 38.853 125.253 36.7944 49.9362 131.285 32.505 36.1626 154.058 5.36396 15.0598 14.0385 96.5147 
161.988 166.315 133.757 135.472 139.656 153.352 165.693 95.2341 90.161 87.9584 36.6138 103.287 14.0664 25.1778 89.2295 -63.4413 27.7192 109.096 29.2061 38.6258 125.441 36.7642 49.7317 131.399 32.5043 35.8798 154.086 5.33007 15.0119 14.1019 96.2741 
161.924 166.19 133.798 135.796 139.846 153.279 165.442 95.1286 89.9259 87.8288 36.0594 103.324 14.0509 24.8082 89.0906 -63.116 27.2741 109.189 29.0965 38.2665 125.59 36.6696 49.4062 131.464 32.4793 35.6067 154.156 5.28208 14.9737 14.1692 95.9189 
161.833 166.062 133.508 136.085 139.976 153.134 165.159 95.021 89.6644 87.6709 35.5358 103.345 14.132 24.4098 88.8829 -62.7929 26.6548 109.166 28.8487 37.7095 125.605 36.5208 48.8811 131.379 32.4414 35.3458 154.176 5.20386 14.9866 14.2905 95.3399 
161.789 166.058 133.107 136.342 140.161 153.011 165.025 94.973 89.4514 87.5177 34.9545 103.406 14.2292 23.99 88.7282 -62.5977 25.9765 109.15 28.5855 37.083 125.613 36.395 48.2811 131.309 32.4341 35.0994 154.224 5.10969 15.0132 14.4312 94.7781 
161.773 166.121 132.595 136.542 140.351 152.907 164.995 94.9434 89.2621 87.41 34.3617 103.588 14.3767 23.5672 88.7759 -62.5145 25.3206 109.198 28.2988 36.4639 125.665 36.2672 47.6741 131.312 32.4466 34.871 154.377 5.00693 15.0359 14.576 94.2839 
161.808 166.375 131.915 136.672 140.528 152.806 165.124 94.955 89.1948 87.3751 33.7736 103.866 14.4355 23.2103 89.1087 -62.7509 24.7565 109.278 27.9049 35.8971 125.744 36.1207 47.1191 131.381 32.4361 34.6905 154.638 4.87902 15.0417 14.7467 93.9038 
161.902 166.568 131.344 136.693 140.669 152.816 165.264 94.9678 89.1919 87.396 33.3453 104.083 14.474 22.9541 89.3638 -62.9793 24.3601 109.366 27.5922 35.4618 125.806 35.9978 46.6781 131.466 32.4244 34.5377 154.873 4.74339 15.0443 14.8586 93.6241 
161.98 166.777 130.784 136.705 140.862 152.809 165.456 94.9359 89.2679 87.462 33.0283 104.375 14.4518 22.7676 89.7142 -63.3047 24.0418 109.539 27.2521 35.0828 125.948 35.9025 46.308 131.651 32.4283 34.4085 155.168 4.61982 15.0138 14.9808 93.4108 
162.045 166.902 130.132 136.644 140.967 152.857 165.593 94.9146 89.3762 87.5614 32.7842 104.574 14.4695 22.6961 90.0425 -63.5429 23.8794 109.619 26.9437 34.8212 126.035 35.8516 46.0404 131.801 32.452 34.2895 155.414 4.54928 14.9878 15.1238 93.1861 
162.141 167.036 129.563 136.567 141.09 152.943 165.747 94.929 89.4889 87.6885 32.526 104.733 14.5362 22.6397 90.2927 -63.6871 23.8118 109.674 26.7561 34.6676 126.137 35.8568 45.8781 131.973 32.5121 34.1829 155.622 4.4979 14.9415 15.2605 93.0496 
162.261 167.19 128.613 136.415 141.177 153.04 165.954 94.9629 89.6303 87.8306 32.1888 104.929 14.6189 22.5124 90.743 -63.9523 23.7314 109.656 26.471 34.4948 126.255 35.8931 45.7152 132.162 32.6034 34.0582 155.866 4.47866 14.8698 15.5252 92.9208 
162.394 167.238 127.671 136.203 141.181 153.159 166.084 94.9888 89.7242 87.9435 31.8823 105.04 14.6713 22.3797 91.0869 -64.1647 23.6009 109.594 26.192 34.2747 126.271 35.8735 45.494 132.237 32.6442 33.9094 156.025 4.44419 14.8313 15.729 92.773 
162.519 167.289 127.172 135.993 141.199 153.269 166.243 95.0725 89.8373 88.0545 31.5765 105.104 14.7298 22.2109 91.3228 -64.3114 23.4216 109.586 26.0925 34.0463 126.259 35.8842 45.2677 132.275 32.702 33.7547 156.129 4.40928 14.7956 15.7991 92.7599 
162.617 167.271 126.579 135.732 141.122 153.35 166.319 95.1823 89.934 88.1791 31.2412 105.115 14.8495 22.0397 91.4058 -64.3496 23.204 109.468 25.9899 33.7799 126.155 35.8913 44.9976 132.205 32.765 33.5944 156.151 4.36923 14.7741 15.8795 92.6415 
162.704 167.284 126.13 135.488 141.041 153.413 166.43 95.3319 90.0443 88.3061 30.997 105.088 14.8744 21.8953 91.5464 -64.5249 23.0384 109.301 25.8904 33.5549 125.983 35.8571 44.7627 132.076 32.7702 33.4293 156.133 4.32381 14.7636 15.9222 92.6343 
162.783 167.286 125.811 135.179 140.926 153.458 166.495 95.6012 90.2149 88.511 30.755 105.063 14.9864 21.7324 91.5555 -64.5509 22.8304 109.098 25.9242 33.2879 125.809 35.8969 44.491 131.938 32.8502 33.247 156.081 4.29917 14.7371 15.9551 92.6126 
162.857 167.303 125.8 134.908 140.809 153.52 166.531 95.8973 90.3851 88.7143 30.5453 105.043 15.1447 21.5522 91.4819 -64.4828 22.6648 108.935 26.1047 33.0852 125.683 36.0007 44.2747 131.845 32.9667 33.0633 156.026 4.30186 14.7187 15.9365 92.6622 
162.926 167.356 125.902 134.634 140.678 153.564 166.589 96.2557 90.5792 88.9546 30.306 105.058 15.3623 21.3412 91.3312 -64.3117 22.5378 108.777 26.3977 32.9338 125.61 36.1806 44.1098 131.801 33.147 32.8594 155.988 4.33326 14.6766 15.924 92.7099 
163.028 167.484 126.325 134.407 140.593 153.641 166.687 96.6848 90.7603 89.1796 30.1126 105.111 15.5664 21.1004 91.1862 -64.1201 22.5113 108.688 26.8474 32.9199 125.669 36.4075 44.0771 131.887 33.3262 32.6401 155.995 4.37296 14.6254 15.8872 92.914 
163.071 167.498 126.67 134.27 140.51 153.671 166.675 96.9871 90.8473 89.3276 29.9171 105.143 15.7781 20.8246 90.9519 -63.8236 22.447 108.578 27.2037 32.8789 125.718 36.5866 44.0195 131.951 33.4613 32.384 155.966 4.40368 14.581 15.8868 92.9889 
163.067 167.413 126.947 134.189 140.44 153.671 166.579 97.2372 90.8645 89.4181 29.7243 105.119 16.031 20.5646 90.5509 -63.3755 22.4026 108.365 27.5337 32.8578 125.76 36.779 43.9882 131.995 33.6036 32.1064 155.855 4.44581 14.5262 15.9772 92.9395 
162.902 167.233 127.088 133.577 139.729 153.665 166.305 97.4576 91.1524 89.6111 30.0306 105.193 16.2797 20.4513 90.2551 -62.9316 23.0044 108.176 27.8098 33.5497 125.878 36.924 44.7048 132.185 33.6006 31.8733 155.945 4.49274 14.2796 15.8851 92.9264 
162.875 167.038 127.535 133.627 139.672 153.657 166.161 97.5804 91.1194 89.619 29.7102 105.151 16.3251 20.1636 90.0239 -62.6679 22.8181 108.019 27.939 33.4095 125.939 36.9715 44.5787 132.189 33.6088 31.5702 155.86 4.47958 14.2347 15.9849 92.8947 
162.859 166.931 128.313 133.844 139.856 153.651 166.061 97.6813 91.0774 89.6513 29.403 105.132 16.3618 19.8943 89.7307 -62.3164 22.6151 108.009 28.2069 33.2613 126.093 37.079 44.4501 132.289 33.6625 31.2923 155.775 4.48345 14.192 16.043 92.9586 
162.723 166.633 128.688 133.483 139.439 153.624 165.706 97.8319 91.2875 89.8 29.513 105.052 16.342 19.7929 89.4331 -61.9748 22.886 107.885 28.2675 33.6644 126.164 37.038 44.9108 132.382 33.5433 31.0801 155.79 4.44642 13.9677 15.9244 92.8077 
162.712 166.452 129.374 133.749 139.612 153.623 165.541 97.7927 91.1339 89.7339 29.1718 105.007 16.1992 19.6025 89.2566 -61.705 22.6413 107.922 28.2681 33.5015 126.337 36.9573 44.7698 132.486 33.4512 30.8684 155.759 4.38763 13.9469 15.9897 92.7116 
162.66 166.228 130.042 134.149 139.947 153.57 165.332 97.6287 90.9238 89.6328 28.7504 104.965 15.9921 19.3249 89.178 -61.525 22.2846 108.027 28.1629 33.2044 126.492 36.8038 44.5052 132.578 33.3069 30.6435 155.709 4.28669 13.94 16.0721 92.6444 
162.576 166.08 130.579 134.585 140.339 153.464 165.164 97.4378 90.7423 89.5549 28.3808 104.993 15.8179 19.0544 89.1943 -61.424 21.9476 108.178 28.0451 32.9181 126.643 36.6767 44.2469 132.681 33.1937 30.4437 155.711 4.21875 13.9357 16.1326 92.5934 
162.49 165.935 130.905 135.064 140.791 153.333 165.014 97.0531 90.5129 89.4212 27.9343 105.001 15.6225 18.6941 89.2151 -61.3612 21.413 108.402 27.788 32.4353 126.727 36.4837 43.8113 132.703 33.0579 30.2139 155.702 4.13664 13.9409 16.1585 92.4514 
162.431 165.895 131.053 135.504 141.246 153.211 164.983 96.5289 90.3058 89.2747 27.5503 105.048 15.4194 18.3492 89.3525 -61.4003 20.9775 108.755 27.5173 32.0371 126.847 36.3015 43.4491 132.791 32.9189 29.999 155.747 4.06671 13.9468 16.1194 92.4511 
162.368 165.832 130.418 135.922 141.691 153.022 164.961 95.8251 90.1518 89.1435 27.1623 105.184 15.2305 18.011 89.6337 -61.6183 20.5028 109.104 26.9896 31.5451 126.959 36.1254 43.0049 132.879 32.8097 29.7831 155.852 3.99887 13.9446 16.207 92.3366 
162.364 165.801 129.57 136.224 142.054 152.899 164.986 95.2008 90.0393 89.023 26.7469 105.353 15.1169 17.6213 90.0079 -61.8875 20.0829 109.469 26.486 31.0982 127.087 35.9798 42.5944 132.999 32.7274 29.5926 156.024 3.94516 13.9499 16.2935 92.229 
162.38 165.867 128.164 136.473 142.392 152.829 165.089 94.8209 90.0358 88.9864 26.3846 105.544 14.9747 17.2599 90.466 -62.2778 19.8358 109.624 25.8468 30.7536 127.246 35.8658 42.2746 133.175 32.6574 29.416 156.256 3.8737 13.9401 16.6204 91.9057 
162.435 165.855 126.502 136.609 142.602 152.836 165.144 94.5525 89.9535 88.8784 26.0875 105.71 14.9255 16.95 90.7888 -62.4567 19.7016 109.652 25.2192 30.5022 127.402 35.7649 42.0413 133.366 32.6201 29.2884 156.486 3.82844 13.9271 17.0432 91.3289 
162.516 165.956 125.585 136.68 142.759 152.909 165.265 94.2916 89.8768 88.798 25.8053 105.838 14.8515 16.7199 91.0697 -62.5983 19.581 109.863 24.8401 30.2742 127.531 35.6308 41.814 133.555 32.5553 29.1428 156.723 3.77444 13.9222 17.1605 91.0269 
162.59 166.044 124.896 136.673 142.809 153.025 165.376 94.1254 89.7612 88.6623 25.7215 105.872 14.7664 16.5578 91.2554 -62.7091 19.5804 109.964 24.5647 30.1625 127.568 35.4769 41.686 133.675 32.4525 29.0247 156.865 3.72947 13.9386 17.2142 90.7909 
162.605 165.97 123.975 136.618 142.739 153.138 165.318 94.059 89.6356 88.5297 25.6108 105.867 14.7312 16.3734 91.4158 -62.7416 19.5222 109.898 24.2031 29.9764 127.495 35.2866 41.4848 133.681 32.3274 28.8757 156.963 3.69021 13.9663 17.3414 90.3471 
162.625 165.951 123.253 136.458 142.581 153.272 165.335 94.1003 89.5153 88.4229 25.5167 105.852 14.7598 16.1585 91.5935 -62.7635 19.5113 109.782 23.991 29.8537 127.395 35.1425 41.3287 133.655 32.2303 28.7258 157.033 3.68317 14.0081 17.4332 90.0531 
162.61 165.881 122.934 136.361 142.484 153.339 165.282 94.2552 89.4121 88.3176 25.4373 105.778 14.8462 15.9567 91.5748 -62.665 19.368 109.608 23.9347 29.623 127.242 35.0644 41.0736 133.55 32.203 28.562 157.011 3.70613 14.0566 17.4801 89.7456 
162.578 165.756 122.735 136.218 142.372 153.346 165.181 94.39 89.3203 88.2372 25.2738 105.717 14.9213 15.7179 91.6007 -62.6347 19.0788 109.45 23.8674 29.2853 127.043 34.9547 40.7175 133.372 32.1567 28.3646 156.954 3.7025 14.1097 17.4728 89.5464 
162.575 165.678 122.897 136.033 142.226 153.357 165.1 94.6514 89.3104 88.251 25.2038 105.635 15.0081 15.5423 91.563 -62.581 18.887 109.275 23.9924 29.0474 126.841 34.9132 40.4433 133.194 32.1482 28.18 156.861 3.70118 14.1606 17.386 89.5323 
162.555 165.564 123.544 135.89 142.156 153.343 164.95 95.0118 89.3484 88.3234 25.13 105.564 15.0593 15.3927 91.4886 -62.4739 18.6381 109.198 24.2752 28.7872 126.706 34.8866 40.1518 133.056 32.1347 28.0041 156.769 3.68208 14.214 17.2097 89.6607 
162.519 165.36 124.082 135.772 142.099 153.289 164.74 95.3003 89.3865 88.4112 25.0124 105.498 15.0916 15.2495 91.3255 -62.3041 18.2852 109.11 24.4673 28.4393 126.547 34.8463 39.7807 132.867 32.1308 27.8251 156.659 3.64449 14.2628 17.0591 89.6388 
162.463 165.13 124.858 135.693 142.085 153.249 164.466 95.5887 89.4546 88.5176 25.0197 105.525 15.0859 15.1695 91.1968 -62.0976 17.9853 109.168 24.7082 28.1566 126.525 34.8088 39.4843 132.822 32.108 27.6655 156.64 3.59406 14.296 16.8654 89.6561 
162.388 164.843 125.661 135.652 142.092 153.192 164.114 95.7057 89.4534 88.5731 25.0056 105.485 15.0602 15.055 90.9106 -61.7688 17.6891 109.25 24.9078 27.8976 126.489 34.7337 39.2092 132.751 32.042 27.5033 156.56 3.52585 14.3383 16.6536 89.599 
162.306 164.574 126.424 135.616 142.125 153.162 163.802 95.7333 89.4505 88.6436 25.0752 105.429 15.0136 14.9671 90.6596 -61.4669 17.4808 109.355 25.0845 27.7156 126.458 34.6538 39.0111 132.69 31.964 27.3487 156.467 3.45915 14.3634 16.4457 89.6121 
162.21 164.375 127.212 135.634 142.197 153.097 163.554 95.6576 89.4558 88.7021 25.1465 105.474 15.0151 14.9078 90.4396 -61.145 17.3348 109.586 25.3029 27.5987 126.576 34.6467 38.8914 132.784 31.9339 27.1854 156.449 3.41505 14.3602 16.257 89.7208 
162.145 164.195 127.837 135.621 142.248 153.048 163.322 95.5774 89.4526 88.7597 25.1352 105.475 15.0469 14.814 90.1745 -60.7911 17.1547 109.758 25.5129 27.4737 126.645 34.6567 38.7534 132.822 31.9143 27.0114 156.393 3.38686 14.3713 16.0842 89.7993 
162.031 164.009 128.502 135.679 142.38 152.962 163.07 95.3925 89.4567 88.8291 25.0338 105.461 15.1071 14.7093 89.7875 -60.3342 16.9286 109.978 25.736 27.3092 126.747 34.7084 38.5957 132.877 31.9331 26.806 156.306 3.35632 14.3529 15.9198 89.8679 
161.908 163.862 129.081 135.742 142.475 152.877 162.83 95.1316 89.3853 88.8369 24.9368 105.417 15.1859 14.5978 89.393 -59.8473 16.7502 110.182 25.9233 27.1887 126.833 34.7266 38.4736 132.926 31.9118 26.5844 156.201 3.33186 14.3488 15.7574 89.9182 
161.788 163.756 129.59 135.817 142.615 152.796 162.622 94.8152 89.3181 88.8528 24.7818 105.471 15.3066 14.4568 89.0287 -59.2728 16.6187 110.491 26.1152 27.1363 127.034 34.7835 38.4277 133.104 31.925 26.3729 156.197 3.31902 14.3132 15.6057 89.9221 
161.693 163.671 130.177 135.887 142.757 152.729 162.443 94.4746 89.2698 88.8567 24.6084 105.552 15.3932 14.3593 88.723 -58.7753 16.5285 110.856 26.3028 27.1221 127.282 34.8335 38.4215 133.347 31.9242 26.161 156.244 3.30226 14.2668 15.4319 89.9902 
161.585 163.684 130.652 136.015 142.959 152.646 162.388 94.1015 89.2052 88.8345 24.4715 105.715 15.4457 14.2557 88.5891 -58.4794 16.4469 111.251 26.4088 27.1148 127.563 34.8598 38.4129 133.631 31.9011 25.9461 156.365 3.29333 14.2322 15.2859 90.1223 
161.493 163.701 130.854 136.156 143.133 152.58 162.356 93.7118 89.1225 88.7821 24.3209 105.843 15.4304 14.1523 88.5443 -58.2421 16.3901 111.578 26.3912 27.1182 127.799 34.8414 38.4199 133.879 31.8374 25.7427 156.495 3.30083 14.2005 15.1942 90.1425 
161.445 163.71 130.629 136.292 143.282 152.56 162.287 93.2904 89.0527 88.7091 23.9657 105.982 15.3664 13.894 88.6729 -58.1585 16.2869 111.836 26.1775 27.074 127.998 34.7768 38.3914 134.111 31.7385 25.5215 156.682 3.29943 14.1581 15.1924 90.0399 
161.439 163.534 129.202 136.336 143.339 152.579 162.156 93.0041 88.9609 88.572 23.6736 106.083 15.1768 13.5814 89.0224 -58.3808 16.2902 111.707 25.5144 27.0207 128.116 34.5851 38.3675 134.295 31.5409 25.3245 156.877 3.25984 14.1074 15.5999 89.5325 
161.429 163.376 127.422 136.365 143.378 152.622 162.043 92.7782 88.8798 88.4408 23.3222 106.163 15.0465 13.2101 89.444 -58.6177 16.3187 111.468 24.7654 26.9383 128.224 34.4234 38.3182 134.469 31.3779 25.1118 157.074 3.24939 14.053 16.178 88.8936 
161.407 163.317 125.951 136.388 143.402 152.647 162.016 92.5572 88.803 88.3182 23.0345 106.311 14.9338 12.84 89.8985 -58.8488 16.3186 111.375 24.1155 26.8686 128.349 34.2535 38.2689 134.673 31.2112 24.9127 157.326 3.2365 14.0119 16.6039 88.3671 
161.451 163.304 124.584 136.416 143.447 152.725 162.041 92.3709 88.6997 88.1722 22.716 106.437 14.8725 12.4624 90.2668 -58.9759 16.2474 111.3 23.5547 26.7511 128.486 34.1279 38.1744 134.881 31.1046 24.7034 157.556 3.22837 13.9677 17.005 87.8463 
161.529 163.307 123.601 136.296 143.372 152.815 162.121 92.2271 88.5657 88.0317 22.4564 106.472 14.789 12.1337 90.576 -59.1306 16.1101 111.245 23.118 26.5475 128.485 33.9358 37.9736 134.945 30.9667 24.4864 157.707 3.20688 13.9646 17.2108 87.4781 
161.735 163.568 123.037 136.171 143.301 153.033 162.438 92.2288 88.4647 87.8891 21.9405 106.581 14.6285 11.4645 91.2047 -59.5686 15.6749 111.305 22.7679 26.0053 128.532 33.7284 37.445 135.079 30.8447 23.9935 157.978 3.18898 13.9527 17.3287 87.3624 
161.89 163.81 123.33 136.068 143.26 153.189 162.749 92.4311 88.5301 87.8801 21.759 106.647 14.6167 11.2598 91.6245 -59.8679 15.5809 111.404 22.8879 25.8773 128.553 33.7394 37.3173 135.151 30.8809 23.9104 158.127 3.21695 13.9516 17.2329 87.647 
161.998 164.072 124.045 136.009 143.249 153.331 162.997 92.7583 88.6467 87.9235 21.5961 106.762 14.5712 11.0201 92.018 -60.0901 15.433 111.574 23.1458 25.7035 128.649 33.7734 37.1429 135.294 30.9223 23.7504 158.321 3.25255 13.9445 17.065 87.9633 
162.09 164.305 124.863 135.96 143.236 153.444 163.229 93.1733 88.7746 87.9756 21.5431 106.813 14.5452 10.8601 92.2874 -60.3035 15.2644 111.663 23.4798 25.5175 128.682 33.8236 36.9336 135.353 30.9572 23.5971 158.421 3.27764 13.9831 16.8656 88.3435 
162.115 164.494 125.68 135.946 143.198 153.49 163.392 93.508 88.9044 88.0094 21.5336 106.88 14.5299 10.691 92.5742 -60.5535 15.1048 111.747 23.7469 25.3592 128.701 33.8593 36.7589 135.404 30.9635 23.4516 158.505 3.28872 14.0186 16.6746 88.7281 
162.15 164.66 126.578 135.919 143.175 153.534 163.528 93.9246 89.0803 88.0888 21.5636 106.922 14.5269 10.5802 92.7536 -60.7218 14.9656 111.821 24.1141 25.2099 128.716 33.9416 36.5755 135.456 31.0057 23.3014 158.573 3.3133 14.0674 16.4514 89.1021 
162.155 164.839 127.433 135.899 143.151 153.532 163.655 94.2564 89.2614 88.1998 21.5327 107.01 14.5403 10.4331 92.9741 -60.8981 14.8025 111.958 24.4688 25.063 128.759 34.0394 36.4048 135.509 31.0612 23.1656 158.652 3.33758 14.1039 16.2253 89.5423 
162.177 164.975 128.057 135.823 143.081 153.515 163.839 94.504 89.4074 88.2703 21.4568 107.104 14.554 10.2706 93.2226 -61.1239 14.5628 112.057 24.7401 24.8581 128.752 34.1234 36.1783 135.508 31.1192 23.0079 158.717 3.37021 14.146 16.0246 89.9606 
162.148 165.047 128.636 135.789 143.022 153.498 163.9 94.8084 89.5819 88.3915 21.2652 107.219 14.6473 10.0581 93.4311 -61.1919 14.2235 112.127 25.0327 24.5605 128.736 34.2742 35.8745 135.469 31.2605 22.8404 158.791 3.45081 14.1757 15.8766 90.2095 
162.125 165.053 129.064 135.856 143.028 153.449 163.871 94.9233 89.655 88.4334 20.9331 107.281 14.7564 9.82959 93.4313 -61.0842 13.7736 112.196 25.2546 24.181 128.698 34.4213 35.5036 135.376 31.418 22.638 158.808 3.53535 14.1993 15.7497 90.2711 
162.133 165.06 129.564 135.912 143.03 153.447 163.819 94.9672 89.7153 88.4757 20.6831 107.299 14.9537 9.62331 93.2103 -60.731 13.5215 112.284 25.6146 23.9743 128.721 34.6693 35.2876 135.37 31.6424 22.4449 158.793 3.66683 14.2094 15.6331 90.3022 
161.831 164.977 129.676 135.257 142.257 153.158 163.513 95.0846 90.0409 88.709 20.7929 107.362 15.1612 9.63898 92.9109 -60.2546 13.7732 112.267 25.91 24.3324 128.687 34.7922 35.6234 135.379 31.667 22.3295 158.891 3.8043 14.1095 15.3031 90.2327 
161.885 165.028 130.028 135.36 142.256 153.153 163.533 95.0288 90.0458 88.7036 20.3703 107.379 15.2905 9.45845 92.6882 -59.9902 13.4714 112.338 26.1458 24.0726 128.702 34.9783 35.3581 135.336 31.8498 22.1093 158.863 3.87657 14.116 15.2388 90.2549 
161.902 165.043 130.335 135.592 142.396 153.102 163.503 94.8481 89.9572 88.6308 19.7806 107.43 15.4267 9.17006 92.4806 -59.6732 13.0009 112.459 26.2981 23.6787 128.735 35.1406 34.9913 135.289 32.0313 21.8889 158.829 3.9395 14.118 15.2273 90.196 
161.945 165.095 130.495 135.839 142.546 153.032 163.531 94.5996 89.878 88.5553 19.1516 107.478 15.5635 8.88441 92.271 -59.4078 12.5666 112.564 26.3956 23.3197 128.781 35.3213 34.6819 135.259 32.2323 21.6937 158.777 3.99324 14.0824 15.2683 90.1617 
161.931 165.128 130.539 136.116 142.728 152.913 163.586 94.2446 89.7659 88.4691 18.6593 107.519 15.6905 8.66348 92.0703 -59.1529 12.2897 112.661 26.4252 23.1022 128.84 35.4679 34.5064 135.248 32.3783 21.5303 158.712 4.04171 14.0408 15.3459 90.1419 
161.917 165.118 130.182 136.309 142.83 152.78 163.586 93.8886 89.6242 88.3846 18.2134 107.515 15.841 8.45845 91.9224 -58.9427 12.1324 112.582 26.3211 22.9947 128.79 35.5626 34.4252 135.164 32.4798 21.3967 158.623 4.10725 14.0015 15.4916 89.9997 
161.615 165.035 129.392 135.831 142.236 152.441 163.377 93.6012 89.7247 88.4398 18.2643 107.433 16.0275 8.52436 91.5546 -58.5425 12.5215 112.338 26.2002 23.4593 128.643 35.5725 34.9002 135.06 32.4096 21.3277 158.549 4.20287 13.8659 15.4553 89.7356 
161.71 165.118 129.261 136.003 142.392 152.413 163.513 93.2965 89.5445 88.3206 17.7999 107.344 16.224 8.35945 91.2943 -58.2713 12.2921 112.25 26.2275 23.2615 128.561 35.7066 34.7103 134.951 32.5783 21.1636 158.411 4.31561 13.8553 15.5517 89.6294 
161.809 165.193 129.249 136.237 142.667 152.376 163.622 92.9304 89.3462 88.2042 17.2511 107.274 16.4561 8.17859 91.0068 -57.8824 11.9387 112.261 26.3354 22.9557 128.503 35.8946 34.4289 134.854 32.8104 20.9821 158.262 4.45863 13.8426 15.6113 89.5576 
161.879 165.144 128.577 136.42 142.903 152.324 163.605 92.4355 89.0854 88.0528 16.7323 107.148 16.7492 7.96521 90.6075 -57.3991 11.6315 112.079 26.2386 22.6725 128.317 36.0493 34.1601 134.653 33.0247 20.7881 158.045 4.61413 13.8343 15.8001 89.1911 
161.953 165.069 127.965 136.608 143.162 152.295 163.512 92.0416 88.8411 87.9463 16.1957 107.023 17.0699 7.79847 90.1307 -56.78 11.2944 111.853 26.1667 22.3389 128.102 36.2035 33.8365 134.434 33.2586 20.5826 157.843 4.76963 13.8265 15.9928 88.6577 
162.053 164.966 126.894 136.708 143.359 152.265 163.414 91.7224 88.6177 87.8714 15.721 106.853 17.2924 7.67636 89.7273 -56.3156 10.9934 111.451 25.8774 21.9927 127.752 36.2483 33.485 134.113 33.4103 20.38 157.631 4.88955 13.8328 16.2689 87.9332 
162.16 164.869 125.97 136.867 143.62 152.269 163.356 91.3899 88.4546 87.8418 15.3364 106.697 17.4713 7.61636 89.3088 -55.86 10.8387 111.112 25.6293 21.763 127.484 36.3226 33.2529 133.884 33.5642 20.2117 157.437 4.97517 13.8132 16.559 87.2966 
162.258 164.766 125.005 136.979 143.831 152.278 163.273 91.1201 88.3091 87.8208 15.0087 106.537 17.5654 7.55459 89.0124 -55.573 10.6898 110.753 25.2824 21.5185 127.172 36.2994 33.0019 133.623 33.637 20.0587 157.268 5.01742 13.8039 16.8309 86.6568 
162.348 164.735 124.669 137.054 144.011 152.329 163.205 91.1057 88.2926 87.9022 14.771 106.439 17.6256 7.55291 88.7748 -55.2914 10.6263 110.53 25.1725 21.3655 126.977 36.31 32.8398 133.494 33.7129 19.9419 157.198 5.04017 13.7814 16.9471 86.2002 
162.442 164.721 124.376 137.108 144.156 152.405 163.156 91.0683 88.2842 87.9415 14.5906 106.45 17.657 7.49142 88.6936 -55.1153 10.5598 110.448 25.0429 21.2403 126.884 36.2883 32.7134 133.474 33.7433 19.8394 157.238 5.0425 13.7568 17.0165 85.8317 
162.538 164.676 124.005 137.11 144.239 152.49 163.066 91.072 88.3394 88.0241 14.4652 106.438 17.6456 7.40903 88.6282 -54.9775 10.5201 110.338 24.8955 21.1204 126.777 36.2673 32.5884 133.445 33.7651 19.7119 157.27 5.03948 13.7265 17.0965 85.4642 
162.626 164.768 123.914 137.062 144.285 152.572 163.078 91.2523 88.4356 88.1051 14.3076 106.564 17.644 7.27587 88.7798 -54.9489 10.4628 110.341 24.8759 21.0156 126.801 36.2756 32.4868 133.554 33.8025 19.5913 157.432 5.0562 13.6893 17.1219 85.2772 
