178.251 163.899 163.835 164.448 164.55 175.262 152.345 154.181 155.979 157.502 1.14078 207.192 7.94801 48.4447 160.88 -26.312 78.5213 148.411 -21.5084 109.863 152.697 -0.475701 129.297 167.993 31.8091 71.0347 234.384 37.1139 12.981 11.9263 8.08996 
178.287 163.882 163.802 164.498 164.576 175.282 152.387 154.223 156.119 157.577 1.49094 207.082 8.1485 48.9936 160.739 -26.0279 79.2341 148.381 -21.2606 110.656 152.673 -0.029523 129.883 167.916 32.4732 71.3828 234.248 37.4808 13.0383 12.0647 8.20539 
178.298 163.816 163.76 164.484 164.6 175.313 152.381 154.234 156.183 157.646 1.85577 207.091 8.39484 49.3557 160.755 -25.7731 79.8353 148.439 -21.057 111.328 152.669 0.427137 130.333 167.769 33.1826 71.6769 234.155 37.8937 13.0911 12.2166 8.40185 
178.253 163.745 163.732 164.525 164.706 175.324 152.401 154.292 156.395 157.884 2.21523 207.063 8.70383 49.7208 160.74 -25.4757 80.5408 148.526 -20.9304 112.219 152.759 0.761061 131.032 167.745 33.7758 71.9743 234.072 38.3356 13.1615 12.4293 8.65042 
178.189 163.784 163.762 164.584 164.843 175.379 152.604 154.419 156.6 158.173 2.39591 207.107 9.23848 49.9712 160.661 -25.1593 81.0465 148.488 -20.6882 112.827 152.699 1.24243 131.517 167.662 34.4302 72.212 234.029 38.7986 13.2047 12.565 8.83729 
178.126 163.835 163.794 164.681 165.052 175.347 152.834 154.582 156.831 158.455 2.69235 207.039 9.66461 50.4878 160.484 -24.9162 81.7127 148.368 -20.4642 113.504 152.599 1.67334 132.019 167.592 34.9587 72.4606 233.941 39.2414 13.162 12.6178 8.91484 
178.091 163.795 163.754 164.744 165.251 175.292 152.898 154.643 156.929 158.584 3.09014 207.102 10.0461 51.1112 160.403 -24.5473 82.3575 148.33 -20.1643 114.053 152.573 2.05838 132.461 167.615 35.3337 72.7949 233.939 39.6346 13.0905 12.5669 8.9052 
178.133 163.865 163.831 164.901 165.502 175.283 153.078 154.849 157.155 158.849 3.51132 207.23 10.3262 51.825 160.412 -24.3248 83.0499 148.349 -19.9893 114.6 152.564 2.33814 132.922 167.677 35.6199 73.1521 233.984 40.0268 13.0203 12.4737 8.85618 
178.16 163.872 163.839 165.014 165.71 175.311 153.224 155.005 157.363 159.102 3.90996 207.072 10.4911 52.4895 160.204 -24.0703 83.6872 148.194 -19.7898 115.142 152.436 2.56508 133.443 167.673 35.8035 73.5051 233.886 40.3141 12.9769 12.3998 8.79571 
178.155 163.787 163.753 164.985 165.785 175.3 153.274 155.032 157.361 159.118 4.35384 206.724 10.5232 53.1453 160.016 -23.9311 84.3135 148.08 -19.6346 115.684 152.369 2.719 133.997 167.688 35.9005 73.8039 233.726 40.5143 12.9615 12.3403 8.73416 
178.118 163.669 163.636 164.925 165.814 175.252 153.259 154.993 157.298 159.099 4.68874 206.384 10.6728 53.6413 159.918 -23.8087 84.8183 147.998 -19.4517 116.128 152.298 2.92563 134.464 167.646 36.0996 74.0712 233.557 40.7147 12.9966 12.3113 8.72196 
178.098 163.488 163.529 164.79 165.775 175.197 153.086 154.869 157.087 158.95 5.123 206.136 10.6134 54.1135 159.936 -23.7305 85.2709 147.947 -19.2832 116.482 152.222 3.16928 134.793 167.522 36.3747 74.3352 233.402 40.8638 13.0336 12.2911 8.72654 
178.05 163.364 163.482 164.758 165.811 175.121 152.918 154.787 156.964 158.922 5.48501 205.876 10.7285 54.2889 159.881 -23.5371 85.4737 147.808 -19.0736 116.588 152.045 3.42426 134.912 167.292 36.6627 74.5457 233.23 41.0235 13.0821 12.2596 8.78267 
177.975 163.252 163.381 164.656 165.822 175.048 152.768 154.64 156.767 158.797 5.77382 205.653 10.9286 54.405 159.829 -23.2804 85.6816 147.751 -18.8553 116.783 151.954 3.732 135.077 167.092 37.0384 74.7508 233.078 41.2176 13.131 12.2983 8.88082 
177.869 163.177 163.304 164.58 165.814 174.943 152.672 154.544 156.657 158.72 6.05506 205.483 11.198 54.513 159.821 -23.0082 85.9488 147.76 -18.6277 117.045 151.915 4.0694 135.284 166.951 37.4864 74.9741 232.984 41.4445 13.1945 12.3525 9.03394 
177.724 163.087 163.239 164.516 165.814 174.82 152.517 154.43 156.557 158.702 6.23956 205.297 11.6658 54.4631 159.706 -22.5026 86.0225 147.653 -18.2339 117.146 151.81 4.46754 135.408 166.81 37.9168 75.1729 232.898 41.6818 13.2557 12.392 9.16355 
177.594 163.063 163.216 164.473 165.769 174.737 152.496 154.419 156.581 158.722 6.33214 205.233 12.1956 54.4998 159.613 -22.0293 86.2103 147.607 -17.9021 117.387 151.743 4.89911 135.603 166.714 38.4704 75.4049 232.896 41.9484 13.3203 12.4638 9.30438 
177.577 163.106 163.26 164.511 165.772 174.747 152.535 154.483 156.711 158.832 6.35451 205.343 12.7598 54.6468 159.584 -21.5922 86.4934 147.632 -17.6256 117.709 151.745 5.27027 135.861 166.695 38.967 75.6844 232.96 42.2535 13.3621 12.5165 9.42484 
177.594 163.15 163.285 164.561 165.806 174.768 152.584 154.593 156.886 158.946 6.36579 205.497 13.3657 54.8387 159.655 -21.134 86.8857 147.801 -17.3732 118.159 151.938 5.61321 136.213 166.857 39.4673 75.9549 233.126 42.5932 13.41 12.5838 9.58465 
177.584 163.292 163.393 164.67 165.839 174.753 152.805 154.794 157.093 159.052 6.52207 205.7 13.8456 55.2846 159.803 -20.9245 87.4472 148.009 -17.2128 118.699 152.185 5.9031 136.649 167.114 39.9027 76.2914 233.371 42.8849 13.4402 12.597 9.65428 
177.602 163.458 163.526 164.841 165.931 174.78 153.094 155.026 157.337 159.205 6.69069 205.827 14.37 55.6896 159.797 -20.6783 87.8684 148.042 -16.9892 119.059 152.261 6.18339 136.968 167.274 40.2318 76.6399 233.564 43.1492 13.4284 12.5466 9.63744 
177.64 163.569 163.593 164.957 166.022 174.753 153.336 155.181 157.442 159.197 6.97152 206.035 14.8151 56.2001 159.868 -20.4466 88.266 148.141 -16.7136 119.334 152.387 6.48158 137.204 167.514 40.4629 76.9866 233.812 43.3757 13.3562 12.4448 9.51791 
177.664 163.69 163.654 165.128 166.126 174.682 153.551 155.362 157.642 159.269 7.37866 206.22 15.1059 56.7777 160.058 -20.3027 88.7333 148.38 -16.5617 119.677 152.596 6.69302 137.476 167.807 40.6559 77.3518 234.088 43.6212 13.2925 12.3569 9.40534 
177.677 163.772 163.695 165.209 166.19 174.596 153.808 155.535 157.8 159.314 7.83922 206.29 15.13 57.5768 160.071 -20.224 89.3318 148.456 -16.3864 120.109 152.668 6.93786 137.815 167.962 40.88 77.7304 234.218 43.8011 13.2286 12.2561 9.21871 
177.657 163.805 163.712 165.277 166.233 174.445 153.966 155.645 157.88 159.293 8.35161 206.243 15.2078 58.3006 160.034 -20.0457 89.8699 148.476 -16.1441 120.502 152.706 7.17357 138.155 168.081 41.0436 78.101 234.27 44.0045 13.1557 12.148 9.04385 
177.689 163.86 163.736 165.364 166.311 174.362 154.11 155.721 158.014 159.42 8.80408 206.139 15.2366 58.8971 159.964 -19.8902 90.2989 148.471 -15.9207 120.816 152.69 7.43238 138.385 168.081 41.2931 78.3888 234.255 44.2175 13.107 12.0838 8.90273 
177.592 163.797 163.695 165.361 166.321 174.199 154.071 155.686 158.008 159.425 9.35024 206.052 15.1798 59.4237 160.011 -19.8057 90.652 148.474 -15.7727 121.071 152.597 7.64324 138.549 167.941 41.4813 78.6974 234.206 44.3964 13.0264 12.0423 8.78368 
177.52 163.778 163.66 165.306 166.258 174.083 154.111 155.673 158.003 159.361 9.8643 205.933 15.0994 59.9629 159.98 -19.7362 91.0277 148.392 -15.5734 121.381 152.468 7.8865 138.74 167.767 41.6948 79.0141 234.103 44.5765 12.9373 12.0233 8.67153 
177.55 163.811 163.635 165.268 166.193 174.022 154.17 155.676 158.034 159.318 10.3309 205.77 15.0114 60.4141 159.935 -19.7349 91.4621 148.342 -15.5015 121.779 152.357 8.02585 138.97 167.57 41.842 79.3181 233.958 44.6939 12.8446 12.0341 8.66639 
177.575 163.81 163.602 165.231 166.118 173.993 154.159 155.62 157.99 159.225 10.7045 205.666 15.0472 60.6788 159.896 -19.6834 91.7501 148.269 -15.4166 122.053 152.219 8.12074 139.167 167.362 41.8937 79.6221 233.808 44.81 12.7617 12.0335 8.69342 
177.614 163.822 163.58 165.179 166.038 173.962 154.184 155.568 157.941 159.085 11.0959 205.497 15.0641 61.04 159.791 -19.54 92.1471 148.219 -15.2431 122.43 152.154 8.31446 139.426 167.264 42.0382 79.8967 233.669 44.9246 12.6841 12.0419 8.72057 
177.659 163.855 163.574 165.119 165.932 173.922 154.23 155.522 157.829 158.823 11.5412 205.502 15.0693 61.4339 159.884 -19.4431 92.6105 148.343 -15.0508 122.848 152.258 8.51683 139.714 167.308 42.1962 80.1953 233.657 45.0678 12.6067 12.0332 8.7697 
177.691 163.871 163.582 165.044 165.796 173.908 154.28 155.495 157.758 158.636 11.9769 205.534 14.9959 61.7904 160.011 -19.4044 93.0249 148.444 -14.868 123.238 152.352 8.6777 140.01 167.33 42.3378 80.4722 233.657 45.1852 12.5578 12.0296 8.81586 
177.727 163.88 163.592 164.96 165.653 173.9 154.34 155.477 157.672 158.466 12.3877 205.553 15.0058 62.0116 160.125 -19.3919 93.2918 148.474 -14.6828 123.476 152.352 8.84623 140.182 167.26 42.4776 80.719 233.649 45.3034 12.5018 12.0166 8.86193 
177.749 163.868 163.545 164.797 165.421 173.86 154.403 155.348 157.441 158.127 13.1745 205.487 15.3259 62.4267 160.204 -19.2023 93.6737 148.408 -14.2132 123.838 152.219 9.29757 140.51 167.045 42.8516 81.2561 233.579 45.5976 12.4358 12.003 8.86402 
177.727 163.821 163.454 164.621 165.212 173.879 154.375 155.181 157.234 157.941 13.3273 205.543 15.581 62.4342 160.331 -19.1159 93.6883 148.465 -13.957 123.905 152.225 9.54858 140.644 166.986 43.0957 81.4251 233.587 45.7587 12.4797 12.0474 8.90064 
177.772 163.786 163.375 164.477 165.082 173.959 154.377 155.034 157.1 157.893 13.4346 205.598 15.78 62.4376 160.398 -19.0706 93.7081 148.45 -13.7535 124.026 152.168 9.75079 140.86 166.884 43.3186 81.6364 233.551 45.8784 12.5601 12.1236 8.9461 
177.835 163.84 163.313 164.404 165.028 174.051 154.459 154.919 157.03 157.901 13.6344 205.642 16.0083 62.6247 160.454 -19.0746 93.8315 148.461 -13.5777 124.203 152.12 9.94995 141.126 166.814 43.5448 81.8916 233.506 46.0388 12.6392 12.1762 8.93003 
177.866 163.87 163.267 164.394 165.021 174.092 154.52 154.842 156.971 157.934 13.7935 205.609 16.28 62.7943 160.563 -19.1345 93.9698 148.536 -13.5654 124.39 152.102 10.0278 141.396 166.749 43.6498 82.1323 233.46 46.1758 12.6994 12.223 8.92165 
177.85 163.923 163.253 164.382 165.015 174.088 154.59 154.765 156.962 158.026 14.0476 205.534 16.5358 62.9947 160.591 -19.1639 94.0832 148.517 -13.5055 124.556 151.999 10.1253 141.649 166.619 43.7623 82.4011 233.372 46.2966 12.7559 12.2699 8.88322 
177.84 163.996 163.235 164.353 164.99 174.045 154.664 154.729 157.036 158.142 14.3755 205.466 16.7249 63.3339 160.672 -19.1675 94.4062 148.583 -13.4475 124.958 152.024 10.2317 142.051 166.601 43.9162 82.6862 233.335 46.4256 12.7985 12.3465 8.88757 
177.818 164.115 163.26 164.373 165.008 173.997 154.828 154.774 157.163 158.31 14.7132 205.446 16.9131 63.6846 160.762 -19.1961 94.7574 148.652 -13.414 125.355 152.054 10.3367 142.458 166.619 44.0671 82.9648 233.351 46.559 12.8362 12.3995 8.89483 
177.876 164.261 163.344 164.439 165.062 174.005 155.039 154.886 157.333 158.517 15.0027 205.419 17.0543 64.1145 160.736 -19.2258 95.1961 148.627 -13.3741 125.829 152.043 10.4333 142.958 166.641 44.1986 83.24 233.311 46.7003 12.877 12.4344 8.88964 
177.862 164.369 163.392 164.477 165.109 173.982 155.182 154.928 157.413 158.655 15.2623 205.55 17.1671 64.4679 160.851 -19.2985 95.5322 148.68 -13.3322 126.162 152.045 10.5519 143.314 166.658 44.3587 83.4851 233.357 46.8404 12.9094 12.4513 8.88501 
177.86 164.473 163.466 164.551 165.179 173.956 155.319 155 157.569 158.866 15.4812 205.684 17.3506 64.7701 160.929 -19.306 95.8622 148.722 -13.3106 126.558 152.073 10.6165 143.728 166.699 44.4785 83.7494 233.418 46.9591 12.9437 12.5004 8.90477 
177.939 164.612 163.554 164.656 165.319 174.013 155.551 155.148 157.734 159.05 15.6661 205.765 17.4878 65.141 160.907 -19.3054 96.2634 148.728 -13.2615 126.981 152.107 10.7266 144.151 166.803 44.6257 83.9919 233.494 47.0554 12.9672 12.5201 8.90479 
178.067 164.785 163.64 164.778 165.478 174.096 155.827 155.339 157.929 159.22 15.8431 206.133 17.5843 65.5673 161.024 -19.2944 96.7187 148.881 -13.1975 127.493 152.306 10.83 144.684 167.088 44.7628 84.2878 233.704 47.1878 13.0072 12.554 8.89934 
178.177 164.844 163.706 164.921 165.68 174.206 156.029 155.532 158.116 159.429 15.9894 206.436 17.4958 66.0529 161.077 -19.3341 97.1344 148.934 -13.1649 127.901 152.366 10.9287 145.101 167.256 44.8961 84.5638 233.866 47.2617 13.0352 12.5511 8.8254 
178.3 164.924 163.811 165.071 165.879 174.308 156.266 155.771 158.308 159.59 16.2052 206.692 17.4804 66.5977 161.043 -19.2694 97.6379 148.928 -13.0828 128.383 152.409 11.0351 145.59 167.41 45.01 84.8831 233.986 47.382 13.038 12.5213 8.75522 
178.359 164.932 163.817 165.155 166.002 174.349 156.404 155.873 158.381 159.657 16.4514 206.754 17.4424 67.2138 160.993 -19.2092 98.1117 148.912 -12.9402 128.786 152.405 11.2227 145.993 167.509 45.1817 85.2039 234.051 47.472 13.0392 12.4798 8.63061 
178.397 164.896 163.808 165.19 166.045 174.364 156.494 155.968 158.432 159.659 16.7058 206.752 17.2349 67.8242 160.945 -19.2626 98.6255 148.883 -12.9188 129.212 152.374 11.3064 146.355 167.502 45.2652 85.4727 234.014 47.5419 13.0054 12.4374 8.53796 
178.387 164.787 163.737 165.176 166.029 174.329 156.425 155.958 158.39 159.585 16.9179 206.62 17.1032 68.2828 160.888 -19.2586 98.9796 148.798 -12.8739 129.466 152.235 11.4078 146.548 167.331 45.3767 85.7231 233.893 47.5827 12.9812 12.3945 8.46409 
178.443 164.669 163.667 165.164 166.037 174.346 156.376 155.963 158.378 159.571 17.0937 206.345 16.9601 68.7677 160.701 -19.2347 99.3622 148.608 -12.7996 129.8 152.04 11.5164 146.817 167.14 45.489 85.9385 233.689 47.6049 12.9648 12.3841 8.38814 
178.516 164.628 163.671 165.237 166.029 174.341 156.371 156.007 158.45 159.623 17.2702 206.035 16.8184 69.2426 160.506 -19.2606 99.8501 148.464 -12.8228 130.269 151.943 11.4642 147.249 167.065 45.4888 86.1485 233.477 47.6112 12.9888 12.3722 8.3787 
178.454 164.558 163.713 165.328 166.002 174.186 156.286 156.056 158.559 159.655 17.453 205.758 16.8015 69.5346 160.436 -19.2344 100.201 148.411 -12.8723 130.644 151.966 11.2695 147.597 167.091 45.3121 86.2983 233.316 47.6354 12.9841 12.3521 8.40347 
178.385 164.556 163.76 165.391 165.948 173.954 156.296 156.099 158.655 159.624 17.7397 205.425 16.6385 69.9501 160.38 -19.2938 100.608 148.42 -12.9261 131.011 152.081 11.0536 147.909 167.246 45.0731 86.389 233.16 47.6352 12.9583 12.2936 8.3802 
178.289 164.568 163.858 165.484 165.898 173.702 156.29 156.157 158.755 159.589 17.8494 205.217 16.6523 70.1326 160.324 -19.1937 100.787 148.402 -12.8791 131.153 152.185 10.8932 148.078 167.439 44.8608 86.4082 233.058 47.6967 12.954 12.2134 8.35875 
178.175 164.616 163.97 165.575 165.792 173.423 156.32 156.241 158.911 159.506 18.0327 204.951 16.6598 70.4107 160.232 -19.1072 101.161 148.418 -12.8031 131.489 152.393 10.7661 148.365 167.771 44.7075 86.4169 232.975 47.7508 12.9498 12.1447 8.39901 
178.023 164.655 164.111 165.687 165.695 173.143 156.354 156.336 159.066 159.393 18.3153 204.748 16.5894 70.7339 160.21 -19.0784 101.584 148.482 -12.7374 131.845 152.661 10.6412 148.679 168.203 44.5481 86.4254 232.93 47.813 12.9558 12.0637 8.44427 
177.841 164.722 164.308 165.856 165.657 172.905 156.442 156.465 159.269 159.362 18.5386 204.42 16.6612 71.0391 160.049 -19.0171 101.917 148.401 -12.6263 132.098 152.785 10.538 148.91 168.504 44.4476 86.4305 232.816 47.8887 12.9846 11.9647 8.44369 
177.679 164.739 164.424 166 165.68 172.742 156.479 156.54 159.342 159.292 18.6532 204.148 16.88 71.2522 159.922 -18.9416 102.081 148.319 -12.5134 132.143 152.825 10.4891 148.976 168.682 44.3702 86.4377 232.743 47.9356 13.0018 11.8499 8.39942 
177.553 164.778 164.555 166.153 165.746 172.588 156.555 156.668 159.445 159.236 18.8012 203.889 17.0543 71.4304 159.83 -18.9431 102.244 148.25 -12.4547 132.229 152.877 10.4211 149.017 168.821 44.3043 86.4315 232.688 47.9648 12.9955 11.7726 8.38449 
177.436 164.84 164.679 166.272 165.844 172.493 156.686 156.826 159.529 159.236 18.8886 203.663 17.2903 71.4929 159.74 -18.9733 102.367 148.153 -12.4014 132.347 152.907 10.347 149.155 168.917 44.2486 86.4585 232.643 47.991 13.0265 11.7389 8.42879 
177.243 164.81 164.693 166.301 165.937 172.35 156.671 156.842 159.462 159.152 18.9519 203.56 17.4754 71.4347 159.791 -19.0071 102.34 148.199 -12.426 132.341 152.998 10.2199 149.178 169 44.1609 86.4669 232.642 48.0072 13.0697 11.7362 8.4612 
177.018 164.751 164.707 166.371 166.078 172.173 156.604 156.865 159.418 159.136 19.1047 203.404 17.5528 71.3342 159.92 -19.1433 102.246 148.295 -12.5961 132.25 153.095 9.96767 149.143 169.067 43.9434 86.4501 232.644 47.9753 13.1118 11.725 8.47742 
176.824 164.695 164.697 166.429 166.25 172.079 156.506 156.865 159.334 159.149 19.1113 203.299 17.759 71.1046 160.016 -19.2061 101.992 148.315 -12.6971 132.006 153.073 9.80465 149.034 169.043 43.7566 86.428 232.649 47.9434 13.1571 11.7116 8.48006 
176.738 164.707 164.733 166.508 166.441 172.079 156.494 156.931 159.321 159.218 19.0172 203.213 17.9519 70.8116 160.018 -19.2712 101.679 148.25 -12.7803 131.742 152.996 9.64203 148.902 168.971 43.5725 86.3466 232.616 47.9211 13.1967 11.7106 8.47585 
176.632 164.696 164.746 166.571 166.64 172.041 156.415 156.961 159.279 159.277 18.9352 203.109 18.1472 70.4696 160.002 -19.3147 101.327 148.164 -12.8811 131.445 152.878 9.47 148.726 168.844 43.3564 86.2761 232.574 47.8547 13.2116 11.7116 8.47754 
176.558 164.688 164.766 166.656 166.825 172.029 156.331 156.981 159.25 159.347 18.8004 203.012 18.3324 70.1402 159.99 -19.3549 100.971 148.114 -13.0106 131.148 152.794 9.30037 148.539 168.743 43.1784 86.175 232.533 47.8199 13.2452 11.7246 8.46023 
176.459 164.675 164.752 166.686 166.961 171.994 156.23 156.941 159.181 159.383 18.7962 202.805 18.3788 69.854 159.924 -19.4752 100.654 148.027 -13.2063 130.903 152.668 9.0461 148.429 168.604 42.8989 86.1357 232.425 47.6905 13.2849 11.7471 8.44531 
176.354 164.646 164.716 166.707 167.061 171.877 156.115 156.887 159.09 159.295 18.9247 202.7 18.3736 69.6644 159.924 -19.5675 100.427 148.017 -13.3491 130.702 152.639 8.83689 148.311 168.561 42.6093 86.1463 232.369 47.5531 13.2816 11.7434 8.43068 
176.227 164.569 164.662 166.685 167.138 171.729 155.941 156.742 158.888 159.152 19.0725 202.627 18.2677 69.358 159.917 -19.6686 99.9693 147.943 -13.4442 130.27 152.514 8.63265 148.005 168.426 42.2694 86.1263 232.298 47.3482 13.2677 11.7324 8.36059 
176.037 164.462 164.551 166.611 167.08 171.482 155.742 156.495 158.572 158.833 19.2687 202.564 18.1404 69.0997 159.937 -19.8798 99.4601 147.821 -13.5732 129.761 152.316 8.39588 147.632 168.202 41.8896 86.156 232.191 47.0964 13.2468 11.7051 8.24292 
175.895 164.36 164.445 166.535 167.012 171.249 155.492 156.17 158.18 158.425 19.4191 202.496 17.9926 68.6983 160.012 -20.0791 98.7172 147.764 -13.7376 129.041 152.198 8.01392 147.098 168.026 41.3222 86.1117 232.081 46.8143 13.2217 11.6676 8.06428 
175.783 164.272 164.369 166.536 166.946 170.994 155.183 155.797 157.784 157.952 19.5702 202.402 17.9094 68.2265 160.028 -20.199 97.8336 147.644 -13.8249 128.169 152.041 7.61797 146.485 167.866 40.6423 86.0622 231.948 46.514 13.1796 11.5924 7.83758 
175.699 164.29 164.408 166.587 166.947 170.78 155.022 155.602 157.617 157.729 19.6384 202.206 17.8549 67.5879 159.839 -20.2763 96.8338 147.328 -13.9127 127.221 151.745 7.17486 145.794 167.578 39.9566 85.898 231.738 46.2037 13.1414 11.5261 7.63124 
175.727 164.432 164.576 166.697 167.003 170.668 154.983 155.584 157.612 157.645 19.5964 201.999 17.8399 66.8899 159.542 -20.3163 95.9169 146.961 -14.0469 126.365 151.418 6.7422 145.116 167.218 39.3827 85.6688 231.476 45.9354 13.1101 11.4791 7.49838 
175.761 164.63 164.765 166.816 167.048 170.527 155.053 155.686 157.707 157.583 19.5645 201.874 17.656 66.3332 159.291 -20.4882 95.2793 146.704 -14.4006 125.733 151.185 6.22439 144.563 166.919 38.8265 85.4261 231.216 45.6731 13.0817 11.4244 7.42904 
175.713 164.812 164.923 166.914 167.119 170.379 155.113 155.749 157.766 157.571 19.4567 201.786 17.5689 65.6933 158.943 -20.5526 94.5486 146.337 -14.6497 124.964 150.804 5.83293 143.922 166.516 38.3438 85.1611 230.93 45.4318 13.0483 11.3364 7.35677 
175.652 164.983 165.055 166.963 167.194 170.145 155.138 155.756 157.745 157.422 19.4888 201.762 17.4785 65.0639 158.705 -20.6171 93.856 146.076 -14.8497 124.255 150.534 5.48405 143.328 166.217 37.8982 84.9401 230.732 45.1893 13.015 11.2672 7.31784 
175.636 165.232 165.249 167.041 167.324 169.979 155.353 155.927 157.854 157.377 19.4747 201.916 17.3128 64.5267 158.479 -20.6762 93.2878 145.784 -14.9572 123.634 150.254 5.29814 142.823 165.987 37.6147 84.7563 230.61 45.0044 12.9947 11.1767 7.30632 
175.637 165.419 165.436 167.101 167.492 169.839 155.496 156.115 157.987 157.381 19.5298 202.089 17.1662 64.068 158.425 -20.7466 92.885 145.68 -15.1368 123.224 150.176 5.08035 142.45 165.919 37.3642 84.6212 230.616 44.8385 12.9673 11.1366 7.34719 
175.649 165.608 165.625 167.163 167.597 169.751 155.649 156.344 158.189 157.456 19.3775 202.369 17.1962 63.5809 158.424 -20.7095 92.5131 145.663 -15.2582 122.887 150.221 4.91645 142.176 165.986 37.1898 84.4661 230.717 44.7261 12.9789 11.1234 7.41571 
175.681 165.73 165.746 167.167 167.658 169.73 155.747 156.529 158.395 157.626 19.1393 202.52 17.4028 63.1669 158.436 -20.6314 92.2308 145.713 -15.3892 122.687 150.34 4.78938 142.021 166.117 37.1335 84.3134 230.858 44.647 13.0378 11.1594 7.48129 
175.691 165.835 165.859 167.139 167.763 169.761 155.902 156.73 158.628 157.842 18.8263 202.595 17.7223 62.7353 158.328 -20.4157 91.9875 145.658 -15.3582 122.608 150.415 4.81682 141.937 166.243 37.2223 84.1555 230.984 44.6277 13.0771 11.2542 7.58526 
175.646 165.922 165.92 167.11 167.837 169.769 155.946 156.814 158.729 157.982 18.5284 202.565 18.3208 62.3941 158.166 -20.0458 91.8117 145.644 -15.2383 122.59 150.509 4.92813 141.979 166.422 37.3437 84.0973 231.119 44.6273 13.1429 11.3407 7.66146 
175.454 166.005 165.948 167.107 167.966 169.597 155.975 156.879 158.826 158.134 18.4625 202.639 18.9399 62.1477 158.166 -19.7217 91.6458 145.72 -15.1715 122.54 150.609 5.01856 141.939 166.591 37.4053 84.1318 231.36 44.6118 13.128 11.3952 7.69395 
175.01 166.051 165.901 167.13 168.145 169.077 155.988 156.864 158.868 158.247 18.7838 202.455 19.6366 62.0115 158.159 -19.386 91.5258 145.834 -15.1008 122.569 150.816 4.97919 142.002 166.881 37.2135 84.2151 231.584 44.5842 13.0493 11.4475 7.67215 
174.385 166.15 165.833 167.211 168.378 168.279 156.01 156.763 158.8 158.185 19.356 202.225 20.4374 61.9658 158.216 -19.1141 91.349 146.006 -15.0425 122.368 151.02 4.92718 141.892 167.199 36.8998 84.306 231.799 44.5662 12.9353 11.3684 7.54772 
173.342 166.097 165.653 167.139 168.429 167.215 155.882 156.53 158.596 157.971 20.1966 201.501 21.7512 61.7708 158.069 -18.5895 90.9768 145.987 -14.816 121.939 151.041 4.92738 141.58 167.335 36.5002 84.3733 231.892 44.5266 12.7356 11.2362 7.39389 
