178.861 162.217 162.219 162.222 161.681 177.329 156.938 153.836 154.497 155.42 94.1006 173.549 -5.07511 152.592 194.125 -53.6795 188.258 186.681 -47.5433 215.086 183.734 -23.5631 231.962 180.12 15.223 152.813 206.018 44.8949 15.9179 10.7071 11.8303 
178.89 162.172 162.203 162.19 161.756 177.292 156.877 153.778 154.426 155.376 94.0882 173.561 -5.10051 152.401 193.779 -53.7259 187.863 186.166 -47.6911 214.676 183.166 -23.7641 231.706 179.711 14.9384 152.836 206.017 44.801 15.9014 10.6646 11.693 
178.879 162.19 162.258 162.218 161.89 177.273 156.86 153.805 154.441 155.404 94.0574 173.557 -5.17309 152.215 193.445 -53.7877 187.511 185.749 -47.8601 214.325 182.7 -23.9841 231.492 179.366 14.6522 152.861 206 44.6938 15.8938 10.6349 11.5662 
178.88 162.182 162.361 162.345 162.064 177.279 156.824 153.905 154.601 155.554 93.9649 173.519 -5.29782 151.98 193.004 -53.8546 187.183 185.403 -48.0749 214.067 182.394 -24.2539 231.314 179.091 14.3495 152.832 205.914 44.5493 15.8844 10.653 11.4484 
178.883 162.165 162.423 162.43 162.183 177.272 156.813 153.993 154.712 155.662 93.8949 173.407 -5.34824 151.802 192.679 -53.9078 186.974 185.131 -48.2463 213.884 182.125 -24.463 231.198 178.843 14.1266 152.799 205.808 44.4311 15.8959 10.6491 11.389 
178.852 162.196 162.521 162.572 162.331 177.274 156.847 154.106 154.896 155.823 93.8276 173.196 -5.3877 151.638 192.336 -53.9998 186.861 184.886 -48.4291 213.859 181.963 -24.6824 231.209 178.702 13.9201 152.784 205.676 44.285 15.9067 10.686 11.3901 
178.831 162.104 162.519 162.614 162.379 177.248 156.74 154.116 154.985 155.921 93.7724 172.915 -5.47713 151.45 191.988 -54.1169 186.721 184.688 -48.6539 213.816 181.85 -24.95 231.189 178.572 13.6422 152.771 205.514 44.1058 15.8891 10.7255 11.3828 
178.79 162.137 162.68 162.795 162.503 177.239 156.813 154.343 155.25 156.148 93.7237 172.701 -5.61872 151.437 191.758 -54.2851 186.831 184.675 -48.9085 213.981 181.897 -25.1851 231.325 178.57 13.4494 152.802 205.327 43.9442 15.8944 10.7624 11.4109 
178.76 162.092 162.719 162.854 162.522 177.226 156.765 154.435 155.402 156.281 93.8329 172.559 -5.84823 151.589 191.628 -54.4467 187.132 184.731 -49.0996 214.304 181.978 -25.3399 231.546 178.558 13.3132 152.915 205.158 43.7449 15.8757 10.7997 11.4845 
178.744 162.072 162.827 162.907 162.528 177.227 156.794 154.622 155.561 156.376 94.0254 172.437 -6.03361 151.783 191.595 -54.6131 187.494 184.873 -49.3 214.603 182.033 -25.5115 231.703 178.483 13.113 153.077 204.977 43.5636 15.8024 10.7755 11.5761 
178.72 161.968 162.872 162.893 162.464 177.248 156.704 154.727 155.636 156.417 94.2375 172.326 -6.28567 152.005 191.434 -54.6966 187.831 184.897 -49.4227 214.822 181.925 -25.6179 231.752 178.199 12.9222 153.232 204.71 43.3817 15.6983 10.7267 11.6374 
178.742 161.787 162.727 162.723 162.295 177.27 156.485 154.547 155.459 156.216 94.6448 172.301 -6.60689 152.309 191.335 -54.7652 188.085 184.707 -49.4746 214.936 181.651 -25.7386 231.727 177.843 12.6818 153.431 204.465 43.2207 15.5536 10.6323 11.6298 
178.781 161.519 162.469 162.441 162.005 177.29 156.221 154.293 155.16 155.85 95.1098 172.084 -6.81456 152.714 191.232 -54.8181 188.5 184.5 -49.4467 215.183 181.307 -25.7621 231.756 177.374 12.5422 153.705 204.214 43.0643 15.3734 10.5284 11.6901 
178.863 161.358 162.207 162.178 161.79 177.328 156.042 153.953 154.78 155.454 95.616 171.794 -6.93613 153.136 190.948 -54.8847 188.822 183.931 -49.3847 215.381 180.66 -25.741 231.866 176.811 12.4487 154.052 203.937 42.9177 15.253 10.4462 11.7072 
178.899 161.389 162.116 162.084 161.762 177.372 156.036 153.78 154.559 155.281 95.9912 171.454 -7.00361 153.466 190.481 -54.9672 188.962 183.174 -49.3812 215.436 179.902 -25.7611 231.987 176.282 12.3777 154.312 203.705 42.7811 15.2335 10.3784 11.6418 
178.906 161.527 162.217 162.218 161.834 177.459 156.22 153.896 154.659 155.302 96.4808 171.135 -7.19285 154.098 190.013 -55.1731 189.563 182.604 -49.5074 216.026 179.419 -25.8211 232.56 175.895 12.3825 154.772 203.336 42.6119 15.2704 10.3926 11.6405 
178.837 161.632 162.298 162.331 161.881 177.496 156.31 153.938 154.736 155.336 96.7581 170.821 -7.15394 154.634 189.644 -55.2183 190.141 182.194 -49.5095 216.617 179.101 -25.7784 233.142 175.659 12.5008 155.211 203.036 42.5618 15.3268 10.4126 11.6867 
178.796 161.795 162.492 162.461 161.94 177.509 156.396 154.043 154.797 155.382 97.1644 170.705 -7.1389 155.245 189.484 -55.2021 190.816 181.984 -49.4415 217.218 178.904 -25.6521 233.694 175.52 12.6651 155.677 202.801 42.5999 15.3444 10.3893 11.7486 
178.777 161.945 162.528 162.432 161.914 177.528 156.504 154.047 154.711 155.349 97.6488 170.609 -7.23923 155.929 189.445 -55.2351 191.487 181.649 -49.344 217.743 178.462 -25.4673 234.188 175.186 12.8427 156.134 202.522 42.5921 15.3723 10.3448 11.8155 
178.741 161.882 162.249 162.149 161.694 177.565 156.441 153.757 154.383 155.062 98.237 170.506 -7.36103 156.719 189.502 -55.2653 192.234 181.285 -49.1653 218.363 177.977 -25.2005 234.748 174.742 13.0977 156.673 202.245 42.5064 15.4284 10.3386 11.9348 
178.756 161.989 162.136 161.997 161.554 177.629 156.52 153.526 154.042 154.761 98.8918 170.383 -7.38489 157.435 189.405 -55.3447 192.729 180.582 -49.0725 218.708 177.21 -25.0798 235.173 174.231 13.1645 157.25 201.987 42.4403 15.4674 10.2633 11.9645 
178.82 162.091 162.011 161.914 161.466 177.696 156.636 153.4 153.901 154.63 99.5164 170.016 -7.52591 158.104 189.082 -55.5325 193.216 179.845 -49.1208 219.141 176.483 -25.1025 235.658 173.715 13.1168 157.795 201.627 42.2524 15.505 10.2482 11.9816 
178.823 162.192 162.104 162.112 161.45 177.719 156.698 153.483 154.073 154.589 100.164 169.757 -7.53115 159.011 188.835 -55.5644 194.214 179.657 -49.0907 220.18 176.426 -25.0204 236.536 173.578 13.3104 158.461 201.333 42.1431 15.5623 10.319 12.0541 
178.869 162.215 162.021 162.043 161.399 177.665 156.567 153.312 154.007 154.617 100.981 169.829 -7.71107 159.915 188.786 -55.5367 194.985 179.51 -49.0304 220.965 176.269 -24.9204 237.317 173.402 13.4446 159.154 201.125 42.0683 15.6764 10.3838 12.0002 
178.936 162.326 161.946 161.818 161.334 177.657 156.538 153.04 153.66 154.519 101.901 170.029 -7.98419 160.824 188.909 -55.5948 195.52 179.038 -48.9739 221.341 175.677 -24.8713 237.918 173.084 13.4721 159.829 200.929 41.9722 15.855 10.3065 11.94 
178.944 162.497 161.966 161.808 161.313 177.66 156.586 152.916 153.559 154.422 102.795 170.131 -8.26314 161.79 188.659 -55.6854 196.178 178.49 -48.9788 221.983 175.247 -24.8909 238.61 172.828 13.4872 160.563 200.755 41.8193 15.9444 10.312 11.8381 
178.936 162.673 162.111 161.901 161.35 177.727 156.631 152.925 153.636 154.536 103.615 170.011 -8.53841 162.699 188.105 -55.7343 196.831 177.972 -49.01 222.693 174.906 -24.8914 239.394 172.605 13.5851 161.26 200.51 41.6651 16.1029 10.3796 11.6586 
178.942 162.901 162.43 162.29 161.47 177.735 156.754 153.146 153.96 154.751 104.466 170.13 -8.72061 163.691 187.721 -55.7188 197.793 177.751 -48.9831 223.692 174.796 -24.7922 240.301 172.468 13.8267 161.987 200.359 41.5995 16.2173 10.4595 11.568 
178.849 163.014 162.653 162.495 161.46 177.827 156.823 153.371 154.233 154.912 105.239 170.096 -9.01645 164.774 187.485 -55.752 199.036 177.832 -48.9609 224.849 174.876 -24.6922 241.206 172.411 14.0345 162.67 200.137 41.4896 16.2113 10.4659 11.5813 
178.822 163.047 162.56 162.262 161.333 177.905 156.743 153.175 153.984 154.832 105.993 169.988 -9.19443 165.708 187.313 -55.7262 199.729 177.513 -48.8693 225.374 174.47 -24.6047 241.796 172.182 14.0919 163.294 199.946 41.3922 16.2675 10.3697 11.4876 
178.972 162.967 162.42 161.968 161.161 177.942 156.586 152.971 153.654 154.615 106.647 169.825 -9.38146 166.285 186.855 -55.8239 200.078 176.909 -48.9595 225.593 173.788 -24.7385 242.127 171.679 13.861 163.875 199.699 41.1882 16.2701 10.275 11.3865 
179.012 162.922 162.382 161.845 161.001 178.004 156.504 152.926 153.512 154.341 107.165 169.57 -9.65061 166.928 186.175 -56.0269 200.646 176.311 -49.1327 226.125 173.181 -24.888 242.544 171.066 13.6657 164.514 199.394 40.9246 16.1641 10.2645 11.3147 
179.01 162.922 162.435 161.982 160.967 178.023 156.447 152.942 153.631 154.241 107.785 169.345 -9.81615 167.729 185.479 -56.0583 201.499 175.821 -49.1306 227.048 172.831 -24.8502 243.244 170.651 13.7318 165.23 199.145 40.7638 16.0816 10.3419 11.2919 
179.103 162.927 162.491 162.013 160.957 178.05 156.393 153.001 153.708 154.242 108.438 169.114 -10.0451 168.596 184.942 -56.0444 202.431 175.486 -49.089 227.97 172.568 -24.746 244.051 170.47 13.8544 165.942 198.889 40.652 16.061 10.3746 11.2928 
179.133 162.875 162.588 162.104 160.915 178.127 156.363 153.154 153.854 154.337 108.999 168.77 -10.3703 169.357 184.361 -56.1882 203.305 175.183 -49.2562 228.826 172.271 -24.8238 244.845 170.166 13.856 166.604 198.564 40.4159 16.0996 10.4026 11.2925 
179.372 162.709 162.466 161.981 160.876 178.195 156.26 153.128 153.797 154.322 109.4 168.049 -10.5378 169.646 183.361 -56.3395 203.641 174.422 -49.476 229.249 171.591 -25.0352 245.281 169.597 13.5571 167.099 198.105 40.1279 16.0252 10.4537 11.2604 
179.631 162.482 162.262 161.741 160.732 178.189 155.933 152.883 153.537 154.015 109.846 167.488 -10.7591 170.083 182.267 -56.3624 204.126 173.547 -49.4953 229.776 170.855 -25.0075 245.666 168.93 13.4886 167.586 197.677 39.912 15.8795 10.507 11.2443 
179.612 162.633 162.473 161.837 160.954 178.064 156.005 153.185 153.827 154.283 110.324 167.381 -11.0718 170.903 181.474 -56.4469 205.145 173.105 -49.5221 230.842 170.575 -24.8615 246.574 168.66 13.698 168.177 197.408 39.7504 15.8615 10.6027 11.2894 
179.493 162.792 162.855 162.031 161.304 178.029 156.243 153.745 154.274 154.783 110.581 167.256 -11.3899 171.694 181.093 -56.6544 206.338 173.097 -49.6689 231.98 170.524 -24.7662 247.584 168.537 13.9127 168.711 197.13 39.555 15.9141 10.6569 11.488 
179.704 162.418 162.832 162.036 161.399 178.153 156.162 153.967 154.438 155.041 111.025 166.232 -11.5723 172.368 180.16 -56.9678 207.654 172.752 -50.0025 233.271 169.938 -24.8935 248.642 167.61 13.8427 169.483 196.352 39.1491 15.8807 10.7406 11.8447 
179.794 162.132 162.667 161.848 161.295 178.241 155.824 153.72 154.224 154.814 111.079 165.744 -11.6371 172.523 179.739 -57.0151 207.984 172.667 -50.0681 233.602 169.756 -24.8747 248.792 167.229 13.8587 169.61 196.047 39.0241 15.7923 10.7876 11.927 
179.807 161.876 162.518 161.762 161.259 178.262 155.516 153.489 154.061 154.559 111.139 165.057 -11.6979 172.74 179.161 -57.1169 208.375 172.424 -50.1951 234.077 169.527 -24.9308 249.071 166.796 13.8036 169.865 195.648 38.858 15.6937 10.8761 12.0115 
179.751 161.837 162.568 161.77 161.277 178.275 155.355 153.37 154.009 154.463 111.365 164.764 -11.8092 173.118 178.608 -57.2169 208.742 172.071 -50.3183 234.497 169.208 -25.0032 249.393 166.415 13.7498 170.22 195.414 38.726 15.6428 10.9292 11.9663 
179.64 161.855 162.648 161.754 161.262 178.306 155.303 153.329 153.958 154.354 111.719 164.864 -12.0073 173.6 178.415 -57.3497 209.195 171.889 -50.4227 234.938 168.997 -25.0765 249.753 166.182 13.6371 170.669 195.294 38.6039 15.5671 10.94 11.9508 
179.408 161.995 162.801 161.852 161.338 178.297 155.43 153.434 154.022 154.336 112.138 165.041 -12.2464 174.215 178.49 -57.5785 209.804 171.892 -50.5941 235.469 168.893 -25.2074 250.189 166.039 13.4957 171.18 195.242 38.4699 15.5013 10.9099 11.9583 
179.157 162.083 162.863 161.812 161.331 178.314 155.524 153.493 154.037 154.321 112.488 165.158 -12.6605 174.815 178.574 -57.8852 210.394 171.882 -50.7965 235.979 168.695 -25.2888 250.564 165.682 13.4158 171.616 195.079 38.2429 15.4738 10.932 11.986 
178.881 162.431 163.102 161.966 161.553 178.208 155.962 153.951 154.469 154.743 112.749 164.991 -13.0085 175.451 178.484 -58.3327 211.153 171.759 -51.1277 236.714 168.464 -25.456 251.186 165.312 13.351 172.036 194.835 37.9147 15.5182 10.9842 12.0845 
178.858 162.72 163.183 162.082 161.716 178.124 156.254 154.188 154.786 155.029 112.992 164.759 -13.2644 175.89 178.082 -58.6377 211.572 171.427 -51.3948 237.194 168.154 -25.6668 251.597 164.888 13.2158 172.368 194.578 37.636 15.5472 11.0387 12.0523 
179.067 162.864 163.163 162.128 161.898 178.085 156.392 154.171 154.925 155.215 113.377 164.358 -13.5985 176.119 177.582 -58.9198 211.645 170.83 -51.6974 237.449 167.687 -25.9936 251.926 164.421 12.937 172.66 194.267 37.3071 15.6101 11.1361 11.9526 
179.305 162.827 163.072 162.128 161.95 177.992 156.26 153.918 154.952 155.29 113.778 164.092 -14.0186 176.304 176.79 -59.0785 211.555 170.016 -51.9205 237.599 167.196 -26.3034 252.161 163.974 12.6731 172.928 193.965 36.9845 15.68 11.2582 11.752 
179.477 162.802 162.953 162.095 162.023 177.922 156.137 153.722 154.941 155.304 114.057 163.831 -14.2081 176.4 176.223 -59.2004 211.442 169.39 -52.1149 237.688 166.813 -26.5916 252.37 163.649 12.4106 173.196 193.75 36.7391 15.7471 11.3462 11.6066 
179.54 162.753 162.788 161.919 161.994 177.901 156.017 153.548 154.857 155.257 114.332 163.737 -14.4924 176.734 175.968 -59.3725 211.632 169.072 -52.2765 237.954 166.537 -26.7221 252.691 163.381 12.3101 173.511 193.592 36.4799 15.8242 11.4161 11.5291 
179.419 162.75 162.661 161.688 161.909 177.92 155.896 153.41 154.687 155.086 114.548 163.984 -14.8142 177.265 175.965 -59.563 212.05 168.958 -52.3959 238.285 166.276 -26.7338 253.007 163.138 12.2853 173.912 193.55 36.2279 15.8653 11.4157 11.4918 
179.398 162.609 162.396 161.314 161.693 177.94 155.722 153.153 154.38 154.687 114.768 164.1 -15.2331 177.873 176.091 -59.8308 212.565 168.975 -52.5344 238.674 166.048 -26.6955 253.221 162.773 12.2929 174.299 193.446 35.8982 15.8659 11.4435 11.4921 
179.454 162.542 162.3 161.111 161.503 177.986 155.787 153.195 154.236 154.416 115.04 163.915 -15.4698 178.523 176.172 -60.0965 213.334 169.077 -52.6712 239.242 165.924 -26.6592 253.61 162.62 12.3003 174.669 193.303 35.592 15.8427 11.4152 11.6158 
179.681 162.544 162.32 161.345 161.494 178.073 155.838 153.349 154.445 154.311 115.742 163.412 -15.9872 179.292 175.811 -60.572 214.261 168.934 -53.1643 240.132 165.695 -27.1405 254.251 162.175 11.9029 175.356 192.962 35.0321 15.8177 11.4083 11.7 
179.736 162.579 162.386 161.534 161.503 178.117 155.892 153.435 154.562 154.276 116.023 163.305 -16.1683 179.616 175.684 -60.7158 214.649 168.917 -53.3226 240.489 165.64 -27.3257 254.469 161.98 11.7909 175.575 192.857 34.8872 15.7968 11.3789 11.7109 
179.833 162.642 162.401 161.638 161.599 178.182 156.014 153.481 154.568 154.257 116.374 162.966 -16.2834 179.841 175.652 -60.9653 214.87 168.743 -53.5725 240.657 165.369 -27.6391 254.691 161.732 11.5001 175.848 192.702 34.6961 15.7993 11.308 11.7295 
179.866 162.644 162.245 161.611 161.551 178.201 156.029 153.33 154.464 154.094 116.646 162.549 -16.4708 180.039 175.321 -61.1911 214.968 168.297 -53.7817 240.815 165.015 -27.9014 254.886 161.451 11.2774 176.084 192.497 34.4469 15.8171 11.3169 11.687 
179.856 162.653 162.09 161.431 161.454 178.185 155.951 153.093 154.213 153.874 116.914 162.396 -16.6398 180.253 175.03 -61.3521 214.965 167.801 -53.9148 240.832 164.582 -28.0603 255.018 161.177 11.1202 176.347 192.397 34.2513 15.8584 11.3159 11.5786 
179.825 162.619 161.883 161.266 161.306 178.129 155.811 152.787 153.949 153.634 117.179 162.592 -16.9778 180.49 174.743 -61.5294 214.936 167.227 -54.0482 240.858 164.108 -28.1812 255.126 160.858 10.9567 176.614 192.328 34.0111 15.8866 11.3629 11.4462 
179.705 162.502 161.703 161.022 161.064 178.093 155.608 152.473 153.587 153.228 117.277 162.859 -17.4274 180.818 174.532 -61.7544 215.013 166.833 -54.1838 240.895 163.72 -28.2349 255.118 160.503 10.8775 176.821 192.264 33.7447 15.8894 11.3891 11.3165 
179.654 162.404 161.556 160.718 160.792 178.052 155.43 152.198 153.162 152.728 117.438 163.148 -17.8712 181.227 174.539 -62.0082 215.231 166.64 -54.3245 240.997 163.418 -28.2498 255.082 160.164 10.7966 177.058 192.268 33.4694 15.8297 11.392 11.2432 
179.596 162.401 161.511 160.525 160.544 178.076 155.373 152.007 152.84 152.274 117.554 163.468 -18.2626 181.631 174.661 -62.2197 215.424 166.547 -54.4078 241.063 163.23 -28.2018 255.001 159.972 10.788 177.226 192.297 33.2717 15.7696 11.3863 11.166 
179.62 162.367 161.502 160.377 160.291 178.107 155.353 151.904 152.622 151.933 117.642 163.796 -18.6221 181.902 174.832 -62.4319 215.472 166.529 -54.5507 241.003 163.114 -28.2436 254.854 159.851 10.6966 177.325 192.344 33.0793 15.7343 11.3792 11.0658 
179.726 162.297 161.478 160.245 159.997 178.142 155.305 151.848 152.494 151.758 117.667 164 -18.9627 182.058 174.995 -62.6633 215.522 166.56 -54.7509 240.972 163.081 -28.3785 254.797 159.875 10.5023 177.382 192.355 32.8495 15.7051 11.3688 11.0331 
179.772 162.329 161.565 160.215 159.784 178.203 155.377 151.87 152.336 151.523 117.795 164.262 -19.3068 182.223 175.262 -62.9472 215.588 166.557 -54.9529 240.834 162.937 -28.5504 254.657 159.872 10.27 177.428 192.38 32.6336 15.658 11.2591 11.0478 
179.77 162.434 161.736 160.271 159.62 178.242 155.526 152.035 152.352 151.487 117.833 164.446 -19.5565 182.255 175.433 -63.2198 215.589 166.6 -55.2196 240.701 162.891 -28.8136 254.562 159.947 9.95907 177.463 192.455 32.4349 15.6173 11.1654 11.0508 
179.757 162.507 161.841 160.308 159.484 178.296 155.653 152.148 152.391 151.493 117.881 164.525 -19.8578 182.325 175.533 -63.4992 215.655 166.606 -55.472 240.665 162.912 -29.0844 254.541 160.105 9.64605 177.471 192.495 32.1759 15.5774 11.0866 11.0767 
179.763 162.563 161.986 160.475 159.533 178.336 155.773 152.381 152.622 151.753 117.86 164.598 -20.1084 182.22 175.571 -63.7742 215.635 166.714 -55.8051 240.634 163.066 -29.4978 254.571 160.34 9.21692 177.457 192.557 31.9094 15.5625 11.0322 11.1009 
179.761 162.623 162.119 160.669 159.726 178.359 155.919 152.615 152.864 152.149 117.907 164.615 -20.2341 182.022 175.749 -64.0634 215.529 166.823 -56.1601 240.507 163.234 -30.0061 254.635 160.711 8.63773 177.451 192.691 31.6501 15.5402 10.928 11.1716 
179.653 162.679 162.205 160.681 159.813 178.371 156.011 152.752 152.952 152.289 117.901 164.511 -20.3247 181.712 175.881 -64.3281 215.281 166.896 -56.5024 240.223 163.237 -30.4529 254.433 160.739 8.1312 177.412 192.792 31.4261 15.4849 10.8434 11.217 
179.718 162.666 162.347 160.852 159.944 178.365 156.061 152.979 153.232 152.556 117.897 164.344 -20.4526 181.355 175.894 -64.6129 215.063 167.093 -56.9594 240.062 163.447 -31.0421 254.283 160.826 7.53893 177.331 192.847 31.1328 15.4383 10.8039 11.2259 
179.729 162.594 162.454 161.085 160.196 178.324 155.981 153.157 153.54 152.903 117.862 164.18 -20.5017 180.89 175.747 -64.7892 214.764 167.244 -57.3892 239.899 163.682 -31.6646 254.185 160.936 6.92947 177.265 192.915 30.8827 15.4163 10.7844 11.2109 
179.761 162.449 162.369 161.133 160.384 178.266 155.789 153.118 153.663 153.136 117.844 163.999 -20.5867 180.476 175.674 -64.9957 214.476 167.392 -57.8016 239.803 163.936 -32.2397 254.19 161.102 6.36141 177.234 193.005 30.5816 15.4363 10.8229 11.2133 
179.747 162.334 162.303 161.077 160.427 178.211 155.644 153.065 153.692 153.17 117.85 163.855 -20.7568 180.247 175.639 -65.2128 214.266 167.581 -58.1653 239.665 164.154 -32.718 254.055 161.205 5.87363 177.201 193.082 30.2932 15.4095 10.817 11.1547 
179.744 162.3 162.26 161.054 160.53 178.15 155.57 153.036 153.692 153.219 117.866 163.744 -20.9736 180.056 175.702 -65.5137 214.073 167.732 -58.585 239.51 164.305 -33.2614 253.973 161.347 5.31073 177.199 193.179 29.9696 15.3839 10.7739 11.1155 
179.696 162.268 162.289 161.126 160.62 178.144 155.525 153.106 153.842 153.42 117.875 163.689 -21.3447 179.946 175.634 -65.8391 213.955 167.865 -59.0292 239.443 164.447 -33.7681 253.944 161.449 4.79184 177.181 193.195 29.6095 15.3733 10.7743 11.0412 
179.591 162.277 162.314 161.092 160.627 178.159 155.475 153.098 153.854 153.363 117.921 163.866 -21.8584 179.987 175.65 -66.1629 213.911 168.038 -59.4057 239.367 164.57 -34.1813 253.767 161.43 4.35671 177.194 193.238 29.2623 15.3044 10.7441 10.9376 
179.458 162.366 162.444 161.143 160.755 178.206 155.556 153.226 153.923 153.232 117.959 163.981 -22.2849 180.159 175.772 -66.5581 214.021 168.308 -59.8486 239.379 164.681 -34.6275 253.544 161.303 3.90426 177.27 193.307 28.9073 15.1681 10.6764 10.8453 
179.411 162.365 162.364 160.934 160.796 178.22 155.557 153.16 153.742 152.927 118.018 164.011 -22.6143 180.39 176.099 -66.9281 214.189 168.579 -60.1872 239.358 164.715 -34.9626 253.304 161.154 3.49096 177.353 193.404 28.544 15.0103 10.5684 10.8214 
179.469 162.367 162.197 160.566 160.655 178.264 155.456 152.968 153.444 152.549 118.219 164.082 -23.1157 180.616 176.352 -67.3141 214.253 168.719 -60.5347 239.242 164.658 -35.2987 253.032 161.031 3.05905 177.454 193.478 28.1451 14.8681 10.4732 10.746 
179.471 162.423 162.065 160.346 160.529 178.271 155.424 152.808 153.23 152.252 118.388 164.042 -23.4554 180.748 176.609 -67.6881 214.266 168.823 -60.8653 239.146 164.608 -35.6454 252.87 160.997 2.66374 177.572 193.614 27.7564 14.7978 10.4071 10.7194 
179.482 162.471 161.991 160.175 160.551 178.247 155.409 152.712 153.049 152.016 118.621 164.116 -23.8074 180.967 176.851 -68.0214 214.382 168.868 -61.1438 239.12 164.482 -35.9107 252.724 160.86 2.31753 177.746 193.751 27.4239 14.6735 10.3352 10.7085 
179.501 162.448 161.973 160.208 160.651 178.225 155.431 152.722 153.078 151.903 118.793 164.184 -24.2159 181.205 177.274 -68.4191 214.587 169.172 -61.5045 239.247 164.598 -36.2166 252.644 160.778 2.03049 177.846 193.853 27.061 14.6173 10.3324 10.7293 
179.491 162.431 161.881 160.132 160.556 178.232 155.328 152.616 153.041 151.69 118.981 164.426 -24.7289 181.495 177.484 -68.8358 214.813 169.345 -61.8904 239.452 164.717 -36.5665 252.663 160.725 1.74311 178.028 193.985 26.6308 14.6115 10.3486 10.7027 
179.486 162.291 161.677 159.868 160.371 178.217 155.092 152.368 152.849 151.387 119.117 164.588 -25.2396 181.649 177.554 -69.2101 214.842 169.386 -62.2576 239.492 164.734 -36.8968 252.633 160.682 1.44874 178.193 194.11 26.1753 14.6515 10.3882 10.6376 
179.549 162.096 161.44 159.445 160.274 178.212 154.851 152.135 152.51 150.88 119.168 164.698 -25.7179 181.715 177.744 -69.6948 214.84 169.512 -62.7211 239.4 164.652 -37.2946 252.33 160.391 1.03843 178.334 194.249 25.6921 14.591 10.385 10.6185 
179.592 162.042 161.355 159.25 160.064 178.225 154.779 152.041 152.303 150.443 119.315 164.886 -26.3025 181.868 177.985 -70.2435 214.901 169.593 -63.2148 239.332 164.584 -37.7512 252.143 160.256 0.574608 178.473 194.36 25.1959 14.5433 10.337 10.6054 
179.585 162.097 161.511 159.459 160.061 178.255 154.87 152.263 152.452 150.427 119.379 164.991 -26.6109 181.903 178.173 -70.7498 215.089 169.785 -63.7611 239.473 164.693 -38.3005 252.226 160.306 0.0727434 178.639 194.519 24.7839 14.5265 10.2971 10.6889 
