162.261 170.687 170.944 172.391 170.094 158.023 169.941 171.078 173.674 172.114 207.762 200.577 81.0904 195.803 148.195 18.8887 170.211 130.963 9.89666 136.792 129.342 12.9126 103.539 143.138 31.1603 137.382 212.167 69.9544 11.0801 8.44943 7.44352 
162.429 170.92 171.075 172.532 170.099 158.14 170.168 171.261 173.811 172.126 207.596 200.636 80.9372 195.297 147.968 18.8225 169.716 130.741 9.99839 136.341 129.19 13.1365 103.272 143.056 31.3608 137.036 212.076 69.9997 10.9329 8.41539 7.40887 
162.533 171.127 171.18 172.641 170.105 158.2 170.341 171.388 173.937 172.117 207.349 200.64 80.8508 194.824 147.867 18.7902 169.387 130.746 10.0901 136.064 129.327 13.2996 103.151 143.245 31.5276 136.848 212.14 70.1209 10.8186 8.36767 7.25854 
162.801 171.223 171.264 172.692 170.07 158.376 170.455 171.469 174.007 172.042 207.178 200.495 80.6704 194.073 147.622 18.7865 168.8 130.631 10.272 135.52 129.434 13.5431 102.813 143.502 31.775 136.634 212.248 70.2067 10.6919 8.33183 7.07174 
163.006 171.298 171.318 172.715 170.064 158.476 170.521 171.496 174.021 172.003 206.964 200.295 80.5756 193.369 147.408 18.6743 168.325 130.516 10.3286 135.111 129.467 13.685 102.575 143.623 31.9147 136.423 212.307 70.2726 10.5621 8.27839 6.84693 
163.13 171.292 171.303 172.66 169.965 158.641 170.533 171.453 173.979 171.871 206.86 200.083 80.5225 192.839 147.232 18.5835 167.921 130.412 10.4223 134.705 129.448 13.8669 102.289 143.644 32.131 136.29 212.299 70.3588 10.5165 8.28299 6.71092 
163.471 171.318 171.266 172.577 169.756 159.019 170.582 171.424 173.957 171.675 206.857 200.152 80.6315 192.202 147.335 18.7155 167.383 130.616 10.7671 134.162 129.781 14.2954 101.776 144.066 32.5904 136.094 212.536 70.6518 10.5889 8.29857 6.60003 
163.943 171.42 171.282 172.532 169.531 159.524 170.684 171.386 173.903 171.494 207.009 200.274 80.7184 191.592 147.333 18.7282 166.913 130.761 11.0427 133.568 129.962 14.7548 101.244 144.374 33.2109 135.964 212.81 70.9117 10.65 8.40565 6.42572 
164.377 171.446 171.195 172.46 169.195 159.922 170.715 171.289 173.849 171.243 207.137 200.422 80.7616 190.905 147.301 18.9742 166.185 130.83 11.5095 132.692 130.128 15.4043 100.488 144.742 34.0811 135.867 213.145 71.2736 10.7364 8.53484 6.37791 
164.816 171.432 171.068 172.407 168.876 160.258 170.654 171.098 173.777 171.102 207.233 200.492 80.7951 190.392 147.282 19.2094 165.672 130.865 11.9752 132.023 130.187 16.0003 100.016 144.927 34.8911 135.842 213.437 71.6128 10.7159 8.66959 6.31927 
165.102 171.453 171.014 172.354 168.642 160.64 170.573 170.94 173.662 171.021 207.448 200.624 80.9432 190.198 147.288 19.546 165.396 130.938 12.4073 131.562 130.299 16.5239 99.7372 145.165 35.5238 135.964 213.73 71.9234 10.6869 8.8129 6.32135 
165.252 171.566 171.115 172.427 168.617 160.684 170.576 170.992 173.668 171.096 207.429 200.684 81.0704 190.326 147.219 19.8589 165.583 130.841 12.71 131.711 130.216 16.8959 100.012 145.099 35.9256 136.105 213.772 72.1843 10.5794 8.81911 6.27961 
165.396 171.725 171.294 172.613 168.639 160.607 170.664 171.132 173.67 171.156 207.213 200.607 81.1813 190.745 147.062 20.1866 166.12 130.573 13.0083 132.295 129.898 17.1832 100.688 144.735 36.1828 136.246 213.599 72.3432 10.4085 8.75034 6.25161 
165.28 171.904 171.579 172.967 169.204 160.199 170.782 171.323 173.694 171.426 206.747 200.366 81.33 191.138 146.789 20.4707 166.807 130.052 13.2203 133.175 129.286 17.3327 101.567 144.03 36.1629 136.282 213.23 72.4751 10.1783 8.56383 6.1434 
164.876 171.907 171.715 173.208 169.667 159.579 170.764 171.347 173.588 171.409 206.291 200.267 81.6951 191.869 146.797 20.8493 167.771 129.757 13.4386 134.4 128.795 17.3601 102.602 143.357 35.9617 136.381 212.843 72.7197 10.0526 8.33544 6.12795 
164.485 172.007 172.005 173.539 170.233 158.788 170.877 171.525 173.545 171.333 205.762 200.205 82.0574 192.608 146.773 21.3025 168.843 129.393 13.6723 135.889 128.271 17.4203 103.927 142.729 35.6275 136.479 212.449 72.9594 9.80616 7.98201 6.07356 
164.058 172.031 172.214 173.809 170.807 158.039 170.896 171.571 173.438 171.161 205.14 200.066 82.6768 193.536 147.091 21.8284 170.114 129.393 13.9449 137.711 128.034 17.3504 105.53 142.26 34.9701 136.58 212.09 73.2372 9.53329 7.55091 6.07017 
163.516 172.096 172.372 173.946 171.065 157.1 170.992 171.659 173.454 171.133 204.586 200.08 82.9876 194.024 147.284 22.2447 170.85 129.393 14.2933 139.001 127.917 17.5453 106.72 142.04 34.6553 136.569 211.836 73.598 9.26756 7.13513 6.06361 
163.13 172.261 172.575 174.186 171.511 156.167 171.111 171.826 173.659 171.453 204.08 200.027 82.9827 194.302 147.181 22.3768 171.69 129.237 14.4705 140.54 127.528 17.6698 108.364 141.389 34.4069 136.54 211.387 73.8814 8.78498 6.63267 5.77129 
162.958 172.458 172.77 174.499 172.117 155.39 171.234 171.94 173.853 171.82 203.614 199.908 82.8673 194.591 147.181 22.4198 172.778 129.284 14.5931 142.346 127.3 17.6952 110.398 140.869 33.9223 136.628 211.028 74.0863 8.16629 6.12904 5.32169 
162.757 172.433 172.803 174.738 172.6 154.472 171.109 171.924 174.01 172.004 203.652 199.561 82.8444 195.212 146.712 22.8471 174.233 128.927 15.1566 144.772 126.78 18.1509 113.18 140.062 33.6474 137.191 210.281 74.4894 7.43929 5.4496 4.86053 
162.76 172.316 172.713 174.778 172.781 154.211 170.871 171.739 174.011 172.002 203.712 199.227 82.8762 195.308 146.535 23.0977 174.715 128.949 15.4048 145.742 126.86 18.2503 114.393 140.023 33.2378 137.439 209.994 74.5923 7.08327 5.10123 4.62586 
162.79 172.292 172.63 174.809 172.992 153.754 170.771 171.581 173.933 171.903 203.516 198.965 83.3254 195.484 146.693 23.5764 175.283 129.121 15.9376 146.883 127.048 18.6159 115.638 140.084 33.21 137.683 209.839 75.0284 6.79842 4.68923 4.53634 
162.711 172.243 172.508 174.744 172.902 153.387 170.732 171.502 173.831 171.602 203.521 198.871 83.9907 196.062 146.945 24.0571 175.909 129.256 16.3346 147.97 127.198 18.9299 116.691 140.016 33.228 137.967 209.563 75.3721 6.6808 4.34687 4.68644 
162.833 172.315 172.61 174.908 173.214 153.16 170.802 171.517 173.877 171.609 203.466 199.024 84.9327 196.336 147.418 24.9633 176.431 129.67 17.1067 148.977 127.771 19.3459 117.683 140.589 33.1641 138.166 209.73 75.9514 6.50466 3.97982 4.74094 
162.83 172.282 172.659 174.908 173.265 153.156 170.763 171.544 173.859 171.629 203.727 199.232 85.6439 196.343 147.331 25.6117 176.519 129.612 17.6156 149.011 127.76 19.7695 117.764 140.634 33.5046 138.33 209.812 76.4234 6.47724 4.01181 4.65903 
162.942 172.23 172.714 174.948 173.441 153.234 170.686 171.541 173.853 171.774 204.172 199.195 86.1065 195.976 146.802 26.093 176.237 129.145 18.0627 148.68 127.44 20.1637 117.581 140.521 33.8797 138.547 209.809 76.7924 6.41752 4.03904 4.53999 
163.121 172.275 172.825 174.999 173.605 153.323 170.778 171.655 173.936 172.04 204.623 199.184 86.4982 195.717 146.455 26.5553 175.937 128.858 18.5133 148.185 127.293 20.6607 117.318 140.607 34.4571 138.848 209.985 77.1725 6.34429 4.17137 4.45709 
163.463 172.34 172.888 175.038 173.761 153.681 170.918 171.788 174.006 172.291 205.363 199.232 86.7477 195.485 146.1 26.8451 175.629 128.674 18.7856 147.557 127.245 21.0845 116.931 140.786 35.0349 139.22 210.234 77.5187 6.30738 4.39228 4.32227 
163.796 172.386 172.974 175.027 173.867 153.871 170.899 171.937 173.939 172.462 206.082 198.998 86.6807 195.405 145.401 26.847 175.522 128.195 18.7373 147.091 126.786 21.3148 116.791 140.367 35.552 139.692 210.163 77.5921 6.19785 4.64542 4.09707 
164.003 172.451 173.05 174.919 173.845 153.991 170.925 172.052 173.71 172.594 206.719 198.942 86.7176 195.483 145.016 27.0701 175.425 127.912 18.8851 146.659 126.588 21.7759 116.498 140.213 36.1872 140.144 210.217 77.7714 6.27558 4.87332 4.03124 
164.153 172.461 173.047 174.718 173.85 154.155 170.968 172.166 173.427 172.535 207.446 198.87 86.6719 195.524 144.511 27.1872 175.088 127.43 18.947 145.958 126.309 22.3006 115.538 139.935 37.0289 140.529 210.154 77.8566 6.79093 5.11362 4.08839 
164.143 172.36 172.952 174.458 173.999 154.269 170.929 172.164 173.02 171.849 207.972 198.851 86.7121 195.621 144.282 27.3044 174.698 127.117 19.0072 145.321 126.194 22.8924 114.107 139.716 38.0726 140.821 210.133 77.8897 7.82317 5.28142 4.29845 
164.152 172.404 172.917 174.422 173.88 154.355 171.051 172.223 172.944 171.622 208.348 198.738 86.7047 195.838 144.159 27.3619 174.439 126.955 19.0831 145.013 126.224 23.2779 113.317 139.696 38.7785 141.122 210.113 77.9342 8.49787 5.31535 4.55523 
164.132 172.456 172.921 174.44 173.262 154.333 171.163 172.33 173.021 171.926 208.582 198.546 86.5692 195.888 143.913 27.257 174.067 126.716 19.0104 144.606 126.15 23.4509 112.708 139.63 39.2176 141.373 210.021 77.8753 8.92205 5.34871 4.76114 
164.076 172.444 172.842 174.357 172.565 154.336 171.232 172.278 172.994 172.131 208.74 198.351 86.543 195.893 143.76 27.1764 173.594 126.491 19.0075 144.124 126.031 23.6521 112.082 139.569 39.6226 141.524 209.929 77.8588 9.28357 5.37549 5.05344 
163.954 172.455 172.764 174.251 172.21 154.33 171.362 172.253 173.004 172.215 208.959 198.44 86.6583 195.965 143.875 27.1286 173.2 126.501 19.0214 143.754 126.186 23.8052 111.411 139.816 39.9677 141.678 210.079 77.9329 9.74153 5.36642 5.36834 
163.937 172.452 172.684 174.227 172.168 154.454 171.425 172.177 172.938 172.175 209.302 198.382 86.6782 196.089 143.884 26.9866 173.023 126.478 18.9779 143.516 126.289 23.8525 110.936 140.014 40.1796 141.884 210.174 77.9304 10.0876 5.41072 5.55902 
163.952 172.352 172.539 174.151 172.113 154.574 171.356 172.053 172.821 172.058 209.529 198.362 86.758 196.064 143.927 27.0831 172.71 126.507 19.1393 143.111 126.481 24.0816 110.348 140.323 40.5225 141.996 210.349 77.9594 10.4158 5.47982 5.73159 
164.004 172.277 172.479 174.211 172.163 154.62 171.23 171.951 172.726 172.099 209.731 198.266 86.6743 196.038 143.834 27.1157 172.562 126.462 19.2226 142.829 126.483 24.1838 110.195 140.501 40.6384 142.196 210.482 77.9133 10.3902 5.58902 5.77632 
163.943 172.315 172.564 174.341 172.335 154.572 171.265 171.973 172.712 172.18 209.899 198.36 86.8514 196.18 143.965 27.224 172.646 126.581 19.3264 142.878 126.626 24.2606 110.278 140.849 40.7011 142.458 210.753 77.9963 10.3708 5.61708 5.81935 
164.016 172.348 172.669 174.476 172.585 154.602 171.212 172.011 172.671 172.279 210.122 198.36 86.7443 196.203 143.887 27.1418 172.644 126.532 19.236 142.83 126.544 24.2205 110.273 140.962 40.7038 142.671 210.931 77.9607 10.3341 5.65907 5.79788 
164.016 172.33 172.729 174.488 172.694 154.55 171.163 172.002 172.6 172.235 210.295 198.635 86.6967 196.376 144.136 27.128 172.873 126.741 19.1915 142.966 126.656 24.1588 110.406 141.199 40.6184 142.879 211.218 77.9624 10.3089 5.73395 5.77693 
163.817 172.408 172.83 174.495 172.935 154.262 171.2 172.071 172.621 172.262 210.291 198.97 86.6928 196.69 144.402 27.194 173.361 126.977 19.1736 143.489 126.719 23.9989 111.022 141.297 40.3015 143.067 211.444 77.9266 10.0835 5.71448 5.69856 
163.632 172.408 172.834 174.447 172.994 154.112 171.154 172.034 172.519 172.085 210.314 199.059 86.517 196.988 144.525 27.0942 173.773 127.077 19.0254 143.891 126.701 23.7906 111.503 141.239 39.9911 143.186 211.501 77.7145 9.9109 5.72635 5.66269 
163.113 172.313 172.69 174.239 172.771 153.676 171.019 171.822 172.227 171.66 210.241 199.306 86.3734 197.646 144.967 26.9208 174.398 127.26 18.829 144.472 126.619 23.4059 112.268 141.142 39.4309 143.349 211.586 77.364 9.60162 5.77582 5.8464 
162.811 172.143 172.536 174.058 172.41 153.564 170.863 171.656 172.061 171.313 210.353 199.555 86.2692 198.113 145.291 26.6573 174.805 127.415 18.5922 144.784 126.613 23.1089 112.574 141.019 39.1113 143.447 211.552 77.0799 9.58148 5.85489 5.97911 
162.56 171.976 172.346 173.839 172.212 153.388 170.597 171.399 171.889 171.095 210.415 199.564 85.9708 198.449 145.241 26.3746 175.167 127.189 18.3361 145.119 126.153 22.7258 113.03 140.442 38.6905 143.519 211.28 76.7753 9.38637 5.88332 6.02762 
162.303 171.836 172.112 173.609 172.038 153.188 170.398 171.137 171.665 170.718 210.354 199.546 86.0067 199.021 145.409 26.345 175.806 127.202 18.2812 145.802 126.054 22.4547 113.694 140.14 38.21 143.656 211.082 76.5335 9.28487 5.84605 6.09812 
162.244 171.677 171.891 173.41 172.044 153.119 170.123 170.839 171.415 170.409 210.365 199.641 86.1795 199.427 145.611 26.4913 176.44 127.287 18.3775 146.55 126.062 22.2952 114.345 139.953 37.7692 143.765 210.972 76.4217 9.22426 5.75284 6.05164 
162.17 171.561 171.762 173.304 172.082 152.989 169.885 170.636 171.266 170.208 210.285 199.678 86.2713 199.698 145.711 26.5328 177.044 127.302 18.3713 147.276 125.963 22.0378 115.124 139.681 37.2446 143.82 210.786 76.3012 9.00468 5.65692 5.92455 
162.241 171.482 171.668 173.252 172.198 153.032 169.686 170.475 171.112 169.983 210.447 199.654 86.2238 199.954 145.766 26.552 177.606 127.383 18.2976 147.892 126.022 21.7865 115.732 139.653 36.7663 144.008 210.702 76.1991 8.8896 5.60332 5.75922 
162.432 171.439 171.583 173.174 172.335 153.198 169.551 170.35 170.914 169.629 210.561 199.597 86.0474 200.07 145.758 26.5384 178.044 127.503 18.2519 148.384 126.105 21.6311 116.2 139.639 36.3644 144.064 210.577 76.0841 8.80593 5.56056 5.55522 
162.556 171.401 171.602 173.186 172.515 153.41 169.527 170.368 170.846 169.218 210.68 199.571 86.0715 200.005 145.807 26.4749 178.211 127.626 18.2303 148.522 126.289 21.637 116.288 139.758 36.2943 144.057 210.506 76.0746 8.84034 5.57087 5.42724 
162.689 171.404 171.672 173.284 172.797 153.572 169.54 170.426 170.812 168.942 210.736 199.462 86.0539 199.803 145.726 26.4581 178.176 127.648 18.2404 148.446 126.371 21.7081 116.252 139.861 36.2966 144.031 210.449 76.0498 8.82394 5.59958 5.31479 
162.839 171.418 171.707 173.391 172.921 153.642 169.56 170.468 170.818 168.873 210.744 199.318 86.0553 199.582 145.564 26.5194 178.153 127.599 18.3528 148.426 126.395 21.7664 116.362 139.891 36.2262 144.052 210.322 76.0505 8.72332 5.59581 5.1915 
162.969 171.452 171.767 173.519 172.96 153.729 169.63 170.546 170.895 168.953 210.87 199.228 86.1705 199.453 145.407 26.5962 178.134 127.493 18.5075 148.39 126.366 21.933 116.349 139.914 36.3555 144.16 210.214 76.1647 8.74865 5.60662 5.13293 
163.098 171.503 171.802 173.616 172.929 153.837 169.712 170.599 170.96 169.164 211.005 199.059 86.302 199.448 145.19 26.6798 178.14 127.249 18.6696 148.422 126.13 22.1397 116.406 139.717 36.5741 144.224 210.006 76.2868 8.73735 5.59157 5.14072 
163.239 171.586 171.899 173.734 172.973 153.981 169.896 170.74 171.023 169.312 211.281 199.088 86.5834 199.508 145.099 26.7832 178.124 127.154 18.8082 148.431 126.029 22.3938 116.346 139.723 36.9094 144.363 209.93 76.5352 8.82678 5.58654 5.18822 
163.458 171.656 171.978 173.846 173.151 154.3 170.094 170.913 171.069 169.262 211.63 199.103 87.0022 199.303 144.941 27.099 177.763 127.06 19.147 148.039 126.133 22.9395 115.845 139.971 37.5932 144.406 209.944 76.9219 9.04396 5.60424 5.22636 
163.805 171.791 172.185 173.965 173.556 154.571 170.354 171.205 171.269 169.406 211.992 199.209 87.4178 199.361 145 27.4758 177.795 127.251 19.4023 148.112 126.391 23.3303 115.897 140.326 38.0266 144.589 210.127 77.3767 9.0695 5.57678 5.15112 
164.345 172.135 172.607 174.264 174.298 154.713 170.784 171.773 171.798 169.957 212.563 199.225 87.949 199.688 144.734 28.129 178.303 127.235 19.8608 148.725 126.41 23.8585 116.623 140.355 38.5242 145.098 210.104 78.1343 8.90271 5.4935 4.87041 
164.56 172.199 172.808 174.339 174.466 154.932 170.852 172.019 172.03 170.143 213.023 199.28 88.1774 200.003 144.646 28.1303 178.594 127.215 19.8096 148.835 126.345 23.9694 116.81 140.232 38.8326 145.4 210.159 78.3931 8.85869 5.61735 4.78538 
164.737 172.126 172.885 174.248 174.418 155.137 170.807 172.154 172.09 170.07 213.682 199.303 88.5782 200.638 144.633 28.4108 179.098 127.245 19.8663 149.095 126.417 24.1546 117.103 140.285 39.1703 145.862 210.249 78.7019 8.8665 5.7669 4.76493 
164.724 171.841 172.788 173.97 174.179 155.31 170.537 172.064 171.851 169.743 214.224 198.985 89.049 201.244 144.581 28.6357 179.477 127.131 19.9593 148.995 126.338 24.3989 117.057 140.141 39.5883 146.31 210.16 78.9196 8.95719 6.09805 4.87675 
164.806 171.628 172.661 173.626 173.788 155.85 170.409 171.918 171.612 169.43 215.06 198.828 89.8955 201.817 144.96 29.1355 179.697 127.488 20.3074 148.591 126.805 24.8473 116.701 140.775 40.1198 146.892 210.574 79.4014 9.10995 6.54153 5.09126 
164.933 171.334 172.483 173.259 173.251 156.47 170.147 171.723 171.286 169.257 216.011 198.734 90.8147 202.553 145.342 29.8276 180.071 127.856 20.7042 148.304 127.241 25.2724 116.55 141.393 40.5159 147.547 211.023 79.8721 9.14297 7.0121 5.30779 
164.883 171.019 172.291 172.837 172.686 156.69 169.873 171.523 171.064 169.107 216.567 199.069 92.008 203.437 146.196 30.8321 180.816 128.598 21.4704 148.683 127.967 25.8491 116.981 142.159 40.882 148.046 211.597 80.5293 9.10847 7.2672 5.48014 
164.753 170.935 172.18 172.563 172.29 156.682 169.714 171.343 171.029 169.224 216.9 199.62 92.8013 203.985 147.015 31.7641 181.478 129.385 22.3747 149.177 128.782 26.5245 117.612 142.981 41.3556 148.383 212.25 81.2093 8.95604 7.37255 5.44953 
164.527 170.945 172.111 172.324 171.985 156.592 169.651 171.241 171.125 169.438 217.032 200.003 93.6482 204.361 147.635 32.6724 181.896 129.956 23.3209 149.502 129.462 27.2939 118.022 143.66 41.997 148.577 212.77 81.89 8.8802 7.42013 5.46674 
164.396 170.936 172.008 172.046 171.666 156.576 169.525 171.078 171.172 169.558 217.308 200.441 94.2945 204.557 148.276 33.3533 182.027 130.544 24.0931 149.497 130.154 28.0259 118.025 144.399 42.8197 148.803 213.39 82.5609 8.95877 7.51407 5.50989 
164.326 171.077 171.992 171.827 171.293 156.631 169.582 171.076 171.396 169.751 217.419 200.603 94.7502 204.454 148.718 33.7995 181.825 131.004 24.7326 149.151 130.811 28.7232 117.671 145.093 43.7329 148.852 213.9 83.15 9.11077 7.61064 5.54542 
164.351 171.236 172.102 171.649 170.943 156.827 169.692 171.213 171.593 169.859 217.815 200.712 95.3633 204.416 148.811 34.4674 181.593 131.253 25.3208 148.674 131.363 29.3813 117.205 145.726 44.603 149.037 214.381 83.7011 9.27067 7.76956 5.57391 
164.517 171.398 172.181 171.56 170.536 157.059 169.77 171.307 171.702 169.777 218.062 200.21 95.8641 204.236 148.397 35.018 181.204 131.026 25.7822 147.998 131.442 29.9556 116.646 145.973 45.4745 149.212 214.559 84.0972 9.34431 7.95813 5.59168 
164.631 171.583 172.319 171.628 170.24 157.043 169.956 171.493 171.897 169.744 218.167 199.766 96.221 204.146 147.957 35.3041 180.982 130.721 25.9808 147.533 131.345 30.2528 116.234 146.013 46.0841 149.358 214.581 84.4062 9.41528 8.11052 5.59144 
164.836 171.779 172.456 171.763 169.901 157.209 170.169 171.704 172.145 169.806 218.464 199.369 96.2911 204.071 147.601 35.3505 180.74 130.553 26.0285 146.985 131.328 30.5339 115.804 146.107 46.7711 149.623 214.628 84.7058 9.49477 8.32797 5.59012 
165.12 171.894 172.55 172.012 169.602 157.435 170.26 171.822 172.417 169.881 218.858 199.179 96.5618 204.244 147.654 35.6411 180.753 130.733 26.3017 146.741 131.616 30.866 115.663 146.459 47.4208 150.083 214.882 85.1249 9.57229 8.52629 5.62993 
165.42 171.991 172.751 172.329 169.048 157.531 170.311 171.99 172.812 169.739 219.505 199.112 97.4353 205.101 147.763 36.2311 181.494 130.753 26.8581 147.106 131.84 31.3907 116.072 146.602 48.3554 150.796 214.994 85.9242 9.65817 8.76267 5.72181 
165.553 171.929 172.683 172.539 168.829 157.59 170.168 171.871 172.923 169.503 219.42 198.972 97.7234 205.347 147.956 36.4048 181.732 130.828 27.1741 147.206 132.024 31.6056 116.231 146.652 48.7492 150.915 214.985 86.2582 9.67051 8.84976 5.78055 
165.479 171.887 172.592 172.726 168.911 157.496 169.934 171.612 172.86 169.246 219.289 198.784 98.1993 205.597 148.141 36.8799 182.128 130.925 27.7651 147.632 132.177 31.9186 116.711 146.735 48.9102 151.113 214.953 86.6455 9.58283 8.82717 5.75409 
165.354 172.101 172.69 172.957 169.269 157.18 170.053 171.651 173.039 169.464 218.941 198.492 98.3731 205.467 148.045 37.1151 182.387 130.828 28.264 148.082 132.139 32.3602 117.236 146.667 49.2621 151.186 214.846 86.9985 9.45429 8.68166 5.50253 
165.312 172.317 172.949 173.292 169.445 156.911 170.325 171.948 173.322 169.706 218.812 198.345 98.516 205.102 147.503 37.2996 182.158 130.29 28.4405 148.123 131.776 32.6512 117.381 146.508 49.5513 151.147 214.681 87.3068 9.29375 8.45041 5.35438 
165.123 172.461 173.089 173.559 169.581 156.708 170.455 172.064 173.417 169.831 218.787 198.1 98.8128 204.736 146.866 37.4636 181.996 129.6 28.5847 148.193 131.208 32.8138 117.5 146.157 49.6982 151.195 214.466 87.5068 9.16097 8.25311 5.1766 
165.106 172.59 173.193 173.838 169.705 156.815 170.619 172.226 173.483 169.896 218.985 197.975 99.2867 204.197 146.242 38.0245 181.426 129.102 28.9611 147.549 131.015 33.2603 116.913 146.326 50.1462 151.269 214.562 87.9048 9.19574 8.28859 5.06768 
165.143 172.839 173.314 174.052 170.144 156.671 170.898 172.399 173.547 170.143 219.19 198.19 99.846 204.101 146.014 38.7176 181.445 128.885 29.4632 147.774 130.972 33.6793 117.21 146.543 50.3409 151.518 214.769 88.325 9.03795 8.11554 4.9545 
164.972 172.911 173.412 174.157 171.221 156.139 170.49 172.035 173.409 170.665 219.219 199.179 99.5061 204.243 146.817 39.3043 181.656 129.354 30.1016 148.489 131.096 34.3319 117.588 146.487 50.6407 151.915 215.068 88.6811 9.31723 7.82946 4.96065 
164.659 172.924 173.338 174.342 171.883 155.951 170.101 171.602 173.244 170.829 219.222 199.823 99.1549 204.269 147.445 39.9379 181.658 129.885 30.8322 148.645 131.407 35.066 117.476 146.708 51.2088 152.314 215.511 89.0796 9.64898 7.79492 4.96596 
164.268 173.016 173.198 174.539 172.468 155.633 169.866 171.25 173.156 170.997 219.002 200.233 98.9563 204.451 147.953 40.5023 182.005 130.246 31.5176 148.936 131.478 35.7028 117.542 146.606 51.7095 152.572 215.753 89.3687 9.88928 7.89221 4.88883 
163.843 173.066 173.004 174.719 172.858 155.354 169.615 170.876 173.077 171.049 218.681 200.445 98.7022 204.592 148.428 40.8737 182.284 130.62 32.0599 149.124 131.632 36.1795 117.661 146.614 52.0752 152.829 215.975 89.6217 9.99207 8.01162 4.82789 
163.285 172.987 172.805 174.75 173.007 155.105 169.23 170.487 172.913 170.884 218.338 200.784 98.8042 205.002 149.172 41.5887 182.796 131.24 32.85 149.571 132.089 36.8576 118.058 146.909 52.5532 153.18 216.419 89.9832 10.0689 8.10319 4.81301 
