151.155 175.619 135.548 150.858 131.062 150.812 155.583 149.507 153.166 108.793 -267.036 225.174 -38.7526 -260.87 189.128 -87.9952 -240.847 175.051 -94.3522 -212.522 177.098 -98.5173 -188.059 184.683 -64.0091 -213.585 236.119 -32.5386 21.8254 7.32058 9.86606 
152.334 179.572 135.327 155.305 130.122 152.142 153.773 147.539 153.342 110.168 -267.755 226.205 -40.4512 -260.937 187.437 -87.5211 -240.401 173.988 -94.5417 -212.105 175.959 -99.4252 -187.123 183.938 -64.7363 -213.472 235.775 -33.3262 21.4913 7.63812 8.72969 
153.448 174.157 137.385 156.482 129.001 153.435 152.385 148.127 153.13 111.861 -268.332 227.035 -41.9017 -261.03 186.016 -87.0101 -240.01 173.637 -96.1117 -211.617 175.372 -100.22 -186.367 183.515 -65.7724 -213.511 235.559 -34.0376 20.9841 7.33448 6.8537 
154.651 169.462 141.017 157.802 128.297 154.951 151.683 149.998 153.426 113.669 -268.702 227.327 -43.1197 -261.321 184.842 -86.8396 -239.571 173.6 -98.4287 -210.922 174.942 -101.142 -185.248 183.133 -66.5568 -213.66 235.404 -34.7156 21.1213 6.93668 5.4275 
155.37 165.878 145.363 159.53 127.484 156.157 151.43 152.048 154.172 115.62 -268.945 227.352 -44.0907 -261.72 183.823 -86.8513 -239.205 173.717 -100.834 -210.45 174.56 -102.086 -184.089 182.844 -66.9549 -213.926 235.337 -35.338 21.9298 6.56521 5.06788 
149.785 161.282 154.566 157.14 125.243 156.145 154.135 155.655 153.837 115.534 -267.042 226.24 -44.0043 -261.291 183.954 -88.892 -238.652 173.494 -103.727 -210.233 174.082 -102.012 -183.155 183.367 -67.3698 -214.054 235.487 -35.4507 20.9828 5.92404 5.25705 
147.241 160.665 160.036 156.074 126.126 156.598 154.92 158.058 153.767 117.122 -265.11 224.816 -44.2105 -260.905 183.02 -89.9974 -238.042 173.099 -105.885 -210.195 173.795 -102.296 -181.998 183.765 -68.6308 -214.135 235.466 -35.6589 20.2685 5.60784 5.32743 
140.686 161.374 163.461 156.613 130.051 155.686 155.582 159.891 154.594 119.645 -261.853 222.814 -44.5638 -260.555 182.094 -90.9875 -237.254 172.796 -107.703 -210.109 173.936 -103.241 -181.025 184.127 -70.3058 -214.352 235.544 -35.9427 20.0419 5.2835 5.59122 
133.921 163.511 162.21 157.348 138.777 151.851 156.598 159.717 155.265 122.548 -258.311 221.879 -45.6982 -260.061 181.292 -91.9998 -237.94 173.083 -108.956 -210.442 174.149 -105.009 -180.535 183.517 -72.1914 -214.815 235.362 -36.7191 20.8024 5.55498 4.50354 
129.844 166.123 161.402 158.767 148.066 148.152 157.51 159.89 156.664 126.759 -256.746 222.224 -46.6417 -261.109 181.126 -92.9388 -239.65 173.465 -110.148 -211.533 174.564 -107.311 -181.319 182.766 -75.0682 -215.414 235.126 -37.5945 20.3863 5.76895 4.09231 
125.526 168.866 159.518 159.73 160.236 144.968 157.163 159.66 158.231 131.968 -255.73 222.294 -48.0139 -263.12 180.32 -93.6719 -242.127 173.405 -111.449 -213.3 174.715 -110.123 -182.622 181.598 -78.9244 -216.316 234.602 -39.07 19.5774 6.08534 4.15726 
123.877 171.262 158.507 160.659 175.47 143.246 156.687 159.867 159.735 137.612 -255.752 221.458 -48.1053 -264.241 179.662 -93.656 -243.285 173.381 -111.944 -214.064 174.884 -111.566 -183.457 181.071 -81.9112 -216.925 234.342 -39.8107 18.1436 6.37317 4.615 
124.317 169.286 157.339 160.991 174.27 143.313 155.363 159.638 160.159 137.528 -256.886 219.891 -47.9551 -264.533 178.375 -93.54 -243.266 172.9 -112.75 -213.871 174.509 -112.649 -183.355 180.675 -82.8646 -217.496 234.018 -40.6243 18.3664 6.55184 5.44801 
131.784 168.352 156.029 160.896 174.27 142.942 154.256 158.738 160.043 134.756 -257.215 217.657 -48.3683 -264.611 176.601 -93.2885 -243.124 171.849 -113.139 -213.672 173.637 -113.4 -183.781 179.719 -82.3432 -217.827 233.411 -41.4705 19.5612 6.65319 6.11174 
139.502 168.208 156.242 161.465 174.27 143.19 154.282 158.682 160.39 136.028 -258.9 216.096 -48.7056 -265.165 175.038 -93.112 -243.468 170.566 -113.313 -213.97 172.29 -113.753 -184.817 178.31 -82.5109 -218.095 232.781 -42.339 19.805 6.70362 6.62226 
144.972 167.668 156.519 161.99 174.27 144.263 153.916 158.595 160.343 135.362 -260.195 214.767 -49.2861 -265.335 173.335 -92.8266 -243.241 169.223 -113.589 -213.551 170.769 -113.851 -184.405 176.853 -81.5219 -218.301 232.226 -43.1721 21.1701 6.86112 7.3998 
148.559 167.129 157.049 162.11 174.27 145.796 153.117 158.743 160.339 135.4 -261.224 213.507 -50.2042 -265.16 171.314 -92.3639 -242.669 167.893 -114.161 -212.713 169.372 -114.233 -183.705 175.594 -81.1557 -218.538 231.552 -44.1189 22.0563 7.0823 8.57993 
174.496 128.268 154.475 158.931 166.592 161.766 126.984 146.319 134.895 119.071 28.9607 401.148 48.957 32.7495 418.257 11.2731 36.0449 430.94 -11.7235 52.0928 459.274 -0.0660782 67.1553 485.157 21.279 34.2252 474.913 81.7302 7.1869 5.64517 7.14548 
170.734 129.639 172.285 154.271 135.474 164.329 107.517 159.253 152.433 158.8 8.58091 396.11 79.247 31.8223 418.232 32.8961 22.6719 407.579 -3.4253 44.0927 432.54 -0.911699 56.8963 461.759 10.0098 31.3078 476.555 77.8167 7.51272 5.37986 20.2329 
175.981 145.539 170.809 173.25 177.782 162.13 137.828 155.262 148.497 149.27 -1.76452 402.512 78.8811 9.5734 409.007 15.7936 13.9795 407.885 2.8507 40.6835 429.448 3.66481 55.2544 455.415 10.5712 27.564 478.403 76.6508 6.89457 7.04298 6.96316 
176.429 151.824 172.709 161.176 167.064 168.765 147.614 164.409 150.637 146.456 -11.7614 405.178 77.7648 -9.95489 407.454 16.9618 -7.77496 408.71 -0.213991 33.2056 425.815 4.65591 54.7291 449.528 14.7045 26.3695 482.524 74.9814 4.59311 13.184 5.65887 
167.716 161.852 166.318 153.656 151.03 170.813 155.292 160.846 148.934 140.756 -19.4835 413.794 74.0543 -31.2179 411.921 18.4628 -15.7034 413.409 7.76787 24.8458 426.898 9.54729 47.0092 447.806 18.5187 24.0964 486.784 73.6808 1.68077 12.6418 5.89347 
167.25 159.034 170.405 139.779 159.092 168.524 148.777 150.278 137.99 132.352 -21.293 424.729 71.6237 -25.1549 420.007 16.5203 -6.14241 423.62 17.3446 36.2381 434.799 19.8524 52.1564 451.686 25.6365 24.1341 491.639 73.9967 2.07181 17.0575 11.6504 
178.938 163.524 133.801 152.609 158.24 164.845 153.572 124.095 129.949 125.909 -27.2114 433.081 72.3695 -31.6888 423.417 22.1255 8.51952 433.364 29.2463 39.9955 439.232 23.6791 53.3114 455.278 26.8364 24.8328 496.615 72.9108 4.29269 8.979 22.2316 
171.378 164.087 122.457 128.529 150.129 163.919 154.927 91.9952 101.381 112.502 -32.7486 443.067 80.6296 -29.4084 430.356 25.2057 17.1257 451.92 45.0681 37.9477 456.327 36.5655 49.4019 464.362 28.7727 25.6701 503.066 71.604 11.0851 2.76085 33.9975 
158.698 157.318 152.519 148.565 161.558 150.993 146.268 90.7645 76.4579 70.7332 -26.8953 452.863 76.6386 -21.4142 449.415 22.7755 30.5404 463.582 62.0185 39.8261 474.805 55.1692 53.2362 489.478 52.4391 26.4171 511.276 69.7332 7.24637 8.30885 55.0087 
152.886 174.314 141.881 157.352 149.238 129.923 177.982 90.236 64.7597 54.8108 -20.844 460.956 79.805 -4.05518 477.107 13.7637 22.6685 475.576 69.8062 35.3339 491.55 65.6785 50.0333 511.032 61.5205 28.4875 521.323 69.0108 15.2546 12.444 64.0581 
165.447 89.9999 177.478 150.899 164.41 135.321 30.161 99.2841 80.9617 69.2082 -27.9288 470.489 78.586 -4.38807 519.193 51.7469 19.6908 480.272 69.1311 32.5123 485.828 56.8195 49.3051 500.309 54.3052 30.3407 528.181 66.1682 12.8425 6.41885 47.0982 
173.798 90 170.278 136.811 172.124 147.247 28.4211 132.597 108.207 80.5798 -31.3222 482.204 76.6085 -8.30353 529.841 53.2266 -4.77182 474.164 47.2448 16.7306 483.586 35.6468 41.2399 496.613 39.3455 31.5291 537.475 64.5142 6.97818 5.49057 17.4132 
174.308 90 161.757 153.243 151.971 148.69 37.6472 151.219 133.068 104.374 -27.1546 500.883 69.1379 -5.8618 535.009 50.6437 -18.8265 482.639 21.3363 11.6254 486.047 17.0821 38.5265 496.881 28.4782 33.5704 548.1 62.203 6.07793 4.5757 8.07247 
177.566 93.6322 161.556 160.559 148.131 147.135 68.7457 153.901 140.911 110.618 -28.0008 509.917 75.8012 -15.4059 538.671 53.2901 -24.8571 497.223 12.4157 11.1961 496.985 9.15465 40.1901 506.499 25.2277 35.1614 560.072 61.3745 6.85682 7.99781 21.2282 
176.003 101.362 160.271 157.986 152.35 146.446 97.9194 153.068 143.831 127.537 -26.1737 530.788 76.9689 -22.8493 542.308 45.3961 -29.6716 514.923 9.75074 9.78253 509.395 5.43368 39.8153 515.791 17.4759 37.0177 574.253 60.1395 3.17204 11.1002 14.8487 
177.147 137.235 150.673 150.445 146.912 155.348 116.824 143.001 135.224 127.128 -30.251 554.275 72.3323 -24.2768 543.271 43.4632 -27.6976 526.776 23.618 11.5852 521.99 15.3827 41.1768 529.355 20.0722 38.448 588.235 58.8145 4.85093 12.3406 9.01256 
171.075 157.899 141.386 132.222 147.333 161.579 129.424 136.331 129.376 129.128 -32.8051 593.128 77.5301 -32.8558 575.979 52.4469 -28.0717 562.874 30.3792 6.4851 553.779 17.3157 33.7428 554.063 19.3643 40.0035 606.921 60.1443 3.6909 13.5381 10.3981 
165.866 169.784 145.661 99.0399 153.231 171.357 125.259 109.94 111.33 112.788 -29.3286 621.63 80.8794 -26.4494 598.249 58.7575 -15.5558 591.74 42.9769 17.5004 583.651 18.6235 39.1502 579.869 22.258 41.8455 630.12 60.6925 2.00309 26.2204 10.2477 
143.585 160.843 152.15 127.113 130.575 123.827 54.8087 67.2923 52.2111 45.5866 44.9659 687.749 23.2627 39.2138 702.551 38.8889 33.1029 706.934 45.4232 26.7847 686.914 47.4989 20.8734 668.914 58.9653 43.5418 669.624 58.434 17.2286 14.5005 27.9272 
136.732 146.717 132.182 141.35 150.8 146.305 99.0631 88.816 84.4252 94.0002 75.5226 734.714 21.7897 47.5865 735.363 34.9047 37.9741 728.875 48.1166 27.1177 720.249 57.8537 17.7506 714.259 58.9104 48.6105 687.49 56.8871 14.5225 5.96764 11.9888 
153.431 143.506 124.716 141.515 150.598 156.07 95.1213 90.7527 83.0883 97.6201 90.3437 750.907 20.1914 49.0746 748.653 33.0949 41.135 746.686 42.4466 29.4856 738.255 52.1198 20.3674 735.263 51.5634 50.9216 704.075 54.7965 16.1796 6.10965 13.5409 
147.979 142.92 136.506 140.071 147.822 154.197 99.5201 89.4037 85.6317 96.3014 97.084 761.297 20.7347 51.795 764.703 26.9566 41.5128 760.502 37.9307 30.373 753.522 47.4747 21.1995 748.471 48.8535 52.3194 716.529 52.1246 13.9877 7.08344 12.1098 
145.555 137.322 135.101 142.073 141.177 153.347 108.222 95.9617 92.0093 95.7006 99.8173 773.791 24.9633 53.7089 780.598 17.2182 42.6502 777.512 30.149 29.7867 770.092 40.6686 19.5124 759.972 43.2549 53.6322 727.503 51.1449 11.6693 5.4829 13.7867 
152.893 131.139 138.621 141.973 137.862 156.227 111.072 89.7316 99.1816 99.8924 103.158 780.36 27.6989 57.668 787.828 10.3677 44.9781 782.943 31.9497 32.5 780.594 38.1169 20.144 767.158 39.9324 54.9033 733.129 50.298 10.3725 6.86434 22.4446 
142.519 146.882 127.774 135.514 137.331 150.833 117.134 89.1342 107.519 107.865 102.34 784.752 32.1452 61.34 797.678 8.87693 48.0894 788.581 28.979 33.8955 789.441 31.0431 21.3429 774.136 33.3402 55.9564 737.8 50.3308 9.9516 7.23562 20.8249 
153.267 150.77 130.907 143.912 143.44 156.029 122.133 98.5903 118.587 114.651 106.408 788.759 36.4783 65.8124 805.202 7.93383 49.1323 798.163 22.4121 32.7927 797.609 22.1868 20.6449 779.184 27.6044 57.4679 741.641 50.4925 6.91666 5.55399 15.6365 
155.142 148.733 131.726 147.151 141.838 154.66 132.447 112.409 125.302 121.609 105.947 790.742 36.9813 66.3226 808.285 1.08673 48.8614 804.928 11.5612 31.1638 802.118 15.6199 17.7994 783.357 23.4027 57.1501 742.713 49.8039 5.21547 1.82446 11.8091 
160.101 157.824 146.079 153.077 156.959 158.232 136.408 124.309 132.502 126.298 107.343 787.841 37.3265 66.4538 805.46 -1.85616 48.9622 807.722 8.34178 32.2406 803.002 15.6486 19.4123 783.817 25.1218 57.954 740.104 50.0933 3.86055 3.11565 13.0414 
159.358 171.127 147.997 153.427 158.241 157.191 137.252 116.611 122.943 112.918 106.668 785.801 34.2458 62.4253 804.511 -0.654322 47.8379 804.473 13.937 32.3783 799.211 22.9192 22.716 779.35 31.0657 57.5395 738.69 49.4487 7.2545 4.4714 15.9292 
158.444 178.009 150.663 148.905 156.411 155.645 133.273 113.694 120.11 111.743 107.841 781.59 31.6778 58.1486 800.718 3.35147 46.5617 800.172 17.7758 32.0356 794.372 26.5053 25.1865 774.962 32.3229 57.2411 736.138 49.2474 11.1177 4.4951 16.2231 
153.919 161.958 144.239 143.067 151.89 154.288 129.699 108.839 114.564 103.282 107.566 780.903 32.5215 59.171 797.763 2.47472 47.0017 795.491 16.1826 31.6032 789.348 23.8363 24.1359 769.973 32.1293 56.8724 734.263 48.4748 10.0698 3.55028 15.519 
140.446 160.428 139.811 144.41 148.295 150.84 124.182 106.001 115.635 105.164 106.418 784.024 35.8343 58.7359 797.146 7.14319 48.6062 793.744 16.3991 32.2291 788.774 20.7105 23.8763 769.167 28.6054 56.869 734.029 47.6683 9.62427 2.93396 13.0377 
125.212 156.898 138.1 145.104 145.969 143.183 118.351 103.851 114.894 106.266 100.481 783.593 33.6063 58.368 795.771 11.5848 49.4004 792.971 18.2524 33.3574 789.139 20.439 25.7312 769.781 26.8261 56.8237 734.949 46.7679 11.9034 4.87111 12.4352 
135.091 146.439 136.358 146.164 144.89 147.639 114.26 102.401 108.993 103.451 104.132 784.518 33.3191 61.0027 794.175 10.2475 49.9404 791.981 15.1033 33.5703 786.586 17.9359 24.3866 768.216 23.717 56.8335 735.009 46.2475 11.4656 4.32746 10.3809 
130.184 138.309 128.1 142.111 134.831 145.424 112.585 101.368 107.405 104.245 103.798 785.127 35.5908 61.8759 792.547 10.2568 49.7008 789.937 13.9024 33.3091 784.795 16.2458 23.6147 766.708 20.905 56.6163 734.033 45.448 12.4225 4.8311 8.91048 
141.766 138.771 130.546 141.839 137.816 149.429 115.428 106.099 109.897 107.66 104.939 782.058 32.2108 60.6171 791.513 8.88013 47.6445 789.297 11.6855 31.2664 783.078 15.26 21.8444 765.431 20.0742 55.9481 731.537 44.9522 12.0133 3.91315 7.62698 
139.09 139.66 135.608 144.171 149.296 147.263 117.577 109.963 112.771 108.339 103.082 780.829 33.155 57.987 787.851 8.50876 44.8067 787.24 12.5599 29.2261 780.65 17.5861 18.3036 763.481 24.0507 55.3596 727.547 44.3605 8.20065 3.44681 8.21678 
138.521 143.833 149.205 149.975 152.101 145.729 114.373 106.299 106.907 101.291 98.0095 776.445 27.6098 55.7682 784.256 9.55884 44.622 784.189 17.815 29.8551 776.438 23.5998 20.1663 759.083 28.7516 54.1232 724.952 44.0261 10.1535 3.71194 11.682 
137.36 147.074 149.52 149.485 152.152 144.048 110.617 108.901 108.178 101.318 93.7675 772.521 23.8365 54.7033 780.786 11.5489 44.1442 782.631 18.089 30.1266 774.508 25.1495 21.5274 756.959 31.0272 53.4427 723.014 44.4723 10.8402 3.84155 11.2361 
135.688 150.152 149.016 151.114 152.101 141.402 112.393 112.659 111.437 105.765 88.4007 772.319 20.338 52.6136 781.519 11.9631 43.2411 784.026 16.2135 29.3419 776.175 23.7175 20.4638 759.391 29.6333 52.9 723.754 43.4586 10.4829 3.77366 11.1409 
145.706 148.256 146.552 147.101 147.291 145.2 114.772 112.11 111.737 108.767 90.6582 770.699 16.8963 51.3215 780.987 7.82445 41.5543 782.377 12.6037 27.1026 774.606 20.1491 18.0075 758.978 27.2086 53.1103 723.368 43.2407 9.58222 3.32069 10.6789 
147.612 144.843 139.738 146.667 147.889 146.5 115.316 110.622 111.531 109.183 91.8486 768.934 16.0325 50.6207 778.227 5.30505 41.3748 779.528 10.2177 27.6154 773.505 18.9168 18.1332 758.487 26.3404 53.0553 722.14 42.7481 9.1812 3.87537 11.4656 
144.661 146.861 139.749 148.473 150.402 148.231 116.689 110.838 111.804 108.273 93.0771 766.566 16.6303 50.6957 776.215 3.82158 42.0772 777.92 9.56822 29.0761 772.891 19.7931 19.8688 757.91 27.9167 52.9035 720.735 43.0113 9.1233 4.90828 12.366 
146.378 152.002 142.031 152.448 153.347 150.379 113.48 109.042 111.477 107.074 96.1226 766.577 18.1587 52.6781 774.652 6.2251 44.742 776.494 10.8025 31.4613 772.223 21.1115 21.6317 756.901 28.9001 52.8605 719.867 43.4313 9.10147 5.07752 12.7992 
143.551 147.409 142.124 152.532 152.407 148.989 112.571 108.554 111.329 105.434 94.0045 768.185 18.4391 54.6631 775.21 4.61091 46.3831 777.758 10.6468 32.0615 773.736 21.4894 21.716 758.248 30.0664 52.9266 721.304 43.9397 8.29456 4.59943 13.2161 
149.529 148.006 143.974 152.249 151.435 150.931 111.477 108.408 111.966 105.027 95.5496 769.208 17.6422 55.6456 776.795 5.23754 46.9579 779.368 12.0377 32.387 775.08 22.0746 22.29 759.211 31.1483 53.1678 722.621 44.0892 8.23551 4.10877 13.1382 
151.386 146.339 141.2 146.884 146.342 151.311 113.291 109.077 110.519 103.204 95.8219 768.635 17.5111 55.9311 777.835 3.46353 46.1682 779.492 11.5807 31.0111 773.568 20.4096 21.8668 757.822 31.461 53.0748 722.42 44.0996 8.57766 3.07706 12.6263 
147.863 144.258 139.344 147.67 144.578 150.658 113.866 106.634 110.556 103.695 94.4172 769.445 18.0533 56.4155 777.689 3.19872 46.8131 778.566 12.6952 31.1966 773.586 19.9635 21.2067 757.655 29.8756 52.7242 721.801 43.5516 8.10647 2.96074 13.3999 
144.938 139.839 134.845 150.015 145.054 150.366 112.241 107.543 110.366 102.254 94.4661 769.251 20.5366 56.8546 775.994 2.53343 46.786 777.943 10.7479 30.8553 773.561 19.8754 20.1508 757.101 29.9542 52.1428 721.227 44.0513 7.46967 2.76727 12.8812 
139.995 148.756 135.043 151.22 148.191 153.659 106.508 95.2763 108.465 99.3436 99.5891 769.312 24.0105 55.631 773.735 6.75325 45.7604 772.443 15.6777 31.0305 772.28 22.8747 21.112 755.177 31.6185 52.1146 720.533 43.8686 8.81228 4.41226 13.4625 
153.764 152.013 139.153 150.441 149.519 159.857 109.451 93.3672 105.924 96.5238 104.166 768.967 23.123 55.2352 774.738 7.4033 44.4883 771.321 17.346 31.5516 770.958 26.6768 22.1841 753.852 34.0817 52.5807 720.332 43.2835 9.74426 6.5339 12.838 
143.715 154.385 146.308 150.55 152.491 159.494 110.629 95.3214 105.313 95.9007 103.913 770.426 24.8944 56.5716 776.426 9.27053 44.9609 773.378 14.4083 32.1769 772.014 25.2078 22.5259 755.415 33.3046 53.1431 721.698 43.7632 9.45743 7.35029 9.51347 
147.392 152.383 146.785 147.651 148.152 159.88 111.986 98.5414 105.671 97.7246 104.621 769.365 23.8646 56.425 777.331 11.0611 45.0017 774.376 14.265 31.1515 771.016 23.3732 22.0219 754.751 30.9271 53.5391 721.601 44.2117 9.79107 5.51814 8.86941 
135.864 150.963 145.478 148.882 148.051 155.827 110.008 99.2703 105.771 97.1444 100.718 769.202 23.724 56.1806 775.98 11.9515 44.3802 773.562 12.9242 30.8068 770.276 22.9431 22.228 753.612 30.7433 53.0163 720.519 43.6417 10.453 6.12878 8.33172 
142.862 148.063 139.216 150.565 148.885 156.596 108.208 98.4935 105.24 96.0994 101.798 770.565 23.9213 56.1563 776.147 13.5719 44.588 773.661 14.1776 31.2262 770.815 24.1048 21.9885 753.746 31.6686 53.0701 721.063 43.7052 9.71074 6.49124 8.66069 
146.993 146.16 134.869 149.877 149.852 158.348 106.671 98.3946 102.724 94.4291 103.727 771.2 25.2644 55.4061 774.746 12.0842 43.4025 772.308 12.4668 30.3692 768.741 24.6864 21.1805 752.011 32.8236 52.8416 720.045 43.0321 9.35043 8.0824 8.38328 
148.743 141.723 132.29 145.46 147.663 158.894 109.686 98.0051 100.784 91.2561 104.339 769.361 25.661 54.7023 773.854 9.39737 42.2971 770.234 12.0555 29.3721 765.798 24.3397 20.6988 748.934 34.5545 53.0469 718.545 43.6685 9.66893 8.10019 7.99387 
160.96 143.762 132.051 145.037 145.106 162.564 108.388 97.5713 102.315 90.4454 107.729 770.649 26.3349 54.4243 774.328 11.2938 42.1975 770.308 12.5085 28.5667 766.034 22.8833 19.7374 748.147 34.4445 53.2646 718.706 43.7459 9.12164 6.47523 7.74532 
140.057 149.377 132.11 146.65 143.43 158.188 107.602 96.686 107.235 93.3804 103.188 772.414 26.0358 54.7827 777.601 14.1459 43.0477 773.202 15.4953 29.3485 771.176 23.0507 20.4628 752.26 34.2853 53.1293 721.59 43.7059 8.80315 5.50782 8.00413 
145.052 150.091 128.394 143.408 140.868 157.606 112.844 103.197 109.759 95.0429 103.435 771.235 24.9493 54.5363 780.288 11.8358 41.954 775.427 12.2915 27.293 771.467 21.2854 18.598 752.422 34.0767 53.0675 721.732 44.4905 8.17155 4.36656 6.64254 
144.198 148.376 132.933 146.352 144.953 156.702 109.811 102.247 107.891 95.2842 101.765 773.349 23.5847 54.7377 779.831 14.1169 42.8827 776.767 13.6148 28.5414 772.71 23.7776 19.4469 754.287 34.642 52.9901 722.812 44.2428 8.00468 4.95265 8.04854 
137.471 149.121 133.756 147.793 147.394 150.97 105.625 96.5033 102.916 94.9972 96.6743 773.96 21.9845 54.7817 778.36 19.3369 43.0398 774.566 17.4628 30.0861 771.322 28.8499 21.2327 754.6 36.0182 52.8363 723.304 44.2376 9.63275 6.81193 8.81488 
143.727 142.272 132.147 146.01 147.133 152.183 104.464 96.4942 102.317 95.6476 97.7922 773.783 20.6817 54.1716 777.544 19.3836 43.7211 774.997 19.7902 30.4166 771.099 29.8207 21.3522 754.881 36.0051 52.945 723.506 43.8158 9.68047 5.86754 9.8455 
147.745 139.354 133.148 144.609 145.134 154.936 98.119 96.7851 100.68 95.0215 99.7455 775.486 21.5234 52.3643 774.897 18.2485 41.682 775.376 21.0207 29.6308 770.373 31.7468 20.683 754.597 37.2326 53.1787 724.125 44.1939 9.64546 7.18595 11.1142 
142.438 136.068 134.058 143.605 141.326 153.627 102.208 98.6522 101.111 95.7307 98.132 776.539 22.189 51.9942 776.765 16.749 41.8686 776.865 19.905 29.4994 770.965 29.9869 20.6481 755.192 35.3719 53.6595 724.832 44.0364 9.73869 6.55238 11.4604 
141.328 131.146 131.843 142.061 139.437 153.744 105.445 100.08 101.766 96.5246 97.2401 777.755 24.105 51.5843 777.718 14.6991 40.864 776.795 19.4101 28.785 770.245 28.8932 20.7926 754.132 34.6218 53.7654 724.264 44.1697 10.2291 6.51688 11.0314 
145.22 136.969 135.617 142.999 143.54 157.107 104.262 101.91 98.9818 94.4535 97.9722 778.88 23.9896 51.4145 776.929 16.9348 41.1239 777.189 21.9669 29.4144 768.234 32.6354 21.1324 752.869 37.0532 53.7914 723.724 44.2186 10.4545 7.0104 11.7532 
147.521 143.725 143.278 143.092 143.333 159.719 108.087 105.544 100.179 95.6359 101.226 779.273 27.2766 52.9571 778.812 17.2936 42.221 778.818 18.6553 29.6021 768.421 32.3342 21.296 753.033 37.8655 53.6938 722.852 44.7632 9.98992 8.19128 9.92164 
141.184 137.141 134.859 138.922 135.256 157.631 109.974 106.326 98.3902 89.23 98.8535 780.12 30.0017 54.6458 779.638 14.0417 42.7295 778.716 15.9067 28.6585 767.963 29.813 20.3543 751.24 38.3514 53.4653 723.306 46.4361 9.57955 7.55516 8.6694 
140.538 131.945 132.026 140.189 135.412 153.729 109.623 106.938 100.354 90.0186 94.2771 775.626 25.4896 54.6223 779.26 16.0651 43.1123 779.786 19.5182 29.6034 770.184 32.9049 21.1117 752.865 40.4597 52.9423 723.822 47.2481 9.92241 7.53114 9.83477 
140.566 127.785 126.654 140.629 135.287 153.055 106.383 104.669 100.778 90.1978 91.3649 775.261 23.2777 53.0576 777.733 17.7767 40.8697 778.108 19.9158 27.9465 770.508 32.4705 20.0249 753.296 40.6603 52.4081 724.084 47.7556 10.1837 7.04075 9.00245 
145.141 125.587 121.515 140.088 134.315 149.77 107.137 104.224 102.669 88.5574 90.8246 774.998 22.1522 51.0542 779.264 16.4686 38.9731 778.89 18.8098 25.7822 772.71 29.992 18.2736 754.33 40.6559 51.9739 725.784 48.2785 9.64617 5.65292 8.91343 
150.334 124.543 122.933 138.33 120.908 150.237 112.892 108.996 109.014 91.0394 91.5974 773.962 22.407 50.8923 781.564 12.7848 38.5027 781.1 15.1417 23.8709 774.647 24.0031 15.5492 754.089 37.2996 52.1395 726.562 49.5354 7.06576 3.23722 8.35575 
