163.949 156.962 158.458 160.041 158.266 163.345 144.293 142.82 142.717 138.6 -69.1422 251.941 -10.2674 -33.2889 222.884 -55.4275 -7.87988 213.701 -54.7892 11.9233 200.652 -36.7492 22.3944 187.146 -7.26376 -44.852 193.656 31.6756 7.94716 6.53115 5.47852 
164.172 156.973 158.486 160.094 158.345 163.516 144.061 142.742 142.656 138.553 -69.4885 251.786 -10.5223 -33.8535 222.766 -55.5768 -8.62863 213.318 -55.165 11.1946 200.051 -37.2602 21.8425 186.457 -7.74398 -45.3236 193.25 31.3413 8.09233 6.56794 5.32989 
163.889 156.645 158.205 159.809 158.098 163.305 143.593 142.426 142.365 138.318 -69.8284 251.618 -10.5564 -34.4997 222.604 -55.696 -9.3813 212.969 -55.4709 10.4495 199.5 -37.722 21.2553 185.761 -8.23032 -45.8252 192.844 31.0297 8.24203 6.59334 5.25162 
163.362 156.244 157.73 159.5 157.762 162.828 143.02 141.911 142.015 137.98 -70.1041 251.392 -10.6604 -35.0641 222.489 -55.8241 -10.0629 212.897 -55.6671 9.74261 199.064 -38.2107 20.5999 185.227 -8.79802 -46.2925 192.509 30.6436 8.27825 6.6409 5.16454 
162.775 155.983 157.299 159.302 157.565 162.343 142.504 141.469 141.813 137.78 -70.0704 251.129 -10.8201 -35.6629 222.367 -55.9241 -10.7822 212.785 -55.8645 9.02792 198.559 -38.7227 19.8842 184.8 -9.37986 -46.7807 192.239 30.283 8.19361 6.73232 5.06267 
162.651 156.167 157.379 159.434 157.703 162.177 142.475 141.496 141.928 137.894 -70.059 250.847 -11.0515 -36.2494 222.223 -56.1926 -11.5122 212.692 -56.2553 8.30901 198.318 -39.2793 19.2256 184.617 -9.96073 -47.2975 191.838 29.89 8.12127 6.74712 4.91993 
162.851 156.32 157.599 159.611 157.831 162.325 142.445 141.652 142.077 138.016 -70.193 250.733 -11.4106 -36.6418 222.217 -56.4485 -12.125 212.522 -56.7864 7.69402 198.043 -39.8844 18.6915 184.357 -10.5171 -47.7569 191.491 29.4415 8.1266 6.7537 4.71373 
163.506 156.124 157.678 159.613 157.82 162.725 142.098 141.555 141.869 137.842 -71.4862 250.296 -11.9448 -37.0663 222.17 -56.5182 -12.8494 212.162 -57.2343 6.94555 197.645 -40.3732 18.1345 183.833 -10.9766 -48.2519 190.995 29.0037 8.30428 6.73973 4.46448 
163.674 155.639 157.592 159.478 157.619 162.964 141.455 141.368 141.64 137.567 -72.2223 250.181 -12.1976 -37.7861 222.173 -56.2691 -13.8485 211.431 -57.5396 6.00449 196.763 -40.6797 17.3597 182.979 -11.1607 -48.9326 190.75 28.857 8.49432 6.85221 4.39714 
163.242 154.904 157.323 159.084 157.086 162.676 140.809 140.974 141.19 137.057 -72.7956 249.91 -12.0783 -38.7213 222.011 -56.0619 -14.7653 210.895 -57.5599 5.083 195.838 -40.7794 16.5356 182.018 -11.1764 -49.6892 190.503 28.8063 8.70466 7.03752 4.54367 
162.865 154.331 156.793 158.779 156.477 162.156 140.65 140.39 140.667 136.499 -73.452 249.32 -12.1065 -39.4353 221.435 -56.4383 -15.366 210.911 -57.513 4.35365 195.508 -40.9557 15.8088 181.501 -11.4172 -50.3385 190.11 28.4716 8.81832 7.10816 4.49158 
161.53 153.654 156.242 158.138 155.848 161.052 140.074 140.049 140.137 135.821 -73.9436 249.011 -11.9092 -41.16 220.566 -56.9465 -17.2436 209.668 -58.2773 2.60775 194.642 -41.4124 13.9467 180.772 -11.7815 -52.0635 189.42 28.0289 8.71969 7.05973 4.47484 
161.003 152.537 155.695 157.286 154.817 160.274 140.064 139.483 139.327 134.895 -75.327 248.413 -11.6181 -42.5194 219.265 -57.4382 -18.2466 209.073 -58.1879 1.54275 193.875 -41.2326 12.9102 179.841 -11.5934 -53.0402 189.081 28.0382 8.95412 7.14873 4.6867 
160.542 152.389 154.933 156.254 153.756 159.465 140.397 139.071 138.375 133.849 -76.8946 247.524 -11.691 -43.6365 218.076 -58.3607 -19.0987 208.568 -58.5562 0.612982 193.879 -41.2815 11.9058 179.725 -11.7886 -53.8889 188.507 27.6449 8.89777 6.9313 4.95712 
159.962 151.874 154.374 155.291 152.796 158.971 140.153 138.779 137.682 132.82 -77.7524 247.16 -11.4053 -44.9596 217.154 -58.6285 -20.4995 207.413 -58.9363 -0.745196 192.951 -41.3981 10.5112 178.892 -11.8787 -54.9302 188.064 27.6028 8.83682 6.91342 4.98968 
158.943 150.372 152.948 153.448 150.99 158.084 139.392 137.671 136.11 131.074 -79.3075 246.408 -11.2214 -46.1243 216.142 -58.8802 -21.5745 206.727 -58.8888 -1.87684 192.373 -41.1541 9.3207 178.11 -11.8233 -55.8244 187.591 27.3899 8.93882 6.9201 5.2182 
158.389 149.235 151.783 151.937 149.389 157.445 138.724 136.905 134.752 129.493 -80.7236 245.189 -11.155 -47.3585 215.04 -59.1016 -22.7939 205.853 -59.0752 -3.05392 192.092 -40.9655 8.09341 177.807 -11.8245 -56.6398 187.01 27.224 8.86729 6.83736 5.29446 
158.255 149.404 151.747 151.699 149.156 157.421 138.941 137.551 134.867 129.292 -82.3093 244.631 -11.1336 -48.5958 214.522 -59.1465 -24.1633 204.559 -59.5761 -4.25981 191.547 -40.9603 6.80925 177.54 -11.6946 -57.7446 186.697 27.345 8.67685 6.84617 5.12454 
157.832 149.536 151.562 150.704 148.483 157.167 139.412 137.957 134.746 128.965 -83.8389 243.921 -10.8087 -49.7041 213.863 -59.2815 -25.1473 203.606 -59.7752 -5.18624 190.874 -40.8001 5.77036 177.085 -11.4766 -58.682 186.378 27.5271 8.53281 6.93358 5.27516 
157.511 149.234 150.722 149.503 147.799 156.797 139.684 137.679 134.039 128.386 -84.531 242.864 -10.5004 -50.685 212.293 -59.3675 -26.0699 202.5 -59.3935 -6.16173 189.726 -40.3567 4.66845 176.06 -11.1718 -59.5757 185.835 27.8319 8.43873 6.9621 5.47919 
157.911 150.079 150.893 149.28 147.882 156.976 140.42 138.143 134.273 128.52 -84.9456 241.967 -10.1554 -51.7462 210.954 -59.4447 -27.2652 201.045 -59.5049 -7.21713 188.339 -40.3516 3.59713 175.03 -11.0913 -60.4359 185.149 28.1946 8.26064 7.06333 5.42328 
157.771 150.411 150.526 148.515 147.415 156.529 141.039 138.367 134.219 128.385 -85.7893 241.268 -9.60608 -52.53 209.801 -59.5681 -28.0027 200.021 -59.4163 -8.00296 187.302 -40.2095 2.68929 174.312 -10.8977 -61.2455 184.594 28.4731 8.04536 7.06314 5.58178 
157.296 150.343 149.872 147.823 147.166 156.023 141.366 138.913 134.149 128.511 -86.1974 240.886 -9.06707 -53.453 208.742 -59.6382 -28.896 199.161 -59.2442 -8.86049 186.081 -40.1915 1.89777 173.344 -10.7913 -62.0869 184.206 28.7296 8.08905 7.13478 5.73315 
157.437 150.441 149.383 147.297 147.002 155.843 141.672 138.914 134.255 128.883 -86.437 240.304 -8.72073 -54.6418 207.382 -59.7348 -29.8909 198.348 -58.9274 -9.82986 184.707 -40.1664 1.05858 172.22 -10.742 -62.9147 183.802 29.0143 8.16046 7.23793 6.1248 
159.354 151.107 148.892 147.111 146.87 156.06 142.623 139.165 135.918 130.602 -85.5785 240.468 -7.98404 -55.8053 206.318 -59.7169 -30.9849 198.068 -58.5002 -11.2269 183.066 -40.9005 -0.253565 171.063 -11.2166 -63.9518 183.931 29.5084 8.05527 7.23511 6.53821 
159.325 151.516 148.375 147.118 146.938 155.011 143.641 139.394 137.475 132.252 -84.6815 240.435 -7.10934 -56.6137 204.821 -59.6837 -31.6043 197.628 -57.7754 -12.4465 180.806 -41.4966 -1.40439 169.148 -11.4859 -64.8004 183.939 30.0953 8.13137 7.59878 7.298 
157.474 151.447 147.637 146.963 146.99 153.87 144.065 139.327 138.763 133.913 -84.348 239.979 -6.29332 -57.4509 203.476 -59.3917 -32.3691 197.087 -57.0223 -13.7254 178.357 -42.032 -2.51203 166.736 -11.8584 -65.4459 183.853 30.6643 8.42539 8.4757 7.87742 
156.047 151.537 147.301 147.155 147.222 153.114 144.236 139.047 139.683 135.242 -83.4868 239.545 -5.89093 -57.9446 202.083 -59.2426 -32.8077 196.589 -56.4238 -14.4885 176.46 -42.3772 -3.22068 164.926 -12.1723 -65.8192 183.74 31.0285 8.56435 9.34811 8.4718 
154.953 151.878 146.715 147.387 147.53 152.271 144.529 139.023 140.437 136.384 -82.1133 239.158 -5.68887 -58.2191 200.828 -59.3282 -32.9607 196.27 -55.8618 -14.8511 174.857 -42.7126 -3.59781 163.455 -12.5064 -65.9733 183.629 31.1918 8.6302 10.2742 9.20196 
153.972 152.398 146.297 147.819 147.867 151.619 144.671 138.644 140.963 137.185 -80.8481 238.889 -5.47881 -58.2719 200.084 -59.3849 -32.906 196.507 -55.2416 -14.9324 173.878 -42.9541 -3.75167 162.603 -12.7762 -66.0141 183.584 31.2711 8.59543 11.2038 9.96813 
152.976 152.765 145.868 148.302 148.196 151.116 144.569 137.701 141.054 137.477 -79.7253 238.774 -5.07898 -58.3571 199.748 -59.2166 -32.7506 197.207 -54.2581 -14.8378 173.512 -42.7662 -3.76934 162.299 -12.6595 -66.0788 183.625 31.5138 8.53884 12.0703 10.8932 
152.593 153.343 145.673 149.049 148.846 150.847 144.7 137.341 140.954 137.352 -78.4874 238.806 -4.65702 -58.0956 199.737 -59.0115 -32.3904 198.077 -53.3474 -14.2544 173.924 -42.3088 -3.3653 162.844 -12.2752 -65.9415 183.737 31.8168 8.33227 12.5106 11.5917 
152.328 153.756 145.72 149.956 149.505 150.544 144.851 137.708 140.495 136.611 -77.9867 239.342 -4.11335 -57.4712 200.573 -58.8103 -31.787 199.401 -52.7896 -13.1596 175.624 -41.6679 -2.42738 164.656 -11.6473 -65.617 184.118 32.0542 8.08832 12.3125 11.8462 
152.169 154.006 147.077 150.8 149.908 150.283 145.173 138.752 140.024 135.689 -77.9468 240.57 -3.32512 -56.7295 202.003 -58.5487 -31.1477 200.752 -52.6916 -12.0648 178.229 -40.985 -1.49248 167.279 -10.9122 -65.2047 184.866 32.3955 7.81435 11.3788 11.588 
151.685 155.064 148.293 152.156 150.766 150.273 146.046 139.95 140.324 135.666 -78.0309 241.992 -2.60095 -56.1812 203.514 -58.4771 -30.6711 202.07 -53.0155 -11.1325 181.015 -40.6773 -0.697019 170.188 -10.5273 -64.7923 185.859 32.7646 7.42538 10.3209 11.1911 
150.537 156.226 149.204 152.976 150.829 150.444 147.19 140.915 140.484 135.403 -79.2023 242.923 -2.50375 -55.6374 204.448 -58.5605 -29.9014 203.034 -53.2949 -10.2743 183.137 -40.1943 0.104168 172.406 -9.926 -64.1848 186.731 33.0475 7.28018 9.53579 11.1131 
150.182 156.035 148.703 153.589 150.924 150.946 147.103 140.848 139.789 134.585 -80.167 243.812 -2.60187 -54.7205 206.371 -58.6197 -28.7532 204.992 -53.3395 -8.95563 186.533 -39.7199 1.40564 175.677 -9.50049 -63.235 187.585 32.9303 7.14732 8.66991 11.0106 
149.421 155.56 149.574 153.926 150.697 151.3 147.025 141.893 139.213 133.607 -81.9636 243.752 -3.36131 -53.6579 207.549 -58.7388 -27.5991 205.514 -54.3846 -7.70623 189.28 -39.3184 2.62728 178.447 -9.093 -62.1488 188.149 32.7283 7.01477 7.49799 10.0584 
150.239 155.232 150.593 154.697 150.99 152.725 146.717 142.238 138.827 132.974 -84.4232 243.211 -5.02471 -52.5201 207.785 -58.6167 -26.335 205.178 -54.8995 -6.83623 190.662 -38.8048 3.51319 179.674 -8.60908 -61.1249 188.586 32.7385 7.07158 6.57996 9.3344 
152.139 155.562 151.793 155.725 152.528 154.021 146.739 142.537 138.608 132.278 -85.0533 242.409 -6.71079 -51.1316 207.873 -58.7965 -24.8013 205.416 -55.3684 -5.53084 192.739 -38.3931 4.58035 182.151 -8.28889 -59.9533 188.895 32.509 6.57402 5.79433 9.01922 
153.915 155.714 152.778 156.661 153.536 155.407 146.076 142.544 138.732 132.172 -85.8178 242.029 -8.23491 -49.8327 208.23 -58.653 -23.7099 205.25 -55.8462 -4.63855 193.663 -38.3733 5.55943 183.258 -8.19815 -58.8012 189.217 32.4341 6.50258 5.37814 8.18964 
160.103 155.441 154.318 157.616 154.455 158.868 145.361 142.616 138.833 132.173 -88.9897 241.175 -10.283 -48.0358 209.361 -58.3368 -22.0565 205.49 -56.1916 -2.9122 195.421 -37.7841 7.34554 185.122 -7.57305 -57.3367 189.187 32.2793 6.47726 5.24704 7.15084 
160.661 154.442 154.604 157.736 154.735 159.823 143.801 142.097 138.669 132.421 -90.0446 241.195 -10.9898 -46.8063 211.414 -57.5167 -20.8713 206.359 -56.0724 -1.41889 197.27 -37.0911 9.09768 186.889 -6.94639 -56.0543 189.675 32.3698 6.67302 5.46276 6.22809 
160.675 154.116 154.982 157.573 155.009 160.36 142.655 141.676 138.515 132.596 -90.7027 241.912 -11.4981 -45.3951 213.827 -56.9061 -19.5278 207.672 -56.0226 0.0741935 199.558 -36.518 10.7838 189.093 -6.45961 -54.783 190.46 32.3134 6.79827 5.65949 5.52554 
159.932 153.759 154.622 157.044 154.903 160.13 141.574 140.847 138.239 132.698 -90.2788 242.935 -11.4858 -44.5766 216.045 -56.2108 -18.7014 209.38 -55.6112 1.11561 201.605 -36.0699 12.0348 191.27 -6.20484 -53.6203 191.582 32.4766 6.76964 5.76435 5.26888 
159.835 153.714 154.741 156.477 154.476 160.199 141.028 140.479 138.179 132.779 -90.0955 244.473 -11.5129 -43.5819 218.35 -55.7051 -17.6932 210.952 -55.4041 2.23949 203.427 -35.6869 13.3696 193.143 -5.80462 -52.4884 193.026 32.6368 6.93579 5.88908 5.12846 
159.922 154.185 154.905 156.415 154.618 160.092 141.427 140.238 138.519 133.373 -89.4755 245.601 -11.5357 -42.7866 219.883 -55.6729 -16.6828 212.633 -55.1157 3.32403 204.91 -35.5997 14.5969 194.679 -5.79537 -51.3409 194.538 32.8619 6.96792 5.827 5.34424 
160.02 154.617 155.398 156.687 155.067 159.631 142.693 140.657 139.354 134.442 -88.6655 246.439 -11.3331 -41.6515 220.87 -55.7271 -15.299 214.39 -54.7494 4.60494 206.532 -35.4548 15.7988 196.382 -5.79923 -50.2554 196.2 33.2508 6.80386 5.64375 5.60094 
159.411 154.442 155.036 155.686 154.193 159.366 143.056 140.166 138.847 134.116 -88.1938 247.66 -11.1185 -40.1713 222.109 -55.8328 -13.7314 216.16 -54.3528 6.03889 208.037 -35.13 17.2327 197.479 -5.67004 -48.8641 197.517 33.3404 6.8959 5.56345 5.8862 
158.302 154.065 154.711 155.022 153.411 158.387 143.75 139.91 138.797 134.229 -86.9502 248.07 -10.8526 -38.6731 222.865 -56.0616 -11.8774 217.917 -53.8991 7.67054 209.079 -35.0311 18.7484 198.1 -5.80555 -47.3645 198.817 33.415 6.94893 5.38311 6.56053 
157.512 153.638 154.347 154.094 152.512 157.693 144.032 139.504 138.047 133.547 -85.7578 248.511 -10.827 -36.8561 223.326 -56.3918 -10.0065 219.163 -53.6685 9.29673 210.048 -34.8107 20.2648 198.72 -5.7784 -45.7922 199.771 33.3265 7.0172 5.28523 7.0221 
157.192 153.591 154.471 154.246 152.606 157.055 144.128 139.497 138.347 134.002 -83.2241 248.833 -10.7158 -35.2245 224.109 -56.27 -8.20084 220.297 -53.2656 11.0407 210.627 -34.7069 21.8367 198.963 -5.85278 -44.2844 200.49 33.4656 7.03229 5.26394 7.35037 
157.417 153.781 154.746 154.494 152.854 156.748 144.377 139.536 138.404 134.055 -81.3538 249.476 -10.6235 -33.6009 224.468 -56.289 -6.55376 221.117 -52.9961 12.5779 211.151 -34.5994 23.294 199.388 -5.78951 -42.8805 201.177 33.5717 7.06978 5.22033 7.59963 
157.57 153.904 155.024 154.851 153.207 156.503 144.381 139.705 138.628 134.204 -79.1005 250.016 -10.601 -32.0566 225.183 -56.2882 -4.87392 222.099 -52.8414 14.2509 212.064 -34.5741 24.8136 200.183 -5.86886 -41.3561 201.679 33.5791 6.96949 5.18621 7.76243 
158.028 153.82 155.367 155.296 153.681 156.336 144.284 139.842 138.924 134.459 -77.4529 250.858 -10.3236 -31.043 225.87 -55.9245 -3.84676 222.737 -52.6068 15.352 212.279 -34.5687 26.0011 200.555 -5.80124 -40.1734 202.481 33.8461 7.05767 5.29997 7.66819 
158.552 153.926 155.592 155.378 153.956 156.627 143.932 140.096 138.88 134.301 -75.9505 251.678 -10.4268 -29.4784 226.932 -55.9431 -2.37603 223.422 -52.8949 16.9257 213.303 -34.7418 27.5719 201.523 -6.05774 -38.6427 202.783 33.5612 7.00288 5.27803 7.29003 
158.776 153.453 155.426 155.099 153.935 156.679 143.521 140.333 139.016 134.341 -74.6549 253.221 -9.74438 -28.7738 228.408 -55.3419 -1.55318 224.006 -52.7748 17.9624 213.808 -34.6127 28.8184 202.217 -5.77997 -37.5239 203.646 33.8475 7.15457 5.44337 6.95359 
159.108 153.233 155.381 154.966 153.939 157.093 142.985 140.413 138.825 134.08 -74.0473 254.343 -9.57893 -27.6882 229.746 -54.9261 -0.706806 224.371 -52.9349 18.9597 214.325 -34.662 29.9444 202.784 -5.78786 -36.3647 204.496 33.9145 7.26047 5.52606 6.40642 
159.409 153.133 155.13 154.661 153.818 157.416 142.572 140.42 138.535 133.694 -73.1181 255.924 -9.39046 -26.5384 231.107 -54.8309 0.317129 225.218 -53.1844 20.183 215.708 -34.7005 31.2881 204.167 -5.77731 -35.1432 205.167 33.7397 7.32869 5.57628 6.08505 
159.563 152.423 154.433 153.914 153.244 157.929 141.788 140.297 138.205 133.16 -72.9741 257.71 -8.88104 -25.9792 233.008 -54.2684 0.919223 225.991 -53.236 21.0338 216.753 -34.6027 32.323 205.46 -5.48682 -34.2018 206.253 33.828 7.43331 5.735 5.90193 
160.03 152.285 153.943 153.378 152.862 158.785 141.638 140.244 138.027 132.814 -73.6915 259.194 -8.14682 -25.5264 234.399 -53.8268 1.43939 226.555 -53.1395 21.743 217.39 -34.451 33.1578 206.279 -5.18572 -33.4438 207.232 34.1203 7.52578 5.86827 5.95353 
160.518 152.794 153.999 153.445 152.976 159.458 142.215 140.482 138.208 132.988 -74.3131 260.681 -7.31096 -25.2108 235.423 -53.7135 1.84156 227.397 -53.0624 22.2425 218.162 -34.4532 33.8598 207.02 -5.10874 -32.8529 208.307 34.4327 7.73124 5.90721 6.04652 
160.957 153.578 154.365 153.997 153.509 159.874 142.851 140.828 138.559 133.288 -74.6467 261.766 -6.61885 -24.8322 235.881 -53.7391 2.22586 228.008 -53.1074 22.667 219.048 -34.5911 34.4824 208.123 -5.11915 -32.2971 209.147 34.7221 7.77735 5.81804 6.00119 
161.278 154.17 154.667 154.472 154.063 160.216 143.309 141.213 138.946 133.708 -75.0572 262.58 -6.30844 -24.7306 236.575 -53.8633 2.42189 228.693 -53.4029 23.0307 220.258 -34.913 35.0617 209.73 -5.36131 -31.7156 210.218 34.8858 7.71642 5.78361 5.99817 
160.974 154.406 154.679 154.486 154.094 160.056 143.949 141.468 139.104 133.776 -75.2237 263.023 -5.87128 -24.6542 236.868 -54.0447 2.79333 229.279 -53.4629 23.4436 221.225 -34.9687 35.471 211.079 -5.42989 -31.1266 211.285 35.1833 7.50556 5.72905 6.20814 
160.248 154.245 154.382 154.033 153.599 159.641 144.267 141.471 138.973 133.696 -75.4494 263.265 -5.37415 -24.4939 236.965 -54.244 3.24 229.784 -53.5096 23.8121 222.118 -35.0474 35.9201 212.194 -5.55468 -30.5028 212.204 35.4422 7.40512 5.58829 6.42441 
160.139 154.421 154.572 154.279 153.827 159.439 144.362 141.657 139.186 133.967 -75.4471 263.051 -5.07878 -24.095 237.062 -54.1758 3.67238 230.028 -53.5756 24.1879 222.807 -35.1937 36.4494 213.143 -5.68275 -29.8936 212.612 35.6868 7.33451 5.43441 6.35922 
160.474 155.203 155.292 155.182 154.755 159.329 144.929 142.356 139.998 134.808 -75.2595 262.462 -5.21796 -23.7763 237.046 -54.2306 4.06983 230.082 -53.7969 24.6577 223.367 -35.4557 37.0046 214.3 -5.86592 -29.3283 213.113 35.9224 7.15612 5.36014 6.28174 
160.75 156.117 156.229 156.183 155.729 159.119 145.808 143.18 140.822 135.599 -74.8274 261.619 -5.40891 -23.4393 236.743 -54.4321 4.55012 230.189 -53.9898 25.171 224.099 -35.6261 37.5214 215.66 -6.00512 -28.7369 213.579 36.1458 6.89773 5.29148 6.27873 
160.736 156.38 156.635 156.509 156.041 158.899 146.157 143.601 141.209 135.909 -74.2613 261.397 -5.51698 -22.9535 236.729 -54.4841 5.04934 230.402 -54.1363 25.656 224.909 -35.7473 37.9524 217.071 -6.11055 -28.0888 214.185 36.3341 6.61029 5.22566 6.18647 
160.221 156.074 156.579 156.36 155.93 158.439 145.837 143.798 141.406 136.148 -73.341 261.28 -5.6266 -21.9069 237.078 -54.3798 6.05493 230.799 -54.3833 26.6281 226.392 -35.9838 39.0205 219.388 -6.28813 -26.7564 214.986 36.5039 6.38447 5.12518 5.95055 
160.496 156.522 157.037 156.879 156.424 158.355 146.136 144.305 142.05 136.79 -72.7358 260.501 -5.96982 -21.4555 237.085 -54.4207 6.47359 230.747 -54.6013 27.0984 226.514 -36.2251 39.4552 219.98 -6.48733 -26.247 214.986 36.5071 6.23872 5.08478 5.84018 
160.762 156.906 157.498 157.349 156.863 158.196 146.652 144.946 142.787 137.505 -71.7192 260.013 -6.02786 -21.0826 237.128 -54.4201 7.0285 230.824 -54.7082 27.7907 226.702 -36.3432 40.0816 220.535 -6.58732 -25.5804 215.089 36.6283 6.09873 5.12409 5.92832 
160.806 156.957 157.658 157.456 157.019 158.007 146.798 145.196 143.11 137.867 -70.9619 259.581 -5.95221 -20.7673 237.192 -54.2546 7.37409 231.027 -54.6617 28.2048 227.027 -36.3558 40.4954 221.026 -6.65593 -25.043 215.117 36.7738 5.99244 5.11411 5.89897 
160.957 156.875 157.652 157.329 156.926 158.053 146.876 145.369 143.258 137.986 -70.4698 259.576 -5.69737 -20.6105 237.374 -54.1266 7.72743 231.319 -54.6185 28.6844 227.539 -36.2717 41.0134 221.648 -6.54649 -24.504 215.073 36.935 5.98433 5.19192 6.01557 
160.733 156.555 157.378 156.887 156.507 157.954 146.801 145.429 143.205 137.841 -70.2575 259.651 -5.35708 -20.4756 237.407 -53.9831 8.06631 231.385 -54.588 29.0828 227.962 -36.1664 41.4286 222.334 -6.39384 -24.0338 215.114 37.0756 5.97136 5.25172 6.13551 
160.67 156.361 157.216 156.596 156.202 157.964 146.774 145.447 143.091 137.544 -70.192 259.522 -5.17019 -20.3438 237.113 -53.9253 8.41253 231.259 -54.5421 29.4471 228.32 -36.0096 41.7729 223.083 -6.13152 -23.6285 215.087 37.2194 5.96728 5.31267 6.25435 
160.725 156.171 157.083 156.343 155.94 158.061 146.618 145.435 143.014 137.347 -70.0873 259.167 -5.11986 -20.2218 236.826 -53.7774 8.69967 231.041 -54.4781 29.764 228.504 -35.8678 42.1131 223.659 -5.87804 -23.2574 214.94 37.3559 6.01072 5.35385 6.34244 
160.928 156.202 157.113 156.297 155.864 158.256 146.614 145.438 142.911 137.094 -70.0773 258.654 -5.16544 -20.0393 236.4 -53.6866 9.00377 230.685 -54.387 30.0619 228.537 -35.6813 42.4071 224.038 -5.60273 -22.9444 214.769 37.4798 6.05083 5.39866 6.41123 
161.027 156.236 157.121 156.3 155.877 158.314 146.593 145.386 142.857 136.979 -70.0094 258.091 -5.24329 -19.8971 236.015 -53.5508 9.20201 230.315 -54.2404 30.2799 228.317 -35.5182 42.6312 224.107 -5.40792 -22.6984 214.695 37.6262 6.07021 5.40067 6.45109 
161.106 156.201 157.1 156.26 155.896 158.383 146.446 145.264 142.701 136.8 -70.0123 257.618 -5.16377 -19.8088 235.669 -53.2612 9.26411 229.835 -54.0352 30.3634 227.971 -35.3179 42.7746 224.03 -5.22099 -22.4979 214.629 37.8459 6.09982 5.40349 6.44669 
161.195 156.238 157.12 156.288 155.98 158.428 146.374 145.107 142.573 136.726 -70.0708 257.215 -5.07213 -19.8146 235.401 -53.0114 9.27203 229.582 -53.7755 30.413 227.735 -35.1268 42.899 223.963 -5.08742 -22.3353 214.682 38.0826 6.11254 5.37587 6.46307 
161.214 156.229 157.087 156.299 156.048 158.406 146.317 144.89 142.426 136.685 -70.1048 256.819 -4.96726 -19.8691 234.939 -52.8654 9.2926 229.258 -53.5278 30.4741 227.378 -34.9826 43.0368 223.661 -5.0362 -22.1651 214.691 38.3064 6.10232 5.33531 6.5166 
161.267 156.272 157.118 156.363 156.175 158.415 146.285 144.767 142.372 136.709 -70.1895 256.516 -4.73983 -20.0489 234.546 -52.648 9.20872 228.881 -53.2899 30.4828 226.968 -34.8368 43.1356 223.35 -4.95627 -22.0312 214.682 38.6028 6.10792 5.33095 6.60087 
161.169 156.155 157.012 156.262 156.152 158.343 146.106 144.512 142.186 136.63 -70.2094 256.322 -4.4235 -20.1046 234.033 -52.4519 9.21527 228.46 -53.0586 30.5408 226.564 -34.6953 43.333 223.005 -4.87421 -21.8206 214.578 38.8689 6.15876 5.31229 6.6488 
161.051 155.995 156.892 156.144 156.11 158.232 145.955 144.281 142.013 136.564 -70.1878 256.058 -4.12406 -20.2481 233.577 -52.308 9.14317 228.139 -52.876 30.563 226.239 -34.5798 43.4961 222.65 -4.82173 -21.6364 214.43 39.0961 6.21131 5.33262 6.70659 
160.855 155.812 156.766 155.952 155.956 158.059 145.785 144.075 141.802 136.431 -70.0969 255.814 -3.81867 -20.392 233.178 -52.1926 9.06293 227.897 -52.7644 30.5777 226.091 -34.4869 43.6458 222.442 -4.7834 -21.4205 214.219 39.2845 6.25725 5.37843 6.75278 
160.656 155.642 156.635 155.712 155.71 157.915 145.715 143.974 141.639 136.262 -69.9942 255.684 -3.52104 -20.5614 232.883 -52.1437 9.04874 227.757 -52.703 30.6677 226.105 -34.3842 43.8303 222.453 -4.69007 -21.1966 214.078 39.4385 6.30847 5.46271 6.87152 
160.456 155.404 156.466 155.427 155.373 157.787 145.597 143.911 141.506 136.027 -69.9538 255.576 -3.16184 -20.7226 232.542 -52.0836 9.01112 227.564 -52.7003 30.7552 226.158 -34.3137 44.0145 222.668 -4.53825 -20.9405 213.911 39.6076 6.3894 5.56944 6.95562 
159.991 154.888 156.049 154.828 154.732 157.513 145.312 143.69 141.13 135.552 -69.8835 255.545 -2.75551 -20.7293 232.211 -52.0072 9.07654 227.413 -52.6699 30.889 226.364 -34.1544 44.2224 222.919 -4.33362 -20.6523 213.738 39.7227 6.46034 5.70186 6.99868 
