168.276 169.642 170.233 168.416 171.943 164.683 164.388 165.146 162.422 165.855 175.337 186.58 35.4132 190.558 182.773 -33.0415 174.027 186.007 -52.1104 143.887 182.113 -59.1594 109.149 164.368 -59.9664 119.356 145.18 22.5213 15.3996 6.73499 4.84523 
168.247 169.694 170.374 168.17 171.977 164.544 164.364 165.197 161.99 165.912 174.538 186.993 34.7298 190.221 182.898 -33.2289 173.651 186.155 -52.1818 143.303 182.448 -58.8389 108.877 163.937 -60.3027 119.12 145.09 22.3103 15.9389 6.79707 4.8971 
168.136 169.667 170.404 167.896 171.986 164.399 164.207 165.063 161.452 165.844 173.948 187.205 34.0919 189.795 183.049 -33.4036 173.102 186.421 -52.1696 142.633 182.717 -58.5956 108.481 163.628 -60.5992 118.861 145.007 22.0744 16.3735 6.84755 5.02602 
167.983 169.637 170.466 167.549 171.984 164.233 164.041 164.973 160.821 165.765 173.342 187.388 33.5687 189.273 183.311 -33.551 172.474 186.827 -52.0752 141.828 183.149 -58.226 108.051 163.364 -60.8828 118.562 144.959 21.8598 16.8913 6.93846 5.15481 
167.989 169.548 170.418 167.184 171.951 164.3 163.812 164.514 160.194 165.615 172.923 187.514 33.3178 188.694 183.568 -33.6225 171.618 187.395 -51.7151 140.982 183.418 -57.9138 107.427 163.162 -61.0233 118.206 144.91 21.7151 17.2828 6.96377 5.45342 
168.068 169.414 169.947 166.907 171.899 164.432 163.555 163.772 159.847 165.517 172.676 187.609 33.4104 188.181 183.909 -33.5056 170.823 187.962 -51.3308 140.435 183.47 -57.8326 106.83 163.162 -61.0746 117.854 144.917 21.6305 17.4011 6.8691 5.71487 
168.264 169.159 169.239 166.871 171.821 164.703 163.189 162.894 159.89 165.347 172.622 187.536 33.8389 187.715 184.186 -33.2525 170.077 188.408 -50.8675 140.127 183.119 -58.1717 106.182 163.304 -61.0492 117.496 144.855 21.5559 17.0995 6.82578 5.94547 
168.471 168.823 168.38 167.333 171.728 165.082 162.766 162.096 160.625 165.2 173.029 187.05 34.6577 187.247 184.544 -32.8705 169.48 188.675 -50.5516 140.111 182.375 -58.995 105.596 163.648 -60.9394 117.132 144.831 21.4851 16.3458 6.9406 5.94864 
168.825 168.371 167.665 167.911 171.617 165.624 162.208 161.436 161.611 165.022 173.386 186.693 35.4644 186.73 184.96 -32.4522 168.966 188.821 -50.2976 140.231 181.327 -60.114 105.034 164.024 -60.7959 116.752 144.859 21.4127 15.411 7.35615 5.79494 
169.188 168.074 167.551 168.674 171.592 166.183 161.879 161.657 162.908 165.056 173.958 185.969 36.4932 186.211 185.439 -31.9874 168.766 188.469 -50.6245 140.416 180.117 -61.3398 104.501 164.378 -60.6535 116.288 144.934 21.3796 14.4876 7.76672 5.27768 
169.248 167.753 168.109 169.574 171.549 166.338 161.798 162.838 164.559 165.126 174.148 184.987 37.1271 184.739 186.11 -32.3367 167.857 187.777 -52.374 139.994 178.775 -63.2748 103.515 164.849 -60.7029 115.19 145.349 21.0934 13.275 7.76583 4.69454 
169.035 167.788 168.515 169.504 171.546 166.019 162.024 163.346 164.592 165.019 173.794 184.289 36.8118 183.439 185.862 -33.2738 166.88 187.08 -53.5192 139.089 178.274 -63.8896 102.838 164.542 -60.5861 114.416 145.404 21.0169 12.7785 7.41906 4.4182 
169.202 168.19 168.98 169.478 171.68 166.032 162.558 163.838 164.468 165.214 173.052 184.451 36.097 182.394 185.867 -34.4079 165.955 187.082 -54.4709 137.948 178.748 -64.2955 102.132 164.541 -60.8979 113.69 145.579 20.7346 12.6325 7.1323 4.28268 
169.571 168.407 169.333 169.28 171.766 166.348 162.744 164.185 164.146 165.35 172.283 184.995 35.4826 181.607 186.253 -35.0679 165.29 187.444 -54.8962 136.847 179.38 -64.347 101.443 164.467 -61.3875 113.117 145.745 20.386 12.863 7.12745 4.14015 
170.008 168.43 169.296 169.063 171.791 166.969 162.723 164.008 163.847 165.395 171.84 185.552 35.4428 181.043 186.784 -35.3805 164.64 187.985 -55.0973 135.983 179.843 -64.5408 100.642 164.591 -61.8549 112.627 145.918 20.001 13.1071 7.25939 4.17596 
170.43 168.354 168.985 168.847 171.794 167.613 162.61 163.512 163.611 165.373 171.626 185.758 35.7318 180.527 187.182 -35.5157 163.846 188.611 -55.0565 135.193 180.167 -64.8426 99.7599 164.844 -62.184 112.1 146.07 19.673 13.2345 7.48777 4.38619 
170.765 168.308 168.818 168.907 171.813 168.265 162.616 163.406 163.774 165.41 171.968 185.533 36.3825 180.145 187.69 -35.6133 163.221 189.025 -55.4507 134.589 180.394 -65.4179 98.9347 165.402 -62.4575 111.645 146.368 19.3548 13.1265 7.60249 4.5708 
170.929 168.441 169.063 169.185 171.897 168.676 162.857 163.805 164.183 165.518 172.225 185.068 36.8855 179.596 188.146 -35.8505 162.588 189.195 -56.1498 133.951 180.618 -66.0088 98.2084 166.146 -62.5666 111.088 146.746 19.1183 12.7629 7.53165 4.66054 
170.928 168.797 169.56 169.52 172.036 168.527 163.396 164.504 164.616 165.708 172.281 184.57 36.9042 178.781 188.365 -36.5386 161.848 189.1 -57.1442 133.176 180.837 -66.5727 97.5245 166.672 -62.6413 110.482 147.175 18.9738 12.3837 7.27971 4.61785 
170.844 168.977 169.813 169.515 172.083 168.113 163.692 164.786 164.568 165.706 171.791 184.601 36.2435 177.726 188.361 -37.4551 160.832 189.007 -57.9705 132.095 181.141 -66.8444 96.6732 166.973 -62.621 109.812 147.569 18.8967 12.1638 7.02137 4.52375 
170.663 169.109 170.088 169.629 172.154 167.563 163.92 165.123 164.703 165.896 170.766 185.432 35.5054 176.967 188.655 -38.0745 160.184 189.155 -58.5549 131.337 181.554 -67.126 95.9705 167.234 -62.8025 109.21 147.95 18.7785 12.1548 6.91108 4.39263 
170.678 169.086 170.152 169.633 172.147 167.405 163.912 165.177 164.701 165.94 169.711 186.524 35.0614 176.407 189.076 -38.3634 159.645 189.411 -58.8568 130.708 181.847 -67.3497 95.2464 167.366 -63.0333 108.648 148.281 18.6425 12.3012 6.92518 4.34559 
170.902 168.875 170.059 169.668 172.076 167.571 163.686 165.14 164.803 165.88 168.752 187.738 35.0314 176.058 189.495 -38.4091 159.355 189.426 -59.2248 130.376 181.835 -67.7646 94.4959 167.59 -63.3549 108.121 148.492 18.3796 12.4625 6.96294 4.33146 
171.169 168.903 170.175 169.791 172.071 167.885 163.775 165.383 165.007 165.845 168.151 188.358 35.455 175.753 189.708 -38.4891 159.088 189.261 -59.6739 129.967 181.903 -68.1112 93.768 167.998 -63.5351 107.545 148.696 18.2036 12.4795 6.94878 4.38907 
171.21 169.224 170.526 170.003 172.158 167.985 164.253 165.888 165.246 165.857 167.752 188.459 36.0009 175.186 189.661 -38.9279 158.567 188.985 -60.3411 129.254 182.149 -68.4326 93.0003 168.547 -63.5941 106.877 148.931 18.1119 12.2917 6.8448 4.41607 
171.058 169.622 170.854 170.062 172.217 167.745 164.797 166.329 165.274 165.874 167.597 188.335 36.2146 174.544 189.651 -39.519 158.055 189.026 -60.8825 128.591 182.877 -68.4828 92.5649 169.32 -63.53 106.324 149.364 18.1025 12.0238 6.69071 4.30539 
170.787 169.868 171.089 170.116 172.248 167.348 165.217 166.694 165.352 165.879 167.564 188.034 36.3596 173.995 189.684 -39.968 157.649 189.174 -61.2533 128.008 183.595 -68.4832 92.107 170.144 -63.4033 105.791 149.836 18.1464 11.8143 6.64559 4.18538 
170.484 169.963 171.243 170.26 172.254 167 165.469 166.985 165.574 165.955 167.289 187.969 36.1556 173.36 189.843 -40.3616 157.079 189.304 -61.5919 127.335 183.979 -68.5711 91.3961 170.624 -63.3027 105.204 150.299 18.2209 11.7545 6.63636 4.10526 
170.224 169.845 171.216 170.337 172.142 166.796 165.308 167.006 165.67 165.752 166.761 188.266 35.88 172.591 189.984 -40.6376 156.461 189.145 -62.0236 126.645 184.025 -68.815 90.371 171.092 -63.2522 104.558 150.564 18.1557 11.8142 6.62692 3.99896 
170.175 169.406 170.969 170.25 171.935 166.944 164.744 166.739 165.598 165.479 166.171 189.212 35.7462 172.081 190.456 -40.6038 155.972 189.023 -62.3209 126.015 183.864 -69.1053 89.0643 171.257 -63.363 103.948 150.892 18.0333 12.2657 6.72017 4.08295 
170.64 169.275 170.881 170.139 171.786 167.455 164.447 166.533 165.437 165.178 165.683 190.311 35.7654 171.555 190.787 -40.7944 155.307 188.885 -62.6631 125.071 184.021 -69.1459 87.3391 171.415 -63.428 103.291 151.248 17.9257 13.0134 6.83464 4.23613 
171.369 169.306 170.933 170.158 171.775 168.227 164.316 166.438 165.462 165.012 165.113 191.222 35.9152 170.908 190.902 -41.0348 154.428 188.628 -63.037 123.986 183.997 -69.3047 85.4222 171.493 -63.5514 102.52 151.408 17.8026 13.759 6.92869 4.4471 
172.159 169.546 171.176 170.35 171.831 169.226 164.659 166.778 165.819 165.135 165.141 191.789 36.9119 170.879 190.965 -41.0505 154.018 188.564 -63.3734 123.235 184.45 -69.613 83.5993 172.518 -63.5965 101.859 151.816 17.7334 14.4696 7.14424 4.81681 
172.867 170.027 171.501 170.638 171.874 170.15 165.444 167.329 166.33 165.269 164.975 192.335 38.0001 170.996 190.441 -41.1864 153.594 188.458 -63.6984 122.379 185.157 -69.8477 81.6527 174.316 -63.2968 101.101 152.234 17.8014 15.0461 7.41572 5.15658 
173.63 170.282 171.676 170.899 171.793 171.085 166.017 167.668 166.756 165.303 165.376 192.728 38.5486 171.566 189.999 -41.3738 153.388 188.77 -64.1186 121.771 186.346 -70.1197 80.1319 176.911 -62.8767 100.634 152.894 17.783 15.4564 7.64591 5.6313 
174.364 170.23 171.652 171.144 171.603 171.897 166.143 167.692 167.073 165.197 166.178 193.109 38.2991 172.356 189.92 -41.6376 153.201 189.435 -64.6796 121.251 187.736 -70.4946 78.764 179.778 -62.4067 100.447 153.793 17.6491 15.9189 7.81187 6.25874 
174.814 170.38 171.803 171.626 171.588 172.206 166.378 167.871 167.652 165.321 166.373 193.85 37.5085 172.975 190.064 -41.9571 153.017 190.207 -65.2093 120.862 188.994 -70.8871 77.657 182.242 -62.005 100.304 154.705 17.5691 16.3562 7.88885 6.75995 
175.08 170.732 172.195 172.263 171.773 172.271 166.853 168.397 168.483 165.707 165.864 194.719 36.8862 173.158 190.239 -42.2064 152.661 190.637 -65.6632 120.327 189.631 -71.287 76.4327 183.921 -61.6322 99.9219 155.391 17.6371 16.8384 7.96 7.10849 
175.413 171.279 172.722 172.873 172.115 172.324 167.578 169.12 169.361 166.292 164.869 195.758 36.537 173.062 190.63 -42.4261 152.233 191.176 -66.0063 119.785 190.291 -71.6219 75.2838 185.149 -61.4411 99.402 155.893 17.7131 17.2669 8.00643 7.30702 
175.769 171.821 173.145 173.294 172.5 172.325 168.327 169.682 169.965 166.878 163.474 196.683 36.35 172.787 190.928 -42.4909 151.531 191.962 -66.1056 118.984 191.262 -71.6702 74.2287 186.033 -61.3885 98.7307 156.283 17.8524 17.4141 8.0643 7.5616 
175.919 171.993 173.245 173.332 172.677 172.254 168.611 169.763 170.027 167.228 162.059 196.872 35.8848 172.287 190.92 -42.5326 150.537 192.739 -66.1347 117.941 192.337 -71.6324 73.3019 186.856 -61.5031 97.9425 156.405 17.7929 17.2713 8.10891 7.88612 
175.986 171.767 172.948 173.021 172.562 172.313 168.437 169.341 169.639 167.187 161.238 196.245 35.5532 171.643 190.641 -42.499 149.356 193.348 -66.0154 116.707 193.274 -71.4513 72.2605 187.561 -61.5534 97.0474 156.396 17.6443 17.129 8.16612 8.2521 
175.982 171.412 172.599 172.745 172.374 172.42 168.12 168.951 169.345 167.086 160.769 195.875 35.2805 170.948 190.713 -42.5065 148.309 193.826 -66.0395 115.557 193.887 -71.4562 71.2318 188.088 -61.5789 96.2426 156.548 17.4974 17.0577 8.24513 8.49791 
176.046 171.228 172.394 172.636 172.229 172.538 167.924 168.722 169.2 166.884 160.708 195.82 34.9257 170.173 191.065 -42.8294 147.271 194.12 -66.317 114.489 194.193 -71.6079 70.2405 188.347 -61.54 95.5966 157.022 17.4538 17.0479 8.25059 8.60368 
176.042 171.281 172.403 172.721 172.172 172.458 168.033 168.804 169.298 166.745 160.057 196.541 34.8597 169.393 191.567 -43.0465 146.364 194.341 -66.5287 113.595 194.37 -71.7019 69.2555 188.542 -61.3236 94.9737 157.557 17.601 17.1628 8.23707 8.63073 
176.035 171.486 172.568 172.88 172.205 172.296 168.32 169.049 169.49 166.759 158.936 197.535 34.9414 168.709 191.975 -42.998 145.577 194.637 -66.5364 112.879 194.685 -71.6126 68.5171 188.761 -61.0923 94.3211 157.995 17.8824 17.167 8.19204 8.70049 
176.114 171.67 172.76 173.031 172.293 172.286 168.562 169.286 169.683 166.922 157.998 197.935 35.1609 168.34 192.505 -42.5505 145.021 195.355 -66.2782 112.356 195.486 -71.3968 68.0608 189.425 -60.9713 93.6754 158.336 18.069 17.0444 8.18414 8.90572 
176.126 171.508 172.637 172.84 172.191 172.342 168.343 169.028 169.375 166.816 157.386 197.516 35.0373 167.824 192.779 -42.2389 144.261 196.223 -65.9912 111.618 196.601 -71.1077 67.7268 190.388 -60.9374 92.9943 158.474 18.0013 16.6647 8.18525 9.12259 
176.048 171.156 172.319 172.491 172.006 172.374 167.889 168.533 168.864 166.57 156.836 196.887 34.7547 167.044 193.034 -42.054 143.368 197.053 -65.6984 110.733 197.66 -70.8092 67.3251 191.255 -60.9211 92.2236 158.522 17.8059 16.2524 8.19474 9.21687 
175.8 170.862 172.087 172.226 171.889 172.261 167.527 168.23 168.519 166.425 156.22 196.516 34.5099 165.99 193.484 -42.0726 142.478 197.57 -65.6344 109.803 198.235 -70.759 66.7808 191.614 -61.0077 91.3781 158.644 17.5915 15.9464 8.23031 9.08835 
175.596 170.774 171.908 172.026 171.788 172.095 167.426 168.055 168.244 166.199 155.534 196.766 34.2396 164.899 193.964 -42.2555 141.47 197.788 -65.7224 108.82 198.353 -70.7754 66.0543 191.473 -61.0643 90.5695 159.042 17.5956 15.7947 8.21085 8.97426 
175.525 170.921 171.872 171.977 171.708 171.927 167.628 168.085 168.146 165.953 154.486 197.632 34.2459 163.925 194.265 -42.376 140.33 197.849 -65.8301 107.747 198.324 -70.7199 65.0508 191.261 -60.9006 89.7473 159.486 17.8291 15.7987 8.16935 9.05556 
175.609 171.067 171.976 172.057 171.653 172.04 167.799 168.206 168.195 165.826 153.787 197.939 34.4837 163.188 194.426 -42.2646 139.337 197.893 -65.868 106.787 198.346 -70.6831 64.0399 191.334 -60.7021 88.9109 159.757 18.0207 15.8546 8.15132 9.25726 
175.717 170.899 171.956 172.059 171.523 172.343 167.546 168.074 168.077 165.647 153.667 197.684 34.618 162.507 194.476 -42.2527 138.471 198.063 -65.9926 105.921 198.672 -70.779 63.2448 191.93 -60.6394 88.1731 159.971 17.9607 15.782 8.14658 9.40435 
175.65 170.64 171.9 172.037 171.453 172.449 167.139 167.846 167.909 165.492 153.313 197.162 34.3389 161.57 194.69 -42.3044 137.527 198.425 -66.0718 104.926 199.183 -70.8446 62.5559 192.631 -60.5832 87.3847 160.052 17.7967 15.5082 8.16988 9.39549 
175.374 170.42 171.827 171.909 171.381 172.317 166.828 167.657 167.676 165.283 152.729 196.772 34.1369 160.284 195.087 -42.4892 136.453 198.746 -66.1674 103.796 199.571 -70.8657 61.8162 192.976 -60.4944 86.4844 160.17 17.6761 15.1939 8.20185 9.19765 
175.146 170.327 171.745 171.732 171.299 172.115 166.696 167.53 167.412 165.033 152.066 196.919 33.8906 158.979 195.654 -42.7189 135.367 198.986 -66.2611 102.657 199.735 -70.8388 61.0501 192.95 -60.3627 85.6301 160.539 17.7268 14.9312 8.2292 8.9684 
175.189 170.465 171.674 171.635 171.202 172.129 166.924 167.529 167.293 164.873 151.385 197.63 33.872 158.239 196.151 -42.7759 134.335 199.385 -66.2925 101.542 200.061 -70.744 60.0084 193.125 -60.1717 84.8762 161.225 17.9677 14.9397 8.28105 9.1269 
175.303 170.442 171.63 171.582 170.97 172.331 166.899 167.445 167.15 164.542 150.989 198.033 34.0185 157.958 196.378 -42.4897 133.553 199.654 -66.2374 100.675 200.391 -70.6404 59.0682 193.631 -59.8784 84.2068 161.76 18.1512 15.0347 8.34344 9.52146 
175.397 170.279 171.559 171.618 170.769 172.573 166.658 167.276 167.077 164.276 150.704 198.245 34.3246 157.624 196.571 -42.2008 132.865 200.029 -66.1659 99.977 200.893 -70.6257 58.2551 194.49 -59.6512 83.5535 162.118 18.1838 15.1184 8.3498 9.81677 
175.379 170.11 171.632 171.794 170.743 172.629 166.392 167.283 167.229 164.311 150.129 198.43 34.4488 156.905 197.056 -42.0037 132.139 200.501 -66.1663 99.22 201.448 -70.7103 57.4673 195.35 -59.5364 82.8056 162.376 18.1325 15.1104 8.35696 9.85125 
175.283 170.035 171.755 171.893 170.774 172.584 166.273 167.368 167.339 164.337 149.217 198.741 34.608 155.955 197.738 -41.9022 131.347 201.052 -66.2357 98.3985 202.048 -70.8275 56.7778 196.003 -59.5337 81.9708 162.526 17.9858 14.9552 8.37661 9.783 
175.06 170.036 171.799 171.852 170.739 172.379 166.282 167.328 167.228 164.182 148.171 199.115 34.6242 154.746 198.144 -42.1204 130.299 201.387 -66.3564 97.324 202.341 -70.8875 55.9999 196.076 -59.5704 81.072 162.625 17.8706 14.7152 8.39768 9.64028 
174.907 170.111 171.776 171.76 170.658 172.205 166.47 167.343 167.134 164.089 147.212 199.742 34.5975 153.85 198.512 -42.2295 129.263 201.76 -66.3784 96.1687 202.654 -70.8265 55.0595 196.165 -59.4984 80.2452 163.037 17.9886 14.5842 8.4779 9.68983 
174.892 170.086 171.667 171.661 170.516 172.231 166.515 167.254 166.987 163.899 146.618 200.365 34.469 153.411 198.647 -42.2595 128.347 201.981 -66.4633 95.129 202.866 -70.8487 54.0841 196.414 -59.3942 79.5745 163.606 18.1463 14.5903 8.55823 10.0012 
174.896 169.905 171.512 171.588 170.265 172.347 166.246 166.981 166.768 163.482 146.153 200.85 34.4352 152.95 198.721 -42.1997 127.528 202.099 -66.4943 94.2849 203.001 -70.8759 53.1766 196.786 -59.179 78.9624 163.961 18.2106 14.686 8.57609 10.2516 
174.967 169.773 171.498 171.704 170.21 172.495 166.043 166.939 166.865 163.453 145.728 201.271 34.476 152.486 199.032 -42.0997 126.928 202.329 -66.5767 93.6608 203.241 -71.0162 52.3842 197.318 -59.0891 78.3944 164.245 18.2053 14.8207 8.57791 10.3672 
175.091 169.819 171.692 171.956 170.349 172.64 166.03 167.148 167.179 163.715 145.328 201.6 34.4831 151.938 199.523 -42.1436 126.472 202.654 -66.7767 93.1936 203.631 -71.2364 51.7599 197.925 -59.1294 77.8822 164.479 18.1079 14.9098 8.56523 10.318 
175.111 169.918 171.931 172.209 170.532 172.602 166.094 167.432 167.538 164.063 144.648 201.937 34.327 151.3 200.079 -42.2316 126.012 203.065 -66.9982 92.7262 204.097 -71.4513 51.2276 198.479 -59.2337 77.3527 164.62 17.9466 14.9123 8.54913 10.2167 
174.834 169.953 172.095 172.331 170.597 172.297 166.113 167.499 167.61 164.024 143.174 202.401 34.0959 149.902 200.567 -42.3495 124.735 203.477 -67.1525 91.4094 204.505 -71.5602 50.2605 198.788 -59.2807 76.1607 164.833 17.835 14.6011 8.57137 10.1428 
174.516 169.943 172.073 172.247 170.51 171.948 166.16 167.434 167.477 163.858 142.417 202.391 33.8238 149.17 200.588 -42.4444 123.892 203.605 -67.1324 90.5141 204.647 -71.4006 49.72 198.774 -59.0979 75.5481 164.931 17.9422 14.3357 8.60228 10.1669 
174.357 169.94 171.97 172.115 170.404 171.734 166.226 167.337 167.279 163.669 141.745 202.568 33.515 148.594 200.604 -42.5041 122.965 203.83 -67.0698 89.5089 204.922 -71.2091 49.0202 198.977 -58.872 74.9172 165.287 18.1421 14.1319 8.65323 10.3384 
174.27 169.837 171.754 171.96 170.189 171.682 166.138 167.092 167.006 163.321 141.203 202.934 33.4906 148.226 200.525 -42.4205 122.17 204.022 -66.9563 88.6445 205.191 -71.0416 48.2415 199.334 -58.6184 74.3473 165.631 18.3155 14.1144 8.70599 10.6045 
174.301 169.656 171.54 171.856 170.016 171.758 165.893 166.826 166.809 163.067 140.738 203.417 33.5116 147.893 200.631 -42.2356 121.636 204.266 -66.7815 88.0689 205.489 -70.9034 47.5428 199.795 -58.3915 73.8616 165.918 18.4184 14.2451 8.73684 10.7355 
174.413 169.536 171.476 171.902 170.005 171.881 165.709 166.769 166.861 163.104 140.351 203.992 33.5207 147.591 201.034 -42.0149 121.401 204.558 -66.6617 87.8077 205.785 -70.8812 47.0387 200.285 -58.3102 73.4703 166.243 18.4666 14.4357 8.74333 10.7097 
174.549 169.54 171.547 172.063 170.16 171.944 165.61 166.846 167.066 163.375 139.833 204.395 33.236 147.196 201.449 -41.9637 121.219 204.883 -66.646 87.6515 206.164 -70.923 46.663 200.813 -58.3379 73.1132 166.444 18.4098 14.5769 8.7087 10.5645 
174.569 169.578 171.658 172.227 170.302 171.979 165.605 166.992 167.288 163.56 139.511 204.724 33.3091 146.843 201.864 -41.985 121.074 205.177 -66.7531 87.5192 206.541 -71.0356 46.3408 201.355 -58.3506 72.7791 166.629 18.3112 14.6912 8.68242 10.44 
174.557 169.635 171.818 172.417 170.451 171.913 165.629 167.175 167.526 163.748 139.044 204.997 33.1302 146.451 202.18 -42.1105 120.877 205.396 -66.9733 87.3442 206.884 -71.2139 46.1176 201.866 -58.4135 72.4349 166.775 18.1707 14.6789 8.65008 10.3317 
174.454 169.674 171.945 172.542 170.523 171.784 165.666 167.307 167.673 163.83 138.567 205.2 32.9954 145.983 202.451 -42.2615 120.519 205.634 -67.1694 86.9848 207.213 -71.3337 45.7972 202.281 -58.4234 72.0358 166.938 18.0744 14.6174 8.63464 10.2627 
174.293 169.707 172.033 172.611 170.572 171.617 165.714 167.384 167.736 163.83 138.091 205.218 32.7969 145.456 202.567 -42.4094 119.982 205.743 -67.3597 86.4204 207.387 -71.4385 45.4193 202.515 -58.422 71.5671 167.078 18.0235 14.4573 8.64335 10.2724 
174.122 169.77 172.079 172.643 170.587 171.434 165.822 167.423 167.729 163.743 137.47 205.171 32.6856 144.903 202.647 -42.3871 119.251 205.881 -67.3312 85.619 207.552 -71.3563 44.9081 202.68 -58.2349 70.9937 167.178 18.1025 14.2361 8.69685 10.3751 
173.91 169.794 172.035 172.606 170.502 171.225 165.905 167.359 167.597 163.503 136.69 205.09 32.8208 144.35 202.58 -42.1266 118.399 205.979 -67.0564 84.6698 207.666 -71.0558 44.2971 202.732 -57.8766 70.3111 167.209 18.3349 13.9935 8.78217 10.5681 
173.728 169.701 171.883 172.476 170.307 171.059 165.811 167.14 167.321 163.147 135.982 205.066 32.8735 143.808 202.412 -41.8611 117.571 206.088 -66.6881 83.7663 207.864 -70.6438 43.6889 202.889 -57.4571 69.6427 167.259 18.5856 13.7892 8.85273 10.7279 
173.758 169.562 171.701 172.332 170.169 171.049 165.652 166.931 167.094 162.938 135.382 205.317 32.6253 143.427 202.315 -41.6257 116.986 206.256 -66.3894 83.122 208.155 -70.3471 43.114 203.28 -57.1595 69.0757 167.493 18.7693 13.7543 8.90116 10.8479 
173.868 169.382 171.5 172.239 170.079 171.112 165.422 166.714 166.946 162.809 134.738 205.662 32.2369 143.16 202.265 -41.3972 116.632 206.371 -66.1984 82.733 208.326 -70.2583 42.5879 203.646 -57.0549 68.6139 167.665 18.788 13.8796 8.93308 10.9365 
174.003 169.232 171.371 172.208 170.071 171.223 165.219 166.578 166.892 162.763 134.202 206.056 31.8327 142.864 202.339 -41.3508 116.373 206.471 -66.217 82.4764 208.482 -70.3548 42.1574 204.002 -57.094 68.2172 167.833 18.6696 14.0184 8.93365 10.9427 
174.092 169.152 171.322 172.235 170.109 171.269 165.066 166.514 166.9 162.74 133.724 206.391 31.3345 142.487 202.36 -41.5891 116.128 206.398 -66.5007 82.2876 208.49 -70.6579 41.8383 204.258 -57.2713 67.8713 167.94 18.4322 14.1101 8.89084 10.8661 
174.082 169.11 171.311 172.27 170.152 171.23 164.959 166.493 166.928 162.723 133.287 206.682 30.9014 142.032 202.49 -41.9495 115.844 206.385 -66.8653 82.0795 208.516 -70.9985 41.5502 204.454 -57.4801 67.5385 167.999 18.1284 14.1593 8.82787 10.7452 
174.049 169.17 171.387 172.367 170.261 171.165 165.013 166.634 167.095 162.869 132.93 206.883 30.6444 141.646 202.643 -42.3304 115.615 206.353 -67.3047 81.9021 208.521 -71.3988 41.3125 204.578 -57.7507 67.2541 168.033 17.8419 14.1823 8.77744 10.646 
174.019 169.232 171.475 172.461 170.376 171.123 165.051 166.759 167.234 162.994 132.645 206.957 30.3761 141.289 202.788 -42.6558 115.392 206.334 -67.6748 81.7138 208.534 -71.7215 41.1102 204.712 -57.9305 66.9942 168.05 17.6034 14.1748 8.73846 10.5603 
