158.699 173.804 164.486 140.52 150.045 143.132 166.772 159.696 79.068 83.0859 -39.0255 132.61 13.5346 13.4081 114.404 -53.6273 -33.0622 96.5046 -58.7794 -46.0035 156.017 23.2111 -58.8658 159.771 20.6141 -42.3567 183.633 -5.56664 11.23 94.2764 21.7422
158.638 173.735 164.491 140.757 150.036 143.178 166.778 159.65 79.1223 83.0262 -38.9567 132.739 13.4541 13.7605 114.495 -53.8813 -32.9911 96.6351 -59.0966 -45.9326 156.285 23.182 -58.7532 160.05 20.4815 -42.1723 183.841 -5.62122 11.2928 94.3877 21.8789
158.535 173.688 164.459 141.13 150.138 143.151 166.796 159.628 79.0805 82.8732 -38.7191 132.876 13.3545 14.2467 114.529 -54.1991 -32.7742 96.6799 -59.4207 -45.6887 156.615 23.1263 -58.5072 160.344 20.347 -41.9013 184.017 -5.69633 11.3234 94.5722 21.9863
158.404 173.709 164.405 141.574 150.28 143.079 166.857 159.728 79.0806 82.7558 -38.3576 133.062 13.342 14.7842 114.516 -54.3603 -32.4689 96.6833 -59.7343 -45.3336 156.933 23.2045 -58.1407 160.57 20.3335 -41.6178 184.174 -5.72415 11.3763 94.8767 22.0444
158.226 173.745 164.217 142.134 150.522 142.943 166.852 159.783 79.0831 82.6505 -37.8901 133.157 13.2827 15.459 114.598 -54.536 -31.9362 96.747 -60.1082 -44.8422 157.156 23.2603 -57.6689 160.646 20.3063 -41.2482 184.232 -5.77782 11.384 95.2555 22.0821
158.022 173.822 164.084 142.614 150.707 142.787 166.838 159.952 79.018 82.4833 -37.4711 133.196 13.288 16.1402 114.649 -54.6064 -31.3129 96.8193 -60.5141 -44.3513 157.311 23.3162 -57.2114 160.637 20.2904 -40.8394 184.213 -5.80154 11.3661 95.7381 22.0737
157.784 173.893 164.02 143.102 150.787 142.62 166.834 160.209 78.8826 82.1957 -37.1231 133.077 13.2758 16.9227 114.742 -54.7899 -30.6342 96.9248 -61.1166 -43.8857 157.368 23.3126 -56.7857 160.514 20.2019 -40.3753 184.083 -5.82781 11.3376 96.3318 22.122
157.571 174.016 164.071 144.162 150.895 142.426 166.932 160.484 79.0673 82.0019 -36.6517 133.089 13.5464 17.5925 114.645 -54.713 -30.0322 96.7593 -61.2726 -43.4167 157.666 23.7766 -56.2677 160.51 20.3337 -39.91 183.974 -5.79212 11.463 97.1427 22.1441
157.399 174.157 164.022 144.75 151.131 142.167 166.991 160.652 79.1607 81.9422 -36.1544 133.129 13.8102 18.2006 114.564 -54.6399 -29.5514 96.6268 -61.3983 -42.8371 157.786 24.1086 -55.6826 160.43 20.5337 -39.4322 183.865 -5.71235 11.5031 97.6985 22.209
157.345 174.308 163.961 145.203 151.359 141.95 167.132 160.86 79.1885 81.8469 -35.7102 133.26 13.9347 18.8673 114.563 -54.7294 -29.2069 96.6585 -61.7564 -42.3514 157.995 24.3029 -55.1889 160.529 20.6432 -39.0156 183.902 -5.65079 11.5538 98.1883 22.3571
157.308 174.515 163.838 145.217 151.581 141.729 167.25 161.118 79.0711 81.7661 -35.3042 133.407 13.9191 19.5856 114.831 -54.8591 -28.6995 97.0424 -62.3195 -41.7988 158.149 24.2717 -54.6505 160.587 20.6464 -38.5771 184.022 -5.60174 11.559 98.565 22.4575
157.28 174.723 163.72 145.175 151.701 141.668 167.358 161.404 78.7879 81.583 -34.9372 133.212 13.7625 20.3506 114.993 -54.9868 -28.1126 97.4591 -63.0767 -41.3395 158.049 24.1078 -54.1924 160.428 20.5406 -38.1158 183.954 -5.49538 11.5752 98.8986 22.5402
157.269 174.863 163.688 145.044 151.583 141.75 167.488 161.63 78.506 81.3357 -34.7538 132.854 13.7937 20.9388 114.833 -54.9405 -27.7103 97.5639 -63.4791 -41.0096 157.817 24.0372 -53.8809 160.213 20.5099 -37.6368 183.745 -5.31773 11.5504 99.1003 22.6329
157.335 174.995 163.649 145.095 151.412 141.858 167.674 161.815 78.4243 81.1691 -34.3778 132.452 13.9945 21.61 114.586 -54.8639 -27.2388 97.4635 -63.7176 -40.6141 157.508 24.201 -53.5185 159.946 20.659 -37.0952 183.468 -5.06542 11.4987 99.3023 22.7372
157.473 175.151 163.762 145.785 151.542 141.873 168.019 161.981 78.6216 81.127 -33.7816 132.344 14.5832 22.1445 114.114 -54.6396 -26.9884 96.8777 -63.3357 -40.1682 157.658 24.8866 -53.0288 159.984 21.1481 -36.6063 183.27 -4.80274 11.5969 99.8168 22.8765
157.632 175.424 163.715 146.45 152.108 141.674 168.431 162.23 78.5692 81.0124 -32.0846 132.403 15.1575 23.4224 114.132 -54.5853 -25.9027 96.4253 -62.9271 -38.8055 157.87 25.6309 -51.619 159.901 21.833 -35.6181 183.04 -4.41948 11.7607 100.581 23.0335
157.943 175.483 163.569 146.478 152.39 141.695 168.619 162.248 78.5202 81.1149 -31.6132 132.394 15.2113 23.5633 114.053 -54.672 -25.8106 96.2515 -62.7394 -38.458 157.904 25.7793 -51.2495 159.839 22.038 -35.4109 182.932 -4.34546 11.7948 100.778 23.0743
158.13 175.561 163.557 146.951 152.687 141.647 168.882 162.459 78.712 81.1863 -31.0507 132.409 15.4478 23.828 113.855 -54.7474 -25.5629 96.0869 -62.6972 -38.1103 158.182 26.1899 -50.859 159.942 22.3023 -35.104 182.856 -4.24638 11.8916 101.368 23.0366
158.276 175.678 163.535 147.325 152.87 141.612 169.162 162.597 78.8745 81.1895 -30.5439 132.372 15.7241 24.0883 113.698 -54.949 -25.3229 95.8966 -62.6693 -37.7167 158.393 26.5546 -50.4403 159.981 22.5432 -34.807 182.762 -4.14628 11.9855 101.846 22.9972
158.417 175.783 163.531 147.546 152.853 141.627 169.479 162.702 79.1028 81.1814 -30.268 132.396 16.0463 24.3026 113.586 -55.0632 -25.245 95.7999 -62.6038 -37.4846 158.639 26.9454 -50.205 160.137 22.7921 -34.5741 182.789 -4.00276 12.0373 102.187 23.0275
158.487 175.938 163.369 147.833 152.824 141.543 169.802 162.712 79.4281 81.1908 -29.827 132.372 16.5056 24.4632 113.395 -55.0789 -25.1148 95.4987 -62.2766 -37.2274 158.792 27.5379 -49.9226 160.128 23.166 -34.3298 182.671 -3.78357 12.1416 102.577 23.0288
158.457 176.163 163.175 148.006 152.621 141.444 170.151 162.696 79.8074 81.2005 -29.57 132.31 16.9063 24.5793 113.17 -55.0758 -25.138 95.2432 -61.9892 -37.0329 158.874 28.1022 -49.7041 160.053 23.4717 -34.0983 182.536 -3.5802 12.2605 102.902 23.1092
158.486 176.413 162.952 148.075 152.352 141.433 170.538 162.564 80.1834 81.1954 -29.2349 132.241 17.3178 24.619 112.819 -54.9235 -25.2582 94.8341 -61.4447 -36.8715 158.957 28.6851 -49.5331 160.035 23.8047 -33.9233 182.402 -3.35484 12.3761 103.048 23.2018
158.547 176.7 162.707 147.954 152.087 141.395 170.947 162.483 80.4958 81.2139 -28.7367 132.177 17.6467 24.6912 112.512 -54.769 -25.3475 94.3822 -60.9085 -36.6611 158.941 29.203 -49.3379 159.952 24.1652 -33.7817 182.235 -3.13609 12.4373 103.107 23.3156
158.561 176.972 162.409 147.743 151.904 141.315 171.308 162.367 80.689 81.2352 -28.2405 132.144 17.7891 24.8156 112.324 -54.6624 -25.3375 94.0193 -60.4736 -36.4529 158.842 29.5464 -49.1384 159.826 24.4292 -33.6425 182.082 -2.96342 12.4742 103.047 23.4164
158.633 177.193 162.165 147.507 151.693 141.225 171.633 162.223 80.8723 81.2674 -27.9792 132.173 17.8442 24.8684 112.257 -54.5871 -25.3869 93.7839 -60.0617 -36.3353 158.795 29.8113 -49.0233 159.771 24.6095 -33.5635 182.033 -2.80725 12.5179 102.874 23.5155
158.692 177.157 161.828 147.37 151.485 141.178 171.965 161.943 80.9682 81.5739 -28.0732 132.208 17.7271 24.8645 112.211 -53.9804 -25.4848 93.629 -59.0728 -36.4569 158.821 29.9124 -49.1774 159.696 24.6495 -33.4183 181.91 -2.77932 12.4157 102.669 23.8125
158.745 177.093 161.737 147.172 151.408 141.025 172.121 161.668 80.9125 81.7886 -27.9072 132.345 17.6348 24.9486 112.316 -53.4666 -25.3508 93.5162 -58.1898 -36.371 158.84 29.9319 -49.1329 159.632 24.7167 -33.226 181.833 -2.74315 12.3007 102.43 24.0052
158.775 177.031 161.595 146.981 151.431 140.862 172.141 161.389 80.7293 81.9637 -27.6798 132.482 17.4766 25.2126 112.687 -53.1577 -25.0549 93.6267 -57.6524 -36.2099 158.742 29.7944 -49.0135 159.493 24.7273 -33.0201 181.794 -2.73309 12.1535 102.17 24.2126
158.791 176.994 161.454 146.829 151.584 140.627 172.106 161.231 80.4623 82.0981 -27.3188 132.626 17.2773 25.5933 113.195 -53.0359 -24.5944 93.8299 -57.4011 -35.8972 158.601 29.5947 -48.74 159.286 24.7361 -32.79 181.737 -2.73989 12.0177 102.034 24.3727
158.718 176.963 161.352 146.691 151.853 140.372 171.984 161.155 80.079 82.1408 -26.8823 132.762 17.0764 26.0812 113.672 -52.9899 -24.0682 94.0226 -57.3435 -35.5078 158.392 29.3141 -48.3783 159.068 24.7387 -32.5278 181.662 -2.76264 11.8794 101.917 24.5168
158.526 176.931 161.024 146.475 152.381 140.066 171.68 161.046 79.3069 82.1135 -25.8168 132.862 16.4756 27.2359 114.777 -53.2772 -22.9333 94.6823 -57.8094 -34.6069 157.721 28.6778 -47.5342 158.541 24.7254 -31.9546 181.513 -2.75608 11.5952 101.607 24.7839
158.23 176.785 160.849 146.3 152.671 139.803 171.192 161.093 78.6305 82.1356 -25.5324 133.033 15.9257 27.7384 115.535 -53.5515 -22.4245 95.5267 -58.6969 -34.3518 157.102 27.8854 -47.2804 158.24 24.509 -31.7927 181.555 -2.87856 11.3783 101.243 24.8456
157.958 176.658 160.956 146.166 152.87 139.563 170.819 161.222 78.1811 82.1711 -25.4089 133.158 15.6065 28.045 115.803 -53.5458 -22.1563 96.0412 -59.247 -34.2459 156.602 27.3835 -47.1861 158.054 24.4145 -31.6314 181.529 -2.90521 11.209 100.978 24.8805
157.687 176.544 161.202 146.067 152.935 139.357 170.487 161.41 77.8633 82.2629 -25.4556 133.275 15.3352 28.2208 115.936 -53.5145 -22.0552 96.4927 -59.8145 -34.2324 156.233 26.9615 -47.1851 157.926 24.3041 -31.5428 181.531 -2.95041 11.0802 100.831 24.9119
157.519 176.458 161.56 145.98 152.916 139.248 170.269 161.628 77.7005 82.3559 -25.6546 133.303 15.1533 28.2201 115.755 -53.3429 -22.1851 96.7201 -60.205 -34.3697 155.944 26.6833 -47.328 157.85 24.2003 -31.5211 181.501 -2.98221 11.0006 100.704 24.9468
157.48 176.367 161.972 145.913 152.877 139.236 170.113 161.852 77.6278 82.3947 -25.8662 133.308 15.0145 28.1741 115.544 -53.1516 -22.3061 96.8787 -60.5232 -34.6148 155.796 26.4907 -47.581 157.894 24.0843 -31.5497 181.516 -3.01129 10.9413 100.629 24.9395
157.448 176.286 162.45 145.921 152.833 139.267 170.004 162.048 77.6537 82.4576 -26.162 133.256 14.9758 28.0561 115.239 -52.9719 -22.4834 96.8828 -60.7102 -34.8927 155.758 26.4038 -47.8459 157.963 23.9819 -31.5941 181.508 -3.05616 10.922 100.641 24.9235
157.451 176.249 162.935 145.92 152.76 139.325 169.971 162.262 77.7453 82.4849 -26.418 133.212 15.0213 27.9543 114.972 -52.7626 -22.6017 96.8215 -60.7629 -35.1182 155.806 26.4405 -48.0617 158.063 23.9405 -31.6463 181.509 -3.05933 10.925 100.706 24.8905
157.482 176.213 163.382 145.921 152.69 139.414 169.979 162.48 77.8557 82.4838 -26.5641 133.151 15.141 27.8968 114.735 -52.6163 -22.6915 96.7031 -60.8173 -35.3028 155.882 26.5301 -48.2505 158.174 23.9534 -31.7081 181.503 -3.05405 10.9167 100.823 24.8673
157.548 176.164 163.788 145.945 152.626 139.547 169.991 162.639 77.9913 82.488 -26.7404 133.101 15.2061 27.8158 114.562 -52.5346 -22.8113 96.6184 -60.8632 -35.495 156.022 26.6041 -48.4234 158.325 23.9113 -31.7726 181.545 -3.07865 10.9496 100.928 24.8553
157.664 176.145 164.17 145.966 152.565 139.716 170.088 162.814 78.1492 82.4719 -26.9691 133.01 15.3129 27.7011 114.321 -52.4527 -22.9457 96.4108 -60.8126 -35.7137 156.172 26.7177 -48.6232 158.467 23.8793 -31.8532 181.552 -3.11045 10.9875 101.03 24.8297
157.845 176.147 164.535 145.975 152.535 139.93 170.256 163.01 78.3381 82.4423 -27.1765 132.919 15.4807 27.5589 114.076 -52.3986 -23.081 96.1292 -60.7281 -35.9551 156.387 26.8986 -48.8456 158.658 23.9031 -31.9837 181.574 -3.12691 11.0317 101.18 24.772
158.064 176.135 164.893 145.974 152.561 140.126 170.48 163.117 78.5186 82.4333 -27.5172 132.816 15.7325 27.3033 113.738 -52.3025 -23.3191 95.672 -60.3932 -36.3245 156.626 27.1211 -49.1862 158.871 23.9523 -32.1859 181.56 -3.12189 11.0821 101.259 24.7186
158.304 176.114 165.209 145.926 152.546 140.342 170.8 163.218 78.8184 82.5211 -27.9374 132.749 16.0597 26.8347 113.34 -52.1153 -23.738 95.1545 -59.9135 -36.7989 156.916 27.4493 -49.6292 159.113 24.0622 -32.4998 181.566 -3.09932 11.137 101.347 24.6497
158.587 176.077 165.533 146.021 152.464 140.628 171.154 163.281 79.2651 82.6306 -28.7691 132.587 16.4319 26.0854 112.721 -51.8047 -24.4299 94.6336 -59.4147 -37.6153 157.332 27.8598 -50.3719 159.489 24.1105 -32.9431 181.591 -3.07507 11.2448 101.526 24.5346
158.907 175.954 165.774 146.237 152.207 141.083 171.461 163.222 79.8092 82.781 -29.9038 132.331 16.6807 24.9914 112.014 -51.5882 -25.4233 94.2289 -58.9757 -38.6943 157.794 28.2528 -51.3647 159.888 24.0529 -33.5192 181.662 -3.06259 11.3742 101.652 24.3573
159.311 175.885 166.065 146.748 151.945 141.702 171.923 163.269 80.6905 82.9372 -31.3601 131.665 17.3296 23.4277 110.975 -51.4369 -26.8499 93.1073 -58.2269 -40.1771 158.171 29.0275 -52.8355 160.051 24.2025 -34.7418 181.371 -3.08645 11.5134 102.002 24.205
159.483 175.997 166.164 146.902 151.519 141.957 172.306 163.133 81.1126 82.7499 -31.7249 131.282 18.0184 22.6185 110.19 -51.152 -27.4123 91.8812 -57.0418 -40.5739 158.295 29.6916 -53.2262 159.984 24.4266 -35.2484 180.987 -3.00366 11.7326 102.074 24.0893
159.59 176.125 166.227 147.029 151.374 142.03 172.623 162.821 81.3296 82.6442 -31.7011 130.972 18.6888 21.9379 109.503 -50.8573 -27.9501 90.6041 -55.6777 -40.7435 158.222 30.2869 -53.405 159.692 24.7926 -35.7052 180.488 -2.87308 11.9137 102.019 24.1198
159.307 176.32 165.85 146.913 151.11 141.312 172.419 162.305 81.0076 82.3035 -31.094 131.146 19.0141 21.3113 109.723 -51.1113 -27.728 89.822 -53.9992 -39.9235 157.81 30.5709 -52.6235 158.738 25.0997 -35.9789 179.913 -2.73702 12.2492 101.676 23.9267
159.046 176.349 165.407 146.999 151.204 140.555 172.15 161.937 80.787 82.0833 -31.0884 131.277 19.1645 20.6883 110.039 -51.378 -27.6476 89.6843 -53.2152 -39.5263 157.404 30.7984 -52.1852 157.981 25.3162 -36.2638 179.515 -2.49666 12.5536 101.577 23.6898
158.986 176.23 165.014 147.262 151.523 140.053 171.889 161.62 80.6126 82.0368 -31.8027 131.356 19.1735 19.9611 110.428 -51.3884 -27.7897 90.0458 -52.7892 -39.7221 157.082 31.011 -52.2704 157.519 25.484 -36.6123 179.388 -2.10144 12.7851 101.401 23.4119
158.936 175.953 164.734 147.703 151.907 139.751 171.625 161.29 80.4821 82.1491 -32.9227 131.329 19.182 19.2408 110.898 -51.2624 -27.9757 90.6707 -52.5336 -40.3234 156.772 31.2731 -52.7491 157.151 25.7027 -37.0269 179.393 -1.52789 12.9158 101.117 23.1099
159.0 175.561 164.651 148.278 152.233 139.814 171.441 161.033 80.3617 82.4149 -33.9458 131.138 19.0845 18.5534 111.193 -51.0693 -28.2066 91.1751 -52.1767 -41.012 156.45 31.5944 -53.409 156.79 26.0885 -37.4612 179.372 -0.828295 12.8463 100.671 22.8222
159.012 175.104 164.38 148.823 152.365 140.082 171.275 160.707 80.2148 82.6931 -34.8922 130.776 19.3452 17.943 111.107 -50.5255 -28.4909 91.4284 -51.5921 -41.8687 156.117 32.0433 -54.3073 156.486 26.6505 -37.864 179.241 -0.0236815 12.6168 100.285 22.6004
158.869 174.688 163.996 149.182 152.583 140.379 171.081 160.307 79.8894 82.943 -35.495 130.363 20.0112 17.3913 110.604 -49.852 -28.7081 91.2666 -50.7883 -42.6486 155.811 32.5536 -55.1531 156.219 27.4477 -38.2352 178.954 0.78693 12.3166 100.063 22.3452
158.698 174.462 163.85 149.434 152.98 140.712 171.022 160.046 79.554 83.1862 -35.5435 129.771 20.815 17.162 109.805 -49.2717 -28.7035 90.4241 -49.7109 -42.9535 155.344 33.186 -55.4281 155.69 28.4391 -38.5156 178.371 1.518 12.2123 99.8481 22.197
158.579 174.262 163.752 149.585 153.166 141.128 170.987 159.701 79.5262 83.4786 -35.673 129.099 21.6291 16.9197 108.88 -48.5985 -28.9351 89.4774 -48.561 -43.174 154.694 33.9307 -55.5456 155.051 29.3932 -38.8087 177.764 2.17334 12.2696 99.4173 22.18
158.432 174.113 163.854 149.478 153.196 141.471 171.004 159.399 79.5387 83.6773 -35.7746 128.573 22.1398 16.7345 108.222 -48.1119 -29.2169 88.6825 -47.5797 -43.232 154.045 34.5237 -55.4501 154.462 30.1467 -39.1346 177.294 2.71135 12.4594 98.7699 22.2401
158.287 174.098 164.311 149.225 153.23 141.67 171.156 159.338 79.6049 83.8379 -35.5565 128.356 22.6617 16.4832 107.817 -47.7362 -29.4436 87.8804 -46.5782 -43.0492 153.573 35.1751 -55.1581 154.006 30.9819 -39.4895 176.96 3.20718 12.6271 98.2028 22.2593
158.097 174.185 164.935 148.758 153.264 141.544 171.502 159.52 79.5597 83.9831 -35.713 128.349 23.219 16.0293 107.575 -47.4016 -29.7486 87.3481 -45.8696 -43.1739 153.258 35.7373 -55.2237 153.721 31.7525 -39.9521 176.776 3.76349 12.6739 97.8441 22.1619
157.92 174.243 165.605 148.07 153.306 141.305 171.937 159.969 79.5726 84.227 -36.2957 128.241 23.962 15.225 106.982 -46.8873 -30.3478 86.7358 -45.28 -43.6942 152.975 36.3753 -55.7633 153.573 32.6116 -40.5355 176.513 4.40133 12.5299 97.7655 21.9388
157.78 174.157 165.941 147.227 153.469 141.031 172.306 160.47 79.5819 84.5026 -37.4614 128.055 24.8163 13.9272 106.175 -46.0055 -31.1954 86.4658 -44.9307 -44.8866 152.708 37.014 -57.0348 153.62 33.4341 -41.2561 176.312 5.18169 12.2052 97.8763 21.4175
157.74 174.006 166.232 146.319 153.563 141.011 172.628 161.042 79.5371 84.6007 -38.4151 127.354 25.6138 12.705 105.131 -45.4277 -31.8759 85.8387 -44.7457 -46.0459 152.026 37.6113 -58.3341 153.302 34.2352 -41.9938 175.711 6.01622 11.8269 97.968 20.8778
157.69 173.759 166.337 145.078 153.322 141.303 172.787 161.293 79.128 84.4838 -39.593 126.052 26.2629 11.5995 103.894 -44.99 -32.6318 84.943 -44.5852 -47.3579 150.77 37.8239 -59.7415 152.486 34.7826 -42.7793 174.732 6.7772 11.4946 97.657 20.5396
157.744 173.507 166.394 143.968 153.095 141.856 172.793 161.265 78.6815 84.3971 -40.3021 124.715 26.4119 11.0956 103.317 -44.7562 -33.1042 84.1958 -44.3088 -47.8739 149.261 37.7788 -60.3084 151.249 35.2181 -43.472 173.702 7.24515 11.3196 96.9668 20.5736
157.487 173.372 166.558 142.987 153.122 142.053 172.823 161.374 78.4335 84.5998 -40.83 124.307 26.5938 10.5298 103.27 -44.5116 -33.4699 84.0254 -44.0895 -48.3081 148.454 37.7932 -60.7308 150.607 35.6923 -44.2884 173.282 7.5705 11.2483 96.48 20.4478
157.131 173.318 166.754 142.294 153.04 142.084 172.841 161.714 78.4358 84.7762 -42.2781 124.143 27.0109 9.59546 103.05 -44.2597 -34.0853 84.2815 -44.3481 -49.4978 148.105 37.9261 -61.9244 150.521 36.0123 -45.3271 173.226 7.95477 11.1593 96.3321 20.027
156.761 173.252 167.125 142.23 152.871 142.088 172.714 162.082 78.6675 84.8398 -44.3225 123.525 27.5853 8.15551 102.023 -43.8289 -34.9286 83.8871 -44.4607 -51.0353 147.472 38.3827 -63.4446 150.162 36.376 -46.453 172.815 8.50945 11.1445 96.1471 19.3469
156.677 172.848 167.066 141.596 152.753 142.404 172.43 162.071 78.1605 84.6514 -45.9809 122.09 27.9223 6.77319 100.663 -43.1874 -35.7802 82.7252 -43.9892 -52.3943 145.924 38.409 -64.7576 148.894 36.6683 -47.5137 171.63 9.06045 11.1502 95.4151 18.9449
156.655 172.325 166.909 139.873 152.415 142.76 172.197 162.084 77.0477 84.413 -46.7883 120.882 27.8356 5.91642 100.512 -43.1839 -36.0372 82.4475 -44.1079 -53.3028 144.383 37.6958 -65.6848 147.524 36.7336 -48.5308 170.684 9.35375 11.0477 94.6654 18.6366
156.99 172.016 167.219 136.606 152.039 143.203 172.025 162.424 76.9267 85.0018 -49.3679 119.989 28.4733 3.37133 100.304 -42.9055 -38.1431 82.4041 -44.3418 -55.9023 142.498 37.7098 -68.3181 146.236 37.6606 -51.2189 170.203 10.3118 10.9123 93.1609 18.1761
155.823 171.278 166.596 135.194 151.15 142.252 171.298 161.82 75.9061 84.3387 -51.6697 119.014 27.7968 1.8182 99.3284 -42.8093 -39.974 82.2178 -44.4887 -58.4191 140.027 36.4809 -70.5662 144.876 36.713 -52.2828 169.173 10.8721 11.4805 91.1704 18.3902
154.297 170.4 165.857 134.497 151.071 141.488 170.599 161.497 75.0648 84.3097 -53.9616 118.384 27.0075 0.127776 98.4682 -42.5601 -41.3991 82.2277 -44.3187 -60.9145 138.713 35.5509 -72.7875 144.312 36.03 -53.3889 168.299 11.387 11.9562 90.1365 18.3358
153.053 169.873 165.318 135.555 150.673 140.691 170.213 161.188 74.722 84.0714 -55.6933 118.404 27.0531 -1.23602 97.9212 -42.2412 -42.1725 81.9227 -43.4278 -62.6381 138.659 35.7536 -74.4621 144.297 35.88 -54.4688 167.856 11.833 12.018 90.2461 18.1824
152.635 169.266 165.082 134.821 150.321 140.386 169.666 160.756 74.514 83.8602 -56.2351 118.263 27.638 -2.38676 97.4598 -41.4897 -42.8249 81.0327 -41.6923 -63.4232 137.104 35.7952 -75.4618 143.51 36.3356 -55.5024 167.263 12.372 12.2118 88.3476 18.2075
152.417 168.582 165.253 132.154 149.996 140.17 169.005 160.359 72.8406 83.1344 -55.8269 117.768 28.0231 -3.29752 96.9406 -40.6868 -43.0604 79.7958 -39.9387 -63.8615 135.4 35.0315 -76.0756 142.232 36.7683 -56.4096 166.311 12.7796 12.6106 86.2315 18.1421
152.048 168.188 165.515 131.432 149.691 139.576 168.674 160.447 71.8769 82.235 -56.0312 117.638 28.2746 -4.50151 96.3608 -40.0288 -43.5378 79.0029 -38.9148 -64.6321 134.556 34.8475 -77.1513 141.711 36.9073 -57.462 165.645 13.1917 12.7449 85.4601 17.8554
151.421 168.125 165.823 133.868 149.632 138.817 168.694 160.924 71.743 81.8383 -56.9853 117.808 29.4173 -6.1142 95.1571 -38.7947 -44.6097 77.9215 -37.6583 -66.0254 135.238 36.2596 -78.7624 142.016 37.5616 -58.6493 165.166 13.7126 12.154 87.187 17.5304
150.751 167.884 165.843 135.502 149.594 138.163 168.601 161.009 71.5032 81.4717 -57.6821 117.312 30.139 -7.57644 93.8953 -37.9549 -45.6171 76.5931 -36.6704 -67.3422 134.782 37.0457 -80.1632 141.48 37.9716 -59.6586 164.174 14.0844 11.9747 87.9561 17.3662
150.551 167.602 166.205 135.12 149.401 137.791 168.33 161.117 70.7363 80.9264 -57.3551 117.135 30.3683 -8.69662 93.7822 -37.8703 -46.4179 75.9299 -36.1667 -67.8769 133.759 36.957 -80.7604 140.699 38.3298 -60.6578 163.585 14.3748 12.3353 87.2455 17.3335
150.498 167.402 166.281 134.027 148.844 137.593 167.971 161.197 69.7782 80.4621 -57.2167 117.339 30.2904 -9.90536 94.1971 -37.9826 -47.0271 76.2238 -36.1706 -68.5869 133.135 36.4338 -81.2599 140.207 38.2837 -61.7274 163.516 14.7153 12.954 86.3369 16.9907
150.495 167.215 166.027 132.89 148.396 137.513 167.722 161.256 69.37 80.4251 -58.2219 117.386 30.7084 -11.3228 94.3959 -37.6207 -48.0151 76.8116 -36.1965 -70.1662 133.083 36.3877 -82.5906 140.245 38.3576 -62.8514 163.611 15.2965 13.2765 86.2211 16.6539
150.684 167.025 165.728 134.251 148.326 137.638 167.634 161.052 69.0593 80.1787 -58.8736 116.708 31.3633 -12.3601 94.0738 -37.2084 -48.873 76.5143 -35.9175 -71.6176 132.847 37.0781 -83.8635 139.752 38.7643 -63.7504 163.03 15.9825 13.2198 86.9802 16.6229
151.176 166.816 165.847 135.629 148.39 137.809 167.642 160.921 69.0702 80.1165 -59.2468 116.117 32.2517 -13.2466 93.7897 -36.6767 -49.7512 75.8481 -35.3484 -72.6452 132.316 38.0733 -84.9344 139.182 39.6279 -64.6114 162.447 16.7135 13.088 87.402 16.7577
151.6 166.678 166.095 137.126 148.765 137.799 167.655 161.035 68.8759 79.8619 -59.3227 115.844 32.7097 -13.9999 93.7709 -36.4108 -50.6071 75.2036 -34.9415 -73.2127 131.994 38.9071 -85.643 138.716 40.437 -65.5045 161.98 17.2808 12.9142 87.8327 16.9612
152.158 166.76 166.207 137.84 148.922 137.823 167.715 161.278 68.7611 79.5686 -59.4584 116.025 32.7782 -14.7701 94.3452 -36.5049 -51.2796 75.3434 -34.9883 -73.6573 132.066 39.3513 -86.1884 138.606 40.8074 -66.495 162.025 17.69 12.8241 88.0527 16.9712
154.086 166.75 165.804 139.692 149.002 138.644 167.918 161.497 70.0916 80.0146 -60.4812 115.625 33.57 -16.6054 94.6725 -35.9888 -53.1007 75.684 -34.8818 -75.8336 132.902 41.4166 -88.2512 138.943 41.8507 -68.2513 162.041 18.5578 12.4089 90.1862 16.9806
155.406 167.056 165.381 142.102 149.523 139.331 168.425 161.422 71.2418 80.4393 -60.5779 115.042 33.863 -17.1533 94.5839 -35.7938 -53.7667 75.4867 -34.7733 -76.6923 133.338 42.9556 -89.033 138.995 42.6083 -68.8386 161.726 18.8779 12.1685 91.9081 17.1337
156.545 167.104 165.276 143.615 150.052 139.976 168.828 161.406 71.4556 80.7041 -60.7338 114.312 34.1402 -17.8008 94.2811 -35.4712 -54.4723 74.9712 -34.4752 -77.4544 133.205 43.7219 -89.754 138.722 43.2451 -69.4147 161.208 19.1626 12.0657 92.6695 17.2907
156.821 166.819 165.249 144.208 150.548 140.155 168.889 161.366 71.0212 80.9734 -60.8881 113.831 33.9924 -18.5235 94.0837 -35.1425 -55.0731 74.5702 -34.1664 -77.8702 132.693 43.6755 -90.1552 138.168 43.5438 -69.9659 160.716 19.2852 12.0535 92.473 17.3118
156.59 166.611 165.17 144.396 150.822 140.057 168.807 161.436 70.5963 81.2199 -61.2221 113.815 33.5748 -19.3595 94.2047 -34.8162 -55.5578 74.5949 -33.9996 -78.2312 132.361 43.34 -90.4871 137.776 43.482 -70.623 160.584 19.3581 12.1162 91.9038 17.12
156.324 166.743 165.274 144.184 150.873 139.932 168.777 161.657 70.1784 81.2467 -61.5171 114.327 33.1304 -20.0777 94.832 -34.8086 -55.9418 75.0361 -33.9952 -78.3647 132.365 42.9102 -90.5591 137.683 43.2849 -71.3786 160.909 19.3833 12.317 91.1472 16.9097
156.468 166.983 165.436 143.484 150.906 140.157 168.588 161.769 69.8308 81.2357 -61.6995 114.816 32.6481 -20.7213 95.5529 -34.8018 -56.3179 75.6762 -34.0347 -78.6105 132.206 42.371 -90.6714 137.601 43.0555 -72.1088 161.37 19.439 12.6552 89.9801 16.689
157.305 167.199 165.51 142.594 150.927 140.902 168.364 161.774 69.5644 81.1777 -61.9449 115.04 32.1954 -21.3983 96.198 -34.8259 -56.8812 76.37 -34.1042 -79.1454 131.946 41.8176 -91.019 137.572 42.8419 -72.7837 161.831 19.5349 13.0421 88.6842 16.5677
158.631 167.353 165.681 142.054 151.069 141.758 168.201 161.752 69.3966 81.087 -62.1607 115.107 32.115 -21.8883 96.8754 -34.8248 -57.369 76.9968 -34.1211 -79.8539 131.895 41.5605 -91.6017 137.669 42.8063 -73.4365 162.26 19.7191 13.2834 87.8785 16.592
161.151 168.196 166.463 143.592 151.055 144.035 169.092 162.498 70.5804 81.1995 -63.7417 113.886 32.5244 -23.0039 96.545 -33.9896 -58.2916 77.3547 -33.9249 -81.1268 133.397 42.8548 -93.5186 138.855 43.2582 -74.2185 162.469 19.9288 12.0231 89.9107 16.3187
162.736 169.593 166.477 146.362 151.637 145.531 170.257 163.02 72.6535 82.2879 -64.9454 112.844 33.0641 -23.9907 96.0622 -33.3817 -59.0936 77.4836 -33.8053 -82.2362 134.779 44.7575 -95.0227 139.8 44.1031 -74.8445 162.432 20.0791 10.9919 92.4569 16.1264
163.886 171.003 166.165 149.302 152.178 146.572 171.166 163.284 74.9148 84.026 -65.5191 111.961 33.5865 -24.561 95.5558 -32.8414 -59.4121 77.3801 -33.5576 -82.7073 135.301 46.5216 -95.806 140.084 45.1765 -75.24 162.148 20.1872 10.2245 94.1106 15.9386
