150.842 172.58 172.375 148.613 147.977 143.601 166.96 172.483 90.7703 92.2934 -204.508 246.093 45.8056 -234.726 251.413 -33.9952 -255.308 226.385 -23.0358 -198.807 255.937 63.0018 -210.501 255.27 71.4185 -230.677 292.385 56.8381 10.782 90.7484 8.70168 
150.784 172.54 172.507 148.192 147.844 143.521 166.94 172.647 90.6188 92.3806 -204.09 245.971 46.1761 -234.098 251.068 -33.7499 -255.055 226.148 -22.9559 -198.668 255.704 63.2188 -210.253 255.154 71.6063 -230.385 292.239 56.9434 10.8894 90.8502 8.72272 
150.674 172.565 172.916 147.755 147.691 143.411 166.965 173.068 90.4597 92.4853 -203.8 245.826 46.4156 -233.537 250.64 -33.3918 -254.791 225.97 -22.7167 -198.597 255.503 63.3664 -210.052 255.05 71.6991 -230.121 292.082 57.0518 11.0341 90.8151 8.67974 
150.584 172.647 173.376 147.482 147.463 143.281 167.066 173.567 90.3013 92.4589 -203.534 245.658 46.6168 -233.02 250.217 -33.1119 -254.413 225.821 -22.4549 -198.489 255.488 63.5744 -209.919 255.013 71.8266 -229.888 291.927 57.1268 11.1037 90.8852 8.61945 
150.51 172.654 173.557 147.371 147.342 143.184 167.147 173.657 90.179 92.4483 -203.263 245.536 46.8908 -232.6 250.04 -32.9576 -254.118 225.763 -22.2213 -198.387 255.433 63.7397 -209.818 254.937 71.9238 -229.705 291.818 57.2164 11.1519 90.9413 8.67102 
150.438 172.655 173.672 147.406 147.375 143.126 167.182 173.682 90.0787 92.3939 -203.035 245.449 47.1127 -232.258 249.899 -32.835 -253.805 225.807 -22.0528 -198.314 255.426 63.9048 -209.771 254.91 72.0423 -229.565 291.75 57.2853 11.1688 90.9798 8.64696 
150.328 172.694 173.91 147.388 147.335 143.092 167.23 173.886 90.0306 92.3182 -202.794 245.349 47.2008 -231.972 249.655 -32.7022 -253.454 225.746 -21.881 -198.194 255.4 64.0754 -209.708 254.823 72.161 -229.402 291.648 57.338 11.1508 90.9931 8.57144 
150.24 172.744 174.107 147.459 147.295 143.069 167.267 174.103 89.9574 92.2052 -202.67 245.266 47.2142 -231.8 249.468 -32.5629 -253.243 225.732 -21.6648 -198.165 255.407 64.2395 -209.758 254.744 72.2974 -229.29 291.579 57.3922 11.0851 91.0161 8.52543 
150.173 172.751 174.098 147.457 147.307 143.063 167.275 173.928 89.9056 92.1699 -202.531 245.194 47.2832 -231.621 249.399 -32.4571 -252.994 225.703 -21.5475 -198.091 255.334 64.3346 -209.701 254.642 72.3785 -229.156 291.516 57.4677 11.07 90.929 8.49252 
150.164 172.836 174.125 147.397 147.286 143.142 167.358 173.779 89.9351 92.1838 -202.297 245.16 47.3191 -231.461 249.289 -32.3606 -252.613 225.578 -21.4879 -197.887 255.272 64.4366 -209.513 254.549 72.514 -229.002 291.437 57.5946 11.021 90.7876 8.39579 
150.079 172.861 173.892 147.397 147.297 143.223 167.4 173.383 89.9805 92.248 -201.872 245.261 47.3467 -231.246 249.324 -32.2571 -252.138 225.416 -21.5261 -197.558 255.238 64.5053 -209.183 254.459 72.6396 -228.8 291.387 57.767 10.9573 90.602 8.31168 
150.098 172.957 173.8 147.498 147.203 143.339 167.502 173.051 90.003 92.1568 -201.565 245.283 47.3429 -231.088 249.237 -32.0549 -251.576 225.313 -21.3751 -197.278 255.212 64.6919 -208.974 254.356 72.8333 -228.594 291.319 58 10.903 90.3748 8.14327 
150.085 173.04 173.787 147.528 146.955 143.472 167.628 172.821 89.9675 92.0091 -201.164 245.257 47.3754 -230.848 248.973 -31.7254 -250.978 225.064 -21.1194 -197.003 255.122 65.0115 -208.77 254.182 73.1225 -228.329 291.183 58.2934 10.8717 90.1822 7.96622 
150.128 173.175 173.515 147.619 146.534 143.556 167.835 172.625 89.9612 91.8559 -200.638 245.14 47.4986 -230.714 248.872 -31.5428 -250.591 224.929 -21.1807 -196.526 254.976 65.2522 -208.404 253.844 73.3131 -227.967 290.947 58.5982 10.815 90.2746 7.77629 
150.192 173.271 173.234 147.734 146.117 143.572 167.897 172.261 89.9868 91.6123 -200.209 245.154 47.5846 -230.741 248.878 -31.3636 -250.061 224.848 -20.9441 -196.115 254.732 65.4601 -208.125 253.505 73.4699 -227.693 290.746 58.9256 10.817 90.1061 7.64865 
150.337 173.264 172.859 147.899 145.907 143.683 167.861 172.001 90.104 91.4525 -199.61 245.145 47.6383 -230.619 248.827 -31.202 -249.644 224.63 -20.8444 -195.642 254.394 65.5933 -207.797 253.136 73.6134 -227.425 290.515 59.2283 10.7849 89.9725 7.59627 
150.386 173.212 172.632 148.22 145.755 143.711 167.77 171.808 89.9956 91.1329 -199.257 245.029 47.737 -230.516 248.767 -31.0703 -249.389 224.522 -20.8489 -195.328 254.244 65.7236 -207.612 252.836 73.7627 -227.204 290.257 59.4723 10.7009 90.0594 7.51014 
150.435 173.204 172.428 148.553 145.725 143.767 167.704 171.62 89.9157 90.8256 -198.928 244.763 47.7734 -230.485 248.56 -30.9376 -249.113 224.266 -20.8267 -194.996 254.006 65.8219 -207.387 252.472 73.8779 -226.982 289.897 59.667 10.6388 90.1056 7.40007 
150.412 173.1 172.113 148.744 145.709 143.676 167.536 171.37 89.8258 90.703 -198.953 244.394 47.9399 -230.522 248.466 -30.8135 -249.123 224.107 -20.7941 -194.843 253.651 65.7236 -207.276 251.984 73.8004 -226.847 289.545 59.8156 10.5941 90.0409 7.38021 
150.391 172.996 171.795 149.032 145.897 143.516 167.379 171.164 89.6561 90.458 -199.08 244.275 48.2239 -230.619 248.548 -30.687 -249.224 224.197 -20.6392 -194.826 253.584 65.7579 -207.312 251.79 73.8989 -226.834 289.387 60.035 10.508 90.0898 7.39885 
150.345 172.894 171.53 149.363 146.203 143.377 167.258 171.052 89.4953 90.2288 -199.28 244.145 48.4928 -230.792 248.674 -30.6145 -249.59 224.298 -20.5606 -194.886 253.564 65.7969 -207.412 251.69 73.9986 -226.874 289.281 60.2089 10.4412 90.2729 7.47961 
150.356 172.834 171.197 149.656 146.597 143.293 167.111 170.894 89.2896 90.0292 -199.461 244.06 48.6921 -230.995 248.872 -30.5167 -249.865 224.429 -20.4123 -194.981 253.612 65.8131 -207.464 251.662 74.1203 -226.948 289.221 60.3942 10.3624 90.3374 7.56076 
150.365 172.741 170.91 149.788 146.939 143.213 166.994 170.904 89.1284 89.8658 -199.607 243.967 48.9201 -231.252 249.011 -30.4854 -250.171 224.566 -20.2837 -195.1 253.629 65.8983 -207.527 251.672 74.3001 -227.067 289.119 60.5547 10.3104 90.5347 7.63182 
150.343 172.7 170.78 149.82 147.045 143.082 166.916 171.037 89.0524 89.7529 -199.803 243.871 49.0749 -231.592 249.153 -30.478 -250.332 224.653 -20.0202 -195.153 253.626 65.8356 -207.54 251.647 74.3474 -227.193 289.017 60.6922 10.2532 90.4929 7.71849 
150.25 172.589 170.786 149.939 147.386 142.985 166.852 171.253 89.0579 89.6547 -200.112 243.663 49.3189 -231.961 249.068 -30.37 -250.637 224.605 -19.6818 -195.375 253.542 66.0656 -207.767 251.63 74.5992 -227.395 288.877 60.8342 10.2517 90.6231 7.79065 
150.227 172.603 171.115 150.203 147.758 142.843 166.912 172.458 88.966 89.3788 -200.339 243.681 49.5786 -232.415 248.906 -30.2146 -251.228 224.484 -19.3438 -195.604 253.752 66.4333 -208.051 251.831 75.0048 -227.705 288.824 61.0102 10.2013 91.1243 7.87845 
150.127 172.672 171.717 150.404 148.15 142.82 166.981 172.82 88.7854 89.1224 -200.553 243.862 49.7599 -232.978 249.011 -30.1097 -251.641 224.412 -18.8443 -195.912 253.947 66.7282 -208.31 252.021 75.3174 -228.109 288.831 61.1849 10.2219 91.3868 8.07991 
150.122 172.763 172.053 150.617 148.409 142.754 167.132 174.025 88.6384 88.6838 -200.643 243.858 49.8559 -233.69 249.023 -30.2317 -252.297 224.233 -18.7731 -196.085 254.109 66.9453 -208.525 252.098 75.5843 -228.445 288.701 61.2473 10.1427 91.9673 8.21425 
150.09 172.867 171.593 151.242 149.022 142.75 167.184 173.491 88.6684 88.5303 -200.877 243.986 49.7604 -234.518 249.426 -30.4674 -252.792 224.415 -18.9014 -196.294 254.47 67.0284 -208.838 252.25 75.6934 -228.895 288.696 61.3184 10.0206 92.3262 8.27356 
150.046 172.882 171.189 151.682 149.622 142.815 167.201 172.982 88.7929 88.4966 -201.495 243.804 49.6426 -235.441 249.621 -30.6966 -253.627 224.571 -19.1835 -196.781 254.537 67.0931 -209.468 252.191 75.7825 -229.406 288.602 61.3629 9.88231 92.5975 8.26022 
150.124 172.95 171.079 152.275 150.169 142.92 167.292 172.577 89.0209 88.431 -202.109 243.664 49.3733 -236.283 249.731 -30.873 -254.207 224.82 -19.511 -197.17 254.78 67.2325 -210.055 252.273 75.9011 -229.915 288.546 61.3819 9.75793 92.8929 8.07208 
150.353 173.062 171.632 152.693 150.658 143.153 167.461 172.559 89.2492 88.5056 -202.819 243.583 49.0983 -236.813 249.429 -30.8466 -254.601 224.939 -19.4593 -197.654 254.991 67.5628 -210.689 252.465 76.1408 -230.388 288.583 61.4291 9.75264 93.0342 7.85923 
150.543 173.139 172.187 152.81 150.879 143.366 167.557 172.356 89.4061 88.6217 -203.575 243.422 48.8353 -237.296 249.039 -30.6323 -254.972 224.856 -19.2355 -198.325 254.91 67.8304 -211.45 252.484 76.2753 -230.889 288.566 61.4634 9.86018 92.8624 7.70595 
150.774 173.298 173.074 152.762 150.925 143.446 167.758 173.24 89.5186 88.6181 -204.423 243.128 48.8414 -237.719 248.446 -30.4008 -255.653 224.709 -18.9632 -199.067 254.928 68.2569 -212.291 252.656 76.5665 -231.385 288.584 61.4435 9.94601 93.0738 7.58859 
150.83 173.287 173.95 152.643 150.658 143.396 167.813 173.588 89.6218 88.6341 -205.187 242.728 48.9809 -238.117 247.942 -30.1321 -256.144 224.623 -18.5823 -199.719 254.781 68.5398 -213.023 252.646 76.7243 -231.773 288.52 61.3952 10.0354 93.086 7.48763 
150.781 173.22 174.1 152.534 150.454 143.306 167.72 173.17 89.6139 88.7298 -205.992 242.353 48.9766 -238.514 247.669 -29.9648 -256.452 224.537 -18.4129 -200.389 254.567 68.4885 -213.652 252.545 76.5579 -232.156 288.443 61.234 10.1826 92.7676 7.3979 
150.623 173.119 173.787 152.191 150.167 143.223 167.681 172.688 89.5063 89.031 -206.8 242.016 48.9895 -238.772 247.502 -29.8832 -256.815 224.266 -18.5604 -200.992 254.239 68.2029 -214.024 252.288 76.1561 -232.504 288.336 61.0023 10.3978 92.3646 7.36468 
150.405 173.01 173.133 151.937 149.894 143.2 167.518 172.181 89.3792 89.3994 -207.45 241.853 48.7745 -239.093 247.641 -30.1192 -257.371 223.979 -19.0609 -201.43 253.963 67.4499 -214.149 251.992 75.402 -232.93 288.246 60.6393 10.5551 91.9234 7.4731 
150.312 173.075 172.334 151.698 149.445 143.202 167.513 171.822 89.2631 89.5606 -207.849 241.663 48.468 -239.797 248.247 -30.8056 -258.148 223.881 -19.8344 -201.698 253.725 66.4763 -214.142 251.76 74.4843 -233.35 288.146 60.1506 10.6881 91.7357 7.75597 
150.116 172.951 171.358 151.686 149.146 143.142 167.368 171.452 89.2074 89.6325 -208.219 241.861 47.9991 -240.831 249.237 -31.7799 -259.592 224.136 -20.7755 -202.244 253.552 65.425 -214.591 251.555 73.5756 -234.036 288.255 59.5832 10.6294 91.8263 8.22849 
150.067 172.949 170.476 152.056 149.224 143.209 167.34 171.045 89.3631 89.6498 -208.697 242.094 47.2576 -242.139 250.47 -33.0048 -261.085 224.606 -21.9369 -202.777 253.771 64.3298 -215.19 251.645 72.6423 -234.906 288.474 58.9027 10.46 92.0801 8.67823 
150.016 172.941 170.21 152.536 149.864 143.415 167.31 170.758 89.6202 89.8421 -209.548 242.349 46.1596 -243.381 251.232 -34.2325 -262.607 224.957 -23.1686 -203.647 254.143 63.3546 -216.131 251.957 71.7923 -235.995 288.758 58.13 10.3033 92.2628 8.95226 
150.168 172.972 170.905 152.373 150.435 143.786 167.241 170.699 90.0824 90.4092 -211.246 242.541 44.8255 -244.344 251.205 -35.0148 -263.851 225.064 -23.8851 -205.037 254.144 62.5177 -217.464 252.321 71.0261 -237.242 289.112 57.3598 10.3537 91.6585 8.99762 
150.106 172.801 171.538 151.812 150.353 143.878 167.072 170.626 90.2584 90.867 -212.841 242.252 43.8351 -245.177 250.644 -35.4934 -264.569 224.534 -24.6387 -206.347 253.818 61.5315 -218.57 252.233 69.9748 -238.32 289.076 56.4245 10.5546 90.8334 8.79464 
150.023 172.75 171.451 151.408 150.161 143.856 167.091 170.746 90.3173 91.0821 -213.651 241.857 43.0284 -246.288 250.482 -36.4012 -265.754 223.99 -25.8052 -207.136 253.373 60.2651 -219.197 251.803 68.784 -239.161 288.776 55.4297 10.5689 90.6672 8.83282 
149.84 172.671 170.837 151.882 150.375 143.658 167.088 170.557 90.3658 90.9495 -214.309 241.673 42.0535 -247.922 250.879 -37.6332 -267.316 224.005 -27.0533 -207.905 253.304 59.0019 -220.082 251.51 67.7264 -240.191 288.532 54.3688 10.2715 91.0879 8.98762 
149.912 172.632 170.251 152.44 151.141 143.619 167.01 170.205 90.6272 91.0811 -215.014 241.913 40.9753 -249.451 251.289 -38.8409 -268.581 223.95 -28.1174 -208.638 253.643 57.6844 -220.842 251.759 66.6472 -241.463 288.596 53.3916 10.0921 91.1172 9.17396 
149.835 172.597 170.498 152.884 151.881 143.589 166.85 170.095 91.1608 91.4117 -216.712 242.107 40.0634 -250.762 250.7 -39.5987 -269.892 223.701 -28.7743 -210.073 253.827 56.8227 -222.472 252.091 65.8358 -243.053 288.826 52.4057 10.0221 90.8016 9.02818 
149.667 172.432 171.085 152.38 152.003 143.401 166.76 170.075 91.4277 91.856 -218.822 241.737 39.3425 -252.174 250.001 -40.0578 -271.423 223.212 -29.4291 -211.846 253.219 55.759 -224.136 251.88 64.7255 -244.389 288.772 51.3932 10.2291 90.0285 8.83683 
149.567 172.26 171.119 151.607 151.871 143.327 166.654 170.107 91.5327 92.2511 -220.273 241.261 38.4434 -253.725 249.845 -41.173 -273.213 222.704 -30.5007 -213.283 252.246 53.9781 -225.217 251.399 63.2397 -245.606 288.468 50.2405 10.3514 89.262 9.05069 
149.641 172.105 170.663 151.701 151.918 143.287 166.568 169.85 91.6302 92.3195 -221.107 240.818 37.4105 -255.064 249.776 -42.5367 -274.15 222.206 -31.6951 -214.102 251.887 52.2947 -225.925 251.092 61.7874 -246.763 288.049 49.0427 10.3243 88.868 9.20677 
150.017 172.279 170.604 151.639 152.027 143.558 166.697 169.792 91.9756 92.5323 -222.162 240.512 36.2717 -256.154 248.911 -43.6117 -274.669 221.26 -32.5382 -215.056 251.619 51.0812 -226.848 251.084 60.6912 -248.089 287.734 47.8977 10.4277 88.2895 9.16149 
150.181 172.035 170.906 151.352 152.551 143.599 166.327 169.607 92.2587 92.8829 -223.99 240.36 35.2819 -257.287 248.445 -44.3456 -275.975 220.65 -33.299 -216.734 251.057 49.4829 -228.275 251.25 59.3367 -249.64 287.704 46.7839 10.7886 87.1203 9.2134 
150.147 171.654 170.934 151.299 152.718 143.604 166.023 169.569 92.3926 93.0349 -225.924 239.911 34.2873 -258.724 248.118 -45.2737 -278.046 220.483 -34.2541 -218.619 250.331 48.3049 -230.054 251.014 58.1525 -251.142 287.521 45.6456 11.0777 86.8362 9.29793 
150.277 171.614 170.769 151.292 152.575 143.592 166.061 169.541 92.3693 92.9937 -227.328 239.53 33.4092 -260.065 247.928 -46.3743 -279.398 220.26 -35.1513 -219.831 250.11 47.1607 -231.222 250.768 57.0352 -252.418 287.258 44.5489 11.0772 86.8552 9.40608 
150.447 171.812 170.848 150.949 152.51 143.701 166.323 169.654 92.5029 93.313 -228.299 239.327 32.6703 -260.888 247.276 -47.2942 -280.144 219.469 -35.9467 -220.796 249.848 46.056 -232.008 250.706 56.0258 -253.647 286.992 43.5389 11.2224 86.5378 9.46864 
150.372 171.719 171.031 150.54 152.708 143.664 166.24 169.806 92.4905 93.5177 -229.442 239.07 32.232 -261.52 246.624 -47.9068 -281.432 218.968 -36.6599 -222.137 249.189 45.0587 -233.085 250.721 55.1856 -254.745 286.785 42.6484 11.63 86.1884 9.52464 
150.216 171.344 170.723 151.44 153.569 143.572 165.672 169.438 92.1543 93.5526 -230.977 238.806 31.8053 -262.252 246.317 -48.6476 -282.973 218.956 -37.4336 -223.677 248.667 44.0802 -234.371 250.839 54.5428 -255.926 286.59 41.7567 11.935 86.1481 9.66436 
150.325 171.135 170.749 151.864 153.852 143.41 165.359 169.356 92.0138 93.3047 -232.589 238.517 31.138 -263.39 246.183 -49.0332 -284.264 219.145 -37.8883 -224.992 248.865 43.7015 -235.863 250.857 53.881 -256.98 286.577 41.1054 11.9153 86.3813 9.55512 
150.726 171.149 170.812 151.752 153.531 143.531 165.33 169.651 92.0039 93.0805 -233.782 238.552 30.1517 -264.552 246.045 -49.5748 -285.181 219.092 -38.3199 -225.99 249.175 43.1029 -237.056 250.895 53.1432 -258.017 286.656 40.4077 11.7675 86.4088 9.4658 
150.939 171.166 170.91 151.162 152.869 143.563 165.367 169.818 92.1273 93.1455 -234.491 238.682 29.4841 -265.294 246.161 -50.0601 -285.493 219.054 -38.6537 -226.581 249.19 42.3715 -237.604 250.895 52.3969 -258.73 286.712 39.8559 11.8309 86.0192 9.45383 
151.205 171.302 170.854 150.412 152.256 143.622 165.487 169.881 92.3153 93.3199 -234.829 238.686 29.1161 -265.882 246.102 -50.5372 -285.58 218.849 -39.0526 -226.968 248.948 41.565 -237.899 250.748 51.6989 -259.304 286.654 39.3244 11.8776 85.5391 9.38765 
151.382 171.432 170.702 149.913 151.872 143.542 165.491 169.862 92.3338 93.3562 -235.163 238.58 28.8334 -266.392 246.217 -50.9956 -285.651 218.833 -39.4821 -227.27 248.714 40.7048 -238.098 250.549 50.9436 -259.738 286.503 38.8352 11.9353 85.1585 9.34042 
151.481 171.531 170.277 149.642 151.619 143.582 165.502 169.713 92.4258 93.4747 -235.211 238.443 28.4875 -266.773 246.256 -51.5269 -285.945 218.79 -40.0884 -227.389 248.372 39.8691 -238.116 250.237 50.3012 -260.089 286.265 38.3582 11.8989 85.0432 9.32878 
151.452 171.545 170.214 149.693 151.955 143.584 165.491 169.788 92.5443 93.5701 -235.708 238.367 28.6252 -267.163 246.225 -51.8007 -286.978 218.939 -40.4661 -228.043 248.06 39.6819 -238.742 250.257 50.1719 -260.634 286.268 38.0929 12.0468 85.2886 9.41497 
151.364 171.541 170.437 149.808 152.149 143.478 165.379 169.797 92.4683 93.5025 -236.445 238.271 28.8523 -267.557 246.227 -51.9145 -287.869 219.127 -40.7053 -228.872 248.013 39.6484 -239.564 250.398 50.0486 -261.302 286.325 37.8672 12.2232 85.5357 9.45615 
151.118 171.471 170.595 150.167 152.454 143.423 165.272 169.559 92.2792 93.374 -237.763 238.182 28.7618 -268.094 246.059 -51.8807 -288.657 219.233 -40.7551 -230.033 248.191 39.9096 -240.781 250.536 50.0549 -262.232 286.375 37.6269 12.2929 85.7702 9.40507 
151.097 171.492 170.811 150.441 152.699 143.598 165.371 169.543 91.9479 93.1513 -239.521 238.02 28.3946 -268.986 245.799 -51.8022 -289.684 219.453 -40.7167 -231.53 248.846 40.5667 -242.508 250.725 50.2197 -263.412 286.506 37.3932 12.1331 86.4404 9.24677 
151.22 171.425 170.852 150.771 152.566 143.796 165.465 169.612 91.688 92.6709 -240.952 237.831 28.1127 -269.942 245.382 -51.7318 -290.446 219.536 -40.6201 -232.777 249.504 41.1232 -244.146 250.831 50.374 -264.569 286.537 37.1709 11.8859 87.0523 8.99354 
151.222 171.069 170.877 150.942 152.56 143.81 165.302 169.492 91.6021 92.4888 -242.427 237.802 28.1607 -270.986 245.464 -51.6768 -291.514 219.7 -40.4909 -234.226 249.768 41.5544 -245.81 250.901 50.3856 -265.867 286.664 37.0655 11.9778 87.3411 9.0356 
150.929 170.783 171.112 150.74 152.438 143.623 165.116 169.772 91.364 92.4673 -243.654 237.67 28.2889 -272.078 245.645 -51.8923 -293.365 219.795 -40.7914 -235.778 249.506 41.4377 -247.196 250.784 50.1324 -267.157 286.574 36.8919 12.2321 87.6193 9.33409 
150.536 170.553 171.488 150.294 152.477 143.559 164.772 169.684 91.3883 92.7491 -245.108 237.395 28.0475 -272.705 244.976 -51.7306 -294.601 219.311 -40.8079 -237.455 248.701 41.1731 -248.612 250.438 50.0411 -268.467 286.227 36.7223 12.3924 86.9904 9.42929 
150.585 170.62 171.885 149.924 152.42 143.76 165.06 169.873 91.7769 92.9666 -246.604 236.691 27.8314 -273.569 243.876 -51.5557 -295.96 218.47 -40.7526 -239.057 247.57 41.2319 -250.231 249.722 50.0162 -269.759 285.668 36.5569 12.5689 86.5808 9.45825 
150.452 170.393 171.965 149.321 152.036 143.688 164.834 169.832 91.952 93.1301 -248.224 235.974 27.6194 -274.935 243.378 -51.7165 -297.498 217.916 -41.0215 -240.662 246.424 40.7726 -251.71 248.9 49.5703 -271.066 285.068 36.3287 12.772 86.0543 9.49814 
150.274 170.362 171.989 149.146 151.814 143.598 164.668 169.851 91.951 93.1984 -249.631 235.462 27.3917 -276.288 242.875 -52.1234 -299.196 217.244 -41.2778 -242.165 245.499 40.1709 -253.017 248.239 49.2618 -272.543 284.415 36.1049 12.8256 85.7387 9.78601 
150.353 170.683 172.439 149.348 151.933 143.703 164.98 169.918 91.9952 93.34 -251.175 234.922 27.0682 -277.116 241.375 -51.9134 -299.788 215.907 -41.1924 -243.475 245.243 40.3018 -254.375 247.802 49.2527 -274.073 283.747 35.8986 12.7915 85.55 9.54554 
150.3 170.578 172.571 148.671 151.778 143.659 164.952 170.096 91.9388 93.482 -252.754 234.151 26.9218 -278.434 240.395 -52.2146 -301.706 215.1 -41.6888 -245.405 244.029 39.8419 -256.068 246.915 48.8726 -275.593 283.02 35.6051 12.9808 85.2099 9.64194 
150.247 170.594 172.519 148.284 151.204 143.573 164.967 170.381 92.177 93.5775 -253.573 233.173 26.6751 -279.936 239.737 -53.0816 -303.249 214.1 -42.3759 -246.624 242.717 39.3994 -257.265 245.822 48.6076 -276.914 281.953 35.1735 12.972 85.3711 9.87823 
150.403 170.9 172.599 147.901 150.913 143.536 165.341 170.688 92.305 93.7276 -254.623 232.28 26.4969 -280.985 238.497 -53.5185 -304.204 212.558 -42.7768 -247.773 241.683 38.9728 -258.385 244.91 48.2293 -278.311 280.897 34.6835 13.0454 85.2824 9.96299 
150.195 170.802 172.583 147.721 150.483 143.313 165.439 170.946 92.1598 93.4996 -256.054 230.823 26.3216 -282.488 237.496 -54.3276 -305.9 211.4 -43.4785 -249.278 240.32 38.4706 -259.871 243.688 47.7219 -279.551 279.639 33.9955 13.1148 85.5198 10.1561 
150.157 170.784 172.3 147.731 149.97 143.087 165.432 170.829 91.8193 93.2414 -257.447 229.309 25.7965 -283.956 236.381 -55.1617 -307.188 210.299 -44.1919 -250.722 239.228 38.0646 -261.318 242.419 47.3078 -280.749 278.264 33.2805 12.9671 85.8391 10.1575 
150.438 171.203 172.565 148.075 150.277 143.013 165.937 170.982 91.4693 92.8936 -259.265 228.096 25.3225 -285.189 234.58 -55.5912 -308.389 208.902 -44.6338 -252.276 238.688 37.8421 -263.077 241.558 46.9225 -282.105 277.212 32.4967 12.7244 86.2072 9.94796 
150.326 171.044 172.576 148.639 150.541 142.827 165.793 170.886 91.048 92.5021 -261.513 226.881 25.0074 -286.854 233.44 -56.0565 -310.306 208.293 -44.9925 -254.336 238.39 37.8661 -265.425 240.819 46.637 -283.627 276.443 31.7332 12.4155 86.9401 9.89383 
150.365 170.818 172.357 148.806 150.148 142.736 165.73 170.729 91.0159 92.3045 -262.963 225.744 24.3311 -288.082 232.071 -56.5982 -311.229 207.315 -45.5136 -255.726 237.905 37.7486 -267.092 239.977 46.285 -284.92 275.503 30.9435 12.1819 87.3173 9.63038 
150.465 170.85 172.396 148.899 149.939 142.624 165.886 170.76 90.6463 92.0156 -264.316 225.081 23.2687 -289.019 230.86 -57.0678 -311.935 206.312 -46.2601 -256.997 237.634 37.0417 -268.487 239.247 45.4456 -286.302 274.643 30.0037 12.0321 87.523 9.34384 
150.554 170.569 172.153 149.031 149.675 142.519 165.58 170.847 90.4007 91.7144 -265.515 224.276 22.1741 -290.216 230.385 -58.0715 -313.304 205.732 -47.1138 -258.278 236.974 36.0747 -269.883 238.302 44.4917 -287.564 273.777 28.9871 11.8367 87.8398 9.5717 
150.821 170.467 172.122 148.798 149.181 142.676 165.639 170.804 90.3295 91.5281 -266.671 223.122 20.5739 -291.205 229.324 -58.9558 -313.722 204.698 -47.9538 -259.367 236.131 35.2074 -271.132 237.11 43.5756 -288.642 272.613 27.9541 11.6243 87.7109 9.36843 
151.054 170.408 172.05 148.33 149.05 142.908 165.825 170.534 90.1799 91.5873 -268.211 221.621 18.8381 -291.932 228.066 -59.9071 -314.396 203.644 -48.9499 -260.475 234.452 33.878 -272.031 235.513 42.2938 -289.32 271.22 26.848 11.6877 87.0415 9.2661 
151.046 170.371 171.905 149.254 149.33 142.94 165.662 170.309 89.8175 91.002 -269.886 220.546 17.7605 -292.841 226.745 -60.5127 -315.737 202.969 -49.5815 -261.799 234.227 33.5345 -273.753 234.737 41.81 -290.483 270.254 25.8487 11.326 87.9956 9.21969 
151.405 170.104 171.916 149.339 148.819 143.052 165.232 169.929 89.7062 90.5952 -271.52 219.434 16.5901 -293.776 225.455 -60.7713 -316.161 202.414 -50.0717 -263.23 233.752 33.0442 -275.595 233.83 41.171 -291.664 269.389 24.958 11.0458 87.935 8.62818 
151.716 169.892 171.802 149.256 148.739 143.291 164.78 169.578 89.333 90.4238 -272.666 218.979 15.0124 -294.184 224.234 -61.1439 -316.573 201.549 -50.7673 -264.679 233.306 32.2416 -276.975 233.203 40.338 -293.059 268.634 24.108 11.0544 87.6077 8.39918 
152.058 169.595 171.383 149.414 148.316 143.391 164.511 169.511 89.1971 90.1711 -273.398 218.408 13.9394 -294.615 223.051 -61.6105 -317.073 200.547 -51.3661 -265.658 232.92 31.5922 -278.093 232.524 39.7182 -294.358 267.78 23.3018 10.891 87.7626 8.37081 
152.267 168.864 170.761 149.222 147.382 143.281 164.226 169.86 89.6249 90.0741 -273.55 217.28 13.4035 -295.057 221.952 -62.0655 -317.923 199.569 -51.8658 -266.13 231.779 31.2163 -278.954 231.161 39.3174 -295.131 266.578 22.6557 10.6353 88.299 8.5679 
152.497 168.522 170.683 149.381 146.795 143.247 163.79 170.025 89.6405 89.7833 -273.77 216.261 12.733 -295.215 220.603 -62.3803 -318.396 198.354 -52.2731 -266.579 231.005 30.9794 -279.611 230.128 39.0754 -295.866 265.306 22.1284 10.4747 88.8784 8.72125 
152.896 167.828 170.76 150.476 145.714 143.08 163.043 170.6 89.7663 89.039 -274.076 213.831 12.2871 -295.164 217.452 -61.9166 -319.025 195.733 -52.4869 -267.19 229.161 31.2375 -280.866 227.67 39.2162 -297.014 262.533 21.7297 10.1503 90.0144 8.84228 
153.082 167.33 170.318 150.815 144.822 142.728 162.499 170.88 89.6346 88.5079 -273.947 212.39 12.7589 -294.985 216.083 -61.5881 -318.886 194.617 -52.2127 -267.072 228.397 31.7471 -280.975 226.508 39.6959 -297.127 261.009 21.9051 10.003 90.8174 8.88547 
153.429 166.269 169.635 153.036 144.813 142.568 161.512 170.97 90.1107 88.478 -273.989 211.174 12.9671 -294.865 214.85 -61.4128 -319.054 193.273 -52.1653 -266.722 227.677 32.1408 -281.081 225.433 40.1249 -297.504 259.576 22.1521 9.73091 91.5287 9.13769 
153.632 165.288 168.857 154.665 144.223 142.335 160.927 171.167 90.4198 88.1692 -273.801 209.865 13.9766 -294.52 213.086 -60.7874 -318.9 191.647 -51.5946 -266.458 227.124 33.2193 -281.41 224.371 41.0958 -297.806 258.111 22.655 9.51876 92.5233 9.26167 
153.962 164.921 167.771 155.874 143.492 142.138 160.76 171.496 90.6056 87.5584 -273.429 208.464 15.1322 -294.004 211.208 -59.8827 -318.277 190.001 -50.3714 -266.277 226.816 34.6349 -281.898 223.438 42.2813 -298.06 256.673 23.2697 9.43076 93.4703 9.30247 
154.142 164.152 167.218 156.006 143.27 142.09 160.079 171.473 90.2863 87.1065 -273.383 207.066 16.0897 -293.58 209.769 -59.1805 -318.668 188.461 -49.8612 -266.903 225.992 35.9004 -282.797 222.023 43.349 -298.443 255.286 23.9004 9.45452 94.4379 9.81048 
154.253 163.861 166.976 156.89 143.608 141.993 160.071 171.205 89.2153 86.7034 -273.737 205.911 16.5872 -294.007 208.396 -58.6717 -319.434 187.164 -49.4891 -268.207 225.178 37.6165 -283.869 220.6 44.69 -298.922 253.947 24.7014 9.81904 95.6443 9.91167 
154.354 164.211 167.137 158.111 144.581 142.021 159.822 170.842 88.0489 86.0307 -272.969 205.049 17.0411 -293.19 206.914 -58.0522 -319.035 185.757 -49.4542 -268.783 224.521 39.3958 -284.226 219.102 46.0923 -299.096 252.393 25.5361 10.2004 97.2695 10.1013 
154.169 164.656 166.95 158.781 145.351 142.002 160.001 170.544 87.0867 85.5092 -271.786 203.75 18.2533 -291.947 205.038 -57.1062 -318.415 184.1 -48.9045 -268.983 223.297 41.1611 -284.224 217.418 47.4802 -298.823 250.669 26.4366 10.6586 98.6227 10.4435 
153.99 164.985 166.632 159.183 146.182 142.164 160.033 169.95 86.2831 85.1112 -271.142 202.924 19.3541 -291.181 203.674 -56.0145 -317.737 182.798 -47.9384 -269.287 222.282 42.5617 -284.314 216.184 48.7104 -298.886 249.428 27.409 10.9571 99.127 10.5774 
153.99 164.743 166.257 159.455 147.153 142.543 159.907 168.833 85.6544 85.2834 -270.588 202.622 19.9063 -291.568 202.992 -55.3076 -317.552 181.621 -46.9832 -269.833 220.904 43.6163 -284.497 214.693 49.8367 -299.371 248.438 28.4191 11.0207 98.9586 10.4171 
154.104 165.456 166.208 159.831 148.616 142.91 159.95 168.274 85.0203 85.4209 -270.65 202.327 20.2333 -291.917 202.23 -54.6681 -317.605 180.773 -46.2198 -270.606 219.609 44.5369 -284.855 213.353 50.8108 -300.017 247.554 29.4373 11.1461 98.6 10.3474 
154.133 167.079 165.915 160.24 149.809 143.394 160.575 167.934 84.5884 85.6159 -270.129 201.917 20.6558 -291.376 201.129 -53.8737 -316.868 179.869 -45.2793 -270.664 218.433 45.5324 -284.573 212.02 51.6745 -300.143 246.478 30.4914 11.4828 98.3748 10.3396 
153.915 168.322 165.263 160.163 150.139 143.772 161.397 167.764 84.7435 85.6103 -269.408 201.718 21.5085 -290.79 199.898 -52.7056 -315.72 178.779 -44.0287 -270.143 217.266 46.6016 -284.035 211.09 52.6826 -300.168 245.477 31.759 11.5835 97.765 10.0879 
154.093 168.62 163.703 159.956 150.11 144.296 161.705 167.484 85.4578 85.5807 -268.487 201.634 22.2454 -290.238 198.54 -51.5507 -314 177.262 -42.4386 -268.678 215.782 47.0661 -282.74 210.069 53.4532 -300.043 244.352 32.969 11.2963 96.2489 9.68773 
154.211 168.735 162.157 159.633 150.213 144.513 161.988 166.986 85.8489 86.0292 -268.153 201.225 23.283 -290.109 197.414 -50.5014 -313.055 176.037 -41.0126 -268.028 214.434 47.9905 -281.993 208.914 54.4803 -300.037 243.324 34.2041 11.264 95.3674 9.36462 
153.927 168.522 161.515 159.761 151.121 144.493 162.048 165.922 85.5587 86.5902 -268.561 200.708 24.4355 -290.686 196.958 -49.5263 -313.046 175.464 -39.9085 -268.465 212.988 49.0249 -282 207.659 55.3081 -300.266 242.582 35.4738 11.6811 94.6313 9.04035 
153.706 168.126 161.233 159.868 151.616 144.53 162.344 165.094 85.5821 87.3699 -268.716 200.534 25.6076 -291.066 196.731 -48.6807 -312.771 175.065 -38.8613 -268.614 211.621 49.8169 -281.894 206.316 55.9491 -300.536 242 36.6925 11.9863 93.6821 8.74835 
153.47 167.498 161.354 160.026 151.5 144.401 162.404 164.678 85.5429 87.7207 -269 200.04 26.483 -291.62 196.457 -48.0028 -312.737 174.522 -38.0445 -268.609 210.069 50.4547 -281.722 204.94 56.6353 -300.574 241.226 37.8709 12.0333 92.8061 8.51101 
153.629 167.204 160.809 160.435 150.63 144.456 162.415 164.251 85.6101 87.718 -269.464 199.387 27.0106 -292.131 196.128 -47.3334 -312.421 174.215 -37.1387 -268.344 208.708 50.8117 -281.539 203.539 57.1539 -300.519 240.485 38.9642 11.9437 91.65 8.12146 
154.307 166.83 160.466 160.613 149.131 144.575 162.674 163.852 85.6942 87.4901 -269.981 198.769 27.6813 -292.656 195.548 -46.9182 -311.995 173.472 -36.2026 -268.073 207.148 51.1262 -281.449 201.953 57.6331 -300.475 239.74 39.9889 11.8683 90.2439 7.8205 
154.91 166.937 159.86 160.251 147.115 144.788 163.163 163.355 85.4007 87.178 -269.954 199.157 28.5123 -292.52 195.115 -46.1383 -310.735 172.658 -34.7061 -267.987 205.731 51.1328 -281.442 200.763 58.1188 -300.554 239.447 41.1616 11.5146 87.75 7.65516 
155.55 166.555 159.033 159.81 145.132 144.878 163.083 162.185 85.0626 86.9464 -270.325 199.32 29.1635 -292.687 194.843 -45.2449 -309.545 172.046 -32.9805 -268.286 204.104 50.8592 -281.814 199.457 58.4198 -300.612 239.306 42.2407 11.0808 84.5736 7.49902 
156.003 166.187 158.57 160.023 143.76 144.941 162.688 161.479 84.5603 86.8601 -270.868 198.812 30.0141 -292.532 194.585 -44.32 -308.335 171.511 -31.3894 -268.162 202.712 50.6208 -281.589 198.318 58.677 -300.143 239.004 43.2793 10.7697 81.9069 7.50334 
156.309 166.244 158.606 160.802 143.633 145.105 162.698 161.31 84.217 87.0442 -271.14 198.437 30.4606 -292.441 194.329 -43.589 -307.61 171.199 -30.4199 -268.154 201.976 50.7946 -281.302 197.802 59.0948 -299.911 238.761 44.1335 10.6176 80.4467 7.41546 
156.582 166.47 158.626 161.718 143.754 145.28 163.093 161.147 83.9364 87.5104 -271.102 198.173 31.0973 -292.206 194.211 -43.1228 -306.891 171.044 -29.8811 -267.972 201.583 51.2738 -280.703 197.561 59.6117 -299.651 238.561 44.8442 10.6237 79.8333 7.31846 
156.78 166.719 158.74 162.965 143.726 145.516 163.634 161.102 83.5608 88.1714 -270.736 198.066 31.9145 -291.833 193.955 -42.555 -306.154 170.952 -29.3243 -267.87 201.639 52.3173 -280.206 197.447 60.4931 -299.442 238.471 45.587 10.7714 79.9452 7.1366 
156.814 166.943 158.705 164.185 143.537 145.742 164.091 160.859 83.4275 88.8371 -270.463 198.533 32.4482 -291.708 193.869 -42.064 -305.409 171.106 -28.6512 -267.785 202.17 53.226 -279.933 197.589 61.2493 -299.549 238.72 46.2366 10.9207 79.9419 6.93851 
156.744 167.177 159.303 165.182 144.012 145.763 164.329 160.857 83.1974 89.262 -270.638 198.716 33.1351 -291.347 193.839 -41.5284 -305.093 171.226 -28.0879 -268.121 202.648 54.3341 -280.123 197.831 62.1267 -299.641 238.996 46.8208 11.114 80.1945 6.90204 
156.49 167.374 160.196 165.849 144.255 145.585 164.605 161.22 83.0302 89.3449 -270.616 199.002 33.994 -290.573 193.777 -41.0013 -304.7 171.189 -27.6771 -268.31 203.256 55.3448 -280.387 198.15 62.8274 -299.665 239.285 47.2614 11.3977 80.6491 6.92977 
156.329 167.912 161.263 166.086 145.102 145.61 165.067 161.556 82.8769 89.0515 -270.289 199.169 34.8178 -289.398 193.66 -40.392 -303.951 170.992 -27.0705 -268.283 203.907 56.3247 -280.379 198.901 63.5626 -299.476 239.58 47.6818 11.5951 80.9305 7.07515 
156.244 168.591 162.288 166.057 145.749 145.762 165.374 161.949 82.9335 88.6444 -270.028 199.259 35.278 -288.137 193.606 -39.8955 -303.346 170.822 -26.6319 -268.147 204.327 56.8127 -280.416 199.578 64.0294 -299.24 239.868 47.9706 11.5557 80.825 7.28512 
156.168 169.112 163.52 165.444 145.928 145.903 165.408 162.57 83.1272 88.2805 -269.56 199.385 35.8043 -286.259 193.716 -39.4491 -302.416 170.697 -26.3232 -267.483 204.519 56.8071 -280.003 200.143 64.1535 -298.559 240.239 48.2068 11.3962 80.2377 7.62744 
155.854 169.099 164.047 164.934 146.253 145.834 165.327 163.03 83.6504 87.4686 -269.057 199.562 36.2614 -285.434 194.354 -39.5292 -302.287 171.142 -26.5607 -266.594 204.848 56.7384 -279.667 200.791 64.1809 -297.877 240.668 48.324 11.2328 80.4414 7.89696 
155.652 169.203 164.823 164.488 146.843 145.738 165.206 163.865 84.0743 86.464 -268.729 200.052 36.7016 -284.654 195.418 -39.8183 -302.479 172.034 -27.2029 -265.835 205.607 56.5492 -279.319 201.983 64.0141 -297.362 241.44 48.2659 11.1746 80.9636 8.2044 
155.439 168.877 165.019 164.245 147.662 145.734 164.88 164.501 84.9298 85.9295 -268.097 200.58 36.709 -284.341 196.559 -40.3039 -302.825 173.091 -27.9941 -264.53 206.689 56.4345 -278.524 203.055 63.9693 -296.695 242.113 48.126 10.9374 82.2067 8.40437 
155.024 169.028 165.53 163.94 148.377 145.572 164.872 165.379 85.3309 86.4322 -267.252 201.419 36.8697 -283.267 197.111 -40.2704 -302.702 173.901 -28.4419 -263.744 207.856 56.7346 -277.749 204.346 64.1918 -295.989 242.989 48.0295 10.8843 83.2649 8.5313 
154.683 169.407 166.731 163.229 148.654 145.449 165.028 166.408 85.2143 86.2202 -266.528 202.141 37.0063 -282.151 197.768 -40.0925 -302.988 174.943 -29.1035 -263.502 209.17 57.2493 -277.676 205.659 64.4469 -295.289 243.937 47.9388 11.0119 84.7571 8.75975 
154.378 169.623 168.003 161.294 148.148 145.221 164.778 167.014 85.7393 86.7876 -265.865 203.027 36.711 -281.361 198.8 -40.3318 -302.954 175.943 -29.6942 -262.846 209.692 56.5408 -276.831 207.045 64.0121 -294.453 244.959 47.884 10.8986 84.2843 8.99388 
154.315 169.611 169.078 161.33 150.354 145.149 164.441 167.673 85.8708 87.019 -264.963 204.239 36.1971 -280.45 200.101 -40.6781 -302.61 177.414 -30.7275 -261.999 211.732 56.6794 -275.639 209.052 63.9423 -293.729 246.078 47.599 11.0832 85.7275 9.04159 
154.186 170.077 170.317 159.634 150.772 144.777 164.696 168.559 87.152 87.8336 -263.557 205.185 36.137 -279.182 201.167 -40.8846 -302.082 178.664 -31.4474 -260.785 213.989 57.6003 -274.72 210.785 64.2385 -292.781 247.173 47.36 11.3234 87.7766 9.20012 
153.872 170.336 170.99 158.006 151.238 144.274 164.794 169.317 87.876 88.6006 -262.241 206.253 36.0732 -278.209 202.627 -41.2801 -301.701 180.151 -32.228 -259.839 216.115 58.0832 -273.795 212.629 64.3141 -291.844 248.398 47.0908 11.5103 89.4221 9.36664 
153.097 170.939 171.109 156.736 152.329 143.67 165.833 170.508 89.4076 90.6131 -259.385 208.71 35.8357 -277.323 206.381 -42.9798 -301.068 183.173 -33.9349 -257.03 219.652 58.3214 -270.759 215.743 63.9928 -289.74 250.886 46.5996 11.8091 91.9747 9.6412 
152.932 171.152 171.405 156.434 152.58 143.191 166.162 171.362 89.2243 91.1973 -258.516 209.219 35.4926 -277.159 208.277 -43.8542 -301.263 184.799 -35.254 -256.197 221.387 58.3252 -269.648 216.895 63.587 -288.576 251.85 46.2433 12.1253 93.7071 9.73122 
152.803 171.016 171.276 156.42 152.876 142.969 165.659 171.809 89.1036 91.75 -257.97 209.863 34.8692 -276.794 210.413 -44.4216 -301.19 187.011 -36.3424 -255.328 223.461 57.9836 -268.493 218.377 62.899 -287.502 253.091 45.7317 12.4143 95.0359 9.72503 
152.494 170.978 170.574 156.616 152.875 142.576 165.749 172.333 88.7809 92.5458 -257.763 210.404 34.6454 -277.126 212.478 -44.9114 -301.968 189.084 -37.0294 -254.669 225.059 57.5449 -267.474 219.634 61.9947 -286.489 254.425 45.3589 12.9895 96.053 9.85104 
152.45 171.44 171.278 156.231 151.903 142.216 165.854 173.078 87.8577 92.8062 -257.392 211.225 34.8149 -276.931 214.189 -44.5622 -302.243 190.836 -37.2346 -254.627 226.402 56.9538 -267.057 221.138 61.2027 -285.675 255.994 45.1692 13.3775 96.0557 9.87569 
152.426 171.382 171.285 156.273 150.838 142.142 165.618 173.304 87.7944 92.6048 -257.281 212.318 34.3922 -276.955 215.969 -44.2312 -302.201 192.636 -37.0959 -253.959 227.708 56.18 -266.527 222.772 60.6213 -284.924 257.592 44.976 13.1982 95.565 9.72963 
152.485 171.046 170.696 156.001 149.49 142.085 165.172 173.186 88.1393 92.8277 -256.994 213.579 34.2666 -277.096 218.39 -44.2911 -301.978 194.504 -36.8903 -253.072 228.537 55.3199 -265.713 224.102 59.7469 -284.261 259.273 44.8418 13.3176 94.5501 9.77311 
152.58 171.571 171.241 154.217 147.424 142.236 166.103 173.541 87.9066 92.2087 -256.637 214.973 33.7814 -276.942 219.863 -43.8398 -301.033 195.745 -36.0903 -252.812 229.552 54.5246 -265.412 226.068 59.343 -283.683 260.959 44.6522 13.1467 93.0581 9.47273 
152.748 171.904 170.11 152.084 145.124 142.413 166.313 173.043 87.6396 90.7379 -256.868 216.473 33.1018 -277.051 221.997 -43.83 -300.013 197.725 -35.3274 -252.963 230.64 53.7351 -265.745 228.096 59.2776 -283.323 262.727 44.5636 12.6439 91.3416 9.20534 
152.737 172.007 169.799 149.403 144.001 142.613 166.538 173.055 88.1381 90.9756 -256.284 217.859 33.2397 -276.708 224.445 -43.8503 -299.724 199.721 -35.2618 -252.424 231.184 52.9946 -264.816 229.665 59.179 -282.727 264.447 44.6559 12.4695 90.126 9.4538 
152.69 172.357 171.076 146.878 143.377 143.079 167.777 173.179 88.4755 91.3151 -255.924 218.881 33.2648 -275.968 226.063 -43.5105 -299.042 201.006 -34.9501 -252.045 231.756 52.5842 -264.023 231.07 59.2418 -281.989 265.941 44.7875 12.4893 88.8884 9.57225 
152.513 172.957 171.723 146.186 143.659 143.502 167.968 172.969 88.3441 90.6859 -256.323 220.339 32.8131 -275.62 228.013 -43.4496 -299.065 202.968 -34.8469 -252.286 233.075 52.5347 -264.351 232.57 59.3906 -281.641 267.675 44.865 12.2898 88.5546 9.7501 
152.458 173.341 172.187 144.958 143.727 143.978 168.176 172.663 88.5814 90.8455 -256.506 221.635 32.5983 -274.872 229.988 -43.3034 -298.282 204.626 -34.725 -252.156 234.17 52.5123 -263.965 234.061 59.4443 -281.186 269.303 45.0211 12.4667 87.6975 9.86326 
152.09 173.844 173.27 144.037 144.058 144.114 168.796 173.071 88.9992 91.399 -256.232 222.728 33.2747 -273.457 231.515 -42.9165 -297.791 205.728 -34.5604 -251.698 235.304 52.8781 -263.311 235.448 59.8829 -280.644 270.741 45.3083 12.5035 87.5749 10.407 
151.839 174.205 174.091 143.219 144.713 144.406 168.963 172.877 89.4451 91.9276 -256.691 223.78 33.1913 -272.624 233.091 -42.8047 -297.571 206.988 -34.5855 -251.541 235.92 52.7415 -262.904 236.446 59.7386 -280.088 272.102 45.4474 12.7312 86.7992 10.7518 
151.673 174.177 174.291 142.688 145.864 144.683 168.65 172.428 89.8179 92.51 -257.104 224.988 33.1906 -271.837 234.89 -42.7823 -297.312 208.479 -34.8381 -251.41 236.458 52.3831 -262.43 237.398 59.513 -279.699 273.463 45.694 12.9729 85.8256 11.0392 
151.441 174.535 174.836 141.826 147.321 144.929 168.909 172.25 90.8396 93.8827 -256.924 227.055 34.2535 -269.633 237.168 -42.0427 -295.885 210.147 -34.3427 -250.488 237.736 52.7051 -261.049 239.417 60.1588 -278.749 275.739 46.5105 13.2758 84.458 11.5575 
151.428 174.534 174.984 140.742 148.209 145.031 169.082 172.29 91.5307 94.7306 -256.972 227.623 34.7298 -268.598 237.91 -42.1442 -295.639 210.668 -34.5191 -250.246 237.158 52.4605 -260.354 239.745 60.3081 -278.072 276.392 46.7911 13.7033 83.4422 11.968 
151.351 174.53 174.961 140.817 149.021 145.206 169.133 172.03 92.0883 95.1777 -257.055 228.243 34.9417 -267.777 238.556 -42.0982 -294.938 211.216 -34.5637 -249.661 237.034 52.2672 -259.639 240.054 60.2974 -277.41 276.971 47.1016 13.9147 82.575 11.9969 
151.275 174.642 174.86 141.036 149.673 145.312 169.225 171.638 92.0319 95.1908 -256.975 229.185 35.1296 -266.706 239.125 -41.9112 -294.017 212.053 -34.5687 -249.337 237.466 52.2185 -259.266 240.629 60.446 -276.88 277.698 47.3843 13.9155 81.9921 11.9222 
151.079 174.624 174.885 141.966 149.753 145.124 169.409 171.713 91.3704 94.6553 -256.558 229.571 35.6594 -265.872 239.69 -41.8899 -293.662 212.828 -34.6819 -249.068 238.401 52.9059 -259.175 241.149 60.8697 -276.343 278.164 47.6072 13.6778 82.843 12.0827 
151.024 174.924 174.783 142.186 149.949 145.043 169.787 171.582 91.3353 94.5643 -256.027 229.779 36.0764 -264.833 239.627 -41.6618 -292.638 212.985 -34.4448 -248.6 238.519 53.251 -258.742 241.307 61.1896 -275.71 278.396 47.8004 13.6476 82.6116 12.0317 
151.047 175.123 174.792 142.314 150.015 144.969 170.23 171.843 91.4151 94.6851 -254.999 229.977 36.7323 -263.828 239.612 -41.5742 -292.081 213.002 -34.3148 -247.869 238.616 53.8252 -258.043 241.435 61.8023 -275.021 278.56 48.1146 13.5508 82.9808 12.2628 
151.109 174.922 174.669 142.065 149.979 144.814 170.129 171.869 91.7409 94.9178 -254.135 230.127 37.4869 -262.869 239.797 -41.5891 -291.344 213.016 -34.2309 -247.072 238.345 53.9447 -257.278 241.333 62.1301 -274.373 278.678 48.407 13.4698 82.7681 12.4769 
151.207 174.723 174.635 142.038 149.926 144.698 169.884 171.875 91.9416 95.0751 -253.567 230.251 38.0525 -262.143 239.935 -41.5568 -290.821 213.074 -34.2473 -246.416 238.225 54.0658 -256.682 241.255 62.3507 -273.859 278.775 48.6076 13.3731 82.7851 12.5982 
151.379 174.507 174.723 142.002 149.716 144.588 169.743 172.011 91.9969 95.0721 -252.87 230.229 38.6401 -261.601 240.08 -41.4105 -290.366 213.183 -34.1373 -245.717 238.264 54.3831 -256.093 241.2 62.7135 -273.242 278.821 48.8753 13.191 83.0757 12.6445 
151.418 174.291 174.827 142.227 149.525 144.464 169.613 172.16 92.0084 94.968 -252.333 230.014 39.1125 -261.198 240.231 -41.3349 -290.047 213.258 -34.1102 -245.052 238.332 54.7985 -255.577 241.152 63.0467 -272.692 278.711 49.0788 13.0782 83.6663 12.711 
151.405 174.312 174.948 142.21 149.436 144.453 169.668 172.297 91.9697 94.8065 -251.776 229.873 39.4604 -260.621 240.101 -41.1887 -289.534 213.134 -34.0112 -244.58 238.23 55.1757 -255.185 241.049 63.3371 -272.211 278.593 49.2543 13.0709 83.9442 12.7338 
151.349 174.27 174.948 142.155 149.474 144.571 169.57 172.315 92.046 94.8147 -251.048 229.746 39.506 -259.99 239.937 -40.9925 -289.033 212.934 -33.8387 -244.064 237.902 55.4501 -254.682 240.784 63.5778 -271.676 278.392 49.4473 13.096 84.0298 12.8163 
151.369 174.251 174.963 142.164 149.368 144.716 169.542 172.308 92.0109 94.7414 -250.337 229.67 39.34 -259.501 239.679 -40.8069 -288.469 212.736 -33.7384 -243.504 237.714 55.5812 -254.188 240.454 63.6534 -271.197 278.143 49.5716 13.0029 84.1363 12.7377 
151.593 174.223 175.115 142.614 149.443 144.915 169.465 172.315 91.6614 94.3874 -249.917 229.611 39.1344 -259.218 239.468 -40.6279 -287.937 212.574 -33.4479 -243.153 238.158 56.0101 -254.074 240.411 63.8589 -270.899 278.026 49.6869 12.7133 84.5891 12.6276 
151.767 174.238 175.311 143.016 149.478 145.107 169.542 172.362 91.2803 94.0732 -249.548 229.466 38.8938 -259.027 239.204 -40.3901 -287.453 212.412 -33.1074 -242.862 238.575 56.5412 -253.929 240.343 64.0847 -270.567 277.865 49.8136 12.5383 85.0996 12.4673 
151.96 174.299 175.511 143.344 149.45 145.296 169.616 172.492 90.9988 93.8278 -249.244 229.335 38.6767 -258.858 238.919 -40.2005 -287.106 212.18 -32.8545 -242.612 238.968 56.9921 -253.814 240.321 64.2499 -270.336 277.717 49.8978 12.4326 85.5935 12.3675 
152.171 174.301 175.587 143.641 149.464 145.381 169.629 172.673 90.7757 93.6183 -248.959 229.234 38.5541 -258.752 238.794 -40.1288 -287.069 212.097 -32.7624 -242.503 239.208 57.3878 -253.805 240.258 64.3692 -270.17 277.625 49.9579 12.4022 86.1418 12.3847 
152.238 174.272 175.561 143.957 149.535 145.364 169.541 172.774 90.5275 93.4372 -248.739 229.116 38.5136 -258.668 238.661 -40.044 -287.153 212.026 -32.6721 -242.401 239.373 57.7135 -253.722 240.235 64.4729 -269.991 277.508 50.0006 12.4612 86.6718 12.4481 
152.272 174.283 175.554 144.144 149.485 145.327 169.431 172.834 90.2312 93.2255 -248.529 229.028 38.6 -258.476 238.614 -39.94 -287.045 211.91 -32.5119 -242.251 239.609 58.0299 -253.559 240.314 64.6039 -269.814 277.414 50.0824 12.5585 87.0896 12.5441 
152.237 174.206 175.484 144.092 149.446 145.212 169.274 172.935 89.9845 93.0619 -248.261 229.071 38.7256 -258.331 238.739 -39.9122 -287.204 211.965 -32.4975 -242.261 239.656 58.1676 -253.511 240.376 64.6585 -269.74 277.381 50.1479 12.6905 87.425 12.7423 
152.233 174.162 175.529 144.02 149.166 145.08 169.206 173.053 89.7789 92.9003 -247.916 229.048 38.8157 -258.158 238.652 -39.834 -287.116 211.953 -32.4713 -242.21 239.695 58.3283 -253.472 240.332 64.7085 -269.62 277.292 50.1736 12.7393 87.7197 12.7564 
152.21 174.105 175.539 143.912 148.911 144.961 169.118 173.134 89.7008 92.88 -247.457 229.057 38.9664 -257.968 238.586 -39.7471 -286.936 211.873 -32.3582 -242.047 239.679 58.4983 -253.31 240.256 64.8297 -269.485 277.198 50.2452 12.7463 87.9197 12.7884 
152.2 174.07 175.564 143.803 148.686 144.863 169.101 173.174 89.6007 92.8131 -247.111 229.012 39.1074 -257.839 238.518 -39.6896 -286.707 211.793 -32.2808 -241.909 239.659 58.6121 -253.179 240.169 64.8866 -269.346 277.102 50.2734 12.7598 88.0406 12.7577 
152.161 174.106 175.496 143.698 148.557 144.764 169.076 173.054 89.507 92.804 -246.999 228.973 39.2288 -257.736 238.427 -39.5792 -286.523 211.78 -32.1809 -241.92 239.573 58.6531 -253.187 240.035 64.8851 -269.281 277.037 50.311 12.7684 87.9843 12.6964 
152.151 174.156 175.565 143.657 148.222 144.644 169.142 173.1 89.4403 92.7636 -246.797 228.846 39.2889 -257.67 238.407 -39.5513 -286.381 211.834 -32.1729 -241.795 239.587 58.6589 -253.093 239.966 64.878 -269.147 276.931 50.2912 12.7282 88.1091 12.6416 
152.235 174.249 175.686 143.591 148.037 144.62 169.231 173.076 89.3349 92.681 -246.832 228.838 39.269 -257.697 238.288 -39.4398 -286.239 211.869 -32.0744 -241.844 239.704 58.7082 -253.179 240.023 64.9264 -269.126 276.915 50.3029 12.6844 88.1243 12.4948 
152.345 174.338 175.819 143.407 147.807 144.624 169.368 173.07 89.2866 92.6467 -246.931 228.809 39.184 -257.751 238.134 -39.3848 -286.109 211.83 -32.0493 -241.889 239.708 58.6684 -253.236 239.992 64.9191 -269.112 276.866 50.2824 12.6343 88.0313 12.3376 
152.396 174.396 175.837 143.495 147.777 144.635 169.434 173.053 89.2535 92.5491 -247.137 228.792 39.1996 -257.892 238.139 -39.3858 -286.193 211.84 -32.0281 -241.958 239.836 58.7761 -253.352 240.074 64.984 -269.145 276.879 50.3006 12.6236 88.1454 12.303 
152.362 174.428 175.844 143.515 147.77 144.648 169.534 173.025 89.2006 92.4615 -247.375 228.778 39.1495 -258.042 238.035 -39.4407 -286.36 211.791 -32.0741 -242.133 239.843 58.795 -253.548 240.065 64.9547 -269.236 276.872 50.2427 12.6364 88.1943 12.2798 
152.317 174.501 175.814 143.426 147.723 144.618 169.606 172.967 89.1698 92.4771 -247.565 228.775 39.2143 -258.122 238.016 -39.4806 -286.361 211.755 -32.069 -242.207 239.86 58.7692 -253.59 240.091 64.9272 -269.292 276.877 50.2146 12.6604 88.1483 12.2528 
152.333 174.591 175.721 143.309 147.76 144.602 169.72 172.865 89.146 92.5184 -247.802 228.757 39.1888 -258.223 237.909 -39.5669 -286.478 211.706 -32.1293 -242.356 239.788 58.6275 -253.687 240.064 64.8148 -269.38 276.875 50.1421 12.6845 88.0095 12.2339 
152.289 174.626 175.58 143.197 147.893 144.578 169.715 172.752 89.2811 92.7138 -248.073 228.702 39.1756 -258.361 237.894 -39.7007 -286.711 211.654 -32.2431 -242.48 239.572 58.4192 -253.727 239.991 64.661 -269.499 276.867 50.0774 12.7498 87.7772 12.2893 
152.244 174.614 175.469 143.135 148.019 144.577 169.681 172.681 89.4576 92.9035 -248.328 228.571 39.128 -258.546 237.892 -39.9387 -286.954 211.5 -32.391 -242.565 239.319 58.1685 -253.746 239.895 64.483 -269.622 276.794 49.9619 12.8052 87.5553 12.3889 
152.164 174.588 175.348 143.092 148.062 144.531 169.695 172.593 89.6225 93.0077 -248.74 228.258 39.1694 -258.783 237.786 -40.2078 -287.256 211.324 -32.5566 -242.704 238.992 57.9249 -253.871 239.664 64.2802 -269.755 276.636 49.8119 12.8183 87.3846 12.4704 
152.123 174.537 175.264 143.337 148.265 144.512 169.589 172.514 89.7496 93.0652 -249.17 227.983 39.2499 -259.087 237.76 -40.5407 -287.622 211.214 -32.7855 -242.822 238.889 57.8457 -254.016 239.554 64.2207 -269.93 276.526 49.678 12.7644 87.4973 12.5538 
152.068 174.452 175.183 143.722 148.382 144.472 169.605 172.504 89.9405 93.1109 -249.538 227.539 39.323 -259.566 237.758 -40.974 -288.146 211.161 -33.1019 -242.844 238.752 57.8317 -254.091 239.375 64.1712 -270.058 276.3 49.5285 12.7243 87.8578 12.619 
152.087 174.388 175.123 144.135 148.528 144.528 169.589 172.547 90.0056 93.0688 -249.761 227.121 39.241 -260.072 237.837 -41.4511 -288.584 211.102 -33.4293 -242.821 238.745 57.8182 -254.096 239.239 64.1435 -270.201 276.041 49.3518 12.6573 88.3102 12.6859 
152.027 174.353 174.963 144.587 148.927 144.569 169.535 172.488 89.9366 92.9839 -250.141 226.866 39.3294 -260.582 237.96 -41.7777 -289.269 211.047 -33.465 -243.113 238.754 57.9445 -254.336 239.308 64.222 -270.519 275.916 49.3013 12.7678 88.6686 12.9452 
151.924 174.248 174.901 144.894 149.101 144.606 169.429 172.545 89.7644 92.792 -250.609 226.676 39.4412 -261.189 237.994 -41.8796 -289.994 211.005 -33.3464 -243.554 238.901 58.1412 -254.766 239.43 64.3245 -270.941 275.848 49.3055 12.8626 89.0401 13.1118 
151.781 174.257 174.924 145.292 149.354 144.647 169.471 172.508 89.4757 92.4709 -251.155 226.586 39.3184 -261.765 237.831 -41.7346 -290.54 210.988 -33.1263 -244.223 239.186 58.4452 -255.469 239.606 64.4339 -271.475 275.814 49.3386 12.9792 89.305 13.08 
151.627 174.26 175.004 145.333 149.167 144.639 169.635 172.694 89.3229 92.2758 -251.461 226.435 39.3471 -262.256 237.645 -41.6088 -291.05 210.875 -32.9472 -244.695 239.298 58.6626 -255.937 239.684 64.54 -271.916 275.711 49.3572 13.0838 89.557 13.0888 
151.32 174.433 175.066 145.564 149.485 144.691 169.81 172.564 88.994 91.98 -252.357 226.522 39.0989 -263.067 237.272 -41.1314 -291.647 210.597 -32.4149 -245.754 239.488 58.864 -256.935 239.94 64.6122 -272.882 275.635 49.5099 13.3507 89.3155 12.9828 
151.287 174.446 175.16 145.488 149.445 144.714 169.872 172.58 88.715 91.7236 -252.859 226.728 38.9941 -263.434 236.921 -40.5768 -291.978 210.525 -31.9422 -246.486 239.813 59.0746 -257.673 240.234 64.7077 -273.447 275.76 49.624 13.4743 89.1946 12.8385 
151.401 174.443 175.264 145.339 149.263 144.82 170.039 172.616 88.5274 91.541 -253.151 226.898 38.768 -263.741 236.367 -39.9242 -291.943 210.366 -31.4711 -247.109 240.006 59.3256 -258.298 240.368 64.8117 -273.95 275.795 49.7402 13.5959 88.96 12.4594 
151.533 174.453 175.306 145.167 149.056 144.917 170.203 172.671 88.4495 91.4946 -253.331 227.036 38.6368 -263.974 235.888 -39.4805 -292.069 210.245 -31.227 -247.632 240.066 59.5365 -258.818 240.409 64.9361 -274.358 275.835 49.8329 13.6525 88.8333 12.1996 
151.685 174.389 175.394 144.869 148.673 144.958 170.26 172.679 88.4413 91.4651 -253.674 226.983 38.7423 -264.252 235.332 -39.0457 -291.988 210.013 -30.8834 -248.084 240.021 59.7616 -259.323 240.322 65.0924 -274.697 275.804 49.9469 13.6409 88.5726 11.8419 
151.987 174.401 175.332 145.711 149.125 145.017 169.741 172.22 88.0621 91.3075 -254.062 227.059 38.8542 -264.252 234.804 -38.8353 -291.47 209.93 -30.5727 -248.269 240.132 60.0068 -259.604 240.301 65.5339 -274.811 275.702 50.005 13.3179 88.6889 11.4402 
