148.355 163.424 171.116 154.222 143.274 139.654 168.967 169.487 79.1848 74.667 172.117 285.198 104.095 201.889 321.984 39.2226 181.452 295.335 14.1467 131.133 289.509 123.853 120.1 283.189 112.852 128.369 318.886 101.347 12.8632 117.61 15.6545 
148.364 163.673 171.017 154.297 143.761 139.426 169.05 169.591 79.1942 74.6844 171.873 285.108 104.356 201.9 322.002 39.3586 181.373 295.234 14.1964 130.874 289.488 123.918 119.86 283.288 112.949 128.338 318.936 101.463 12.8067 117.732 15.7667 
148.484 164.296 170.883 154.42 143.97 139.513 169.104 169.549 79.2416 74.6213 171.667 284.887 104.561 201.942 322.108 39.4366 181.158 295.035 14.1733 130.636 289.411 123.975 119.582 283.287 112.929 128.304 319.008 101.575 12.8038 117.777 16.0683 
148.656 165.335 170.858 154.424 144.207 139.473 169.128 169.62 79.2704 74.5861 171.519 284.729 104.764 202.062 322.402 39.6158 180.983 294.976 14.1434 130.486 289.383 124.027 119.432 283.328 112.948 128.261 319.066 101.675 12.7903 117.854 16.4501 
148.801 166.192 170.78 154.42 144.329 139.512 169.055 169.596 79.2705 74.5307 171.342 284.616 104.771 202.117 322.624 39.6967 180.814 294.865 14.1274 130.385 289.303 124.007 119.321 283.283 112.897 128.193 319.056 101.71 12.7939 117.83 16.7638 
149.054 167.093 170.828 154.302 144.466 139.483 169.021 169.641 79.2781 74.5376 171.225 284.482 104.838 202.069 322.719 39.7119 180.604 294.823 14.0085 130.315 289.292 123.996 119.238 283.356 112.937 128.152 319.098 101.734 12.7371 117.891 16.9266 
148.157 164.232 171.317 153.876 143.302 139.106 169.413 169.107 79.6053 75.1602 171.017 284.107 104.722 202.018 322.538 39.8109 180.784 295.743 13.9607 130.935 289.188 123.949 119.843 283.162 113.017 128.109 319.049 101.606 12.6532 117.521 16.3715 
148.274 164.465 171.135 153.755 143.66 139.314 169.193 169.361 79.5554 75.2049 171.068 284.056 104.697 202.107 322.675 39.8897 180.763 295.933 13.8522 130.825 289.146 123.957 119.793 283.207 113.139 128.075 318.952 101.615 12.5827 117.856 16.4626 
148.463 164.664 170.983 153.729 143.984 139.333 169.163 169.463 79.533 75.1564 170.999 283.904 104.747 202.208 322.74 39.9865 180.699 295.766 13.7909 130.657 289.023 123.944 119.634 283.168 113.161 128.023 318.825 101.612 12.5268 118.01 16.7108 
148.834 164.955 170.895 153.717 144.232 139.394 169.206 169.541 79.4851 75.0498 170.907 283.712 104.719 202.363 322.826 40.1483 180.706 295.601 13.786 130.521 288.955 123.962 119.527 283.162 113.206 127.989 318.716 101.622 12.4939 118.131 16.961 
149.23 165.344 170.98 153.639 144.458 139.283 169.352 169.696 79.4627 74.9518 170.784 283.646 104.667 202.527 322.901 40.2682 180.754 295.385 13.7242 130.42 288.956 123.992 119.43 283.225 113.265 127.979 318.661 101.612 12.4314 118.241 17.1975 
149.604 165.986 171.131 153.579 144.604 139.35 169.42 169.81 79.4706 74.8865 170.616 283.459 104.58 202.694 322.879 40.401 180.726 295.109 13.6418 130.307 288.892 124.018 119.303 283.226 113.306 127.975 318.609 101.615 12.3756 118.306 17.4649 
149.795 166.618 171.287 153.527 144.766 139.2 169.458 169.917 79.4517 74.8846 170.478 283.311 104.625 202.793 322.705 40.4455 180.695 294.799 13.5765 130.223 288.862 124.015 119.193 283.269 113.346 128.016 318.599 101.628 12.3143 118.332 17.5921 
149.862 167.475 171.423 153.536 144.917 139.059 169.445 169.979 79.4698 74.857 170.428 283.289 104.651 202.83 322.541 40.3963 180.643 294.576 13.4867 130.158 288.887 124.007 119.1 283.325 113.326 128.018 318.641 101.615 12.2762 118.317 17.6223 
149.961 168.155 171.486 153.549 145.017 139.096 169.388 169.996 79.4905 74.836 170.467 283.227 104.659 202.798 322.235 40.2873 180.557 294.302 13.42 130.13 288.929 123.994 119.034 283.395 113.298 128.045 318.706 101.593 12.2589 118.253 17.5586 
149.032 165.114 171.601 153.374 143.939 138.803 169.741 169.511 79.7823 75.4093 170.432 283.277 104.362 202.669 321.998 40.1191 180.763 295.07 13.3854 130.778 288.944 123.925 119.619 283.201 113.302 128.055 318.729 101.409 12.1505 117.858 16.9174 
148.824 164.371 171.916 152.941 143.025 138.767 169.748 169.083 80.0848 76.2023 170.493 283.145 104.058 202.374 321.76 39.7107 180.902 295.681 13.2769 131.483 288.828 123.794 120.304 282.935 113.404 127.993 318.65 101.181 12.0874 117.298 16.2518 
148.815 164.721 172.318 152.472 142.418 138.804 169.648 168.802 80.4831 77.0257 170.404 283.004 103.66 202.084 321.528 39.2733 180.845 295.995 13.0317 132.069 288.736 123.745 120.855 282.699 113.553 127.906 318.58 100.958 12.0256 116.843 15.8414 
149.109 165.482 172.862 151.896 142.24 138.988 169.592 168.563 80.8121 77.8487 170.267 282.748 103.184 202.061 321.361 39.0687 180.811 296.24 12.7834 132.559 288.712 123.66 121.339 282.657 113.799 127.858 318.586 100.747 11.8975 116.418 15.7046 
149.362 166.009 173.306 151.429 142.138 139.05 169.334 168.28 81.0497 78.5577 170.306 282.699 102.782 202.022 321.44 38.9212 180.718 296.542 12.6095 133.021 288.723 123.522 121.818 282.585 113.926 127.813 318.604 100.539 11.8333 116.042 15.7039 
149.489 166.543 173.716 150.98 142.213 138.982 169.156 167.99 81.2424 79.1872 170.303 282.685 102.319 201.999 321.237 38.6863 180.718 296.573 12.4606 133.378 288.75 123.34 122.219 282.589 114.028 127.829 318.617 100.288 11.7723 115.654 15.588 
149.697 166.809 174.03 150.653 142.208 138.967 169.053 167.756 81.3497 79.6323 170.217 282.611 101.896 201.919 321.006 38.4729 180.672 296.543 12.341 133.577 288.807 123.168 122.441 282.643 114.06 127.812 318.639 100.073 11.7458 115.37 15.4706 
149.883 166.598 173.422 151.432 142.628 139.122 168.455 168.233 80.711 78.3265 170.16 282.819 101.703 201.636 320.695 38.1807 180.546 296.183 12.3016 132.651 289.025 122.999 121.459 283.046 113.652 127.783 318.692 100.019 11.8488 116.076 15.2523 
150.008 166.576 173.457 151.147 142.107 139.102 168.566 168.061 80.8414 78.4591 170.293 283.006 101.347 201.379 320.713 37.8494 180.592 296.284 12.2646 132.965 289.219 122.909 121.727 283.219 113.627 127.785 318.802 99.8489 11.7756 115.757 14.9445 
150.017 166.342 172.706 151.751 142.761 139.496 167.995 168.35 80.2808 77.4624 170.332 283.249 101.086 201.049 320.596 37.5266 180.605 296.058 12.4085 132.241 289.396 122.68 121.013 283.513 113.248 127.747 318.848 99.7631 11.879 116.189 14.6146 
150.478 165.549 172.148 152.209 143.35 139.69 167.858 168.702 79.8473 76.6364 170.371 283.464 101.006 200.856 320.507 37.3804 180.592 295.708 12.5297 131.678 289.553 122.586 120.447 283.766 113.015 127.768 318.902 99.7697 11.9488 116.582 14.5039 
150.151 165.615 172.16 152.181 142.791 139.458 167.772 168.198 79.9803 76.8575 170.603 283.576 100.845 200.867 320.632 37.2085 180.692 295.908 12.4974 132.033 289.613 122.419 120.864 283.69 112.807 127.828 318.937 99.5613 12.0374 116.273 14.4125 
150.272 165.701 172.357 151.988 142.328 139.604 167.776 167.37 80.1701 77.215 170.893 283.536 100.678 200.92 320.643 37.1347 180.9 295.947 12.6403 132.442 289.513 122.264 121.357 283.489 112.675 127.852 318.9 99.3847 12.1291 115.667 14.2944 
150.489 165.699 172.475 151.738 141.757 139.929 167.706 166.681 80.3064 77.5565 171.03 283.341 100.475 200.971 320.669 37.102 181.073 295.981 12.7689 132.838 289.425 122.088 121.84 283.244 112.455 127.911 318.877 99.2293 12.2873 115.134 14.2277 
150.763 165.47 171.737 152.454 142.174 140.236 167.374 167.094 79.849 76.5184 171.172 283.67 100.47 200.863 320.888 37.013 181.064 295.946 12.8981 132.273 289.598 122.016 121.238 283.427 112.065 127.956 318.993 99.3116 12.3995 115.645 14.1942 
151.077 165.339 171.299 152.964 142.692 140.223 167.412 167.537 79.4937 75.7679 171.318 283.957 100.572 200.899 321.048 36.9324 181.162 295.838 12.9448 131.897 289.741 121.948 120.862 283.56 111.77 128.045 319.062 99.3638 12.4742 116.073 14.1977 
151.404 165.512 170.995 153.322 143.124 140.331 167.49 167.875 79.2231 75.2006 171.355 284.094 100.61 200.951 321.094 36.894 181.19 295.492 13.0238 131.571 289.865 121.917 120.54 283.69 111.571 128.119 319.121 99.4077 12.5465 116.337 14.3175 
151.785 165.953 170.791 153.641 143.502 140.499 167.559 168.203 78.9979 74.7053 171.518 284.274 100.66 201.144 321.297 37.0118 181.316 295.301 13.0839 131.345 290.011 121.929 120.363 283.792 111.42 128.182 319.142 99.4328 12.6236 116.661 14.5333 
152.021 166.506 170.606 153.959 143.889 140.443 167.445 168.427 78.7837 74.3022 171.8 284.512 100.991 201.389 321.507 37.2667 181.438 295.247 13.2095 131.189 290.218 121.956 120.245 283.933 111.297 128.254 319.234 99.4942 12.7032 116.946 14.7512 
152.295 167.237 170.566 154.048 144.276 140.556 167.301 168.619 78.6163 74.0788 171.992 284.759 101.12 201.59 321.715 37.5284 181.567 295.307 13.3284 131.141 290.448 122.007 120.244 284.141 111.334 128.316 319.386 99.5747 12.7067 117.112 14.8745 
152.518 167.697 170.571 154.123 144.525 140.743 167.099 168.742 78.4895 73.9058 172.227 284.946 101.226 201.759 321.775 37.782 181.66 295.381 13.3999 131.11 290.661 122.015 120.269 284.31 111.305 128.366 319.512 99.5894 12.7399 117.287 14.9348 
152.642 167.82 170.614 154.141 144.702 140.846 166.937 168.837 78.4273 73.8022 172.457 285.197 101.297 201.855 321.857 37.9762 181.773 295.541 13.459 131.138 290.804 122.017 120.346 284.401 111.272 128.388 319.585 99.5828 12.7543 117.414 14.917 
152.625 167.748 170.712 154.156 144.934 140.869 166.768 168.923 78.3856 73.7603 172.556 285.287 101.443 201.873 321.704 38.2105 181.926 295.617 13.5631 131.069 290.866 122.024 120.341 284.421 111.251 128.354 319.545 99.5603 12.766 117.576 14.7705 
152.694 167.336 170.696 154.191 145.06 140.74 166.628 168.967 78.3756 73.7075 172.687 285.473 101.595 201.862 321.625 38.3697 182.076 295.73 13.7305 131.072 290.939 122.062 120.377 284.437 111.25 128.314 319.534 99.5535 12.7717 117.62 14.6019 
152.673 166.944 170.748 154.185 145.181 140.703 166.546 168.971 78.3583 73.7139 172.864 285.663 101.669 201.849 321.523 38.3744 182.173 295.845 13.7843 131.146 290.995 122.033 120.447 284.485 111.249 128.347 319.603 99.534 12.7347 117.588 14.4151 
152.636 166.243 170.713 154.216 145.187 140.681 166.494 168.945 78.3628 73.6925 173.077 285.789 101.769 201.814 321.465 38.2943 182.211 295.888 13.757 131.192 291.03 122.024 120.491 284.483 111.223 128.36 319.631 99.4985 12.7381 117.596 14.3079 
152.701 165.414 170.607 154.255 145.091 140.854 166.528 168.828 78.3542 73.6599 173.257 285.93 101.718 201.765 321.473 38.1899 182.277 295.861 13.8398 131.288 291.113 122.038 120.576 284.52 111.232 128.392 319.707 99.4866 12.7592 117.446 14.212 
152.787 164.614 170.593 154.275 144.856 140.993 166.653 168.776 78.3474 73.5662 173.386 286.079 101.68 201.786 321.599 38.1041 182.396 295.931 13.8714 131.423 291.23 122.063 120.708 284.545 111.172 128.47 319.816 99.4991 12.8173 117.366 14.1487 
152.91 163.803 170.616 154.213 144.751 141.081 166.826 168.783 78.3513 73.582 173.38 286.054 101.67 201.785 321.644 38.0608 182.434 295.972 13.8887 131.514 291.317 122.104 120.801 284.613 111.211 128.532 319.896 99.5207 12.8371 117.354 14.1119 
152.88 163.377 170.676 154.123 144.753 140.929 166.996 168.831 78.3424 73.6096 173.375 286.081 101.719 201.876 321.78 38.0704 182.521 296.165 13.8626 131.601 291.423 122.113 120.906 284.71 111.241 128.592 319.978 99.5202 12.8336 117.414 14.1015 
151.505 163.246 170.686 153.332 143.292 140.293 167.792 168.575 78.8429 74.4086 173.195 285.917 101.592 201.94 322.546 37.8846 182.565 296.569 13.5876 132.479 291.37 122.088 121.799 284.524 111.281 128.65 319.94 99.3581 12.8158 116.846 14.4042 
151.439 163.843 170.588 153.401 143.245 140.559 167.871 168.527 78.7688 74.3292 173.17 285.91 101.489 201.993 323.156 37.6948 182.661 296.748 13.6272 132.383 291.336 122.065 121.724 284.471 111.226 128.645 319.901 99.3703 12.8809 116.933 14.5925 
151.642 164.361 170.487 153.443 143.218 140.635 168.233 168.561 78.7444 74.2135 173.079 285.79 101.445 201.981 323.559 37.4896 182.654 296.71 13.6114 132.266 291.283 122.059 121.582 284.417 111.181 128.597 319.84 99.3425 12.8894 117.014 14.7944 
150.8 164.262 170.471 152.746 141.558 140.353 168.628 168.069 79.217 74.8797 173.044 285.784 101.117 201.726 323.75 37.0849 182.637 296.685 13.6869 133.009 291.163 121.996 122.271 284.152 111.105 128.574 319.821 99.1606 12.9137 116.088 14.6985 
150.708 164.469 170.104 151.997 140.014 140.4 168.984 167.663 79.7451 75.6245 172.849 285.514 100.709 201.471 323.765 36.6747 182.446 296.388 13.5479 133.674 290.947 121.979 122.899 283.747 111.049 128.507 319.745 98.9955 13.007 115.236 14.7566 
150.776 164.846 169.856 151.236 139.14 140.504 169.269 167.3 80.2279 76.3918 172.7 285.288 100.284 201.382 323.692 36.3278 182.328 296.007 13.5479 134.199 290.756 121.93 123.334 283.543 111.149 128.472 319.732 98.8181 12.9116 114.387 14.8561 
151.109 165.163 170.239 151.798 139.505 140.886 169.064 167.66 80.0215 75.7394 172.764 285.556 100.219 201.353 323.861 35.9632 182.105 295.893 13.223 133.76 290.903 121.95 122.788 283.772 110.998 128.511 319.923 98.8527 12.9359 114.931 15.0494 
150.873 165.667 170.211 151.121 139.006 140.806 169.332 167.427 80.3512 76.3374 172.773 285.619 99.9792 201.496 324.094 35.8218 182.11 296.019 13.1621 134.242 291.034 121.878 123.193 283.977 111.169 128.575 320.14 98.7146 12.6945 114.427 15.1514 
151.072 165.943 170.621 150.7 138.397 140.944 169.596 167.491 80.8009 76.9532 172.777 285.517 99.7591 201.757 324.336 35.7636 182.342 296.833 12.7407 134.696 291.066 121.886 123.613 284.009 111.226 128.659 320.33 98.5959 12.6545 114.3 14.983 
151.293 166.097 171.064 150.434 138.045 141.041 169.781 167.277 81.2247 77.5001 172.802 285.552 99.5584 201.863 324.575 35.6095 182.45 297.409 12.4263 135.07 291.132 121.942 123.967 284.011 111.286 128.709 320.507 98.5019 12.6456 114.172 14.8604 
151.485 166.308 171.403 150.04 137.85 141.214 169.908 167.157 81.5531 78.0392 172.671 285.434 99.3354 201.865 324.726 35.3901 182.395 297.643 12.1367 135.341 291.135 121.918 124.221 284.065 111.368 128.743 320.662 98.4278 12.6032 113.958 14.8558 
151.667 166.512 171.992 149.651 137.811 141.337 170.025 167.071 81.8474 78.5024 172.41 285.162 99.1475 201.91 324.867 35.2514 182.392 297.874 11.8613 135.532 291.086 121.879 124.408 284.093 111.437 128.761 320.736 98.3393 12.5286 113.854 14.8681 
151.664 166.649 172.511 149.42 137.87 141.318 170.052 166.931 82.0222 78.8332 172.093 284.891 99.0699 201.872 324.914 35.167 182.337 298.08 11.6861 135.623 291.04 121.843 124.495 284.125 111.499 128.748 320.799 98.3207 12.4752 113.76 14.8144 
151.688 166.623 172.788 149.323 137.94 141.303 170.046 166.968 82.1518 79.0825 171.901 284.742 98.9337 201.76 324.893 34.9039 182.104 298.088 11.3501 135.719 291.018 121.768 124.568 284.092 111.461 128.803 320.864 98.2478 12.4639 113.811 14.8531 
151.624 166.513 172.952 149.323 137.999 141.205 170.065 167.051 82.2465 79.2649 171.737 284.653 98.8589 201.645 324.884 34.6654 181.92 298.058 11.076 135.804 290.978 121.736 124.621 284.033 111.434 128.852 320.884 98.2173 12.4546 113.884 14.8779 
151.727 166.385 173.149 149.349 138.041 141.035 170.094 167.141 82.2922 79.3733 171.638 284.695 98.8433 201.579 324.823 34.5802 181.709 297.974 10.8478 135.806 291.024 121.745 124.571 284.078 111.478 128.855 320.956 98.2056 12.4102 113.974 14.9789 
151.748 166.302 173.296 149.15 138.149 140.939 170.026 167.192 82.2907 79.5107 171.562 284.606 98.7978 201.459 324.872 34.4665 181.595 297.97 10.72 135.815 290.954 121.638 124.599 284.083 111.462 128.85 320.927 98.1665 12.4015 113.964 15.0094 
151.774 166.152 173.424 149.113 138.221 140.842 169.94 167.204 82.2189 79.5173 171.613 284.693 98.8597 201.418 325.105 34.5127 181.438 298.18 10.5956 135.816 291.013 121.563 124.606 284.154 111.424 128.841 321.008 98.1719 12.4097 114.058 15.1426 
151.703 165.964 173.446 149.297 138.327 140.684 169.881 167.279 82.1153 79.4513 171.685 284.915 98.898 201.397 325.254 34.4946 181.243 298.315 10.4272 135.829 291.132 121.516 124.586 284.235 111.381 128.901 321.127 98.1789 12.3915 114.253 15.2755 
151.556 165.932 173.599 149.232 138.785 140.519 169.875 167.281 82.0366 79.5447 171.672 285.018 98.9881 201.499 325.335 34.62 181.221 298.463 10.3847 135.793 291.236 121.456 124.563 284.442 111.483 128.932 321.227 98.1921 12.3009 114.334 15.3612 
151.36 165.89 173.664 149.207 139.175 140.462 169.754 167.432 82.0103 79.6506 171.624 284.904 99.0764 201.538 325.311 34.6648 181.127 298.532 10.2348 135.694 291.143 121.374 124.472 284.452 111.513 128.928 321.161 98.1625 12.2272 114.527 15.4483 
151.311 165.93 173.735 149.097 139.471 140.393 169.757 167.585 82.0343 79.7261 171.571 284.886 99.0487 201.642 325.352 34.6978 181.179 298.661 10.1283 135.675 291.165 121.31 124.448 284.547 111.549 128.946 321.164 98.0721 12.1272 114.668 15.4885 
151.217 165.944 173.705 149.053 139.546 140.414 169.726 167.588 82.0004 79.7077 171.525 284.779 99.023 201.68 325.265 34.6224 181.206 298.586 10.0804 135.605 291.111 121.224 124.389 284.523 111.482 128.948 321.114 98.0085 12.132 114.682 15.48 
151.167 165.83 173.671 149.044 139.679 140.283 169.754 167.706 81.9931 79.6968 171.464 284.687 99.0786 201.645 325.27 34.5812 181.197 298.621 10.0123 135.506 291.038 121.18 124.31 284.46 111.436 128.883 321.009 97.9518 12.1307 114.811 15.4697 
151.193 165.704 173.532 149.053 139.789 140.402 169.838 167.765 82.0093 79.6856 171.376 284.544 98.9955 201.492 325.015 34.4012 181.11 298.383 9.95292 135.42 291.002 121.142 124.187 284.499 111.432 128.88 320.998 97.898 12.1013 114.789 15.3698 
151.153 165.616 173.469 149.093 139.955 140.459 169.902 167.874 82.0294 79.6926 171.311 284.398 98.9625 201.382 324.825 34.2142 180.961 298.192 9.76769 135.32 290.91 121.076 124.056 284.47 111.404 128.85 320.942 97.8177 12.0612 114.861 15.3669 
151.151 165.539 173.491 149.095 140.153 140.334 169.979 167.979 81.9971 79.6995 171.327 284.354 98.9997 201.528 324.847 34.2915 180.893 298.286 9.57636 135.262 290.918 121.007 124.014 284.53 111.39 128.874 320.949 97.7539 12.032 115.066 15.5243 
151.107 165.59 173.587 148.979 140.418 140.173 170.204 168.108 82.0101 79.7423 171.306 284.337 99.0742 201.748 324.973 34.4382 180.955 298.504 9.42922 135.22 290.982 121.001 124.002 284.663 111.464 128.892 320.981 97.7173 11.9692 115.281 15.6512 
150.924 165.656 173.578 148.931 140.347 140.155 170.29 168.134 82.0185 79.747 171.268 284.276 99.1534 201.841 324.873 34.3947 180.921 298.415 9.3264 135.137 291.028 120.975 123.916 284.733 111.421 128.907 321.045 97.6865 11.9896 115.314 15.7077 
150.889 165.665 173.511 149.001 140.206 140.134 170.349 168.17 82.0373 79.6792 171.296 284.325 99.1797 201.919 324.869 34.3642 180.935 298.356 9.29913 135.133 291.131 121.032 123.902 284.802 111.4 128.959 321.131 97.6953 12.0291 115.346 15.7511 
150.823 165.667 173.468 149.117 140.234 140.086 170.425 168.188 82.0345 79.6045 171.331 284.41 99.2101 201.982 324.834 34.3689 181.016 298.291 9.32674 135.134 291.239 121.091 123.894 284.885 111.424 128.997 321.176 97.6934 12.0192 115.388 15.7361 
150.751 165.624 173.43 149.119 140.353 139.957 170.498 168.256 82.0528 79.6252 171.356 284.409 99.2459 202.075 324.755 34.4044 181.153 298.213 9.33963 135.119 291.232 121.114 123.9 284.876 111.45 129.012 321.095 97.6675 12.0035 115.443 15.718 
150.567 165.464 172.933 150.568 141.113 140.089 170.182 168.865 81.3054 77.9893 171.574 284.797 99.5685 202.029 324.539 34.3836 181.098 297.926 9.31399 134.151 291.349 121.102 122.815 285.131 111.079 129.041 321.061 97.7974 11.9989 116.48 15.685 
150.265 165.532 172.6 150.525 140.698 139.954 170.339 168.991 81.3418 77.9585 171.692 284.937 99.5225 202.014 324.587 34.3968 181.229 297.811 9.36319 134.292 291.379 121.103 122.962 285.083 110.995 129.019 321.002 97.7625 12.0182 116.331 15.6639 
150.357 165.231 172.321 151.416 141.512 140.316 170.053 169.62 80.7249 76.7905 171.957 285.303 99.7108 202.106 324.592 34.5602 181.217 297.511 9.33499 133.595 291.519 121.096 122.216 285.312 110.779 129.046 320.999 97.8813 12.0371 117.091 15.8875 
150.919 165.089 172.15 152.115 142.315 140.708 169.92 170.119 80.1958 75.8526 172.139 285.581 99.8628 202.252 324.659 34.8452 181.128 297.268 9.2881 133.004 291.652 121.065 121.605 285.53 110.604 129.046 321.044 97.9907 12.0514 117.715 16.2213 
150.57 165.141 171.997 151.994 141.909 140.351 169.951 170.043 80.4518 76.1418 172.254 285.704 99.8024 202.244 324.952 34.8739 181.281 297.467 9.27446 133.463 291.666 121.096 122.06 285.386 110.583 129.09 320.991 97.9032 12.0128 117.534 16.2227 
150.565 165.051 171.928 151.791 141.494 140.235 170.029 169.797 80.6979 76.5111 172.243 285.728 99.6656 202.227 325.117 34.9008 181.487 297.832 9.35485 133.795 291.657 121.1 122.427 285.196 110.549 129.064 320.965 97.8043 12.0589 117.277 16.0549 
150.497 164.875 171.958 151.62 141.122 140.115 170.022 169.481 80.9236 76.9143 172.259 285.791 99.5653 202.279 325.3 34.9813 181.62 298.25 9.4197 134.094 291.628 121.107 122.754 284.983 110.512 129.066 320.96 97.7446 12.1262 117.082 15.9767 
150.386 164.756 172.087 151.454 140.8 139.981 170.015 169.166 81.1569 77.3047 172.34 285.883 99.4955 202.356 325.465 34.9428 181.693 298.553 9.41017 134.401 291.634 121.1 123.079 284.813 110.462 129.103 320.989 97.6516 12.1928 116.916 15.9554 
150.329 164.714 172.157 151.236 140.432 140.081 170.065 168.864 81.4049 77.7045 172.385 285.845 99.3636 202.314 325.414 34.756 181.588 298.485 9.35242 134.686 291.588 121.112 123.34 284.643 110.462 129.148 321.021 97.5892 12.2483 116.63 15.9646 
150.314 164.521 172.271 150.995 140.089 140.187 170.086 168.67 81.642 78.0813 172.519 285.821 99.2763 202.299 325.386 34.6304 181.477 298.422 9.25755 134.929 291.533 121.108 123.566 284.488 110.434 129.213 321.034 97.5103 12.3153 116.451 16.0442 
150.388 164.516 172.532 150.663 140.081 140.181 170.346 168.638 81.8876 78.4674 172.453 285.793 99.1905 202.295 325.258 34.5247 181.393 298.27 9.15048 135.076 291.606 121.206 123.681 284.573 110.648 129.229 321.084 97.459 12.2257 116.368 16.0867 
150.451 164.459 172.663 150.572 139.738 140.258 170.508 168.58 82.0567 78.7256 172.449 285.902 99.0305 202.266 325.176 34.2935 181.2 298.059 8.97253 135.251 291.69 121.258 123.828 284.542 110.673 129.269 321.194 97.4104 12.2769 116.253 16.1797 
150.406 164.458 172.838 150.53 139.539 140.209 170.713 168.575 82.1288 78.8426 172.425 286.032 98.9137 202.265 325.173 34.0503 181.045 297.96 8.76271 135.412 291.826 121.257 123.947 284.602 110.686 129.335 321.303 97.3385 12.2564 116.258 16.2577 
150.443 164.475 173.01 150.441 139.578 140.148 170.842 168.6 82.2207 79.0042 172.462 286.213 98.8579 202.272 325.114 33.9005 180.966 297.805 8.65128 135.534 291.987 121.288 124.023 284.8 110.828 129.399 321.46 97.2941 12.1606 116.181 16.3063 
150.524 164.546 173.257 150.424 139.616 140.069 170.95 168.55 82.299 79.0809 172.696 286.413 98.9199 202.493 325.222 33.8949 181.036 297.817 8.54859 135.683 292.123 121.3 124.162 284.98 110.909 129.474 321.594 97.2351 12.0906 116.129 16.4486 
150.556 164.669 173.369 150.339 139.666 140.247 170.982 168.398 82.3294 79.1828 172.738 286.339 98.8196 202.492 324.962 33.7511 180.978 297.481 8.44596 135.63 292.087 121.19 124.123 285.058 110.912 129.443 321.6 97.1075 12.0682 115.942 16.4806 
150.638 164.695 173.459 150.421 139.667 140.342 170.934 168.366 82.2804 79.1723 172.841 286.392 98.8245 202.589 324.916 33.7418 180.825 297.423 8.2404 135.604 292.114 121.118 124.088 285.143 110.905 129.467 321.676 97.057 12.0455 115.992 16.6596 
150.664 164.805 173.607 150.395 139.873 140.451 170.833 168.37 82.3104 79.2715 172.912 286.426 98.7863 202.687 324.908 33.6689 180.661 297.458 7.94623 135.543 292.168 121.02 124.03 285.339 110.939 129.478 321.804 96.961 11.9866 116.053 16.8261 
150.63 164.965 173.723 150.358 140.027 140.519 170.882 168.439 82.324 79.3467 172.814 286.318 98.7101 202.695 324.836 33.5214 180.423 297.457 7.61601 135.424 292.152 120.916 123.92 285.449 110.942 129.452 321.865 96.8754 11.9477 116.16 16.9412 
150.579 165.009 173.807 150.336 140.038 140.415 170.951 168.611 82.3504 79.405 172.781 286.323 98.6581 202.604 324.963 33.219 180.117 297.52 7.21654 135.381 292.127 120.832 123.859 285.468 110.908 129.423 321.898 96.802 11.9168 116.331 17.0742 
150.598 165.033 173.823 150.286 139.906 140.381 171.067 168.789 82.4462 79.5212 172.77 286.327 98.6241 202.466 325.028 32.9307 179.727 297.398 6.8686 135.338 292.06 120.827 123.793 285.421 110.896 129.413 321.935 96.7752 11.9337 116.482 17.263 
150.616 165.031 173.808 150.372 139.926 140.294 171.087 168.827 82.5133 79.5837 172.788 286.273 98.651 202.378 324.993 32.7698 179.432 297.226 6.64704 135.295 291.905 120.821 123.719 285.29 110.891 129.386 321.864 96.7469 11.9266 116.582 17.4365 
150.579 165.104 173.738 150.512 139.949 140.207 170.979 168.696 82.4971 79.5928 172.799 286.254 98.669 202.292 324.821 32.643 179.26 297.014 6.57183 135.203 291.817 120.754 123.622 285.229 110.839 129.335 321.849 96.7099 11.9519 116.49 17.4642 
150.568 165.072 173.735 150.61 139.965 140.054 170.998 168.714 82.5264 79.5883 172.856 286.378 98.7422 202.174 324.889 32.5212 179.045 296.955 6.45378 135.168 291.836 120.773 123.568 285.247 110.854 129.29 321.895 96.7036 11.9464 116.54 17.555 
150.606 165.019 173.692 150.63 140.136 139.983 171.022 168.764 82.5144 79.6071 172.823 286.391 98.8091 202.154 325.013 32.5975 178.954 297.01 6.44316 135.139 291.858 120.797 123.538 285.301 110.932 129.268 321.925 96.7301 11.9066 116.608 17.6639 
150.744 164.995 173.628 150.635 140.338 139.933 170.942 168.843 82.4567 79.574 172.845 286.518 98.8466 202.175 325.29 32.7032 178.893 297.24 6.46562 135.098 292.005 120.769 123.512 285.466 110.944 129.241 322.045 96.7152 11.8916 116.712 17.7905 
150.825 165.01 173.62 150.59 140.523 140.027 170.814 168.826 82.4015 79.5649 172.866 286.548 98.9173 202.269 325.449 32.8685 178.913 297.41 6.52894 135.008 292.092 120.731 123.427 285.619 110.962 129.209 322.153 96.7248 11.8626 116.729 17.8865 
150.828 165.184 173.589 150.499 140.528 140.059 170.771 168.939 82.4101 79.5914 172.734 286.582 98.8995 202.229 325.531 32.7511 178.701 297.467 6.3961 134.895 292.154 120.686 123.282 285.76 110.959 129.143 322.308 96.7168 11.8456 116.731 17.9744 
150.889 165.367 173.559 150.37 140.531 140.181 170.885 169.034 82.3775 79.5906 172.681 286.676 98.9249 202.132 325.708 32.6018 178.478 297.519 6.28411 134.856 292.326 120.642 123.224 286.002 110.993 129.057 322.534 96.7085 11.8319 116.656 18.0551 
150.906 165.499 173.547 150.352 140.514 140.263 171.065 169.135 82.3723 79.5707 172.579 286.796 98.9745 201.962 325.946 32.3735 178.181 297.579 6.07518 134.798 292.51 120.625 123.136 286.232 111.007 128.972 322.783 96.7098 11.816 116.676 18.1447 
150.792 165.608 173.53 150.362 140.468 140.184 171.262 169.234 82.419 79.5923 172.436 286.881 99.0104 201.86 326.15 32.1198 178.014 297.622 5.85779 134.758 292.587 120.628 123.08 286.298 110.992 128.904 322.9 96.6939 11.798 116.762 18.1867 
150.876 165.917 173.448 150.234 140.295 140.181 171.627 169.352 82.512 79.6215 172.28 286.966 99.014 201.755 326.403 31.8885 177.933 297.718 5.7259 134.796 292.708 120.692 123.129 286.393 111.026 128.829 323.064 96.7116 11.8044 116.747 18.1525 
150.974 166.164 173.162 150.124 140.389 140.157 171.856 169.329 82.5665 79.6796 172.294 287.058 99.0603 201.839 326.653 31.9134 178.065 297.918 5.69986 134.856 292.816 120.717 123.244 286.533 111.093 128.788 323.169 96.7041 11.7884 116.721 18.1439 
151.01 166.314 172.854 150.216 140.369 140.224 171.987 169.28 82.5982 79.6139 172.274 287.093 99.1462 201.868 326.848 31.9237 178.089 298.008 5.66688 134.854 292.857 120.781 123.263 286.556 111.106 128.732 323.224 96.7264 11.8016 116.758 18.1858 
150.982 166.479 172.492 150.201 140.336 140.257 172.142 169.272 82.6418 79.6177 172.18 287.083 99.1118 201.807 326.858 31.7857 178.055 297.934 5.58875 134.845 292.862 120.763 123.252 286.585 111.079 128.698 323.274 96.6917 11.802 116.711 18.1605 
150.908 166.687 171.981 150.228 140.4 140.274 172.194 169.221 82.6481 79.5565 172.023 286.951 99.0485 201.85 326.931 31.7359 178.138 298.049 5.49505 134.842 292.839 120.702 123.275 286.579 111.004 128.686 323.271 96.6303 11.804 116.73 18.1189 
150.903 166.785 171.435 150.164 140.414 140.218 172.303 169.173 82.6819 79.534 171.981 286.929 98.9978 201.958 327.084 31.6975 178.26 298.15 5.40233 134.881 292.881 120.636 123.329 286.644 110.926 128.71 323.313 96.5484 11.7919 116.738 18.1455 
150.948 166.884 170.923 150.093 140.42 140.295 172.331 169.137 82.7311 79.5377 171.937 286.872 98.8198 201.987 327.132 31.6307 178.275 298.086 5.31435 134.894 292.877 120.547 123.356 286.644 110.833 128.705 323.301 96.4216 11.7809 116.715 18.2128 
151.065 167.026 170.386 149.791 140.571 140.301 172.504 169.135 82.7914 79.6707 171.987 286.863 98.6776 202.086 327.146 31.6349 178.389 297.978 5.28484 134.981 292.931 120.484 123.478 286.768 110.89 128.738 323.321 96.3199 11.7231 116.606 18.2677 
151.098 167.077 170.047 149.586 140.715 140.266 172.579 169.194 82.8047 79.779 171.83 286.761 98.469 202.168 326.891 31.575 178.468 297.762 5.23076 134.969 292.983 120.393 123.469 286.916 110.911 128.811 323.361 96.2089 11.6739 116.547 18.2316 
151.281 167.013 169.792 149.495 140.795 140.154 172.554 169.217 82.8384 79.8464 171.904 286.82 98.1674 202.277 326.746 31.4578 178.616 297.605 5.11608 135.075 293.083 120.255 123.585 287.019 110.819 128.921 323.385 96.0026 11.6618 116.49 18.2186 
151.322 166.845 169.294 149.472 141.081 139.93 172.412 169.021 82.74 79.8724 172.199 286.954 97.6256 202.513 326.521 31.2277 179.002 297.424 4.88429 135.311 293.082 119.798 123.842 287.018 110.479 129.11 323.236 95.5661 11.624 116.328 18.1517 
151.275 166.576 169.352 149.624 141.195 139.808 172.177 168.78 82.5642 79.7736 172.478 287.157 97.3146 202.6 326.281 31.0924 179.237 297.408 4.8201 135.37 293.233 119.482 123.911 287.137 110.193 129.225 323.235 95.2933 11.6671 116.238 17.9862 
151.252 166.278 169.525 149.662 141.361 139.607 172.04 168.659 82.4973 79.7815 172.793 287.533 96.9917 202.561 326.146 30.8534 179.459 297.402 4.72838 135.475 293.446 119.274 124.025 287.303 110.031 129.337 323.256 95.0477 11.6598 116.221 17.7628 
151.227 166.075 169.439 149.789 141.605 139.403 171.875 168.542 82.3818 79.7018 173.192 287.907 96.7718 202.812 326.328 30.8848 179.919 297.733 4.70552 135.609 293.691 119.071 124.232 287.453 109.835 129.487 323.249 94.7976 11.6699 116.359 17.6673 
151.214 165.991 169.103 149.938 141.912 139.276 171.658 168.326 82.2243 79.5808 173.686 288.347 96.6633 203.087 326.688 31.0975 180.511 298.292 4.90253 135.74 293.978 118.899 124.504 287.63 109.672 129.566 323.25 94.5938 11.7197 116.425 17.5142 
151.069 165.868 168.795 149.971 141.991 139.124 171.492 168.165 82.0815 79.4945 174.148 288.774 96.5403 203.225 327.038 31.0739 181.018 298.739 5.07333 135.905 294.316 118.703 124.806 287.842 109.453 129.684 323.329 94.3946 11.8241 116.392 17.287 
150.85 165.73 168.495 150.046 141.962 138.983 171.393 168.036 81.9135 79.3892 174.636 289.175 96.5173 203.345 327.436 30.9635 181.511 299.167 5.22163 136.137 294.589 118.486 125.161 287.992 109.216 129.821 323.4 94.2112 11.9195 116.32 17.0572 
150.781 165.599 168.178 149.994 141.787 138.919 171.39 168.044 81.7505 79.3036 174.997 289.475 96.5198 203.411 327.826 30.9104 181.897 299.562 5.3736 136.342 294.845 118.32 125.481 288.108 109.014 129.899 323.472 94.0871 12.0311 116.236 16.8764 
150.566 165.427 167.832 150.025 141.653 138.895 171.44 167.972 81.5745 79.203 175.278 289.728 96.446 203.371 328.019 30.7117 182.197 299.735 5.54196 136.537 295.09 118.102 125.761 288.251 108.768 130.025 323.578 93.9394 12.1449 116.055 16.6288 
150.385 165.242 167.405 150.089 141.26 139.148 171.368 167.789 81.4125 79.082 175.517 289.762 96.4071 203.298 328.003 30.477 182.306 299.674 5.65371 136.59 295.168 117.885 125.896 288.193 108.436 130.122 323.621 93.8046 12.3299 115.912 16.4732 
150.299 165.063 167.138 150.258 141.024 139.274 171.203 167.721 81.2767 78.8904 175.809 289.849 96.4653 203.434 328.143 30.569 182.576 299.836 5.82323 136.698 295.229 117.784 126.086 288.112 108.194 130.231 323.588 93.7369 12.4659 115.923 16.4184 
150.289 164.964 167.018 150.272 140.864 139.506 171.135 167.747 81.1519 78.753 175.964 289.786 96.5747 203.534 328.317 30.6668 182.786 300.019 5.98544 136.772 295.283 117.713 126.238 288.111 108.063 130.297 323.589 93.7121 12.5596 115.927 16.3748 
150.197 164.808 166.908 150.285 140.652 139.573 170.999 167.736 81.0497 78.6615 176.155 289.85 96.6204 203.577 328.36 30.6616 182.973 300.121 6.18124 136.881 295.371 117.611 126.38 288.128 107.884 130.396 323.629 93.6751 12.6458 115.833 16.2384 
150.136 164.553 166.999 150.393 140.425 139.477 170.933 167.837 80.9332 78.5218 176.427 290.122 96.7606 203.67 328.504 30.6792 183.088 300.252 6.32597 137.016 295.604 117.61 126.518 288.262 107.773 130.54 323.777 93.7094 12.737 115.871 16.2077 
150.187 164.426 167.474 150.448 140.266 139.589 170.877 168.007 80.7758 78.3601 176.844 290.313 96.9265 203.913 328.633 30.9021 183.272 300.427 6.47238 137.177 295.775 117.559 126.728 288.394 107.66 130.712 323.889 93.728 12.8209 115.912 16.2588 
150.034 164.348 168.132 150.591 140.245 139.614 170.82 168.084 80.6723 78.219 177.202 290.547 97.1456 204.119 328.775 30.992 183.416 300.639 6.48761 137.341 295.957 117.531 126.899 288.543 107.592 130.861 324.012 93.7317 12.849 116.006 16.2832 
149.975 164.297 168.667 150.704 140.299 139.738 170.838 168.132 80.6462 78.1283 177.471 290.705 97.2936 204.264 328.772 31.0541 183.448 300.666 6.44361 137.411 296.029 117.569 126.956 288.612 107.611 130.953 324.063 93.7579 12.8355 116.12 16.3434 
149.91 164.113 169.311 150.741 140.474 139.556 170.964 168.443 80.7644 78.181 177.674 290.922 97.4619 204.466 328.945 31.2155 183.51 300.785 6.29673 137.491 296.108 117.709 127.047 288.682 107.712 131.041 324.053 93.7844 12.7874 116.441 16.5295 
149.773 164.28 170.883 152.181 141.289 139.649 170.429 169.276 80.0302 76.6955 177.858 291.261 97.9577 204.438 328.822 31.1939 183.303 300.534 6.07248 136.52 296.245 117.737 125.975 288.897 107.456 131.052 324.024 93.9509 12.7718 117.662 16.6469 
149.893 164.716 172.006 153.279 142.251 139.702 169.962 169.912 79.3913 75.5205 178.139 291.67 98.4677 204.523 328.815 31.3716 183.203 300.544 5.95095 135.808 296.449 117.754 125.207 289.139 107.303 131.059 324.09 94.1258 12.7236 118.599 16.7444 
150.071 165.346 172.645 154.012 143.223 139.729 169.5 170.402 78.8775 74.6778 178.313 291.98 98.8476 204.705 328.718 31.673 183.262 300.633 5.95483 135.242 296.613 117.756 124.608 289.358 107.231 131.062 324.14 94.2697 12.6517 119.303 16.7565 
150.391 166.065 172.905 154.524 144.117 139.961 169.012 170.726 78.4887 74.0385 178.479 292.243 99.0519 204.825 328.561 32.0034 183.348 300.711 6.06186 134.782 296.745 117.834 124.129 289.549 107.29 131.039 324.177 94.446 12.5729 119.802 16.6876 
150.864 166.808 172.99 154.834 145.063 140.284 168.516 170.964 78.1913 73.6756 178.601 292.351 99.1745 204.969 328.296 32.4072 183.4 300.773 6.15789 134.423 296.825 117.916 123.742 289.745 107.475 131.03 324.222 94.6171 12.4345 120.177 16.6401 
151.319 167.34 172.94 155.023 145.618 140.555 168.113 171.073 78.0164 73.3786 178.685 292.391 99.2216 205.047 327.921 32.6916 183.427 300.649 6.3011 134.196 296.779 118.008 123.434 289.792 107.597 131.041 324.225 94.7883 12.3129 120.314 16.5543 
151.891 167.86 172.883 155.105 146.034 140.903 167.92 171.183 77.9356 73.2158 178.791 292.477 99.2799 205.206 327.67 33.0461 183.401 300.602 6.41869 134.11 296.813 118.223 123.26 289.939 107.875 131.106 324.375 95.05 12.1793 120.386 16.5811 
152.312 168 172.642 155.265 146.332 141.176 167.656 171.113 77.8724 73.0337 179.092 292.669 99.4522 205.421 327.5 33.4938 183.48 300.548 6.70224 134.073 296.853 118.464 123.178 290.014 108.088 131.209 324.484 95.3159 12.1488 120.399 16.6462 
152.576 167.793 172.428 155.284 146.331 141.339 167.57 171.013 77.9117 72.9031 179.231 292.597 99.5403 205.504 327.084 33.6289 183.523 300.163 6.9148 134.1 296.733 118.673 123.091 289.966 108.233 131.368 324.505 95.5369 12.1176 120.241 16.5926 
152.914 167.311 172.33 155.274 146.306 141.488 167.684 171.026 77.9545 72.855 179.388 292.536 99.7689 205.638 326.798 33.8649 183.484 299.873 7.11508 134.198 296.736 118.983 123.065 290.07 108.508 131.605 324.714 95.8964 12.0981 120.071 16.6436 
151.792 166.038 172.355 154.88 144.915 141.034 168.975 170.588 78.6342 73.6192 179.38 292.335 99.8811 206.083 327.571 34.1547 183.74 300.171 7.16129 135.149 296.688 119.428 123.965 289.922 108.862 131.893 324.793 96.0853 12.1616 119.521 17.157 
151.708 166.063 172.381 154.569 144.898 141.528 169.295 170.671 78.77 73.696 179.637 292.365 100.033 206.499 327.782 34.3944 183.967 299.937 7.43181 135.386 296.712 119.83 124.083 290.132 109.305 132.249 325.032 96.4911 12.0539 119.342 17.4107 
152.022 166.068 172.336 154.439 144.805 141.743 169.452 170.734 78.9225 73.5989 179.864 292.332 100.373 206.843 328.028 34.6646 184.141 299.701 7.72095 135.667 296.574 120.274 124.215 290.063 109.638 132.541 325.099 96.9215 11.9714 119.238 17.6888 
151.05 165.01 172.275 154.017 143.343 141.346 170.101 170.329 79.614 74.3775 179.723 292.169 100.533 206.963 328.283 34.6988 184.543 300.188 7.97578 136.778 296.582 120.815 125.221 289.938 110.063 132.983 325.304 97.2467 12.0462 118.636 17.4225 
150.844 164.814 171.976 153.242 142.535 141.171 170.496 169.943 80.3041 75.4474 179.417 291.703 100.607 207.24 328.247 34.8907 185.137 300.507 8.46548 137.934 296.597 121.326 126.366 290.032 110.732 133.534 325.546 97.5888 12.0344 117.868 17.0364 
150.699 164.964 172.227 152.869 143.095 141.45 170.634 170.4 80.1785 75.5307 179.043 291.26 100.663 207.585 328.232 35.2331 185.766 300.628 8.94662 138.171 296.757 121.738 126.63 290.489 111.33 134.178 325.893 98.1854 11.9324 117.967 16.6937 
150.994 164.955 172.366 152.74 143.407 142.1 170.536 170.647 80.0383 75.401 178.843 290.755 100.673 207.959 327.915 35.6366 186.398 300.501 9.55055 138.481 296.737 121.982 126.892 290.715 111.548 134.884 326.14 98.697 11.9607 117.833 16.366 
151.626 165.106 172.368 152.741 143.522 142.718 170.088 170.681 79.9859 75.3433 178.689 290.199 100.72 208.314 327.484 36.0538 187.02 300.36 10.1571 138.724 296.321 122.083 127.095 290.385 111.435 135.447 326.081 99.1358 12.0688 117.606 16.0268 
152.474 165.203 172.428 152.646 143.392 143.132 169.609 170.834 79.9023 75.1879 178.687 289.707 100.724 208.79 327.024 36.4602 187.931 300.319 10.6977 139.11 295.987 122.07 127.513 290.092 111.142 136.101 325.969 99.4124 12.2842 117.465 15.572 
152.805 165.907 172.633 152.328 143.405 142.713 169.235 171.024 79.8575 75.1883 178.78 289.371 100.827 209.223 326.995 36.7189 188.907 300.726 11.0202 139.563 295.522 121.872 128.082 289.624 110.804 136.505 325.605 99.4589 12.3752 117.434 15.0967 
153.174 166.018 172.625 152.15 143.305 142.577 168.848 171.182 79.799 75.0438 178.685 288.954 100.619 209.602 326.792 36.9006 189.68 300.975 11.4033 139.933 295.273 121.774 128.542 289.386 110.543 136.967 325.414 99.5191 12.5323 117.403 14.6489 
153.413 166.063 172.71 152.039 143.329 142.143 168.623 171.429 79.7457 74.8948 178.802 288.853 100.579 209.936 326.675 36.9715 190.336 301.166 11.5718 140.312 295.195 121.696 129.004 289.294 110.379 137.336 325.254 99.462 12.595 117.519 14.3072 
153.626 165.72 172.645 152.037 143.169 142.043 168.393 171.555 79.7124 74.6789 178.789 288.739 100.491 210.159 326.407 37.07 190.67 301.027 11.7622 140.531 295.239 121.736 129.244 289.335 110.292 137.628 325.243 99.4814 12.6837 117.536 14.1452 
153.854 165.123 172.593 152.113 142.935 141.945 168.201 171.76 79.6699 74.3932 178.838 288.77 100.527 210.406 326.285 37.291 190.873 300.945 11.9098 140.661 295.444 121.856 129.389 289.469 110.219 137.853 325.338 99.523 12.8113 117.681 14.1618 
154.324 164.162 172.656 152.23 142.552 141.622 168.054 172.216 79.6612 74.0662 178.844 289.005 100.466 210.509 326.075 37.2024 190.877 300.722 11.791 140.831 295.856 121.897 129.515 289.808 110.047 138.098 325.652 99.436 12.9426 117.785 14.163 
154.169 163.223 172.716 152.5 142.266 141.366 168.13 172.3 79.7073 73.8622 179.235 289.236 100.581 210.589 325.944 36.8498 190.663 300.274 11.5479 141.053 295.989 121.956 129.593 289.83 109.986 138.247 325.741 99.3275 12.9548 117.789 14.3907 
154.189 162.085 172.476 152.772 142.074 141.337 168.289 172.307 79.728 73.6607 179.752 289.691 100.639 210.793 326.116 36.6725 190.44 299.972 11.2949 141.236 296.268 122.044 129.67 290.016 109.984 138.424 325.975 99.2559 12.9692 117.87 14.8364 
154.196 160.918 172.25 153.064 141.879 141.424 168.524 172.241 79.7364 73.4926 180.421 290.257 100.667 210.94 326.426 36.3441 190.184 299.701 11.0702 141.491 296.556 122.088 129.818 290.19 109.972 138.58 326.23 99.1565 13.0004 117.833 15.2791 
154.108 160.037 172.056 153.216 141.939 141.344 168.797 172.123 79.7053 73.4266 181.031 290.729 100.617 211.08 326.657 35.9879 190.042 299.475 10.864 141.783 296.687 122.003 130.03 290.298 109.961 138.731 326.356 99.0143 12.9344 117.72 15.5875 
153.88 159.459 171.909 153.399 142.119 141.146 169.209 172.046 79.7002 73.3405 181.779 291.347 100.68 211.297 327.107 35.6888 190.128 299.49 10.5793 142.128 296.87 121.962 130.308 290.433 109.987 138.884 326.476 98.8769 12.8056 117.735 15.8436 
153.546 158.845 171.413 153.873 142.413 141.014 169.388 171.733 79.6001 73.1844 182.77 291.991 100.874 211.741 327.66 35.6407 190.336 299.661 10.3698 142.454 296.999 121.839 130.642 290.359 109.805 139.061 326.49 98.7027 12.837 117.856 16.2307 
153.305 158.444 171.409 154.153 142.562 141.046 169.798 171.683 79.573 73.0578 183.634 292.471 100.859 212.073 327.993 35.2126 190.578 299.751 9.96091 142.899 297.037 121.671 131.014 290.279 109.618 139.327 326.497 98.4722 12.7886 117.935 16.3746 
153.187 157.878 171.229 154.483 142.752 141.136 170.041 171.617 79.4918 72.9286 184.484 292.856 100.857 212.457 328.349 34.976 190.774 299.839 9.60924 143.249 297.035 121.461 131.355 290.127 109.365 139.562 326.433 98.2292 12.8231 118.079 16.6537 
153.049 157.808 171.103 154.612 143.016 141.116 170.326 171.52 79.3456 72.8712 185.232 293.202 100.934 212.901 328.855 34.9234 191.162 300.244 9.35442 143.536 297.143 121.243 131.715 290.161 109.248 139.718 326.39 98.0116 12.75 118.264 16.8225 
152.904 157.849 171.051 154.744 143.362 141.258 170.444 171.449 79.2307 72.83 185.856 293.356 100.879 213.286 329.132 34.8584 191.522 300.526 9.05218 143.716 297.141 120.964 131.951 290.13 109.048 139.856 326.267 97.7373 12.6655 118.473 16.9336 
152.777 157.897 170.906 154.995 143.671 141.5 170.41 171.294 79.0817 72.7202 186.513 293.491 100.763 213.715 329.417 34.7372 191.805 300.792 8.64642 143.85 297.138 120.568 132.15 290.048 108.655 140.016 326.154 97.3696 12.6758 118.73 17.1454 
152.751 158.236 171.009 155.036 144.054 141.571 170.447 171.392 78.9548 72.663 187.15 293.721 100.597 214.12 329.735 34.5957 192.118 301.188 8.09955 143.973 297.235 120.134 132.353 290.138 108.318 140.16 326.078 96.9318 12.5732 119.099 17.3054 
152.618 159.243 171.087 155.071 144.549 141.56 170.204 171.424 78.8046 72.6666 187.644 293.816 100.444 214.436 329.68 34.3821 192.295 301.269 7.60593 144.101 297.298 119.652 132.489 290.263 108.034 140.286 326.009 96.4758 12.4166 119.241 17.413 
152.412 160.546 171.308 155.157 145.263 141.589 169.953 171.461 78.6459 72.8061 188.088 294.062 100.211 214.676 329.701 34.0638 192.441 301.542 7.01317 144.108 297.499 119.113 132.574 290.57 107.773 140.386 326.08 95.9801 12.2611 119.479 17.4228 
151.097 161.568 171.848 154.309 144.107 141.39 170.529 171.034 79.0634 73.8691 188.219 293.856 99.5076 214.705 330.496 33.3336 192.524 302.077 6.58143 144.848 297.469 118.396 133.42 290.472 107.36 140.393 325.961 95.1847 12.2523 118.796 17.616 
150.401 161.888 171.807 153.582 142.694 141.443 171.363 170.506 79.4146 74.9507 188.094 293.462 98.7017 214.373 330.972 32.0396 192.117 302.148 5.95002 145.505 297.435 117.696 134.283 290.246 106.85 140.398 326.029 94.4697 12.5993 117.957 17.7077 
149.715 162.664 171.47 152.726 141.499 141.476 171.907 170.159 79.8957 75.9918 187.906 293.16 97.7404 213.833 331.124 30.4302 191.457 301.986 4.86936 146.087 297.272 116.977 134.935 290.061 106.375 140.347 326.042 93.7082 12.702 117.284 17.7085 
149.319 163.282 171.154 152.283 140.75 141.625 172.194 169.977 80.3272 76.9039 188.018 293.32 96.8251 213.469 331.286 29.042 190.78 301.9 3.71713 146.587 297.284 116.408 135.496 290.029 106.007 140.379 326.233 93.0333 12.821 116.907 17.8533 
148.747 163.887 170.778 151.775 140.096 141.406 172.108 169.653 80.666 77.6242 188.163 293.687 96.0887 213.011 331.231 27.808 190.218 301.709 2.83423 146.906 297.349 115.82 135.833 290.086 105.589 140.273 326.353 92.4017 12.8824 116.428 17.8062 
148.256 164.329 170.679 151.11 140.037 140.805 172.163 169.765 81.0328 78.2768 188.343 294.373 95.4117 212.672 331.38 26.8517 189.993 301.576 2.15176 147.209 297.57 115.383 136.147 290.33 105.39 140.147 326.42 91.7903 12.7444 116.145 17.7688 
147.935 164.831 170.682 150.345 140.174 140.346 172.155 169.873 81.163 78.8481 188.617 295.043 94.7711 212.575 331.565 26.2314 189.923 301.5 1.66223 147.458 297.795 114.819 136.452 290.605 105.158 140.057 326.462 91.2075 12.592 115.832 17.8439 
147.478 165.093 171.174 149.696 140.466 139.889 172.006 170.392 80.7838 79.2481 188.896 295.71 94.1057 212.351 331.704 25.7404 190.277 302.274 1.56666 147.537 297.961 113.965 136.637 290.75 104.779 139.87 326.369 90.6156 12.465 115.486 17.2429 
147.18 165.456 171.29 149.23 140.973 139.637 171.9 170.468 80.843 79.7057 189.072 296.042 93.5091 212.259 331.739 25.1023 190.349 302.524 1.02836 147.669 298.148 113.286 136.832 291.104 104.428 139.862 326.457 90.0026 12.3458 115.29 17.0214 
146.819 165.547 171.284 148.922 141.247 139.576 171.715 170.517 80.7734 79.9821 189.149 295.929 93.0479 212.044 331.388 24.2381 190.33 302.394 0.417917 147.817 298.168 112.604 137.003 291.276 104.001 140.042 326.492 89.4552 12.3118 115.175 16.7019 
146.536 165.587 171.32 148.822 141.364 139.576 171.366 170.545 80.6502 80.061 189.146 295.544 92.7358 211.976 330.968 23.5036 190.132 302.043 -0.213949 147.948 298.122 112.021 137.085 291.339 103.544 140.353 326.556 89.0398 12.3137 115.18 16.667 
146.112 165.941 171.306 148.694 141.64 139.371 171.098 170.518 80.5227 80.1888 188.912 294.731 92.3596 212.029 330.427 22.621 190.083 301.648 -0.979886 148.137 297.744 111.215 137.289 291.065 102.888 140.687 326.32 88.4348 12.2976 115.226 16.5728 
146 166.186 171.512 148.416 141.884 139.082 171.041 170.587 80.3327 80.244 188.755 293.927 91.9209 212.25 330.02 21.9293 190.227 301.271 -1.50228 148.401 297.382 110.423 137.597 290.775 102.244 141.071 326.023 87.8251 12.2691 115.259 16.5468 
146.278 166.296 171.506 148.405 141.941 138.719 171.101 171.402 79.6404 80.0628 188.784 293.28 91.1602 212.622 329.637 21.4182 191.412 301.946 -1.82373 148.647 297.098 109.441 138.038 290.286 101.456 141.443 325.465 87.0772 12.2975 115.514 15.6524 
146.687 166.433 171.358 148.159 142.179 138.133 171.241 172.516 78.9757 79.8292 188.989 292.911 90.3961 213.126 329.345 20.9125 192.569 302.583 -2.11462 149.068 296.963 108.555 138.577 289.915 100.825 141.927 324.947 86.3433 12.1926 115.887 14.8898 
147.482 166.321 171.04 148.051 142.339 138.051 171.214 173.702 78.5569 79.6363 189.71 292.771 89.7486 213.833 329.011 20.5855 193.79 303.115 -2.23962 149.756 297.104 107.895 139.344 289.909 100.329 142.66 324.747 85.6803 12.151 116.135 14.2386 
147.806 165.976 171.679 149.82 143.862 138.251 170.601 173.981 78.0956 77.8074 190.634 292.918 89.5423 214.164 328.306 20.0398 194.844 303.054 -2.66189 149.822 297.04 107.506 139.201 289.949 99.5256 143.437 324.467 85.0983 11.9484 117.397 13.4153 
148.621 165.719 171.204 150.575 143.799 139.013 170.053 174.412 78.0262 77.7297 191.965 293.262 88.7438 214.694 327.749 19.3296 195.982 302.827 -2.92673 150.741 297.05 107.07 140.212 289.816 98.9567 144.293 324.301 84.5062 12.1769 117.355 12.8267 
149.359 165.824 170.747 151.358 144.733 139.34 169.669 176.338 77.6958 76.3646 192.759 293.179 87.9976 215.329 326.727 18.5227 196.994 301.935 -4.72436 151.33 296.937 106.451 140.571 289.839 98.0237 145.437 324.138 83.8358 12.0153 118.508 12.5449 
149.711 166.302 171.377 152.211 145.801 139.24 169.271 177.082 77.3671 75.4003 194.007 293.03 87.4326 216.486 325.645 17.7894 198.532 301.233 -6.07329 152.162 296.769 105.513 141.337 289.762 96.8543 146.828 323.914 82.9171 11.9628 119.234 12.1445 
150.182 166.674 170.788 153.124 146.661 139.42 168.819 176.326 76.9661 74.4784 195.692 293.209 86.9893 217.974 324.945 17.1353 199.955 300.748 -7.13443 153.223 297.067 104.662 142.331 290.122 95.8786 148.367 324.113 82.051 11.9339 119.777 12.0652 
150.2 165.417 169.593 153.354 146.083 139.77 168.223 176.374 77.0383 74.8762 197.405 293.645 85.8074 219.199 324.53 16.1918 201.456 300.881 -7.71047 155.043 297.334 103.96 144.197 290.21 95.2418 149.817 324.181 81.1851 12.1347 119.426 11.6426 
149.805 167.328 169.487 153.481 146.488 139.517 168.256 176.452 76.8062 74.2771 198.786 293.633 84.9216 220.802 324.081 15.4328 203.473 300.676 -8.58449 156.369 296.979 102.671 145.508 289.887 93.8283 151.273 323.821 80.0371 12.0286 119.492 11.3098 
149.612 168.951 170.261 153.277 146.627 138.947 168.49 176.271 76.7167 73.9977 199.737 292.979 84.0203 222.356 323.346 14.2751 205.21 300.147 -9.72744 157.805 296.476 101.56 146.953 289.45 92.7538 152.861 323.356 78.9507 11.9096 119.708 11.0281 
148.712 167.639 170.202 152.798 145.883 138.664 167.804 175.932 76.807 74.7773 201.058 292.819 82.7735 223.675 323.015 12.9803 206.455 299.995 -10.4074 159.942 296.541 100.636 149.223 289.333 92.192 154.44 323.271 77.9085 12.1175 119.023 10.9347 
