157.831 173.854 180.0 141.732 142.339 147.18 170.655 171.745 80.275 78.8755 172.536 284.491 5.40292 184.507 228.088 -62.4262 222.535 230.893 -21.3359 147.632 279.321 39.6301 154.322 271.063 50.5006 136.862 243.907 28.2241 11.0257 102.53 29.0737
157.709 174.233 180.0 140.499 141.133 147.665 170.577 172.765 80.3108 78.7051 172.158 284.604 3.85009 184.114 227.821 -62.9119 221.968 231.337 -22.5987 147.527 279.742 38.7227 154.183 271.573 49.6838 136.885 244.203 27.7499 10.9382 102.419 28.6681
157.856 174.486 180.0 139.206 139.991 148.286 170.476 174.341 80.4304 78.5662 171.81 284.569 2.41789 183.959 227.562 -63.1874 221.594 231.604 -23.5736 147.222 280.079 37.8976 153.87 272.018 48.9853 136.894 244.391 27.334 10.7961 102.505 28.2294
158.117 174.698 180.0 138.131 139.058 148.801 170.425 175.169 80.5173 78.3809 171.418 284.633 1.3319 183.976 227.618 -63.4151 221.162 232.381 -24.4271 146.752 280.407 37.1951 153.413 272.425 48.375 136.821 244.592 26.9114 10.6814 102.46 27.7734
158.386 174.842 180.0 137.323 138.401 149.299 170.38 175.292 80.5887 78.2385 171.135 284.729 0.476414 184.154 227.686 -63.5194 220.911 233.382 -24.9536 146.36 280.655 36.6572 153.038 272.729 47.8998 136.763 244.744 26.5595 10.6208 102.158 27.5095
158.671 174.885 180.0 136.666 137.846 149.717 170.352 174.522 80.6718 78.1631 170.851 284.954 -0.221365 184.412 228.008 -63.6265 220.541 235.137 -25.3454 145.969 280.996 36.1537 152.71 273.132 47.4287 136.702 244.974 26.1911 10.5904 101.442 27.3972
158.908 174.878 180.0 136.112 137.452 149.938 170.312 171.884 80.7898 78.1337 170.565 285.331 -0.774436 184.637 228.479 -63.7874 220.279 236.972 -25.4567 145.574 281.396 35.6486 152.365 273.596 46.9499 136.653 245.248 25.816 10.5576 100.724 27.5428
159.023 174.895 180.0 135.654 137.205 149.985 170.302 168.58 80.8964 78.177 170.411 285.89 -1.13009 184.899 229.249 -63.8634 219.857 238.891 -25.3702 145.275 281.967 35.2738 152.063 274.235 46.5865 136.644 245.742 25.5316 10.5178 100.016 27.6663
159.137 174.835 180.0 135.322 137.062 149.925 170.309 165.991 80.9547 78.1404 170.201 286.165 -1.35406 185.12 229.663 -63.9427 219.556 240.076 -25.1821 144.887 282.257 34.9012 151.631 274.554 46.2296 136.524 245.997 25.2046 10.4878 99.6579 27.8178
159.145 174.781 180.0 135.093 137.0 149.795 170.221 164.029 80.9483 78.0877 170.002 286.272 -1.53598 185.229 229.921 -63.8626 219.057 240.87 -25.0209 144.518 282.497 34.602 151.188 274.824 45.9432 136.319 246.26 24.9776 10.4761 99.383 27.7886
159.047 174.626 180.0 134.87 136.96 149.673 170.11 163.425 80.8168 77.9382 169.777 286.162 -1.85512 185.318 229.754 -63.6871 218.336 241.346 -25.0113 144.293 282.628 34.2942 150.872 274.981 45.6622 136.069 246.475 24.7812 10.4791 99.0365 27.6208
158.914 174.366 180.0 135.223 137.353 149.143 169.559 163.064 80.3702 77.7637 169.611 286.151 -1.80611 185.404 229.942 -63.6165 217.76 241.318 -25.3087 144.066 282.661 34.0818 150.544 275.045 45.4981 135.828 246.819 24.6571 10.4807 99.2761 27.0975
158.822 174.208 180.0 135.183 137.41 149.106 169.512 163.849 80.2609 77.6463 169.147 286.001 -2.13033 185.255 229.819 -63.6627 217.128 241.16 -25.6655 143.762 282.574 33.8393 150.219 274.94 45.2544 135.432 246.787 24.3836 10.482 99.33 26.7585
158.799 174.208 180.0 135.29 137.566 148.978 169.635 164.974 80.3196 77.7661 168.777 285.942 -2.29458 184.947 230.023 -63.8382 217.008 240.32 -26.3017 143.558 282.532 33.7342 150.008 274.847 45.0923 135.03 246.744 24.1183 10.4928 99.8345 26.218
158.771 174.189 180.0 135.505 137.752 148.917 169.681 165.049 80.4843 77.9727 168.405 285.957 -2.65483 184.374 230.254 -64.1169 216.721 239.809 -26.554 143.385 282.7 33.5778 149.823 274.954 44.8726 134.594 246.858 23.8749 10.5123 100.021 26.1251
158.874 174.195 180.0 135.659 137.879 149.021 169.844 165.124 80.6305 78.0896 168.025 285.947 -2.9843 183.971 230.432 -64.401 216.421 239.567 -26.7325 143.06 282.727 33.4419 149.504 274.911 44.7064 134.152 246.838 23.598 10.489 100.128 26.1049
158.924 174.179 180.0 135.591 137.856 149.145 170.049 165.945 80.6843 78.0779 167.544 285.867 -3.48837 183.495 230.123 -64.7058 215.968 239.325 -27.0321 142.703 282.786 33.1373 149.147 274.954 44.4134 133.696 246.86 23.2938 10.4584 100.186 26.1425
158.869 174.206 180.0 135.557 137.846 149.043 170.225 166.824 80.7626 78.1496 167.012 286.056 -3.83189 182.946 230.216 -65.1038 215.887 238.507 -27.6635 142.278 282.943 32.8587 148.703 275.112 44.112 133.249 246.977 22.9561 10.4429 100.915 25.8766
158.905 174.111 180.0 135.563 137.853 148.947 170.335 169.343 80.7406 78.1098 166.502 286.127 -4.0563 182.397 230.063 -65.538 215.528 237.389 -28.6321 141.852 283.052 32.4657 148.221 275.228 43.7227 132.784 247.045 22.5769 10.4366 101.783 25.3383
158.929 174.031 180.0 135.73 137.955 148.844 170.5 170.256 80.6582 77.9757 165.867 286.056 -4.24507 181.84 229.695 -66.1029 215.299 236.967 -29.076 141.191 282.844 32.077 147.507 275.012 43.3481 132.258 246.825 22.1245 10.429 102.221 25.503
158.924 173.895 180.0 135.895 138.082 148.806 170.453 169.858 80.6249 77.9462 165.24 285.844 -4.52341 180.989 229.385 -66.604 214.672 237.137 -29.339 140.425 282.637 31.6917 146.718 274.802 42.9594 131.591 246.655 21.7255 10.4407 102.084 25.8912
158.978 173.751 180.0 136.187 138.331 148.726 170.238 168.393 80.6266 77.9266 164.457 285.302 -4.88506 179.926 228.957 -67.1747 213.919 237.263 -29.4504 139.424 282.118 31.231 145.719 274.262 42.4806 130.746 246.178 21.2588 10.4688 101.79 26.4609
159.01 173.7 180.0 136.432 138.513 148.6 170.061 167.456 80.6875 77.9803 163.733 285.048 -5.09308 178.712 228.811 -67.8566 213.393 236.694 -29.6149 138.441 281.756 30.8547 144.716 273.876 42.0667 129.871 245.847 20.7944 10.494 102.077 26.9271
158.965 173.842 180.0 136.487 138.579 148.609 170.036 166.949 80.7957 78.0565 162.853 284.91 -5.78058 177.442 228.726 -68.4742 212.574 236.262 -29.9572 137.511 281.648 30.414 143.798 273.767 41.6244 128.987 245.742 20.3956 10.472 102.232 27.1769
158.969 173.995 180.0 136.616 138.601 148.54 170.052 167.02 80.9143 78.1047 161.964 284.894 -6.49109 176.113 228.714 -69.234 211.898 235.302 -30.5218 136.646 281.635 29.901 142.936 273.732 41.1004 128.129 245.692 19.9343 10.4645 102.804 27.292
158.984 174.075 180.0 136.71 138.517 148.355 169.984 167.226 81.0079 78.0706 160.8 284.716 -7.12224 174.643 228.56 -69.9637 210.872 234.358 -31.3023 135.485 281.466 29.2539 141.818 273.55 40.4464 127.095 245.454 19.4388 10.4739 103.38 27.2188
158.895 174.114 180.0 136.771 138.448 148.152 169.883 167.518 81.1108 78.0365 159.475 284.24 -7.93879 172.964 228.043 -70.7336 209.563 233.424 -32.2349 134.155 281.098 28.4226 140.585 273.2 39.6374 125.929 245.01 18.8896 10.4612 103.721 27.143
158.725 174.146 180.0 137.09 138.582 147.989 169.84 168.413 81.1052 77.9322 158.276 283.495 -8.6122 171.399 227.366 -71.581 208.394 232.766 -33.3722 132.884 280.381 27.7037 139.388 272.443 38.9143 124.767 244.326 18.2717 10.4691 103.717 27.1255
158.656 174.074 180.0 137.22 138.598 147.985 169.745 168.308 81.1602 77.9583 157.198 282.92 -9.40519 169.934 226.779 -72.3321 207.08 232.896 -34.319 131.749 279.924 26.9206 138.317 271.996 38.0985 123.689 243.867 17.6217 10.5033 103.217 27.257
158.689 173.927 180.0 137.613 138.828 147.866 169.491 167.598 81.3034 78.135 156.394 282.586 -9.77657 168.777 226.905 -73.1234 205.966 232.702 -35.1345 130.713 279.56 26.2744 137.306 271.601 37.3635 122.695 243.464 16.9096 10.5676 103.121 27.1991
158.651 173.782 180.0 137.991 139.072 147.694 169.354 167.248 81.4136 78.3173 155.22 282.49 -10.2211 167.364 227.103 -73.9967 204.807 232.321 -36.0075 129.463 279.299 25.6205 136.135 271.375 36.6358 121.633 243.132 16.2611 10.6141 103.444 27.1741
158.628 173.551 180.0 138.422 139.366 147.611 169.052 166.596 81.4256 78.4194 153.816 282.199 -10.8817 165.691 227.04 -74.8262 203.368 232.106 -36.7872 128.13 278.911 24.9109 134.866 271.03 35.8898 120.379 242.698 15.6303 10.6468 103.399 27.2947
158.489 173.428 180.0 138.743 139.522 147.425 168.99 166.681 81.4606 78.4329 152.426 282.026 -11.4796 164.22 227.046 -75.8222 202.162 231.569 -37.7395 126.835 278.503 24.2519 133.602 270.606 35.1857 119.19 242.25 14.8945 10.6516 103.753 27.3145
158.272 173.402 180.0 138.941 139.719 147.347 168.914 166.291 81.5236 78.5473 151.228 281.43 -12.3966 162.721 226.478 -76.593 200.671 231.059 -38.5684 125.73 278.008 23.5396 132.479 270.061 34.42 117.923 241.8 14.1621 10.6854 103.54 27.3453
158.171 173.286 180.0 139.359 140.015 147.251 168.663 165.424 81.6462 78.7297 150.378 280.819 -13.0357 161.411 226.351 -77.2755 199.116 230.878 -39.2263 124.718 277.663 22.9384 131.337 269.579 33.7459 116.573 241.549 13.3711 10.7239 103.009 27.3123
158.14 173.111 179.303 139.728 140.17 147.09 168.053 164.986 81.8837 78.938 148.942 280.351 -13.9601 159.765 226.57 -78.0399 197.396 230.567 -40.3014 123.252 277.416 22.0011 129.865 269.297 32.7794 115.108 241.205 12.5388 10.7241 102.859 26.9938
158.129 172.973 178.093 139.761 140.043 146.882 167.872 164.794 82.0631 79.0474 147.181 280.169 -15.0173 158.055 226.643 -78.8738 195.679 230.588 -41.6519 121.592 277.464 20.8926 128.233 269.397 31.7004 113.608 241.103 11.6969 10.6747 102.837 26.611
158.172 173.008 177.986 139.937 140.063 146.821 167.828 164.534 82.1732 79.0741 145.481 279.758 -16.0722 156.537 226.534 -79.6264 193.886 231.108 -42.7146 119.998 277.289 19.9046 126.622 269.187 30.7484 112.036 240.839 10.8552 10.6285 102.247 26.3899
158.047 173.188 177.137 139.921 140.035 146.845 168.06 165.479 82.3451 79.1051 143.945 279.175 -17.3196 154.803 225.6 -80.5719 192.255 231.56 -43.9126 118.669 277.345 18.7176 125.288 269.199 29.6724 110.517 240.765 10.0264 10.5336 101.313 26.5361
158.039 173.062 178.899 140.131 140.218 146.926 167.961 166.439 82.6096 79.2664 142.497 278.386 -18.5915 152.663 224.42 -81.4279 190.35 230.695 -45.0793 117.252 277.401 17.472 123.813 269.206 28.5559 108.785 240.688 9.22754 10.4476 100.932 26.5232
158.124 173.117 180.0 140.293 140.402 146.739 168.257 166.421 82.9566 79.4939 140.957 277.968 -19.3858 150.708 223.817 -82.4937 188.385 230.399 -46.4275 115.767 277.551 16.3271 122.258 269.231 27.4512 107.038 240.666 8.24717 10.3762 100.69 26.4209
157.937 173.215 180.0 140.39 140.387 146.252 168.459 167.316 83.2206 79.6349 138.954 278.049 -19.971 148.682 224.168 -83.8822 186.583 229.404 -47.9242 113.739 277.54 15.2423 120.235 269.122 26.3856 105.148 240.535 7.08799 10.275 101.672 26.1022
157.872 173.443 180.0 140.557 140.548 145.938 168.83 167.621 83.4085 79.7151 137.16 277.805 -20.8269 146.693 223.918 -85.3288 184.779 228.585 -49.2952 111.918 277.422 14.0637 118.352 268.889 25.2253 103.254 240.348 5.82846 10.2127 102.134 26.0767
157.604 173.513 180.0 141.1 141.201 145.164 169.538 168.871 83.4946 80.07 135.874 277.482 -20.7178 144.687 224.467 -87.3188 183.582 227.746 -50.4388 110.306 277.205 12.9163 116.203 268.526 24.0013 101.273 240.162 4.39306 10.4396 102.334 26.5695
157.492 173.571 180.0 141.289 141.444 144.386 170.206 169.972 83.5438 80.3699 133.745 277.282 -21.0623 142.418 225.035 -89.277 182.158 227.214 -51.8981 108.106 276.86 11.6627 113.67 268.133 22.6257 99.0461 239.819 2.85857 10.6611 102.833 26.9378
157.538 173.759 180.0 141.183 141.524 143.935 170.893 170.522 83.6452 80.5659 132.029 277.058 -21.6627 140.235 225.097 -91.185 180.333 226.637 -53.5011 106.138 276.711 10.2898 111.462 267.889 21.1718 96.8656 239.733 1.22514 10.7864 103.093 27.1203
157.582 174.367 180.0 140.759 141.571 143.23 172.116 171.278 83.785 80.7685 127.361 276.728 -23.1879 134.952 224.565 -94.557 175.667 225.325 -56.7721 101.043 276.323 7.79936 106.264 267.45 18.6202 91.895 239.444 -1.57642 10.8289 104.179 27.2581
157.661 174.577 179.92 140.839 141.699 143.001 172.495 171.788 83.7122 80.9151 124.991 275.98 -24.3902 131.815 223.399 -96.1079 172.972 223.376 -58.3709 98.7021 275.714 6.48938 103.821 266.879 17.2783 89.2669 238.98 -2.93389 10.8539 104.864 27.3728
157.818 174.712 179.563 140.292 141.564 143.058 172.686 171.782 83.8189 80.9623 122.582 275.208 -26.4279 128.762 221.838 -97.5139 169.624 221.944 -60.7375 95.9436 275.298 4.6457 101.334 266.565 15.4219 86.6762 238.649 -4.45491 10.8044 105.351 26.7326
157.927 174.919 179.198 139.898 141.291 143.042 172.944 172.116 84.0007 81.0272 119.924 274.878 -28.0524 125.938 221.39 -98.803 166.498 221.156 -62.7437 93.2241 275.104 3.26809 98.7414 266.329 14.0107 84.0635 238.495 -5.82829 10.7663 105.861 26.1947
157.856 174.945 178.91 139.79 141.183 142.863 172.763 172.097 84.0992 81.1196 117.032 274.465 -29.8466 122.878 220.572 -100.125 163.419 220.222 -64.7291 90.3826 274.92 1.44506 96.0793 266.271 12.2345 81.4222 238.223 -7.22043 10.7262 106.231 25.7864
157.744 175.023 178.455 139.66 141.153 142.854 172.704 171.848 84.1877 81.109 114.285 274.018 -31.5235 119.956 219.936 -101.179 160.17 219.297 -66.5655 87.6244 274.612 0.003685 93.5085 265.981 10.7928 78.7715 237.943 -8.4505 10.6781 106.537 25.2061
157.66 175.103 178.042 139.95 141.335 142.755 172.428 171.466 84.4046 81.2307 111.692 273.344 -32.763 117.018 219.285 -102.185 157.077 218.122 -67.9255 84.9967 274.201 -1.27067 90.8827 265.494 9.57654 76.0782 237.5 -9.56036 10.6309 106.686 24.9335
157.462 175.163 177.681 140.502 141.768 142.332 172.277 171.551 84.7038 81.6359 108.867 272.901 -33.3822 114.075 218.718 -103.274 154.183 217.16 -69.3433 82.4099 273.906 -2.54424 88.3275 265.206 8.33303 73.4021 236.966 -10.5843 10.5764 106.835 24.7313
157.264 175.212 177.546 140.916 142.172 142.193 171.995 171.41 84.8161 81.8528 106.61 272.339 -33.9161 111.284 218.136 -103.978 151.332 216.026 -70.204 80.1815 273.607 -3.49299 86.0231 264.894 7.46123 70.792 236.645 -11.3591 10.5008 106.728 24.6064
157.206 175.352 177.445 141.68 142.813 142.147 171.772 171.279 85.0725 82.257 104.606 271.2 -34.1883 108.667 217.27 -104.774 148.653 214.655 -70.9651 78.2242 272.979 -4.5218 83.7953 264.169 6.50452 68.1958 235.897 -12.2213 10.5078 106.218 24.5721
157.228 175.419 177.337 142.085 143.154 142.355 171.617 171.246 85.3376 82.5709 102.687 270.427 -34.6866 106.298 216.533 -105.253 146.115 213.505 -71.3988 76.3348 272.697 -5.35009 81.6694 263.806 5.75254 65.6998 235.51 -12.8855 10.503 105.754 24.4987
157.25 175.622 177.317 142.498 143.496 142.425 171.561 171.383 85.4187 82.7186 100.295 269.528 -35.2203 103.359 215.502 -105.937 143.546 211.919 -71.8658 74.0221 271.975 -6.07571 79.2314 263.057 5.10229 63.0551 234.767 -13.4694 10.4791 105.766 24.7746
157.326 175.702 177.31 142.644 143.687 142.367 171.694 171.672 85.5622 82.9414 98.1205 268.984 -35.5792 100.433 214.469 -106.514 141.041 210.556 -72.3738 71.9327 271.828 -6.89141 76.9999 262.936 4.3888 60.5683 234.552 -13.9727 10.4583 105.788 24.9904
157.235 175.615 177.398 142.743 143.861 142.409 171.5 171.757 85.5285 82.9528 95.8057 268.13 -36.2558 97.2194 213.1 -106.902 138.089 208.799 -73.016 69.6866 271.299 -7.61639 74.8122 262.479 3.70705 57.9801 234.093 -14.3267 10.4192 105.86 24.9748
157.337 175.626 177.412 142.745 143.987 142.729 171.551 171.871 85.4791 82.8918 93.7843 267.074 -36.5616 94.2315 211.921 -107.419 135.352 207.108 -73.587 67.5414 270.361 -7.96139 72.6901 261.494 3.34704 55.4403 233.305 -14.6802 10.3689 105.881 25.0822
157.444 175.72 177.379 142.73 144.007 142.754 171.852 172.328 85.3643 82.7794 91.3839 266.559 -37.0258 91.1935 210.838 -107.887 132.88 205.589 -74.0344 65.2236 269.843 -8.19189 70.4304 261.003 3.11877 53.0175 232.891 -14.8956 10.3214 106.444 25.3649
157.546 175.712 177.504 142.76 144.053 143.103 171.941 172.641 85.1816 82.6545 89.2374 266.073 -37.7385 88.4539 209.691 -108.233 130.603 204.238 -74.2729 63.1615 269.282 -8.4107 68.4412 260.507 2.88335 50.7906 232.452 -15.0531 10.2999 106.724 25.658
157.758 175.732 177.524 142.876 144.187 143.452 172.169 173.092 85.1583 82.6554 87.0102 265.528 -38.3025 85.7243 208.587 -108.378 128.163 202.569 -74.4593 61.2352 268.807 -8.51422 66.5169 260.026 2.76629 48.508 232.0 -15.0658 10.2865 107.049 25.7701
157.902 175.685 177.643 142.787 144.145 143.688 172.288 173.471 85.0144 82.5206 84.8105 265.012 -38.7588 83.1195 207.562 -108.533 125.686 201.253 -74.8656 59.0913 268.187 -8.63304 64.5181 259.42 2.62573 46.3159 231.484 -15.1368 10.2422 107.491 25.7164
158.045 175.738 177.756 142.852 144.215 143.741 172.457 173.95 85.073 82.6662 82.5527 264.719 -38.8873 80.6117 206.884 -108.632 123.257 199.966 -75.313 57.2009 267.857 -8.82878 62.6602 259.104 2.41624 44.139 231.061 -15.1373 10.226 107.767 25.5441
158.137 175.769 177.82 142.821 144.303 143.926 172.507 174.193 85.1393 82.763 80.7483 264.245 -38.8714 78.6126 206.454 -108.624 121.027 198.777 -75.5504 55.4756 267.372 -8.87215 60.9114 258.548 2.36792 42.0576 230.608 -15.1943 10.188 107.859 25.2965
158.306 175.796 177.907 142.752 144.298 143.961 172.641 174.42 85.2011 82.7921 78.5516 264.082 -39.1585 76.2579 205.76 -108.557 118.793 197.969 -75.6257 53.4897 267.283 -9.09838 58.9793 258.479 2.18413 39.9598 230.458 -15.161 10.1449 108.033 25.2572
158.444 175.784 177.902 142.612 144.229 144.226 172.659 174.443 85.2447 82.7927 76.7619 263.631 -39.2558 74.3427 205.219 -108.522 116.673 197.124 -75.746 51.5305 266.81 -9.22474 57.0772 257.954 2.07144 37.8813 230.02 -15.2568 10.0988 108.055 25.0593
158.601 175.748 177.979 142.587 144.275 144.205 172.879 174.751 85.3107 82.8396 74.5973 263.622 -39.4671 72.1469 204.677 -108.656 114.534 196.41 -76.0816 49.5392 266.687 -9.45582 55.1679 257.811 1.82107 35.8133 229.81 -15.3843 10.0774 108.353 24.9489
158.591 175.738 177.986 142.513 144.248 144.286 172.837 174.876 85.3097 82.8582 72.4384 263.278 -39.7294 69.9704 204.336 -108.905 112.296 195.51 -76.6666 47.4036 266.032 -9.68771 53.1888 257.126 1.56963 33.7315 229.153 -15.591 10.0261 108.645 24.7579
158.587 175.684 178.016 142.529 144.346 144.023 172.96 175.088 85.4088 82.9644 70.014 263.092 -39.9928 67.4064 203.375 -109.075 109.838 194.463 -77.2248 45.2575 265.751 -10.1416 51.2038 256.88 1.12895 31.6367 228.707 -15.6973 9.98291 109.062 24.5855
158.574 175.663 177.838 142.339 144.128 144.012 173.003 175.041 85.454 82.9606 68.1255 262.555 -40.0176 65.2283 202.7 -109.123 107.482 193.282 -77.5901 43.2278 265.152 -10.3778 49.262 256.245 0.941151 29.588 228.129 -15.788 9.91218 109.297 24.3472
158.662 175.631 177.787 142.238 144.066 143.924 173.157 175.166 85.5321 82.9593 66.1924 262.16 -39.899 63.014 201.814 -109.17 105.316 192.211 -77.7608 41.2183 264.718 -10.5707 47.3464 255.785 0.814979 27.599 227.647 -15.8122 9.81586 109.614 24.2937
158.666 175.669 177.734 142.115 143.921 144.004 173.259 175.328 85.4103 82.8754 64.2176 261.818 -39.9175 60.8335 201.657 -109.453 103.183 191.357 -78.321 39.1949 263.989 -10.4685 45.4701 255.03 0.865549 25.669 227.015 -15.8672 9.77226 110.055 24.2261
158.702 175.694 177.645 142.094 143.841 143.946 173.37 175.43 85.3718 82.8281 62.2973 261.431 -39.7725 58.7874 201.268 -109.39 101.155 190.413 -78.405 37.2221 263.497 -10.2982 43.5913 254.518 1.00405 23.7338 226.585 -15.7691 9.74288 110.473 24.1744
158.731 175.7 177.499 142.001 143.636 143.882 173.45 175.538 85.2857 82.7332 60.298 260.985 -39.8296 56.5138 200.742 -109.384 99.0276 189.392 -78.5866 35.1729 263.001 -10.1981 41.6694 254.052 1.08923 21.7997 226.166 -15.6442 9.71075 110.913 24.1738
158.855 175.671 177.335 142.04 143.551 144.018 173.46 175.558 85.3136 82.757 58.3431 260.587 -40.0722 54.4985 200.624 -109.414 97.1229 188.818 -78.7633 33.4772 262.575 -10.2041 39.9735 253.591 1.04828 19.9483 225.734 -15.6084 9.72608 110.866 24.1891
158.958 175.666 177.147 142.032 143.419 144.219 173.467 175.529 85.2304 82.6581 56.8072 259.981 -40.124 52.8424 200.602 -109.481 95.3799 188.085 -78.9294 31.9249 261.822 -9.94011 38.4587 252.755 1.22055 18.2223 225.146 -15.6158 9.73775 110.896 24.1617
159.051 175.695 176.98 141.956 143.173 144.267 173.603 175.62 85.1585 82.5549 55.0606 259.722 -40.238 51.0909 200.715 -109.509 93.7438 187.665 -79.0657 30.2022 261.363 -9.64055 36.8235 252.265 1.40636 16.5514 224.803 -15.5653 9.76767 111.147 24.2186
159.116 175.728 176.878 141.932 142.971 144.349 173.677 175.756 85.0717 82.5057 53.2891 259.224 -40.6235 49.1899 200.416 -109.494 92.0113 186.947 -79.1189 28.5352 260.902 -9.51662 35.2103 251.851 1.43353 14.8985 224.433 -15.4973 9.84491 111.327 24.3225
159.202 175.739 176.624 141.998 142.822 144.539 173.533 175.584 84.9956 82.4614 51.4819 258.445 -41.0734 47.2512 200.244 -109.4 90.0647 186.384 -79.2765 26.9926 260.157 -9.42453 33.748 251.13 1.42095 13.2502 223.791 -15.3693 9.91697 111.102 24.2893
159.29 175.798 176.579 142.024 142.673 144.577 173.595 175.691 85.079 82.5385 49.6902 257.944 -41.2359 45.5507 200.096 -109.315 88.4556 185.939 -79.3174 25.3769 259.612 -9.22674 32.2373 250.589 1.48995 11.7013 223.205 -15.2033 9.99101 111.137 24.3135
159.275 175.874 176.447 142.039 142.438 144.624 173.602 175.701 85.0824 82.578 48.1791 257.346 -41.1635 44.0027 200.247 -109.265 86.9134 185.488 -79.4401 24.0515 258.893 -8.96134 30.9063 249.843 1.65278 10.2679 222.536 -15.0374 10.0648 110.991 24.344
159.27 175.914 176.411 142.253 142.31 144.736 173.556 175.772 85.2523 82.7075 46.6491 256.528 -41.0718 42.6097 199.992 -108.802 85.5241 184.893 -78.8626 22.6236 258.319 -8.48874 29.4707 249.234 2.04413 8.82346 221.911 -14.6299 10.1502 110.889 24.4777
159.181 175.904 176.338 142.424 142.295 144.671 173.728 175.853 85.4085 82.7865 45.3662 255.924 -40.6079 41.1228 199.528 -108.282 83.9294 183.972 -78.3329 21.312 257.854 -7.92015 28.1413 248.683 2.53699 7.36239 221.489 -14.167 10.2018 110.957 24.4999
159.124 175.912 176.333 142.56 142.182 144.8 173.807 175.955 85.7059 82.9133 44.1177 254.979 -40.4328 39.9713 198.897 -107.862 82.8197 183.128 -77.8475 20.0754 257.091 -7.47424 26.856 247.809 2.90576 6.08642 220.636 -13.8116 10.2796 110.82 24.5785
159.103 175.885 176.3 142.754 142.058 144.825 173.819 176.068 86.0398 83.0685 42.4358 253.986 -40.5016 38.3936 197.886 -107.211 81.2043 182.138 -77.4245 18.5438 256.49 -7.04262 25.3879 247.151 3.23897 4.6669 219.882 -13.2938 10.3661 110.903 24.4452
159.035 175.878 175.99 143.416 142.042 144.914 173.648 175.962 86.5864 83.4051 38.7068 251.505 -40.5062 34.9367 196.044 -105.741 77.4757 179.848 -76.6205 15.4423 254.954 -6.13156 22.3495 245.517 4.03504 1.59168 218.088 -12.0896 10.4938 110.918 24.1047
159.082 175.891 175.829 143.653 142.179 144.977 173.738 176.066 86.9891 83.8105 36.8009 250.631 -40.5609 33.2374 195.659 -105.284 75.4208 179.021 -76.7815 14.0747 254.364 -5.8374 20.9753 244.896 4.18955 0.1178 217.286 -11.648 10.6039 110.833 23.7367
159.111 175.884 175.753 143.88 142.252 144.975 173.667 176.057 87.2852 84.0066 34.7214 249.599 -40.5482 31.4506 194.932 -104.692 73.4467 178.065 -76.6861 12.428 253.605 -5.47571 19.3652 244.109 4.49297 -1.44285 216.352 -11.0831 10.6666 110.833 23.4705
158.952 175.97 175.685 144.007 142.46 144.896 173.969 176.161 87.5262 84.3001 33.2174 249.022 -39.8862 30.1073 194.721 -104.327 71.698 177.221 -76.7778 11.2353 252.878 -4.91764 18.0979 243.301 4.91579 -2.83545 215.543 -10.6373 10.7598 110.873 23.1763
158.825 175.951 175.67 143.93 142.557 144.999 174.26 176.307 87.8194 84.6889 31.7866 248.089 -39.6721 28.754 193.697 -103.877 70.2318 176.001 -76.5206 10.2252 252.043 -4.65952 16.8747 242.463 5.13376 -4.1925 214.592 -10.228 10.8605 110.577 23.0474
158.806 175.943 175.644 143.626 142.443 145.084 174.369 176.342 88.1144 85.0129 30.3375 247.139 -39.57 27.2711 192.687 -103.595 68.8017 175.044 -76.467 9.25861 251.217 -4.55093 15.7118 241.652 5.2913 -5.44151 213.633 -9.83182 10.8806 110.105 22.9492
158.841 175.934 175.603 143.261 142.306 145.141 174.395 176.347 88.5218 85.4838 29.0078 246.476 -39.3448 26.2391 192.165 -103.194 67.5308 174.498 -76.4626 8.36093 250.577 -4.35177 14.6326 241.02 5.50973 -6.53022 212.771 -9.44253 10.9049 109.695 22.6457
158.672 175.849 175.467 142.78 141.892 145.071 174.205 176.13 88.7493 85.7155 27.5787 246.212 -38.8669 25.2258 192.352 -102.83 66.1572 174.692 -76.758 7.58039 250.005 -4.11617 13.6802 240.394 5.82149 -7.60741 212.084 -9.0443 10.86 109.011 22.1796
158.677 175.751 175.405 142.31 141.534 144.988 173.931 175.949 89.1518 85.9603 25.9649 245.858 -38.2661 24.0791 192.074 -102.435 65.0051 174.801 -76.7229 6.45947 249.424 -4.06744 12.4505 239.788 6.07712 -8.71188 211.149 -8.54086 10.7571 108.353 21.951
158.7 175.669 175.308 141.857 141.242 145.026 173.757 175.737 89.5808 86.164 24.6033 245.706 -37.665 22.95 191.773 -101.761 63.6183 174.55 -76.3049 5.38219 249.18 -3.67568 11.2708 239.445 6.64245 -9.88207 210.7 -7.88013 10.6537 108.029 21.6975
158.547 175.612 175.351 141.629 141.015 145.055 173.287 175.613 89.8746 86.342 23.6379 245.84 -36.7583 22.3631 192.472 -101.253 62.5222 174.548 -75.9151 4.6898 248.867 -2.68493 10.2381 238.881 7.77526 -11.0137 210.467 -7.27421 10.5201 107.823 21.5121
158.006 175.634 175.458 143.826 141.898 143.752 173.634 175.228 89.2786 85.9299 22.5051 244.684 -36.0744 21.8465 192.042 -100.299 61.2951 174.271 -75.3619 3.7853 248.272 -1.77835 8.9414 238.314 8.69672 -12.021 210.151 -6.43446 10.7953 107.598 20.8951
