147.364 177.493 165.762 149.993 155.136 134.523 155.378 161.678 93.0512 97.0911 3.03837 369.559 39.5829 69.1363 405.8 -30.3893 30.4236 393.105 -54.8295 13.5621 367.133 29.571 -2.03513 373.677 35.0257 3.63971 422.382 39.269 10.5932 76.4207 20.3891
147.373 177.104 165.731 152.164 155.281 134.899 154.897 161.755 93.7506 97.4767 3.69223 370.068 39.4916 69.5391 405.813 -30.0573 30.5986 393.232 -54.8876 13.716 366.973 29.289 -1.82309 373.862 35.0727 3.65068 422.799 39.1061 10.9595 76.0693 20.6808
147.06 176.647 165.554 156.559 155.676 135.274 154.417 161.723 94.7642 97.823 4.59582 370.7 38.7191 69.8682 406.115 -30.0337 30.4988 393.256 -55.1082 14.0302 366.494 28.281 -1.43874 373.962 35.0086 3.66623 423.047 38.7521 11.8092 75.1305 21.1399
146.728 176.459 165.58 159.23 155.801 135.197 154.251 161.668 95.5258 97.8275 4.51154 371.508 37.941 70.093 406.411 -29.9785 30.3175 393.672 -55.2653 13.8608 366.409 27.3735 -1.57613 374.507 34.8084 3.66048 423.47 38.5 12.5253 74.4747 21.4906
146.661 175.565 165.526 157.688 155.959 135.462 154.006 161.664 95.6138 97.7345 4.99158 372.216 37.2165 70.3603 407.117 -30.0879 29.9415 394.127 -55.5766 13.343 367.002 27.7362 -1.92264 375.276 34.8867 3.62144 424.061 38.2135 12.6158 75.2459 22.0373
146.636 175.281 165.708 154.121 155.961 135.68 153.788 161.682 94.2366 96.9341 4.91755 372.814 36.2354 70.4867 407.503 -30.0944 29.5184 394.605 -55.8459 12.2158 368.669 29.1077 -2.75257 376.658 35.1644 3.52034 424.709 37.8864 12.2961 77.2441 22.4765
146.683 174.611 165.544 154.437 155.88 135.686 153.723 161.683 94.2384 96.6621 4.55034 373.338 35.6955 70.5087 407.882 -30.3514 29.2406 395.109 -56.1678 11.4146 369.089 29.1145 -3.3151 377.455 35.0871 3.43065 425.205 37.5453 12.6237 77.8461 22.6797
146.523 174.08 165.606 154.036 155.676 135.282 153.531 161.706 93.5322 95.8268 3.98746 374.301 35.4513 70.5363 408.798 -30.4712 29.2951 396.537 -56.4937 10.3627 370.409 29.3051 -4.14655 378.988 34.983 3.25361 426.19 37.2292 12.8331 78.9024 22.67
146.475 173.48 165.698 153.789 155.42 135.133 153.754 161.697 93.1131 95.1114 3.27175 374.861 34.8872 70.6657 409.862 -30.8567 29.2401 397.76 -57.0545 9.23456 371.497 29.4089 -5.11019 380.333 34.6347 3.0068 426.95 36.8486 12.8831 79.9575 22.8263
146.591 173.012 166.129 153.179 155.141 135.349 153.967 161.784 92.7227 94.3689 2.6359 375.415 34.0855 70.6152 410.489 -31.278 28.9693 398.948 -57.6238 7.82081 372.817 29.525 -6.4031 381.96 34.412 2.77585 427.879 36.4451 12.8925 80.9594 22.9137
146.643 172.362 166.422 152.285 154.651 135.403 154.257 162.079 92.7145 93.9951 2.05551 375.866 33.5713 70.3511 410.746 -31.7602 28.4848 399.822 -58.173 6.37155 373.632 29.6225 -7.54427 383.079 34.1775 2.4811 428.616 36.1391 12.953 81.7251 22.9488
146.342 172.24 166.428 152.749 153.948 135.071 154.119 162.263 92.9224 93.8152 1.16812 376.326 33.5242 70.021 410.823 -31.83 28.3266 400.579 -58.3822 5.67231 373.946 29.0976 -8.05539 383.743 33.6324 2.22861 429.121 35.9943 13.1513 81.551 22.7805
146.672 172.252 166.495 153.334 153.526 135.176 154.327 162.679 93.2534 94.0215 0.686357 376.709 33.3336 69.9205 411.025 -32.0609 28.2755 401.04 -58.7835 5.35928 374.176 28.7786 -8.20567 384.08 33.1718 1.98834 429.622 35.7094 13.2121 81.47 22.7396
146.868 172.356 166.691 154.691 153.39 135.366 154.442 162.69 93.7778 94.4214 0.383843 377.661 33.0111 69.8172 412.145 -32.3624 27.9927 401.805 -59.1132 5.47866 374.647 28.1555 -8.08897 384.671 32.7818 1.72988 430.527 35.4874 13.3429 80.8386 22.8892
147.325 172.584 166.707 154.396 153.421 135.858 154.477 162.633 93.6765 94.6709 0.269448 378.731 32.6731 69.6061 412.749 -32.4524 27.6771 402.507 -59.2282 5.33717 375.639 27.4903 -8.25944 385.622 32.5743 1.49974 431.653 35.2851 13.4521 80.1156 22.9421
147.565 172.684 166.657 153.382 153.764 135.96 154.504 162.652 93.6592 94.6451 -0.634184 379.866 32.284 69.4898 413.238 -32.4395 27.4784 403.376 -59.4244 4.66735 376.821 27.5655 -8.90111 386.883 32.6235 1.26305 432.794 35.0301 13.4463 80.449 23.0065
147.782 172.342 166.826 153.445 154.137 136.004 154.222 162.778 94.686 95.2428 -1.46747 381.032 31.9773 69.0845 413.624 -32.5895 26.5368 403.601 -59.7272 4.59287 377.245 27.2854 -9.15604 387.573 32.8642 0.937464 433.783 34.7393 13.5899 79.9945 23.3957
147.768 172.678 167.521 151.743 154.517 136.176 154.142 162.582 94.8416 95.4158 -2.91129 382.398 31.2067 68.5748 413.873 -32.7058 25.4474 403.854 -59.9006 3.67323 378.857 27.837 -10.2334 389.238 33.1311 0.604279 435.082 34.34 13.2439 80.5162 23.789
147.817 172.867 168.632 153.1 154.408 136.324 154.403 163.357 93.821 94.6718 -3.86639 382.97 30.257 67.9654 413.377 -33.1834 23.963 403.657 -60.494 2.01001 380.607 29.6588 -11.4292 390.856 33.7314 0.295565 435.787 33.6885 13.0725 83.0095 24.3234
148.0 172.839 169.163 151.74 154.4 136.583 154.347 163.663 93.878 94.7398 -3.96432 384.041 29.8631 67.5573 413.917 -33.3524 22.7768 403.854 -60.7231 1.49659 382.215 30.9447 -12.1057 392.296 34.5254 -0.0736734 436.875 33.3828 12.6865 84.2147 24.8883
147.991 173.604 169.368 151.602 154.527 136.925 154.103 163.299 94.3299 95.0661 -3.99324 385.086 29.3262 67.0554 414.24 -33.3414 21.8671 403.832 -60.5567 1.45583 383.236 31.1894 -12.4193 393.36 35.003 -0.396867 437.834 33.0749 12.6224 83.9828 25.1945
147.978 174.036 169.324 151.506 154.438 137.271 153.843 162.984 94.6267 95.0958 -4.28118 385.833 29.1315 66.4878 414.209 -33.0796 21.4829 404.009 -60.3203 1.15543 384.348 31.6926 -12.9839 394.537 35.3062 -0.755109 438.766 32.9001 12.3495 84.0574 25.072
148.137 173.807 169.225 151.735 153.997 137.459 153.885 162.93 95.3502 95.3501 -4.75168 386.347 29.2744 66.0203 413.845 -32.9848 21.0734 403.973 -60.2506 0.487149 384.765 31.7193 -13.6581 395.323 35.3784 -1.03538 439.542 32.7519 12.3756 83.6716 24.968
148.505 173.536 169.174 152.214 153.684 137.817 153.98 162.981 95.689 95.3649 -5.1221 386.666 28.9868 65.7948 413.97 -33.0539 21.036 404.57 -60.5238 0.158263 385.321 31.5802 -14.1877 396.026 35.1427 -1.31568 440.187 32.5959 12.1464 83.604 24.805
148.403 173.621 169.091 151.956 153.462 137.524 154.318 163.315 95.1386 94.8357 -6.40717 387.209 28.5703 65.576 413.49 -32.9214 20.9877 405.308 -60.8589 -1.02964 386.512 31.7266 -15.4019 397.347 34.9492 -1.4668 440.763 32.3913 11.883 84.4436 24.7044
148.188 173.453 169.067 150.246 152.982 136.913 154.674 163.773 94.2574 94.3516 -7.69789 387.823 28.4865 65.3478 412.673 -32.6388 21.0661 405.832 -61.0964 -2.17366 387.699 31.4264 -16.6146 398.554 34.6573 -1.65994 441.265 32.2849 11.687 84.7596 24.5279
147.851 173.456 169.024 147.148 152.729 136.513 154.682 164.127 92.6513 93.9976 -8.84055 388.329 28.514 65.0191 411.557 -31.9956 21.0609 406.19 -61.0688 -3.3726 389.215 30.8744 -17.7617 399.813 34.5307 -1.78948 441.723 32.1743 11.7614 84.948 24.4596
147.704 173.294 168.908 145.484 152.397 136.092 154.517 164.393 91.2386 93.3607 -9.99914 388.752 28.2184 64.6732 410.671 -31.5808 21.0558 406.705 -61.1686 -4.49889 390.584 30.6279 -18.8055 400.973 34.1462 -1.88963 442.041 31.999 11.59 85.6109 24.3953
147.675 173.114 168.801 143.827 152.198 135.768 154.208 164.326 89.9951 93.0945 -11.0021 389.513 27.739 64.3334 410.248 -31.1811 21.2016 407.433 -61.1319 -5.19615 391.846 29.6574 -19.3413 402.055 33.5692 -1.89187 442.556 31.884 11.8156 85.2535 24.2236
147.728 173.018 168.902 142.633 152.108 135.696 154.065 164.535 88.9119 92.8306 -11.8212 390.133 27.2289 64.0905 410.09 -30.7819 21.2044 408.356 -61.1086 -5.90755 393.046 28.9429 -19.8827 403.136 33.2579 -1.92097 443.013 31.8647 12.1381 85.1894 24.2442
147.722 172.985 168.984 141.688 152.0 135.662 153.658 164.391 88.4198 92.9427 -12.5499 391.147 26.6939 63.5832 410.486 -30.4501 21.016 409.44 -60.96 -6.41086 394.228 28.1706 -20.3041 404.262 32.9528 -2.03822 443.825 31.8482 12.4428 84.6678 24.1626
147.491 172.818 168.881 140.048 152.091 135.587 153.22 164.114 87.7873 93.1091 -13.0414 392.364 26.4602 63.2234 411.579 -30.1781 20.8715 410.943 -60.6934 -6.4472 395.432 26.7842 -20.3816 405.34 32.733 -2.11064 444.81 31.9756 13.2064 83.4088 24.0909
147.334 171.868 167.846 138.356 152.783 136.714 153.887 163.709 87.3966 92.5757 -13.2164 392.181 25.402 62.5076 410.072 -30.0123 20.0613 410.052 -60.44 -7.63457 396.787 27.4865 -21.3384 407.045 33.1467 -2.17675 445.016 31.6987 13.2714 83.9836 24.1699
147.51 170.978 168.679 138.217 153.114 137.219 154.833 164.834 87.2274 92.3505 -13.7318 392.087 24.8383 62.0787 409.521 -30.2855 20.0085 410.484 -61.037 -8.81952 397.813 28.091 -22.2515 408.177 33.2221 -2.39506 445.331 31.4603 13.0015 85.2829 24.0263
147.846 170.026 169.005 138.452 153.073 137.899 155.255 165.339 86.9332 92.1658 -14.2017 391.893 24.5545 61.6437 408.367 -30.1084 19.6251 410.007 -61.2264 -9.85519 398.756 29.0352 -22.9948 409.081 33.4142 -2.56559 445.573 31.2509 12.5909 86.4121 24.1448
148.317 169.368 168.393 138.58 152.758 138.003 154.199 164.728 87.7983 92.6323 -13.9696 392.196 24.7224 61.2461 408.253 -29.7136 19.0215 409.903 -61.0341 -9.46245 398.228 28.713 -22.7462 408.766 33.439 -2.73239 445.902 31.1605 12.8392 85.5736 24.3921
149.575 168.141 167.049 138.32 152.806 139.503 153.841 163.065 88.7793 93.8016 -13.2137 392.254 24.488 60.8713 408.028 -29.4624 18.4243 408.628 -60.4315 -8.64271 397.378 28.2391 -22.0459 407.851 33.5193 -2.89371 446.205 30.9525 13.1383 83.6979 24.3747
149.863 167.689 165.913 140.407 152.899 139.709 152.98 162.155 90.27 94.2928 -12.6478 392.658 24.3652 60.8189 408.253 -29.3399 17.6809 408.313 -60.2925 -7.95795 396.476 28.328 -21.4594 407.285 33.4871 -2.92706 446.473 30.773 13.1768 83.108 24.8208
149.764 167.471 165.865 142.434 152.639 139.611 152.01 162.096 91.2427 94.3269 -12.5489 393.033 24.0265 60.7223 408.656 -29.4003 17.4343 408.988 -60.7401 -7.67221 396.123 28.3504 -21.1952 407.143 32.9382 -2.88299 446.752 30.5618 12.8656 83.4107 25.0696
149.811 167.186 165.918 144.426 152.527 139.494 151.231 162.144 92.4279 94.7801 -12.3019 393.494 23.9025 60.8157 409.354 -29.5616 17.3568 409.731 -61.1755 -7.06383 395.57 28.118 -20.6706 406.819 32.5828 -2.84505 447.094 30.41 12.8084 83.289 25.281
150.237 166.795 167.167 143.862 152.515 140.051 152.611 162.6 92.0874 94.5251 -12.5753 393.946 23.8916 60.7025 410.079 -30.3136 16.9087 409.91 -61.5324 -7.16387 396.477 28.529 -20.849 407.721 32.7859 -2.92334 447.703 30.2048 12.6424 83.9474 25.2296
150.249 165.842 167.286 143.657 153.103 140.246 153.378 162.804 92.4613 94.2167 -13.3507 394.38 23.2912 60.3427 410.081 -30.6699 16.5887 409.626 -61.622 -8.07462 397.253 28.7336 -21.5345 409.119 33.0921 -2.88856 448.216 29.9744 13.0222 83.9332 25.0187
150.351 165.406 167.878 143.382 153.25 140.3 154.105 163.047 91.9139 93.4368 -14.0623 394.919 22.5916 59.8966 409.983 -31.139 16.3325 409.633 -61.7042 -9.34119 398.755 29.2393 -22.4637 410.863 33.2175 -2.86946 448.808 29.7034 13.0403 84.6204 24.7041
150.283 165.348 168.49 142.501 153.101 140.235 154.638 163.351 90.9819 92.8852 -14.5749 395.454 21.9831 59.2815 409.565 -31.407 16.482 409.506 -61.65 -10.3683 400.304 29.3832 -23.0436 412.276 33.086 -2.73507 449.368 29.3939 13.0994 84.9327 24.0468
150.659 165.643 168.101 140.873 153.758 140.465 154.499 162.354 89.3766 93.7057 -14.4939 396.543 22.054 58.972 410.979 -32.1029 16.6436 409.917 -61.3967 -9.97255 401.506 28.8405 -22.356 412.243 32.9204 -2.73413 450.256 29.2915 13.1404 84.2912 23.3052
150.966 166.714 168.152 140.016 153.584 140.601 155.548 161.964 88.9338 93.8261 -14.5579 397.463 21.8174 58.7843 412.663 -33.313 16.3151 410.473 -61.5207 -9.88518 402.281 28.1249 -22.118 412.808 32.5181 -2.72894 451.087 29.091 13.374 83.5951 22.9254
150.772 167.444 168.844 138.463 153.81 140.182 156.469 162.582 88.9507 94.1154 -14.9384 398.423 21.2064 58.6773 413.464 -34.2039 16.1337 411.264 -61.9687 -10.3589 403.229 27.1513 -22.2168 413.876 32.2118 -2.61067 451.892 28.7438 14.0406 83.0023 22.772
150.54 167.917 169.723 137.082 153.684 139.901 157.212 163.545 88.5804 94.0301 -15.1463 399.051 20.4769 58.5088 413.537 -34.7573 16.2157 412.017 -62.6227 -11.0008 404.345 26.4707 -22.4998 415.0 31.7503 -2.3864 452.429 28.3653 14.3912 83.1147 22.5777
150.411 168.458 170.236 135.967 153.15 139.793 157.739 164.13 88.0854 94.0432 -14.8209 399.232 20.147 58.4557 413.727 -35.3067 15.9254 412.399 -63.101 -11.223 404.826 25.7736 -22.3776 415.217 31.3187 -2.22715 452.627 28.1302 14.7091 82.8956 22.6686
150.828 168.937 169.763 136.332 153.242 140.075 157.689 163.713 88.5474 93.9549 -14.3976 399.46 20.5848 58.4811 414.217 -35.7481 15.969 412.548 -63.3739 -9.89668 404.315 25.5653 -21.7585 414.892 31.2659 -2.11494 452.879 28.0012 14.3858 82.5684 22.5207
150.041 169.687 169.896 136.87 152.971 139.774 158.304 164.037 88.3887 93.8787 -14.1703 400.061 20.3733 58.8558 415.026 -36.3874 15.9099 413.277 -63.7458 -9.58883 405.222 26.3008 -21.5014 415.462 31.0919 -1.90784 453.331 27.7324 13.656 83.8761 22.7403
149.56 169.964 170.261 138.289 152.981 139.729 158.488 164.26 87.7359 93.2199 -13.6301 400.58 19.6835 59.0948 415.758 -36.9357 16.0912 414.166 -64.1903 -9.62464 406.842 27.4202 -21.6303 416.627 30.8382 -1.6382 453.887 27.3506 12.6715 85.9153 22.7628
149.659 170.609 169.534 139.175 152.569 139.589 157.861 163.777 87.5252 92.6581 -12.121 401.182 19.0304 59.3369 417.357 -37.6103 16.2333 415.864 -64.8913 -8.91883 407.471 26.9811 -21.1985 417.061 30.1441 -1.39565 454.527 26.981 12.3778 86.4378 22.8161
149.749 171.409 168.331 138.099 152.244 139.49 157.531 163.657 85.7357 92.3824 -10.4835 402.579 17.7562 59.6405 420.076 -39.1694 16.6481 418.993 -66.5201 -8.68428 408.512 23.9526 -20.2184 417.321 28.3657 -1.03267 455.623 26.1745 13.6236 85.608 22.698
149.452 171.357 167.828 138.074 152.371 138.892 156.604 163.687 86.8663 92.8003 -9.85403 403.181 17.6769 59.7831 421.848 -40.2226 16.622 420.665 -67.6386 -7.24341 407.29 21.5707 -19.3602 416.567 27.4295 -0.908831 455.92 25.7488 14.1595 83.9884 22.7871
149.315 171.288 168.897 138.431 153.009 138.99 157.56 164.142 86.7999 92.3585 -10.7936 403.248 16.8681 59.6553 421.572 -41.1619 16.2586 420.553 -68.398 -8.07647 407.974 21.6862 -20.0263 417.566 26.9841 -0.841139 456.058 25.0678 13.9238 84.9105 22.8736
149.283 170.849 168.955 139.394 152.88 138.769 157.923 164.226 86.7218 91.8954 -11.1405 403.966 16.0229 59.6416 423.112 -42.7028 15.7688 421.467 -69.3972 -8.44263 408.693 21.0971 -20.2686 418.398 26.0579 -0.841876 456.661 24.381 13.7299 85.1777 23.0192
148.954 170.298 169.037 140.752 152.719 138.219 156.565 164.254 87.2587 91.9972 -11.2314 405.014 14.7854 59.0977 424.59 -43.7403 15.3153 422.704 -70.4223 -7.61183 408.849 20.2364 -19.8201 418.492 25.0027 -0.881389 457.144 23.675 13.3038 85.1383 22.9027
148.795 169.929 169.762 141.638 153.085 138.04 156.681 164.295 87.3575 91.5251 -11.84 405.608 13.793 58.5016 424.993 -44.6383 14.6777 422.76 -71.0184 -8.09285 409.963 20.6897 -20.2016 419.714 24.5372 -0.979098 457.717 22.9152 12.8784 85.9625 22.8358
148.527 168.939 169.899 141.905 153.202 137.818 155.812 163.936 86.5992 90.5697 -12.5634 406.241 12.6603 57.6871 424.471 -44.705 14.3956 422.617 -71.2159 -8.54207 411.578 20.756 -20.6218 421.353 24.0404 -1.06087 458.283 22.1534 12.6736 86.2999 22.5687
148.421 168.624 169.883 141.496 152.977 137.608 155.413 163.78 85.4454 90.1169 -12.9008 407.001 11.857 57.0296 424.858 -45.3703 13.9127 422.934 -71.589 -9.13543 413.05 19.9978 -20.7755 422.467 23.3259 -1.21733 458.99 21.4883 13.0134 85.9276 22.378
148.36 168.06 170.005 141.428 152.637 137.438 154.847 163.742 85.1355 89.9368 -13.1516 407.456 11.322 56.5533 425.618 -46.1746 13.1924 423.319 -72.2313 -9.39193 413.87 19.3592 -20.8546 423.207 22.8138 -1.38965 459.595 20.802 13.2233 85.7184 22.5073
148.495 168.472 169.6 141.616 152.054 137.438 155.401 164.108 85.1151 89.9135 -13.3551 407.691 11.4356 55.963 426.389 -47.2593 12.1627 423.649 -72.9145 -9.9084 414.449 19.5053 -21.2609 423.585 22.6159 -1.70961 460.133 20.3519 13.0146 86.2866 22.6584
148.67 168.438 169.271 142.132 151.597 137.611 155.987 164.168 84.8632 89.7993 -13.4954 407.898 11.2628 55.4539 427.198 -48.6387 11.1255 423.489 -73.5838 -10.3006 414.951 19.7119 -21.5008 423.744 22.3812 -2.05587 460.48 19.7443 12.8838 86.9254 22.8099
148.584 168.248 168.882 142.96 151.348 137.609 156.334 163.954 84.2895 89.4346 -13.5641 408.009 10.6897 54.9308 428.441 -50.3289 10.0076 423.481 -74.3501 -10.3338 415.489 19.7337 -21.4535 423.853 22.1099 -2.46349 460.601 18.9779 12.8997 87.7213 23.0268
148.536 167.908 168.893 143.685 151.046 137.592 156.297 163.849 83.9432 89.0173 -13.4884 407.698 10.405 54.018 428.626 -51.6247 8.54237 423.0 -75.0246 -10.6167 416.033 20.377 -21.7593 424.04 22.1683 -2.78705 460.58 18.2931 12.6546 89.0116 23.2511
148.198 167.57 168.277 144.014 150.532 137.154 157.111 164.236 83.7956 88.8949 -13.5043 407.708 10.5285 53.2538 430.053 -53.2012 7.3764 423.422 -75.9866 -10.6922 416.203 20.6298 -21.8401 423.907 22.2182 -3.20089 460.599 17.8892 12.5887 90.1658 23.4048
148.163 167.486 168.141 144.011 150.125 137.114 156.896 164.23 83.7697 89.2883 -13.1475 407.471 10.848 52.1832 429.621 -53.8847 6.10627 422.485 -76.1538 -10.6962 415.937 20.7035 -21.7101 423.34 22.4228 -3.57545 460.496 17.5394 12.7029 90.0737 23.3846
147.918 167.56 168.296 144.458 150.121 136.875 157.52 164.827 83.639 89.2993 -12.486 407.263 11.2847 51.7501 430.11 -54.8533 5.15851 422.19 -76.6282 -10.2903 416.179 21.5879 -21.5163 423.173 23.0864 -3.89999 460.422 17.2552 12.4312 91.4307 23.6677
147.717 168.016 168.506 144.958 150.197 136.702 158.005 164.855 83.4705 89.3496 -11.4468 407.42 11.4742 51.4895 430.63 -55.6601 4.09895 421.46 -76.5791 -9.60605 416.496 22.2361 -21.04 423.169 23.7494 -4.04742 460.475 17.0235 12.247 92.0062 24.1872
147.621 168.412 168.604 145.677 150.225 136.716 158.175 164.781 83.2255 89.2193 -10.4567 407.364 11.559 51.2551 430.933 -56.2156 3.29706 420.689 -76.383 -8.89022 416.784 22.9344 -20.5367 423.094 24.3021 -4.08593 460.366 16.8845 12.0321 92.6128 24.5812
147.449 168.45 168.41 146.021 150.081 136.671 158.417 164.462 83.174 89.15 -9.92779 407.212 11.703 50.8903 431.197 -56.8294 2.37141 419.924 -76.0573 -8.47978 416.586 23.412 -20.1752 422.74 24.7669 -4.11181 460.033 16.9209 12.0063 92.83 24.9802
147.409 168.659 168.25 146.319 150.124 136.749 158.444 164.13 82.7124 88.8585 -9.70671 407.323 11.4472 50.7063 431.388 -57.3037 1.90003 419.795 -75.9716 -8.2531 416.791 23.4465 -19.9288 422.799 24.8659 -4.07102 459.917 16.8302 12.0676 93.0464 25.1625
147.035 168.253 168.011 146.659 150.263 136.592 157.901 163.957 82.0261 88.5418 -9.44181 407.456 11.2281 50.6263 431.634 -57.4719 1.87219 420.276 -76.1046 -7.68031 416.966 23.1839 -19.2796 422.846 24.9632 -3.88694 459.773 16.8124 12.2917 93.2915 25.0762
146.771 168.202 167.639 147.838 150.511 136.505 157.517 164.241 81.537 88.1576 -8.98623 406.957 10.9665 50.7883 431.595 -57.7214 2.43993 420.954 -76.6209 -6.71318 416.75 23.2826 -18.3504 422.272 24.9074 -3.51851 459.166 16.7314 12.3117 94.4663 24.6762
146.379 168.699 167.328 149.062 150.995 136.181 157.811 164.317 80.773 87.6856 -8.50626 407.193 10.7842 51.1518 432.255 -58.0719 3.38988 421.84 -76.8613 -5.80358 417.289 23.5689 -17.4563 422.426 25.0001 -3.01055 459.067 16.7142 12.347 95.7317 24.1865
146.317 168.603 167.136 149.006 150.835 136.007 157.557 164.383 80.1987 87.7317 -8.08091 407.613 11.0192 51.5134 432.758 -57.9325 4.04899 422.676 -76.9637 -5.40195 417.629 23.393 -16.7483 422.507 24.8952 -2.56371 459.355 16.809 12.6614 95.9595 23.9581
146.4 169.007 167.25 148.516 150.637 136.118 157.022 164.182 79.8167 87.7073 -7.57413 408.58 10.7691 51.8966 433.21 -57.6398 4.69893 423.434 -76.8979 -4.98767 418.259 22.7581 -16.1574 423.107 24.4129 -2.07957 460.121 16.8116 12.8887 95.1942 23.7592
146.566 169.033 167.556 148.029 150.697 136.053 156.93 164.035 79.9612 87.7785 -7.53795 409.666 10.7321 52.4505 433.987 -57.4687 5.08372 424.278 -76.808 -4.72931 418.988 22.2501 -15.9295 424.067 24.0872 -1.61954 461.138 16.7923 12.8811 94.4042 23.9106
146.253 169.11 167.991 147.787 150.745 135.942 156.887 163.697 80.0639 87.5678 -7.66691 410.548 10.6465 52.8254 434.312 -57.339 5.14136 424.665 -76.5474 -4.67948 419.972 22.0838 -16.0018 425.36 23.8768 -1.2156 461.994 16.6694 12.7835 94.0168 24.17
145.958 169.094 168.781 147.34 150.525 135.882 156.865 163.777 80.5031 87.6365 -7.38687 410.73 10.681 53.0712 433.91 -57.021 5.3298 424.387 -76.3579 -4.69797 420.31 22.1823 -16.0569 425.909 23.7632 -0.847248 462.346 16.566 12.6939 93.7335 24.2374
145.434 168.476 168.84 147.175 150.37 135.571 156.67 163.493 80.6963 87.636 -7.23607 410.932 10.5075 53.3217 434.035 -57.1733 5.35817 424.411 -76.4113 -4.39061 420.373 21.9163 -15.784 426.122 23.5231 -0.506939 462.402 16.4042 12.6856 93.4823 24.4354
145.129 168.738 168.834 147.116 150.624 135.343 156.743 163.614 80.7489 87.6292 -7.28778 411.074 10.2144 53.7374 434.172 -57.3047 5.81389 425.05 -76.9069 -4.12399 420.562 21.411 -15.4913 426.51 23.146 -0.0446186 462.555 16.1752 12.7556 93.4358 24.4084
144.84 168.527 168.468 146.883 150.971 135.165 156.335 163.548 80.327 87.726 -7.04057 411.433 9.7286 54.1774 434.763 -57.4375 6.74729 426.254 -77.557 -3.9173 421.126 20.5002 -14.9204 427.128 22.6194 0.544176 462.973 15.82 13.2159 93.3156 24.0875
144.691 168.601 168.714 147.079 151.083 135.314 156.114 163.661 80.3787 87.3913 -6.90419 411.729 9.25366 54.6083 434.811 -57.3523 7.80231 426.881 -77.8765 -3.78594 421.88 20.4902 -14.8783 427.975 22.1952 1.11467 463.431 15.5282 13.0527 93.7686 23.6529
144.479 168.728 169.022 147.099 151.124 135.196 156.328 163.847 80.4229 86.8573 -7.33695 412.096 8.7744 55.1249 435.105 -57.5215 8.37672 427.566 -78.3424 -3.92568 422.576 20.2908 -15.1428 428.97 21.6778 1.58094 463.819 15.2295 12.8919 94.1356 23.6541
144.882 168.949 169.367 147.136 151.122 135.29 156.508 164.082 80.6211 86.5013 -7.21277 412.67 8.28338 55.8164 435.902 -57.8056 8.7992 428.54 -78.8588 -3.92531 423.258 20.0559 -15.231 429.912 21.2358 2.03968 464.489 14.9643 12.7672 94.3653 23.8902
144.735 169.603 169.635 147.722 151.639 135.718 156.906 163.725 80.79 86.3514 -6.5038 412.982 7.57063 56.6745 436.237 -58.0553 9.24474 428.054 -79.0016 -3.33163 423.215 19.7867 -14.736 429.903 20.9382 2.33132 464.596 14.4559 12.741 93.9644 24.3221
144.89 170.212 169.802 147.822 151.885 135.853 157.378 163.653 81.1225 86.2944 -5.9692 413.401 7.16739 56.9979 436.556 -58.6224 9.19299 428.105 -79.1622 -3.05183 423.759 19.7142 -14.565 430.643 20.6675 2.69939 465.126 14.0473 12.6067 93.9653 24.5561
144.889 171.165 170.176 147.611 151.916 135.965 158.036 163.82 81.1613 86.0851 -6.00857 413.586 6.8219 57.1628 436.258 -59.0146 9.14187 428.002 -79.3399 -3.13449 424.261 19.5754 -14.6905 431.326 20.3189 3.05478 465.378 13.701 12.4863 94.0685 24.6564
144.942 172.063 170.598 147.276 151.847 136.104 158.65 164.073 81.2374 85.8178 -6.01466 413.886 6.51318 57.262 435.757 -59.3602 8.9905 427.794 -79.4581 -3.42926 424.806 19.5781 -15.01 432.162 20.1505 3.41299 465.645 13.4291 12.3632 94.2197 24.7702
144.602 172.311 171.035 147.799 152.304 136.368 159.234 163.969 81.0381 85.0716 -6.11429 414.633 5.77226 57.7092 435.785 -59.5968 9.27321 428.051 -79.5455 -3.56306 425.934 19.6851 -15.2796 433.498 19.9172 3.73882 466.213 13.0119 12.1775 94.6378 24.9089
144.485 172.616 171.232 148.387 152.727 136.417 159.559 164.046 80.9899 84.6105 -6.21562 415.263 5.30251 57.9528 435.752 -59.6766 9.74403 428.499 -79.6785 -3.45784 426.809 19.8348 -15.3391 434.478 19.7691 4.02845 466.723 12.6487 11.9755 95.2096 24.7213
144.506 172.313 171.222 148.865 152.989 136.462 159.233 163.919 81.0226 84.3442 -5.98957 415.765 4.99914 58.2487 435.474 -59.4601 10.5697 428.336 -79.655 -2.91804 427.353 19.9651 -14.9873 434.938 19.6782 4.33166 467.161 12.3134 11.8088 95.2707 24.3098
144.6 171.606 171.257 149.332 153.425 136.485 158.669 163.707 80.7818 83.988 -6.532 416.194 4.60148 58.3372 435.258 -59.3444 10.9054 428.746 -79.7859 -2.87055 428.004 19.8558 -14.9372 435.678 19.4566 4.60782 467.47 12.0444 11.8114 95.5528 24.1556
144.755 171.075 171.293 149.978 153.854 136.596 158.341 163.524 80.6666 83.6214 -6.96355 417.017 3.97084 58.4342 435.05 -59.0605 11.3328 428.906 -79.7693 -2.79132 428.917 19.9825 -14.8996 436.532 19.3566 4.71496 468.046 11.7466 11.7927 95.6382 23.9124
145.168 170.668 171.285 149.473 153.453 136.975 158.385 163.177 80.8034 83.7604 -7.03055 417.228 3.72235 58.5184 434.617 -59.2241 11.113 428.253 -79.6914 -2.96009 428.994 19.6805 -14.9283 436.708 19.1866 4.84683 468.306 11.475 11.9018 94.8655 24.0813
145.511 170.248 171.234 149.474 153.26 137.273 158.307 162.991 80.9599 83.7601 -7.03225 417.239 3.5609 58.4524 434.146 -59.187 11.1866 427.768 -79.5471 -3.09946 429.288 19.867 -15.0572 436.9 19.144 4.83717 468.509 11.265 11.8427 94.7518 23.9438
145.614 169.724 171.284 149.915 153.491 137.427 158.093 162.817 80.8014 83.4335 -7.15533 417.568 3.10728 57.9733 433.685 -59.107 11.3098 427.534 -79.3728 -3.3523 430.031 20.1033 -15.2661 437.54 19.039 4.8019 468.788 11.0223 11.8633 94.9368 23.4512
145.753 169.467 171.384 150.393 153.618 137.704 158.005 162.657 80.3191 82.7857 -7.45428 417.639 2.56724 57.4432 432.935 -58.9799 11.3098 427.071 -79.1665 -3.70972 430.638 20.3475 -15.5427 437.94 18.8478 4.74086 468.715 10.8361 11.9523 95.2589 23.0143
