156.178 179.254 171.461 155.058 149.091 139.38 176.212 173.513 72.967 73.8296 207.908 377.195 -123.352 172.181 350.603 -199.305 201.98 368.325 -207.007 198.692 395.328 -100.303 204.592 409.089 -105.333 168.129 406.233 -117.094 11.3572 107.055 12.8022
156.213 179.873 171.381 154.775 148.514 138.885 175.711 172.962 73.1142 73.792 208.312 377.185 -122.549 171.517 350.9 -199.501 201.257 368.021 -207.341 198.148 394.809 -100.162 204.094 408.547 -105.108 167.893 406.33 -117.114 11.3593 107.18 12.4648
155.393 179.835 171.747 154.637 148.345 138.302 175.928 173.15 72.8262 73.37 208.452 377.298 -121.937 170.806 351.083 -199.649 200.478 367.695 -207.337 197.424 394.795 -100.092 203.412 408.358 -104.975 167.617 406.455 -117.241 11.5451 107.579 12.2218
156.039 178.764 171.478 155.461 149.56 138.487 175.828 173.524 72.9876 73.2448 208.198 377.867 -122.137 171.032 351.069 -199.661 200.402 368.233 -207.687 197.774 395.579 -100.18 203.585 409.371 -105.267 167.404 406.705 -117.217 11.4178 107.594 12.1935
155.536 178.758 171.437 155.41 149.373 138.037 175.508 173.316 72.9995 73.2472 207.994 377.997 -121.686 170.468 351.323 -199.801 200.183 367.965 -207.799 197.315 395.635 -100.131 203.164 409.227 -105.247 167.189 406.999 -117.325 11.6754 107.562 12.2391
156.357 178.092 171.165 155.535 150.053 138.345 175.242 173.053 73.4966 73.3128 206.803 378.736 -122.681 170.446 351.832 -199.695 200.323 368.411 -207.431 197.345 396.103 -99.8847 203.103 409.955 -105.174 166.877 407.387 -117.13 11.5145 107.056 12.448
157.025 177.477 170.933 155.843 150.753 138.752 175.088 172.798 73.8345 73.2733 205.987 379.283 -123.146 170.843 352.47 -199.647 200.78 369.234 -206.882 197.606 396.749 -99.8987 203.184 410.807 -105.447 166.625 407.861 -116.954 11.5396 106.264 12.705
157.314 177.071 170.993 156.281 151.698 138.747 175.111 172.907 74.1596 73.5112 205.23 379.964 -123.464 171.082 353.299 -199.939 201.509 370.504 -206.584 197.845 397.582 -99.9874 203.319 411.655 -105.762 166.457 408.425 -116.979 11.6631 105.84 13.3078
156.925 176.714 171.405 156.458 152.541 138.403 175.205 173.481 74.4651 73.7728 204.516 380.495 -123.44 170.972 354.108 -200.202 202.142 372.12 -206.451 197.981 398.248 -100.006 203.39 412.383 -105.833 166.352 409.061 -116.993 11.6217 105.687 14.083
157.332 177.444 170.945 156.08 152.032 138.723 175.88 172.566 74.239 73.714 205.294 381.205 -123.834 170.269 354.7 -200.476 201.708 371.746 -206.959 197.799 398.368 -100.46 203.186 412.325 -106.176 166.364 409.528 -117.309 11.8925 105.304 13.9846
157.806 178.231 170.763 155.382 151.168 138.459 176.274 171.627 74.3482 73.806 206.201 382.055 -123.614 169.405 354.893 -200.517 200.807 371.188 -207.336 197.357 398.313 -100.462 202.669 412.169 -106.122 166.169 409.761 -117.466 12.0047 105.43 13.733
157.516 179.064 170.586 154.371 150.004 138.346 176.701 170.84 74.4122 74.4021 207.219 382.621 -123.16 168.793 355.049 -200.64 200.098 370.846 -207.635 197.174 398.318 -100.557 202.317 411.7 -106.063 166.06 409.897 -117.646 12.4941 105.532 13.5383
157.62 178.327 170.545 154.332 150.423 138.305 177.016 170.756 74.5942 74.4025 207.119 382.459 -123.167 168.898 355.411 -200.962 200.167 371.41 -207.696 197.249 398.455 -100.576 202.384 411.987 -106.151 165.903 409.878 -117.702 12.3603 105.613 13.661
157.775 177.615 170.597 154.293 151.06 138.268 176.959 170.882 74.8276 74.7225 206.745 382.341 -123.381 169.237 355.809 -201.249 200.598 372.277 -207.56 197.431 398.515 -100.734 202.577 412.214 -106.28 165.811 409.892 -117.758 12.1492 105.392 13.9699
157.547 177.164 170.953 154.139 151.303 138.241 176.74 171.552 75.1853 74.8975 206.197 382.037 -123.667 169.547 355.96 -201.383 200.995 373.049 -207.447 197.539 398.414 -100.757 202.672 412.448 -106.306 165.677 409.821 -117.768 11.7757 105.223 14.2717
157.505 177.926 170.627 153.352 150.392 138.644 177.274 170.871 75.2663 75.2294 206.59 381.865 -123.514 168.681 355.74 -201.278 200.132 371.932 -207.789 197.209 398.317 -100.843 202.336 412.181 -106.361 165.485 409.826 -117.91 11.9102 105.202 14.1032
157.803 177.609 170.04 153.582 150.514 138.573 177.025 170.766 75.3097 75.0428 206.676 381.883 -123.483 169.223 355.815 -201.249 200.048 372.6 -207.891 197.36 398.55 -101.029 202.478 412.778 -106.697 165.418 409.84 -117.889 11.6408 105.264 13.8655
157.985 177.147 169.923 153.844 151.185 138.633 176.532 171.007 75.5022 75.2666 206.552 381.961 -123.42 169.721 356.029 -201.279 200.103 373.468 -207.81 197.548 398.857 -101.157 202.644 413.374 -106.845 165.276 409.991 -117.806 11.3333 105.084 13.8126
158.012 176.89 170.018 154.131 151.603 138.459 176.208 171.204 75.681 75.3901 206.429 382.134 -123.235 170.194 356.231 -201.353 200.112 374.603 -207.846 197.693 399.084 -101.375 202.753 413.979 -107.065 165.088 410.155 -117.762 10.9172 104.963 13.7531
158.082 176.816 170.364 154.527 152.108 138.159 176.049 171.63 75.7497 75.4511 206.008 382.355 -123.171 170.324 356.254 -201.181 199.74 375.555 -207.952 197.679 399.406 -101.366 202.715 414.5 -107.064 164.88 410.377 -117.62 10.6627 105.254 13.5889
157.591 177.845 170.12 154.324 151.583 138.606 177.005 171.253 75.3742 75.2667 206.258 382.684 -123.052 169.469 356.231 -200.904 198.525 374.506 -208.236 197.165 399.499 -101.345 202.348 414.332 -106.997 164.755 410.76 -117.614 10.8771 105.459 12.9193
157.506 179.282 170.187 153.578 150.783 138.977 177.887 170.847 75.0146 75.1141 206.92 383.483 -123.044 168.577 356.397 -200.76 197.464 373.975 -208.308 196.869 400.018 -101.473 202.008 414.487 -107.053 164.668 411.24 -117.736 11.1994 105.646 12.59
156.564 175.751 170.086 152.846 150.219 138.414 178.862 170.484 74.5845 75.6507 207.355 385.043 -123.025 166.297 357.591 -201.153 196.508 373.793 -208.418 196.36 400.597 -101.547 201.682 414.433 -106.802 164.599 411.972 -117.871 11.5825 105.955 13.3158
155.37 174.27 170.009 152.326 149.696 138.059 178.809 169.998 74.4314 76.162 207.784 386.513 -123.17 165.771 357.847 -201.09 196.3 374.054 -208.552 196.295 400.95 -101.771 201.611 414.385 -106.774 164.651 412.557 -118.052 11.8935 105.822 13.415
155.325 175.215 170.158 152.56 150.184 137.851 179.116 170.303 74.6122 76.1493 206.943 387.867 -124.447 166.317 358.301 -201.358 196.924 375.447 -208.776 196.613 401.357 -101.907 201.953 415.101 -106.986 164.719 412.875 -118.063 11.6378 105.776 13.6703
155.222 179.25 170.468 152.959 150.908 137.71 177.73 170.777 74.8229 76.2959 206.214 388.621 -125.386 167.809 357.622 -200.913 197.427 376.717 -208.888 196.791 401.679 -102.066 202.157 415.648 -107.258 164.659 413.033 -118.107 11.5094 105.71 13.3134
155.484 179.272 169.948 153.093 151.459 138.205 178.061 170.124 74.6309 76.3559 206.719 388.988 -125.701 167.247 357.272 -200.796 196.763 375.946 -209.201 196.547 402.09 -102.208 201.852 415.832 -107.379 164.578 413.176 -118.317 11.8563 105.689 13.1468
155.003 174.93 169.782 152.772 151.306 138.251 178.683 169.863 74.5674 76.5541 206.89 389.138 -125.74 165.246 358.256 -201.578 196.405 375.513 -209.284 196.247 402.267 -102.224 201.475 415.671 -107.31 164.401 413.225 -118.473 12.1868 105.704 14.2129
154.558 174.27 169.7 152.349 150.874 138.355 178.635 169.636 74.3735 76.5007 207.144 389.158 -125.857 164.47 358.117 -201.671 196.07 375.013 -209.34 195.865 402.283 -102.317 200.976 415.454 -107.232 164.224 413.181 -118.656 12.3963 105.655 14.4601
154.044 174.27 169.552 151.686 149.377 138.372 178.916 169.231 74.2264 76.6156 207.434 389.367 -125.919 164.026 358.042 -201.696 195.824 374.582 -209.438 195.591 402.561 -102.466 200.586 415.509 -107.244 164.086 413.255 -118.887 12.5613 105.679 14.5652
153.938 174.27 169.574 150.846 146.702 138.586 179.149 169.229 74.4095 77.3509 207.725 389.212 -125.751 163.56 357.659 -201.632 195.462 374.094 -209.445 195.453 402.472 -102.49 200.33 415.109 -107.121 163.939 413.206 -119.001 12.7619 105.631 14.651
153.624 174.27 169.313 150.241 144.579 138.855 179.298 168.922 74.5891 77.4879 207.769 388.881 -125.781 163.398 357.343 -201.637 195.157 374.027 -209.486 195.39 402.15 -102.673 200.117 414.729 -107.348 163.572 412.893 -119.082 12.9367 105.281 14.6093
153.316 174.27 169.479 149.657 143.796 138.423 179.511 169.347 74.6953 76.7419 206.514 389.428 -126.659 163.545 357.513 -201.826 194.933 374.766 -209.905 195.122 401.748 -102.766 199.974 414.885 -107.755 163.261 412.617 -119.052 12.6199 105.585 14.4638
153.188 174.27 169.536 149.398 143.206 138.396 179.185 169.598 74.6728 76.8391 206.24 389.175 -126.687 163.151 357.406 -201.988 194.879 374.429 -210.024 194.656 401.245 -102.767 199.501 414.286 -107.648 162.931 412.279 -119.131 12.6601 105.589 14.6046
153.292 174.27 169.728 149.194 142.486 138.277 178.816 170.243 74.2865 76.6883 205.984 388.797 -126.526 162.57 357.015 -201.871 194.366 373.892 -209.809 193.915 400.847 -102.759 198.854 413.702 -107.505 162.517 411.934 -119.16 12.7718 105.766 14.5635
151.434 174.27 169.869 150.017 141.964 135.501 178.784 170.177 75.1266 75.2198 204.96 387.501 -123.979 161.976 356.361 -201.383 193.162 373.191 -209.402 192.997 399.491 -101.722 198.147 412.893 -107.301 161.968 411.293 -118.939 12.5407 106.775 13.8476
150.567 174.27 169.649 148.803 141.761 135.336 179.395 170.061 74.8124 74.0495 204.674 386.92 -123.408 161.644 355.886 -201.137 192.21 372.578 -209.014 192.496 399.422 -101.862 197.455 413.0 -107.508 161.367 410.903 -118.986 12.459 106.798 13.3943
150.379 174.27 170.135 148.244 142.188 134.927 179.076 170.497 74.2754 74.3207 203.653 386.47 -123.219 160.875 355.455 -200.944 191.403 372.241 -209.239 191.431 399.112 -101.923 196.686 412.313 -107.119 160.887 410.821 -119.074 12.4647 107.352 13.1601
150.632 177.287 171.358 148.548 143.366 135.009 177.257 171.07 74.56 74.4784 201.027 386.446 -124.526 161.23 355.531 -201.164 190.556 373.611 -209.843 190.033 398.688 -102.178 195.39 412.065 -107.364 159.309 410.49 -119.288 12.2613 107.616 12.4141
151.976 179.581 170.716 149.744 145.22 135.396 175.905 171.262 75.3199 74.5527 200.109 386.471 -125.338 162.024 355.658 -201.513 190.609 375.046 -209.691 190.046 398.629 -102.419 195.174 412.85 -107.875 158.487 410.264 -119.226 11.5619 106.993 12.4575
153.594 177.861 170.999 151.312 147.384 135.69 175.06 171.816 75.6485 75.0503 198.854 386.855 -126.271 162.039 356.122 -201.867 190.578 376.454 -209.489 189.735 398.959 -102.706 194.732 413.531 -108.114 157.649 410.417 -119.169 11.1194 106.42 12.8825
154.305 176.649 170.926 152.38 149.244 135.64 174.537 172.418 75.8115 75.3566 197.215 386.98 -127.226 161.602 356.872 -202.296 190.337 377.92 -209.408 189.169 399.391 -102.943 194.07 414.046 -108.391 156.689 410.501 -119.24 11.1016 106.192 13.4244
155.061 177.293 170.706 152.702 149.148 136.397 174.895 171.385 75.3723 75.0287 196.732 386.427 -127.305 160.427 356.878 -202.385 188.287 376.677 -210.099 188.132 399.686 -103.227 193.19 414.256 -108.699 155.904 410.851 -119.461 11.0975 106.499 12.375
155.85 177.846 170.088 152.035 148.286 136.946 175.196 170.566 75.3257 74.8621 196.385 386.173 -127.158 158.912 356.358 -202.331 186.312 375.208 -210.554 187.388 399.964 -103.511 192.282 414.398 -109.074 155.022 411.033 -119.675 11.2084 106.454 11.7732
155.479 178.36 169.727 151.478 146.886 136.69 175.513 170.329 75.1332 75.2965 195.924 386.281 -127.142 157.064 356.036 -202.611 184.853 374.506 -211.142 186.332 400.056 -103.933 191.395 413.979 -109.45 154.245 411.24 -120.163 11.594 106.72 11.8704
153.178 179.341 169.614 152.782 147.147 134.555 175.751 169.589 75.3219 74.2862 194.144 384.968 -125.913 154.747 355.364 -202.494 183.394 374.772 -211.781 184.694 398.675 -103.704 190.273 412.842 -109.556 153.338 410.848 -120.451 11.442 107.834 12.3751
152.287 178.694 168.516 151.538 146.881 135.058 175.259 168.688 74.9494 73.5002 193.626 384.425 -125.909 153.389 355.655 -202.874 181.898 374.888 -212.002 183.905 399.02 -104.227 189.16 413.172 -110.175 152.281 410.683 -120.721 11.7312 107.868 12.3106
151.696 177.854 167.789 150.924 145.997 135.307 175.119 169.522 73.7981 72.7858 193.236 384.317 -126.602 152.456 355.551 -203.428 180.991 374.526 -212.343 182.792 399.76 -105.153 188.007 413.512 -110.927 151.528 410.627 -121.477 12.1236 108.248 12.3743
152.302 177.379 166.008 150.331 144.909 136.765 174.845 168.208 72.8162 71.7163 192.421 384.351 -128.173 152.004 356.042 -203.915 179.883 374.378 -211.669 182.07 401.433 -106.04 186.638 414.825 -111.882 150.563 410.699 -122.009 12.8822 108.06 12.1665
151.627 177.158 164.942 150.472 144.727 137.395 174.539 168.403 72.4799 71.7926 191.309 383.856 -128.648 151.286 356.558 -204.032 178.326 374.275 -211.673 181.268 401.898 -106.641 185.477 415.209 -112.315 149.487 410.6 -122.173 13.0559 107.753 11.6697
151.655 177.31 164.69 150.607 144.969 137.487 174.735 168.658 72.2972 72.1057 190.304 383.792 -129.143 150.106 356.94 -204.317 176.91 373.926 -211.693 180.356 402.071 -107.119 184.444 415.108 -112.658 148.525 410.658 -122.443 13.3266 107.492 11.491
151.588 177.585 164.784 150.956 145.6 137.813 175.106 170.201 71.9204 72.1726 188.984 383.507 -130.128 148.719 356.983 -204.714 176.009 373.597 -211.829 179.394 402.197 -107.591 183.476 414.911 -113.0 147.738 410.606 -122.88 13.6361 107.537 11.8613
151.543 178.431 162.668 151.605 146.748 138.01 176.108 173.251 71.2335 71.7942 186.892 383.032 -130.585 147.167 357.422 -204.854 174.776 373.863 -212.721 177.979 402.353 -107.504 182.428 414.688 -112.803 147.011 410.812 -123.039 13.9092 109.035 11.7056
151.606 178.59 172.918 152.297 147.398 135.864 176.538 177.626 71.0434 71.2375 186.501 382.412 -128.291 146.653 356.212 -204.356 172.7 374.306 -214.713 177.416 402.446 -107.308 181.936 414.673 -112.816 146.287 410.391 -122.796 13.8997 111.321 10.593
150.65 178.208 175.477 151.894 147.834 135.86 176.236 178.483 69.7427 69.7345 186.058 382.829 -127.585 145.76 356.515 -204.72 171.167 374.75 -215.762 175.937 403.773 -108.188 180.453 415.824 -113.663 145.128 410.866 -123.341 14.0979 112.516 10.0926
152.366 177.374 168.743 152.271 148.934 134.541 176.317 176.223 69.7098 69.6829 186.231 383.027 -126.261 146.316 355.709 -204.458 171.056 375.159 -216.102 175.924 404.054 -108.21 180.287 415.942 -113.781 144.732 410.648 -123.232 14.1647 113.106 9.98926
151.045 177.016 163.177 152.038 149.338 135.933 176.428 174.373 69.8393 69.5677 186.164 383.116 -126.974 146.203 356.042 -205.066 171.484 375.08 -215.354 175.691 404.841 -108.467 179.741 416.74 -114.123 144.278 410.67 -123.481 14.2112 112.387 10.495
152.77 176.493 162.381 152.115 148.395 136.079 176.432 174.114 70.7831 69.6274 185.422 382.731 -127.211 146.573 354.977 -204.974 171.55 374.057 -214.623 175.846 405.292 -108.119 179.513 417.199 -114.331 143.844 410.271 -123.447 14.262 112.084 10.5877
152.825 176.232 163.77 152.333 148.492 134.969 175.399 174.574 71.4734 70.0756 184.254 381.871 -126.296 146.578 354.016 -204.464 171.483 373.732 -214.47 175.689 404.825 -107.541 179.47 416.822 -113.959 143.36 409.895 -123.111 14.0426 111.972 10.6409
152.251 175.766 169.227 151.428 147.62 134.881 175.226 176.393 72.4772 70.4142 182.857 379.957 -125.575 145.863 354.04 -204.058 170.425 373.271 -214.393 175.022 403.587 -106.423 179.188 415.588 -113.038 143.033 409.73 -122.932 13.7643 113.015 9.97152
152.17 175.485 170.954 152.082 147.895 134.357 174.455 176.968 73.129 70.8223 181.674 378.841 -124.715 145.106 353.218 -203.407 169.603 373.102 -214.796 174.779 402.759 -105.863 179.135 414.856 -112.579 142.517 409.52 -122.605 13.4689 113.233 9.95368
152.504 175.159 180.0 151.65 147.565 134.76 174.419 179.975 73.7985 70.9451 180.657 377.073 -124.184 144.045 353.193 -202.844 168.676 372.696 -215.351 174.221 401.727 -105.072 179.011 413.788 -111.927 142.429 409.551 -122.617 13.1883 114.446 9.68274
152.942 175.212 179.167 152.81 147.981 134.365 174.021 179.72 74.1466 71.1526 180.532 377.075 -123.62 143.583 352.704 -202.629 168.59 372.49 -215.42 174.039 401.581 -105.04 179.043 413.778 -112.055 142.182 409.72 -122.692 12.8904 114.157 10.0135
152.643 175.062 179.684 153.388 148.467 133.348 173.605 179.894 74.1837 71.0429 180.223 377.46 -123.544 143.33 352.444 -202.628 168.363 372.574 -215.702 173.848 401.266 -105.223 178.939 413.672 -112.24 141.945 409.738 -122.77 12.6632 113.858 10.1194
152.491 174.767 180.0 153.795 148.787 132.708 173.229 179.981 73.892 70.6603 179.663 377.859 -123.928 143.152 352.286 -202.58 168.281 372.281 -215.751 173.733 401.403 -105.434 178.878 413.922 -112.403 141.923 409.923 -122.873 12.545 113.629 10.1068
152.036 174.688 180.0 152.953 148.234 132.9 173.203 179.98 74.1832 70.7423 179.013 377.211 -123.876 142.549 352.777 -202.451 168.778 370.816 -215.005 173.135 400.928 -105.08 178.663 413.323 -112.043 142.001 410.326 -123.134 12.4553 113.028 9.91445
151.992 174.704 177.7 153.51 148.519 132.597 173.125 179.226 73.878 70.8309 178.422 376.591 -123.657 142.314 352.329 -202.471 167.787 371.623 -215.897 172.98 400.714 -105.179 178.778 413.014 -112.053 142.031 410.323 -123.18 12.4019 114.316 9.91184
151.897 174.708 166.97 154.586 149.46 132.086 172.962 175.627 73.6782 70.647 178.114 376.592 -123.72 142.195 352.035 -202.513 168.697 371.162 -215.231 172.815 400.541 -105.207 178.73 412.945 -112.044 142.046 410.311 -123.257 12.2716 113.604 10.4332
151.82 174.756 166.067 155.504 150.487 131.803 172.943 173.047 73.732 70.6032 178.22 376.937 -123.906 142.344 351.785 -202.716 169.479 370.854 -214.902 172.838 400.56 -105.271 178.661 413.205 -112.091 142.021 410.239 -123.392 12.0611 112.998 10.8087
151.329 174.762 166.974 155.961 150.932 131.539 172.873 170.312 73.7256 70.4272 178.258 377.521 -124.517 142.599 351.848 -203.061 170.285 370.941 -214.464 173.052 400.608 -105.561 178.716 413.585 -112.372 142.034 410.198 -123.524 11.8802 112.05 11.2213
150.855 174.693 167.688 156.449 151.578 131.59 172.65 168.497 73.5959 70.2909 177.934 377.312 -124.881 142.876 351.669 -203.226 170.824 370.686 -214.208 173.124 400.626 -105.679 178.748 413.77 -112.448 142.086 410.1 -123.589 11.766 111.59 11.3857
150.331 174.734 168.293 156.967 152.021 131.598 172.447 167.29 73.6886 70.1031 177.517 377.033 -125.131 143.062 351.62 -203.341 171.091 370.531 -214.066 173.146 400.338 -105.688 178.768 413.688 -112.522 142.104 409.975 -123.637 11.6694 111.237 11.3915
150.018 174.553 168.543 157.281 152.481 132.099 172.09 166.62 73.5861 69.9259 176.803 376.088 -125.417 143.239 351.526 -203.423 171.179 370.147 -213.589 173.011 399.962 -105.588 178.666 413.402 -112.379 142.087 409.68 -123.587 11.6588 111.008 11.2392
149.277 174.622 168.662 157.61 152.91 132.188 171.859 166.039 73.614 69.6476 176.505 375.931 -125.592 143.501 351.611 -203.615 171.562 370.003 -213.086 172.88 399.692 -105.502 178.544 413.284 -112.345 142.096 409.486 -123.636 11.6392 110.713 11.2657
149.134 174.616 168.288 157.707 153.172 132.523 171.727 165.795 73.7495 69.452 176.29 375.806 -125.797 143.736 351.66 -203.634 171.811 369.614 -212.465 172.849 399.517 -105.337 178.477 413.252 -112.243 142.153 409.401 -123.64 11.6189 110.345 11.1734
148.626 174.594 168.624 158.244 153.755 132.75 171.474 165.997 73.7288 69.1996 175.79 375.646 -126.022 143.877 351.749 -203.573 172.168 369.659 -212.215 172.611 399.36 -105.108 178.349 413.134 -112.057 142.217 409.39 -123.679 11.6603 110.493 11.2424
148.147 174.486 168.866 158.439 154.13 132.819 171.287 166.18 73.8048 69.2155 175.462 375.462 -125.781 144.04 351.69 -203.409 172.523 369.636 -211.892 172.521 399.195 -104.852 178.343 412.975 -111.807 142.271 409.368 -123.627 11.6724 110.514 11.3286
147.739 174.263 168.644 158.228 154.517 132.944 171.188 167.333 73.3197 69.0499 175.234 375.447 -125.538 144.033 351.326 -203.034 172.372 369.118 -211.343 172.326 399.501 -104.786 178.182 413.116 -111.606 142.295 409.386 -123.521 11.7802 110.677 11.1972
147.746 174.182 167.776 157.869 154.474 133.72 170.67 168.211 72.7861 69.138 175.092 375.004 -125.423 144.292 350.628 -202.556 172.58 368.284 -210.469 172.272 399.678 -104.72 178.157 413.027 -111.363 142.276 409.123 -123.258 11.967 110.405 11.2334
147.215 173.957 160.715 157.174 154.209 135.127 169.721 171.406 71.797 68.9452 173.909 373.814 -125.798 144.862 349.892 -201.957 172.287 367.326 -209.888 171.948 399.782 -104.543 178.077 412.664 -110.961 142.324 408.727 -122.899 12.3856 110.933 10.589
147.563 173.854 157.956 156.028 153.326 136.416 169.413 171.028 71.4674 69.1062 173.664 372.85 -125.497 145.445 349.408 -201.451 172.82 365.922 -206.48 172.125 399.644 -104.308 178.239 412.22 -110.603 142.388 408.459 -122.405 12.6642 109.039 10.8889
148.836 173.341 146.001 155.174 152.63 137.992 169.098 168.909 71.185 69.2094 173.286 371.905 -125.858 145.769 349.087 -201.209 173.314 364.408 -201.763 172.394 399.531 -104.175 178.474 411.959 -110.363 142.544 408.188 -121.971 12.8317 106.213 12.2035
149.04 173.038 151.491 155.226 152.531 139.301 169.015 170.707 70.3471 68.5317 172.27 370.633 -126.783 146.271 348.639 -201.171 174.977 362.659 -197.405 172.332 399.616 -103.904 178.549 411.698 -110.122 142.885 407.712 -121.671 13.2807 103.943 14.6069
149.347 173.488 180.0 154.805 151.826 141.565 170.624 179.841 70.6002 68.2407 172.283 369.226 -127.926 146.658 349.042 -201.87 179.272 360.492 -189.986 171.689 398.414 -102.873 178.194 410.051 -109.146 143.406 407.355 -121.704 13.7729 98.805 20.8061
149.627 174.148 180.0 155.513 151.55 142.272 171.093 120.841 70.7904 68.1456 174.208 369.24 -127.643 147.883 348.595 -201.934 177.922 351.561 -168.747 172.444 398.348 -102.7 178.572 409.8 -109.216 144.069 406.907 -121.647 14.2611 81.8212 35.5001
150.82 174.802 180.0 154.324 149.814 143.339 172.285 119.297 71.3346 68.9067 173.807 367.337 -127.621 147.573 348.73 -202.035 175.664 348.639 -163.54 171.77 396.544 -101.588 178.653 407.396 -107.971 144.87 406.653 -121.637 14.3406 78.4757 39.3597
151.473 175.305 180.0 152.832 148.106 144.437 173.381 101.882 71.5561 68.7113 173.67 365.869 -127.885 148.052 348.818 -202.461 174.459 349.954 -151.749 171.366 395.166 -100.843 178.609 405.644 -107.196 145.762 406.136 -121.654 14.58 69.0012 49.6589
152.368 176.222 180.0 152.287 147.314 145.483 174.281 78.406 71.7954 68.3611 173.331 364.324 -128.228 148.316 348.477 -202.632 171.948 356.13 -138.426 170.939 393.681 -100.026 178.529 403.774 -106.437 146.69 405.389 -121.699 15.0103 55.4249 64.0543
151.595 176.348 178.573 152.13 146.958 144.194 174.089 59.5017 71.9246 68.3795 172.796 362.002 -126.382 146.818 346.836 -201.938 164.313 362.228 -131.54 169.98 390.473 -99.1532 178.393 400.141 -105.185 147.341 404.101 -121.456 14.9609 44.0623 74.2252
149.146 176.525 180.0 154.741 147.707 142.206 174.181 72.9461 71.5394 67.6858 173.741 360.934 -123.749 146.543 345.469 -201.312 178.241 359.234 -143.402 169.526 389.255 -98.4725 178.273 398.673 -104.621 147.771 402.911 -121.049 15.1608 64.6325 58.1716
148.975 176.234 180.0 156.261 148.229 140.158 173.374 179.662 70.8491 67.5954 176.279 360.957 -121.136 147.266 343.728 -200.138 174.864 351.681 -186.047 170.269 388.707 -98.515 179.017 398.229 -104.464 148.081 402.108 -120.529 14.8662 103.214 17.0338
149.104 175.998 180.0 157.932 148.898 138.972 172.686 179.949 70.8918 67.6688 177.825 360.962 -119.293 147.754 342.276 -199.44 179.697 355.406 -197.802 171.082 388.118 -98.2204 179.887 397.884 -104.192 148.593 401.211 -120.183 14.584 111.656 13.3844
150.065 175.634 179.999 160.059 149.567 138.425 172.005 179.947 70.4275 67.1916 178.348 361.141 -119.421 147.66 341.455 -199.422 180.355 356.738 -203.373 171.433 387.756 -98.3732 180.633 397.445 -104.362 149.581 400.836 -120.396 14.5638 115.965 12.8048
150.304 175.753 179.998 158.893 148.811 138.297 172.997 179.954 71.0549 67.7077 177.641 360.423 -120.164 147.178 341.955 -199.715 179.801 354.632 -204.239 171.207 386.71 -98.0944 180.916 396.099 -103.901 150.528 400.932 -120.78 14.3729 115.918 11.8214
151.091 175.622 179.999 157.416 148.13 138.406 173.891 179.96 71.2873 67.0281 177.905 359.863 -120.611 147.141 342.594 -200.302 181.785 353.617 -204.375 170.739 384.976 -98.0151 180.902 394.364 -103.699 151.387 400.659 -121.033 14.2772 115.236 12.6463
152.478 176.557 180.0 158.951 148.632 138.531 172.652 179.961 70.7069 64.5377 180.214 360.145 -120.694 149.13 342.022 -200.238 182.984 356.084 -207.877 171.756 384.734 -98.1746 181.861 394.612 -104.278 153.047 400.286 -121.303 14.4998 119.147 12.411
153.644 176.125 173.01 157.064 148.537 137.365 173.79 177.136 70.9018 64.2743 181.963 360.512 -119.417 149.471 342.148 -200.138 182.199 355.6 -208.76 172.203 384.045 -98.1789 182.465 394.196 -104.049 153.792 400.211 -121.39 13.9603 119.326 11.4845
153.683 175.992 172.358 155.319 147.804 136.554 174.7 173.742 71.5897 64.3727 182.452 360.104 -119.035 149.602 342.321 -200.373 182.768 355.195 -209.615 172.569 382.623 -98.076 183.053 393.008 -103.778 154.498 399.951 -121.468 13.5378 118.768 11.5803
153.397 176.149 173.565 152.545 145.549 136.042 175.019 171.663 72.3647 64.3653 182.371 359.693 -119.562 149.679 342.993 -200.866 182.839 354.754 -209.459 172.488 380.936 -98.1514 183.248 391.316 -103.616 155.36 399.827 -121.618 13.4499 117.457 11.2851
153.161 176.53 175.158 148.924 141.089 136.178 175.273 169.268 72.9784 64.8821 182.13 359.197 -120.603 149.911 343.847 -201.651 183.095 354.043 -208.316 172.157 379.333 -98.7168 183.464 389.498 -103.829 156.153 399.845 -121.959 13.32 115.071 10.8982
