155.617 168.619 173.04 143.585 138.074 146.263 157.198 147.248 75.7451 80.9564 101.721 376.948 18.843 99.6152 342.406 -46.6944 142.185 351.495 -27.7093 96.2819 364.474 53.7652 109.781 364.021 58.5913 96.0252 328.47 50.9389 14.1109 89.4829 21.5178 
155.619 168.588 173.166 143.535 138.049 146.177 157.267 147.694 75.79 80.9122 101.398 376.876 19.3356 99.5341 342.555 -46.3315 142.152 351.527 -27.4293 96.0058 364.366 54.1429 109.558 363.946 58.9783 95.8889 328.335 51.267 14.1096 89.6168 21.4738 
155.608 168.545 173.328 143.522 138.02 146.041 157.321 148.154 75.8582 80.8723 101.088 376.799 19.8747 99.495 342.693 -45.9078 142.109 351.535 -27.1182 95.7017 364.299 54.5444 109.312 363.888 59.3968 95.7265 328.237 51.6333 14.1027 89.7679 21.3916 
155.585 168.424 173.42 143.457 137.919 145.882 157.317 148.4 75.9625 80.9208 100.834 376.707 20.3537 99.53 342.742 -45.4767 141.926 351.683 -26.7685 95.4145 364.335 54.8033 109.102 363.941 59.6745 95.5563 328.197 51.9817 14.0901 89.6426 21.2214 
155.545 168.323 173.435 143.178 137.805 145.695 157.316 148.572 76.1602 81.1528 100.742 376.551 20.8194 99.5751 342.771 -45.0863 141.731 351.933 -26.4307 95.1859 364.515 54.8564 108.899 364.142 59.7972 95.4203 328.206 52.3029 14.0256 89.2176 21.0605 
155.442 168.224 173.423 142.953 137.831 145.486 157.343 148.65 76.4164 81.4217 100.703 376.466 21.3233 99.5614 342.683 -44.6809 141.573 352.048 -26.0309 95.0525 364.838 54.9607 108.729 364.414 59.9727 95.265 328.308 52.6979 13.9546 88.8013 20.9898 
155.364 168.402 173.274 142.94 137.611 144.764 157.764 149.134 76.2613 81.5078 100.809 376.248 21.8355 99.6619 342.371 -44.419 141.396 351.857 -25.9356 95.0863 365.115 54.8281 108.701 364.706 59.9029 95.0909 328.479 53.2047 13.8991 88.2604 20.6154 
155.232 168.471 173.295 142.721 137.646 144.693 157.965 149.4 76.6239 81.8026 100.906 376.331 22.4484 99.6491 342.291 -44.0567 141.479 351.92 -25.5062 95.0397 365.642 55.0181 108.563 365.109 60.1864 94.9479 328.705 53.6593 13.8057 87.9552 20.7113 
154.958 168.528 173.35 142.155 137.628 144.532 158.009 149.444 76.9565 82.1178 101.177 376.278 23.085 99.5525 342.095 -43.6963 141.562 351.816 -25.0922 95.029 366.102 55.072 108.436 365.471 60.3782 94.8286 328.919 54.0772 13.6724 87.6455 20.8761 
154.632 168.703 173.172 141.889 137.562 143.75 158.251 149.754 76.9107 82.2062 101.461 376.281 23.769 99.5617 341.683 -43.4049 141.64 351.436 -24.9023 95.0357 366.501 55.0248 108.351 365.849 60.4104 94.6644 329.259 54.6135 13.5828 87.4604 20.7748 
154.209 168.723 173.025 141.103 137.738 143.629 158.249 149.678 77.3682 82.5035 101.986 376.352 24.5102 99.5371 341.485 -43.1005 141.693 351.222 -24.5886 95.0215 367.011 55.0402 108.194 366.204 60.6109 94.5433 329.512 54.9804 13.3968 87.2046 20.8348 
153.771 168.647 172.823 140.331 138.085 143.484 158.339 149.681 77.8948 82.6273 102.383 376.621 25.3191 99.4885 341.236 -42.9049 141.776 351.056 -24.3994 94.996 367.63 55.1675 108.045 366.61 60.9247 94.448 329.845 55.3169 13.1957 87.2039 20.9495 
153.413 168.722 172.464 139.987 138.374 142.886 158.706 149.929 77.9739 82.4615 102.482 377.022 25.8693 99.4317 340.94 -42.8007 141.815 350.891 -24.3552 95.0277 368.245 55.2441 108.003 367.082 61.0803 94.304 330.356 55.7889 13.1332 87.1614 20.9019 
153.169 168.796 172.412 139.384 138.604 142.977 158.873 150.085 78.3123 82.4198 102.527 377.595 26.4351 99.2349 340.97 -42.6574 141.95 350.822 -24.102 94.8579 368.779 55.7207 107.865 367.505 61.5762 94.1527 330.773 56.1293 13.1016 87.6588 21.154 
153.039 168.902 172.548 138.636 138.712 143.222 158.985 150.181 78.6112 82.289 102.391 378.137 26.6985 98.9357 340.94 -42.5591 141.975 350.717 -23.9392 94.4959 369.086 56.2608 107.599 367.781 62.0451 94.0268 331.099 56.3735 13.138 88.4275 21.408 
153.069 169.059 172.713 137.864 138.671 143.512 159.155 150.341 78.8126 82.1744 102.184 378.585 26.8876 98.6664 340.994 -42.4846 142.019 350.648 -23.7402 94.1333 369.22 56.7955 107.302 367.907 62.5301 93.8795 331.299 56.5869 13.1723 89.1295 21.6578 
153.257 169.253 172.979 137.018 138.632 143.997 159.284 150.362 79.0161 82.0608 102.074 379.13 27.0248 98.501 341.079 -42.3216 142.189 350.559 -23.3107 93.798 369.303 57.615 107.005 367.973 63.2463 93.7277 331.517 56.8997 13.2724 89.9913 21.9666 
153.51 169.505 173.056 137.13 138.465 143.792 159.771 150.786 78.5132 81.5853 101.562 379.34 26.7528 98.4777 340.767 -42.1828 142.248 350.368 -23.0432 93.4595 368.982 58.2079 106.757 367.797 63.5642 93.5235 331.606 57.2921 13.5723 90.6148 21.9536 
153.71 169.666 173.405 136.904 138.278 144.09 159.72 150.781 78.3841 81.3752 101.242 379.408 26.5986 98.4536 340.795 -41.9622 142.181 350.212 -22.7908 93.0206 368.567 58.8731 106.373 367.503 64.0404 93.3871 331.517 57.4285 13.7396 91.4555 21.932 
153.933 169.823 173.727 136.687 138.176 144.397 159.532 150.616 78.3433 81.3178 101.105 379.298 26.4955 98.3657 340.83 -41.6875 142.039 350.022 -22.5067 92.7864 368.187 59.2551 106.125 367.163 64.3966 93.2756 331.333 57.5448 13.752 91.778 21.9173 
154.119 169.948 174.033 136.452 137.939 144.603 159.419 150.616 78.3552 81.2221 101.083 379.233 26.5141 98.3239 340.715 -41.3758 141.931 349.695 -22.2682 92.5107 367.915 59.6944 105.87 366.937 64.7797 93.1837 331.251 57.7287 13.7667 92.282 21.8599 
154.335 170.07 174.354 136.247 137.724 144.822 159.331 150.593 78.2873 81.142 101.146 379.172 26.5452 98.3535 340.657 -41.1028 141.925 349.454 -21.9612 92.34 367.585 60.1554 105.715 366.672 65.1776 93.1368 331.137 57.904 13.8085 92.7151 21.8566 
154.538 170.057 174.514 136.146 137.598 145.013 159.21 150.464 78.1708 81.0809 101.193 379.113 26.6244 98.4097 340.593 -40.8808 141.996 349.361 -21.5685 92.3185 367.356 60.5035 105.648 366.457 65.5354 93.0648 331.042 58.0795 13.8117 92.8465 21.9511 
154.675 170.124 174.372 136.239 137.301 144.639 159.416 150.729 77.78 80.8589 101.248 378.947 26.6579 98.6778 340.295 -40.6538 142.041 349.101 -21.374 92.445 367.17 60.6348 105.724 366.315 65.6284 93.0095 331.016 58.428 13.8913 92.6608 21.6848 
154.849 170.086 174.434 136.516 137.187 144.785 159.284 150.705 77.7939 81.0259 101.426 378.657 26.8421 98.9839 340.242 -40.3998 142.283 349.015 -20.9466 92.6568 366.956 60.8445 105.835 366.032 65.8959 93.0301 330.721 58.6067 13.8744 92.3736 21.7091 
154.882 169.927 174.445 136.967 137.175 144.756 159.082 150.51 77.8986 81.2104 101.743 378.36 27.2238 99.5221 340.108 -40.0875 142.589 348.947 -20.4513 92.9886 366.871 61.012 106.037 365.775 66.1723 93.0955 330.453 58.7819 13.8106 91.9866 21.6701 
154.929 169.726 174.361 137.56 137.153 144.755 158.861 150.2 77.9313 81.3742 102.293 378.02 27.6573 100.239 339.853 -39.8457 143.049 348.817 -19.9058 93.4862 366.765 61.0548 106.394 365.499 66.3926 93.2502 330.138 58.9207 13.7073 91.4454 21.6721 
155.004 169.527 174.192 138.511 137.304 144.793 158.712 149.814 77.9567 81.5705 102.953 377.713 28.1536 101.1 339.66 -39.6637 143.68 348.929 -19.1954 94.2114 366.722 61.0453 106.933 365.224 66.6166 93.4806 329.783 59.0311 13.5909 90.5629 21.8175 
155.109 169.435 174.249 139.596 137.388 144.906 158.464 149.3 77.999 81.7221 103.687 377.247 28.4657 101.982 339.438 -39.4581 144.322 348.93 -18.4104 94.8194 366.412 61.167 107.366 364.698 66.9048 93.7543 329.281 59.0774 13.5162 89.9094 21.9838 
155.15 169.33 174.413 140.675 137.566 144.93 158.131 148.933 77.9616 81.8325 104.378 376.528 28.6994 102.789 339.139 -39.3235 145.115 348.593 -17.7482 95.3959 365.759 61.2864 107.733 363.843 67.1629 94.0181 328.531 59.0073 13.476 89.525 22.2299 
155.331 169.572 174.691 141.359 137.46 145.108 158.073 149.013 78.0278 82.0187 105.272 376.029 28.9486 103.717 339.343 -39.1627 146.079 348.532 -17.1289 96.0464 365.281 61.4377 108.182 363.158 67.465 94.374 327.947 58.9227 13.4065 89.1181 22.425 
155.691 169.787 175.262 142.08 137.365 145.535 157.872 149.155 77.847 81.918 106.135 375.4 28.8029 104.455 339.295 -39.0003 147.015 347.964 -16.6455 96.4279 364.267 61.9279 108.57 362.141 67.8703 94.7625 327.203 58.8325 13.5178 89.5186 22.6311 
156.592 169.805 175.599 142.515 137.413 146.498 157.655 148.837 78.0163 82.0137 108.111 374.59 28.4014 106.196 339.002 -38.7223 148.792 347.436 -15.5355 97.811 363.39 62.4086 109.742 360.978 68.4723 95.7333 326.388 58.8461 13.4667 89.0826 23.0308 
156.945 169.723 175.499 142.344 137.411 146.844 157.683 148.692 78.3309 82.1431 109.212 374.563 28.4049 107.214 339.18 -38.4939 149.868 347.626 -14.7261 98.7012 363.567 62.7376 110.419 360.839 68.9317 96.1771 326.438 59.0194 13.3919 88.5469 23.3329 
157.105 169.543 175.308 142.104 137.406 146.944 157.666 148.515 78.6832 82.241 110.249 374.705 28.4768 108.308 339.409 -38.2631 150.976 348.017 -13.9689 99.6262 364.085 62.9772 111.105 361.012 69.2952 96.6544 326.765 59.2093 13.3431 88.0016 23.6031 
157.128 169.29 175.081 141.962 137.44 146.872 157.74 148.249 79.0054 82.3474 111.338 375.054 28.814 109.45 339.637 -38.0517 152.032 348.653 -13.1738 100.545 364.836 63.1926 111.808 361.461 69.6414 97.1624 327.304 59.4335 13.2884 87.4287 23.8936 
156.939 168.907 174.755 142.045 137.727 146.542 157.752 147.927 79.0639 82.3047 112.236 375.497 29.4204 110.464 339.714 -37.9241 153.272 349.117 -12.2937 101.492 365.55 63.4534 112.497 361.913 70.0664 97.6119 327.874 59.7102 13.2557 87.0842 24.4598 
156.809 168.645 174.576 141.972 137.819 146.307 157.673 147.523 79.1169 82.3053 112.9 375.825 29.8536 111.309 339.836 -37.6699 154.185 349.635 -11.4662 102.171 366.174 63.6787 112.938 362.348 70.4248 97.9592 328.397 59.99 13.2472 86.7399 24.8608 
156.671 168.375 174.328 141.931 137.915 146.122 157.615 147.133 79.1229 82.259 113.441 376.089 30.1021 111.939 339.796 -37.5979 154.93 349.974 -10.902 102.824 366.73 63.6764 113.37 362.752 70.5648 98.2706 328.835 60.1581 13.2422 86.3251 25.2469 
156.611 168.289 174.322 141.875 137.79 145.927 157.717 147.202 79.0766 82.2396 113.64 376.272 30.3219 112.431 339.759 -37.5983 155.615 350.233 -10.5471 103.082 366.969 63.7704 113.506 362.962 70.714 98.4864 329.047 60.2525 13.2737 86.3433 25.5633 
156.528 168.243 174.427 141.611 137.615 145.733 157.908 147.392 78.9071 82.0486 113.63 376.529 30.5482 112.732 339.75 -37.605 156.106 350.529 -10.3001 103.094 367.129 63.9073 113.495 363.188 70.9049 98.6643 329.291 60.3644 13.2636 86.6203 25.8269 
156.415 168.168 174.488 141.39 137.586 145.501 158.086 147.476 78.7276 81.8662 113.627 376.69 30.7702 112.997 339.686 -37.6418 156.488 350.789 -10.0867 103.138 367.241 64.0026 113.511 363.351 71.058 98.7974 329.483 60.4443 13.2483 86.8042 26.0611 
156.358 168.159 174.611 141.273 137.575 145.393 158.131 147.477 78.5451 81.7591 113.549 376.647 30.8203 113.051 339.521 -37.6519 156.713 350.717 -9.97036 103.15 367.178 64.0302 113.481 363.362 71.1298 98.8701 329.503 60.5031 13.2446 86.9886 26.2336 
156.286 168.089 174.55 141.208 137.654 145.279 158.061 147.234 78.441 81.7165 113.395 376.622 30.892 113.132 339.362 -37.5203 156.808 350.675 -9.74962 103.162 367.205 64.0314 113.418 363.435 71.2134 98.9156 329.541 60.6271 13.2118 87.0033 26.3178 
156.291 168.071 174.414 141.038 137.795 145.286 158.086 146.995 78.4116 81.6897 113.4 376.701 30.9374 113.234 339.311 -37.4052 156.88 350.692 -9.56803 103.291 367.386 64.0496 113.43 363.594 71.3242 98.947 329.701 60.7634 13.1779 86.89 26.3535 
156.277 168.07 174.151 141.029 138.055 145.239 158.1 146.823 78.4954 81.8054 113.555 376.715 31.1304 113.339 339.278 -37.2556 156.975 350.6 -9.40884 103.523 367.648 64.0445 113.509 363.774 71.4171 98.9506 329.848 60.9293 13.1507 86.6515 26.3466 
156.174 168.11 173.942 141.009 138.261 145.084 158.257 146.96 78.6475 81.897 113.717 376.969 31.4608 113.475 339.397 -37.1302 157.161 350.617 -9.35626 103.744 368.122 64.068 113.647 364.152 71.5313 98.9991 330.174 61.102 13.0884 86.5917 26.3149 
156.152 168.21 173.799 140.942 138.35 145.057 158.392 147.066 78.7616 81.9798 113.844 377.35 31.785 113.502 339.609 -37.0135 157.285 350.694 -9.23947 103.865 368.562 64.2152 113.744 364.55 71.7241 99.024 330.531 61.3173 13.0429 86.6367 26.3344 
156.146 168.346 173.68 140.872 138.367 145.084 158.522 147.256 78.8608 82.0298 113.968 377.819 32.0512 113.544 339.915 -36.8698 157.465 350.762 -9.15781 103.948 369.01 64.4291 113.85 364.975 71.9622 99.0749 330.938 61.5349 12.9932 86.8482 26.3278 
156.152 168.51 173.655 140.966 138.312 145.132 158.584 147.329 78.946 82.0837 114.008 378.292 32.1717 113.452 340.063 -36.6659 157.503 350.662 -9.09743 103.853 369.458 64.7418 113.889 365.473 72.1791 99.0913 331.414 61.8076 13.014 87.3374 26.2897 
156.129 168.722 173.595 141.096 138.264 145.132 158.75 147.658 79.0769 82.1113 114.102 378.79 32.336 113.359 340.191 -36.5277 157.603 350.402 -9.21134 103.718 369.949 65.0256 113.955 366.013 72.3507 99.1062 331.919 62.0543 13.0265 88.0136 26.1924 
156.112 168.973 173.579 141.15 138.112 145.105 158.877 148.039 79.1725 82.1162 114.159 379.169 32.4225 113.201 340.186 -36.3512 157.611 349.866 -9.41863 103.501 370.346 65.3091 113.967 366.481 72.4886 99.0593 332.376 62.3133 13.0727 88.8391 25.9975 
156.142 169.324 173.806 141.057 137.76 145.108 159.097 148.667 79.0883 81.9778 114.085 379.584 32.3818 112.938 340.16 -36.1801 157.651 349.204 -9.60728 103.063 370.537 65.7657 113.83 366.838 72.6953 98.9585 332.82 62.57 13.2039 90.1053 25.8802 
156.201 169.735 174.213 140.813 137.419 145.139 159.32 149.381 78.9204 81.8017 113.985 379.79 32.3339 112.626 340.107 -36.0095 157.618 348.415 -9.84196 102.58 370.465 66.2127 113.614 366.962 72.9121 98.8185 333.065 62.7944 13.3374 91.3669 25.7208 
156.271 170.119 174.677 140.501 137.157 145.154 159.625 150.316 78.8075 81.6192 113.836 379.949 32.3271 112.357 340.097 -35.9079 157.735 347.702 -9.99449 102.072 370.357 66.6248 113.306 367.002 73.1648 98.6326 333.229 62.9684 13.4249 92.5554 25.6968 
156.401 170.504 175.148 140.113 136.807 145.241 159.92 151.116 78.5933 81.3973 113.667 380.171 32.3041 112.147 340.156 -35.8172 157.837 347.158 -10.0701 101.497 370.126 67.1219 112.917 366.972 73.4928 98.4446 333.371 63.0998 13.5204 93.8013 25.7017 
156.47 170.838 175.619 139.485 136.4 145.24 160.227 151.876 78.3724 81.1189 113.428 380.456 32.2948 111.899 340.141 -35.7524 157.862 346.666 -10.1419 100.856 369.928 67.5852 112.442 366.99 73.8126 98.2423 333.57 63.2308 13.586 95.0766 25.7175 
156.471 171.192 176.251 138.929 136.038 144.966 160.766 153.28 77.9193 80.5869 112.788 381.502 32.7457 111.537 340.529 -35.4422 157.908 346.173 -10.1358 99.7426 370.034 68.5828 111.602 367.472 74.6439 97.8379 334.328 63.607 13.599 97.4569 25.7106 
156.391 171.183 176.743 138.649 136.145 144.648 160.962 154.097 77.5424 80.1738 112.315 382.18 33.2631 111.425 340.922 -35.2536 158.162 346.195 -9.8125 99.2372 370.109 69.1831 111.06 367.666 75.3098 97.5832 334.766 63.8347 13.5125 98.6435 25.9514 
156.324 171.096 177.136 138.471 136.327 144.341 161.19 154.814 77.2552 79.8195 111.906 382.871 33.8685 111.468 341.359 -35.1821 158.657 346.45 -9.32543 98.8633 370.263 69.741 110.553 367.835 75.9955 97.3655 335.158 64.0204 13.4188 99.5698 26.3734 
156.254 171.049 177.439 138.378 136.43 144.152 161.437 155.273 77.1738 79.6332 111.633 383.388 34.4115 111.493 341.601 -35.1299 158.892 346.88 -8.89808 98.5823 370.66 69.9593 110.145 368.18 76.4017 97.1738 335.552 64.2031 13.2931 99.8101 26.6692 
156.106 170.911 177.512 138.509 136.662 143.889 161.503 155.24 77.1621 79.565 111.385 383.836 34.9248 111.509 341.858 -35.1151 158.779 347.504 -8.633 98.3806 371.206 69.9368 109.784 368.631 76.5779 96.9554 335.963 64.3042 13.1719 99.5885 26.7247 
155.919 170.701 177.38 138.8 137.056 143.629 161.446 154.995 77.2156 79.6096 111.1 384.053 35.4199 111.47 342.015 -35.1182 158.529 348.059 -8.40226 98.2417 371.683 69.7745 109.45 368.967 76.6362 96.6911 336.193 64.369 13.0576 99.0544 26.7365 
155.774 170.645 177.253 139.006 137.343 143.594 161.41 154.617 77.3959 79.7747 110.834 384.32 35.6283 111.389 342.386 -35.0595 158.157 348.774 -8.21595 98.1969 372.288 69.5716 109.191 369.398 76.6276 96.4505 336.493 64.4063 12.9543 98.2863 26.6704 
155.732 170.634 177.087 139.272 137.694 143.624 161.409 154.211 77.5991 79.9192 110.672 384.406 35.794 111.315 342.675 -35.0503 157.645 349.36 -8.21668 98.0643 372.733 69.4003 108.905 369.673 76.6095 96.1472 336.675 64.3772 12.8607 97.6016 26.4387 
155.69 170.663 176.777 139.255 137.867 143.634 161.384 153.869 77.9068 80.1768 110.644 384.53 35.9272 111.181 343.017 -35.0867 157.185 349.856 -8.29893 98.0204 373.295 69.105 108.732 370.049 76.418 95.8258 336.92 64.298 12.817 96.8232 26.2372 
155.745 170.763 176.492 139.251 137.837 143.822 161.214 153.287 78.1473 80.3663 110.409 384.692 35.6251 110.689 343.206 -34.9766 156.343 350.057 -8.44375 97.7477 373.851 68.925 108.475 370.521 76.1892 95.3672 337.317 64.3083 12.8642 96.3648 25.9503 
155.901 170.985 176.149 139.085 137.685 144.126 161.092 152.897 78.3716 80.5605 110.133 384.701 35.0512 110.052 343.331 -34.9461 155.543 349.949 -8.75062 97.4429 374.161 68.7556 108.208 370.774 75.898 94.9113 337.554 64.2675 12.975 96.1027 25.692 
155.981 171.24 175.852 138.5 137.295 143.891 161.445 153.357 77.9009 80.2508 109.401 384.979 34.3233 109.306 343.289 -35.119 155.012 349.49 -9.22969 97.1094 374.189 68.6169 107.78 370.902 75.6655 94.2907 337.87 64.279 13.1051 96.2845 25.4939 
156.23 171.705 176.102 137.003 136.666 144.286 161.486 153.864 77.6537 80.0614 108.831 384.915 33.5575 108.582 343.396 -35.2648 154.411 348.643 -9.78769 96.6246 373.73 68.6073 107.092 370.475 75.6918 93.6145 337.777 64.0445 13.085 96.8587 25.279 
156.36 172.029 176.531 135.472 136.038 144.511 161.601 154.807 77.4629 79.7418 108.098 385.037 32.9043 107.902 343.536 -35.4597 153.972 347.789 -10.422 96.088 373.465 68.5598 106.398 370.209 75.7411 92.9383 337.821 63.7562 12.9677 97.698 25.1475 
156.387 172.286 177.188 134.469 135.552 144.553 161.704 156.036 77.3178 79.3767 107.363 385.032 32.3354 107.289 343.616 -35.7063 153.576 346.829 -11.1632 95.5429 373.318 68.3407 105.773 370.015 75.5969 92.2789 337.864 63.3901 12.885 98.5594 24.995 
156.427 172.29 177.527 134.113 135.502 144.673 161.628 156.377 77.3373 79.1467 106.824 385.118 31.8953 106.892 343.754 -35.9884 152.997 346.602 -11.6248 95.0941 373.404 67.9737 105.252 369.975 75.3278 91.72 337.966 62.9598 12.8061 98.7375 24.8144 
156.589 172.251 177.612 133.978 135.652 145.16 161.437 155.99 77.5204 79.1312 105.786 385.272 30.7425 106.09 344.586 -36.8798 151.517 347.452 -12.6053 94.1837 373.644 66.9997 104.13 369.978 74.4955 90.5581 338.083 61.7998 12.7328 98.0665 24.3949 
156.728 171.765 177.39 134.325 135.981 145.408 160.818 154.663 77.9018 79.5183 105.439 385.348 30.4364 105.896 345.276 -36.9391 150.493 348.894 -12.4706 93.9913 374.178 66.4474 103.729 370.288 74.0645 90.0449 338.254 61.4287 12.718 96.494 24.0752 
156.796 171.396 177.148 133.749 136.11 145.451 160.382 153.827 78.0357 79.6411 104.811 385.499 29.9348 105.661 345.726 -37.2882 149.924 349.959 -12.5208 93.608 374.384 65.9156 103.089 370.359 73.7046 89.4793 338.358 60.9269 12.6791 95.6319 24.0578 
156.907 171.254 177.204 132.94 136.068 145.5 160.06 153.213 78.0972 79.6153 103.938 385.692 29.2447 105.188 345.907 -37.3976 149.156 350.639 -12.6425 92.828 374.576 65.5875 102.242 370.569 73.4981 88.8368 338.639 60.6082 12.565 95.4556 23.9352 
157.101 171.173 177.37 132.17 135.938 145.585 159.747 152.958 77.9079 79.4232 103.042 385.896 28.4849 104.747 346.207 -37.5374 148.682 351.041 -12.8448 92.1012 374.46 65.4963 101.448 370.509 73.4642 88.226 338.821 60.2596 12.5037 95.7522 23.9058 
157.123 171.1 177.579 131.471 135.796 145.407 159.556 153.286 77.7155 79.2358 102.046 386.271 28.1061 104.222 346.542 -37.7617 148.433 351.293 -13.1335 91.2583 374.435 65.4215 100.592 370.582 73.4419 87.6293 339.064 59.9312 12.4227 96.4527 24.0322 
157.107 171.06 177.926 131.045 135.662 145.298 159.603 153.919 77.6352 79.0294 101.212 387.008 27.7456 103.704 347.162 -38.1038 148.194 351.665 -13.6028 90.5823 374.888 65.292 99.9791 371.08 73.3379 87.1425 339.672 59.5765 12.3133 97.21 24.1161 
157.099 171.082 178.241 130.947 135.652 145.266 159.665 154.201 77.6704 78.8654 100.659 387.601 27.2355 103.144 347.402 -38.4184 147.705 351.992 -14.1407 90.1065 375.664 64.9383 99.6245 371.881 72.9719 86.8064 340.457 59.3066 12.2487 97.586 24.0763 
157.125 171.09 178.243 131.624 136.088 145.361 159.494 153.85 77.7235 78.8342 100.237 387.839 26.5639 102.476 347.549 -38.7338 146.81 352.166 -14.7576 89.7094 376.287 64.4163 99.3119 372.466 72.3854 86.3514 341.005 58.9356 12.2784 97.4955 23.8377 
157.322 171.189 178.391 132.069 136.31 145.779 159.459 153.732 77.8385 78.8108 100.065 388.15 25.8295 101.797 347.675 -39.1095 146.042 352.267 -15.2746 89.4 376.893 64.0081 99.1309 373.023 71.8959 85.9263 341.552 58.6144 12.2762 97.3776 23.7451 
157.509 171.313 178.415 132.298 136.364 146.03 159.512 153.67 77.8906 78.8448 99.8496 388.361 25.2644 101.195 347.877 -39.5644 145.307 352.525 -15.8248 89.0318 377.321 63.5499 98.7906 373.42 71.3702 85.424 341.934 58.2215 12.3333 97.1072 23.6279 
157.603 171.335 178.469 132.065 136.174 146.3 159.276 153.42 77.9152 78.9463 99.3866 388.447 24.5133 100.481 347.95 -39.8949 144.357 352.509 -16.4576 88.504 377.535 63.0649 98.265 373.683 70.8598 84.8288 342.188 57.8474 12.3339 96.9561 23.3487 
157.586 171.223 178.592 131.553 135.886 146.325 159.197 153.777 77.68 78.8227 98.6271 388.668 23.8817 99.9629 348.464 -40.399 143.984 352.683 -17.0482 87.8743 377.361 62.7554 97.5733 373.562 70.5556 84.2015 342.246 57.283 12.3337 97.2855 23.3432 
157.53 171.122 178.866 130.929 135.474 146.252 159.029 154.095 77.4954 78.6353 97.878 388.688 23.1701 99.5441 348.608 -40.8479 143.671 352.544 -17.6271 87.2317 377.129 62.3888 96.8988 373.344 70.2077 83.5821 342.236 56.7255 12.3176 97.7341 23.3063 
157.373 170.923 179.228 130.497 135.204 146.023 158.897 154.42 77.3569 78.448 96.8518 389.111 22.6394 98.981 348.922 -41.2651 143.41 352.693 -18.0276 86.5532 377.21 62.0988 96.2175 373.418 69.9564 82.9445 342.472 56.26 12.2616 98.2201 23.4862 
157.283 170.782 179.803 130.263 135.143 145.806 159.15 155.135 77.3338 78.2563 95.9799 389.959 22.4721 98.7046 349.565 -41.875 143.462 353.432 -18.2755 85.9298 377.719 61.8545 95.6117 373.871 69.7629 82.4981 343.01 55.7966 12.2051 98.7382 23.8311 
157.171 170.623 180 130.635 135.448 145.495 159.154 154.605 77.3577 78.1364 95.1854 390.1 22.1083 98.3626 349.471 -42.3875 142.705 354.306 -18.418 85.2567 378.126 61.3339 94.9599 374.193 69.2524 81.9551 343.325 55.3389 12.2518 98.4408 23.8444 
156.979 170.293 180 131.474 136.09 145.213 158.914 153.645 77.4017 78.0954 94.2664 390.136 21.7547 97.6998 349.273 -42.8623 141.472 355.001 -18.7569 84.5753 378.465 60.6911 94.3051 374.437 68.6149 81.3226 343.494 54.8939 12.3053 97.8754 23.7018 
156.876 170.202 180 132.11 136.528 145.276 158.689 152.745 77.5494 78.2612 93.6514 390.075 21.0753 96.5901 349.258 -43.403 140.042 355.387 -19.432 84.0738 378.813 59.8318 93.8062 374.696 67.7106 80.6791 343.645 54.3361 12.3872 97.1026 23.5621 
156.808 170.424 180 132.533 136.816 145.522 158.684 152.231 77.6822 78.5339 93.0477 390.092 20.3528 95.1814 349.324 -43.8478 138.561 355.354 -20.1923 83.5029 379.178 59.0235 93.2671 375.059 66.831 79.8869 343.859 53.8479 12.426 96.5704 23.4208 
156.77 170.483 180 132.497 136.886 145.678 158.508 152.271 77.4882 78.5451 92.129 389.825 19.407 93.919 349.229 -44.3213 137.383 354.63 -21.1004 82.7506 378.893 58.3859 92.5151 374.869 66.1468 78.9683 343.708 53.2888 12.4381 96.7292 23.2175 
156.565 170.269 180 132.048 136.545 145.227 158.887 153.561 77.1634 78.3161 90.9911 389.757 18.8517 92.7941 348.994 -44.6428 136.682 353.494 -22.0767 82.0076 378.479 57.918 91.8028 374.573 65.6877 77.9086 343.496 52.9162 12.3118 97.18 23.0162 
156.33 170.289 180 131.937 136.472 145.1 159.086 154.497 77.0935 78.161 89.9237 390.202 18.4637 91.8093 349.389 -45.1172 136.292 353.246 -22.6659 81.2237 378.755 57.6384 91.057 374.842 65.3951 77.0848 343.827 52.4643 12.2571 97.9375 23.2785 
156.236 170.427 180 132.289 136.753 144.926 159.135 154.655 77.0785 78.0484 88.7743 390.118 18.1249 90.8661 349.093 -45.5687 135.248 352.9 -23.2873 80.2125 378.879 57.2092 90.1121 374.942 64.9471 76.1413 343.892 52.0634 12.2624 98.3462 23.145 
156.075 170.491 180 132.888 137.245 144.679 159.132 154.531 77.121 78.035 87.6743 389.638 17.8921 89.8729 348.431 -46.2356 133.953 352.467 -24.1334 79.1123 378.642 56.5968 89.0624 374.693 64.3224 75.1923 343.523 51.5326 12.2777 98.4997 22.8944 
155.803 170.711 180 133.23 137.583 144.608 159.128 154.728 76.9363 77.99 84.9423 388.718 16.8099 87.1536 347.862 -47.5442 131.451 351.865 -25.8435 76.7259 377.458 55.4308 86.7001 373.604 63.0973 73.1744 342.406 50.2678 12.3469 98.8626 22.8919 
155.692 171.186 180 133.142 137.491 144.656 159.192 154.832 76.7623 77.8643 83.466 388.048 16.2267 85.6988 347.317 -47.9881 130.218 351.453 -26.6467 75.5163 376.419 55.0522 85.5567 372.672 62.6529 72.3664 341.538 49.7313 12.3742 99.2912 22.9475 
155.768 171.481 180 132.912 137.281 144.781 159.303 155.093 76.6099 77.713 81.9098 387.759 15.6016 84.4297 346.994 -48.4636 129.24 351.341 -27.1957 74.2299 375.708 54.839 84.3682 372.095 62.3816 71.4685 341.032 49.2453 12.3375 99.8685 23.1417 
155.735 171.821 180 132.854 137.211 144.638 159.58 155.514 76.3796 77.3628 80.2307 387.515 15.2977 83.2493 346.614 -48.7486 128.238 351.176 -27.7403 73.0314 375.059 54.7794 83.3127 371.554 62.2366 70.6669 340.576 48.928 12.3241 100.622 23.194 
155.818 172.069 180 132.887 137.261 144.658 159.903 155.911 76.321 77.1654 79.0488 387.649 15.1462 82.1039 346.523 -49.0497 127.362 351.224 -28.0757 72.1668 375.112 54.678 82.5524 371.648 62.0738 69.9692 340.633 48.7947 12.329 100.953 23.3805 
155.947 172.123 180 133.244 137.648 144.707 160.178 156.062 76.4191 77.0448 78.0715 387.507 15.157 81.1941 345.906 -49.3506 126.274 350.94 -28.3484 71.234 375.113 54.6052 81.7289 371.624 61.9767 69.1586 340.518 48.752 12.2983 101.116 23.3008 
156.044 172.245 180 133.768 138.131 144.796 160.129 155.843 76.6169 77.1991 77.5854 386.924 15.219 80.2883 345.167 -49.3994 125.014 350.34 -28.5262 70.5008 375.034 54.3478 81.0058 371.475 61.7202 68.314 340.203 48.7461 12.3121 100.748 23.0522 
156.163 172.301 180 134.109 138.472 144.917 159.839 155.523 76.7978 77.3902 77.0078 386.037 15.0752 79.3347 344.237 -49.2967 123.794 349.41 -28.6044 69.7587 374.656 54.151 80.2549 371.068 61.5027 67.4515 339.659 48.8223 12.3511 100.379 22.8219 
156.272 172.28 180 134.138 138.566 145.116 159.393 155.175 76.9104 77.5638 76.3113 384.969 14.6733 78.2173 343.098 -49.1368 122.568 348.013 -28.7634 69.0473 373.992 53.9535 79.5091 370.403 61.2837 66.5775 338.92 48.9068 12.3939 100.154 22.6233 
156.432 172.343 180 133.7 138.246 145.318 159.075 155.186 76.9558 77.6535 75.5363 383.771 14.1466 77.1615 341.784 -48.9363 121.626 346.287 -28.8647 68.3201 373.1 53.8065 78.7218 369.524 61.1497 65.6966 338.054 49.0064 12.4192 100.171 22.5548 
156.582 172.496 180 133.016 137.718 145.384 158.831 155.335 77.0038 77.6361 74.8306 382.636 13.6917 76.4394 340.583 -48.6 120.948 344.602 -28.8373 67.6921 372.256 53.8195 78.0587 368.644 61.1819 64.884 337.289 49.1644 12.4173 100.349 22.4184 
156.783 172.691 180 132.425 137.278 145.472 158.657 155.519 77.0426 77.569 74.0611 381.551 13.2905 75.8746 339.411 -48.2796 120.229 343.166 -28.772 67.026 371.454 53.8218 77.3953 367.829 61.1985 64.1294 336.536 49.2999 12.4021 100.496 22.1896 
156.916 172.887 180 131.915 136.906 145.522 158.611 155.767 77.0703 77.5002 73.2765 380.559 13.081 75.2115 338.251 -48.0961 119.413 341.839 -28.9246 66.2658 370.707 53.7312 76.6609 367.112 61.1067 63.4054 335.793 49.3766 12.3982 100.716 21.9299 
157.144 173.179 180 131.556 136.694 145.724 158.737 155.951 77.2891 77.5296 72.6594 379.454 12.8194 74.6986 336.829 -47.8587 118.542 340.496 -28.9082 65.4968 370.224 53.5703 75.9379 366.619 60.9823 62.6436 335.171 49.554 12.3639 100.643 21.5871 
157.451 173.185 180 131.354 136.593 145.955 159.161 156.055 77.6399 77.62 72.2282 378.325 12.6592 74.4169 335.333 -47.8802 117.665 339.73 -28.7394 64.728 369.849 53.3744 75.2013 366.146 60.831 61.8586 334.57 49.6173 12.3346 100.227 21.2891 
157.693 173.29 180 131.332 136.634 146.104 159.251 155.715 78.0908 77.8389 71.9414 376.864 12.3748 73.9651 333.65 -47.8923 116.524 338.659 -28.7284 64.035 369.287 52.9821 74.5219 365.433 60.4687 61.039 333.747 49.5688 12.3297 99.5724 20.8974 
157.773 176.14 180 131.498 137.35 146.628 160.676 156.088 78.6869 78.0618 70.4791 374.443 10.8757 72.1108 328.36 -48.2723 114.2 334.763 -29.1261 62.2631 368.658 51.6325 73.0608 364.772 59.3207 59.1293 332.787 49.4565 11.9422 99.5366 20.767 
157.237 177.454 180 131.553 137.634 145.948 161.863 155.618 77.7894 77.2604 70.3966 372.861 10.2112 69.6042 324.454 -48.9442 112.691 332.797 -29.1363 61.8013 367.871 50.2129 72.6938 364.064 57.9823 58.2857 332.522 49.4328 12.1191 98.5975 22.1288 
157.004 177.709 180 131.52 137.827 145.694 162.778 155.929 77.0664 76.6492 69.7379 371.566 9.40712 67.1901 321.554 -49.6573 111.139 331.004 -29.8355 60.8608 366.836 48.9685 71.8944 363.193 56.7974 57.2878 331.957 49.121 12.1816 98.1503 22.9894 
156.755 177.707 180 131.516 138.1 145.398 163.681 156.487 76.5964 76.2742 69.1092 370.786 8.87777 65.2559 319.335 -50.2 109.721 329.906 -30.6351 59.9677 366.405 47.8126 71.1053 362.929 55.6583 56.4206 331.81 48.7891 12.2503 97.7462 23.5198 
156.404 177.24 180 131.708 138.329 144.928 164.61 157.409 76.4023 76.0794 68.3638 370.402 8.36077 63.5102 317.486 -50.8034 108.452 328.544 -31.7442 59.1564 366.419 46.7369 70.4036 363.016 54.5247 55.5483 331.936 48.3628 12.3172 97.8698 23.7642 
156.079 176.831 179.519 132.001 138.735 144.462 165.39 157.612 76.2462 75.8786 67.7019 370.075 7.81352 62.0005 315.883 -51.421 107.1 327.609 -32.657 58.3264 366.387 45.7142 69.6522 362.979 53.476 54.6069 332.013 47.8401 12.3842 97.7452 23.9597 
155.66 176.394 178.815 131.845 138.665 143.948 166.223 158.158 76.1644 75.7009 67.1604 370.319 7.35605 60.7688 314.703 -52.0079 106.23 326.68 -33.4033 57.81 366.838 44.881 69.1802 363.352 52.6808 53.7778 332.559 47.3897 12.369 97.9551 24.226 
155.343 175.667 178.311 131.685 138.471 143.543 166.609 158.78 75.9751 75.5378 66.3007 370.271 6.48944 59.2458 313.751 -52.8361 105.299 325.33 -34.5597 57.1075 366.788 43.7806 68.5204 363.286 51.6192 52.8143 332.67 46.6452 12.3413 98.2879 24.3946 
155.277 175.227 178.378 131.325 138.183 143.42 167.057 159.355 75.8196 75.4295 65.3969 370.024 5.18845 58.0401 312.982 -54.0427 104.618 324.47 -35.8087 56.4869 366.357 42.5948 67.9071 362.855 50.4432 52.0286 332.373 45.5224 12.3286 98.484 24.7241 
155.357 175.154 178.93 131.151 138.07 143.516 167.513 159.658 75.8687 75.5498 64.4122 369.912 3.86097 57.1457 312.535 -55.0228 103.693 324.315 -37.031 55.6575 366.164 41.4568 67.125 362.723 49.2781 51.2456 332.198 44.4059 12.2888 98.4095 24.758 
155.435 174.932 178.949 131.547 138.276 143.604 167.762 159.549 76.1272 75.9755 63.5949 370.019 2.76154 56.4979 312.695 -55.9354 102.543 324.696 -38.2184 54.8061 366.422 40.3247 66.2744 363.026 48.0518 50.4145 332.293 43.3134 12.302 98.0882 24.4397 
155.343 174.848 178.505 132.088 138.703 143.285 168.449 160.065 76.4699 76.2986 62.5736 370.421 1.68492 55.8068 312.612 -56.9856 101.187 324.951 -39.7222 53.9221 367.112 39.0254 65.4192 363.702 46.5833 49.4955 332.716 42.1933 12.3593 97.9364 23.905 
155.002 174.223 178.155 132.238 138.736 143.07 168.528 160.094 76.7422 76.5888 62.12 371.457 0.653742 55.2372 313.417 -58.1074 100.431 325.516 -41.0568 53.4875 368.34 37.686 64.9364 364.816 45.2433 48.7587 333.766 40.9442 12.3248 97.9299 23.6822 
154.853 173.325 178.114 132.326 138.759 143.059 168.196 159.606 76.856 76.8351 61.8842 371.945 -0.619571 54.9075 314.437 -59.4583 99.7838 325.866 -42.3828 53.2192 368.745 36.3919 64.4847 364.976 44.0119 47.9503 334.139 39.4476 12.3715 97.7037 23.4055 
154.699 172.354 177.948 132.455 138.599 142.962 167.687 159.214 77.0018 77.0967 61.2695 372.693 -1.78264 54.4989 315.746 -61.1007 99.4136 326.696 -43.7287 52.8219 369.214 35.1977 63.8731 365.254 42.8837 47.2248 334.473 37.9207 12.4084 97.6207 23.452 
154.596 171.505 177.75 132.645 138.366 143.017 167.394 159.395 77.0217 77.2485 60.275 373.711 -3.2096 53.6408 317.364 -63.0771 99.1927 327.959 -45.3866 52.1807 369.808 33.9931 63.135 365.844 41.6503 46.6653 334.99 36.264 12.415 97.9428 23.8664 
154.3 171.244 177.068 132.326 137.758 142.829 167.669 159.994 77.0164 77.2402 59.4765 375.101 -4.41639 53.2348 318.86 -64.6059 98.9324 329.243 -47.0181 51.6251 371.1 32.6964 62.5455 367.179 40.365 46.2097 336.218 34.7607 12.3808 98.4008 23.8561 
154.221 171.488 177.113 132.348 137.749 142.788 167.819 159.902 77.1469 77.4466 58.777 376.212 -5.47582 53.0309 319.923 -65.7977 98.4068 330.739 -48.156 50.8861 372.298 31.3914 61.7206 368.398 39.1001 45.5991 337.269 33.4483 12.4064 98.3185 23.7837 
154.161 171.54 176.945 132.812 138.179 142.956 167.701 159.455 77.3637 77.7078 58.4841 377.507 -6.67708 52.6968 321.039 -67.0085 97.8647 331.919 -49.2244 50.531 373.765 30.0429 61.2764 369.748 37.7949 44.9414 338.565 32.1327 12.3954 98.0986 23.767 
154.238 171.553 177.018 132.763 138.259 143.27 167.538 159.107 77.6862 78.0839 58.459 378.844 -8.22592 52.1819 322.568 -68.4764 97.1203 333.414 -50.7864 50.2705 375.267 28.2628 60.946 371.157 36.046 44.4321 339.911 30.522 12.3541 97.5552 23.6191 
154.371 171.367 176.881 132.911 138.208 143.583 167.341 159.246 77.8108 78.2813 58.376 380.167 -9.63053 51.8842 324.846 -70.2398 96.5759 334.801 -52.4384 49.9861 376.343 26.8869 60.5503 372.075 34.6983 43.8482 340.939 28.837 12.3308 97.4209 23.2895 
154.313 171.17 176.582 133.023 137.897 143.332 167.336 159.728 77.873 78.2988 57.3863 381.91 -10.8677 51.2013 327.198 -72.341 96.4416 336.838 -54.2013 49.3575 377.59 25.6152 59.8377 373.234 33.4046 43.3302 342.033 27.0549 12.3456 97.8268 23.6547 
154.138 171.239 175.929 132.906 137.812 143.003 167.471 160 77.8186 78.228 56.1759 383.514 -12.3823 50.0057 328.421 -74.1262 95.8446 338.196 -55.9935 48.6754 379.197 23.8701 59.1245 374.917 31.6484 42.7584 343.521 25.439 12.3668 98.1792 24.0277 
153.969 171.319 174.941 133.201 138.062 142.647 167.711 160.32 77.8477 78.2069 55.2981 385.345 -13.4047 49.0083 329.679 -75.3023 95.1755 339.172 -57.2667 48.1774 381.176 22.5011 58.5459 376.804 30.2934 41.9749 345.364 24.2416 12.4152 98.5409 24.146 
154.023 170.967 174.808 133.851 138.63 142.743 167.408 159.913 77.821 78.2238 54.8258 387.041 -14.3697 48.4879 331.02 -76.3526 94.6451 340.668 -58.0488 47.7442 382.836 21.3181 58.0333 378.378 29.1824 41.227 346.937 23.1309 12.4146 98.3239 24.3228 
154.14 171.015 175.254 134.094 138.697 143.102 167.245 159.298 77.9014 78.3034 54.3845 388.248 -16.0394 48.1724 332.434 -77.7295 93.7997 342.63 -59.4547 47.0585 384.023 19.8788 57.3479 379.527 27.7553 40.5722 348.138 21.6178 12.4053 97.7402 24.1475 
154.412 173.732 175.761 133.115 138.03 143.427 167.488 159.312 78.3608 78.6712 53.2471 390.348 -17.5142 47.8057 336.441 -79.4468 93.5911 345.328 -61.1189 46.2129 384.987 19.4327 56.3411 380.29 27.0817 39.8785 348.889 19.7536 12.553 98.4112 23.9313 
154.552 175.736 175.537 132.293 137.533 143.755 167.276 159.791 78.8063 79.1401 51.3984 392.736 -18.9014 46.4639 340.044 -80.9326 92.9082 347.358 -62.7412 45.1468 386.585 18.6504 55.2347 381.907 26.1489 39.0537 350.196 18.2395 12.5368 99.3045 23.9379 
154.58 176.42 175.586 131.614 137.106 143.722 167.45 160.732 79.0447 79.3869 49.4265 395.266 -19.9266 45.1242 343.243 -82.6464 92.7818 349.453 -64.1143 44.2534 388.189 18.0513 54.2514 383.473 25.4618 38.2562 351.598 16.8042 12.5292 100.35 24.6371 
154.773 176.519 175.727 131.323 136.863 143.883 167.201 161.106 79.3246 79.6599 47.9016 397.314 -21.0679 44.1634 345.777 -84.1001 92.6138 351.19 -65.0575 43.5862 389.637 17.4055 53.4665 384.784 24.7682 37.4528 352.867 15.5447 12.5599 100.837 25.2355 
154.957 176.285 175.724 131.146 136.652 144.062 166.859 161.247 79.5071 79.789 46.6164 399.292 -22.1718 43.5309 347.895 -85.4888 92.3049 352.747 -66.0825 42.8294 391.127 16.5474 52.6325 386.18 23.9161 36.6243 354.195 14.2986 12.5576 101.204 25.4908 
155.059 175.981 176.092 131.376 136.703 144.334 166.236 161.265 79.7804 80.0569 45.2717 401.043 -23.566 42.7123 350.09 -86.9892 91.5585 354.451 -67.5465 41.9378 392.532 15.3044 51.7615 387.539 22.6156 35.8171 355.381 12.8093 12.5293 101.323 25.4805 
155.109 175.97 175.929 131.329 136.867 144.43 166.479 161.692 79.9198 80.217 43.7007 402.944 -24.8914 41.4138 351.905 -88.5743 90.628 356.023 -69.1349 40.8252 394.098 14.0908 50.7315 389.16 21.3308 34.9131 356.831 11.3509 12.4468 101.934 25.6812 
155.104 176.398 175.654 131.378 137.065 144.216 167.228 162.72 79.876 80.249 42.1544 405.143 -25.859 39.8628 354.022 -90.484 89.7203 357.663 -71.0934 39.7947 395.558 12.7687 49.7266 390.619 19.9514 33.9978 358.225 9.63421 12.3973 102.745 26.0692 
155.09 176.363 175.506 131.565 137.039 144.209 167.633 163.153 79.983 80.3798 40.4869 407.067 -26.6131 38.6403 356.02 -92.1898 89.0448 359.642 -72.3714 38.825 396.973 11.9424 48.5752 391.837 19.0781 32.8197 359.486 8.24798 12.499 103.034 26.5846 
154.888 176.059 175.559 132.04 137.351 143.923 167.568 163.125 80.1311 80.4676 39.0626 408.496 -27.8549 37.4787 357.3 -93.8964 88.0538 360.922 -73.9076 37.8512 398.467 10.432 47.4846 393.154 17.5949 31.6294 360.782 6.69386 12.5489 103.06 26.7465 
154.242 175.984 175.053 132.916 137.632 142.846 168.166 163.415 80.0302 80.0441 36.8475 409.818 -28.2608 35.1483 358.632 -95.9366 86.5107 361.749 -76.3492 36.6001 398.89 9.40728 46.0756 393.167 16.5428 30.2221 361.244 4.88166 12.6516 104.022 27.1645 
153.864 176.088 174.235 134.213 138.3 142.155 168.928 163.625 80.1648 79.9049 34.4878 410.971 -29.0451 32.6659 359.33 -97.8808 84.5817 362.099 -78.6126 35.5368 399.609 8.24585 44.8686 393.393 15.3426 28.5821 361.792 3.2628 12.715 104.531 27.4873 
153.374 176.187 173.527 134.999 138.695 141.463 170.164 163.718 80.3072 79.8056 31.5049 412.336 -30.1363 29.8726 359.937 -100.03 82.2014 363.262 -81.3388 33.8064 400.763 6.45525 43.1158 394.319 13.644 26.9764 362.653 1.43917 12.6677 104.868 27.6655 
153.187 176.784 173.168 135.491 139.054 141.147 171.845 164.119 80.3188 79.6188 28.421 413.685 -31.182 26.8656 360.305 -102.346 79.8519 364.624 -83.9941 31.6209 401.618 5.12986 41.2129 395.18 12.1874 25.3451 363.429 -0.33989 12.517 105.868 28.103 
153.063 177.732 172.885 136.163 139.432 140.751 173.255 164.405 80.2902 79.4501 25.9909 414.953 -31.5579 23.9454 361.271 -103.979 77.1588 365.7 -86.062 29.3498 402.34 4.12083 39.1168 395.812 11.1178 23.3087 364.164 -1.74762 12.3793 106.557 28.163 
152.886 178.29 172.523 136.647 139.639 140.28 174.617 164.936 80.2373 79.2167 23.3429 416.077 -32.2027 20.9354 361.747 -105.523 74.123 366.383 -88.2817 26.7802 403.317 2.60762 36.7771 396.843 9.55119 21.1167 365 -3.1959 12.275 107.128 27.9546 
153.299 178.04 171.842 137.364 139.998 141.215 174.361 162.871 80.2387 79.4076 17.6718 417.57 -35.494 14.2802 362.559 -107.084 67.6075 368.098 -90.3478 22.052 405.348 -0.152991 31.9178 398.886 7.07223 16.1597 366.84 -5.03467 12.2284 105.623 28.2867 
153.537 177.869 171.343 137.029 139.564 141.535 173.41 161.767 79.9309 79.2682 15.5662 418.08 -37.0041 10.9768 364.705 -107.964 63.9759 369.277 -91.7598 19.7246 405.757 -1.45639 29.6808 399.392 5.71976 13.7258 367.55 -6.29719 12.1436 105.126 27.9448 
154.233 178.17 171.785 136.067 138.649 142.325 173.453 162.439 79.8497 79.1167 11.9973 418.353 -39.0938 7.49569 365.521 -109.65 61.4009 370.558 -93.3173 16.6155 405.779 -2.20962 26.9537 399.712 4.6376 11.2648 367.879 -7.58671 12.053 105.61 28.6104 
154.604 178.593 172.326 135.808 138.132 142.662 174.015 161.975 79.9012 79.0175 9.43498 419.284 -40.8591 4.11045 366.974 -111.565 57.9828 372.844 -95.4204 14.2752 406.592 -3.80407 24.7457 400.512 2.81689 9.00111 368.657 -9.42592 12.0737 105.034 28.6982 
155.03 178.787 172.118 135.63 137.762 142.938 174.859 162.599 80.3539 79.3309 6.28952 420.549 -42.2131 0.673415 368.002 -113.477 54.9085 375.232 -97.2608 11.3955 407.901 -5.21939 22.1358 401.942 1.09668 6.59915 369.603 -11.0307 12.0437 104.8 29.1091 
155.022 178.537 172.028 135.711 137.59 143.029 175.15 161.486 80.7826 79.6273 3.93753 422.086 -43.8019 -2.12742 369.223 -114.787 51.1749 377.433 -98.9968 8.95745 409.975 -7.07088 19.7622 403.945 -0.832141 4.10211 371.296 -12.4634 12.0402 103.748 28.5414 
155.105 177.769 171.333 136.063 137.589 142.945 174.848 160.264 81.0861 79.8412 1.32557 423.017 -45.2094 -5.0475 370.777 -116.063 47.2123 379.722 -100.817 6.40359 411.356 -8.88672 17.2534 405.258 -2.72826 1.67741 372.344 -13.9873 12.0749 102.603 27.8384 
155.526 178.545 170.57 136.595 138.567 143.535 173.022 157.681 81.0154 80.4681 -1.11641 423.477 -47.1135 -8.18684 373.286 -116.83 43.3543 381.751 -101.885 4.81184 412.353 -11.1402 15.2112 406.021 -4.37587 -0.686778 373.108 -15.2953 11.9256 100.053 27.359 
155.769 177.488 170.084 137.002 139.204 143.907 171.378 156.942 81.3677 81.2407 -3.63559 424.389 -48.242 -11.4275 375.787 -117.637 40.0247 383.417 -103.265 3.17422 413.648 -13.0587 13.1801 407.046 -5.78125 -2.86763 373.896 -16.408 11.8756 98.2099 27.0639 
156.146 176.699 170.584 136.831 139.271 144.334 169.879 156.398 81.9786 81.559 -6.8574 424.7 -49.4381 -14.8392 377.573 -118.314 36.5827 386.028 -104.197 0.381109 414.402 -14.295 10.411 407.737 -7.0496 -5.00406 374.206 -17.4703 12.0409 96.7417 27.1055 
156.542 175.896 170.938 136.524 139.125 144.838 169.199 156.468 82.6937 81.7514 -10.3572 424.978 -50.6888 -18.3715 378.203 -118.922 33.5399 387.702 -105.186 -2.48433 415.201 -14.9894 7.74203 408.559 -8.00989 -6.91612 374.666 -18.2279 12.2215 96.4109 27.4919 
156.29 174.782 171.306 137.04 139.357 145.296 168.611 156.079 83.0981 82.0987 -13.6904 424.609 -52.1436 -21.3453 378.343 -119.571 31.0656 388.762 -105.593 -4.15406 415.658 -15.8927 5.79456 408.806 -8.92146 -8.8945 374.717 -18.7934 12.5373 94.966 28.09 
156.153 174.655 171.563 136.874 139.094 145.439 168.872 156.741 83.5026 82.0499 -17.4028 424.945 -53.3853 -25.1523 378.506 -120.25 27.6635 389.283 -106.944 -6.23538 416.844 -16.878 3.74178 409.832 -9.94838 -10.9004 375.605 -19.4472 12.6608 94.8225 28.3185 
156.251 173.959 171.574 136.561 138.987 145.798 168.934 156.243 83.7996 81.9383 -20.5937 425.06 -54.4237 -28.0319 378.574 -120.917 24.988 390.773 -107.446 -7.9906 417.534 -17.4604 1.99357 410.299 -10.6215 -12.7404 376.152 -20.0167 12.7835 94.0601 28.8797 
156.07 173.912 171.918 136.464 139.015 146.042 169.134 156.461 84.004 82.0195 -23.4889 425.283 -55.0527 -30.8933 378.638 -121.363 22.5934 391.1 -108.037 -9.74061 417.916 -17.9944 0.223767 410.486 -11.0657 -14.6925 376.456 -20.3227 12.7832 93.6623 29.2463 
156.055 174.24 172.536 136.299 138.862 146.4 169.464 157.539 84.2227 81.9878 -26.3116 425.608 -55.9322 -33.3333 379.151 -121.669 20.4804 390.891 -109.108 -11.2359 418.571 -18.7212 -1.30719 410.944 -11.6618 -16.5273 376.959 -20.7343 12.755 93.6611 29.1308 
156.305 174.368 173.42 136.373 138.812 146.846 169.069 159.085 85.2443 83.1286 -31.8746 427.084 -55.7373 -38.9518 382.274 -121.544 14.9883 392.872 -110.634 -15.0931 420.126 -20.1886 -5.34628 412.091 -12.6061 -20.4422 377.557 -21.2679 12.7485 91.8527 28.5908 
156.351 174.743 172.56 136.228 138.511 147.077 168.527 158.232 85.8422 83.297 -33.6998 428.293 -56.4539 -40.9329 383.86 -121.228 12.4913 394.252 -110.898 -16.6646 421.583 -20.7951 -6.89698 413.351 -13.1269 -22.1887 378.756 -21.3602 12.7583 90.6381 28.0582 
155.675 174.523 172.404 136.444 138.285 146.588 168.105 158.254 86.1932 83.6042 -35.9632 428.476 -56.4097 -43.2763 384.163 -121.276 9.58426 395.096 -111.602 -18.8776 422.025 -21.7414 -9.10318 413.717 -13.8662 -23.9562 378.868 -21.6309 12.8948 89.5151 27.5711 
155.226 174.822 172.27 135.987 137.916 145.855 167.847 158.046 86.614 83.5256 -37.123 429.638 -56.0161 -46.1504 385.574 -120.823 6.18147 396.358 -111.997 -20.9701 423.226 -21.971 -11.065 414.798 -14.1311 -25.8399 379.937 -21.646 12.9592 89.0078 27.017 
154.813 175.16 172.507 135.842 137.804 145.156 168.646 159.235 86.5796 83.39 -38.8778 430.523 -55.7376 -48.8638 385.58 -121.306 3.25819 396.997 -113.17 -23.3657 424.163 -22.2642 -13.2609 415.939 -14.5338 -27.4751 380.894 -21.8899 13.0115 89.5642 26.7463 
154.549 175.28 172.972 135.567 137.793 144.359 169.608 161.021 86.064 82.9917 -39.8479 431.588 -54.6792 -51.2499 386.439 -121.552 1.22698 396.703 -114.349 -24.7021 424.542 -21.9584 -14.5621 416.284 -14.2132 -29.0985 381.547 -21.9692 12.9186 90.9614 26.5707 
154.015 175.448 173.548 135.618 137.836 143.305 170.561 163.016 85.6994 82.6038 -40.5558 432.381 -53.4301 -53.8306 386.369 -121.552 -1.3751 395.446 -115.759 -26.189 425.023 -22.0171 -15.9666 416.776 -14.2845 -30.6047 382.064 -21.9537 12.9237 92.4486 26.0818 
153.657 175.529 173.612 135.674 137.829 142.54 170.177 163.34 84.7448 82.6582 -41.0274 432.47 -52.555 -55.7885 387.108 -120.865 -3.91953 394.932 -116.258 -27.8489 424.594 -22.1035 -17.4346 416.893 -14.3331 -31.8791 382.135 -21.8215 12.6635 92.9527 25.33 
153.068 175.468 173.192 135.486 137.905 141.778 170.293 162.32 84.4984 82.5359 -41.3118 432.563 -51.7909 -57.4789 386.658 -120.298 -6.23329 395.302 -115.996 -29.3283 424.761 -22.2485 -18.9585 417.143 -14.3131 -33.1161 382.395 -21.5346 12.8552 92.3854 25.0104 
152.762 175.507 172.929 134.769 137.698 140.793 170.209 162.011 84.1301 82.0775 -42.341 432.044 -50.9433 -58.7308 386.806 -119.808 -7.86059 395.911 -115.943 -30.721 424.5 -21.7228 -20.3329 417.033 -13.8978 -34.0156 382.314 -21.2966 13.0747 92.6186 24.723 
152.644 175.391 172.782 134.247 137.315 140.235 169.253 161.08 83.7858 81.6143 -43.2194 431.56 -50.3697 -59.9211 387.981 -119.073 -9.34733 397.3 -115.517 -31.7338 424.059 -21.0163 -21.2836 416.748 -13.6096 -34.6335 382.084 -21.2525 13.2671 92.5691 24.5497 
152.77 174.592 172.291 134.621 137.376 140.37 167.459 159.494 82.4795 81.6223 -44.1654 431.274 -49.6682 -61.1574 390.137 -117.752 -10.9923 398.991 -114.483 -33.0124 422.646 -20.1206 -22.2688 416.112 -12.9088 -35.191 381.62 -21.0132 12.863 92.3808 24.247 
152.604 174.287 171.803 134.928 137.764 140.21 167.267 157.967 81.7248 81.5446 -45.3237 431.261 -48.9339 -62.2288 390.13 -117.115 -12.2253 400.199 -113.459 -33.7059 422.166 -19.4648 -23.0299 415.933 -12.267 -35.7255 381.584 -20.6625 12.9227 92.1076 24.4799 
152.995 174.28 171.943 136.188 138.14 140.837 166.734 155.912 81.0808 81.6565 -46.187 431.257 -48.8938 -63.2712 390.192 -116.498 -13.2448 401.707 -111.998 -34.421 421.599 -18.5892 -23.5906 415.764 -11.6834 -36.1376 381.612 -20.2415 12.7478 91.6323 24.9898 
153.627 174.323 172.098 136.817 138.263 141.617 166.421 154.355 80.7102 81.664 -46.9322 431.13 -48.7257 -64.344 390.298 -115.889 -14.3163 403.008 -110.56 -34.7615 421.191 -17.7688 -23.9219 415.504 -11.0701 -36.5688 381.472 -19.7144 12.725 90.7782 25.4649 
154.096 174.616 172.301 136.405 138.071 142.158 166.918 153.73 80.975 81.3749 -47.0758 431.167 -48.2132 -64.7917 389.965 -115.625 -14.5825 404.062 -109.48 -34.6232 421.18 -16.8372 -23.7685 415.267 -10.3926 -36.7429 381.297 -19.1737 12.7992 90.1634 26.0956 
154.335 174.63 172.721 136.629 138.238 142.513 166.973 152.408 80.8278 81.221 -47.013 431.067 -47.5566 -65.6629 389.874 -115.159 -15.3675 405.339 -108.116 -34.3472 421.003 -16.1153 -23.7719 414.888 -9.69447 -37.0146 381.047 -18.676 13.114 89.0383 26.7725 
154.179 174.427 173.068 137.326 138.563 142.435 166.981 151.467 80.5126 81.1962 -47.3819 430.839 -46.4334 -66.9762 389.556 -114.457 -16.2801 406.192 -106.976 -34.2906 420.658 -15.1735 -23.9749 414.598 -8.94545 -37.2414 380.688 -18.1089 13.4243 88.6253 27.5434 
154.241 174.043 174.414 137.262 138.798 142.4 166.881 150.874 80.1055 81.2519 -48.0352 430.51 -45.4285 -68.1775 389.09 -113.771 -16.937 406.85 -105.836 -34.423 420.33 -14.5582 -24.3798 414.359 -8.10588 -37.544 380.366 -17.4584 13.6528 88.0235 28.3641 
154.286 173.699 175.947 136.311 138.392 142.47 167.596 150.677 80.6313 80.7818 -48.6286 430.18 -44.4548 -69.0501 388.065 -113.479 -17.4851 407.586 -104.754 -34.9236 419.927 -12.987 -24.4457 413.834 -7.08902 -37.8337 380.002 -16.8082 13.3913 88.4788 29.3259 
154.472 173.556 177.411 136.113 138.341 142.656 168.403 150.592 80.9886 80.4609 -49.0993 429.932 -43.3372 -69.6918 386.737 -113.198 -18.0229 408.162 -103.803 -35.1315 419.537 -11.7765 -24.4573 413.21 -6.16884 -38.0815 379.474 -16.1285 13.3204 88.3995 30.2342 
154.696 173.62 179.458 135.977 138.647 143.044 169.048 150.849 81.1676 80.5039 -50.1357 429.82 -42.4216 -70.5624 385.597 -112.789 -19.177 408.53 -103.135 -35.5745 419.492 -11.137 -24.8995 413.017 -5.36056 -38.5228 379.193 -15.3828 13.3321 87.8562 30.6463 
155.402 174.05 180 135.915 138.475 144.095 169.932 151.497 80.2349 81.9858 -51.6372 430.369 -41.7668 -72.7599 385.752 -111.857 -20.8271 408.455 -103.164 -35.7103 419.627 -11.5727 -25.6418 413.59 -5.49466 -39.3181 379.328 -14.865 13.6286 87.2046 30.8144 
156.628 174.212 180 136.146 138.788 145.74 169.705 150.859 79.9326 83.6614 -53.9321 430.342 -42.2649 -74.7355 385.246 -110.88 -22.2253 407.853 -102.815 -36.2099 420.51 -13.4956 -26.8111 414.55 -6.18314 -40.0465 379.526 -14.4046 14.0986 84.8378 31.1228 
157.195 174.426 180 135.337 138.797 146.449 169.291 151.294 80.8768 84.5148 -55.2206 429.789 -42.1729 -76.6263 384.636 -109.667 -23.2199 406.317 -102.919 -36.1647 421.424 -15.0485 -27.5314 414.75 -6.56487 -40.6506 379.237 -13.8774 15.1625 82.9159 31.1839 
157.865 174.49 180 136.35 138.988 147.047 168.99 151.818 81.532 84.5698 -56.2763 429.049 -42.0734 -78.1545 383.645 -108.463 -23.8979 404.882 -103.006 -36.6521 421.407 -14.7604 -27.9708 414.369 -6.38668 -41.1253 378.811 -13.2356 15.3417 83.1647 31.4476 
157.97 174.415 179.575 136.216 138.72 147.292 168.557 152.766 82.1948 84.2247 -56.6151 428.5 -41.81 -79.4996 382.996 -107.322 -24.5307 403.046 -103.58 -37.0817 420.959 -14.3403 -28.0063 413.621 -6.1828 -41.4195 378.254 -12.7676 15.1326 84.1007 31.3507 
157.928 173.829 180 135.936 138.811 147.528 168.045 153.898 82.7044 84.2026 -57.0231 428.297 -41.4734 -80.4017 382.589 -106.511 -25.4441 402.115 -103.758 -37.4187 420.936 -14.4442 -28.255 413.327 -5.95186 -41.6792 377.966 -12.3979 15.2422 83.9962 31.0921 
