174.092 177.709 178.334 146.882 144.924 162.999 175.14 177.132 79.1875 83.6539 8.35685 199.766 -43.0292 3.81294 181.942 -111.117 -41.3577 159.549 -119.402 -41.4144 168.94 -3.66839 -46.4325 158.326 1.77405 -15.0033 141.675 -13.9817 14.1779 102.013 20.1985 
174.051 177.688 178.316 147.467 145 162.841 175.144 177.081 79.2118 83.5405 8.41477 199.51 -43.0215 3.9302 181.658 -111.003 -41.3744 159.269 -119.261 -41.326 169.021 -3.63411 -46.3601 158.264 1.86069 -14.9429 141.581 -13.8175 14.1543 101.841 20.267 
174.085 177.682 178.303 148.003 145.075 162.733 175.15 177.041 79.1348 83.448 8.51439 199.288 -43.0088 3.94302 181.449 -110.847 -41.4244 159.041 -119.088 -41.306 169.045 -3.61238 -46.3412 158.208 1.96192 -14.922 141.528 -13.6393 14.155 101.647 20.3049 
174.112 177.669 178.286 148.473 145.128 162.62 175.139 176.985 79.0142 83.3279 8.56321 199.025 -43.0025 4.01134 181.171 -110.685 -41.4638 158.725 -118.895 -41.3152 168.96 -3.61245 -46.3315 158.062 2.0462 -14.8841 141.413 -13.4562 14.1758 101.431 20.3825 
174.242 177.664 178.289 148.816 145.18 162.608 175.126 176.935 78.7303 83.2544 8.75707 198.827 -42.9328 4.09722 180.919 -110.461 -41.4363 158.464 -118.625 -41.3508 168.807 -3.69138 -46.2845 157.929 2.17112 -14.8304 141.317 -13.2429 14.3129 101.113 20.4353 
174.352 177.65 178.279 149.165 145.235 162.552 175.106 176.87 78.5414 83.1798 8.93718 198.601 -42.8348 4.19329 180.679 -110.224 -41.3988 158.261 -118.351 -41.3177 168.694 -3.70751 -46.2103 157.79 2.31733 -14.753 141.205 -13.0225 14.3929 100.815 20.4705 
174.586 177.648 178.24 149.688 145.279 162.483 175.086 176.725 78.2503 83.0514 9.37958 198.274 -42.5985 4.61789 180.249 -109.617 -41.0438 157.809 -117.749 -41.1616 168.563 -3.67604 -45.8812 157.605 2.65899 -14.4089 141.079 -12.4992 14.6563 100.246 20.5514 
174.658 177.684 178.206 149.883 145.226 162.479 175.098 176.628 78.3664 83.0383 9.73672 198.116 -42.6283 4.89827 180.002 -109.345 -40.7388 157.596 -117.482 -41.0753 168.757 -3.73801 -45.6712 157.677 2.74416 -14.1675 141.096 -12.2741 14.8046 99.8402 20.5477 
174.818 177.758 178.145 150.022 145.111 162.5 175.138 176.533 78.4751 83.0348 9.91029 198.273 -42.3535 5.32432 180.114 -108.871 -40.212 157.563 -117.11 -41.0183 168.93 -3.65211 -45.49 157.744 2.90532 -13.8633 141.228 -11.9278 14.9164 99.4914 20.5663 
174.953 177.864 178.095 150.165 144.927 162.609 175.185 176.485 78.6825 83.0669 10.3304 198.39 -42.1415 5.82861 180.356 -108.453 -39.6688 157.828 -116.803 -40.8348 169.232 -3.52428 -45.2652 157.941 3.01113 -13.5515 141.379 -11.6621 14.9319 99.1923 20.5698 
175.131 177.976 178.096 150.221 144.812 162.844 175.287 176.556 78.821 83.2144 10.9943 198.535 -41.7984 6.37101 180.688 -108.03 -39.1251 158.311 -116.471 -40.546 169.521 -3.31418 -44.9513 158.204 3.23939 -13.2191 141.508 -11.3837 14.9669 98.95 20.5527 
175.43 178.123 178.176 150.14 144.674 163.377 175.388 176.683 78.7622 83.5312 11.8542 198.881 -41.4703 6.94776 181.129 -107.639 -38.4854 158.902 -116.106 -40.3174 169.719 -3.27845 -44.5953 158.532 3.46288 -12.877 141.647 -11.1678 15.1741 98.5668 20.5202 
176.048 178.213 178.276 150.094 144.581 163.953 175.551 176.827 78.5049 83.8335 12.6453 199.466 -40.9674 7.58804 181.716 -107.329 -37.9289 159.625 -115.81 -40.0528 169.832 -3.27699 -44.2303 158.818 3.74489 -12.5012 141.811 -10.9995 15.3678 98.2384 20.5741 
176.883 178.26 178.391 150.193 144.5 164.657 175.688 176.946 77.8814 84.1457 13.3836 200.412 -40.3439 8.17825 182.496 -107.07 -37.4216 160.417 -115.506 -39.8766 169.822 -3.3961 -43.8135 159.116 4.086 -12.0772 142.12 -10.8582 15.7841 97.8984 20.6681 
177.988 178.31 178.514 150.398 144.527 165.535 175.726 177.007 76.9961 84.4573 14.1408 201.635 -39.5556 8.8517 183.365 -106.863 -36.9674 161.301 -115.152 -39.7432 169.667 -3.60828 -43.2992 159.32 4.5578 -11.619 142.434 -10.7278 16.4421 97.4747 20.86 
179.419 178.411 178.684 150.781 144.817 166.611 175.645 177.039 75.7218 84.6679 15.0287 202.981 -38.8449 9.23259 184.116 -106.74 -36.7404 161.987 -114.773 -39.6124 169.334 -4.06887 -42.6145 159.367 5.1501 -11.129 142.755 -10.6251 17.4636 96.8489 21.0302 
178.807 178.487 178.938 151.4 145.335 168.037 175.457 177.025 74.1401 84.8061 16.4011 204.45 -38.4333 9.25568 184.648 -106.811 -36.6272 162.437 -114.411 -39.4587 168.967 -5.01217 -41.7279 159.388 5.66352 -10.5705 143.139 -10.6169 18.9346 95.757 21.0407 
175.993 178.613 179.284 152.914 145.952 170.18 175.413 177.077 71.8955 85.0509 18.0281 206.975 -38.2347 9.06224 185.639 -107.089 -36.197 163.074 -114.197 -39.485 168.449 -6.70472 -40.7874 159.568 5.88868 -9.85133 144.018 -10.7768 21.0056 94.0016 20.8269 
166.335 178.911 179.619 154.602 146.199 174.922 175.423 177.128 68.9777 85.6061 20.5401 211.91 -37.0015 8.86939 187.801 -107.323 -35.4823 165.06 -114.023 -39.7539 168.122 -9.52961 -39.8463 160.222 5.85016 -8.84837 145.685 -11.1047 24.0368 90.7564 20.473 
161.57 179.19 179.537 156.126 146.124 179.784 175.278 176.851 65.2144 85.5175 21.4731 216.504 -34.7814 8.60244 189.447 -106.98 -34.7917 166.311 -113.065 -40.6057 167.058 -13.6771 -38.9208 160.045 6.37118 -7.58621 147.046 -10.7888 29.33 84.9138 20.2496 
163.042 179.209 179.047 148.698 146.421 177.797 174.908 175.805 62.2897 85.2048 21.694 220.058 -33.7148 8.24317 190.78 -106.866 -33.7494 167.931 -112.41 -42.0824 166.384 -23.1362 -37.8015 159.789 6.58864 -6.29479 148.21 -10.8842 40.6879 72.0193 19.5823 
163.292 178.963 177.946 105.141 145.166 177.173 174.573 174.369 74.5878 83.7543 20.0508 225.087 -31.8226 8.78435 194.581 -105.831 -32.3391 172.344 -111.485 -46.0498 166.349 -42.6867 -37.1849 159.444 5.73398 -4.41987 150.25 -11.3111 64.0269 45.9518 19.409 
166.132 177.821 176.662 91.4992 144.834 179.894 174.171 172.756 134.997 83.0509 17.8013 229.111 -29.4256 9.5576 198.781 -104.565 -30.8789 176.992 -110.909 -51.5198 170.832 -73.4034 -37.1405 159.438 4.93521 -2.62431 152.249 -11.3779 85.3111 21.2544 19.3071 
165.106 176.748 175.384 104.152 143.973 179.617 173.643 171.782 157.225 84.898 14.8963 230.993 -27.0153 11.0992 199.43 -103.977 -29.0167 178.043 -111.515 -49.2707 166.077 -86.872 -38.0611 158.971 3.96836 -0.665321 152.439 -11.2145 91.3738 12.0483 19.244 
163.124 176.144 174.565 163.949 143.552 177.989 173.817 171.198 174.563 86.1164 10.7733 231.744 -24.528 11.644 198.694 -103.899 -27.5388 176.69 -111.017 -43.3843 161.93 -101.048 -38.2065 156.792 3.44625 1.18456 151.955 -10.8675 97.2146 3.43102 19.2797 
161.602 176.115 179.601 175.977 142.993 175.958 174.461 178.058 178.627 86.6478 5.97488 230.453 -24.9395 10.5364 195.754 -104.599 -22.7808 170.472 -114.128 -40.129 162.635 -110.847 -37.4965 153.735 2.81535 2.57618 150.937 -11.0014 97.3707 5.48667 16.5249 
164.54 175.324 180 175.687 142.011 173.103 174.348 180 178.519 87.2349 -1.46985 228.173 -25.7876 6.30305 190.31 -104.194 -21.6301 162.763 -113.326 -39.9754 165.1 -109.176 -35.67 150.717 4.31557 4.35824 149.861 -9.4503 92.6596 11.884 14.0683 
177.202 175.952 180 175.064 141.048 168.953 174.562 180 178.262 85.3335 -16.3746 217.515 -29.5482 2.16627 181.652 -105.083 -19.3613 152.338 -112.471 -64.5265 172.286 -91.4771 -31.3238 144.682 5.78051 6.79109 148.741 -7.9599 73.5337 31.4732 11.5712 
139.522 176.441 180 175.025 139.013 141.253 174.333 180 178.216 83.7374 -33.0763 183.692 -27.522 -0.912804 172.282 -104.621 -15.778 143.533 -110.667 -89.6663 174.987 -53.829 -26.1852 138.726 7.44386 9.40496 146.587 -6.66306 50.5976 56.0154 8.31082 
141.404 176.044 180 90.0456 137.26 136.446 173.275 180 117.064 80.6188 -36.1129 170.071 -26.5862 -0.98438 166.893 -105.07 -11.4352 139.743 -109.985 -30.1642 155.872 -10.1191 -19.9932 135.12 7.88038 13.7636 146.072 -6.51294 19.9438 86.1958 5.8826 
141.591 175.893 180 150.491 135.663 137.931 172.845 179.998 84.7725 78.2395 -34.1818 162.934 -27.0598 -0.949065 158.842 -103.608 -8.56481 140.273 -110.358 -13.8012 148.163 14.9371 -13.2024 130.683 9.23211 17.4962 144.841 -5.42457 12.9631 113.341 2.79065 
140.703 172.708 175.198 149.118 140.398 135.219 171.86 178.183 82.1383 75.7214 -19.6885 158.026 -28.9202 3.93784 149.637 -100.991 -2.9246 136.167 -107.421 -4.98406 146.043 17.7165 -1.51007 130.17 12.6675 25.105 147.996 -2.45509 15.0232 112.107 6.91005 
157.908 173.967 179.706 145.928 143.192 134.447 173.463 179.898 77.0626 74.2874 -2.82851 158.406 -35.4383 10.6931 146.246 -100.233 0.303415 134.624 -105.506 -1.71765 144.744 13.6229 4.36357 130.286 12.7628 28.3786 150.874 -1.52937 13.1639 105.933 10.7866 
153.262 178.154 180 148.808 145.088 133.914 175.029 179.993 79.5762 74 0.794694 160.664 -35.0394 16.4461 147.107 -98.9716 3.18799 136.901 -102.773 -1.44695 146.774 10.7925 9.16833 132.374 11.5769 31.8258 154.564 -1.31595 11.3294 99.3184 14.1498 
151.713 179.237 173.625 144.149 145.017 123.627 174.995 177.837 81.6747 74.4278 5.75073 155.534 -28.674 17.7814 148.725 -97.892 9.7444 133.384 -101.757 -0.248538 145.05 8.57954 13.8156 132.001 10.2917 33.8004 158.021 -1.65288 9.83404 98.1802 11.0824 
145.496 178.555 171.859 147.687 146.941 120.14 174.138 175.893 81.2676 75.4339 5.8941 154.325 -24.7377 16.5133 149.875 -96.9331 14.2519 133.959 -101.78 2.90165 143.822 9.87128 16.9196 133.099 9.87477 35.2942 160.605 -1.59345 12.2939 100.703 8.1183 
147.004 176.905 175.742 148.527 145.833 116.612 172.533 176.409 86.033 78.5847 0.260782 155.164 -20.4692 15.5183 156.796 -96.2159 21.2612 139.86 -103.156 4.20891 145.529 12.3608 19.2789 135.866 9.67661 37.1928 164.724 -1.08715 13.5329 105.098 3.57926 
129.345 176.888 174.989 149.635 146.185 115.899 170.852 173.244 88.437 81.3894 -3.6986 164.687 -18.3054 14.735 164.882 -95.2045 25.8496 144.957 -101.955 6.11156 146.525 12.4439 21.7766 139.073 10.1133 39.4979 169.8 0.0359937 13.4687 103.28 0.743703 
110.242 174.617 173.988 150.038 146.765 123.985 167.427 168.647 88.5183 83.9175 -9.52947 180.379 -19.0715 14.4364 170.829 -93.6991 30.1623 150.452 -100.654 9.72313 147.915 10.2093 25.0325 141.465 9.23247 41.9575 174.78 0.112404 12.3532 100.399 3.50443 
103.59 171.672 174.08 148.474 148.52 140.527 164.414 165.688 87.9265 85.5744 -9.98336 197.522 -24.4233 13.6529 175.138 -92.5379 33.9971 152.505 -99.139 15.2901 146.574 10.0681 28.9037 141.673 8.25142 43.7043 177.094 -0.295091 13.7483 100.347 6.90695 
102.871 170.359 171.032 146.174 147.29 152.769 163.332 160.914 87.335 85.9054 -15.2843 206.07 -24.1629 13.4106 177.595 -92.2635 36.1077 151.285 -96.4341 20.956 145.704 10.7428 33.6867 141.327 7.71287 45.4671 178.287 -0.699902 14.5556 99.4624 10.2053 
155.86 169.494 167.415 143.84 146.105 172.638 162.274 157.635 87.7976 86.3323 -30.8611 212.686 -24.5477 13.53 178.662 -91.5477 38.5912 149.77 -93.8864 24.7234 144.593 10.1559 37.7724 141.044 7.75831 47.2775 179.242 -0.504547 13.949 96.462 13.2991 
170.13 169.447 165.347 141.577 144.527 176.029 162.363 152.719 89.6069 87.2784 -34.6575 217.506 -22.4517 15.277 177.26 -90.7425 41.0316 145.678 -88.9032 28.3698 141.902 10.0904 42.0611 139.923 8.53655 49.1503 179.393 -0.00229573 13.3578 91.5953 16.4169 
166.562 169.086 161.589 137.067 141.187 174.544 163.396 149.715 91.1655 89.0786 -34.8513 215.66 -22.8188 17.3646 177.997 -90.1087 44.0926 142.894 -85.0884 31.8629 138.984 8.7691 45.6514 138.699 9.18811 50.996 179.912 0.782161 12.6419 86.3442 20.4227 
164.593 168.763 159.802 136.379 139.596 175.813 164.441 147.401 91.4561 90.5871 -32.9717 210.955 -24.0053 19.9368 180.39 -89.9259 48.0276 142.57 -83.19 34.8949 137.91 8.52748 48.57 137.812 9.70711 53.0031 180.507 1.57548 12.0803 84.8847 23.6134 
166.157 168.892 152.17 134.971 138.122 177.588 165.121 147.297 92.9074 92.2856 -28.9953 206.765 -25.4808 22.0177 180.493 -89.3295 52.7942 142.319 -81.7148 38.7327 135.71 8.47032 52.2674 136.693 10.3692 55.0376 180.85 2.37504 11.8859 83.6725 25.4909 
167.584 169.002 145.689 133.941 137.441 179.564 165.475 147.03 94.0328 94.6534 -25.065 201.225 -25.7956 24.1109 181.163 -88.9388 57.254 142.277 -80.7277 42.0664 133.955 8.52226 55.6869 135.02 10.6861 57.0984 180.759 3.12568 11.2285 83.3924 27.5623 
166.117 168.883 137.951 139.073 139.873 178.315 164.389 149.431 92.7288 95.656 -16.9784 189.534 -26.9775 28.3567 184.472 -89.274 66.8665 147.998 -83.1083 49.7412 135.121 9.77377 63.4621 135.892 10.4056 61.5119 182.128 3.59499 11.5463 88.8807 28.6738 
167.043 168.706 136.402 139.791 141.241 176.811 162.44 151.319 90.9494 94.3956 -12.1482 181.987 -26.6638 30.0389 185.767 -88.8734 70.7489 151.736 -85.3999 53.1935 136.979 10.1609 67.3019 137.441 10.4495 63.9781 182.713 3.7925 11.4836 92.5639 28.116 
164.426 168.825 138.745 140.634 142.705 179.873 160.997 153.58 91.3006 94.4014 -8.99152 177.959 -26.6428 32.6783 187.295 -88.8728 75.1709 155.811 -87.8294 56.0404 136.952 9.43611 70.113 138.073 10.0787 66.433 183.135 3.88432 11.5141 94.7148 27.3193 
165.297 169.656 145.366 141.873 144.364 177.986 160.39 156.621 90.2264 92.7588 -4.93803 173.263 -26.7715 33.5931 189.058 -89.0058 78.5246 161.096 -91.4717 59.6495 139.024 10.4402 73.6471 140.349 10.2503 68.9291 184.043 3.68419 12.1408 99.6356 26.495 
166.035 169.562 152.451 141.837 144.447 176.569 158.794 160.789 88.482 90.8905 -0.259668 168.262 -26.1389 33.7129 189.692 -87.8762 81.7711 166.76 -94.6911 62.6891 140.975 11.2062 76.4145 142.169 10.4976 71.0962 184.336 3.73152 12.7306 104.896 26.1319 
163.669 170.167 158.072 142.077 145.515 175.707 157.249 163.717 87.2128 89.4573 3.51219 165.781 -26.0727 34.8799 189.377 -87.1436 85.7674 171.19 -96.902 66.0477 142.419 11.4353 79.5251 143.953 10.9631 73.4797 184.684 3.64159 12.8869 108.561 26.5489 
160.835 171.136 162.652 142.5 146.698 174 156.497 165.96 86.6952 88.3618 6.11245 164.959 -25.9738 36.6043 189.045 -86.6709 89.9167 174.623 -98.3454 69.4745 143.306 11.574 82.7295 145.634 11.5704 75.9398 185.148 3.62556 13.0058 110.933 27.4262 
159.346 172.589 165.33 142.581 147.763 171.013 156.791 167.098 87.0123 87.7304 7.60639 165.295 -26.215 39.5238 188.864 -86.942 94.5094 177.052 -99.1567 72.9185 143.695 11.6159 86.0578 147.098 12.131 78.5025 185.659 3.6564 13.0873 112.098 27.9915 
158.929 173.852 166.62 142.275 148.492 169.248 156.741 168.015 87.0095 87.2549 9.71081 164.363 -26.5521 42.2488 187.969 -87.0494 98.7259 178.419 -99.5769 75.9767 143.966 11.7347 89.0046 148.021 12.7748 80.8957 185.749 3.65217 13.0641 113.056 28.6682 
158.932 174.892 167.13 142.959 149.289 167.68 155.498 167.664 86.4901 87.0746 11.2755 164.396 -27.2572 46.0138 186.957 -87.1119 102.744 179.072 -99.5194 78.9959 144.751 11.766 91.8082 148.919 13.2879 83.3556 186.161 3.70773 13.0151 113.02 28.5307 
159.521 175.17 167.424 143.363 149.775 166.853 155.373 167.337 86.3465 86.6407 13.0486 164.057 -27.9201 50.1646 186.05 -87.5352 106.751 178.97 -99.177 82.2091 145.61 12.5109 94.9778 149.99 14.0337 85.7911 186.621 3.82549 12.9899 113.1 28.0748 
160.322 175.181 167.598 143.843 150.093 166.743 154.804 167.16 86.0696 86.4092 14.9267 163.528 -28.432 53.711 184.564 -87.6311 110.106 178.506 -98.6998 85.2129 146.382 13.2739 97.9263 150.75 14.8262 88.1147 186.884 3.96792 12.8598 113.06 27.7023 
161.661 174.189 167.71 145.275 150.345 167.827 154.014 166.748 86.8177 86.3796 17.2052 162.812 -29.2367 57.5616 183.028 -87.6267 113.209 177.601 -98.022 87.549 147.038 14.7477 100.589 151.369 15.6667 90.398 187.171 4.17242 12.7241 113.241 26.9383 
162.423 172.95 167.313 145.405 150.52 168.701 152.692 165.969 86.6921 86.1758 19.173 162.505 -30.0514 61.2165 181.465 -87.5092 115.715 176.458 -97.3432 89.903 148.301 15.6696 103.075 152.271 16.4991 92.6949 187.749 4.24453 12.4721 112.805 25.9804 
163.711 171.076 167.453 145.906 150.588 170.075 151.602 165.403 86.9886 86.217 21.6111 162.542 -30.766 64.7552 179.519 -86.9584 117.89 175.009 -96.4065 92.0781 149.537 17.0657 105.456 153.204 17.5737 95.0126 188.363 4.54417 12.3076 112.389 24.8891 
164.54 169.142 167.444 146.105 150.407 171.006 150.428 164.597 87.732 86.3541 23.4678 163.145 -31.8011 68.3884 177.839 -86.6135 119.787 173.802 -95.6994 93.6629 150.655 18.114 107.493 153.987 18.1722 97.2188 188.985 4.62639 12.0964 111.778 23.5241 
165.011 167.687 168.406 146.403 150.184 172.062 149.663 164.182 88.3181 86.3551 25.7213 162.999 -32.1939 71.49 176.076 -85.8785 121.426 172.448 -94.7589 95.099 151.502 19.147 109.244 154.661 18.9215 99.2192 189.388 4.83365 11.9747 111.221 22.4747 
165.565 166.267 169.717 145.804 149.661 172.794 149.321 164.181 88.7958 86.3491 27.741 163.625 -32.7216 74.1294 174.913 -85.3959 123.04 171.473 -94.1246 96.952 152.03 19.8599 111.15 155.332 19.6016 101.132 189.815 5.09119 11.9171 110.405 21.672 
166.108 164.888 170.527 145.976 149.239 173.556 148.843 164.1 88.7411 86.0724 29.7159 163.436 -32.9617 76.5707 174.027 -84.7532 124.404 170.956 -93.509 98.4595 152.676 20.2872 112.801 155.931 19.9996 102.825 190.127 5.38059 11.864 109.748 20.8945 
166.32 163.622 171.238 146.096 148.9 173.861 148.551 164.053 88.5666 85.8552 31.2684 164.27 -33.0023 78.7202 173.919 -84.0126 125.821 171.046 -92.822 100.089 153.647 20.9104 114.391 156.774 20.5363 104.516 190.757 5.81873 11.9791 109.393 20.3969 
166.438 162.602 171.693 146.614 148.742 174.21 148.459 164.199 88.6387 85.8267 32.9902 164.482 -32.8488 80.553 173.792 -83.2438 127.103 171.088 -92.1805 101.372 154.284 21.4865 115.7 157.392 21.1046 106.034 191.234 6.25253 11.9935 109.101 20.0704 
166.535 162.759 170.697 145.579 147.701 173.479 151.741 162.58 84.7001 84.4421 33.9426 164.752 -32.4499 83.2492 173.444 -83.2661 127.9 169.814 -90.523 104.025 156.441 20.8766 117.909 158.892 21.2248 107.218 191.696 6.72927 12.1031 107.68 18.3706 
165.999 167.597 167.792 143.981 145.846 172.079 156.095 160.727 82.5853 83.5575 35.3155 165.232 -31.8685 86.0406 173.782 -83.5518 128.791 168.131 -88.678 106.632 157.657 20.7531 120.217 160.14 21.4411 108.427 192.251 7.35118 12.2934 105.704 16.738 
166.033 172.944 164.826 143.568 144.832 171.62 159.586 158.919 81.7609 83.1896 36.5543 165.523 -31.3181 88.6416 174.684 -83.596 129.402 166.879 -87.0734 108.293 158.317 21.046 121.79 160.869 21.7576 109.5 192.747 7.9978 12.4637 104.157 15.4238 
166.12 178.655 162.958 143.88 144.062 171.542 162.773 157.997 81.7618 82.9407 37.6815 165.439 -30.6999 91.5113 175.582 -83.6989 130.329 165.946 -85.9284 109.761 158.75 21.9563 123.255 161.452 22.1013 110.479 193.141 8.5456 12.9531 103.565 14.3686 
166.317 175.726 160.33 144.659 143.421 171.726 166.407 156.357 81.2268 82.3893 39.4973 165.816 -29.5915 95.652 177.7 -83.3124 132.177 165.905 -84.1053 112.284 159.639 23.0109 125.498 162.568 22.7853 112.22 193.997 9.69596 13.6254 102.586 13.6166 
166.487 174.27 159.475 145.346 143.656 171.725 166.578 156.189 81.0744 82.0828 40.1461 165.6 -28.9295 96.3362 179.15 -83.2573 132.96 166.808 -83.725 113.312 160.215 23.7476 126.539 163.202 23.2339 112.734 194.463 10.2405 13.8486 103.007 14.1064 
166.556 174.27 158.996 145.887 143.812 171.908 166.266 156.006 80.8452 81.7188 40.9936 165.241 -28.414 97.5339 179.969 -82.9671 133.864 167.494 -83.2707 114.276 160.672 24.4454 127.587 163.61 23.6838 113.319 194.689 10.7592 14.0137 103.441 14.123 
166.468 174.27 158.649 146.102 143.92 171.944 166.113 156.163 80.9157 81.5693 41.3948 164.888 -27.7598 98.2177 180.612 -82.7016 134.566 168.008 -82.9518 114.954 160.82 25.1221 128.318 163.783 24.1503 113.726 194.784 11.205 14.125 103.941 14.309 
166.559 174.27 158.677 146.374 144.125 172.107 166.246 156.237 80.8431 81.3904 41.7673 165.043 -27.1747 98.6374 181.515 -82.3846 134.94 168.692 -82.6332 115.443 161.319 25.7669 128.914 164.172 24.5958 114.133 195.074 11.6669 14.1886 104.445 14.4535 
166.707 174.27 158.799 146.478 144.319 172.208 166.361 156.228 80.6607 81.1581 42.0726 165.242 -26.4406 98.9177 182.291 -81.9106 135.238 169.371 -82.1469 116.002 161.955 26.401 129.511 164.759 25.1309 114.541 195.511 12.2222 14.2316 104.731 14.5832 
166.612 174.27 159.036 146.46 144.48 172.338 166.123 156.377 80.8251 81.1732 42.4703 165.653 -25.7482 99.037 183.034 -81.3464 135.525 170.203 -81.7345 116.384 162.36 26.9745 129.953 165.161 25.6128 114.952 195.929 12.7484 14.2218 105.004 14.6737 
166.594 174.27 159.488 146.304 144.662 172.515 165.648 156.423 80.8852 81.0941 42.8608 165.971 -25.0858 99.1868 183.493 -80.7694 135.732 170.806 -81.2361 116.801 162.681 27.4712 130.386 165.519 26.119 115.301 196.287 13.2758 14.1677 105.035 14.6634 
166.687 174.27 160.098 146.337 144.91 172.647 165.146 156.451 80.8873 80.9261 43.2094 166.016 -24.3315 99.3415 183.48 -80.1815 135.831 171.011 -80.6951 117.417 163.05 28.0847 130.969 165.973 26.6926 115.677 196.653 13.7807 14.1649 104.969 14.5513 
166.441 174.27 160.598 145.967 144.943 172.385 165.032 156.823 80.8102 80.7585 43.2416 166.042 -23.5869 99.354 183.555 -79.7951 136.003 171.168 -80.3972 118.14 163.225 28.5971 131.54 166.306 27.2264 115.899 196.867 14.2373 14.1962 104.915 14.659 
166.365 174.27 160.98 145.641 144.843 172.311 164.87 157.03 80.6449 80.6251 43.3438 166.042 -22.9769 99.4706 183.78 -79.3558 136.051 171.4 -80.0513 118.641 163.416 29.0082 131.989 166.539 27.7059 116.057 197.039 14.7135 14.1423 104.805 14.65 
166.438 174.27 161.397 145.612 144.702 172.271 164.812 157.28 80.2941 80.3894 43.4616 166.17 -22.4191 99.6207 184.087 -78.913 136.099 171.873 -79.7418 119.138 163.871 29.4711 132.475 166.922 28.1123 116.201 197.287 15.1789 14.2033 104.965 14.5587 
166.578 174.27 161.694 145.69 144.679 172.202 164.717 157.318 79.9697 80.2025 43.455 166.329 -21.9158 99.8022 184.439 -78.4161 136.145 172.436 -79.3316 119.452 164.333 29.9123 132.805 167.308 28.5447 116.306 197.566 15.697 14.2302 105.039 14.4094 
166.754 174.27 162.082 146.035 144.751 172.411 164.648 157.388 79.836 80.0182 43.7749 166.414 -21.4969 99.8817 184.744 -77.883 136.13 172.879 -78.8409 119.598 164.777 30.4797 133.023 167.693 29.0038 116.399 197.849 16.2052 14.2874 105.175 14.3012 
166.744 174.27 162.384 146.211 144.814 172.441 164.563 157.363 79.8288 79.8712 43.9347 166.379 -21.0639 99.8899 184.945 -77.3745 136.121 173.153 -78.2957 119.719 165.081 31.0032 133.164 168.057 29.4496 116.392 198.101 16.6778 14.3393 105.133 14.2872 
166.538 174.27 162.614 146.274 144.887 172.251 164.438 157.289 79.9172 79.7544 43.8662 166.572 -20.559 100.038 185.146 -76.9302 136.18 173.347 -77.7519 119.917 165.321 31.4746 133.32 168.462 29.8874 116.392 198.428 17.1413 14.384 104.894 14.2606 
166.822 174.27 163.246 146.448 144.977 171.728 164.819 157.14 80.0213 79.3826 43.2418 167.208 -19.5058 100.556 185.598 -75.9269 136.097 173.918 -76.5199 120.416 166.456 32.9923 133.752 169.89 31.0333 116.144 199.314 18.2215 14.6841 104.794 13.9665 
168.36 179.701 164.827 147.359 146.556 171.939 165.144 158.852 81.6539 79.9248 42.3632 167.886 -19.3465 100.229 185.417 -75.8279 136.334 176.051 -76.2794 120.441 166.208 33.792 133.862 170.411 31.5814 115.934 199.971 18.721 14.615 105.129 13.4062 
