166.613 163.215 146.27 136.774 134.891 175.085 153.585 149.844 74.3061 94.5744 -54.4231 160.201 25.6623 -0.162722 142.93 -31.6204 35.129 121.131 -28.3554 23.2852 116.411 57.8007 33.6113 110.212 60.2254 26.9239 161.462 58.0022 13.1284 80.8034 17.0372 
167.013 162.939 145.215 137.038 135.191 175.542 152.953 149.24 74.1716 94.7899 -55.992 161 26.0965 -1.47505 143.45 -31.0718 33.6462 121.751 -27.7012 22.2882 117.243 58.0502 32.7054 110.974 60.4453 25.5284 162.356 58.207 13.0978 80.517 16.9889 
167.121 162.416 145.058 135.472 135.375 175.915 152.404 148.745 74.899 95.5198 -57.6353 161.632 26.4733 -2.8345 143.498 -30.5716 32.2098 122.208 -27.264 21.7888 117.183 57.4178 32.17 111.402 60.1758 24.1374 163.062 58.2925 12.6574 78.9342 16.8311 
167.365 162.091 145.698 133.873 135.218 176.228 151.944 148.074 75.3766 96.0103 -59.3168 162.131 26.6039 -4.89457 143.64 -30.5916 30.2104 122.182 -27.32 20.8622 116.691 56.2402 31.1071 111.215 59.3284 22.6984 163.154 58.0208 12.2982 77.3157 17.029 
167.686 161.922 145.705 132.454 135.69 176.625 151.68 147.629 75.919 96.5837 -60.6919 162.48 26.6438 -6.75448 144.247 -30.6562 28.4662 122.46 -27.3062 19.8623 116.55 55.4302 30.0669 111.281 58.8452 21.3358 163.522 57.8621 11.9138 76.1571 17.377 
167.93 161.348 145.196 130.272 136.353 177.334 151.1 146.592 77.3313 98.0149 -61.8343 163.227 26.7038 -7.91581 144.72 -30.1792 27.2329 122.776 -26.4536 19.5589 116.334 54.5559 29.7006 111.652 58.4173 20.028 164.443 58.0297 11.4938 73.7508 17.656 
167.983 160.733 145.274 128.041 136.17 177.531 150.576 145.513 78.6486 99.2489 -63.502 164.096 26.4569 -9.37527 145.159 -30.3429 25.797 122.947 -26.3856 18.9128 115.677 52.945 29.0182 111.37 57.0812 18.6351 164.639 57.7011 11.1967 71.5778 18.0116 
167.91 160.619 145.905 125.53 136.1 177.413 150.863 145.618 79.7307 100.054 -65.602 164.945 26.2408 -11.4094 145.403 -31.1156 24.1156 122.899 -27.1966 17.7581 114.65 51.1466 27.6739 110.619 55.8834 17.1053 164.312 57.1052 10.7397 70.1459 18.4049 
168.153 160.301 146.092 122.4 136.498 177.572 150.96 145.307 81.2344 101.042 -67.3971 165.605 26.3326 -13.4969 146.01 -31.4422 22.2717 122.781 -27.3232 16.6147 113.951 49.8454 26.4965 110.242 55.3035 15.6028 164.447 56.8662 10.1267 68.4645 19.0772 
168.625 160.009 146.481 118.961 136.72 178.033 150.994 144.973 83.0343 102.283 -69.0079 167.103 26.4308 -14.8826 146.758 -31.208 20.9161 122.937 -26.6282 16.0149 113.789 48.7737 25.8602 110.514 55.0478 14.157 165.26 57.1194 9.56695 65.9971 19.6254 
168.168 159.812 146.896 115.944 136.359 177.403 151.077 144.826 84.5967 103.21 -71.5359 168.727 26.5079 -16.2889 147.153 -31.477 19.6274 123.018 -26.6438 14.951 113.278 47.2796 24.8052 110.169 54.2352 12.6505 165.378 56.9699 9.06436 64.1553 19.9608 
167.982 159.824 147.196 113 135.961 177.135 151.494 144.743 86.4368 103.256 -73.7841 169.19 27.0249 -18.1823 147.004 -31.7294 17.9887 122.541 -26.7277 13.9001 112.453 46.1311 23.747 110.037 54.0614 11.1306 165.268 56.7263 8.70082 62.734 20.4159 
168.168 159.847 147.589 110.088 136.304 177.444 152.015 144.767 89.0779 104.213 -75.3497 169.567 27.5038 -19.9834 147.727 -31.6055 16.2499 122.561 -26.3702 12.8504 111.944 45.2768 22.705 110.185 54.2457 9.61855 165.901 57.047 8.39968 60.8492 20.9513 
168.167 159.92 147.758 108.348 135.952 177.282 151.986 144.346 91.4708 105.156 -77.1922 170.57 27.6411 -21.1029 148.074 -31.3687 15.0979 122.466 -25.5762 11.8435 111.581 44.4079 21.7959 110.305 54.0781 8.16654 166.456 57.2857 8.15187 58.8435 21.369 
167.278 159.686 147.761 107.77 135.357 176.29 151.818 143.723 93.0817 105.753 -79.8916 171.607 28.3068 -22.2806 147.624 -31.2619 13.85 121.761 -25.0091 10.8369 110.89 43.751 20.9546 109.943 53.693 6.76552 166.38 57.1569 7.9599 57.5416 21.6934 
168.123 158.119 147.622 111.158 136.418 176.91 151.825 143.398 91.2422 106.142 -81.9152 172.077 29.4531 -24.6188 148.06 -31.1898 11.7905 122.154 -25.7124 9.35175 111.274 44.4561 19.701 109.719 53.43 5.10435 166.343 56.9495 7.84945 59.2639 21.8263 
168.72 157.082 147.123 114.283 138.21 177.404 151.935 143.795 90.7019 107.528 -83.7544 172.728 30.1115 -26.7754 148.925 -30.936 10.104 123.132 -26.1648 7.84284 111.691 44.9836 18.3373 109.641 53.4816 3.46416 166.937 57.102 7.65301 60.3134 21.875 
168.788 156.701 146.559 117.806 139.332 177.37 151.686 143.17 89.0294 108.579 -85.9905 173.771 30.4318 -28.5033 149.208 -30.9879 8.83972 123.322 -26.188 6.45822 112.18 45.5701 17.2335 109.134 53.0635 1.92651 166.997 56.8789 7.48762 61.3658 22.278 
169.065 155.944 146.398 121.223 140.488 177.205 151.386 142.589 86.5595 109.116 -88.1601 174.496 31.1836 -30.2697 149.253 -31.0348 7.34457 123.357 -26.4363 5.11303 112.898 46.5027 16.2864 108.67 52.5364 0.466748 166.785 56.604 7.78886 63.1152 22.531 
169.502 155.767 146.662 123.979 141.913 177.247 151.55 142.808 86.6519 109.697 -89.5317 174.263 32.1035 -32.474 150.194 -31.1667 5.42229 124.502 -27.4377 3.7705 112.82 46.2941 14.9342 108.667 52.1838 -0.964093 167.002 56.6699 7.84134 63.789 22.396 
170.048 156.173 146.782 127.02 142.542 177.509 151.72 143.306 86.6403 110.328 -90.823 174.397 32.2118 -34.2059 150.879 -31.2557 3.94764 125.489 -27.9408 2.15844 113.002 46.1569 13.528 108.772 52.1646 -2.3323 167.436 56.8029 7.52604 64.1023 22.2054 
169.911 156.982 146.497 129.412 142.678 176.972 151.747 143.081 84.7673 110.302 -92.973 175.418 32.4328 -35.7182 151.019 -31.6547 2.8849 125.652 -28.2204 0.759201 113.815 46.7293 12.5022 108.689 51.8783 -3.54797 167.392 56.4777 7.79004 65.4313 22.4872 
168.596 156.783 145.631 125.201 139.858 176.271 151.64 141.238 83.0446 107.606 -94.3459 175.915 33.3068 -36.722 151.797 -32.2463 1.8412 125.729 -28.2858 -0.606941 115.361 47.1734 11.6741 109.602 51.6633 -4.5371 167.179 55.8538 7.99592 66.9925 23.1437 
167.83 157.128 148.141 122.332 138.304 176.113 151.754 140.394 83.07 105.681 -95.1824 175.791 34.5208 -38.1168 152.449 -32.4196 0.301533 126.109 -28.6475 -1.45022 115.86 46.6245 10.7122 110.58 51.6601 -5.55221 167.272 55.61 7.57357 66.8721 23.2711 
167.499 157.912 150.902 120.284 137.269 176.513 151.906 140.07 83.9153 103.65 -95.6432 175.172 35.5993 -39.8624 153.39 -32.4365 -1.48314 127.09 -29.1826 -2.32576 116.233 45.5965 9.6807 112.062 51.8891 -6.58541 167.691 55.593 6.90311 66.1073 23.1814 
167.323 158.994 153.045 118.335 135.577 176.531 152.036 139.758 84.3557 102.242 -96.3199 174.885 35.9173 -41.0976 154.124 -32.6085 -2.83468 127.594 -29.4118 -3.7313 116.803 45.0279 8.5225 113.092 52.1651 -7.5225 168.048 55.5864 6.32527 65.6221 23.1799 
166.252 160.213 154.288 116.487 133.305 175.464 152.318 139.367 83.1706 100.665 -97.5374 175.151 36.124 -42.0272 154.425 -33.0814 -3.64153 127.55 -29.6198 -5.13068 117.93 45.4668 7.5849 113.842 52.3573 -8.34371 168.069 55.2961 5.96236 66.6576 23.4636 
165.32 161.379 155.985 115.196 131.669 174.156 152.812 139.289 81.3314 99.0313 -99.147 175.733 36.5335 -42.9905 154.469 -33.5334 -4.39771 127.207 -29.8058 -6.16009 119.157 46.3596 6.71655 114.501 52.7677 -9.10897 168.034 54.9326 6.05373 68.2129 23.8109 
164.868 162.107 157.646 115.522 130.746 173.328 153.198 139.303 79.7278 97.1346 -100.613 176.276 37.2703 -44.2704 154.79 -33.7321 -5.68792 127.26 -29.9962 -7.21783 120.492 47.4608 5.89289 115.568 53.1582 -9.89182 168.229 54.6573 6.40756 70.0231 23.9841 
164.787 162.425 159.178 116.309 130.339 172.963 153.559 139.472 79.2841 95.9706 -101.86 176.765 38.2562 -45.6903 154.997 -33.6422 -7.16663 127.439 -30.037 -7.95546 121.284 48.2385 5.24617 116.572 53.4125 -10.6811 168.601 54.5828 6.80515 70.9514 23.9867 
164.773 162.523 160.156 116.088 129.662 173.074 153.821 139.557 79.4282 95.3929 -102.728 177.032 39.1059 -46.9182 154.972 -33.3347 -8.60855 127.525 -29.7629 -8.67162 121.928 48.6408 4.79557 117.525 53.5096 -11.442 169.076 54.6642 6.87328 71.0219 23.8826 
164.87 162.52 160.493 115.286 128.014 173.26 154.037 139.767 79.8176 95.4501 -103.546 177.04 39.7851 -47.9357 154.757 -33.0241 -9.77436 127.493 -29.5008 -9.39274 122.162 48.6589 4.31343 117.987 53.3442 -12.1563 169.339 54.7957 6.85681 70.6498 23.7444 
164.901 162.725 160.211 115.425 126.603 173.413 154.294 140.164 80.0163 95.2995 -104.258 177.056 39.9608 -48.7264 154.727 -32.9646 -10.6034 127.534 -29.4466 -10.409 122.419 48.8984 3.66663 118.344 53.258 -12.8281 169.49 54.8413 6.90487 70.8842 23.6808 
164.75 163.185 159.696 116.86 125.848 173.363 154.603 140.7 79.8453 94.7828 -105.122 177.079 39.867 -49.4371 154.808 -33.1328 -11.2072 127.646 -29.598 -11.5949 122.856 49.5502 2.86906 118.751 53.3352 -13.4735 169.596 54.735 7.25156 71.9645 23.675 
164.523 163.663 158.791 119.299 125.646 173.289 155.069 141.508 79.4672 93.9749 -105.949 177.175 39.7856 -50.2336 155.39 -33.3868 -11.8293 128.272 -30.0768 -12.8286 123.508 50.5672 2.01506 119.275 53.4812 -14.0794 169.75 54.6048 7.96576 73.9296 23.6371 
164.434 164.133 157.822 121.586 125.519 173.269 155.62 142.434 79.106 93.1733 -106.735 177.244 39.7315 -51.1644 156.316 -33.7152 -12.5822 129.26 -30.8138 -14.0675 124.153 51.4073 1.07866 119.73 53.5109 -14.6932 169.929 54.4681 8.69988 75.966 23.5376 
164.361 164.537 156.832 123.408 125.795 173.406 156.164 143.326 79.0561 92.5571 -107.231 177.187 39.6599 -52.1455 157.255 -33.9997 -13.3321 130.43 -31.6196 -15.0207 124.601 51.9297 0.341597 120.182 53.469 -15.2465 170.143 54.3556 9.17295 77.5872 23.3828 
164.651 164.631 155.723 124.756 125.721 173.787 156.339 143.86 79.0824 92.2498 -107.646 177.169 39.6572 -52.9852 157.954 -33.8608 -14.0891 131.395 -31.9365 -15.8518 125.005 52.3502 -0.284728 120.646 53.4579 -15.7892 170.477 54.4557 9.53957 78.5171 23.1919 
164.74 164.471 154.517 125.185 125.05 173.853 156.381 143.886 79.3824 92.5849 -108.267 177.26 39.9385 -53.6167 158.259 -33.589 -14.6686 131.882 -31.7728 -16.3445 125.119 52.5265 -0.615417 120.865 53.2804 -16.3127 170.761 54.6231 9.86627 78.594 23.171 
164.728 164.122 153.351 125.127 124.832 173.647 156.191 143.475 79.7284 93.0335 -109.093 177.457 40.4749 -54.1069 158.394 -33.1782 -15.0877 132.198 -31.27 -16.6078 125.125 52.5827 -0.837086 121.049 53.2704 -16.8212 171.014 54.8667 9.89075 78.2339 23.2482 
164.621 163.594 151.84 124.499 125.063 173.224 155.934 142.896 79.8709 93.6705 -110.002 177.617 41.0799 -54.3321 158.14 -32.8085 -15.3572 132.163 -30.5655 -16.524 125.106 52.5281 -0.895047 121.112 53.3478 -17.2884 171.174 55.0899 9.77324 77.5416 23.3132 
164.444 163.015 150.252 123.728 126.545 172.837 155.582 142.34 80.0903 93.9242 -110.821 177.735 41.6536 -54.5418 157.83 -32.4875 -15.6101 132.182 -29.9445 -16.3099 125.083 52.3998 -0.977949 121.369 53.7053 -17.7232 171.331 55.2442 9.253 76.8304 23.3189 
164.307 162.606 149.268 122.834 128.085 172.625 155.254 142.024 80.2039 93.8838 -111.435 177.918 42.1545 -54.9334 157.731 -32.2332 -16.0179 132.407 -29.6048 -16.2236 125.176 52.1108 -1.23363 121.757 54.0881 -18.145 171.515 55.3404 8.57691 76.1999 23.2529 
164.108 162.403 148.737 121.6 129.469 172.511 155.054 141.937 80.2933 93.7632 -111.886 177.987 42.59 -55.5037 157.802 -32.0564 -16.4998 132.761 -29.5381 -16.2066 125.179 51.5977 -1.61025 122.026 54.407 -18.5532 171.631 55.4012 7.85512 75.5485 23.1704 
163.91 162.407 148.369 120.685 130.814 172.46 155.107 142.157 80.3733 93.1762 -112.276 178.006 43.0633 -56.2106 158.063 -31.9322 -16.9864 133.244 -29.6674 -16.2878 125.3 51.2702 -1.96991 122.531 54.8221 -18.8983 171.801 55.4261 7.29002 75.3293 23.147 
163.765 162.615 148.112 119.637 131.94 172.48 155.38 142.563 80.5 92.9224 -112.567 177.885 43.5431 -57.0454 158.445 -31.844 -17.5112 133.783 -29.9389 -16.412 125.295 50.8526 -2.34524 122.761 55.0956 -19.2062 171.885 55.487 6.8792 75.1071 23.1628 
163.688 162.983 148.153 118.986 132.76 172.551 155.755 143.046 80.7021 92.7045 -112.822 177.643 43.8989 -57.7768 158.76 -31.8118 -17.8909 134.131 -30.1683 -16.5562 125.286 50.6373 -2.63204 122.999 55.3621 -19.4678 172.007 55.5418 6.66959 75.0037 23.2754 
163.642 163.532 148.217 118.86 133.356 172.678 156.191 143.527 80.808 92.4407 -112.944 177.262 44.0463 -58.3733 159.026 -31.8716 -18.1792 134.394 -30.4243 -16.7874 125.358 50.6374 -2.86893 123.228 55.602 -19.6699 172.1 55.5682 6.53689 75.181 23.3754 
163.513 164.099 148.392 118.915 133.925 172.776 156.706 143.969 81.0302 92.2354 -112.968 176.749 44.0771 -58.8706 159.15 -32.0336 -18.4019 134.497 -30.7319 -16.9458 125.249 50.6586 -3.02877 123.329 55.7982 -19.8282 172.067 55.5558 6.46747 75.3779 23.4765 
163.444 164.561 148.657 118.883 134.351 172.857 157.136 144.336 81.123 92.0889 -112.932 176.315 43.9775 -59.2143 159.278 -32.24 -18.5611 134.571 -31.0296 -17.0947 125.192 50.6128 -3.22134 123.37 55.9661 -19.9333 172.052 55.5255 6.41709 75.4818 23.5241 
163.378 164.89 148.959 119.054 134.657 173.035 157.511 144.728 81.1187 91.8066 -112.784 175.851 43.7692 -59.5161 159.421 -32.4494 -18.7223 134.671 -31.3637 -17.2547 125.218 50.6398 -3.36655 123.502 56.0695 -20.0282 172.044 55.4669 6.39917 75.7412 23.5522 
163.328 165.276 148.934 119.465 134.921 173.139 157.856 144.975 81.1454 91.6068 -112.607 175.4 43.4656 -59.5845 159.457 -32.6746 -18.7014 134.57 -31.5244 -17.3679 125.21 50.8345 -3.44046 123.574 56.2546 -20.0525 172.001 55.4317 6.38594 76.0106 23.6342 
163.366 165.597 148.964 119.927 134.963 173.286 158.112 145.131 81.1041 91.4488 -112.404 175.098 43.1562 -59.6162 159.534 -32.8508 -18.7278 134.546 -31.6782 -17.506 125.26 50.9875 -3.49854 123.634 56.321 -20.0507 171.961 55.3976 6.35294 76.2759 23.6527 
163.396 165.851 148.793 120.524 135.018 173.436 158.313 145.304 80.991 91.2043 -112.176 174.781 42.9235 -59.6948 159.656 -32.9501 -18.7808 134.565 -31.795 -17.635 125.368 51.2561 -3.53771 123.745 56.4263 -20.0381 171.932 55.3877 6.35198 76.688 23.6958 
163.446 165.962 148.366 120.786 134.895 173.548 158.45 145.537 80.9409 91.1925 -112.045 174.588 42.7361 -59.6905 159.722 -33.0413 -18.7629 134.621 -31.9282 -17.7048 125.422 51.3612 -3.57721 123.761 56.418 -20.0324 171.949 55.3708 6.37813 76.9163 23.6745 
163.41 166.098 147.712 121.04 134.801 173.575 158.587 145.691 80.8463 91.1386 -111.956 174.429 42.6447 -59.6379 159.721 -33.0836 -18.7334 134.53 -31.9102 -17.7416 125.461 51.5857 -3.58078 123.745 56.4981 -20.0164 171.927 55.4054 6.41816 77.1322 23.6996 
163.325 166.191 146.56 120.922 134.67 173.549 158.814 145.946 80.6836 91.1723 -111.811 174.221 42.479 -59.4192 159.616 -33.236 -18.5583 134.323 -31.9345 -17.5595 125.481 51.6839 -3.48297 123.686 56.5411 -19.907 171.895 55.3636 6.5262 77.2237 23.727 
163.323 166.058 145.487 120.462 134.436 173.458 158.732 146.023 80.4613 91.3244 -111.772 174.367 42.4021 -59.0384 159.482 -33.2386 -18.3362 134.117 -31.7908 -17.4045 125.463 51.6114 -3.41559 123.489 56.528 -19.7821 171.846 55.3903 6.55336 77.0094 23.6825 
163.253 165.889 144.172 120.657 134.289 173.369 158.598 146.042 80.3682 91.3461 -111.748 174.549 42.3909 -58.7184 159.436 -33.2158 -18.1384 134.091 -31.6583 -17.2739 125.516 51.6909 -3.26192 123.486 56.4461 -19.6638 171.853 55.3832 6.63135 77.0569 23.6517 
163.158 165.649 142.708 120.65 134.048 173.228 158.445 146.028 80.2348 91.4738 -111.752 174.816 42.4092 -58.3923 159.439 -33.1872 -17.9252 134.096 -31.5025 -17.127 125.555 51.687 -3.12444 123.408 56.3092 -19.5614 171.838 55.3891 6.71871 77.0202 23.6463 
163.066 165.387 141.225 120.746 133.712 173.087 158.276 145.982 80.1673 91.5905 -111.765 175.15 42.4916 -58.0637 159.441 -33.1248 -17.7654 134.096 -31.2954 -17.0112 125.57 51.7424 -2.98189 123.317 56.1747 -19.4413 171.823 55.4174 6.81876 76.997 23.6166 
163.003 165.087 139.784 120.909 133.579 172.986 158.039 145.936 80.086 91.6835 -111.775 175.433 42.5538 -57.7394 159.426 -33.0469 -17.6135 134.134 -31.1058 -16.9165 125.609 51.8075 -2.86509 123.272 56.0852 -19.3519 171.813 55.4456 6.90981 77.0215 23.5575 
162.95 164.795 138.574 121.037 133.362 172.919 157.813 145.912 79.965 91.7634 -111.775 175.73 42.6471 -57.4948 159.444 -32.9152 -17.5206 134.165 -30.8743 -16.8716 125.68 51.9261 -2.78842 123.23 56.0521 -19.2925 171.83 55.5257 6.99525 77.0446 23.5206 
162.864 164.513 137.631 120.849 133.282 172.794 157.557 145.887 79.8993 91.9567 -111.829 176.044 42.7359 -57.2651 159.35 -32.795 -17.4031 134.18 -30.7011 -16.7786 125.69 51.8837 -2.70559 123.138 55.9976 -19.2546 171.831 55.5748 7.00911 76.9102 23.4429 
162.829 164.281 136.979 120.741 133.362 172.741 157.332 145.826 79.8979 91.995 -111.883 176.273 42.8171 -57.0872 159.284 -32.7004 -17.3376 134.222 -30.5474 -16.7246 125.726 51.871 -2.65434 123.169 56.0407 -19.2453 171.862 55.6226 6.96845 76.7992 23.3607 
162.796 164.09 136.499 120.609 133.126 172.679 157.169 145.711 79.8716 92.1304 -111.947 176.56 42.9012 -56.989 159.294 -32.6266 -17.332 134.256 -30.4114 -16.7133 125.735 51.7952 -2.64107 123.1 55.9401 -19.2465 171.873 55.652 6.97877 76.6429 23.3296 
162.744 164.002 136.143 120.584 133.084 172.667 157.057 145.599 79.8929 92.1874 -111.933 176.776 42.8979 -56.8731 159.29 -32.5938 -17.3157 134.273 -30.2909 -16.6885 125.778 51.7641 -2.59206 123.125 55.8896 -19.2385 171.901 55.6548 6.96874 76.533 23.306 
162.693 163.899 135.818 120.618 133.198 172.639 156.921 145.457 79.9001 92.2022 -111.926 176.957 42.9996 -56.7377 159.271 -32.5005 -17.2598 134.279 -30.1131 -16.6123 125.833 51.8125 -2.51551 123.187 55.9424 -19.2007 171.942 55.7055 6.96197 76.4512 23.2939 
162.68 163.818 135.646 120.607 133.228 172.64 156.801 145.321 79.8924 92.249 -111.921 177.13 43.0793 -56.6264 159.224 -32.4193 -17.2368 134.246 -29.9485 -16.5796 125.875 51.8402 -2.48098 123.215 55.993 -19.1841 171.971 55.7546 6.93723 76.343 23.2718 
162.682 163.799 135.356 121.101 133.124 172.646 156.726 145.156 79.9199 92.1726 -111.901 177.19 43.053 -56.4991 159.128 -32.3965 -17.2015 134.152 -29.7785 -16.5806 125.941 52.0708 -2.40969 123.307 56.0187 -19.1614 171.984 55.7531 7.04625 76.4839 23.2768 
162.702 163.773 135.313 121.659 132.985 172.665 156.651 145.029 79.8895 92.1151 -111.889 177.332 43.0313 -56.3655 159.07 -32.3553 -17.2038 134.077 -29.622 -16.619 126.087 52.3487 -2.35671 123.422 56.0538 -19.132 172.049 55.767 7.17513 76.6641 23.2462 
162.66 163.703 135.308 122.03 132.974 172.64 156.564 144.887 79.9045 92.0727 -111.84 177.438 42.9911 -56.2218 158.973 -32.3197 -17.173 133.986 -29.477 -16.6072 126.169 52.5536 -2.30244 123.514 56.1052 -19.1072 172.081 55.7791 7.27623 76.7595 23.2211 
162.652 163.616 135.46 122.417 132.973 172.631 156.495 144.78 79.8848 91.9895 -111.811 177.489 42.951 -56.1505 158.965 -32.3077 -17.1514 133.967 -29.4021 -16.603 126.302 52.7548 -2.26701 123.656 56.1461 -19.0954 172.146 55.7669 7.3936 76.9344 23.2277 
162.646 163.504 135.81 122.65 133.161 172.682 156.458 144.77 79.8773 91.8519 -111.764 177.538 42.9621 -56.1561 159.006 -32.2684 -17.2002 134.044 -29.3941 -16.5791 126.472 52.923 -2.24731 123.885 56.2274 -19.1048 172.281 55.7731 7.47375 77.0893 23.1852 
162.712 163.383 136.13 122.941 133.296 172.773 156.493 144.785 79.9131 91.7092 -111.74 177.642 42.9525 -56.2519 159.151 -32.2598 -17.3281 134.204 -29.4374 -16.6129 126.653 53.0672 -2.26674 124.139 56.2528 -19.1481 172.437 55.76 7.55959 77.2753 23.1582 
162.766 163.222 136.614 123.025 133.501 172.915 156.547 144.872 79.9377 91.5545 -111.683 177.719 42.9473 -56.4284 159.356 -32.2621 -17.4877 134.42 -29.5545 -16.5871 126.876 53.1152 -2.26535 124.477 56.2546 -19.2092 172.65 55.7273 7.61213 77.3945 23.1568 
162.838 163.141 136.893 123.254 133.55 173.019 156.653 144.973 80.0652 91.5499 -111.687 177.785 42.9034 -56.5488 159.521 -32.2978 -17.5688 134.55 -29.6126 -16.5753 127.052 53.2144 -2.24785 124.761 56.2305 -19.2739 172.883 55.6968 7.71729 77.4702 23.2066 
162.895 163.052 137.17 123.353 133.766 173.153 156.756 145.087 80.1451 91.464 -111.668 177.888 42.8412 -56.6794 159.686 -32.3146 -17.691 134.729 -29.6858 -16.5655 127.274 53.2436 -2.2612 125.117 56.2274 -19.3596 173.148 55.6654 7.76743 77.4829 23.2021 
162.97 163.068 137.373 123.449 134.028 173.274 156.913 145.234 80.2193 91.3045 -111.698 177.967 42.7852 -56.8214 159.848 -32.3604 -17.8031 134.867 -29.7523 -16.5493 127.507 53.3006 -2.28893 125.524 56.2856 -19.4592 173.404 55.618 7.80411 77.5268 23.244 
162.98 163.135 137.401 123.463 134.179 173.318 157.106 145.283 80.4042 91.3226 -111.767 178.11 42.731 -56.9384 159.926 -32.4199 -17.8782 134.946 -29.7725 -16.4856 127.654 53.2912 -2.25999 125.838 56.2454 -19.5558 173.652 55.5588 7.86317 77.4183 23.2952 
163.03 163.185 137.481 123.524 134.046 173.354 157.298 145.362 80.5311 91.4769 -111.839 178.22 42.6215 -57.0402 160.017 -32.4891 -17.949 135.002 -29.8117 -16.4765 127.75 53.275 -2.26954 125.977 56.0683 -19.6597 173.836 55.497 8.02242 77.3506 23.3468 
163.046 163.326 137.646 123.422 133.804 173.366 157.504 145.414 80.6029 91.682 -111.963 178.405 42.4867 -57.1525 160.089 -32.5837 -18.0334 134.98 -29.8435 -16.526 127.802 53.1802 -2.3255 126.005 55.8532 -19.7929 173.977 55.4261 8.14405 77.19 23.4238 
163.084 163.548 138.101 123.466 133.647 173.406 157.737 145.467 80.6674 91.7763 -112.084 178.479 42.3217 -57.4068 160.235 -32.7501 -18.2247 135.02 -30.0295 -16.6788 127.812 53.0575 -2.46416 126.001 55.6063 -19.9516 174.045 55.3005 8.24278 77.1806 23.4982 
163.132 163.809 138.785 123.289 133.451 173.417 157.97 145.636 80.6721 91.9611 -112.329 178.661 42.2402 -57.8579 160.514 -32.9173 -18.4874 135.226 -30.3663 -16.9322 127.783 52.798 -2.73252 125.888 55.3002 -20.177 174.087 55.176 8.29027 77.2103 23.5747 
163.138 164.413 139.706 123.023 133.351 173.335 158.394 145.937 80.5896 91.967 -112.696 179.064 42.1584 -58.4309 160.936 -33.2385 -18.8083 135.536 -30.8898 -17.3321 127.769 52.4423 -3.12771 125.753 54.9901 -20.4319 174.069 54.9704 8.23042 77.3845 23.6685 
163.226 165.103 140.823 122.807 133.415 173.299 158.792 146.298 80.3887 91.7178 -113.087 179.581 42.1243 -59.2122 161.609 -33.531 -19.277 136.23 -31.6031 -17.8831 127.923 51.9996 -3.64364 125.803 54.7061 -20.7227 174.099 54.7462 8.03127 77.7586 23.6833 
163.423 165.676 141.829 122.19 133.297 173.234 159.057 146.497 79.998 91.5851 -113.499 180.139 42.0165 -59.8701 162.299 -33.8101 -19.7195 136.873 -32.2171 -18.4274 128.1 51.3554 -4.21064 125.732 54.378 -21.0162 174.132 54.5467 7.75071 77.8206 23.6849 
163.685 166.215 142.375 121.974 133.05 173.251 159.224 146.583 79.8011 91.4207 -113.787 180.637 41.7666 -60.4035 162.971 -34.0323 -20.0397 137.535 -32.7118 -18.9571 128.26 50.8813 -4.66625 125.753 54.0525 -21.2772 174.213 54.3691 7.55633 77.9765 23.7162 
163.964 166.532 142.374 121.817 132.285 173.272 159.283 146.638 79.5047 91.3845 -113.995 181.038 41.4187 -60.7429 163.499 -34.2154 -20.2402 138.024 -33.0829 -19.448 128.374 50.4727 -5.09986 125.619 53.6557 -21.488 174.247 54.2238 7.5149 78.097 23.7348 
164.295 166.597 142.242 121.746 132.037 173.415 159.081 146.513 79.397 91.2598 -114.072 181.238 41.0037 -60.9977 164.018 -34.2976 -20.405 138.633 -33.3608 -19.8601 128.547 50.0685 -5.43133 125.725 53.38 -21.6785 174.408 54.1143 7.35622 78.0995 23.6923 
