137.67 163.652 155.565 174.27 121.77 140.367 167.454 165.744 149.394 73.5241 123.88 352.074 4.71585 145.934 323.39 -53.0569 130.535 308.898 -74.4142 99.5547 288.586 -53.1138 60.3233 307.582 -15.318 69.4069 349.704 -5.14091 50.2907 24.6763 5.66753 
136.396 163.587 156.498 174.27 121.929 139.259 167.867 165.644 148.101 72.2833 123.965 351.96 4.68779 147.125 324.284 -52.395 132.115 309.971 -74.0988 100.887 289.278 -51.4034 61.7297 308.663 -14.5296 70.3549 350.231 -4.81894 50.3817 25.646 5.29757 
136.99 163.676 154.702 174.27 122.775 138.623 168.167 165.525 146.732 71.4842 124.189 351.355 4.31585 148.258 325.331 -51.9709 133.414 311.093 -73.7215 101.7 289.97 -50.1309 62.6951 310.154 -13.9109 71.3576 350.999 -4.58212 50.7806 26.6548 5.19898 
136.309 165.597 162.756 174.27 123.379 137.351 166.993 163.412 139.755 73.264 124.335 350.428 4.37778 149.27 325.612 -51.6859 134.424 310.832 -72.9598 101.97 290.601 -47.8221 63.4679 311.26 -13.6968 72.3977 352.238 -4.58894 48.951 27.6861 5.4988 
134.928 166.829 166.252 174.27 125.695 136.03 165.343 161.758 134.023 74.8138 124.595 349.446 4.53002 150.194 325.508 -51.3813 135.328 310.808 -72.2252 102.002 291.481 -45.6612 64.107 312.311 -13.1654 73.5197 353.43 -4.66947 47.7276 28.7705 5.49472 
135.744 166.687 166.373 174.27 125.322 136.626 166.704 163.589 131.237 73.6974 125.624 349.876 4.45915 150.828 325.658 -51.492 135.855 311.115 -72.6201 101.813 291.556 -43.5206 64.56 313.018 -12.7057 74.4879 353.892 -4.48257 46.8176 30.81 5.38351 
136.63 166.018 164.896 174.27 125.248 136.908 167.935 164.799 129.08 72.6233 126.162 349.146 4.62951 151.675 326.24 -51.3237 136.678 311.983 -72.8737 101.952 291.54 -41.7045 65.1957 313.423 -12.0848 75.2007 354.085 -4.22932 46.3328 32.754 5.23589 
137.932 165.591 162.611 174.27 124.933 137.833 169.088 166.017 125.067 71.923 127.093 349.383 4.61279 152.304 326.377 -51.1677 137.3 312.619 -73.0843 101.43 291.74 -39.2149 65.5911 314.096 -11.8054 75.9206 354.525 -4.03182 44.7504 35.3078 5.01784 
139.204 165.236 159.684 174.27 124.634 138.722 169.943 167.129 120.396 71.2448 127.928 349.457 4.89841 152.983 326.755 -50.8257 138.268 313.381 -72.9159 101.078 291.981 -36.9789 66.2615 314.386 -11.6198 76.4562 354.685 -3.80542 43.1775 37.5035 4.69935 
141.023 161.625 161.614 174.27 124.007 140.225 167.273 167.389 118.473 71.6687 130.209 351.595 5.46151 154.687 327.835 -49.9941 139.931 314.87 -72.7323 101.815 293.567 -35.9813 67.9403 315.814 -11.7554 78.068 356.509 -3.68553 41.689 38.3253 4.78789 
141.102 154.463 163.321 174.27 123.233 141.193 164.937 166.766 120.023 72.1235 131.495 353.071 5.94814 155.351 328.087 -49.4216 140.522 315.354 -72.7763 103.034 294.038 -36.9413 69.018 315.756 -12.1386 78.6055 357.267 -3.83992 41.1999 37.0648 5.10566 
140.796 148.088 164.884 174.27 123.132 141.289 163.574 166.371 122.799 71.8979 132.003 353.864 5.82121 155.917 328.516 -48.957 141.047 316.061 -72.9771 104.184 294.602 -38.3311 69.7663 316.345 -12.2578 79.1691 357.916 -3.94181 42.1732 35.8167 5.47477 
140.142 144.52 165.039 174.27 124.088 140.716 163.492 165.998 124.201 71.1326 131.84 353.451 5.47492 156.684 329.015 -48.6868 141.674 316.751 -73.2797 104.839 294.87 -39.0518 70.1149 317.127 -12.0482 79.7046 358.132 -4.05711 43.7504 35.6932 5.84504 
139.147 140.628 168.64 174.27 130.354 140.68 163 165.611 119.219 74.0105 132.651 353.906 6.06708 157.949 329.929 -48.3317 142.727 317.547 -73.5009 104.954 296.088 -38.2172 70.0323 317.048 -10.7683 80.5216 358.995 -4.49698 44.6615 36.7512 6.45466 
134.593 138.099 170.361 174.27 136.895 139.142 162.748 165.406 111.076 75.3564 132.046 353.573 6.20823 158.883 330.582 -48.2771 143.553 318.17 -73.8226 104.341 297.557 -35.9303 69.8879 317.308 -9.7664 81.1786 359.507 -4.94926 44.275 39.2059 6.84568 
131.796 137.378 171.888 174.27 141.874 138.315 162.57 164.729 104.787 75.7923 131.916 353.31 6.28401 159.92 331.505 -48.4924 144.504 318.959 -74.1469 104.42 299.202 -34.1688 69.833 317.872 -9.01155 81.7786 359.65 -5.44239 44.522 41.2686 7.08246 
129.285 136.959 173.111 174.27 143.555 137.451 162.738 164.194 99.863 75.4876 131.421 352.578 6.36476 160.692 332.233 -48.513 145.178 319.619 -74.2463 104.105 300.714 -32.6677 69.5418 318.811 -8.68585 82.1427 359.816 -5.76227 44.5445 43.1329 7.25926 
127.648 137.326 174.117 174.27 143.534 136.527 162.816 163.807 95.03 75.0276 130.761 351.566 6.40672 161.207 332.701 -48.5657 145.34 319.98 -74.4943 102.749 302.034 -30.9402 68.9787 319.615 -8.74891 82.4084 360.098 -5.97212 43.4013 45.5864 7.61174 
126.335 138.357 175.891 127.257 143.147 135.681 163.408 163.518 91.6201 74.3919 130.166 350.882 6.23229 161.548 333.056 -48.8886 145.339 320.281 -74.8719 100.57 305.486 -29.602 68.3959 320.687 -8.96319 82.6243 360.462 -6.22532 42.5965 47.6723 7.83174 
125.64 139.686 177.906 96.3442 142.206 134.996 164.253 163.525 85.4371 73.3566 129.661 349.983 5.96615 161.766 333.272 -49.3366 145.417 320.552 -75.2189 98.282 310.291 -28.8223 67.9844 321.766 -9.30905 82.8458 360.698 -6.47453 41.9082 49.4302 7.82509 
125.586 141.159 178.115 90.1634 140.927 134.57 164.817 163.639 82.2972 72.1207 129.399 349.306 5.77926 161.966 333.527 -49.7606 145.689 321.15 -75.5665 98.9702 312.804 -27.5913 67.7745 322.688 -9.96147 83.0489 360.875 -6.64358 40.5099 50.9013 7.64582 
125.241 142.024 177.867 90.2059 139.705 134.066 165.067 163.786 80.7115 71.1368 128.912 348.605 5.54133 162.029 333.804 -50.132 145.816 321.804 -75.9855 98.3643 313.481 -27.2608 67.6217 323.349 -10.6677 83.1513 361.085 -6.79928 39.4708 52.294 7.52119 
125.63 142.804 176.95 90.2128 138.817 133.901 165.189 163.812 80.3214 70.4343 128.842 348.313 5.50066 162.078 334.052 -50.3682 145.916 322.26 -76.2668 98.0503 313.867 -27.1199 67.4622 323.924 -11.2147 83.2525 361.427 -6.88666 38.7766 53.0465 7.42869 
126.621 142.636 175.883 90.2224 138.215 134.173 164.909 163.752 79.7377 69.8771 129.28 348.426 5.345 162.266 334.409 -50.5889 146.169 322.789 -76.5743 98.0423 314.292 -27.046 67.5549 324.32 -11.6604 83.4122 361.643 -7.04442 38.2418 53.6697 7.37454 
127.46 142.58 174.044 90.2031 136.701 134.272 164.723 163.923 80.69 69.5148 129.438 348.969 5.12764 162.468 335.113 -50.8492 146.358 323.48 -76.8754 98.5769 314.318 -27.4035 67.8149 324.478 -12.249 83.4537 362.046 -7.15604 37.8248 53.3948 7.41957 
127.977 142.308 172.031 90.1777 135.8 134.249 164.744 164.1 82.4287 69.1494 129.655 349.859 5.05225 162.773 336.146 -51.0712 146.62 324.357 -77.127 99.5681 314.113 -28.0461 68.2373 324.607 -12.6219 83.5019 362.477 -7.24913 38.1171 52.5865 7.51669 
128.443 142.571 170.017 90.1617 136.179 134.324 164.861 164.115 83.8389 69.1593 129.985 350.934 4.84938 163.069 337.265 -51.4542 146.989 325.185 -77.2982 100.501 314.214 -28.7633 68.6568 324.978 -12.6658 83.6215 362.999 -7.43159 38.9988 51.6986 7.48222 
127.859 143.035 167.513 90.1939 137.476 134.075 165.251 164.365 82.3161 69.3058 129.873 351.811 4.23126 163.329 338.356 -52.1097 147.209 325.98 -77.8505 99.9543 315.027 -28.8285 68.8929 325.486 -12.6899 83.7674 363.531 -7.78741 38.8015 52.5177 7.56291 
128.101 144.531 165.191 90.1992 138.212 133.751 165.15 164.433 81.6314 69.746 129.825 353.005 3.33996 163.542 339.439 -52.7932 147.466 326.858 -78.309 99.9141 315.896 -29.0567 69.2119 325.946 -12.8853 83.9125 364.289 -8.19375 38.4063 52.8182 7.5329 
128.022 145.308 163.148 90.1891 138.062 133.32 165.174 164.555 82.2116 70.5738 129.44 353.78 2.40942 163.511 340.133 -53.3099 147.568 327.598 -78.6236 100.264 316.599 -29.6091 69.5368 326.441 -13.1312 83.9539 365.075 -8.50439 38.2709 52.3191 7.3604 
132.909 145.686 161.397 90.1482 139.279 133.852 166.424 165.061 85.9234 73.6254 129.546 354.186 0.718212 163.108 341.022 -54.1482 147.005 328.064 -79.0984 101.351 315.649 -30.8597 71.3973 325.063 -13.1428 83.7987 365.581 -8.63988 37.3019 50.4523 7.34168 
133.147 151.584 162.452 90.0845 142.107 133.569 164.028 164.548 89.7137 74.8029 129.337 354.861 0.272343 162.606 340.853 -54.3302 147.27 328.563 -78.8083 102.279 315.307 -32.2769 72.0647 324.792 -13.6174 83.5382 366.295 -8.7476 37.2003 48.1966 6.45647 
133.409 148.326 164.656 90.104 145.496 133.085 163.524 164.583 88.7111 75.4719 129.38 356.151 -0.220551 162.57 341.553 -54.3766 147.465 329.594 -79.3471 102.073 316.196 -32.6754 72.0795 325.102 -13.396 83.5125 366.826 -9.19288 37.7879 48.4415 6.5393 
130.57 153.784 165.495 90.1621 144.627 131.914 162.162 163.673 85.6186 74.0285 128.278 356.121 -0.841714 162.256 341.844 -54.8736 147.526 330.219 -79.4779 100.774 317.316 -31.2391 71.9704 326.062 -13.9705 83.286 367.197 -9.58592 35.5981 50.7192 6.06923 
126.686 148.205 167.195 90.3378 147.815 130.639 161.277 163.459 73.5943 73.4092 126.714 356.125 -2.12488 162.014 342.305 -55.2386 147.319 331.031 -80.4587 96.9217 321.512 -28.7125 71.0789 327.162 -13.8815 83.2649 367.338 -10.3616 32.5708 56.6485 6.33361 
125.926 151.732 168.92 95.8192 150.045 130.128 160.255 163.943 67.4627 73.0328 125.331 355.191 -3.65519 162.433 343.747 -56.0425 147.808 332.17 -81.2463 93.3889 323.4 -27.186 70.3134 328.218 -13.6789 83.2406 367.525 -11.2079 30.9893 62.3572 6.369 
125.223 156.344 172.139 104.525 150.224 129.69 160.18 164.739 65.0009 73.2246 124.372 354.623 -4.90739 162.885 344.805 -56.7883 148.107 333 -82.0338 91.068 324.765 -24.8197 69.4672 329.117 -13.9202 83.1891 367.76 -12.0812 27.524 68.4351 6.54682 
124.538 160.033 171.258 111.7 148.544 129.225 159.029 164.08 64.8719 70.3852 123.689 354.627 -5.37705 162.385 344.139 -57.124 147.702 333.047 -82.2584 89.949 324.413 -24.9563 68.5594 330.275 -15.7734 82.785 367.876 -12.557 26.5662 69.3781 6.28435 
125.472 162.672 169.733 119.027 147.306 128.487 158.015 163.239 64.3795 68.2153 122.593 353.47 -6.00542 161.79 343.639 -57.6023 147.339 333.045 -82.4542 89.0713 324.06 -25.069 68.1174 330.9 -17.4427 82.327 367.782 -13.0677 25.4253 70.2522 5.90545 
127.061 165.394 168.364 129.439 146.066 127.923 158.06 162.983 63.822 67.1857 121.612 352.097 -6.79208 161.682 343.962 -58.4662 147.059 333.474 -83.2924 87.6548 324.071 -24.2049 67.8134 331.291 -18.8919 81.972 367.929 -13.6996 22.6979 73.2088 5.97625 
128.983 166.749 167.392 122.646 143.687 128.192 158.307 162.854 65.5457 66.9405 121.213 351.372 -7.28913 161.34 344.411 -59.2602 146.806 333.893 -83.9474 88.7583 323.102 -26.9402 67.7342 331.057 -20.1141 81.3939 368.055 -14.1508 24.7202 69.4763 5.86668 
131.512 167.813 166.834 120.547 141.575 128.614 158.357 162.502 67.0056 67.5304 120.566 349.747 -7.26278 160.403 344.307 -60.0381 146.074 333.514 -84.3821 88.6547 322.483 -28.4072 67.1657 330.665 -21.1922 80.627 368.377 -14.5575 24.7044 67.405 5.61771 
132.159 168.687 166.72 114.234 139.493 129.526 158.573 162.03 69.7164 67.6887 121.032 349.859 -6.88665 159.596 344.333 -60.8135 145.52 332.95 -84.5237 90.134 321.267 -30.7023 67.1125 329.948 -22.1533 79.7729 368.227 -15.022 26.2547 63.2113 5.36378 
132.072 168.673 165.789 107.953 138.505 129.114 158.717 161.75 74.849 68.933 120.171 350.131 -6.57842 158.597 344.259 -61.2036 144.334 332.486 -84.7863 91.6585 319.322 -33.1835 66.7392 328.931 -22.5683 78.7406 368.205 -15.0788 28.331 58.6686 5.53899 
133.064 168.563 165.324 104.232 137.76 130.251 158.11 161.324 77.1441 71.0469 119.893 350.257 -6.48487 157.218 344.009 -61.6269 142.519 331.831 -85.344 91.0467 318.172 -34.3927 66.1684 327.144 -23.182 77.4716 367.9 -15.2463 27.5974 57.092 5.95671 
135.516 167.919 162.402 102.108 135.045 132.247 158.607 162.373 77.3344 70.6292 120.852 350.645 -5.89351 155.666 344.083 -62.3271 140.518 331.988 -86.3664 90.8919 317.547 -34.9396 65.7337 326.2 -23.4537 76.2913 367.053 -15.4171 27.6899 56.7389 6.19865 
135.649 167.528 162.301 101.473 135.394 134.47 158.462 161.81 77.4937 71.0233 121.965 353.423 -6.47728 154.398 343.412 -63.2054 138.691 330.679 -87.0137 89.7717 316.325 -35.6726 64.5242 324.45 -23.9595 75.0328 365.798 -15.9508 27.3798 56.1664 6.68579 
133.271 167.271 162.242 100.859 136.303 135.374 158.916 161.249 76.0943 71.6939 121.871 355.52 -6.5756 153.102 342.311 -63.9683 136.694 328.879 -87.4699 87.097 316.187 -36.1958 62.7369 323.607 -24.6751 73.8931 365.467 -16.4751 26.5006 56.2365 7.27709 
137.602 167.143 162.691 99.2397 132.677 138.36 161.418 163.333 78.2768 72.8355 122.831 357.402 -6.62108 151.075 341.838 -65.1926 134.636 327.834 -88.0705 86.3843 314.492 -37.0456 61.7264 321.973 -25.2068 72.42 364.83 -16.6818 26.009 55.0073 7.24826 
146.25 165.445 162.258 98.1991 129.206 141.775 163.363 166.236 82.5656 73.6163 124.117 361.227 -7.46465 148.522 340.309 -65.9967 132.213 326.788 -88.6488 86.5981 312.565 -38.0138 60.2778 320.734 -25.6729 70.7034 364.119 -16.7493 26.052 52.9726 6.63462 
150.4 164.377 160.421 98.2863 126.064 143.445 165.184 169.214 89.2975 74.2833 124.221 364.395 -8.12421 146.17 338.993 -66.5067 129.713 326.061 -89.2349 86.166 310.077 -39.4419 58.719 320.717 -25.8554 69.1763 364.306 -16.8492 27.1625 51.1003 6.25664 
155.814 163.055 173.075 100.927 122.281 146.532 168.729 172.05 95.5352 74.6303 123.985 367.685 -9.58715 142.54 338.06 -68.7127 125.353 324.559 -91.6396 83.1989 307.1 -41.4076 54.9012 320.804 -27.53 66.3668 364.435 -17.9913 27.2205 50.7588 6.84468 
153.135 162.901 173.697 99.5662 121.49 145.944 169.884 173.766 99.1123 74.237 122.706 368.807 -10.6757 141.003 337.912 -69.3396 123.694 323.999 -92.2678 83.1802 306.064 -42.5827 54.1752 320.78 -27.1958 65.0832 364.282 -18.1225 28.924 49.14 6.84775 
149.756 162.689 173.151 94.1049 121.649 144.437 169.992 175.137 103.379 74.4079 120.497 370.322 -12.0055 139.518 338.061 -69.8075 121.492 323.969 -93.4029 82.5807 305.839 -45.5498 53.1171 320.952 -27.5701 63.8774 364.37 -18.3459 31.5434 46.7565 7.43533 
150.917 162.045 175.004 91.2568 122.03 144.926 170.626 177.296 106.256 73.2657 119.789 370.531 -12.333 138.565 338.719 -70.552 119.162 324.151 -94.9426 81.5891 305.555 -47.0883 51.4174 321.338 -27.9309 62.7364 364.305 -18.9361 33.4006 46.4944 8.70031 
150.329 161.621 179.603 90.0457 123.626 145.013 171.588 178.613 109.47 72.4176 118.65 369.003 -12.739 137.68 339.691 -71.5481 117.289 324.523 -96.5512 80.2035 305.049 -48.2366 49.6108 321.765 -28.2222 61.5109 364.29 -19.838 35.0795 46.9966 9.80406 
155.583 161.494 180 90.0457 125.078 146.188 171.452 177.802 114.929 73.4066 118.559 367.886 -13.0174 136.631 340.333 -72.4455 115.563 324.418 -97.513 79.5068 304.135 -50.117 48.069 321.893 -28.1312 60.2687 364.615 -20.7315 37.0961 45.8974 10.5588 
158.409 160.82 180 90.0456 126.264 146.818 170.846 176.658 120.629 73.1535 117.762 367.208 -13.7017 135.107 340.686 -73.3891 113.48 323.78 -98.0699 78.8385 303.051 -52.5887 46.3523 321.817 -28.0074 58.7946 364.265 -21.2732 39.837 43.7718 11.2533 
159.348 160 180 90.0456 126.678 146.931 169.792 176.501 126.46 72.5157 116.438 366.954 -14.3264 133.631 340.714 -73.7889 111.382 323.619 -98.6379 78.3493 302.39 -54.5748 44.8292 321.91 -28.0059 57.2633 364.102 -21.6536 41.856 42.1341 11.7273 
161.452 161.031 180 90.0457 130.906 147.871 173.14 179.972 137.812 71.7784 114.713 364.34 -15.1668 131.642 340.65 -74.8861 110.853 324.676 -100.541 77.1779 302.122 -58.3204 42.5077 323.693 -27.8318 56.1342 364.599 -22.4646 47.1641 40.9963 10.6112 
161.535 161.523 180 90.0456 129.68 147.814 173.39 179.969 117.107 70.303 113.507 363.134 -16.3679 129.995 340.1 -76.0701 108.909 323.737 -101.41 72.3364 304.003 -51.7928 40.663 323.358 -28.2212 54.9669 363.91 -23.0835 41.5122 47.3716 10.7876 
161.656 160.95 180 90.0456 127.588 147.781 173.301 179.968 111.195 71.2389 112.611 363.938 -16.7858 127.954 339.566 -76.9148 106.29 323.414 -101.782 69.7162 305.445 -50.5222 39.1245 323.027 -28.558 53.5 364.303 -23.1742 38.7712 48.3135 10.7423 
161.839 161.275 180 174.27 125.159 149.4 172.988 179.963 103.709 71.2298 112.676 366.48 -17.0583 125.981 339.533 -77.9116 104.074 323.525 -102.199 68.504 301.18 -50.072 37.945 322.806 -28.7949 52.096 364.763 -23.2652 36.7073 49.2693 10.4279 
161.361 163.342 180 174.27 121.524 150.796 173.757 179.967 106.386 70.326 112.386 369.054 -17.3242 123.853 339.096 -78.6487 101.95 322.747 -102.058 67.2745 300.106 -49.7697 36.3488 322.846 -29.4096 50.7481 365.134 -23.1692 35.0027 48.9524 10.1681 
157.478 167.586 179.999 174.27 122.548 150.338 174.492 179.958 90.6967 69.3158 110.702 369.526 -18.9453 121.995 338.495 -79.8746 99.9081 321.398 -102.655 61.3105 304.026 -40.4682 34.3269 323.53 -30.2639 49.8201 365.401 -23.8642 24.5543 59.1104 10.4827 
157.473 168.922 176.211 174.27 120.546 151.068 174.802 178.266 89.3153 70.227 110.027 370.412 -19.8282 119.884 337.877 -80.7548 97.9665 320.002 -102.083 59.1214 304.771 -38.8132 32.6692 323.429 -30.6318 48.4665 365.811 -24.049 21.438 59.8723 10.4686 
159.871 163.634 170.677 174.27 117.073 152.886 172.782 173.365 96.5142 74.07 110.265 372.33 -20.8071 118.867 337.095 -81.2124 96.8509 317.983 -100.796 59.1811 302.611 -41.6124 31.9959 322.382 -31.6301 47.3023 366.918 -24.6729 21.2282 54.2651 10.7079 
158.403 162.68 168.853 174.27 119.864 151.164 171.594 173.537 100.118 74.9462 107.389 370.528 -20.6557 116.642 338.632 -82.4832 94.4026 319.942 -102.17 56.5115 301.765 -45.0561 29.4016 322.648 -32.3625 44.7293 367.836 -25.4897 23.4565 52.6713 10.7675 
156.88 162.928 168.748 174.27 121.353 149.499 169.074 169.813 108.026 76.4774 104.755 366.549 -20.5554 116.18 340.121 -83.2518 93.6622 321.326 -103.161 57.3705 300.325 -51.5578 29.43 322.471 -31.9743 43.6028 368.442 -25.6642 29.4377 46.9908 10.8175 
157.072 164.089 168.658 174.27 122.347 148.99 166.648 167.72 106.61 77.464 102.625 363.73 -20.3715 114.83 340.221 -83.3632 91.8905 322.923 -104.49 55.3596 301.692 -54.0673 28.2135 322.724 -32.6134 42.3381 368.704 -25.6032 30.7747 46.2277 10.5663 
157.734 165.171 169.199 174.27 125.049 148.21 165.151 166.591 100.988 77.1609 100.807 362.215 -20.6536 113.627 339.962 -83.5028 90.1782 323.945 -105.802 52.3059 303.695 -53.5535 26.4748 323.342 -32.5312 41.1592 368.89 -25.6655 30.8069 48.0856 10.5481 
158.798 165.868 169.587 174.27 126.48 147.83 164.328 166.293 100.034 77.9507 99.2966 360.991 -20.2598 112.714 340.681 -83.5212 89.0608 325.796 -106.907 51.0402 305.045 -54.5009 25.4634 323.918 -32.8843 40.128 369.516 -25.6648 31.3016 48.5053 10.5226 
159.062 166.293 169.793 174.27 128.219 147.224 163.396 165.856 98.6746 78.7161 98.0068 360.846 -20.8083 110.979 339.956 -83.772 87.4632 326.485 -107.773 48.9316 306.1 -54.4212 23.961 324.479 -33.514 38.9852 369.934 -26.044 30.5267 49.6032 10.0733 
158.991 166.599 169.876 118.52 130.727 147.244 162.911 165.263 93.8003 80.609 96.785 359.167 -20.6245 109.67 339.576 -84.2154 85.7418 326.808 -108.559 45.2985 310.852 -51.0285 22.6878 324.447 -33.8945 37.9401 370.483 -26.4498 26.5128 53.6089 10.2081 
155.604 166.468 169.863 108.062 132.197 146.011 162.123 164.659 86.8683 81.4442 94.5305 357.301 -20.3095 108.266 339.527 -84.4342 84.0918 327.262 -108.947 42.3354 314.575 -46.6639 21.5933 324.794 -33.975 36.9595 370.963 -26.6774 21.4392 59.1615 10.2697 
152.348 166.498 172.532 114.578 132.261 144.825 162.574 165.794 82.8988 80.1908 92.4189 356.422 -20.3501 107.196 340.338 -84.3755 83.8051 328.011 -108.787 40.8035 315.633 -43.3907 20.2554 325.263 -34.1621 35.9307 370.868 -26.7571 17.8891 63.6875 9.87825 
149.554 165.991 173.68 118.221 131.919 142.906 162.736 168.081 77.7872 77.7224 90.3297 357.408 -20.3247 105.937 340.715 -83.8182 83.101 328.874 -108.517 39.025 318.025 -40.7215 18.7544 326.488 -34.0331 34.9734 371.032 -26.6191 15.43 67.6949 9.49666 
147.395 164.851 177.191 120.788 132.783 142.065 162.415 169.934 74.7381 76.2865 88.6708 357.184 -20.9088 104.825 341.536 -83.9397 81.9182 330.087 -109.212 37.7308 319.611 -39.0909 17.6953 326.981 -33.9118 33.9579 370.918 -26.9247 13.7581 71.2053 9.61844 
146.676 164.121 175.263 121.064 134.464 142.148 160.769 168.809 77.4114 77.69 87.2801 357.199 -20.4761 103.854 341.977 -83.7029 79.8304 329.702 -109.083 37.1582 319.06 -39.79 16.7532 327.495 -33.752 32.6697 371.848 -27.2448 14.8117 69.35 10.6874 
145.82 163.285 178.826 116.919 134.92 141.336 160.664 169.323 75.406 76.0215 85.9125 357.407 -20.5653 102.574 343.259 -84.4469 78.4439 330.252 -109.66 35.6043 320.574 -40.3598 15.2253 328.488 -33.9693 31.5119 372.07 -27.6721 15.5003 69.8942 10.9786 
146.477 162.88 180 115.959 135.79 141.496 159.536 170.306 74.9245 75.5348 85.1644 358.074 -20.7305 101.175 344.092 -84.7384 77.123 331.317 -110.092 34.498 321.145 -40.5986 13.9671 328.744 -33.9708 30.2651 372.258 -27.8141 15.6701 70.2211 10.8834 
146.864 162.075 180 120.406 136.362 141.065 159.118 173.394 74.0882 75.148 83.8139 358.407 -21.4978 99.7298 344.226 -85.3305 74.7075 331.466 -110.956 31.7712 322.011 -38.2024 12.3289 329.29 -34.2246 29.0707 372.597 -28.2554 12.5456 74.2865 11.5556 
147.594 161.019 177.917 119.846 138.254 141.96 157.505 171.511 79.1773 77.4858 82.8621 358.33 -21.5911 99.0352 344.896 -85.4078 72.1207 331.253 -111.396 30.3452 320.546 -39.3751 11.3906 329.692 -34.3737 27.7611 373.853 -28.8317 14.0021 71.872 13.2242 
149.401 161.374 174.135 124.008 138.313 143.124 158.27 170.128 80.7061 78.8429 81.7816 357.729 -22.1712 98.349 345.069 -86.0228 69.9725 330.452 -111.543 28.6372 321.019 -37.5323 9.9432 330.253 -34.7232 26.4367 374.66 -29.6101 11.5879 73.4224 14.4232 
148.696 161.421 180 97.5325 137.361 144.593 165.946 179.96 81.3296 78.6855 81.5079 362.823 -23.8742 94.6537 345.252 -87.5883 68.8526 332.556 -114.985 29.8893 321.91 -45.0884 8.43975 330.619 -34.2425 24.8755 374.245 -29.9413 20.6886 67.7596 12.253 
148.776 160.942 179.999 95.0719 138.493 145.031 164.971 179.949 85.9809 79.0578 80.5796 364.026 -24.2537 94.0253 346.442 -87.9993 66.0739 332.647 -115.519 28.2059 320.712 -47.6982 7.39226 331.358 -34.6025 23.7712 375.254 -30.4703 23.6589 64.8043 14.0464 
147.446 160.527 180 105.899 139.484 144.411 163.439 176.105 90.8513 79.2482 79.4718 365.462 -23.8193 93.2482 347.005 -87.8498 63.7599 331.124 -114.195 26.7011 318.347 -49.3377 6.23668 332.134 -34.7414 22.7396 376.545 -30.657 25.7203 60.9527 15.4236 
147.229 159.477 180 174.27 139.622 143.802 161.793 175.852 99.6958 80.7983 79.2406 368.749 -25.1234 91.0533 346.101 -87.9923 62.8876 331.653 -114.385 30.0207 311.279 -49.3946 5.43213 331.424 -34.5875 21.6155 376.663 -30.6814 25.3453 59.7852 13.9505 
146.298 159.41 180 157.048 141.352 144.052 160.254 173.379 99.7205 81.7848 78.8283 370.705 -25.4513 90.4454 347.601 -88.8734 60.7356 331.611 -114.669 27.8521 312.643 -50.1403 5.00815 331.821 -35.2993 20.7382 377.874 -31.2554 24.722 58.9055 15.3118 
145.423 159.287 179.439 116.975 141.218 144.294 159.223 171.044 96.1499 82.8173 78.1451 371.598 -25.3866 89.8551 349.11 -89.4474 59.4933 332.123 -114.475 25.266 317.142 -49.6275 4.58272 331.928 -36.0147 19.6988 378.93 -31.6114 22.5478 59.4787 15.9299 
