149.581 165.304 160.485 160.448 161.416 135.776 159.527 152.314 155.469 154.423 -70.7406 220.443 -43.7294 -23.0223 271.523 -112.491 -54.5227 262.032 -123.447 -85.2238 263.68 -117.268 -114.724 256.649 -94.3319 -65.53 266.765 -25.5545 12.9266 9.25948 11.9616 
149.844 165.566 161.704 161.681 161.845 135.742 159.337 152.14 155.594 154.619 -72.9886 220.621 -44.4951 -25.1637 271.088 -113.049 -56.6025 261.537 -123.769 -87.616 264.397 -117.797 -117.363 257.426 -94.7079 -67.4243 266.7 -26.006 13.1993 9.89647 11.952 
150.208 165.635 163.515 163.323 162.388 135.927 159.481 151.455 156.356 155.141 -77.8846 220.183 -45.9483 -29.7303 269.505 -114.147 -60.9265 259.301 -124.161 -92.6444 264.92 -118.888 -122.647 258.189 -95.49 -71.7131 265.971 -26.9211 13.4813 11.4494 12.1324 
150.108 165.045 162.609 162.448 161.152 136.05 159.506 149.953 156.506 154.707 -80.6095 219.583 -46.1552 -31.7988 268.181 -114.468 -62.6856 256.549 -123.528 -94.7807 263.428 -119.024 -124.158 256.954 -95.5118 -73.6577 265.243 -27.3367 13.0327 12.3887 12.6374 
150.282 165.003 161.813 163.706 161.692 136.265 159.207 147.732 157.721 155.301 -82.8993 219.214 -46.882 -34.2735 267.719 -114.826 -64.6495 255.332 -122.951 -97.5716 265.383 -119.764 -127.226 258.307 -95.8601 -75.9437 264.855 -27.6988 13.3651 14.5658 12.8967 
150.554 164.703 160.711 164.237 161.546 136.396 158.56 146.786 157.399 154.341 -85.0815 218.696 -47.5087 -36.9732 266.647 -114.984 -67.0155 254.355 -122.832 -99.9937 264.636 -119.654 -129.407 257.488 -95.8641 -78.3227 264.359 -28.0165 13.2062 14.8369 12.6467 
150.842 164.35 159.633 164.569 161.746 136.657 158.168 144.6 157.429 154.564 -87.3741 217.938 -47.8223 -39.6651 265.389 -115.269 -69.3754 252.308 -122.092 -102.657 264.602 -119.792 -132.35 257.975 -96.0425 -80.8429 263.955 -28.3849 13.4422 16.1742 13.1251 
151.047 164.351 158.143 164.897 161.86 136.995 157.831 142.636 157.769 154.386 -89.9292 217.859 -48.4639 -42.6295 264.676 -115.567 -72.2431 251.006 -121.532 -105.972 265.314 -120.074 -135.494 258.327 -95.9392 -83.4669 263.78 -28.6308 13.4617 17.6755 13.5389 
150.792 164.09 155.419 163.633 161.087 137.253 158.426 142.974 158.541 154.713 -92.5774 216.758 -48.1185 -45.2673 263.036 -115.746 -75.0804 249.683 -121.31 -109.272 264.286 -119.976 -138.22 257.518 -95.3603 -85.9476 262.834 -28.706 13.2156 18.0212 13.5727 
150.896 164.523 154.211 164.493 161.984 137.531 158.561 141.813 159.608 155.754 -95.1655 216.454 -48.6619 -48.3412 262.739 -116.334 -77.9449 248.936 -121.122 -112.707 265.686 -120.498 -141.841 258.611 -95.4944 -88.6395 262.524 -28.9712 13.5021 19.5848 13.8972 
151.298 164.741 154.448 165.101 162.668 137.83 158.22 141.606 159.813 156.1 -97.4962 216.206 -49.3719 -51.3351 262.105 -116.599 -80.6335 248.784 -121.256 -115.724 266.185 -120.632 -144.976 258.753 -95.4691 -91.2425 262.131 -29.081 13.6964 20.193 13.3597 
151.783 165.153 154.291 165.694 163.233 138.282 158.146 141.488 160.179 156.783 -100.045 216.233 -50.0895 -54.2498 261.416 -117.007 -83.2827 247.776 -121.211 -118.723 266.534 -120.98 -148.258 259.272 -95.6693 -94.0187 262.107 -29.3961 13.9856 21.252 13.4225 
151.975 165.439 153.931 166.028 163.63 138.853 158.209 141.177 160.507 157.026 -102.246 216.087 -51.0242 -57.1103 260.696 -117.375 -86.154 247.192 -121.244 -121.853 266.799 -121.262 -151.313 259.209 -95.7307 -96.7004 261.814 -29.6912 14.0436 21.9608 13.3218 
152.623 165.519 153.064 166.375 163.957 139.544 158.202 141.289 160.954 157.429 -104.378 215.672 -51.3385 -59.7926 259.602 -117.494 -88.5968 246.644 -121.125 -124.726 266.718 -121.464 -154.265 258.918 -95.7331 -99.4128 261.608 -29.7868 14.172 22.5055 12.8 
153.287 165.844 152.66 166.67 164.304 140.2 158.587 142.269 161.563 158.079 -106.548 215.087 -51.3999 -62.4634 258.154 -117.526 -91.1061 245.368 -121.155 -127.643 265.887 -121.585 -157.202 258.223 -95.6479 -102.225 261.238 -29.8008 14.2415 22.9363 12.5381 
153.488 166.016 151.478 166.925 164.757 140.665 158.997 143.391 162.223 158.765 -108.661 214.513 -51.6292 -65.3161 257.201 -117.637 -93.9848 245.117 -121.318 -130.638 265.855 -121.622 -160.297 258.157 -95.4801 -104.901 260.722 -29.7644 14.3802 22.9988 12.1464 
154.304 166.536 151.752 167.268 165.307 141.262 159.316 145.624 163.289 159.856 -111.079 214.324 -51.5047 -67.8058 255.93 -117.663 -96.2329 245.39 -121.821 -133.807 266.563 -121.836 -163.76 258.663 -95.4203 -107.766 260.668 -29.6729 14.6829 23.4902 10.9833 
155.181 166.969 153.069 167.583 165.776 141.888 159.758 148.542 164.033 160.72 -113.436 213.896 -51.2358 -70.5463 254.254 -117.561 -99.0667 245.229 -122.602 -136.867 265.73 -121.822 -166.94 258.076 -95.1388 -110.644 260.415 -29.5163 14.8456 22.9478 10.0376 
156.084 167.417 155.568 167.866 166.29 142.486 160.412 153.355 165.008 161.825 -115.777 213.189 -50.9974 -73.171 252.579 -117.605 -101.958 246.24 -124.13 -139.869 265.502 -121.87 -170.232 257.962 -94.8909 -113.29 259.844 -29.3645 15.1465 21.8348 8.88519 
156.927 167.469 156.758 168.211 166.647 143.109 160.289 156.859 165.942 162.745 -118.187 212.677 -50.8645 -75.9012 250.965 -117.367 -104.996 247.478 -125.039 -143.413 266.016 -121.57 -173.793 258.177 -94.2033 -116.015 259.303 -29.0253 15.3541 21.4709 8.18553 
157.403 167.391 157.254 168.403 166.804 143.425 160.27 158.4 166.379 163.251 -120.655 212.317 -50.4801 -78.7924 250.004 -117.083 -108.018 247.613 -125.356 -146.509 265.566 -121.278 -177.067 257.911 -93.6892 -118.854 259.005 -28.802 15.6209 21.0949 8.12365 
157.775 167.566 156.38 168.67 167.187 143.844 160.247 160.834 167.598 164.625 -123.049 211.728 -50.2145 -81.6922 248.031 -116.828 -111.259 247.872 -125.736 -150.047 266.118 -120.942 -180.623 258.576 -93.0705 -121.575 258.44 -28.5098 15.7705 21.209 8.30132 
157.962 167.218 156.214 168.534 167.227 143.96 159.876 162.663 168.198 165.163 -125.432 211.564 -49.5182 -84.4193 247.297 -116.305 -114.675 249.137 -126.008 -153.545 266.594 -120.47 -184.057 258.751 -92.394 -124.513 258.338 -28.1507 15.9034 20.8081 9.11803 
157.996 166.609 157.383 168.276 166.974 143.919 158.887 161.802 167.96 165.132 -127.728 211.46 -49.1487 -87.5064 246.627 -115.708 -117.683 248.527 -125.63 -156.473 265.64 -120.002 -187.002 257.926 -91.8818 -127.379 258.182 -27.9492 16.0526 20.7567 9.18313 
157.524 166.653 161.34 167.969 166.779 144.338 158.405 163.572 168.643 165.924 -129.935 210.928 -49.2082 -90.4236 245.027 -115.428 -121.651 249.688 -126.117 -160.058 266.153 -119.634 -190.309 258.289 -91.3054 -130.017 257.597 -27.7944 15.9808 20.0911 10.6928 
157.517 166.443 163.799 167.868 166.704 144.472 158.335 163.785 168.588 166.005 -132.02 210.712 -48.9575 -93.1859 245.567 -115.192 -124.695 250.808 -126.203 -162.851 266.264 -119.254 -193.182 258.185 -90.8496 -132.71 257.381 -27.5091 16.1449 19.5041 11.1353 
157.102 166.437 164.368 167.916 166.564 144.301 158.293 164.445 169.35 166.626 -134.277 210.239 -48.778 -95.7757 243.902 -114.836 -127.78 250.632 -126.177 -166.037 266.265 -118.824 -196.171 258.14 -90.1946 -135.173 256.547 -27.2571 16.1572 19.5874 12.0113 
157.128 166.37 166.963 168.369 166.711 144.146 158.126 164.72 170.367 167.605 -139.146 210.292 -47.8885 -101.054 243.298 -113.793 -133.318 251.68 -125.721 -171.624 267.079 -118.172 -201.769 258.455 -89.4829 -140.775 256.33 -26.488 16.1926 19.5413 13.0224 
156.332 166.889 166.53 168.323 166.475 144.202 158.478 163.769 170.973 167.88 -140.829 209.919 -47.8325 -103.561 241.914 -113.554 -135.927 249.751 -125.068 -174.764 266.679 -117.731 -204.414 257.961 -88.8518 -143.15 255.752 -26.1883 15.9561 20.5943 12.7897 
156.389 167.37 166.279 168.631 166.754 144.945 159.429 163.581 171.616 168.602 -143.413 209.943 -48.0134 -106.487 242.041 -113.538 -139.058 250.936 -124.901 -177.634 267.502 -117.426 -207.232 258.465 -88.4846 -145.854 255.629 -25.7779 15.8472 20.1825 13.2608 
153.577 167.458 165.259 167.053 165.471 144.07 159.909 159.943 172.369 169.272 -146.615 209.17 -47.2145 -108.365 240.142 -113.234 -140.962 247.382 -123.675 -180.205 265.062 -116.791 -209.173 256.823 -88.0195 -148.017 254.813 -25.8113 15.51 21.1986 12.5064 
153.378 167.842 165.242 167.664 165.929 144.442 160.353 160.344 172.507 169.356 -148.911 209.027 -47.7999 -111.149 240.414 -113.525 -143.823 248.725 -124.079 -182.911 265.896 -116.731 -211.949 257.24 -87.7809 -150.503 254.355 -25.6954 15.6013 20.8197 12.9388 
153.771 167.832 163.237 168.013 165.984 144.773 159.341 159.722 172.697 169.587 -150.024 208.443 -47.9797 -113.175 239.052 -112.824 -145.489 246.663 -123.402 -185.019 265.064 -116.719 -214.168 256.22 -87.7494 -152.899 253.92 -25.6774 15.7259 21.8973 12.6705 
154.315 167.78 163.81 168.715 166.576 145.293 160.147 160.499 172.832 169.72 -151.915 208.316 -48.7177 -115.952 239.584 -113.408 -148.314 247.459 -123.906 -187.537 265.245 -116.676 -216.728 256.052 -87.493 -155.116 253.346 -25.5776 15.8212 21.4054 12.7299 
155.031 168.178 165.319 169.024 166.974 145.712 159.833 160.759 173.121 170.066 -153.404 207.904 -48.3119 -117.655 238.35 -112.562 -149.927 246.756 -123.457 -189.431 264.777 -116.489 -218.897 255.472 -87.323 -157.503 253.106 -25.1834 15.9584 21.7011 13.0976 
155.728 167.951 166.287 169.388 167.591 146.17 160.63 162.134 173.234 170.244 -155.13 207.396 -48.3581 -120.021 238.628 -112.756 -152.469 247.271 -123.605 -191.575 264.414 -116.141 -221.219 254.932 -86.8194 -159.456 252.323 -24.7199 16.115 20.9265 13.1563 
156.163 168.524 167.032 169.575 167.983 146.128 161.017 161.921 173.512 170.55 -156.924 207.231 -47.8345 -121.487 237.328 -112.228 -154.064 246.026 -123.228 -193.368 263.754 -116.01 -223.297 254.544 -86.7047 -161.629 251.919 -24.3297 16.2001 21.2229 13.2745 
156.313 168.449 169.647 169.835 168.415 146.351 161.321 165.058 173.597 170.665 -158.858 207.286 -47.8443 -123.686 237.518 -112.272 -157.018 248.321 -124.227 -195.502 263.763 -115.863 -225.489 254.365 -86.5391 -163.709 251.591 -24.0584 16.2024 19.4934 14.6819 
156.094 168.839 169.849 170.071 168.793 145.828 162.078 165.458 173.95 170.93 -160.344 206.699 -46.8465 -124.942 236.412 -111.69 -158.402 247.04 -123.899 -196.811 262.099 -115.685 -226.905 253.2 -86.4818 -165.634 250.916 -23.5999 16.0864 19.1593 14.7106 
155.709 168.922 170.752 170.057 169.033 146.086 162.306 167.618 174.016 170.91 -162.173 206.855 -46.8446 -127.12 236.309 -111.686 -161.392 248.971 -124.418 -199.261 262.178 -115.269 -229.277 253.25 -86.044 -167.695 250.632 -23.2606 16.0378 17.8553 16.0278 
155.534 169.088 170.613 170.063 169.158 145.763 163.148 167.859 174.168 170.972 -163.671 206.511 -46.4214 -128.961 236.381 -111.8 -163.144 248.291 -124.274 -200.882 261.113 -115.218 -231.004 252.58 -86.0461 -169.62 250.144 -23.1034 16.0302 17.5125 15.4739 
155.36 170.257 170.607 169.949 169.303 145.972 163.253 167.886 174.265 171.266 -165.371 207.066 -46.632 -130.572 235.951 -111.716 -165.132 248.464 -124.48 -203.102 261.278 -115.17 -233.418 252.847 -85.9902 -171.777 250.277 -23.0298 16.1725 17.5992 15.9946 
155.096 170.353 170.493 169.838 169.459 145.981 163.633 168.589 174.525 171.597 -166.36 206.508 -46.3352 -132.037 235.634 -111.468 -166.569 248.502 -124.422 -204.438 260.465 -114.919 -234.8 252.171 -85.8497 -173.293 249.719 -22.7923 16.1542 17.1243 16.1243 
155.254 172.016 170.111 169.741 169.472 146.653 164.389 168.819 174.685 171.729 -168.179 206.187 -46.927 -135.111 234.771 -111.773 -170.365 248.283 -124.655 -208.298 260.218 -114.609 -238.507 252.219 -85.3925 -176.301 249.022 -22.7895 16.1542 17.1335 16.7416 
155.585 172.008 169.793 169.472 169.528 147.346 164.278 169.295 174.824 171.778 -168.111 205.8 -47.2118 -136.232 234.337 -111.416 -171.708 248.429 -124.558 -209.645 259.577 -114.259 -239.709 251.565 -85.1703 -177.41 248.572 -22.7616 16.1273 16.9025 17.2758 
156.187 171.726 168.728 169.309 169.319 147.148 163.724 167.825 174.442 171.307 -168.993 205.317 -47.1033 -137.033 234.404 -111.036 -172.041 246.748 -123.84 -209.97 258.216 -114.246 -239.99 250.124 -85.4138 -178.471 248.19 -22.687 15.98 17.1338 16.3143 
156.633 171.563 168.597 169.088 169.128 147.272 163.521 167.564 174.131 171.171 -170.366 205.43 -47.7732 -138.222 234.039 -111.274 -173.365 246.497 -124.058 -211.261 257.947 -114.248 -241.131 249.769 -85.358 -179.428 247.767 -22.7839 15.9268 17.1278 16.4122 
157.41 171.941 168.511 168.938 168.991 147.572 163.448 167.35 173.938 171.05 -170.926 205.782 -48.2423 -139.523 233.756 -111.244 -174.735 246.269 -123.985 -212.61 257.801 -113.937 -242.38 249.656 -84.9458 -180.4 247.563 -22.6348 15.948 17.1687 16.4423 
157.77 171.391 168.594 168.713 168.923 148.012 162.771 167.228 173.669 170.655 -171.058 206.155 -48.5153 -140.446 233.326 -110.556 -175.369 245.941 -123.653 -213.21 257.157 -113.623 -242.94 248.847 -84.8365 -181.317 247.543 -22.4405 15.9121 17.1091 16.5233 
157.896 170.933 168.732 168.517 168.852 147.955 162.678 167.499 173.517 170.255 -171.51 206.193 -47.8949 -141.023 233.411 -109.851 -175.739 245.911 -123.204 -213.562 256.285 -113.33 -243.305 247.861 -84.823 -182.335 247.741 -22.1361 15.8507 16.8381 16.5578 
158.033 170.458 168.563 168.29 168.572 147.913 162.649 167.296 173.126 169.569 -172.175 206.04 -47.7844 -141.625 233.812 -109.539 -176.077 245.523 -122.715 -213.739 255.307 -113.067 -243.343 246.654 -84.7564 -183.122 247.613 -21.9564 15.7139 16.6177 16.1406 
158.435 170.349 168.71 168.237 168.405 147.881 162.677 167.268 173.012 169.466 -173.014 205.517 -47.8486 -142.211 233.718 -109.519 -176.581 245.075 -122.545 -214.162 254.774 -112.909 -243.689 245.961 -84.5667 -183.638 247.118 -21.8009 15.6581 16.55 15.8976 
158.605 170.266 168.814 168.136 168.288 147.676 162.731 167.28 172.875 169.362 -173.915 205.421 -48.0305 -143.135 233.597 -109.695 -177.382 244.782 -122.482 -214.879 254.574 -112.765 -244.309 245.789 -84.354 -184.178 246.746 -21.7287 15.6054 16.4835 15.5982 
158.683 170.365 168.966 167.898 168.059 147.928 162.474 167.31 172.831 169.411 -174.102 205.568 -48.5527 -144.078 233.229 -109.876 -178.395 244.744 -122.604 -215.861 254.709 -112.703 -245.28 245.992 -84.1468 -184.778 246.516 -21.8244 15.6893 16.4985 15.7085 
158.796 170.078 169.254 167.72 167.895 148.133 162.042 167.453 172.813 169.5 -174.475 205.74 -48.4322 -144.846 232.885 -109.633 -179.005 244.716 -122.575 -216.408 254.572 -112.667 -245.994 245.96 -84.1008 -185.553 246.704 -21.7512 15.8136 16.3781 15.8 
158.852 169.708 169.87 167.674 167.889 148.142 161.958 168.327 172.98 169.728 -175.154 205.782 -47.9959 -145.51 232.689 -109.426 -179.581 245.263 -122.713 -216.826 254.49 -112.712 -246.542 245.955 -84.2066 -186.271 246.942 -21.6333 15.8403 15.9603 16.121 
158.578 169.51 169.957 167.718 168.086 147.883 161.648 168.424 173.04 169.682 -175.73 205.957 -47.3944 -145.788 232.781 -108.878 -179.467 245.294 -122.554 -216.746 254.145 -112.849 -246.651 245.636 -84.6272 -187.087 247.467 -21.609 15.8375 15.8764 16.1109 
158.786 169.352 170.063 167.802 168.197 147.855 161.722 168.729 173.105 169.588 -176.458 206.258 -47.2198 -146.159 233.198 -108.722 -179.756 245.827 -122.572 -217.022 254.274 -112.902 -246.957 245.702 -84.8239 -187.748 247.901 -21.6242 15.8099 15.7758 16.2614 
158.958 169.294 170.119 167.939 168.358 147.845 161.918 169.051 173.255 169.639 -177.262 206.481 -47.2707 -146.495 233.762 -108.834 -180.147 246.481 -122.75 -217.407 254.622 -113.05 -247.321 245.959 -85.0472 -188.291 248.239 -21.7424 15.7657 15.7071 16.4068 
159.126 169.176 170.239 168.232 168.607 147.938 162.419 169.566 173.262 169.479 -178.352 206.762 -47.7297 -147.606 235.307 -109.596 -181.286 247.796 -123.297 -218.336 255.334 -113.369 -248.133 246.471 -85.3924 -189.123 248.66 -22.051 15.6762 15.3869 16.1997 
158.975 169.286 170.252 168.399 168.714 148.122 163.163 170.025 173.404 169.544 -178.531 206.679 -48.2902 -148.189 236.621 -110.452 -182.196 248.84 -123.69 -219.144 256.074 -113.405 -248.737 246.938 -85.2804 -189.209 248.523 -22.233 15.6543 15.2487 16.0234 
159.023 169.255 170.032 168.472 168.761 148.254 163.489 170.139 173.392 169.439 -178.604 206.638 -48.6288 -148.632 237.508 -110.911 -182.943 249.562 -123.774 -219.844 256.655 -113.231 -249.225 247.266 -84.9782 -189.206 248.361 -22.2308 15.6264 15.2107 15.9566 
159.147 169.243 169.732 168.494 168.77 148.756 163.446 170.041 173.342 169.333 -178.402 206.654 -49.1866 -149.067 238.076 -111.223 -183.568 250.193 -123.858 -220.427 257.177 -113.13 -249.564 247.442 -84.7954 -189.251 248.283 -22.2846 15.5501 15.2036 16.0279 
159.418 169.229 169.332 168.456 168.676 149.169 163.348 169.655 173.201 169.073 -178.193 206.803 -49.629 -149.419 238.519 -111.369 -184.018 250.456 -123.742 -220.855 257.498 -112.989 -249.698 247.478 -84.6028 -189.297 248.313 -22.2839 15.4145 15.2738 15.9743 
159.742 169.32 168.925 168.371 168.568 149.612 163.15 169.239 173.03 168.79 -178.081 206.984 -50.0204 -149.649 238.686 -111.369 -184.371 250.637 -123.607 -221.233 257.809 -112.836 -249.82 247.561 -84.436 -189.342 248.383 -22.263 15.2838 15.395 16.0696 
159.999 169.603 168.864 168.374 168.544 149.8 163.181 169.268 173.052 168.723 -178.056 206.944 -50.1839 -149.525 238.529 -111.315 -184.424 250.92 -123.645 -221.268 258.043 -112.794 -249.697 247.688 -84.4182 -189.172 248.327 -22.2595 15.1615 15.3951 16.4205 
160.434 170.222 169.076 168.414 168.44 150.029 163.181 169.379 173.246 168.988 -177.82 206.803 -50.1006 -149.002 237.971 -111.115 -184.09 250.953 -123.702 -220.956 258.11 -112.829 -249.38 247.809 -84.4255 -188.876 248.318 -22.1627 15.092 15.3847 16.8653 
161.085 171.194 169.192 168.537 168.377 150.126 163.231 169.164 173.459 169.264 -177.489 206.684 -49.586 -148.03 236.83 -110.484 -183.179 250.045 -123.445 -220.172 257.66 -112.782 -248.681 247.737 -84.3849 -188.464 248.405 -21.9042 15.0186 15.5719 17.1551 
161.46 172.08 169.358 168.675 168.349 149.759 163.32 168.575 173.5 169.519 -176.822 206.554 -48.8916 -147.024 235.702 -109.829 -181.879 248.472 -123.017 -219.135 256.978 -112.75 -247.811 247.622 -84.3796 -187.819 248.474 -21.6356 14.9962 15.9894 16.8779 
159.353 172.069 167.63 167.782 167.122 148.262 164.063 168.61 173.699 169.608 -177.482 205.447 -46.9988 -146.002 234.464 -109.177 -180.395 245.439 -121.848 -217.717 254.496 -112.133 -245.879 246.295 -83.9001 -186.535 248.038 -21.2906 14.532 16.1502 15.6675 
154.453 170.878 165.152 167.288 166.06 146.364 163.936 168.854 173.532 169.455 -178.435 205.067 -45.9179 -145.151 233.791 -109.091 -179.505 243.773 -121.241 -216.736 253.287 -111.739 -244.264 245.749 -83.6643 -185.22 247.726 -21.2266 14.0006 16.1642 14.9701 
155.29 170.758 165.77 167.232 166.14 145.492 163.748 167.566 172.964 168.907 -178.446 205.225 -45.3502 -144.04 233.861 -109.112 -178.29 243.538 -121.073 -215.654 253.682 -111.845 -243.322 246.039 -83.6754 -184.208 247.933 -21.0471 14.0821 16.4433 14.6896 
155.578 170.737 166.625 167.451 166.536 144.605 163.505 167.333 172.876 168.871 -178.222 205.694 -44.3513 -142.718 234.219 -108.692 -176.868 244.324 -120.976 -214.301 254.455 -111.981 -242.354 246.679 -83.9049 -183.453 248.619 -20.7401 14.2176 16.4177 14.8698 
153.086 169.988 165.633 167.056 165.65 142.808 163.817 167.144 172.966 169.091 -178.761 205.849 -42.4721 -141.685 234.042 -108.193 -175.401 243.25 -120.275 -212.927 253.818 -111.587 -240.812 246.714 -83.7061 -182.42 249.127 -20.3837 13.9604 16.5396 14.1155 
149.941 169.265 165.213 167.054 165.046 141.124 163.641 165.434 172.529 169.051 -179.35 205.965 -41.2719 -140.821 233.893 -108.201 -174.27 242.422 -119.798 -211.8 253.629 -111.517 -239.305 246.893 -83.6951 -181.177 249.415 -20.3124 13.6042 16.7188 13.4911 
150.673 169.298 165.975 166.633 165.024 140.279 163.28 164.775 171.759 168.357 -179.202 206.643 -40.8806 -139.681 234.807 -108.236 -173.134 243.775 -119.885 -210.743 255.205 -111.667 -238.669 248.179 -83.7837 -180.377 250.113 -20.181 13.9135 16.8722 13.6678 
151.362 169.21 166.441 166.719 165.473 139.323 163.016 163.756 171.431 168.298 -178.776 207.809 -40.1778 -138.672 235.691 -108.009 -171.623 244.267 -119.552 -209.531 256.664 -111.924 -238.084 249.529 -84.0684 -179.865 251.319 -20.0018 14.2857 17.4672 13.2122 
149.231 169.183 166.055 166.965 165.072 138.435 163.518 162.641 171.678 168.897 -178.817 208.221 -38.8457 -137.81 235.834 -107.752 -170.247 243.44 -118.737 -208.499 256.836 -111.724 -236.946 250.221 -83.8789 -178.954 252.047 -19.7218 14.1403 18.04 12.3531 
146.795 168.913 166.227 167.281 164.842 137.845 163.842 162.694 171.628 169.103 -178.827 208.357 -38.1353 -137.306 236.031 -107.898 -169.939 244.039 -118.646 -207.986 257.478 -111.475 -235.958 251.088 -83.5791 -177.774 252.254 -19.5635 13.8016 17.7986 12.4239 
147.944 169.212 167.356 167.288 165.25 137.78 162.909 162.612 170.932 168.503 -178.479 209.421 -38.8357 -136.626 237.017 -108.088 -169.079 245.165 -118.835 -207.17 259.072 -111.868 -235.393 252.291 -83.9444 -177.242 253.184 -19.7369 13.9525 18.1272 12.4279 
147.801 168.85 166.889 167.229 164.654 137.63 162.851 161.476 170.716 168.57 -179.074 210.345 -38.3184 -136.179 238.364 -108.121 -168.012 245.712 -118.796 -206.278 259.305 -111.937 -234.422 252.622 -84.1419 -176.885 254.52 -19.8387 13.8457 18.1656 11.7784 
145.867 168.642 166.558 167.474 164.329 137.335 162.951 160.712 170.987 168.872 -178.777 210.87 -37.5108 -135.701 238.424 -108.01 -167.322 245.504 -118.455 -205.923 259.76 -112.034 -233.861 253.35 -84.2225 -176.367 255.401 -19.9282 13.7075 18.6646 11.5168 
143.193 168.423 165.755 167.715 164.108 136.927 162.963 159.659 171.61 169.607 -177.773 211.084 -37.0305 -135.352 237.99 -107.932 -166.639 244.307 -117.66 -205.78 260.235 -111.802 -233.323 254.256 -83.8829 -175.485 255.605 -19.9363 13.5305 19.818 10.8947 
141.842 168.118 165.349 167.702 163.771 136.849 162.876 160.347 171.572 169.631 -177.324 211.263 -36.9425 -135.284 238.313 -108.067 -166.773 245.207 -118.003 -205.606 260.613 -111.622 -232.718 254.782 -83.5801 -174.727 255.831 -20.0426 13.3319 19.3253 11.2014 
144.94 168.203 165.047 168.509 164.327 137.268 161.036 160.734 170.92 168.532 -176.689 213.748 -38.6412 -135.011 241.026 -108.711 -165.857 248.097 -118.824 -204.865 264.057 -112.428 -232.653 257.523 -84.4115 -174.583 258.384 -20.7628 13.8712 19.9221 11.0445 
145.53 168.086 164.957 168.314 163.397 137.569 161.155 157.994 171.05 169.029 -177.016 214.906 -38.8896 -135.378 242.706 -109.051 -165.479 247.876 -118.506 -204.997 264.926 -112.446 -232.797 258.628 -84.301 -174.777 259.797 -21.1049 14.0807 20.9494 9.81879 
144.921 167.922 164.509 168.403 162.711 137.395 161.307 156.708 171.398 169.65 -177.15 215.881 -38.9502 -135.441 243.871 -109.329 -165 248.136 -118.426 -204.926 265.575 -112.409 -232.442 259.561 -84.1553 -174.496 260.749 -21.3945 14.0485 21.5246 9.14745 
143.713 167.867 163.239 168.041 162.01 137.471 161.248 155.143 171.427 169.998 -176.561 216.61 -39.4926 -135.496 244.211 -109.59 -164.439 247.007 -117.999 -204.816 265.917 -112.481 -232.101 260.165 -84.0953 -174.116 261.349 -21.8022 14.0529 22.6748 8.206 
142.078 167.652 161.125 167.523 161.441 137.42 160.932 154.436 171.389 170.318 -175.456 217.027 -40.2246 -135.557 244.095 -109.858 -164.07 246.12 -117.716 -204.686 265.928 -112.599 -231.648 260.381 -84.0293 -173.609 261.574 -22.2613 13.9787 23.3963 7.65226 
141.288 167.405 160.728 167.164 161.304 138.011 160.571 156.132 171.187 169.89 -174.141 217.078 -41.054 -135.645 244.023 -110.118 -164.033 246.755 -118.216 -204.358 265.865 -112.783 -230.953 260.251 -84.1733 -173.129 261.778 -22.6567 13.7086 22.8635 7.78491 
141.197 167.192 157.31 167.147 161.11 138.843 160.386 160.105 170.994 169.418 -173.111 217.401 -41.8605 -135.928 244.513 -110.522 -164.69 249.148 -119.34 -204.473 266.395 -113.007 -230.613 260.615 -84.2584 -172.899 262.282 -23.0161 13.4214 21.5234 8.7632 
141.72 166.962 157.755 167.351 161.113 139.607 160.177 160.859 171.061 169.168 -172.4 218.002 -42.5873 -136.32 244.95 -110.896 -165.35 251.475 -120.242 -204.739 267.464 -113.428 -230.453 261.476 -84.5025 -172.879 263.013 -23.4056 13.1262 20.6081 9.80182 
144.687 168.042 160.599 166.736 162.12 140.887 160.042 161.19 170.803 168.609 -171.103 218.928 -44.2528 -136.325 245.596 -111.295 -165.565 253.869 -120.893 -204.936 269.987 -114.032 -231.021 263.652 -85.1184 -173.123 264.031 -23.8525 13.3984 20.7649 10.9399 
145.772 167.639 162.61 167.203 162.616 141.518 159.977 161.61 171.206 169.046 -170.991 219.769 -44.946 -136.696 246.256 -111.619 -166.017 256.219 -121.824 -204.94 271.27 -114.603 -230.924 265.016 -85.74 -173.255 264.911 -24.2429 13.1983 19.8881 11.9641 
148.275 169 164.736 167.369 163.777 142.436 160.376 161.979 171.265 169.128 -169.838 220.758 -46.2258 -136.687 247.381 -112.034 -165.965 258.124 -122.331 -204.83 273.346 -115.338 -231.233 267.023 -86.592 -173.515 265.892 -24.6569 13.3787 19.979 12.4765 
148.253 168.139 164.919 167.415 163.785 142.279 160.393 163.171 171.351 169.416 -169.944 221.315 -46.2898 -136.926 248.376 -112.293 -166.027 259.847 -123.258 -204.296 273.579 -115.788 -230.617 267.459 -87.1706 -173.526 266.594 -24.9922 13.1564 18.8168 12.8844 
147.418 167.396 163.475 167.283 163.513 142.028 159.968 163.438 171.045 169.141 -170.245 222 -46.6929 -137.18 249.56 -112.682 -165.707 260.761 -123.946 -203.509 273.436 -116.286 -229.64 267.409 -87.8349 -173.45 267.243 -25.5113 12.8528 18.0685 12.5569 
148.998 167.991 164.079 168.022 163.945 142.458 160.039 162.949 170.698 168.147 -169.589 222.691 -47.8995 -137.381 250.933 -113.236 -165.286 261.254 -124.506 -202.722 274.304 -117.173 -229.155 268.257 -88.8517 -173.532 267.971 -26.1171 12.8915 18.1129 11.8704 
150.674 168.455 164.892 168.719 164.941 142.858 159.996 162.167 170.782 168.059 -168.888 223.285 -49.1997 -137.774 252.154 -113.943 -165.22 261.838 -125.188 -202.443 275.522 -118.079 -229.216 269.446 -89.8569 -173.574 268.569 -26.8134 13.0457 18.3815 11.3717 
152.176 168.885 165.471 169.504 166.206 143.376 159.869 161.062 170.773 168.076 -168.035 224.015 -50.4835 -138.121 253.111 -114.488 -165.035 262.221 -125.747 -202.115 276.495 -118.843 -229.264 270.544 -90.7718 -173.594 269.2 -27.4634 13.2367 18.6874 10.9196 
153.683 169.304 166.73 170.051 167.282 143.743 160.046 161.059 171.101 168.506 -167.481 224.579 -51.3814 -138.492 253.857 -115.039 -165.248 263.16 -126.562 -202.222 277.734 -119.477 -229.687 271.899 -91.4476 -173.642 269.779 -27.9702 13.4379 18.7611 11.0241 
154.928 170.248 167.993 170.432 168.098 144.186 160.769 162.047 171.599 169.104 -166.967 225.117 -52.3496 -138.602 254.51 -115.953 -165.855 264.874 -127.908 -202.634 279.218 -120.287 -230.207 273.333 -92.2013 -173.638 270.374 -28.6182 13.4891 18.4369 11.8747 
155.781 171.874 168.904 170.545 168.694 144.608 161.424 163.593 171.927 169.577 -166.987 225.923 -53.2666 -138.494 254.886 -116.915 -166.674 267.293 -129.568 -203.057 280.888 -121.188 -230.701 274.797 -93.0328 -173.695 271.054 -29.3024 13.4673 17.6868 13.479 
156.281 173.564 169.16 170.468 169.076 144.866 162.483 164.663 172.196 169.931 -167 226.55 -53.8516 -138.041 255.18 -117.753 -167.172 269.412 -130.889 -203.262 282.361 -121.974 -230.986 276.054 -93.8294 -173.653 271.715 -29.9446 13.4449 17.0884 14.9378 
156.55 172.899 169.578 170.447 169.352 145.042 163.207 165.85 172.61 170.372 -167.044 226.922 -54.0895 -137.216 254.725 -118.012 -167.148 271.118 -131.851 -202.947 283.476 -122.566 -230.66 277.016 -94.4814 -173.413 272.144 -30.3254 13.2954 16.5049 16.6034 
156.876 171.552 169.437 170.558 169.626 145.684 162.809 166.041 172.782 170.553 -166.725 227.398 -54.4843 -136.114 253.883 -117.603 -166.476 272.199 -132.271 -202.296 284.309 -123.044 -230.1 277.681 -95.1318 -173.214 272.688 -30.6367 13.1903 16.3435 18.2228 
157.218 170.24 169.226 170.684 169.823 146.471 162.795 165.88 172.99 170.861 -166.013 227.675 -54.98 -135.139 253.213 -117.275 -165.51 272.614 -132.297 -201.687 285.012 -123.424 -229.592 278.451 -95.635 -172.983 273.127 -30.9003 13.16 16.654 19.0966 
157.658 168.381 168.345 170.91 169.856 147.146 162.628 164.58 172.824 170.779 -165.588 227.964 -55.4009 -134.541 253.035 -117.046 -164.424 272.27 -132.139 -200.983 285.45 -123.917 -229.104 279.008 -96.2421 -172.97 273.829 -31.1906 13.1915 17.2461 18.9752 
156.305 166.722 167.115 169.748 169.12 146.948 161.382 164.017 172.608 170.587 -166.195 228.053 -55.4658 -134.63 253.374 -117.313 -164.108 272.123 -132.107 -200.62 284.988 -124.138 -228.399 278.853 -96.5481 -172.83 274.23 -31.5708 12.9016 17.0485 18.4331 
156.638 165.227 166.747 169.844 168.991 147.48 162.016 163.175 172.472 170.236 -165.779 228.434 -56.1481 -134.467 254.312 -117.952 -163.869 272.476 -132.24 -200.741 285.957 -124.689 -228.399 279.681 -97.1179 -172.917 274.915 -31.9885 12.7575 17.5758 17.9321 
157.042 164.274 166.508 169.935 169.149 147.783 162.602 162.584 172.399 170.103 -165.324 228.665 -56.674 -134.282 254.97 -118.42 -163.757 272.882 -132.404 -200.977 286.84 -125.168 -228.641 280.429 -97.664 -172.989 275.42 -32.3648 12.7207 18.0281 17.7565 
157.293 163.729 166.544 169.981 169.29 147.909 163.541 162.571 172.356 170.028 -164.984 228.948 -57.1853 -134.245 255.917 -119.106 -163.941 273.656 -132.734 -201.356 287.708 -125.603 -228.972 281.167 -98.1452 -173.067 275.822 -32.7452 12.6618 18.1752 17.6029 
157.285 163.28 166.729 170.099 169.476 147.925 164.11 162.712 172.275 169.963 -164.7 229.173 -57.5837 -134.164 256.683 -119.622 -164.076 274.379 -133.169 -201.59 288.242 -126.062 -229.163 281.607 -98.6773 -173.153 276.186 -33.135 12.5896 18.1327 17.6195 
157.233 162.825 166.953 170.221 169.65 147.907 164.507 163.058 172.232 169.911 -164.481 229.412 -57.6927 -134.15 257.414 -119.856 -164.226 275.26 -133.45 -201.794 288.726 -126.361 -229.305 281.947 -99.0652 -173.31 276.613 -33.3458 12.486 17.9651 17.7902 
157.155 162.562 167.124 170.338 169.751 147.88 164.72 163.297 172.143 169.77 -164.361 229.709 -57.9736 -134.151 257.986 -120.118 -164.357 275.883 -133.784 -201.902 289.023 -126.662 -229.352 282.111 -99.436 -173.389 276.978 -33.5885 12.3927 17.7917 17.8806 
156.977 162.357 167.3 170.366 169.771 147.886 164.667 163.53 171.928 169.489 -164.308 230.082 -58.2729 -134.248 258.582 -120.308 -164.585 276.659 -134.21 -202.022 289.252 -126.912 -229.367 282.166 -99.7588 -173.481 277.373 -33.7984 12.27 17.4706 18.0845 
156.942 162.311 167.446 170.341 169.725 147.954 164.777 163.882 171.701 169.14 -164.335 230.561 -58.5656 -134.492 259.35 -120.592 -165.017 277.608 -134.626 -202.274 289.565 -127.097 -229.467 282.332 -99.9899 -173.63 277.824 -33.9659 12.1257 17.0468 18.2337 
156.896 162.256 167.562 170.266 169.617 147.948 164.688 164.242 171.514 168.82 -164.474 230.964 -58.7689 -134.707 259.985 -120.859 -165.435 278.521 -135.059 -202.5 289.753 -127.317 -229.451 282.275 -100.221 -173.731 278.215 -34.1613 11.9327 16.6004 18.49 
156.812 162.339 167.748 170.217 169.5 147.907 164.51 164.602 171.297 168.474 -164.705 231.415 -58.9798 -134.942 260.474 -121.127 -165.892 279.271 -135.579 -202.642 289.763 -127.53 -229.356 282.104 -100.416 -173.808 278.57 -34.3504 11.7517 16.0858 18.7503 
156.759 162.71 167.748 170.091 169.281 147.897 163.987 164.626 170.918 167.923 -165.156 231.901 -59.2861 -135.23 260.957 -121.403 -166.332 279.688 -135.943 -202.762 289.633 -127.727 -229.177 281.775 -100.587 -173.87 278.926 -34.5659 11.5355 15.6781 18.7786 
156.665 162.595 167.881 170.003 169.197 147.938 163.573 164.919 170.73 167.617 -165.438 232.331 -59.5063 -135.518 261.346 -121.534 -166.756 280.619 -136.425 -202.89 289.896 -127.886 -229.085 281.802 -100.721 -173.938 279.305 -34.7317 11.3811 15.2305 19.2273 
156.689 162.597 168.133 170.033 169.217 148.036 163.408 165.377 170.73 167.536 -165.926 232.818 -59.8413 -135.726 261.731 -121.779 -167.072 281.633 -136.956 -202.972 290.311 -128.054 -229.011 282.004 -100.837 -173.956 279.642 -34.9336 11.2853 14.8465 19.6801 
156.613 163.09 168.155 169.986 169.176 148.091 163.19 165.566 170.697 167.378 -166.356 233.254 -59.9041 -135.869 262.314 -121.955 -167.284 282.452 -137.213 -203.07 290.638 -128.134 -228.889 282.149 -100.868 -174.039 280.081 -35.0591 11.1389 14.591 19.8622 
156.406 163.365 168.055 169.887 169.059 148.137 162.859 165.533 170.522 167.024 -166.7 233.646 -60.0159 -136.082 262.857 -121.96 -167.458 283.059 -137.274 -203.073 290.783 -128.092 -228.636 282.132 -100.821 -174.098 280.427 -35.0986 10.9452 14.3224 19.9135 
156.191 163.647 167.971 169.831 168.954 148.046 162.832 165.449 170.442 166.835 -167.02 234.006 -59.7187 -136.211 263.645 -121.889 -167.497 283.572 -137.137 -203.033 291 -127.916 -228.519 282.286 -100.636 -174.185 280.882 -34.9936 10.8968 14.1756 19.7046 
155.951 163.953 167.917 169.861 168.943 147.958 163.044 165.352 170.541 166.952 -167.172 234.374 -59.4629 -136.187 264.301 -121.892 -167.361 283.735 -136.98 -202.98 291.236 -127.799 -228.584 282.611 -100.494 -174.256 281.325 -34.926 11.0046 14.251 19.3144 
155.527 165.161 167.419 169.818 168.76 147.728 163.176 164.184 170.547 167.051 -167.297 235.158 -59.2716 -136 265.519 -121.994 -166.88 282.818 -136.413 -202.773 291.44 -127.701 -228.748 283.237 -100.368 -174.428 282.131 -35.0061 11.332 14.9164 17.8398 
155.517 165.836 167.424 169.893 168.753 147.771 163.591 163.626 170.717 167.37 -167.008 235.347 -59.0386 -135.533 266.17 -121.939 -166.215 281.846 -135.966 -202.357 291.289 -127.624 -228.78 283.479 -100.326 -174.495 282.476 -34.978 11.6761 15.4484 16.7701 
155.426 167.122 167.491 170.037 168.833 147.742 164.028 163.474 171.003 167.752 -166.591 235.326 -58.8029 -135.12 266.992 -121.971 -165.721 281.043 -135.56 -201.989 291.071 -127.538 -228.81 283.562 -100.289 -174.528 282.649 -34.9167 11.9815 15.8071 15.7114 
155.501 168.792 167.514 170.135 168.897 147.682 164.364 163.268 171.22 168.039 -166.266 235.23 -58.4692 -134.744 267.852 -122.013 -165.262 280.342 -135.215 -201.671 290.821 -127.505 -228.88 283.568 -100.328 -174.598 282.803 -34.8807 12.2695 16.104 14.7039 
155.483 171.224 167.514 170.263 168.955 147.618 164.471 163.152 171.373 168.22 -166.066 235.227 -58.136 -134.608 269.234 -122.051 -165.071 280.138 -134.864 -201.562 290.718 -127.378 -229.095 283.557 -100.282 -174.759 283.009 -34.7937 12.5328 16.2387 13.7261 
155.343 173.749 167.538 170.241 168.835 147.297 164.125 162.932 171.406 168.227 -166.148 235.364 -57.7609 -134.859 270.813 -122.147 -165.32 279.899 -134.37 -201.971 290.879 -127.095 -229.827 283.706 -99.9905 -175.019 283.219 -34.6666 12.8996 16.5585 12.6222 
155.222 174.09 167.596 170.241 168.711 146.989 163.338 162.925 171.351 168.141 -166.438 235.464 -57.5235 -135.382 272.423 -122.303 -165.937 279.912 -134.029 -202.734 291.083 -126.855 -230.806 283.683 -99.6794 -175.361 283.369 -34.5911 13.2278 16.7779 11.7636 
155.066 172.796 166.49 170.064 168.541 146.852 161.906 164.826 171.074 167.862 -166.713 235.625 -57.5715 -136.076 273.783 -122.461 -167.093 280.82 -134.185 -203.903 291.583 -126.678 -232.059 283.652 -99.3731 -175.796 283.545 -34.6034 13.5077 16.624 11.7615 
155.105 171.446 162.908 169.828 168.33 146.901 159.959 165.216 170.641 167.491 -167.304 235.965 -58.0084 -136.979 274.64 -122.648 -168.114 281.086 -134.119 -205.401 292.428 -126.601 -233.572 283.796 -99.139 -176.361 283.831 -34.7576 13.7879 17.2569 11.5515 
155.159 170.746 160.713 169.618 168.237 146.919 158.908 164.983 170.5 167.526 -167.819 236.152 -58.396 -137.618 274.869 -122.863 -168.96 280.626 -133.937 -206.97 293.339 -126.527 -235.34 284.116 -98.8439 -176.89 283.954 -34.9289 14.2617 18.4098 11.3962 
155.233 169.641 158.776 169.424 168.148 146.976 157.993 164.685 170.255 167.524 -168.519 236.301 -58.7335 -138.309 275.3 -123.132 -169.877 280.344 -133.866 -208.515 294.097 -126.463 -237.126 284.243 -98.5294 -177.49 284.048 -35.0602 14.7697 19.3498 11.2651 
155.327 168.613 158.152 169.289 167.878 146.797 157.48 163.286 169.899 167.558 -169.701 236.754 -59.0187 -139.213 276.244 -123.749 -170.671 279.305 -133.717 -210.173 294.926 -126.468 -239.199 284.547 -98.211 -178.264 284.379 -35.3022 15.4614 20.8975 10.524 
155.491 168.679 159.194 169.361 167.599 146.391 158.506 162.261 169.881 167.923 -171.35 237.201 -59.0818 -140.045 277.722 -124.965 -171.237 277.218 -133.638 -211.716 295.399 -126.712 -241.353 284.674 -98.0092 -179.148 284.882 -35.6144 16.3004 22.8348 9.56569 
155.573 168.881 158.167 169.36 167.458 146.092 159.782 160.545 170.079 168.413 -172.87 237.337 -59.0729 -140.638 278.841 -126.098 -171.473 275.079 -133.472 -213.094 295.304 -127 -243.226 284.305 -97.8426 -179.827 285.065 -35.9681 17.0438 24.5835 9.30358 
155.41 169.173 156.67 168.068 166.325 146.635 161.112 158.245 169.88 168.54 -175.068 237.047 -59.1193 -140.713 279.508 -126.906 -171.935 272.725 -133.045 -214.02 293.275 -127.026 -244.216 282.595 -97.6076 -180.199 285.006 -36.4736 17.4529 25.1635 10.2709 
155.474 169.337 156.286 167.935 166.162 146.611 161.908 157.083 169.497 167.989 -176.265 237.295 -59.0455 -141.001 280.167 -127.583 -172.444 272.11 -133.083 -214.831 292.409 -127.302 -245.281 281.435 -97.491 -180.674 285.132 -36.7645 17.9603 25.2298 10.823 
155.431 169.622 156.475 167.844 165.914 146.52 163.073 156.972 169.114 167.22 -177.612 237.641 -58.8001 -141.15 281.378 -128.219 -173.363 272.4 -133.362 -215.775 291.322 -127.429 -246.426 279.896 -97.0792 -181.133 285.323 -36.9558 18.5558 24.5103 11.6731 
154.896 169.563 156.41 166.54 165.011 146.832 164 157.683 168.647 167.174 -178.696 237.152 -58.2819 -140.583 281.169 -128.13 -173.831 272.964 -133.648 -215.553 289.004 -127.221 -245.985 278.343 -96.909 -181.021 285.11 -37.0741 18.4231 22.637 12.151 
154.634 169.737 158.317 166.742 165.203 146.71 164.134 158.407 168.647 166.771 -178.87 237.06 -57.9391 -140.078 280.904 -128.008 -173.994 274.65 -134.306 -215.376 288.722 -127.318 -245.881 277.845 -96.8445 -180.99 284.969 -37.061 18.5524 21.4208 12.0774 
154.479 169.828 160.067 166.926 165.412 146.689 164.153 159.091 168.938 166.807 -178.744 236.959 -57.6398 -139.536 280.67 -127.884 -174.111 275.971 -134.863 -215.344 288.824 -127.45 -245.964 277.71 -96.8022 -180.972 284.908 -37.1003 18.7336 20.7207 12.2967 
153.919 169.693 159.935 166.125 164.925 146.701 164.678 159.765 168.891 167.161 -179.396 236.606 -57.1087 -138.546 280.236 -127.716 -173.759 276.142 -135.319 -214.888 287.659 -127.393 -245.543 277.092 -96.8003 -180.744 284.728 -37.1777 18.7241 20.0074 12.7504 
153.135 169.703 159.722 165.509 164.579 146.505 165.28 159.826 168.801 167.517 -179.938 236.326 -56.4627 -137.517 279.942 -127.537 -173.131 275.761 -135.482 -214.291 286.632 -127.35 -245.072 276.714 -96.8772 -180.476 284.592 -37.232 18.7253 19.7003 13.1225 
152.412 169.595 159.414 164.899 164.235 146.085 165.586 159.391 168.775 168.021 -180.299 236.062 -55.7316 -136.508 279.604 -127.245 -172.161 275.056 -135.445 -213.492 285.863 -127.32 -244.491 276.475 -96.9868 -180.085 284.432 -37.251 18.7928 19.752 13.2657 
152.143 169.461 158.954 164.392 164.224 145.829 165.647 158.854 168.783 168.541 -180.255 235.87 -55.1995 -135.61 279.451 -127 -171.146 274.041 -135.173 -212.739 285.371 -127.297 -243.988 276.522 -97.2348 -179.682 284.443 -37.282 18.8214 20.1353 13.3643 
152.099 169.121 158.299 163.983 164.19 145.741 165.282 158.182 168.781 169.014 -180.013 235.746 -54.9313 -134.672 279.153 -126.699 -170.133 272.972 -134.767 -212.073 285.172 -127.293 -243.472 276.568 -97.4373 -179.245 284.476 -37.3139 18.839 20.7782 13.4884 
152.083 168.852 157.512 163.894 164.149 145.815 165.131 158.124 168.765 169.14 -179.41 235.631 -54.944 -133.859 279.128 -126.542 -169.513 272.709 -134.558 -211.652 285.359 -127.305 -242.884 276.641 -97.4906 -178.686 284.429 -37.2912 18.7002 21.122 13.6985 
152.163 169.024 158.596 164.569 164.733 145.419 164.575 157.366 169.043 168.581 -178.534 236.231 -55.2812 -133.614 279.581 -126.63 -169.247 274.101 -134.758 -211.747 287.035 -127.547 -242.767 277.438 -97.5448 -178.32 284.704 -37.2888 18.6411 21.4638 13.487 
152.048 169.338 161.028 165.219 165.172 145.222 164.26 160.184 169.462 168.076 -177.442 236.959 -55.7542 -133.48 279.754 -126.687 -170.043 277.693 -135.906 -211.862 288.827 -127.725 -242.564 278.39 -97.5909 -177.924 284.949 -37.2736 18.4818 20.1815 13.8591 
151.884 169.693 161.898 165.924 165.518 145.22 164.505 161.314 169.815 167.581 -176.136 237.505 -56.1632 -133.223 280.445 -126.907 -170.466 280.309 -136.637 -211.909 290.427 -127.855 -242.428 279.208 -97.5082 -177.482 285.068 -37.2483 18.4943 19.4459 14.3704 
151.797 170.007 162.79 166.418 165.843 145.334 164.827 161.914 170.198 167.436 -175.08 237.822 -56.5303 -132.889 281.295 -127.173 -170.636 282.289 -137.075 -211.9 291.972 -127.924 -242.466 280.187 -97.3597 -177.016 285.099 -37.3105 18.6992 19.1186 14.7945 
152.019 170.287 163.791 166.751 166.125 145.526 165.001 161.956 170.52 167.565 -174.07 238.081 -56.887 -132.473 281.917 -127.375 -170.491 283.172 -137.277 -211.731 293.04 -127.96 -242.462 280.874 -97.1501 -176.455 285.081 -37.3933 19.0028 19.1711 15.008 
152.342 170.328 163.724 166.093 165.784 146.126 165.254 163.1 171.079 168.274 -173.863 237.852 -56.864 -131.335 281.89 -126.985 -169.837 282.619 -137.209 -211.219 292.375 -127.557 -241.849 280.524 -96.6566 -175.717 284.911 -37.3803 19.0965 19.3162 15.4364 
152.439 170.173 163.39 165.397 165.236 146.641 165.04 163.828 171.648 168.842 -173.542 237.632 -56.7853 -130.188 281.526 -126.543 -169.095 281.247 -137.028 -210.695 291.298 -127.24 -241.161 279.99 -96.2598 -175.016 284.792 -37.4895 19.1365 19.7092 15.8402 
152.614 169.756 162.972 164.753 164.733 146.701 164.548 163.018 172.148 169.191 -173.194 237.519 -56.4776 -129.161 281.14 -126.064 -167.88 279.041 -136.45 -209.996 290.156 -126.88 -240.385 279.339 -95.9673 -174.279 284.758 -37.5365 19.1877 20.6214 15.8142 
152.602 169.113 162.318 163.992 164.14 146.481 163.9 161.637 172.013 169.283 -172.954 237.377 -56.0783 -128.312 280.613 -125.662 -166.76 276.969 -135.881 -209.106 288.734 -126.645 -239.558 278.489 -95.786 -173.602 284.714 -37.6291 19.3256 21.1795 15.776 
152.509 168.646 161.409 163.513 163.865 146.539 163.31 160.214 171.333 169.397 -172.853 237.722 -56.5455 -127.691 280.784 -125.653 -166.3 276.388 -135.731 -208.559 288.288 -126.573 -238.944 278.249 -95.5279 -172.893 284.755 -37.9269 19.5396 21.3367 16.0323 
153.153 168.928 163.243 163.728 163.496 146.645 162.541 161.387 170.825 168.485 -172.117 238.491 -57.4402 -127.489 280.994 -126.153 -166.461 279.239 -136.985 -208.4 289.669 -126.869 -238.817 278.74 -95.5417 -172.439 285.064 -38.3025 19.8543 20.5925 16.1637 
153.589 168.907 164.803 164.207 163.437 146.754 162.119 162.938 170.507 167.596 -171.227 239.287 -58.3617 -127.452 281.863 -126.837 -167.048 282.963 -138.302 -208.384 291.523 -127.249 -238.751 279.471 -95.6311 -172.013 285.414 -38.7366 20.134 19.557 16.7602 
153.704 168.823 167.034 164.619 163.535 146.994 161.843 164.788 170.637 167.408 -170.207 239.933 -59.121 -127.184 282.638 -127.407 -167.616 286.743 -139.449 -208.385 293.5 -127.597 -238.842 280.288 -95.6005 -171.609 285.726 -39.1275 20.5745 18.6297 17.8273 
153.79 168.565 168.654 164.842 163.434 147.216 161.395 166.029 171.181 167.675 -169.207 240.018 -59.2646 -126.34 282.228 -127.566 -167.316 288.905 -140.272 -207.865 294.478 -127.988 -238.489 280.315 -95.6831 -171.088 285.877 -39.4644 21.0103 18.1776 18.9451 
154.556 168.469 168.725 164.285 163.396 147.933 161.716 167.322 173.118 169.119 -168.849 239.57 -59.2264 -124.766 281.755 -127.26 -166.228 288.882 -140.639 -207.164 294.054 -127.866 -237.655 279.433 -95.4376 -170.264 285.707 -39.6023 21.2254 18.4572 19.6341 
154.89 168.366 168.593 167.221 164.495 148.016 161.685 167.944 175.639 170.087 -168.532 238.824 -58.6856 -123.183 281.393 -126.792 -164.827 287.978 -140.694 -206.408 293.27 -127.686 -236.522 278.48 -95.5876 -169.336 285.385 -39.682 20.9349 19.0599 19.8581 
155.108 168.483 168.381 166.713 164.143 147.584 162.025 166.934 175.467 169.499 -167.554 238.613 -58.6146 -122.71 281.931 -127.255 -163.821 287.827 -140.684 -205.263 292.846 -128.03 -235.627 277.66 -96.0259 -168.568 285.311 -39.9064 21.1392 18.9099 19.2567 
155.51 168.712 168.122 165.567 163.932 147.371 162.315 165.885 173.976 168.25 -166.8 238.807 -58.9484 -122.553 282.86 -127.884 -163.019 288.019 -140.858 -203.81 292.198 -128.589 -234.559 276.912 -96.6755 -167.924 285.475 -40.2142 21.3509 18.207 18.5203 
157.265 168.971 167.885 166.004 163.923 147.944 162.527 166.027 172.335 166.865 -165.88 239.426 -59.8948 -122.405 283.764 -128.599 -162.831 289.572 -141.397 -202.714 292.219 -129.309 -233.402 276.616 -97.3487 -167.366 285.828 -40.555 21.293 17.0908 18.5123 
159.711 169.188 168.12 166.311 163.965 148.76 162.62 166.695 171.288 165.858 -165.07 240.189 -60.9368 -122.161 284.467 -129.226 -162.958 291.719 -142.081 -202.048 292.842 -130.046 -232.404 276.724 -97.9409 -166.939 286.279 -40.9067 21.1131 16.1056 19.0639 
162.314 169.237 168.483 166.372 164.038 149.545 162.694 167.5 170.907 165.278 -164.148 240.865 -61.954 -121.573 284.736 -129.708 -162.876 293.773 -142.762 -201.59 294.082 -130.709 -231.641 277.336 -98.3396 -166.451 286.607 -41.2789 21.053 15.5997 19.8937 
165.885 169.19 168.709 166.254 164.081 150.81 162.937 168.286 171.1 165.239 -162.753 241.234 -63.0423 -120.848 284.785 -130.043 -162.707 295.439 -143.299 -201.355 295.287 -131.088 -231.267 277.89 -98.4064 -165.898 286.721 -41.5565 21.2194 15.4325 20.7664 
168.53 169.156 168.821 165.968 164.118 151.934 163.263 168.745 171.484 165.283 -161.337 241.186 -63.7506 -120.019 284.716 -130.292 -162.229 296.078 -143.664 -201.079 295.843 -131.296 -230.975 278.048 -98.3549 -165.346 286.663 -41.7974 21.4568 15.5436 21.2173 
168.147 169.294 169.105 165.93 164.518 152.327 163.765 168.745 171.634 165.227 -160.612 241.026 -64.0491 -119.352 285.004 -130.634 -161.636 296.145 -143.924 -200.717 296.034 -131.549 -230.733 278.146 -98.5297 -164.704 286.57 -42.0128 21.5894 15.7036 21.1213 
166.447 169.242 168.873 165.81 164.475 151.965 163.877 167.971 171.237 164.629 -160.242 240.838 -63.8804 -118.726 285.333 -130.81 -160.564 295.322 -143.9 -199.869 295.258 -131.81 -229.962 277.374 -98.7967 -164.018 286.567 -42.1932 21.6973 15.8629 20.4319 
164.652 169.178 168.092 165.53 164.163 151.64 164.21 167.883 170.437 163.522 -159.913 240.637 -63.859 -118.363 285.97 -131.117 -160.007 295.223 -144.003 -198.947 294.313 -131.995 -228.912 276.451 -99.0145 -163.278 286.459 -42.3547 21.6713 15.4417 19.9227 
163.229 169.085 167.338 165.382 163.884 151.222 164.325 167.626 169.523 162.216 -159.585 240.618 -63.8585 -118.021 286.574 -131.39 -159.356 295.223 -144.055 -197.957 293.699 -132.269 -227.855 275.812 -99.2534 -162.598 286.389 -42.5287 21.6954 15.0735 19.4034 
162.658 169.066 166.616 165.22 163.78 150.886 164.048 166.866 168.625 160.941 -159.52 241.124 -64.083 -117.719 287.284 -131.775 -158.785 295.586 -144.217 -197.287 293.895 -132.654 -227.017 275.89 -99.6432 -162.167 286.826 -42.8448 21.627 14.9642 19.0673 
162.523 168.95 166.381 165.112 163.63 150.65 163.789 166.66 168.229 160.349 -159.308 241.599 -64.3121 -117.154 287.743 -132.049 -158.127 296.349 -144.508 -196.56 294.556 -133.095 -226.148 276.311 -100.094 -161.757 287.266 -43.1727 21.5529 14.881 19.1057 
163.587 168.66 166.594 165.068 163.598 150.556 163.751 167.27 168.318 160.164 -158.807 242.086 -64.6262 -116.578 288.152 -132.268 -157.867 297.767 -144.887 -196.276 295.789 -133.356 -225.634 277.257 -100.238 -161.368 287.572 -43.3915 21.4711 14.8177 19.5993 
165.387 168.498 166.857 164.895 163.631 150.972 164.008 168.019 168.792 160.451 -157.809 242.233 -65.0114 -115.926 288.457 -132.487 -157.604 298.965 -145.287 -196.092 296.84 -133.465 -225.273 278.003 -100.13 -160.934 287.713 -43.5793 21.5314 14.8548 20.1016 
166.922 168.349 167.143 164.876 163.694 151.404 164.258 168.776 169.457 160.861 -156.846 242.234 -65.3233 -115.364 288.716 -132.683 -157.441 299.995 -145.689 -195.973 297.699 -133.572 -224.927 278.532 -100.086 -160.507 287.735 -43.7374 21.5235 14.8642 20.5716 
165.141 168.401 167.462 164.94 163.489 150.733 164.757 168.778 170.019 160.996 -156.278 241.98 -65.1666 -114.299 289.726 -133.111 -156.187 300.088 -146.045 -194.901 297.804 -133.934 -223.609 278.462 -100.561 -159.307 287.773 -44.0608 21.3637 14.9814 20.0511 
163.581 168.636 167.467 165.234 163.34 149.934 165.098 168.278 169.938 160.835 -156.431 241.738 -65.0303 -114.068 290.176 -133.312 -155.55 299.284 -146.106 -194.276 297.05 -134.133 -222.946 277.926 -101.043 -158.786 287.596 -44.183 21.1419 14.9849 19.341 
162.631 168.759 167.04 165.314 163.065 149.179 165.155 167.719 169.556 160.358 -156.261 241.723 -65.0073 -113.678 290.395 -133.499 -154.812 298.547 -146.11 -193.466 296.369 -134.331 -222.101 277.425 -101.369 -158.129 287.488 -44.3516 21.0335 14.9366 18.8078 
161.796 168.739 166.646 165.248 163.529 148.353 164.83 166.636 168.788 160.036 -156.326 241.939 -65.0118 -113.31 290.708 -133.615 -153.874 297.789 -145.997 -192.436 296.041 -134.59 -221.57 277.602 -101.894 -157.632 287.619 -44.5844 21.0719 14.9113 18.1644 
161.233 168.711 166.46 165.419 163.881 147.832 164.553 166.159 168.523 159.995 -156.472 242.457 -65.1133 -112.919 291.011 -133.762 -153.164 297.933 -146.077 -191.693 296.575 -134.933 -221.104 278.389 -102.437 -157.258 287.994 -44.8335 21.0139 14.91 17.927 
161.334 168.706 166.597 165.459 163.988 147.484 164.247 166.396 168.613 160.313 -156.29 243.117 -65.4141 -112.422 291.075 -133.874 -152.632 298.675 -146.315 -191.101 297.429 -135.248 -220.603 279.322 -102.892 -156.912 288.374 -45.0958 20.9025 14.8649 18.1229 
161.334 168.551 166.602 165.381 163.789 147.187 163.692 166.716 168.846 161.108 -156.045 243.696 -65.762 -111.981 290.86 -133.91 -152.305 299.433 -146.582 -190.638 298.435 -135.625 -220.466 280.502 -103.44 -156.65 288.864 -45.4661 20.9668 14.7864 18.557 
161.464 168.805 167.057 165.557 163.795 147.329 164.079 167.663 169.31 161.775 -155.645 244.041 -66.1902 -111.455 291.146 -134.312 -152.125 300.596 -147.163 -190.47 299.22 -136.018 -220.113 281.182 -103.813 -156.243 289.097 -45.7783 20.7902 14.7259 19.0307 
162.595 168.958 167.242 165.73 163.962 147.837 164.351 168.078 169.715 162.16 -155.061 244.206 -66.6326 -110.94 291.358 -134.538 -151.716 301.061 -147.534 -190.158 299.604 -136.327 -219.71 281.501 -104.202 -155.869 289.307 -45.9983 20.6546 14.7636 19.1755 
163.978 169.111 167.371 165.75 163.844 148.352 164.524 167.982 169.903 162.23 -154.294 244.263 -67.1094 -110.524 291.786 -134.754 -151.272 300.93 -147.718 -189.802 299.525 -136.51 -219.229 281.424 -104.504 -155.455 289.547 -46.237 20.5475 14.8503 18.9914 
164.231 169.357 167.408 165.737 163.607 148.728 164.894 167.66 169.573 161.67 -153.754 244.422 -67.6053 -110.29 292.56 -135.076 -150.896 300.478 -147.843 -189.336 298.795 -136.676 -218.485 280.774 -104.807 -155.01 289.784 -46.4482 20.3486 14.7708 18.4941 
164.054 169.602 167.655 165.709 163.784 148.681 165.296 167.015 168.881 160.958 -153.342 244.638 -68.1124 -110.059 293.369 -135.473 -150.315 299.778 -147.95 -188.686 298.132 -136.908 -217.948 280.582 -105.14 -154.484 289.945 -46.7114 20.2829 14.7264 17.8005 
164.078 169.626 167.337 165.691 163.872 148.591 165.271 166.416 168.068 160.294 -152.782 245.111 -68.5251 -109.794 294.073 -135.812 -149.827 299.472 -148.056 -187.972 297.589 -137.142 -217.32 280.361 -105.432 -153.955 290.307 -46.9541 20.259 14.5517 17.3943 
163.979 169.51 166.963 165.78 164.001 148.343 164.967 166.077 167.572 159.82 -152.477 245.791 -68.7084 -109.626 294.691 -136.129 -149.452 299.893 -148.267 -187.442 297.852 -137.479 -216.821 280.657 -105.821 -153.599 290.923 -47.1806 20.222 14.4155 17.1889 
163.498 169.416 166.887 165.983 164.196 148.146 164.864 166.412 167.585 159.741 -152.46 246.608 -68.8853 -109.435 295.506 -136.52 -149.298 301.348 -148.65 -187.195 299.067 -137.838 -216.443 281.666 -106.151 -153.253 291.687 -47.4218 20.1331 14.3057 17.3109 
164.055 169.381 166.935 165.949 164.179 148.402 164.984 167.067 167.877 159.848 -152.043 247.386 -69.1192 -109.064 296.052 -136.823 -149.263 302.901 -149.067 -187.177 300.256 -138.051 -216.082 282.382 -106.215 -152.893 292.432 -47.5821 20.0955 14.2747 17.7508 
