146.994 163.308 156.11 157.808 156.873 134.548 155.917 155.16 151.828 147.461 40.3502 215.765 -39.6058 107.082 242.912 -109.855 75.8676 233.506 -129.472 42.9044 224.221 -125.263 9.47353 221.595 -105.381 45.9331 264.272 -40.3637 14.7715 11.0494 13.5251
146.988 163.395 156.302 157.932 156.959 134.585 156.078 155.39 151.994 147.594 40.389 215.819 -39.5815 107.046 243.044 -109.917 75.7922 233.632 -129.574 42.8105 224.277 -125.33 9.39692 221.596 -105.386 45.8744 264.337 -40.3793 14.7826 11.0798 13.5543
147.06 163.498 156.486 158.057 157.023 134.678 156.244 155.588 152.109 147.637 40.3341 215.876 -39.5017 106.971 243.181 -109.958 75.6472 233.731 -129.63 42.6544 224.275 -125.311 9.29222 221.527 -105.256 45.7952 264.418 -40.3392 14.7899 11.123 13.6011
147.12 163.555 156.592 158.113 157.026 134.695 156.417 155.82 152.285 147.735 40.2278 215.891 -39.436 106.911 243.369 -110.051 75.5285 233.891 -129.752 42.5166 224.361 -125.4 9.18003 221.504 -105.233 45.7023 264.45 -40.342 14.8186 11.1488 13.6442
147.219 163.652 156.716 158.218 157.094 134.784 156.607 156.042 152.417 147.813 40.1036 215.933 -39.3873 106.84 243.609 -110.15 75.3641 234.053 -129.861 42.3445 224.39 -125.43 9.05676 221.421 -105.143 45.6134 264.531 -40.3407 14.8447 11.1976 13.7163
147.356 163.641 156.721 158.235 157.104 134.882 156.562 156.108 152.416 147.76 39.8758 216.027 -39.3854 106.719 243.777 -110.183 75.1361 234.23 -129.938 42.1189 224.46 -125.432 8.89013 221.383 -105.026 45.4907 264.675 -40.3729 14.8783 11.2399 13.796
147.498 163.608 156.717 158.206 157.085 134.985 156.517 156.197 152.436 147.738 39.7089 216.033 -39.2785 106.598 243.852 -110.188 74.9272 234.326 -129.986 41.9022 224.454 -125.394 8.70374 221.268 -104.849 45.3817 264.771 -40.3765 14.9444 11.2881 13.8585
147.583 163.59 156.716 158.187 157.031 135.062 156.457 156.254 152.47 147.674 39.5666 216.062 -39.2181 106.442 243.927 -110.208 74.7048 234.395 -130.022 41.6884 224.445 -125.38 8.49825 221.088 -104.65 45.2291 264.826 -40.3765 15.0528 11.3037 13.9018
147.596 163.591 156.742 158.186 156.985 135.067 156.402 156.296 152.468 147.559 39.456 216.13 -39.2313 106.321 244.008 -110.27 74.5029 234.506 -130.104 41.496 224.488 -125.407 8.33813 220.974 -104.508 45.1315 264.878 -40.4134 15.1419 11.3221 13.9533
147.524 163.577 156.793 158.196 156.935 135.078 156.17 156.242 152.44 147.454 39.3994 216.241 -39.1271 106.245 244.058 -110.208 74.337 234.579 -130.087 41.3049 224.553 -125.376 8.18086 220.884 -104.304 45.0286 264.943 -40.3906 15.2117 11.3317 14.0355
147.42 163.481 156.693 158.08 156.802 135.081 155.867 156.023 152.207 147.168 39.247 216.362 -39.1257 106.125 244.125 -110.205 74.1142 234.641 -130.09 41.0934 224.568 -125.321 8.02596 220.799 -104.121 44.8892 265.03 -40.4396 15.2523 11.3543 14.1312
147.278 163.352 156.499 157.908 156.635 135.022 155.438 155.662 151.926 146.854 39.0864 216.542 -39.287 105.987 244.088 -110.184 73.939 234.64 -130.058 40.9313 224.622 -125.304 7.86637 220.783 -104.035 44.7518 265.09 -40.5303 15.3097 11.3294 14.1733
147.133 163.211 156.294 157.7 156.433 134.974 155.068 155.271 151.589 146.522 38.79 216.609 -39.438 105.744 243.892 -110.134 73.6994 234.544 -129.991 40.6872 224.64 -125.252 7.6184 220.854 -103.982 44.5616 265.094 -40.5855 15.3279 11.3156 14.1704
146.989 162.964 155.988 157.357 156.145 134.848 154.73 154.852 151.129 146.082 38.4887 216.604 -39.6553 105.516 243.769 -110.185 73.461 234.468 -130.011 40.4665 224.597 -125.229 7.3785 220.899 -104.006 44.3666 265.022 -40.7135 15.3439 11.3318 14.1903
146.946 162.772 155.763 157.155 155.984 134.706 154.644 154.57 150.788 145.797 38.1409 216.719 -39.9343 105.184 243.731 -110.284 73.1744 234.495 -130.038 40.2017 224.693 -125.207 7.11134 221.22 -104.116 44.1611 265.093 -40.8057 15.2839 11.3412 14.1354
146.956 162.658 155.65 157.043 155.893 134.673 154.635 154.422 150.567 145.614 37.883 216.795 -40.1529 104.89 243.64 -110.314 72.9145 234.474 -130.021 39.9649 224.732 -125.123 6.91567 221.484 -104.149 43.9997 265.176 -40.8422 15.1951 11.3574 14.0894
146.916 162.52 155.517 156.987 155.868 134.64 154.435 154.152 150.395 145.532 37.7271 216.913 -40.4727 104.592 243.457 -110.28 72.7001 234.377 -129.97 39.7746 224.81 -125.128 6.73533 221.77 -104.318 43.8206 265.258 -40.9249 15.1046 11.3034 14.017
146.86 162.41 155.37 156.928 155.828 134.604 154.309 153.918 150.252 145.471 37.5839 216.973 -40.6913 104.435 243.288 -110.163 72.6267 234.277 -129.843 39.7221 224.896 -125.085 6.67997 222.069 -104.47 43.7291 265.305 -40.9414 15.0053 11.2431 13.9554
146.812 162.327 155.337 156.949 155.878 134.557 154.312 153.848 150.229 145.543 37.5444 216.995 -40.8932 104.326 243.203 -110.141 72.5761 234.224 -129.834 39.7107 224.942 -125.129 6.67505 222.28 -104.692 43.6529 265.329 -40.999 14.8997 11.1925 13.9169
146.838 162.308 155.365 157.007 155.913 134.586 154.419 153.865 150.243 145.571 37.4361 216.986 -41.0539 104.256 243.189 -110.111 72.5525 234.255 -129.834 39.7003 225.05 -125.17 6.70386 222.533 -104.867 43.5932 265.382 -41.0256 14.7861 11.1734 13.8891
146.832 162.241 155.313 157.039 155.964 134.595 154.354 153.82 150.23 145.576 37.451 217.099 -41.255 104.218 243.319 -110.086 72.5492 234.442 -129.869 39.7279 225.27 -125.269 6.76815 222.795 -105.082 43.5229 265.531 -41.1141 14.6972 11.1393 13.879
146.776 162.181 155.29 157.084 156.015 134.583 154.332 153.778 150.247 145.636 37.4427 217.166 -41.4654 104.126 243.37 -110.082 72.5263 234.512 -129.88 39.7554 225.399 -125.35 6.84366 222.981 -105.287 43.4442 265.61 -41.1871 14.585 11.0784 13.8353
146.724 162.078 155.2 157.051 155.978 134.534 154.319 153.689 150.199 145.623 37.2919 217.165 -41.6398 104.01 243.391 -110.087 72.4941 234.543 -129.879 39.7631 225.501 -125.426 6.88351 223.161 -105.492 43.3439 265.644 -41.2534 14.4867 11.0282 13.7802
146.673 162.0 155.116 157.024 155.938 134.443 154.266 153.609 150.197 145.633 37.1491 217.146 -41.6828 103.907 243.298 -110.001 72.4954 234.469 -129.793 39.7825 225.544 -125.447 6.90487 223.295 -105.639 43.2391 265.626 -41.2686 14.4088 10.967 13.7125
146.642 161.988 155.143 157.049 155.933 134.349 154.338 153.753 150.36 145.749 36.9911 217.023 -41.4908 103.757 243.214 -109.93 72.4233 234.393 -129.735 39.7157 225.505 -125.44 6.86379 223.278 -105.665 43.1048 265.535 -41.2177 14.3524 10.9414 13.6591
146.634 162.022 155.201 157.087 155.936 134.297 154.371 153.902 150.514 145.806 36.8157 216.896 -41.3914 103.654 243.093 -109.861 72.3524 234.328 -129.714 39.6273 225.481 -125.468 6.80678 223.239 -105.685 42.9814 265.414 -41.197 14.3182 10.9262 13.6402
146.551 162.034 155.168 157.04 155.877 134.205 154.402 153.911 150.524 145.739 36.7512 216.823 -41.3225 103.528 242.982 -109.789 72.2551 234.182 -129.618 39.5417 225.352 -125.394 6.73766 223.133 -105.624 42.839 265.277 -41.1504 14.289 10.9094 13.6279
146.441 162.081 155.138 157.012 155.865 134.114 154.398 153.874 150.494 145.682 36.7511 216.777 -41.363 103.426 242.877 -109.745 72.1767 234.021 -129.538 39.5026 225.19 -125.328 6.70449 222.98 -105.585 42.7366 265.126 -41.1327 14.2728 10.8808 13.6191
146.387 162.058 155.036 156.936 155.857 134.03 154.322 153.732 150.377 145.633 36.7142 216.794 -41.3057 103.316 242.816 -109.68 72.1041 233.854 -129.399 39.4538 225.034 -125.198 6.63832 222.917 -105.547 42.6333 265.087 -41.1129 14.2446 10.866 13.6047
146.304 162.067 155.004 156.895 155.856 133.982 154.291 153.662 150.318 145.59 36.6826 216.779 -41.2711 103.211 242.663 -109.614 72.0715 233.644 -129.27 39.4401 224.871 -125.087 6.60914 222.838 -105.505 42.5522 265.012 -41.0925 14.2178 10.8381 13.5541
146.239 162.016 154.848 156.748 155.785 133.907 154.115 153.477 150.179 145.484 36.6837 216.79 -41.1786 103.023 242.452 -109.496 71.9906 233.381 -129.064 39.4115 224.696 -124.913 6.55587 222.786 -105.436 42.4297 264.956 -41.0627 14.1825 10.772 13.473
146.238 162.045 154.871 156.753 155.801 133.898 154.098 153.578 150.311 145.582 36.8035 216.794 -41.0802 102.969 242.592 -109.515 72.0049 233.518 -129.1 39.4153 224.799 -124.991 6.4895 222.757 -105.469 42.3368 264.927 -41.0391 14.2581 10.756 13.4205
146.249 162.045 154.845 156.727 155.803 133.936 154.062 153.617 150.345 145.597 36.987 216.797 -40.9554 102.955 242.77 -109.537 71.9948 233.66 -129.117 39.4119 224.871 -124.998 6.44579 222.708 -105.417 42.3015 264.952 -41.0098 14.3281 10.7576 13.4188
146.296 162.11 154.923 156.781 155.813 133.997 154.119 153.723 150.453 145.633 37.0589 216.846 -40.9098 102.974 242.901 -109.577 72.0418 233.798 -129.165 39.4392 224.994 -125.058 6.45458 222.743 -105.414 42.2848 265.002 -40.9968 14.362 10.7542 13.3911
146.331 162.206 155.051 156.877 155.86 134.028 154.226 153.88 150.601 145.7 37.1384 216.9 -40.8411 103.023 242.999 -109.604 72.1105 233.922 -129.21 39.4761 225.101 -125.112 6.47437 222.761 -105.393 42.2909 265.032 -40.9592 14.395 10.7562 13.3638
146.393 162.33 155.265 157.03 155.989 134.174 154.379 154.129 150.801 145.857 37.2548 216.864 -40.6833 103.05 243.099 -109.614 72.1417 234.034 -129.243 39.4891 225.152 -125.112 6.48293 222.728 -105.313 42.3027 265.073 -40.8899 14.4231 10.7735 13.3492
146.504 162.473 155.501 157.224 156.188 134.347 154.564 154.356 151.006 146.095 37.3516 216.829 -40.5997 103.082 243.22 -109.687 72.1689 234.12 -129.323 39.4976 225.169 -125.158 6.46066 222.692 -105.315 42.3086 265.124 -40.8644 14.4521 10.7927 13.3433
146.564 162.605 155.707 157.372 156.332 134.485 154.734 154.555 151.171 146.306 37.4544 216.829 -40.5522 103.119 243.276 -109.714 72.1994 234.179 -129.365 39.5087 225.194 -125.168 6.44677 222.722 -105.316 42.3306 265.188 -40.8351 14.4621 10.808 13.3379
146.583 162.723 155.848 157.496 156.434 134.535 154.871 154.693 151.282 146.43 37.4672 216.886 -40.5123 103.101 243.338 -109.724 72.1742 234.227 -129.376 39.4769 225.209 -125.158 6.42284 222.742 -105.299 42.3002 265.257 -40.8092 14.4485 10.8203 13.3369
146.657 162.799 155.967 157.608 156.567 134.605 154.977 154.824 151.431 146.647 37.4869 216.832 -40.4237 103.146 243.276 -109.722 72.223 234.152 -129.388 39.5007 225.127 -125.167 6.45217 222.685 -105.329 42.3294 265.248 -40.7915 14.4176 10.8311 13.3305
146.676 162.897 156.127 157.755 156.744 134.659 155.116 154.994 151.627 146.937 37.4694 216.865 -40.3104 103.154 243.313 -109.681 72.2337 234.182 -129.371 39.4966 225.157 -125.155 6.44436 222.752 -105.364 42.3207 265.316 -40.7302 14.3788 10.8308 13.3268
146.68 163.016 156.297 157.901 156.909 134.707 155.327 155.189 151.811 147.189 37.4181 216.853 -40.2099 103.175 243.378 -109.707 72.2462 234.195 -129.389 39.4962 225.137 -125.154 6.45729 222.761 -105.39 42.3313 265.337 -40.6882 14.3365 10.8471 13.3321
146.668 163.09 156.375 158.001 157.014 134.735 155.415 155.273 151.926 147.342 37.3123 216.847 -40.142 103.115 243.367 -109.697 72.1781 234.133 -129.356 39.4432 225.075 -125.113 6.431 222.72 -105.366 42.2905 265.334 -40.6448 14.2948 10.8334 13.3365
146.693 163.174 156.469 158.096 157.112 134.802 155.567 155.399 152.049 147.463 37.3054 216.82 -40.0286 103.136 243.38 -109.668 72.176 234.093 -129.311 39.4584 225.021 -125.05 6.46737 222.679 -105.299 42.3085 265.337 -40.5729 14.2663 10.8269 13.3538
146.678 163.239 156.55 158.174 157.221 134.835 155.675 155.487 152.14 147.58 37.3033 216.93 -39.9883 103.143 243.484 -109.664 72.1756 234.133 -129.286 39.4761 225.053 -125.009 6.49759 222.74 -105.283 42.3186 265.445 -40.5564 14.2369 10.8177 13.3645
146.722 163.294 156.639 158.239 157.311 134.928 155.768 155.555 152.193 147.667 37.2816 216.895 -39.9468 103.158 243.459 -109.643 72.1848 234.064 -129.256 39.4927 224.98 -124.958 6.517 222.71 -105.251 42.3266 265.468 -40.5349 14.2167 10.819 13.3725
146.762 163.303 156.659 158.229 157.324 134.982 155.822 155.61 152.204 147.697 37.2235 216.806 -39.9214 103.139 243.463 -109.66 72.1378 234.057 -129.283 39.4466 224.942 -124.95 6.49368 222.682 -105.244 42.3062 265.452 -40.5384 14.1993 10.8373 13.3971
146.762 163.308 156.622 158.193 157.296 134.959 155.871 155.582 152.161 147.662 37.1323 216.832 -39.9021 103.17 243.515 -109.652 72.16 234.08 -129.255 39.4605 224.961 -124.921 6.50287 222.711 -105.224 42.3224 265.478 -40.5145 14.2032 10.8507 13.4067
146.797 163.316 156.609 158.169 157.271 134.994 155.935 155.607 152.133 147.62 37.0424 216.747 -39.8488 103.194 243.534 -109.634 72.1719 234.091 -129.233 39.4698 224.952 -124.882 6.52214 222.713 -105.19 42.3385 265.459 -40.4851 14.2008 10.8752 13.4211
146.8 163.288 156.552 158.12 157.234 135.017 155.908 155.576 152.063 147.542 37.0536 216.747 -39.8736 103.243 243.608 -109.653 72.202 234.183 -129.254 39.5077 225.016 -124.881 6.58523 222.77 -105.189 42.4027 265.499 -40.5028 14.1926 10.8947 13.438
146.78 163.257 156.512 158.089 157.183 135.029 155.832 155.484 151.951 147.393 36.9901 216.777 -39.9635 103.214 243.598 -109.667 72.1873 234.227 -129.26 39.5087 225.095 -124.888 6.63254 222.889 -105.215 42.4368 265.548 -40.5362 14.1526 10.8901 13.4207
146.775 163.218 156.46 158.076 157.165 135.028 155.758 155.446 151.918 147.328 36.9843 216.84 -40.0944 103.263 243.699 -109.694 72.2227 234.38 -129.319 39.5418 225.238 -124.965 6.717 222.988 -105.28 42.4931 265.614 -40.5927 14.1279 10.902 13.4354
146.797 163.227 156.478 158.115 157.18 135.057 155.758 155.448 151.92 147.292 36.9159 216.918 -40.1993 103.281 243.824 -109.741 72.2121 234.552 -129.395 39.5188 225.41 -125.052 6.74363 223.132 -105.34 42.5218 265.716 -40.6343 14.1052 10.917 13.4561
146.794 163.226 156.481 158.135 157.151 135.066 155.714 155.357 151.845 147.178 36.8627 217.061 -40.3759 103.329 243.893 -109.779 72.2624 234.667 -129.44 39.5594 225.567 -125.119 6.83957 223.323 -105.417 42.585 265.852 -40.6983 14.0519 10.9188 13.4511
146.825 163.172 156.412 158.083 157.086 135.048 155.599 155.23 151.72 147.062 36.7921 217.168 -40.4556 103.39 243.958 -109.764 72.3297 234.796 -129.457 39.6069 225.713 -125.151 6.92142 223.495 -105.477 42.6541 265.992 -40.7412 14.0199 10.9387 13.4478
146.83 163.112 156.351 158.032 156.996 135.025 155.519 155.09 151.56 146.904 36.7448 217.223 -40.5577 103.506 244.007 -109.777 72.4562 234.891 -129.487 39.7205 225.816 -125.194 7.06005 223.645 -105.565 42.7562 266.098 -40.8056 13.9848 10.9613 13.444
146.802 163.004 156.24 157.947 156.874 134.969 155.387 154.907 151.362 146.712 36.7591 217.341 -40.6316 103.654 244.065 -109.711 72.6071 234.958 -129.432 39.8487 225.885 -125.142 7.23551 223.773 -105.57 42.8744 266.224 -40.835 13.9308 10.9962 13.4592
146.88 162.945 156.216 157.886 156.771 134.97 155.491 154.9 151.294 146.655 36.7343 217.36 -40.5986 103.846 244.213 -109.736 72.7858 235.07 -129.459 39.9793 225.955 -125.138 7.38479 223.891 -105.591 42.9969 266.339 -40.8514 13.9026 11.0601 13.4842
147.048 162.923 156.241 157.913 156.762 135.052 155.53 154.899 151.299 146.674 36.698 217.414 -40.5781 104.043 244.346 -109.721 72.9659 235.206 -129.486 40.1101 226.083 -125.176 7.5161 224.027 -105.624 43.1132 266.493 -40.8589 13.8976 11.0993 13.5097
147.18 162.874 156.249 157.938 156.77 135.09 155.519 154.88 151.329 146.753 36.7233 217.461 -40.6364 104.2 244.474 -109.781 73.1379 235.37 -129.594 40.2498 226.273 -125.331 7.62676 224.213 -105.795 43.2238 266.633 -40.932 13.9028 11.1025 13.5017
147.248 162.87 156.298 157.988 156.794 135.093 155.51 154.881 151.394 146.87 36.7224 217.534 -40.6791 104.258 244.473 -109.787 73.2256 235.418 -129.631 40.3223 226.379 -125.412 7.67701 224.339 -105.895 43.2743 266.731 -40.9584 13.8963 11.0812 13.4725
147.268 162.829 156.289 157.979 156.77 135.096 155.419 154.805 151.36 146.869 36.7867 217.652 -40.8229 104.254 244.472 -109.813 73.262 235.488 -129.678 40.3592 226.508 -125.489 7.71362 224.485 -105.992 43.3054 266.861 -41.027 13.8835 11.0563 13.4301
147.275 162.747 156.216 157.908 156.714 135.069 155.313 154.768 151.345 146.88 36.9324 217.715 -40.8534 104.325 244.516 -109.793 73.3417 235.584 -129.703 40.4437 226.615 -125.531 7.78522 224.552 -106.034 43.3746 266.941 -41.064 13.9033 11.0424 13.4249
147.364 162.695 156.181 157.853 156.693 135.126 155.269 154.804 151.349 146.917 37.0628 217.707 -40.8211 104.4 244.548 -109.792 73.3869 235.666 -129.751 40.4937 226.681 -125.553 7.82914 224.587 -106.041 43.4529 267.015 -41.092 13.9268 11.0456 13.4451
147.415 162.6 156.085 157.737 156.625 135.159 155.238 154.827 151.305 146.933 37.2431 217.667 -40.7658 104.555 244.685 -109.859 73.4908 235.757 -129.828 40.596 226.656 -125.56 7.90784 224.492 -106.014 43.5792 267.041 -41.1325 13.9841 11.0907 13.4918
147.49 162.624 156.129 157.745 156.616 135.254 155.303 154.953 151.317 146.88 37.3266 217.71 -40.7639 104.72 244.85 -109.908 73.5565 235.928 -129.915 40.6685 226.696 -125.554 8.01978 224.425 -105.897 43.7113 267.125 -41.1476 14.0268 11.147 13.569
147.559 162.631 156.171 157.709 156.577 135.292 155.435 155.105 151.298 146.813 37.4438 217.739 -40.7009 104.916 245.096 -110.021 73.641 236.084 -130.031 40.7451 226.628 -125.515 8.14487 224.253 -105.736 43.8667 267.191 -41.1672 14.0716 11.2535 13.6625
147.662 162.705 156.279 157.762 156.639 135.39 155.576 155.307 151.413 146.886 37.5569 217.781 -40.6292 105.033 245.305 -110.11 73.6627 236.257 -130.154 40.7552 226.651 -125.544 8.18553 224.152 -105.63 43.953 267.287 -41.1665 14.1231 11.3175 13.7321
147.752 162.778 156.396 157.815 156.689 135.452 155.672 155.494 151.555 146.968 37.6395 217.831 -40.5144 105.104 245.366 -110.126 73.6852 236.325 -130.194 40.7736 226.658 -125.534 8.21332 224.082 -105.505 44.0256 267.353 -41.1279 14.1676 11.335 13.7566
147.842 162.87 156.503 157.898 156.745 135.516 155.841 155.699 151.723 147.073 37.6537 217.809 -40.4104 105.114 245.435 -110.187 73.6456 236.392 -130.268 40.7409 226.669 -125.569 8.2061 224.003 -105.43 44.0478 267.368 -41.0891 14.193 11.3387 13.7764
147.96 162.941 156.601 157.962 156.795 135.543 155.925 155.886 151.89 147.191 37.6682 217.844 -40.2509 105.144 245.466 -110.178 73.6596 236.458 -130.291 40.7376 226.704 -125.572 8.21505 223.954 -105.333 44.101 267.422 -41.0303 14.2287 11.3466 13.7712
148.062 163.045 156.746 158.063 156.897 135.601 156.058 156.167 152.145 147.392 37.7691 217.796 -40.1291 105.186 245.543 -110.217 73.6661 236.567 -130.382 40.7342 226.745 -125.648 8.21156 223.848 -105.288 44.1358 267.403 -40.9979 14.2863 11.3516 13.7874
148.139 163.14 156.859 158.155 156.959 135.627 156.136 156.387 152.321 147.477 37.8277 217.818 -39.9983 105.237 245.599 -110.227 73.6705 236.673 -130.429 40.7342 226.787 -125.661 8.25392 223.755 -105.175 44.2013 267.418 -40.9482 14.3173 11.3605 13.8061
148.258 163.169 156.896 158.212 157.015 135.693 156.102 156.499 152.42 147.532 37.8762 217.823 -39.9134 105.257 245.653 -110.229 73.632 236.768 -130.472 40.7139 226.802 -125.662 8.27864 223.645 -105.077 44.2328 267.443 -40.9189 14.3387 11.3653 13.8409
148.329 163.201 156.896 158.215 157.009 135.723 156.142 156.597 152.472 147.553 37.8608 217.771 -39.8697 105.29 245.73 -110.288 73.6201 236.858 -130.55 40.7224 226.807 -125.703 8.30763 223.536 -105.045 44.2662 267.426 -40.9248 14.3716 11.376 13.8674
148.369 163.244 156.889 158.23 157.02 135.741 156.191 156.681 152.513 147.584 37.8572 217.718 -39.7775 105.35 245.803 -110.304 73.6295 236.898 -130.571 40.7606 226.738 -125.673 8.36728 223.366 -104.961 44.3033 267.397 -40.8971 14.3976 11.3938 13.9054
148.415 163.271 156.856 158.214 157.011 135.759 156.192 156.673 152.491 147.561 37.8213 217.739 -39.8111 105.391 245.855 -110.362 73.6397 236.922 -130.624 40.7796 226.717 -125.7 8.38939 223.308 -104.962 44.3347 267.421 -40.9394 14.417 11.4059 13.9282
148.423 163.257 156.781 158.176 156.963 135.733 156.133 156.617 152.446 147.481 37.7807 217.731 -39.8154 105.402 245.905 -110.357 73.6421 236.955 -130.612 40.7865 226.706 -125.691 8.40917 223.225 -104.912 44.3369 267.387 -40.9182 14.4406 11.4143 13.9365
148.401 163.245 156.704 158.14 156.93 135.684 156.054 156.561 152.424 147.423 37.7901 217.726 -39.8028 105.423 245.897 -110.327 73.6703 236.922 -130.569 40.8265 226.655 -125.666 8.46246 223.107 -104.855 44.3668 267.334 -40.8942 14.4584 11.4034 13.9333
148.441 163.212 156.627 158.09 156.9 135.678 155.96 156.479 152.363 147.357 37.7531 217.7 -39.86 105.366 245.891 -110.38 73.6149 236.918 -130.613 40.7956 226.64 -125.711 8.44267 223.056 -104.883 44.3511 267.309 -40.9419 14.47 11.3927 13.9288
148.495 163.182 156.571 158.046 156.868 135.682 155.842 156.414 152.326 147.296 37.8198 217.789 -39.86 105.323 245.905 -110.363 73.5951 236.982 -130.596 40.7873 226.722 -125.701 8.44304 223.099 -104.835 44.3588 267.387 -40.9321 14.4871 11.3744 13.9004
148.535 163.187 156.545 158.033 156.849 135.66 155.786 156.373 152.322 147.277 37.8645 217.868 -39.8612 105.315 245.859 -110.393 73.5961 236.949 -130.609 40.8119 226.715 -125.717 8.48083 223.086 -104.822 44.3844 267.444 -40.9676 14.486 11.3446 13.8814
148.563 163.182 156.505 158.016 156.836 135.644 155.74 156.338 152.333 147.311 37.9177 217.941 -39.8745 105.323 245.827 -110.368 73.6187 236.935 -130.582 40.8465 226.745 -125.716 8.50851 223.133 -104.834 44.4059 267.505 -40.9786 14.4792 11.3156 13.8664
148.548 163.194 156.475 157.993 156.796 135.601 155.777 156.326 152.337 147.298 37.9201 217.95 -39.9067 105.313 245.78 -110.39 73.6209 236.872 -130.585 40.8647 226.717 -125.739 8.5298 223.137 -104.873 44.4003 267.489 -41.0076 14.4617 11.2938 13.8555
148.623 163.185 156.44 157.983 156.808 135.639 155.689 156.303 152.364 147.346 38.0216 217.99 -39.8968 105.333 245.779 -110.368 73.6379 236.877 -130.586 40.8932 226.761 -125.771 8.53618 223.199 -104.919 44.4084 267.552 -41.0506 14.4669 11.2661 13.8668
148.622 163.192 156.434 157.985 156.836 135.66 155.746 156.307 152.39 147.45 38.1432 218.04 -39.9396 105.385 245.965 -110.404 73.6756 236.97 -130.609 40.9346 226.818 -125.8 8.52239 223.259 -104.995 44.3981 267.606 -41.0762 14.4883 11.2719 13.8947
148.62 163.251 156.525 158.047 156.881 135.693 155.907 156.397 152.46 147.571 38.2681 218.087 -40.0388 105.427 246.17 -110.566 73.7023 237.056 -130.747 40.9325 226.833 -125.912 8.47217 223.283 -105.12 44.3689 267.661 -41.1811 14.5138 11.3131 13.9201
148.594 163.287 156.565 158.079 156.917 135.732 155.944 156.417 152.488 147.657 38.263 218.113 -40.1636 105.37 246.187 -110.677 73.6427 237.041 -130.851 40.8554 226.832 -126.013 8.36597 223.332 -105.252 44.2977 267.701 -41.3022 14.5177 11.323 13.9277
148.545 163.278 156.53 158.033 156.892 135.734 155.862 156.304 152.409 147.645 38.2037 218.175 -40.3548 105.237 246.078 -110.754 73.5643 236.937 -130.888 40.7707 226.802 -126.061 8.25211 223.392 -105.351 44.2082 267.732 -41.4153 14.5102 11.3074 13.8779
148.451 163.324 156.542 158.03 156.887 135.743 155.802 156.177 152.328 147.63 38.0155 218.307 -40.703 105.001 245.973 -110.94 73.3876 236.826 -131.01 40.5923 226.814 -126.204 8.03862 223.553 -105.571 44.0347 267.793 -41.6394 14.4849 11.2729 13.8241
148.321 163.253 156.394 157.92 156.823 135.686 155.651 155.834 152.058 147.497 37.8526 218.45 -40.9939 104.915 245.885 -111.002 73.3697 236.673 -130.974 40.5797 226.79 -126.211 7.98699 223.724 -105.73 43.9856 267.864 -41.7739 14.4295 11.2348 13.7748
148.183 163.222 156.305 157.841 156.742 135.638 155.578 155.556 151.814 147.311 37.577 218.513 -41.2436 104.799 245.689 -110.963 73.2918 236.459 -130.877 40.5192 226.717 -126.148 7.92588 223.848 -105.794 43.9102 267.866 -41.8188 14.3598 11.1956 13.7457
148.094 163.179 156.234 157.783 156.682 135.555 155.486 155.275 151.547 147.094 37.3953 218.72 -41.5498 104.786 245.69 -110.991 73.3038 236.443 -130.871 40.5363 226.791 -126.174 7.92134 224.093 -105.949 43.8865 267.987 -41.9363 14.3102 11.1799 13.737
148.007 163.154 156.228 157.762 156.626 135.498 155.527 155.113 151.366 146.923 37.1606 218.83 -41.7705 104.695 245.663 -111.015 73.2469 236.403 -130.854 40.4713 226.816 -126.17 7.86569 224.269 -106.039 43.8028 268.055 -42.0007 14.2492 11.185 13.7153
147.904 163.157 156.242 157.771 156.598 135.472 155.572 155.012 151.225 146.744 36.9507 218.952 -41.9818 104.645 245.596 -111.022 73.2134 236.368 -130.845 40.4242 226.838 -126.164 7.85731 224.425 -106.095 43.7566 268.145 -42.079 14.1845 11.2016 13.7044
147.814 163.133 156.251 157.767 156.565 135.46 155.561 154.894 151.095 146.582 36.7558 219.006 -42.2204 104.576 245.51 -111.053 73.1856 236.341 -130.876 40.3961 226.906 -126.239 7.84161 224.605 -106.25 43.6829 268.194 -42.1986 14.1304 11.1861 13.6785
147.694 163.168 156.307 157.82 156.592 135.451 155.559 154.782 150.985 146.463 36.6076 219.169 -42.5385 104.516 245.568 -111.103 73.1915 236.446 -130.922 40.4195 227.108 -126.348 7.86959 224.91 -106.475 43.6255 268.323 -42.3242 14.0646 11.149 13.6338
147.568 163.177 156.339 157.853 156.599 135.428 155.532 154.705 150.895 146.362 36.4312 219.27 -42.7281 104.43 245.568 -111.05 73.1427 236.51 -130.881 40.4008 227.238 -126.351 7.87775 225.104 -106.567 43.5603 268.385 -42.3447 14.0049 11.1166 13.6075
147.457 163.173 156.35 157.887 156.621 135.389 155.454 154.57 150.776 146.268 36.213 219.398 -43.0103 104.385 245.591 -111.054 73.1242 236.578 -130.898 40.4019 227.349 -126.413 7.90319 225.265 -106.727 43.512 268.456 -42.4337 13.9462 11.0966 13.595
147.319 163.143 156.332 157.86 156.551 135.304 155.361 154.454 150.637 146.102 36.099 219.527 -43.0838 104.303 245.532 -110.967 73.0952 236.582 -130.808 40.3838 227.427 -126.347 7.92522 225.449 -106.752 43.4814 268.531 -42.4367 13.8761 11.0817 13.5545
