156.023 176.979 175.014 174.804 172.787 150.857 175.646 177.101 176.757 172.908 -332.221 257.399 -16.2017 -319.67 254.316 -91.0472 -302.953 242.416 -107.531 -279.423 232.5 -105.417 -252.028 226.399 -88.6897 -272.412 257.26 -13.1421 6.8714 3.71355 3.7039 
156.14 177.049 175.075 174.791 173.013 150.855 175.796 177.128 176.749 173.055 -330.02 256.859 -16.714 -318.248 253.756 -91.0143 -301.371 241.891 -107.557 -277.898 231.955 -105.582 -250.337 225.866 -88.9925 -270.556 257.008 -13.3232 6.985 3.67429 3.6341 
156.08 176.937 174.888 174.747 173.037 150.701 175.836 177.148 176.651 172.929 -327.233 256.585 -16.8798 -315.84 253.148 -90.7153 -298.851 241.527 -107.325 -275.603 231.536 -105.52 -248.116 225.559 -89.0128 -267.923 256.747 -13.2968 6.83532 3.57706 3.47108 
155.61 176.824 174.448 174.785 172.849 150.825 176.342 177.499 176.921 172.952 -324.096 255.894 -17.2787 -313.308 252.493 -90.9165 -295.914 241.13 -107.437 -272.803 231.219 -106.096 -245.447 225.301 -89.6948 -264.914 256.174 -13.7661 6.63815 3.4879 3.49594 
154.808 176.776 174.238 174.677 172.701 150.417 176.226 177.498 176.811 172.605 -319.571 254.81 -17.9599 -309.52 251.601 -91.1358 -292.11 240.541 -107.617 -269.149 230.77 -106.553 -241.993 225.097 -90.3391 -260.868 255.386 -14.3101 6.34458 3.35915 3.3739 
154.118 176.871 173.782 174.475 172.703 148.731 175.332 176.413 176.154 171.617 -312.974 251.845 -19.073 -303.11 249.791 -91.8117 -286.095 238.817 -108.222 -264.048 229.144 -106.729 -237.787 223.658 -90.4319 -255.716 254.149 -14.8716 5.4033 2.91217 3.23088 
152.121 176.873 173.64 174.333 172.781 146.012 174.654 175.669 175.636 170.973 -304.216 248.147 -20.3432 -295.011 247.737 -92.6361 -278.619 236.71 -108.887 -257.468 227.282 -107.027 -231.937 221.974 -90.6956 -249.003 252.32 -15.4722 4.63406 2.47566 3.20954 
150.273 176.592 173.139 173.893 172.495 143.953 173.571 174.383 174.631 169.761 -294.855 244.643 -22.079 -285.693 244.663 -93.8238 -269.936 233.549 -109.563 -249.354 224.2 -107.191 -224.553 219.07 -90.5194 -241.236 250.141 -16.2032 3.97336 2.34483 3.23044 
149.093 175.994 172.836 173.676 172.18 141.921 172.236 173.331 173.839 168.797 -284.193 240.961 -23.9707 -275.388 240.827 -95.0027 -260.356 229.98 -110.341 -240.284 220.883 -107.508 -216.174 216.195 -90.629 -232.365 247.597 -17.1293 3.26541 2.22432 3.20032 
147.981 175.769 171.82 173.632 172.657 140.717 170.414 171.562 172.716 168.126 -263.385 234.792 -26.5404 -254.399 233.311 -96.4817 -239.314 223.334 -111.736 -219.371 214.954 -108.727 -195.861 211.203 -91.7194 -213.417 242.947 -18.7695 2.89243 2.00556 2.80155 
147.865 175.376 171.832 173.498 172.994 140.895 169.655 170.798 171.895 167.689 -249.981 230.602 -28.0097 -239.866 227.76 -97.6286 -224.539 217.992 -112.635 -204.278 209.774 -109.203 -180.963 206.396 -91.9371 -200.306 239.095 -19.6756 3.06793 2.02104 2.58371 
148.667 174.839 172.154 173.641 173.49 141.211 169.178 170.434 171.677 168.127 -236.129 225.906 -30.3271 -224.642 221.913 -99.6943 -209.082 212.207 -114.525 -188.598 204.287 -110.812 -165.382 201.098 -93.338 -186.231 234.343 -21.4314 3.30694 1.84004 2.36759 
150.899 174.569 172.289 173.674 173.743 141.945 168.38 170.094 171.388 167.867 -221.492 221.506 -32.7775 -208.233 216.027 -101.533 -192.481 206.712 -116.121 -171.975 199.143 -111.989 -149.15 196.202 -94.1794 -171.102 229.538 -23.0722 3.30287 1.59901 2.0585 
154.36 173.371 171.961 173.711 174.014 143.281 168.929 170.45 171.517 167.671 -206.998 217.979 -35.0613 -191.748 211.527 -103.59 -175.956 202.203 -117.674 -155.715 194.702 -113.087 -133.146 191.868 -95.0083 -155.662 225.2 -24.4127 3.25584 1.50538 2.14048 
157.685 172.622 171.856 173.941 174.277 144.494 169.838 171.187 172.321 168.04 -191.617 214.453 -37.6801 -174.261 207.832 -106.258 -158.223 198.543 -119.784 -138.044 190.924 -114.726 -115.795 187.88 -96.1688 -139.472 221.103 -26.0316 3.28035 1.54259 2.10089 
160.327 174.142 173.381 174.111 173.955 144.731 172.737 172.696 172.65 168.269 -173.362 211.228 -41.1568 -152.692 204.664 -109.32 -137.576 195.002 -122.213 -118.553 187.189 -116.019 -97.0735 183.879 -96.3623 -122.105 217.677 -27.0527 2.90294 1.78246 3.16306 
161.66 172.746 172.444 172.973 173.304 144.908 172.043 171.604 170.817 166.351 -152.827 206.095 -44.1349 -129.605 199.03 -111.016 -114.682 188.911 -122.949 -96.7762 180.94 -115.505 -76.1741 177.809 -94.7374 -102.973 213.777 -27.3755 2.61214 2.50485 3.76414 
162.327 171.807 171.484 172.023 172.711 145.173 171.451 170.703 169.474 165.093 -129.666 199.151 -45.9189 -104.256 192.066 -111.699 -89.1651 181.368 -122.423 -72.3845 174.111 -113.966 -53.0678 171.811 -92.0521 -80.7331 208.337 -26.4406 1.75579 2.63649 4.02339 
165.048 171.894 172.012 171.363 171.052 145.985 171.017 169.755 167.532 162.252 -84.2614 188.828 -50.3296 -53.2622 180.445 -112.144 -37.9183 168.873 -120.07 -23.0095 162.294 -108.97 -7.20455 161.878 -84.5494 -38.84 200.922 -24.554 0.304727 3.1071 4.53252 
166.226 172.055 172.543 171.983 170.567 146.031 170.945 169.164 166.823 160.16 -57.714 180.541 -51.6782 -24.1874 173.238 -110.967 -9.34079 162.41 -117.768 4.56453 156.399 -105.562 17.8523 157.02 -79.9351 -15.1439 195.695 -22.8359 1.31157 3.47403 5.07945 
168.565 172.165 171.791 171.783 169.168 147.718 170.375 167.5 164.91 156.545 -32.0811 174.875 -50.8564 3.18829 169.521 -106.833 17.5157 159.247 -112.171 30.8352 154.043 -99.0138 41.8173 155.922 -72.4327 7.03142 194.022 -18.9016 2.79902 3.79262 6.02903 
170.608 173.389 172.525 171.842 168.593 150.427 170.856 167.093 164.38 152.263 -7.18747 167.193 -48.6449 29.549 164.167 -101.854 43.8981 154.619 -106 57.1543 150.899 -92.3858 65.6956 153.284 -63.8688 28.9926 191.634 -14.6941 4.8343 3.60558 6.55285 
171.91 173.471 172.549 170.805 166.54 152.63 170.552 167.387 164.167 148.139 16.2133 160.805 -45.3347 54.8799 158.643 -95.6867 69.8629 151.377 -99.3993 82.6613 149.843 -85.6852 88.4967 152.711 -55.4988 49.6058 189.396 -9.86775 6.83862 3.29395 6.04646 
172.109 172.718 173.869 173.821 167.323 154.129 170.372 168.651 167.216 147.495 37.2855 156.629 -40.924 78.5309 155.519 -89.1726 94.5568 150.827 -92.7287 107.857 152.398 -79.5618 111.38 155.02 -48.5139 68.49 187.853 -4.45514 7.60506 2.28748 5.19721 
171.969 171.236 175.249 174.756 171.588 155.334 170.41 170.559 170.476 152.066 56.7271 154.029 -37.4666 101.273 154.543 -84.1596 118.523 152.199 -87.4062 132.154 156.386 -74.2124 135.301 160.22 -43.193 86.3034 186.681 0.283499 4.9333 2.53322 4.28639 
171.709 172.227 175.431 174.101 176.453 156.923 171.175 171.841 172.902 161.286 72.9215 153.784 -33.6996 121.936 156.278 -79.0193 140.349 155.202 -81.4366 154.007 161.412 -67.9873 158.103 167.989 -37.5219 102.309 187.12 5.40134 2.44041 3.49686 3.52984 
171.865 176.457 175.03 173.35 176.858 157.746 173.199 173.121 174.937 169.099 86.8189 154.519 -30.0736 141.089 159.507 -73.4725 160.501 160.235 -74.569 174.038 168.531 -60.5817 178.514 177.823 -30.6376 115.999 188.269 10.4565 6.2325 4.78553 2.87338 
171.363 177.699 174.027 173.072 175.35 158.082 173.142 171.863 174.507 169.415 99.25 157.223 -27.3131 157.708 163.5 -68.084 177.299 164.687 -67.9357 190.603 174.501 -53.2674 194.335 184.605 -23.3821 128.443 190.549 14.8532 8.25533 5.96206 2.68633 
170.915 178.514 173.764 172.355 174.552 158.587 172.832 170.871 173.543 168.97 110.091 161.838 -25.0771 171.93 168.178 -63.1123 192.412 170 -61.8473 205.218 180.891 -46.4663 208.308 191.174 -16.3115 139.671 194.043 18.8205 9.59558 6.9246 2.20531 
171.006 179.056 174.396 171.837 173.573 159.215 172.297 169.906 172.472 167.965 118.719 166.2 -23.0291 182.359 171.777 -58.8067 203.925 174.227 -56.629 216.589 186.021 -40.5268 219.266 196.361 -10.0495 148.941 197.555 22.3317 10.6966 7.83531 2.09893 
171.296 179.759 175.509 172.22 173.206 159.52 172.027 169.197 171.186 165.975 126.269 170.74 -21.3792 190.679 175.684 -55.3195 212.775 177.919 -52.583 225.126 189.884 -35.9741 227.53 200.204 -5.30871 156.765 201.033 25.2513 11.5591 8.29374 2.11203 
171.713 179.991 176.277 172.859 173.727 159.791 172.302 168.153 169.23 163.143 132.078 174.752 -19.316 196.575 178.825 -52.1359 218.741 180.317 -48.9844 231.007 192.053 -31.9404 233.445 202.831 -1.3307 163.146 204.452 28.0682 12.6252 8.38652 1.89073 
172.31 178.854 176.867 173.575 175.527 160.114 172.217 167.893 167.376 160.59 137.098 178.475 -17.5318 201.635 181.96 -49.1662 223.871 183.36 -46.6721 235.766 194.096 -29.2112 238.309 204.855 1.53647 168.773 207.496 30.4444 13.0917 7.81752 2.44352 
172.687 178.962 177.566 175.059 177.824 160.44 172.548 166.838 165.317 157.037 141.241 181.712 -15.7964 205.156 184.515 -46.6986 226.744 185.088 -44.4778 238.465 194.832 -26.8278 241.525 205.722 3.82218 173.45 210.413 32.6515 13.5768 7.28726 2.5851 
173.027 175.217 177.149 176.143 177.902 160.482 173.807 166.655 163.083 153.63 147.47 185.82 -12.3022 209.794 188.56 -42.9341 230.673 188.19 -42.1129 242.203 195.801 -24.2111 246.21 206.296 6.42833 180.808 214.642 36.2003 12.9602 5.78639 3.36508 
172.852 174.27 176.76 176.321 178.877 160.268 173.362 166.446 162.339 152.517 150.327 187.51 -10.5238 211.821 190.371 -41.019 232.385 189.733 -41.0346 243.982 196.529 -22.9884 248.442 206.909 7.42646 184.081 216.547 37.7597 12.6938 5.18837 3.91546 
172.695 174.27 175.633 174.744 174.231 160.13 173.089 167.152 163.404 152.62 154.746 189.452 -6.96925 214.66 192.484 -37.5468 235.012 191.898 -38.5326 247.38 198.049 -20.0439 251.516 207.184 10.492 188.831 218.936 41.2007 10.7165 4.69418 4.51405 
172.81 174.27 175.558 173.543 168.256 160.144 172.919 167.923 164.98 155.085 157.209 190.363 -5.24414 216.229 193.158 -35.8897 236.819 193.067 -37.4957 249.933 199.662 -19.0513 253.97 208.224 11.6415 191.31 220.055 42.8008 9.92329 5.15004 4.92747 
172.72 174.27 175.491 172.818 171.813 160.161 171.94 168.809 166.258 160.441 159.138 190.726 -4.0064 217.639 193.525 -34.3525 238.364 194.297 -36.6384 251.908 200.849 -17.9644 256.248 209.713 12.933 193.218 220.458 44.127 10.4712 5.27986 5.69702 
172.68 174.27 175.724 173.328 173.885 160.169 169.977 169.418 167.315 162.297 161.335 191.606 -2.95003 219.086 193.706 -32.4886 240.289 195.498 -36.0993 254.498 202.155 -17.2238 258.686 210.478 13.9916 195.512 221.173 45.2974 10.0928 5.66953 6.9883 
172.532 174.27 175.487 173.814 177.797 159.943 168.09 170.45 168.715 166.178 163.695 192.168 -1.94262 220.458 193.652 -30.9643 242.433 196.727 -35.8611 257.102 203.556 -16.7796 261.401 211.862 14.7182 197.656 221.7 46.1752 10.4073 6.03457 8.38025 
172.566 174.27 175.491 174.976 174.308 159.996 165.559 170.213 169.199 170.493 165.68 192.792 -0.99157 221.795 193.098 -29.0745 244.093 196.804 -34.6601 258.99 204.129 -15.5484 263.899 213.082 16.3971 199.627 222.303 47.1864 11.3751 6.49714 9.32599 
172.663 174.27 175.558 175.781 174.27 159.923 163.388 170.287 169.214 168.559 167.081 193.149 0.0587606 222.463 192.431 -27.2826 245.064 196.527 -33.6876 260.032 203.928 -14.5794 264.571 212.526 17.2688 201.042 222.608 48.1417 10.8962 6.62016 10.2273 
172.108 174.27 176.581 178.761 174.27 159.91 162.231 171.309 170.165 169.411 168.591 193.124 1.39198 221.846 191.001 -24.2654 245.006 196.39 -33.032 260.694 204.253 -13.9172 265.748 212.588 18.3389 202.149 222.854 49.4135 11.1172 7.37169 12.913 
171.43 174.27 177.998 179.659 174.27 159.793 159.167 172.544 171.662 169.727 169.653 192.67 2.52659 220.801 189.511 -21.8393 244.869 196.75 -32.9208 261.212 204.885 -13.7291 265.991 211.699 19.029 202.853 222.704 50.3871 9.73027 7.94513 15.7539 
171.464 174.27 177.46 179.98 174.27 160.003 168.651 172.726 171.986 174.161 171.028 192.824 3.26178 223.449 192.219 -24.4356 247.064 197.939 -32.1752 262.847 205.898 -12.7257 267.547 212.413 20.7435 204.038 222.859 51.1905 9.46836 7.6446 12.4485 
172.107 174.27 176.985 178.862 174.27 160.795 171.545 172.141 171.749 173.562 173.124 193.524 4.22861 227.719 195.12 -25.3452 250.724 199.594 -30.2925 265.752 207.232 -10.4405 269.132 212.61 23.0287 206.086 223.106 52.7229 7.91539 7.18647 9.62255 
172.427 175.548 176.86 178.592 174.27 161.187 166.749 171.402 170.725 174.649 174.568 193.786 4.89245 228.465 194.907 -23.7445 252.866 200.227 -28.8353 267.372 207.32 -8.69309 271.566 213.505 23.9454 207.377 223.367 53.744 9.05474 6.69999 10.4107 
172.685 173.267 178.657 176.874 174.27 160.853 161.272 172.281 171.359 174.465 172.231 194.667 7.5457 227.082 192.944 -18.1386 250.009 198.671 -25.4708 264.88 206.766 -5.66561 271.738 216.105 28.2386 205.216 222.924 56.8236 14.3339 7.59452 12.1585 
172.21 170.38 179.142 177.511 174.27 160.826 158.76 172.324 170.533 174.088 170.286 193.832 7.81308 224.013 190.964 -17.0404 247.407 197.678 -25.9797 262.657 205.529 -6.29437 269.615 214.442 27.7671 203.902 222.435 56.7654 13.7099 7.54296 13.9243 
171.723 167.296 179.533 177.715 174.27 160.727 155.3 172.208 169.496 169.533 168.979 193.019 7.6611 221.294 189.137 -15.8467 245.381 196.75 -26.5864 260.816 204.141 -6.84973 266.667 211.292 26.7968 202.801 222.016 56.4575 10.9541 7.28914 15.823 
171.139 162.966 180 177.527 174.27 160.398 152.022 172.243 168.998 162.702 167.674 192.107 7.81803 218.463 187.138 -14.7036 243.526 195.823 -27.1633 259.196 203.183 -7.54276 263.606 209.136 25.1725 201.663 221.701 56.1393 8.69134 7.25 17.7028 
170.103 162.17 179.168 178.468 174.27 159.573 147.732 171.301 168.642 159.506 166.706 191.706 7.50725 215.851 186.135 -14.7816 242.158 195.344 -27.9085 257.478 201.766 -8.49804 260.679 206.264 23.7025 200.8 221.697 55.5512 6.16484 6.57705 18.7168 
169.572 169.472 179.13 178.561 174.27 158.938 150.562 171.161 168.49 155.405 165.47 191.547 7.72119 214.873 186.45 -16.821 240.881 194.712 -28.2308 255.882 200.376 -9.00795 258.054 203.225 23.0176 199.981 221.908 55.2668 3.44748 5.89554 16.9311 
169.182 167.157 178.499 177.727 174.355 158.45 148.46 170.84 168.184 157.524 164.079 191.011 7.93633 212.577 185.781 -17.2408 239.567 194.452 -28.5359 254.136 199.445 -9.49665 256.804 202.201 22.2895 198.686 221.835 55.0761 2.96921 5.21824 17.1485 
168.877 164.864 177.72 176.858 177.328 157.881 147.785 170.13 167.445 156.207 163.228 190.165 7.884 211.064 185.428 -17.9117 238.541 194.109 -28.6909 252.606 198.613 -9.69029 254.634 200.705 21.7834 197.192 221.846 54.6874 1.76536 4.57486 16.7885 
168.645 167.796 176.972 176.492 176.714 157.022 145.304 170.117 167.706 158.403 163.276 188.964 8.19352 209.262 184.977 -17.4633 237.241 194.409 -29.3222 250.716 198.494 -10.5229 252.798 200.938 20.1688 195.574 222.006 54.256 2.24516 4.01841 17.8501 
168.025 166.863 176.081 176.188 175.567 155.892 141.513 169.577 167.429 159.873 163.684 188.162 8.82439 206.867 184.835 -16.3544 235.382 194.872 -29.508 248.216 198.437 -10.936 250.404 201.45 18.9103 193.721 222.453 54.0533 3.0036 3.4506 19.0984 
167.404 164.163 175.223 175.572 173.658 154.987 137.183 169.368 167.61 161.651 163.38 187.042 9.64305 204.037 184.127 -14.514 233.229 195.23 -29.8138 245.877 198.961 -11.536 248.606 202.593 17.6066 191.443 222.714 53.8593 3.51928 3.39412 21.0069 
166.904 157.154 174.372 175.125 172.614 153.918 133.686 169.068 167.771 163.127 162.689 186.332 10.7505 200.066 183.35 -13.0125 230.241 195.171 -29.9561 242.92 199.243 -12.0404 246.156 203.838 16.4353 188.764 223.172 53.7321 4.36422 3.53354 22.5592 
