162.355 175.728 173.545 174.059 169.382 146.186 172.73 168.574 166.695 159.062 -56.3388 350.659 45.2454 -43.0873 355.129 -16.1019 -31.962 347.924 -28.1117 -16.3834 344.018 -22.9877 2.91222 343.012 -4.36592 -10.1232 358.55 61.8609 2.98065 3.94041 6.89905 
162.029 175.792 173.788 174.96 168.223 146.2 173.145 168.747 166.892 157.362 -53.8129 348.782 45.9983 -41.2996 352.195 -15.5617 -30.4567 344.507 -27.387 -14.5146 340.76 -22.2987 4.69512 339.97 -3.40827 -7.53864 357.548 61.9546 3.33482 3.9019 7.40938 
161.002 175.914 174.109 175.351 169.106 145.435 173.449 169.261 167.317 158.457 -50.0089 345.829 46.7642 -39.2293 349.517 -15.1792 -28.5841 342.225 -27.1202 -12.633 338.79 -22.1574 7.12812 338.746 -3.65461 -4.08836 356.446 61.7346 3.21684 3.98332 7.18032 
160.728 176.093 174.515 175.623 170.454 145.18 173.57 169.518 167.226 159.241 -45.2594 343.246 47.571 -36.2644 347.645 -14.6416 -26.1816 340.492 -26.6867 -10.1482 337.003 -22.0179 10.0413 337.978 -4.41513 0.463326 355.751 61.3648 3.33778 4.13715 7.32993 
159.914 176.249 174.994 175.971 171.76 144.493 173.57 170.276 167.453 159.739 -39.2445 341.152 48.5156 -32.2588 345.431 -13.871 -22.5422 339.418 -26.4068 -6.43762 335.845 -22.0975 14.1415 337.328 -5.41479 6.27874 354.797 60.7849 3.50285 4.29209 6.80834 
160.325 176.387 174.093 174.758 173.78 145.476 172.881 169.111 165.692 159.39 -32.5846 337.649 48.6024 -26.7676 342.069 -13.8512 -17.4491 336.48 -26.4166 -0.673603 332.563 -22.2884 20.2049 335.179 -6.4873 13.4446 353.353 59.4012 3.67687 4.41437 6.86643 
161.587 177.325 173.543 174.489 174.285 146.723 173.188 168.248 165.497 159.245 -24.495 334.018 47.4733 -20.3006 337.748 -14.2758 -11.3022 333.277 -27.0178 6.16394 330.806 -23.7836 27.4274 334.051 -8.7331 21.8695 351.971 57.3525 3.71591 3.45119 6.39873 
164.178 176.697 173.587 174.046 175.21 149.081 171 167.279 165.275 157.927 -14.7448 330.817 46.9255 -11.8556 333.438 -13.5878 -3.12662 330.493 -26.835 15.4453 329.95 -24.694 36.801 333.483 -9.52595 31.962 352.161 55.9566 3.61793 2.12049 5.79678 
165.629 177.264 174.278 173.632 176.725 151.747 169.695 167.217 164.706 157.593 -4.08315 327.363 44.4988 -2.29867 329.34 -14.0922 6.11824 328.496 -28.0855 25.4142 328.981 -26.6669 46.9633 332.294 -11.5241 42.9457 351.481 53.4047 3.61865 1.31014 5.33327 
166.906 175.191 174.817 173.531 175.827 154.168 165.661 167.078 164.95 156.754 8.5694 324.127 42.1345 9.45077 323.911 -13.8748 17.462 326.313 -29.458 37.478 328.578 -29.07 59.3789 331.862 -13.8763 55.5588 351.347 50.7259 3.4908 1.01176 5.89597 
168.015 174.695 175.268 173.338 175.073 157.024 164.736 168.061 165.759 157.196 22.151 319.836 39.6134 22.6893 319.897 -15.4917 30.5485 325.013 -32.1574 51.0872 328.885 -32.1206 73.4298 332.454 -17.0736 69.4496 350.343 47.9523 3.09716 1.64112 6.88167 
168.399 176.631 176.345 174.363 174.156 161.035 164.539 170.782 168.058 159.224 51.998 314.437 34.23 53.0401 316.752 -21.1525 61.489 326.454 -39.4912 82.8082 333.328 -38.9586 106.025 337.434 -24.307 99.879 349.068 42.418 1.76242 3.08479 8.7096 
167.248 174.593 175.365 174.892 174.682 161.482 162.283 170.119 169.152 161.358 89.4852 316.442 22.0169 95.0216 321.144 -33.4613 104.376 331.845 -51.7485 125.575 338.459 -49.2833 147.822 342.112 -32.5822 138.311 351.199 33.923 2.09856 2.79661 9.02078 
166.464 174.588 175.12 176.7 176.012 160.308 164.528 172.156 171.625 164.55 109.669 317.543 18.3465 117.694 326.319 -39.7998 128.536 336.699 -57.0648 149.393 343.285 -53.8563 171.245 347.138 -36.5072 158.966 351.802 31.0639 2.37833 2.89904 7.8614 
164.709 179.338 174.027 175.776 175.9 156.451 166.983 170.774 171.276 166.718 153.32 319.649 8.5803 167.663 330.73 -50.0009 180.741 338.33 -64.6403 200.518 345.292 -59.6497 221.363 350.604 -41.0391 200.572 350.475 26.6864 5.29835 3.96235 5.63591 
164.379 179.798 172.757 174.246 174.896 155.469 176.074 170.454 170.967 167.059 176.132 322.14 5.47371 192.56 335.649 -55.0528 208.398 340.496 -66.9281 229.308 347.684 -60.9998 249.808 353.863 -41.3655 223.219 351.222 25.5545 7.06766 4.45434 2.38757 
163.804 176.933 175.36 178.122 175.73 152.166 177.753 173.56 172.065 168.104 200.145 326.304 3.50033 222.512 342.824 -58.0469 239.328 345.689 -68.2542 259.637 351.797 -60.3741 279.599 358.835 -38.8628 246.292 351.817 26.0462 9.3445 3.77851 1.30511 
161.012 178.053 175.385 176.938 175.825 148.228 176.904 175.41 171.63 167.307 226.631 329.743 3.43866 252.524 344.15 -56.6583 271.187 347.411 -65.5787 290.541 353.727 -56.1168 308.138 361.06 -33.4084 269.567 352.917 28.5656 10.2918 4.1376 0.637185 
159.455 178.134 174.551 175.152 173.666 144.969 175.549 175.435 172.242 168.311 250.369 332.183 4.14422 278.428 344.599 -54.6439 300.276 348.798 -62.6426 319.341 355.502 -51.6757 335.039 363.363 -27.4405 292.224 354.06 31.3133 11.1506 4.5793 2.10065 
159.252 176.818 174.646 174.035 172.643 144.901 178.984 175.533 173.152 168.743 272.416 333.14 5.93859 306.286 349.292 -51.5929 328.107 350.929 -56.9004 346.174 357.744 -44.3068 359.498 365.215 -18.9338 313.099 355.523 36.0381 11.3842 4.98437 1.49992 
158.462 176.605 173.792 172.727 170.795 142.968 171.886 172.219 168.836 162.191 294.673 336.154 7.93646 334.604 349.648 -43.9615 354.381 352.475 -49.2958 371.208 357.779 -35.5304 382.271 365.279 -9.61254 330.621 356.84 40.5729 11.8178 3.98782 1.79587 
160.648 174.27 177.043 170.188 167.662 144.952 168.722 171.846 167.146 162.538 311.735 337.701 10.9962 358.637 350.747 -37.1455 379.113 353.814 -41.7684 394.766 359.385 -25.4429 404.906 367.338 1.02515 348.175 360.147 45.4055 12.5802 4.12625 2.15863 
163.39 174.27 176.619 170.008 168.195 147.988 167.425 171.82 168.742 164.506 327.219 339.026 15.2092 377.34 352.702 -27.9451 399.224 359.276 -34.0216 414.711 364.905 -16.8981 424.697 371.035 10.8545 363.839 364.073 51.3391 11.9206 4.9417 5.61003 
165.217 174.27 174.548 173.946 173.849 150.518 157.821 168.687 168.671 159.572 340.854 341.727 19.79 392.334 354.71 -18.5545 414.708 361.86 -24.431 430.376 368.176 -6.54462 438.182 372.277 22.0174 375.819 367.762 57.4939 11.0961 6.30765 7.30455 
168.856 164.777 173.306 174.744 178.885 156.094 146.672 164.516 167.194 158.704 349.923 343.36 23.8789 402.245 351.334 -9.05837 425.364 360.75 -15.9544 442.16 368.674 3.27397 448.774 371.366 32.1351 386.01 371.474 63.9548 9.50754 8.50308 11.5483 
170.503 176.045 170.225 169.929 174.27 163.861 127.215 159.737 166.34 171.112 364.05 347.831 28.2674 416.69 349.855 5.97307 442.425 362.123 -5.06837 458.239 369.977 16.0815 458.864 367.349 45.7591 401.903 377.706 72.9457 2.9742 8.95695 19.1092 
170.953 164.702 180 174.27 95.4084 168.765 140.687 172.591 178.948 28.9229 376.6 357.961 33.1847 426.019 356.634 9.61668 455.875 370.113 3.64634 470.093 374.844 26.9584 439.872 373.737 85.3384 412.78 384.732 80.7213 76.4866 7.16322 19.8944 
170.786 128.889 176 174.27 108.532 167.54 126.374 169.172 179.446 46.3431 383.849 361.399 36.8228 424.914 356.886 20.1159 458.66 372.207 7.33232 476.083 378.293 30.0188 445.087 370.497 88.5993 419.809 389.538 84.3036 79.161 9.66629 28.0084 
173.671 125.67 169.717 174.27 135.213 169.846 127.421 166.765 179.516 46.6111 387.074 363.878 37.2295 429.088 359.893 21.2477 460.893 373.448 9.38885 478.557 380.526 31.6279 449.141 369.858 95.7611 423.03 390.995 86.6167 87.4238 10.261 25.107 
175.653 122.541 170.935 174.27 120.957 171.426 127.875 168.573 179.787 42.203 388.866 365.636 38.6122 433.921 362.285 24.0079 464.613 376.652 11.5613 481.357 384.072 33.3147 454.444 373.069 98.2038 425.747 392.319 89.2865 84.2867 9.76825 24.8233 
179.445 174.27 180 173.271 104.267 173.631 127.211 167.339 177.295 114.219 395.305 370.252 43.3584 447.126 368.601 28.7612 474.908 385.65 16.9804 494.128 395.625 38.9298 484.401 377.126 73.7678 431.962 394.518 94.96 21.1578 12.7727 23.4692 
179.397 174.27 180 175.534 104.104 172.674 127.032 165.596 175.589 119.154 397.343 372.182 44.5625 448.059 368.867 30.3282 476.01 385.462 18.8379 495.713 395.31 41.1539 484.94 376.258 73.6238 433.597 395.756 96.0308 23.3179 13.32 23.7519 
176.751 156.265 165.97 166.826 90.0456 170.426 127.357 161.013 173.301 140.265 401 374.845 44.7899 447.198 368.888 32.7591 475.259 383.391 21.9375 493.445 392.455 43.1871 479.678 373.975 74.7962 434.451 396.684 97.8583 28.6044 12.4619 23.4993 
176.195 143.165 161.905 162.716 90.0457 169.635 124.872 159.161 169.383 145.348 400.89 374.182 44.0099 445.582 367.9 33.8217 473.742 381.534 22.2505 490.527 389.413 43.1722 474.011 371.651 75.6246 432.793 395.302 97.6278 32.7413 11.185 23.7895 
174.386 141.299 169.705 162.393 174.27 169.156 108.352 153.441 160.767 121.869 392.972 370.007 45.9155 434.493 364.396 42.42 464.333 377.93 21.1559 484.685 388.93 42.2241 482.899 379.801 74.0167 428.965 397.318 97.0576 10.9059 13.9177 30.729 
172.695 134.588 166.057 169.951 174.27 168.502 104.565 154.668 170.14 178.572 390.215 368.492 45.4717 433.245 365.213 41.7224 463.819 379.547 19.078 485.011 393.363 38.8998 490.427 393.54 67.737 426.684 396.211 95.6934 6.54337 15.9018 31.6486 
172.427 143.506 164.444 166.346 175.72 168.168 110.932 154.234 169.274 177.447 387.4 367.975 45.3743 433.5 364.911 36.9193 462.502 379.464 17.5149 484.298 393.872 36.8127 491.189 395.434 66.1612 425.526 395.999 94.0218 9.34458 16.2319 28.2079 
172.598 139.997 167.115 165.445 174.27 167.55 98.847 155.209 172.84 174.535 385.056 368.873 44.621 427.534 363.632 43.1397 459.173 379.131 15.4648 481.164 394.288 34.0849 483.153 390.835 65.37 423.76 396.639 92.6845 2.20112 16.8088 37.1785 
172.267 141.312 168.995 170.997 174.27 166.803 94.5492 157.926 172.43 158.251 383.893 368.884 43.5813 424.823 364.345 43.2845 456.123 378.915 13.4671 476.822 392.361 32.3147 476.733 387.666 63.5122 421.023 396.232 91.8011 3.0817 14.8065 37.7808 
173.362 127.167 167.908 169.309 153.103 166.612 95.9307 156.336 170.234 168.889 380.78 367.957 42.4588 423.804 366.15 39.5638 453.735 379.087 12.8074 474.256 392.293 31.163 477.409 388.889 62.8371 416.983 394.912 90.0339 3.90881 14.5259 33.2831 
174.052 130.251 168.725 169 158.886 166.513 103.583 156.421 170.267 171.272 378.158 368.412 41.1262 422.044 364.715 35.9841 451.112 378.918 11.7196 471.482 391.946 29.5998 474.452 390.154 59.7214 413.687 394.155 88.4971 3.37267 14.3695 32.0217 
174.588 122.087 168.456 167.182 162.786 166.821 107.76 159.006 171.209 172.861 374.098 367.886 41.0336 418.349 365.113 32.5421 447.06 380.023 9.14564 467.202 392.385 27.7624 470.863 390.981 58.2946 410.012 393.498 87.6104 4.00697 13.4686 30.3269 
175.011 118.512 169.582 164.096 169.787 166.091 113.468 160.562 170.268 175.707 370.979 368.223 41.7976 414.421 365.775 29.1783 443.698 381.332 7.76318 463.194 392.792 26.1184 469.811 395.736 55.5619 406.765 393.54 86.9081 9.62317 12.2971 28.6017 
174.108 143.753 162.923 161.32 174.27 165.533 114.69 154.34 166.48 174.247 368.196 367.557 40.5211 410.453 361.49 29.8952 437.592 376.844 7.14638 457.631 390.573 24.1891 463.303 392.206 53.988 403.803 394.018 85.5121 6.56595 14.2524 30.4417 
171.992 153.788 163.315 162.09 174.27 163.971 111.694 154.347 169.272 173.718 364.042 367.101 38.7475 406.984 361.67 28.9595 433.365 376.719 4.94883 453.06 390.849 21.5056 458.175 390.726 51.7326 399.826 393.971 83.138 3.91512 14.3328 31.2467 
172.445 145.499 162.467 169.789 174.27 163.064 111.685 155.988 169.446 173.29 359.423 366.798 37.7272 404.584 363.389 25.5145 430.042 377.082 3.23137 448.605 391.127 19.3797 454.709 392.228 49.7484 395.533 393.447 81.2526 5.97877 13.632 28.0249 
167.895 169.964 166.435 172.802 179.31 158.83 143.341 159.218 163.614 151.836 353.336 368.967 37.3325 402.183 371.048 10.5365 424.008 379.822 2.20126 441.395 391.289 19.0251 446.408 391.667 46.8506 387.599 395.485 79.8061 4.19887 11.1211 13.2229 
166.992 174.024 171.973 171.473 169.434 157.447 152.79 166.263 167.184 157.262 349.188 368.862 36.3763 399.474 375.777 5.49291 421.79 385.5 -0.559496 437.011 393.315 17.2886 440.541 393.41 43.8666 382.001 395.111 78.8784 4.28986 7.67349 11.4925 
167.344 168.91 176.296 172.151 170.693 155.489 161.158 168.459 166.793 157.474 338.867 370.992 34.5053 388.982 379.105 -1.92185 410.3 386.137 -4.3092 424.396 392.767 13.5662 428.975 394.777 40.0008 372.013 396.329 76.9207 6.03732 6.08815 6.94747 
166.607 172.069 176.486 172.193 166.391 154.203 166.093 169.711 168.993 164.484 333.162 370.876 33.8263 382.931 381.425 -6.07421 403.203 386.76 -7.05213 417.128 393.262 10.365 422.911 397.244 36.8209 366.523 396.647 75.7599 8.4286 5.89947 4.74962 
165.783 175.165 176.849 173.304 170.082 152.982 169.389 170.966 170.699 164.982 327.415 371.246 31.9278 377.51 384.584 -8.62903 396.944 388.754 -8.69973 410.336 394.497 8.75296 415.033 397.291 35.4094 359.514 396.16 74.6192 7.76144 5.42139 3.45263 
166.375 173.489 174.218 173.139 161.171 152.007 167.864 168.878 169.53 167.123 312.913 370.602 32.792 360.994 384.788 -8.39684 379.718 387.366 -9.97525 393.035 393.208 6.61614 398.67 395.363 33.4694 345.076 396.858 74.5233 6.73101 5.70525 3.45199 
166.517 166.402 172.954 170.472 162.051 153.457 162.03 167.494 168.283 163.562 297.898 367.733 30.2972 338.059 375.367 -7.65438 359.167 385.831 -14.3413 375.607 393.706 1.98204 384.849 397.023 29.4875 328.668 396.446 72.2657 7.76576 7.40336 10.687 
166.22 162.754 172.496 170.207 164.971 153.297 162.46 166.075 167.927 163.375 289.253 366.228 29.9358 329.495 373.401 -7.9232 348.515 383.728 -15.6697 365.588 393.13 -0.0952311 375.928 397.163 27.0913 319.959 396.126 71.5191 8.27973 8.49636 10.7996 
166.034 164.74 172.17 170.288 166.902 152.906 166.118 166.069 168.034 163.668 280.554 365.612 31.1716 319.935 373.85 -8.62686 337.395 382.88 -16.319 354.813 392.755 -1.29385 366.133 397.643 25.602 311.46 396.55 71.8738 8.85949 8.70769 9.7137 
165.825 160.916 171.822 170.826 171.213 153.257 164.688 165.725 168.358 165.067 272.294 365.28 30.8654 308.226 371.54 -7.09306 326.08 381.844 -16.8392 343.966 392.369 -2.33571 355.651 397.304 24.5224 302.401 396.567 71.7511 8.96474 9.39581 11.5999 
165.751 159.94 171.968 170.453 171.897 153.447 165.425 165.818 168.408 164.195 262.475 365.48 29.9275 296.855 371.055 -7.1988 315.348 381.17 -17.5521 333.377 391.723 -3.23737 344.874 396.404 23.4654 292.718 395.913 71.2762 8.57622 9.44995 11.6594 
164.475 159.969 172.871 171.693 173.684 152.653 166.865 166.136 168.765 162.809 252.234 365.512 30.2325 285.766 372.4 -7.76477 304.127 380.509 -17.2803 322.146 389.996 -3.20819 332.791 393.576 23.1354 282.904 394.64 71.7 7.4964 8.96986 10.0629 
163.87 160.17 173.134 171.862 173.279 152.115 173.032 166.426 169.166 163.843 241.688 366.519 30.519 275.125 376.446 -10.6633 294.232 380.715 -17.5433 311.984 389.382 -3.84459 321.971 393.262 22.0544 273.663 394.335 71.4165 7.63118 8.2173 5.66428 
163.88 162.624 172.854 170.916 168.377 152.688 166.126 165.765 168.769 164.578 232.239 369.401 29.2007 269.198 378.171 -10.2201 287.02 384.031 -17.7044 304.348 393.012 -3.94444 314.162 396.576 22.1634 265.18 394.633 71.069 8.34604 8.68883 7.34598 
