168.389 155.604 165.547 164.759 166.614 157.578 109.998 156.909 157.35 154.763 108.604 106.474 57.0978 63.5327 105.825 50.8267 79.6839 83.2323 -31.8161 52.4999 86.4005 -39.8013 25.4348 103.377 -30.8055 53.8247 152.447 26.6342 7.21403 7.18765 79.7883 
169.267 155.553 165.462 164.667 166.571 157.715 110.085 156.945 157.356 154.824 108.217 106.412 57.1072 63.0798 106.014 51.031 79.2829 83.1455 -31.5331 52.0737 86.1602 -39.5038 25.0778 103.35 -30.8056 53.509 152.466 26.5867 7.35337 7.17096 79.9143 
170.105 155.428 165.329 164.616 166.505 157.975 110.186 156.927 157.405 154.923 108.037 106.486 57.2787 62.677 106.192 51.2175 78.9145 83.0795 -31.2223 51.7277 85.9866 -39.3099 24.7339 103.436 -30.9376 53.2033 152.518 26.527 7.58227 7.19763 79.9687 
171.314 155.239 165.288 164.596 166.455 158.211 110.219 156.984 157.453 155.008 107.722 106.518 57.301 62.1582 106.352 51.2713 78.449 83.034 -31.0756 51.3239 86.0094 -39.2997 24.3517 103.72 -31.2007 52.8908 152.626 26.427 7.7763 7.22326 79.9963 
172.809 155.045 165.316 164.598 166.398 158.356 110.174 157.151 157.433 155.039 107.226 106.522 57.112 61.6207 106.479 51.0777 78.0009 83.2208 -31.3121 50.8799 86.303 -39.4344 23.9574 104.201 -31.4997 52.5834 152.857 26.3203 7.88413 7.16616 80.0263 
174.235 154.783 165.426 164.645 166.373 158.349 110.14 157.258 157.433 155.071 106.659 106.566 56.7868 61.146 106.574 50.7742 77.4955 83.3837 -31.5173 50.4916 86.6856 -39.6911 23.6019 104.705 -31.823 52.2672 153.135 26.1938 7.93406 7.14254 79.8173 
175.095 154.48 165.426 164.707 166.391 157.996 110.065 157.279 157.409 155.083 105.717 106.526 56.2092 60.5657 106.616 50.373 76.8604 83.4529 -31.6237 50.0313 87.0835 -39.8846 23.2569 105.233 -32.0536 51.9441 153.457 26.0925 7.89636 7.11757 79.3858 
174.122 154.235 165.419 164.766 166.461 157.101 110.008 157.273 157.373 155.091 104.34 106.332 55.3315 59.9281 106.654 49.9897 76.167 83.4438 -31.7271 49.5118 87.4141 -40.026 22.9047 105.657 -32.149 51.6181 153.747 25.9915 7.76962 7.08149 78.9933 
171.686 153.985 165.409 164.798 166.561 155.986 109.905 157.256 157.305 155.054 102.875 106.132 54.3422 59.3811 106.735 49.632 75.5873 83.4187 -31.7741 49.0792 87.6738 -40.0532 22.6555 105.944 -32.0973 51.3515 154.004 25.9168 7.58515 7.03115 78.6177 
170.602 154.021 165.36 164.812 166.602 155.852 109.83 157.202 157.271 154.966 102.627 106.426 54.0174 59.2374 106.983 49.4854 75.5093 83.6688 -31.867 48.9932 87.8105 -40.0694 22.5792 105.932 -32.0153 51.1244 154.197 25.8432 7.45119 6.97968 78.5711 
170.558 154.091 165.388 164.775 166.646 155.946 109.786 157.214 157.205 154.898 102.724 106.961 53.7228 59.1647 107.34 49.4272 75.55 84.0116 -32.0072 48.96 87.8954 -40.0273 22.5362 105.824 -31.9179 50.8566 154.38 25.7541 7.34353 6.89697 78.6983 
170.488 154.161 165.376 164.707 166.653 156.106 109.82 157.1 157.136 154.806 102.874 107.434 53.4099 59.172 107.562 49.3178 75.6339 84.2921 -32.1642 48.9898 87.7988 -40.0457 22.493 105.49 -31.8724 50.5592 154.404 25.5887 7.26956 6.82295 78.8032 
170.41 154.234 165.279 164.606 166.605 156.234 109.837 157.024 156.996 154.642 102.736 107.799 52.9662 59.1069 107.734 49.1143 75.7055 84.786 -32.6088 48.893 87.8453 -40.1148 22.3557 105.291 -31.8204 50.2324 154.479 25.4569 7.15614 6.68405 79.0146 
170.653 154.235 165.217 164.476 166.539 156.261 109.803 157.01 156.887 154.565 102.315 107.865 52.4618 58.9407 107.767 48.8647 75.6969 85.1266 -33.1526 48.7402 87.8159 -40.3236 22.1246 105.083 -31.9866 49.8463 154.41 25.255 7.12904 6.56863 79.2927 
171.297 154.163 165.157 164.259 166.457 156.109 109.746 156.9 156.683 154.431 101.64 107.793 51.9376 58.6787 107.755 48.5298 75.5176 85.4908 -33.5942 48.4529 87.9438 -40.484 21.825 105.109 -32.1453 49.4724 154.407 25.0615 7.10312 6.48097 79.4133 
172.771 154.064 165.142 164.004 166.363 155.682 109.709 156.731 156.418 154.25 100.644 107.468 51.3544 58.3294 107.652 48.1232 75.1462 85.777 -33.9742 48.0275 88.1574 -40.6472 21.4017 105.273 -32.3114 49.0707 154.405 24.8346 7.09986 6.42149 79.4095 
172.037 153.902 165.215 163.744 166.277 154.414 109.722 156.304 156.17 154.023 98.9701 106.837 50.4914 57.9037 107.412 47.6331 74.5539 85.8223 -34.0489 47.5741 88.3518 -40.8327 21.0045 105.467 -32.4854 48.6936 154.364 24.5716 7.05651 6.40573 79.0281 
167.784 153.729 165.379 163.459 166.165 152.967 109.705 155.8 155.872 153.745 97.1926 106.304 49.7471 57.4244 107.171 47.0401 73.8779 85.7853 -34.0052 47.1347 88.6102 -41.0297 20.6665 105.748 -32.7007 48.3411 154.381 24.2597 6.97692 6.40106 78.4345 
166.281 153.609 165.796 163.221 166.071 152.349 109.762 155.508 155.653 153.554 96.4333 106.257 49.3846 57.0115 107.038 46.5623 73.2502 85.7653 -33.8908 46.7554 88.9168 -41.1696 20.4092 106.112 -32.8603 48.0454 154.509 24.0225 6.89451 6.41158 77.8277 
164.786 153.511 166.388 163.075 166.016 151.715 109.911 155.221 155.551 153.42 95.7318 106.285 49.0191 56.6876 106.928 46.1209 72.6126 85.6519 -33.6222 46.4413 89.1434 -41.29 20.187 106.401 -32.9639 47.7687 154.669 23.7954 6.82053 6.47798 77.0582 
163.404 153.433 166.776 163.022 165.991 151.166 110.081 154.872 155.555 153.368 95.1503 106.357 48.7004 56.3629 106.845 45.7558 71.9604 85.4455 -33.2007 46.1744 89.3089 -41.4134 20.0177 106.654 -33.0653 47.5175 154.838 23.6085 6.74071 6.62786 76.2038 
161.555 153.314 165.462 162.525 165.275 149.942 108.869 153.161 154.644 152.966 93.2843 105.738 48.9803 55.6052 107.388 45.153 71.0303 85.4922 -32.9574 45.3057 89.4699 -41.0545 19.8201 107.103 -33.2082 47.2458 155.174 23.3602 6.6703 6.56689 75.8687 
160.468 153.392 164.16 162.383 164.756 149.383 107.648 151.979 153.93 152.633 92.195 105.663 48.7823 55.0505 107.983 44.5954 70.3428 85.6822 -32.9069 44.6165 89.7989 -40.8585 19.6333 107.657 -33.4604 47.0138 155.57 23.1696 6.72745 6.53147 75.6498 
158.925 153.539 163.126 162.431 164.394 149.319 106.469 151.303 153.418 152.399 91.7455 106.007 48.5814 54.7572 108.727 44.1061 70.0463 86.1413 -33.0693 44.1805 90.3052 -40.7704 19.5423 108.299 -33.7439 46.8302 156.089 23.047 6.8518 6.50224 75.6223 
156.81 153.578 162.283 162.502 164.142 149.466 105.465 150.743 152.98 152.185 91.5234 106.483 48.3311 54.5522 109.293 43.6058 69.8701 86.5397 -33.1875 43.8829 90.7464 -40.7032 19.468 108.861 -34.0495 46.6494 156.491 22.9529 7.06802 6.50692 75.49 
154.289 153.553 161.672 162.598 163.993 149.78 104.755 150.321 152.683 152.055 91.3637 107.019 48.1161 54.3788 109.712 43.2358 69.7366 86.77 -33.1827 43.6744 90.9984 -40.6199 19.3976 109.263 -34.3406 46.4716 156.772 22.8584 7.35062 6.54254 75.3374 
151.679 153.414 161.193 162.685 163.885 150.329 104.209 150.088 152.429 151.915 91.0907 107.376 47.8622 54.128 109.955 42.7936 69.6349 87.0321 -33.3683 43.461 91.2776 -40.5951 19.2641 109.7 -34.6251 46.288 157.001 22.7758 7.6164 6.51692 75.2192 
149.119 153.254 160.816 162.771 163.828 150.972 103.86 150.063 152.243 151.826 90.6486 107.593 47.642 53.9551 110.107 42.4262 69.7121 87.3763 -33.7332 43.3611 91.5238 -40.5955 19.1803 110.061 -34.8739 46.1246 157.204 22.7127 7.84757 6.42773 75.262 
147 153.014 160.554 162.803 163.771 151.525 103.653 149.998 152.038 151.699 89.9133 107.581 47.3584 53.721 110.161 42.008 69.6652 87.7447 -34.1468 43.1734 91.8197 -40.6593 18.9863 110.456 -35.1105 45.9187 157.388 22.6261 8.03659 6.33918 75.2506 
145.306 152.722 160.432 162.804 163.715 151.808 103.608 150.074 151.845 151.561 88.8905 107.315 46.9819 53.5334 110.12 41.5356 69.7446 88.1811 -34.7541 43.0453 92.137 -40.8117 18.8059 110.787 -35.3363 45.7275 157.553 22.4997 8.13896 6.24538 75.2986 
144.102 152.368 160.406 162.758 163.644 151.401 103.628 150.167 151.614 151.357 87.0798 106.581 46.3569 53.2205 109.942 40.954 69.7248 88.6355 -35.4818 42.8234 92.5382 -41.0226 18.543 111.162 -35.5215 45.5094 157.682 22.3835 8.14373 6.146 75.3023 
143.297 151.992 160.455 162.671 163.564 149.566 103.681 150.137 151.346 151.108 84.2128 105.481 45.3509 52.9272 109.804 40.3732 69.6976 89.1577 -36.1124 42.6235 93.0049 -41.2202 18.3197 111.578 -35.6841 45.3156 157.836 22.2567 8.11408 6.08012 75.2348 
144.969 151.605 160.591 162.571 163.528 145.705 103.785 150.044 151.086 150.888 79.7967 103.818 43.6307 52.559 109.696 39.7944 69.5613 89.6742 -36.6788 42.4068 93.542 -41.4587 18.0846 112.111 -35.9138 45.1256 157.99 22.0913 8.12328 6.01606 75.1422 
147.966 151.343 160.653 162.459 163.481 144.324 103.949 149.797 150.868 150.67 77.3524 102.787 42.4154 52.2255 109.651 39.3355 69.4312 90.1147 -37.0677 42.329 94.0127 -41.7628 17.9954 112.558 -36.1963 44.9732 158.127 21.903 8.09615 5.94865 75.0421 
149.596 151.108 160.781 162.379 163.488 143.539 104.178 149.695 150.753 150.523 75.0491 101.984 41.2805 51.7815 109.599 38.9371 69.2183 90.5026 -37.5264 42.1778 94.4077 -42.0723 17.8487 112.971 -36.4608 44.778 158.254 21.7211 8.06013 5.84949 75.0488 
150.072 151.093 160.872 162.307 163.506 143.392 104.549 149.712 150.737 150.5 73.7009 101.658 40.4523 51.5274 109.654 38.8046 69.2502 90.9088 -38.0479 42.3088 94.6354 -42.4419 17.9218 113.163 -36.8082 44.628 158.352 21.5131 8.05021 5.70407 75.3627 
149.924 151.234 160.98 162.245 163.511 143.354 104.936 149.601 150.808 150.515 72.9993 101.802 39.7497 51.374 109.865 38.8729 69.2791 91.217 -38.2717 42.6002 94.8042 -42.8437 18.1486 113.293 -37.1894 44.5193 158.49 21.2911 8.03932 5.55741 75.6362 
149.459 151.396 161.07 162.179 163.507 143.281 105.308 149.486 150.917 150.568 72.3565 102.083 39.0003 51.2325 110.083 38.9684 69.2759 91.4377 -38.4579 42.9231 94.9491 -43.314 18.4001 113.383 -37.6121 44.4173 158.6 21.0539 8.01387 5.41722 75.8978 
148.961 151.615 161.204 162.147 163.517 143.228 105.578 149.293 151.098 150.658 72.1325 102.623 38.4274 51.0889 110.434 39.125 69.1035 91.5371 -38.3504 43.1372 95.0594 -43.6899 18.5762 113.502 -37.9729 44.3039 158.798 20.8241 8.01621 5.34365 75.9727 
148.138 151.881 161.266 162.145 163.557 143.096 105.804 149.083 151.322 150.824 72.1764 103.458 37.879 51.0034 110.934 39.3958 68.9316 91.65 -38.1295 43.3642 95.1391 -44.0129 18.7593 113.607 -38.3436 44.1737 159.031 20.6119 8.08746 5.32481 76.0879 
147.131 152.144 161.336 162.155 163.631 142.733 105.943 148.846 151.573 151.049 72.2522 104.445 37.3973 51.0233 111.502 39.6928 68.7192 91.6627 -37.7369 43.5556 95.1412 -44.2483 18.9214 113.662 -38.6534 44.0589 159.282 20.4105 8.20918 5.41022 76.0921 
146.406 152.323 161.355 162.153 163.703 142.197 106.101 148.496 151.778 151.241 72.1672 105.389 36.9039 51.0274 112.001 39.9055 68.4612 91.6829 -37.227 43.6775 95.1592 -44.4297 19.0154 113.746 -38.9263 43.9178 159.534 20.2266 8.35418 5.60196 75.9066 
146.096 152.399 161.254 162.146 163.757 141.523 106.144 148.165 151.916 151.4 72.1087 106.233 36.4311 51.1284 112.48 39.9803 68.3428 91.8126 -36.8406 43.8178 95.2632 -44.6379 19.1094 113.871 -39.22 43.786 159.797 20.0388 8.50046 5.84613 75.6929 
145.996 152.452 161.089 162.117 163.779 140.728 106.18 147.93 152.024 151.521 71.9244 106.905 36.0629 51.1445 112.835 39.975 68.22 91.9396 -36.6133 43.8802 95.3854 -44.8785 19.1185 114.013 -39.5035 43.6226 160.005 19.8639 8.62173 6.07564 75.5389 
146.281 152.504 160.897 162.099 163.784 140.294 106.084 147.875 152.127 151.618 72.2509 107.47 35.9565 51.0826 113.164 39.9025 68.1004 92.0841 -36.6097 43.8621 95.5592 -45.1576 19.0583 114.202 -39.7928 43.476 160.215 19.6916 8.68328 6.22268 75.5107 
146.812 152.499 160.775 162.066 163.78 139.846 105.921 148.037 152.174 151.661 72.2659 107.783 35.8157 50.9076 113.329 39.6712 67.9391 92.2337 -36.9146 43.7062 95.7944 -45.4451 18.8633 114.431 -40.0142 43.3035 160.363 19.5466 8.67884 6.23457 75.5717 
147.351 152.505 160.625 162.008 163.733 139.571 105.766 148.144 152.172 151.654 72.313 107.944 35.7454 50.7466 113.455 39.3749 67.8169 92.5055 -37.2745 43.589 96.1274 -45.7308 18.6948 114.732 -40.2245 43.1485 160.537 19.4417 8.65875 6.19948 75.5815 
147.849 152.501 160.56 161.928 163.664 139.346 105.575 148.11 152.136 151.577 72.2226 107.986 35.7243 50.4352 113.517 39.101 67.4654 92.6249 -37.4077 43.315 96.4458 -45.9095 18.4199 115.064 -40.3072 42.9789 160.669 19.4005 8.60661 6.23291 75.451 
148.342 152.508 160.405 161.814 163.554 139.173 105.327 147.936 152.03 151.448 71.8619 107.89 35.8255 50.1014 113.589 38.772 67.0058 92.7876 -37.4416 42.8996 96.8246 -45.9981 17.9958 115.454 -40.2862 42.7606 160.876 19.3785 8.5511 6.30223 75.1884 
148.971 152.414 160.306 161.706 163.437 139.252 105.021 147.792 151.902 151.274 71.3829 107.681 35.8103 49.5401 113.658 38.3305 66.3958 93.0525 -37.5532 42.3539 97.4515 -46.1416 17.4938 116.129 -40.3123 42.5151 161.181 19.3886 8.45043 6.34996 74.8536 
149.747 152.247 160.269 161.607 163.308 139.408 104.749 147.864 151.767 151.063 71.0619 107.442 35.8953 49.0061 113.658 37.7675 65.9184 93.4959 -37.9579 41.8232 98.1949 -46.3214 16.9685 116.887 -40.3534 42.2452 161.518 19.3982 8.34629 6.27104 74.6057 
150.443 152.009 160.37 161.451 163.175 139.553 104.518 148.065 151.552 150.787 70.3644 107.055 35.9649 48.3767 113.499 37.1988 65.4914 93.878 -38.4825 41.2009 98.9023 -46.4369 16.3548 117.57 -40.3227 41.9256 161.753 19.4128 8.20608 6.14513 74.4956 
151.049 151.693 160.488 161.305 163.068 139.662 104.348 148.276 151.306 150.506 69.2877 106.597 35.863 47.7746 113.291 36.5819 65.1146 94.2391 -39.0745 40.5931 99.5052 -46.5101 15.7308 118.13 -40.2792 41.5694 161.932 19.3719 8.09815 5.97965 74.4224 
151.392 151.293 160.597 161.234 163.022 139.76 104.296 148.492 151.021 150.203 68.0042 106.305 35.6288 47.213 113.059 35.9738 64.6538 94.5505 -39.5885 39.8907 99.9063 -46.3312 15.0834 118.547 -40.0442 41.2042 162.125 19.3655 8.03024 5.72429 74.221 
151.392 150.95 160.76 161.322 163.102 140.076 104.323 148.793 150.884 150.068 66.9417 106.323 35.3303 46.7688 113.037 35.5682 64.2789 94.8344 -39.9214 39.3199 100.158 -45.9965 14.574 118.904 -39.8142 40.8773 162.417 19.3795 8.08753 5.46201 74.0194 
151.119 150.718 161.066 161.515 163.293 140.358 104.456 149.172 150.881 150.102 66.0517 106.603 34.9924 46.4166 113.142 35.4306 63.9957 95.0812 -40.0951 38.8791 100.304 -45.5965 14.1965 119.179 -39.5755 40.5804 162.717 19.4806 8.21538 5.24795 73.9192 
150.653 150.669 161.346 161.725 163.521 140.672 104.713 149.461 151.017 150.309 65.4335 107.042 34.9036 46.3755 113.362 35.6301 63.8676 95.2544 -40.0023 38.6703 100.237 -45.1724 14.0017 119.183 -39.2841 40.3227 163.011 19.5971 8.34554 5.11555 73.899 
150.161 150.763 161.574 161.903 163.754 140.965 105.139 149.531 151.229 150.575 64.7704 107.366 34.807 46.3618 113.493 36.0323 63.6741 95.1884 -39.6202 38.5603 99.9731 -44.839 13.879 118.992 -39.0444 40.0778 163.151 19.6989 8.47789 5.08662 73.8355 
149.608 150.891 161.788 162.092 163.968 141.289 105.585 149.524 151.485 150.891 64.2796 107.722 34.644 46.3994 113.684 36.355 63.5101 95.2093 -39.2664 38.5725 99.8016 -44.6839 13.8779 118.825 -38.9313 39.8266 163.329 19.765 8.56177 5.08536 73.6769 
149.059 151.078 162.005 162.263 164.171 141.732 105.958 149.459 151.764 151.208 63.9575 108.003 34.4948 46.3047 113.911 36.6382 63.2231 95.1605 -38.852 38.509 99.702 -44.6636 13.7968 118.766 -38.9398 39.5503 163.498 19.7766 8.6516 5.19258 73.489 
148.589 151.346 162.225 162.386 164.308 142.232 106.314 149.336 152.048 151.473 63.9106 108.204 34.5331 46.0818 114.136 36.9279 62.8753 95.0457 -38.3429 38.4146 99.6475 -44.7735 13.6939 118.758 -39.0349 39.2594 163.668 19.7242 8.68001 5.43564 73.2834 
148.079 151.671 162.397 162.424 164.357 142.73 106.507 149.168 152.263 151.62 64.1252 108.373 34.6694 45.7843 114.412 37.189 62.4935 94.9955 -37.8673 38.2584 99.6841 -44.9736 13.5573 118.79 -39.1445 38.9477 163.826 19.6508 8.61606 5.74941 73.1633 
147.424 151.94 162.433 162.368 164.341 143.257 106.661 149.048 152.36 151.657 64.2592 108.363 34.6861 45.2676 114.478 37.1811 62.1363 94.9697 -37.8203 38.0433 99.8192 -45.4257 13.3566 118.852 -39.4535 38.5838 163.852 19.455 8.46277 6.00192 73.1889 
146.779 152.163 162.391 162.377 164.309 143.744 106.775 149.141 152.503 151.653 64.6223 108.505 34.6097 44.7155 114.662 36.9982 61.9147 95.3289 -38.2391 37.8749 100.263 -46.036 13.1724 119.209 -39.8703 38.2377 164.059 19.2467 8.28061 6.07263 73.3839 
146.373 152.383 162.34 162.34 164.246 144.36 106.754 149.443 152.473 151.445 65.0768 108.691 34.4677 44.0302 114.814 36.6701 61.8066 95.9909 -39.1768 37.5656 101.001 -46.6605 12.8446 119.756 -40.2269 37.8598 164.307 19.0575 7.98456 5.91534 73.9167 
145.989 152.586 162.225 162.188 164.082 144.565 106.645 149.463 152.251 150.991 64.8282 108.893 34.128 43.3264 114.94 36.3426 61.592 96.7219 -39.9997 37.1363 101.778 -47.0684 12.3702 120.294 -40.412 37.4551 164.524 18.8779 7.70747 5.72591 74.4448 
145.849 152.576 162.005 161.954 163.866 144.556 106.495 149.273 151.828 150.447 64.1528 109.209 33.8496 42.7926 115.005 35.9292 61.164 97.3311 -40.457 36.5725 102.395 -47.0545 11.7174 120.746 -40.358 37.0146 164.775 18.7272 7.61403 5.51956 74.5497 
145.75 152.563 161.855 161.749 163.726 144.066 106.315 148.841 151.357 150.001 62.984 109.71 33.3604 42.412 115.161 35.5185 60.5877 97.7888 -40.4742 35.9894 102.995 -46.8764 10.9975 121.249 -40.2468 36.5869 165.074 18.6423 7.70792 5.48646 74.2729 
146.317 152.397 161.79 161.805 163.847 144.069 106.339 148.279 150.549 149.926 60.5197 109.512 32.722 41.8667 114.464 35.1445 59.026 97.7707 -40.3029 34.2104 103.534 -46.3242 9.45738 121.861 -39.7621 36.0369 165.15 18.7163 7.81688 5.61228 73.5353 
145.731 151.533 161.863 161.762 163.923 144.253 106.094 148.166 149.654 149.848 58.4093 109.609 32.0713 41.202 113.887 34.5793 57.447 97.7949 -40.4315 32.3601 104.042 -45.652 8.03912 122.438 -39.1949 35.5131 165.247 18.796 7.83258 5.52469 72.8875 
145.168 150.568 162.189 161.692 164.017 144.336 105.985 148.229 148.867 149.872 56.7225 109.977 31.495 40.7699 113.515 33.9934 56.1765 98.0738 -40.5565 30.9155 104.704 -45.024 7.035 123.068 -38.6449 35.0932 165.513 18.9438 7.78752 5.41062 72.1357 
144.54 149.526 162.467 161.558 164.055 144.356 105.91 148.382 148.135 149.903 55.7669 110.399 31.2012 40.458 113.248 33.4359 55.2165 98.3825 -40.7651 29.7684 105.228 -44.4692 6.33688 123.484 -38.1736 34.718 165.762 19.0498 7.6887 5.27315 71.5153 
146.38 150.183 162.706 161.902 164.448 144.573 106.797 148.533 148.594 150.123 56.6837 110.858 31.4312 40.5998 113.924 33.7818 55.7066 99.0146 -40.5401 30.5372 105.607 -44.4805 6.90249 123.842 -38.3942 34.5903 166.411 19.0804 7.85742 5.13178 71.4787 
147.315 151.446 162.998 162.176 164.78 144.346 107.885 148.766 149.348 150.41 57.5327 111.34 31.705 40.6384 114.212 34.136 56.1924 99.2226 -40.3088 31.3838 105.67 -44.7917 7.44132 123.93 -38.7547 34.425 166.724 19.0696 8.02028 5.14186 71.4285 
147.79 152.817 163.211 162.393 164.946 143.715 108.795 148.935 150.041 150.585 58.2891 112.027 31.992 40.6447 114.428 34.3544 56.6122 99.479 -40.1217 32.1022 105.77 -45.1377 7.79593 124.086 -39.0777 34.2382 167.003 19.0816 8.21443 5.23177 71.3251 
148.219 154.193 163.314 162.548 165.052 142.939 109.691 149.127 150.655 150.737 58.7746 112.743 32.1058 40.4776 114.503 34.4649 56.8437 99.6937 -40.1049 32.5808 105.853 -45.5539 7.93541 124.2 -39.4076 33.9932 167.198 19.0651 8.3545 5.32887 71.266 
148.94 155.467 163.508 162.677 165.073 142.231 110.446 149.262 151.227 150.884 59.0887 113.34 32.1801 40.2298 114.572 34.5498 57.0448 99.8043 -39.9281 33.0082 105.935 -45.9868 8.01426 124.328 -39.7767 33.7274 167.378 19.0522 8.49504 5.56931 71.0769 
149.937 152.929 163.062 162.871 165.309 141.304 109.967 148.941 151.013 151.105 57.397 112.857 32.2336 39.6603 114.081 34.2364 56.4044 99.6785 -40.0818 32.0131 105.994 -46.0703 7.15985 124.377 -39.7741 33.2479 167.133 19.1042 8.43327 5.73846 71.0542 
150.448 152.743 163.068 163.07 165.3 141.213 110.486 149.577 151.505 151.236 57.7293 113.18 32.3299 39.3638 114.542 34.4468 56.7812 100.259 -40.58 32.275 106.269 -46.4351 7.16935 124.692 -40.1734 32.9692 167.557 19.0618 8.5194 5.57515 71.5094 
148.874 151.386 162.748 163.102 165.502 141.63 109.404 149.331 151.127 151.372 56.1653 113 32.3415 38.7101 114.66 34.1459 55.9047 100.494 -40.7297 31.0006 106.712 -46.3635 6.0838 125.198 -40.1584 32.484 167.725 19.1388 8.50314 5.67431 71.5625 
147.134 150.291 162.578 162.831 165.443 142.443 108.473 148.992 150.281 151.061 54.6428 112.95 32.2106 37.8796 114.725 33.564 54.394 100.844 -40.7278 29.3184 107.488 -45.9947 4.77782 126.021 -39.8162 31.9921 168.079 19.2252 8.367 5.66559 71.055 
146.205 149.209 162.48 162.359 165.189 143.196 107.86 148.537 149.372 150.58 53.2754 112.839 31.8335 36.9404 114.556 32.8431 52.6969 101.137 -40.6164 27.6774 108.316 -45.6781 3.55691 126.818 -39.442 31.4638 168.313 19.3174 8.15994 5.68181 70.2217 
145.716 148.213 162.323 161.863 164.87 143.664 107.483 148.071 148.493 150.068 52.0246 112.85 31.2736 36.167 114.415 32.1604 51.3381 101.637 -40.6767 26.3798 109.157 -45.3844 2.66679 127.479 -39.025 30.9896 168.5 19.4539 7.89057 5.59789 69.5656 
145.317 147.228 162.379 161.441 164.682 144.001 107.423 148.209 147.779 149.74 50.9803 113.034 30.8905 35.5486 114.212 31.6392 50.336 102.106 -41.0524 25.3319 109.745 -45.024 1.98873 127.83 -38.5335 30.5488 168.646 19.6187 7.58842 5.323 69.2376 
144.824 146.326 162.501 160.998 164.584 144.184 107.673 148.671 147.274 149.569 50.1316 113.284 30.7134 35.0404 113.844 31.236 49.5849 102.464 -41.578 24.5198 110.103 -44.7509 1.46291 127.908 -38.068 30.1168 168.691 19.7682 7.24549 5.01384 69.097 
144.406 145.574 162.572 160.661 164.563 144.196 107.916 148.956 146.947 149.53 49.4744 113.582 30.6036 34.7391 113.579 30.8492 49.0433 102.821 -41.9263 24.0371 110.375 -44.5402 1.15476 127.918 -37.6916 29.7188 168.769 19.9401 7.00159 4.74928 68.8244 
143.877 144.951 163.179 160.374 164.583 144.064 108.16 149.211 146.751 149.535 48.8541 113.798 30.5964 34.3453 113.281 30.4553 48.5177 102.779 -41.925 23.6972 110.494 -44.4156 0.893963 127.875 -37.461 29.3032 168.76 20.0495 6.86036 4.64149 68.2918 
143.545 144.523 163.937 160.208 164.662 143.914 108.164 150.074 146.742 149.705 48.3944 114.005 30.7098 34.0895 113.229 30.0246 48.1683 102.631 -41.9458 23.5225 110.653 -44.4395 0.629487 127.888 -37.3691 28.9186 168.876 20.1278 6.78804 4.6278 67.6838 
143.315 144.295 165.117 160.073 164.806 143.872 108.138 152.098 146.959 150.015 48.1222 114.07 31.0656 33.8608 113.2 29.6474 48.0824 102.325 -42.3263 23.4595 110.724 -44.6818 0.294435 127.81 -37.4395 28.5019 168.998 20.1393 6.72203 4.63271 67.3012 
143.191 144.247 164.617 159.945 164.977 143.774 107.798 154.136 147.318 150.379 48.0731 114.056 31.4346 33.6901 113.334 29.2801 48.1289 102.113 -42.6879 23.4177 110.849 -45.1997 -0.120464 127.772 -37.6832 28.0688 169.151 20.1038 6.65382 4.82802 66.9994 
143.25 144.327 164.658 159.939 165.15 144.067 107.331 155.7 147.729 150.792 48.3057 114.11 31.9334 33.5684 113.816 29.0685 47.914 101.931 -42.4656 23.3247 111.135 -45.6638 -0.590019 127.951 -37.9588 27.6225 169.576 20.0502 6.6606 5.23073 66.3455 
143.615 144.457 165.468 159.927 165.18 144.613 107.063 157.006 147.854 150.93 48.187 114.213 32.165 33.1856 114.323 28.8864 47.2556 101.79 -41.875 22.9808 111.655 -45.8879 -1.21876 128.553 -38.2018 27.1055 170.128 20.0197 6.83855 5.72683 65.4371 
144.11 143.914 168.762 159.709 165.02 144.81 107.334 155.771 147.844 150.802 46.688 114.321 31.7475 31.4584 114.462 28.278 45.4472 101.803 -40.6979 21.9036 112.715 -46.4356 -2.47937 129.849 -38.7722 25.8221 170.617 20.0117 7.08206 6.84045 63.8498 
144.412 143.73 168.263 159.691 164.87 144.538 108.001 152.967 147.855 150.441 46.0397 114.343 31.3222 30.5856 114.288 28.2956 44.8698 102.216 -40.128 21.6046 112.966 -46.5433 -2.77019 130.224 -38.9795 25.3121 170.569 19.9683 7.20315 7.13311 63.7087 
144.655 143.574 168.425 159.733 164.842 144.057 108.679 151.655 147.938 150.279 45.3779 114.586 31.1318 29.972 114.159 28.2966 44.3532 102.421 -39.6209 21.2945 113.04 -46.5489 -3.06259 130.225 -38.8759 24.7692 170.597 19.9627 7.1129 7.39746 63.4158 
144.828 143.423 168.388 159.783 164.892 143.586 109.417 150.897 148.099 150.235 44.8023 114.883 31.1727 29.3653 113.933 28.2629 43.7352 102.436 -39.1389 20.8663 113.033 -46.5037 -3.46954 130.132 -38.6359 24.2283 170.668 19.9826 6.9298 7.64367 62.9731 
145.431 143.212 167.958 159.802 164.977 143.497 110.196 150.101 148.185 150.164 44.4017 114.915 31.4031 28.7159 113.557 28.1893 43.1593 102.47 -38.9558 20.2948 112.898 -46.3853 -4.00987 129.927 -38.3487 23.6414 170.664 19.96 6.72741 7.61482 62.7582 
146.786 142.958 168.034 159.839 165.01 143.78 110.738 150.451 148.289 150.137 44.0714 114.744 31.8505 28.1847 113.286 28.0445 42.5421 102.076 -38.6885 19.7689 112.797 -46.2848 -4.61893 129.768 -38.1038 23.0828 170.762 19.9148 6.56402 7.77261 62.1991 
148.359 142.687 168.273 159.885 165.051 144.099 111.178 151.436 148.567 150.28 43.7873 114.508 32.4007 27.8797 113.037 28.0528 41.8489 101.215 -38.0287 19.4058 112.542 -46.2547 -5.18237 129.383 -37.8708 22.5555 170.84 19.8429 6.40101 8.31645 61.2882 
149.276 142.184 169.391 159.965 165.088 144.313 111.328 152.183 148.832 150.509 43.7197 114.504 32.904 27.7533 113.134 28.0363 41.2219 100.639 -37.1368 19.2029 112.579 -46.3143 -5.64281 129.285 -37.7882 22.1349 171.076 19.8488 6.37937 9.11027 60.2452 
