168.015 149.803 160.013 162.014 162.189 166.634 134.989 143.52 144.707 141.118 -424.735 379.117 75.8442 -445.925 359.098 67.8754 -457.77 345.859 61.7761 -451.404 322.928 62.4145 -432.136 302.984 65.8835 -371.887 335.393 61.0937 4.22438 5.04268 10.0773 
168.405 149.119 158.86 160.09 160.289 167.118 130.74 140.28 141.458 137.805 -419.182 379.011 73.9268 -438.088 359.937 67.0508 -450.009 346.68 61.9245 -443.654 324.223 62.7997 -424.719 304.208 65.9592 -365.747 335.784 59.0643 4.25602 4.84515 9.93084 
166.719 149.185 156.723 157.308 157.47 166.262 129.19 137.145 138.144 134.646 -405.958 380.766 71.0212 -427.268 360.809 61.9526 -437.985 347.709 58.226 -431.718 324.915 60.5093 -413.278 304.546 64.3613 -354.353 335.032 56.9897 4.1087 4.33063 8.64703 
166.092 149.519 157.409 157.146 157.473 165.65 129.377 139.094 139.12 135.627 -396.049 380.419 70.7078 -419.201 361.954 59.763 -431.2 348.474 54.3599 -424.812 325.052 57.3538 -406.492 303.917 61.8304 -346.157 333.652 55.5921 4.01474 4.02725 9.38035 
166.358 149.142 157.41 156.961 156.912 166.155 126.439 138.218 138.381 134.787 -387.775 378.976 68.4013 -408.924 360.522 58.7774 -422.052 346.903 52.2718 -415.962 323.271 54.9609 -397.712 301.88 59.5307 -337.575 331.922 53.2252 4.34544 4.49866 10.789 
166.23 148.727 157.973 157.027 156.513 166.266 124.836 137.04 137.629 134.242 -377.032 376.49 66.1196 -397.076 357.886 56.8184 -410.41 344.416 49.9383 -404.6 320.546 52.2473 -386.449 298.983 56.8689 -326.46 329.958 51.2622 4.76489 5.01374 11.424 
165.678 147.904 158.631 157.709 156.639 166.051 120.86 135.934 137.218 133.489 -365.725 372.061 62.7765 -382.5 353.345 54.8319 -397.261 340.277 46.7592 -391.885 316.368 48.2599 -373.503 294.899 53.0737 -314.004 326.833 48.1934 5.04434 5.81915 13.518 
165.301 148.555 159.811 157.626 156.232 165.93 120.957 136.24 137.177 133.712 -350.73 368.53 59.4957 -367.803 350.217 50.8929 -383.331 336.918 41.5433 -378.254 312.696 43.5842 -360.194 290.972 48.8921 -299.808 322.791 44.6106 5.1673 5.78427 14.644 
165.027 149.912 160.765 158.714 157.437 165.743 122.474 139.507 138.986 134.987 -334.512 363.91 55.0189 -352.603 346.173 45.6846 -369.413 332.296 34.239 -363.648 308.484 37.8117 -345.385 287.329 44.4052 -284.052 318.45 40.8744 4.33756 4.74762 16.0351 
164.034 149.25 160.282 158.447 157.665 164.927 120.71 140.72 139.949 136.492 -316.266 358.106 51.2058 -332.608 340.421 42.5415 -351.389 326.371 27.6088 -345.124 302.579 31.5962 -326.733 281.653 39.3617 -264.963 314.033 38.3549 4.5211 4.83663 19.3688 
163.764 151.059 160.098 158.42 157.786 164.323 122.69 141.041 140.277 136.737 -296.371 351.235 46.0091 -313.657 332.963 35.7911 -330.983 317.737 20.5102 -324.231 294.63 25.8728 -305.542 274.85 34.9436 -244.053 308.459 35.2743 3.81739 4.0804 18.627 
163.41 151.677 159.257 157.824 157.333 163.868 123.79 140.234 139.988 136.6 -274.821 343.502 39.8791 -292.36 324.252 28.3063 -308.064 307.921 13.0774 -301.107 284.913 19.2769 -282.33 265.913 29.6803 -221.459 301.476 31.4189 3.49894 4.03184 17.7907 
163.376 152.666 158.726 157.088 156.668 163.757 124.077 140.235 139.901 136.418 -252.947 339.966 34.2841 -270.469 319.012 21.0912 -284.603 301.137 4.4025 -277.513 278.48 12.5076 -258.872 260.366 25.1226 -198.736 297.879 28.777 2.9865 3.5924 18.171 
162.327 153.855 157.764 155.911 155.7 162.763 124.248 137.055 137.62 134.363 -230.032 338.259 28.4883 -248.451 315.473 12.4167 -259.941 296.578 -3.04627 -253.497 273.953 6.25166 -235.427 256.41 20.1474 -176.399 295.865 26.1755 3.11112 3.73064 16.7285 
161.921 154.673 156.677 154.663 154.673 161.786 123.82 135.336 136.606 133.255 -205.366 334.541 21.6036 -223.66 310.421 2.58505 -232.807 289.876 -11.9087 -226.77 267.29 -1.05915 -209.188 250.495 14.626 -151.922 292.953 23.4993 3.28008 3.93569 15.3857 
160.273 154.927 154.343 152.608 153.215 160.538 125.23 132.085 134.385 131.826 -179.827 328.85 14.6371 -197.268 302.918 -8.03419 -203.139 281.899 -17.828 -196.819 259.627 -6.74129 -179.756 243.758 9.56945 -125.932 290.402 21.4399 3.65333 4.07702 10.9532 
160.646 151.945 151.467 150.264 150.417 161.449 128.232 132.535 134.871 132.897 -151.168 323.615 9.5255 -165.332 292.199 -18.9213 -168.311 269.888 -24.3955 -161.449 248.285 -11.878 -144.059 233.065 6.09147 -95.9237 286.22 21.6197 4.87409 4.073 6.53358 
161.055 150.129 150.88 150.23 150.138 161.033 132.073 135.057 137.558 135.811 -120.102 321.492 5.88763 -129.95 284.338 -28.8252 -131.897 261.178 -30.7477 -124.923 240.159 -17.0274 -108.274 226.061 3.72323 -64.8275 284.392 22.615 5.42473 4.11497 3.13455 
163.027 149.565 151.43 152.887 152.459 160.833 138.052 140.313 143.443 142.826 -55.542 318.92 -3.86059 -59.1516 269.276 -40.3028 -59.3809 244.649 -39.1214 -52.1115 224.465 -23.6513 -36.9867 213.111 0.201355 -5.33312 279.607 26.8755 5.7831 4.35271 2.27819 
164.078 151.533 154.804 157.411 157.808 160.944 141.606 145.073 147.98 147.049 -21.7225 315.312 -8.50416 -23.2256 261.581 -43.2731 -22.6102 237.227 -42.5674 -14.7802 217.846 -26.2289 -1.4929 208.393 0.205997 24.9367 277.652 28.7334 5.6102 4.50333 1.76497 
172.564 146.399 157.33 157.997 159.031 162.502 144.455 135.861 140.165 141.457 48.2407 307.573 -22.6952 51.2181 244.5 -51.4303 47.5299 224.217 -45.2693 54.7384 209.822 -28.7991 67.3907 204.082 -3.45884 79.8902 274.411 25.3693 5.06189 1.64623 7.46502 
174.357 153.884 163.25 162.872 162.403 163.023 134.65 122.634 128.393 131.785 87.3837 305.251 -23.0908 92.0504 243.046 -51.2095 83.7622 225.591 -42.1963 90.1801 212.241 -26.4457 102.018 206.337 -2.12115 110.289 272.252 28.5022 4.71363 0.384353 14.0018 
175.289 160.397 168.638 168.924 166.705 163.01 125.888 114.199 117.002 119.648 125.271 305.729 -19.8709 129.01 246.126 -46.8381 122.523 228.203 -38.1014 128.481 217.177 -22.8565 136.654 212.512 1.66187 141.859 271.823 33.9553 2.7387 1.70368 13.4724 
170.923 165.769 172.557 172.26 177.222 157.092 117.87 103.799 109.015 110.797 156.682 305.859 -12.1111 162.815 250.87 -39.6769 161.995 234.958 -31.8999 164.324 223.145 -16.1896 170.758 221.006 7.81782 173.516 273.235 41.0099 6.88801 2.68461 8.78242 
174.194 168.223 169.777 169.757 168.904 152.489 117.881 99.9308 96.4613 95.8241 187.797 305.125 -2.94264 197.178 256.371 -33.0284 196.346 241.815 -23.7123 198.804 231.951 -5.80957 202.893 231.473 19.0536 203.67 275.976 49.7486 11.7142 2.72553 7.89313 
174.565 163.68 159.216 158.356 149.497 149.518 113.118 98.0785 92.4097 91.4689 220.75 308.974 8.95354 233.445 265.632 -23.9639 231.755 252.386 -15.2614 232.205 241.864 4.4969 234.279 240.372 31.2427 231.06 278.974 60.1331 13.1033 2.34549 8.36409 
170.675 137.093 126.561 141.474 137.343 144.127 117.002 99.9815 91.0358 90.2609 252.745 307.618 23.5858 271.74 274.867 -9.94817 268.674 260.02 -1.54829 264.086 249.296 17.5447 263.155 246.445 44.5132 256.317 282.098 72.025 12.734 5.16464 7.01524 
167.301 125.645 107.078 128.446 132.347 142.986 120.143 114.48 94.8028 91.1976 281.71 310.406 38.7938 303.588 282.256 5.5657 304.606 266.923 11.0152 293.901 254.777 31.1122 288.744 251.339 58.5207 279.157 286.199 85.1864 12.4875 8.73808 3.38299 
170.241 112.931 100.145 107.084 124.052 143.841 119.477 123.117 99.9365 88.5429 305.337 314.9 51.8131 329.069 292.959 20.8363 335.352 275.108 25.4801 322.602 260.108 46.9741 311.544 257.673 74.73 299.841 290.802 98.5123 16.5 7.7453 4.8848 
168.638 104.158 90.2719 93.453 117.764 143.023 117.289 130.604 112.926 83.5984 325.814 318.639 64.4689 350.89 301.183 36.3824 361.922 282.611 41.3179 350.274 265.202 61.236 330.786 262.401 90.0471 317.936 295.525 110.808 20.3023 5.88435 9.63692 
164.758 116.119 90.0456 94.0535 129.304 144.484 115.183 135.959 123.245 87 339.303 321.119 74.8584 368.643 306.584 48.033 384.191 293.434 55.7897 373.288 273.111 74.8435 348.788 269.356 102.656 333.015 300.443 122.665 21.4378 6.01457 14.4049 
163.372 125.72 90.6677 104.697 132.73 145.972 114.722 139.586 130.933 82.7937 351.92 326.768 85.3628 385.039 311.482 59.9948 403.764 301.786 71.5579 393.733 282.228 88.5808 363.489 277.628 117.868 346.837 306.247 134.438 24.0417 4.42464 18.1572 
160.318 134.991 106.447 107.541 118.025 149.953 123.525 147.608 133.725 92.8181 361.932 333.836 93.8458 403.569 317.725 70.5335 423.856 310.925 84.117 409.387 291.745 102.426 379.76 286.357 130.679 358.174 312.913 145.342 20.6841 3.66419 18.6318 
159.283 148.893 118.722 114.489 107.034 151.911 129.739 151.296 137.736 114.23 371.918 339.418 103.099 419.858 321.886 81.293 440.129 318.799 96.1717 424.452 300.462 114.23 397.985 293.901 141.141 368.208 319.851 155.126 14.9489 2.52333 19.2536 
162.211 160.726 133.701 136.101 123.789 156.06 133.471 149.154 138.716 118.431 383.026 344.456 110.122 432.317 324.065 91.0387 451.241 319.073 104.907 436.742 301.353 122.316 410.419 296.174 148.481 376.342 326.133 163.204 12.7881 2.28818 16.5703 
168.015 162.7 146.107 153.485 132.014 159.529 139.321 144.218 136.426 117.48 390.672 348.327 114.815 440.377 326.224 98.0904 458.505 320.794 111.741 445.081 303.396 128.784 418.895 297.598 154.271 383.082 331.981 169.699 9.78899 2.21327 16.8066 
170.259 162.345 153.745 165.02 156.1 160.284 141.149 137.939 132.281 110.437 396.92 352.765 119.084 446.969 330.01 104.74 462.627 322.744 117.437 450.23 305.352 133.743 423.429 299.093 157.656 388.583 337.282 174.923 8.15815 2.34633 15.0405 
170.687 160.748 163.505 175.675 166.528 160.422 145.839 129.947 124.019 102.648 402.153 358.53 123.761 449.888 332.542 108.464 463.225 323.686 120.85 450.721 305.555 136.374 424.831 299.46 160.041 393.15 342.231 179.37 6.19717 3.05146 13.7542 
168.753 158.44 174.643 178.951 174.022 159.56 145.178 120.541 116.651 89.9167 407.622 366.786 131.128 448.406 339.814 111.226 460.297 327.394 123.23 446.273 307.044 136.906 423.572 302.676 161.112 400.998 351.333 186.326 4.12379 6.1759 12.0068 
165.796 160.536 175.424 176.437 175.112 159.545 142.456 124.15 124.193 108.514 410.186 373.076 134.719 445.702 345.281 114.917 456.1 330.588 123.916 443.953 311.102 137.323 425.005 304.688 161.228 408.173 358.862 192.938 2.83303 5.1576 8.99164 
165.263 161.064 168.708 167.117 168.636 160.277 140.193 131.941 133.167 127.465 409.882 380.359 134.533 443.761 350.696 116.147 450.231 332.77 121.359 438.379 313.66 135.293 423.959 305.526 159.97 411.469 363.723 195.931 2.43445 5.2411 3.95598 
163.675 162.409 164.738 162.176 162.542 158.791 141.282 138.72 140.762 137.435 410.703 384.078 136.729 442.558 354.948 116.728 448.265 335.238 120.164 438.016 315.791 134.441 426.284 306.279 160.395 414.088 367.579 198.234 2.89036 4.62433 2.40428 
170.119 167.564 159.744 162.751 153.159 159.451 137.597 145.85 146.644 140.444 361.79 378.64 110.474 383.307 360.293 90.8284 397.04 341.863 86.7788 389.062 321.69 102.153 384.394 313.411 128.474 377.725 365.383 172.183 1.39694 5.68869 8.81759 
170.941 164.992 162.134 164.257 156.835 160.188 139.357 146.342 148.426 142.211 358.903 376.862 108.151 377.904 359.05 87.9154 389.948 340.485 84.2723 383.482 320.558 99.2103 378.772 311.558 125.786 373.616 364.177 169.998 1.00898 4.67573 7.31178 
171.597 165.621 163.808 171.253 158.223 160.745 142.885 147.117 150.844 141.78 348.052 369.584 104.584 368.301 356.247 82.7992 379.601 337.284 79.6759 373.898 317.873 95.2366 370.386 309.862 123.764 365.779 362.907 166.391 1.37746 4.72822 5.85673 
172.437 164.101 162.987 170.908 154.495 161.701 142.768 147.369 149.831 140.098 342.32 367.245 102.095 361.891 354.423 80.5962 374.065 335.616 77.126 367.426 316.322 93.4018 364.43 308.911 122.138 361.302 361.663 164.269 1.58535 5.52588 6.59699 
172.118 162.041 160.898 168.834 152.136 161.832 142.337 145.885 148.261 137.495 336.569 363.872 99.5371 355.577 352.351 78.2678 367.156 334.337 74.634 360.414 314.272 91.162 357.533 307.467 119.882 355.819 359.499 161.73 2.11309 5.89947 6.55319 
171.152 159.461 159.998 164.74 159.256 162.64 140.405 145.151 145.677 136.979 333.174 362.457 97.0854 348.343 349.326 76.31 357.662 330.697 72.3948 351.75 312.791 89.3109 349.629 305.567 117.239 350.133 356.816 158.901 2.30501 5.01869 5.01904 
170.057 157.115 155.941 160.515 152.837 163.128 138.494 139.847 141.92 132.581 327.305 361.157 93.6704 341.939 346.452 73.8863 347.315 328.285 71.4705 342.477 310.269 88.3544 342.444 304.29 115.629 344.5 354.238 155.626 2.98021 4.53921 3.03455 
169.069 148.866 152.915 154.061 143.472 163.438 136.109 139.489 138.545 124.039 321.207 358.687 89.9353 336.674 344.429 71.2066 337.847 325.498 69.406 332.471 308.072 87.2126 333.257 304.605 114.967 338.9 351.367 151.886 5.69579 5.38157 2.91918 
169.771 149.324 153.508 147.912 145.273 163.699 137.652 139.206 134.69 121.033 314.093 356.379 86.8578 330.846 339.971 66.8566 328.814 321.706 66.468 324.895 305.178 86.0604 324.781 301.782 113.805 332.85 348.597 148.448 6.50866 5.17998 5.54834 
169.09 148.143 152.762 143.316 143.845 163.667 137.971 135.902 131.193 117.8 308.292 354.745 82.6774 326.018 337.364 63.05 319.493 320.009 64.743 317.893 303.479 83.706 317.135 299.933 111.091 327.026 345.596 144.571 7.59542 3.65822 9.3872 
169.098 151.539 152.06 137.056 145.384 163.217 141.72 131.742 123.811 109.043 295.825 351.022 75.1277 314.612 332.451 55.1103 301.4 316.373 61.558 301.672 301.5 80.6569 300.727 298.013 108.002 315.298 340.153 137.417 10.5417 2.74604 15.5233 
167.2 149.822 155.396 139.797 145.15 161.605 141.066 133.571 122.715 107.984 289.13 347.96 72.3197 307.193 330.528 50.8176 293.159 311.858 57.3016 291.507 298.087 78.1713 293.09 295.003 104.475 308.281 336.309 133.479 10.0579 5.29878 15.8535 
166.875 146.53 155.851 141.669 147.035 160.844 140.765 132.86 121.768 106.054 282.525 346.291 69.0829 300.485 328.584 48.4066 283.908 309.714 55.202 282.732 296.72 75.7113 284.803 293.07 102.722 302.298 333.446 130.194 10.4579 5.31379 17.731 
166.642 148.412 155.755 142.26 146.918 160.214 140.333 132.568 119.942 104.23 275.314 344.599 65.4737 293.313 326.515 45.2689 275.25 307.705 53.025 274.084 295.62 74.1387 276.908 291.386 100.77 296.374 330.695 126.667 10.6701 6.23581 18.9495 
166.423 148.711 155.547 143.332 146.432 159.493 137.931 133.366 120.961 106.309 267.299 342.288 62.9692 283.461 323.225 44.3524 266.934 304.693 50.9601 265.427 292.651 71.9066 268.9 288.249 97.6754 289.893 327.588 123.695 10.2767 6.63321 17.0265 
166.731 151.222 155.104 144.928 147.093 159.003 139.262 133.637 120.84 107.236 259.527 339.306 60.5394 273.946 319.199 41.0766 257.554 300.529 48.932 256.126 288.878 69.9529 260.431 284.492 94.8556 282.358 323.874 120.646 9.90013 6.93698 17.0798 
166.522 152.338 155.059 145.023 147.366 158.712 137.159 133.218 121.206 109.529 250.823 335.707 58.3172 261.34 315.47 40.4083 249.266 296.682 47.4923 248.096 285.029 68.0198 252.975 280.548 91.5789 274.958 320.742 117.841 9.07787 6.73482 13.2887 
166.289 151.63 153.525 144.502 149.008 158.119 132.566 129.342 118.776 110.018 241.889 331.156 56.4593 249.196 311.447 41.4495 240.154 293.093 48.3201 239.921 281.876 67.321 245.134 277.1 89.012 266.849 317.572 115.333 8.64767 6.15137 10.9485 
