171.524 170.488 172.065 168.806 171.129 162.771 166.975 162.449 159.913 154.773 -398.189 356.655 -26.7472 -414.739 346.754 -77.3749 -404.337 343.977 -102.081 -380.231 334.281 -108.799 -350.967 331.141 -105.541 -340.766 362.669 -37.1176 4.05325 5.78284 5.15455 
170.605 168.654 172.17 169.318 171.141 161.593 166.712 163.322 160.864 155.58 -387.664 355.472 -27.0143 -404.795 346.002 -77.9757 -394.249 342.886 -102.122 -370.385 333.394 -108.612 -341.384 330.417 -104.996 -330.725 361.58 -36.5802 3.62444 5.55654 4.34575 
168.646 170.424 173.564 170.808 172.323 159.13 168.661 166.146 163.797 157.961 -374.882 352.052 -27.5975 -392.336 343.963 -79.6256 -382 340.648 -102.902 -358.649 331.492 -108.809 -330.146 328.548 -104.402 -318.809 359.257 -36.2018 2.90945 4.99878 3.50636 
169.164 171.501 174.458 172.321 173.686 158.95 169.398 167.61 165.479 159.4 -361.52 349.279 -28.1713 -378.851 341.7 -80.9625 -369.334 338.408 -103.666 -346.845 329.386 -109.225 -318.507 325.879 -104.79 -305.226 355.396 -36.8896 2.63537 4.43461 2.9163 
172.149 170.592 173.604 172.111 174.159 161.475 168.345 165.971 163.754 158.267 -336.152 345.92 -29.1138 -351.187 338.13 -83.2024 -341.093 334.045 -105.161 -318.53 324.412 -110.126 -290.763 320.806 -105.06 -277.771 351.336 -38.4405 2.90549 5.06614 2.03696 
175.066 170.597 172.98 171.874 173.921 163.342 168.383 165.28 162.958 157.708 -321.408 344.288 -29.7431 -334.962 336.538 -84.2341 -324.191 332.186 -106.136 -301.35 322.037 -110.647 -273.959 318.273 -104.703 -262.008 350.037 -38.9284 3.68416 5.67406 2.0467 
176.287 169.551 171.398 170.427 172.5 164.403 166.599 162.607 160.196 155.374 -305.518 341.939 -31.2218 -318.004 334.657 -85.6474 -306.645 330.11 -107.287 -283.594 319.555 -111.325 -256.265 316.249 -105.372 -245.555 348.623 -40.4714 3.9047 6.32854 2.0302 
176.611 168.756 170.402 168.665 170.727 164.56 165.091 160.496 157.626 153.237 -287.958 340.609 -32.4836 -298.953 333.601 -87.2601 -286.784 329.063 -108.505 -263.328 318.369 -111.882 -236.366 315.524 -105.304 -227.639 348.472 -41.3091 4.36664 6.90182 2.04974 
176.266 171.543 171.725 169.564 175.042 163.712 163.289 157.965 155.202 151.715 -268.35 339.188 -35.2217 -277.411 331.521 -89.4029 -264.712 326.998 -109.736 -241.123 317.138 -112.577 -215.013 315.229 -104.818 -208.393 349.149 -42.1879 4.71978 6.61527 1.74495 
174.937 169.04 170.076 168.939 177.809 162.926 158.745 154.21 151.275 146.016 -247.236 338.575 -38.3548 -254.33 329.621 -91.4404 -240.807 326.074 -111.747 -216.67 315.516 -113.527 -191.754 313.584 -103.275 -187.523 349.469 -43.5003 7.02145 7.68282 2.56865 
175.238 168.038 170.028 167.482 172.356 162.928 156.122 152.129 147.819 140.264 -224.363 339.099 -41.0093 -228.823 328.238 -93.3885 -214.509 325.107 -113.404 -189.922 313.758 -113.768 -165.815 312.06 -101.387 -164.606 349.581 -44.1316 8.79538 8.80921 2.98641 
173.518 164.734 170.188 165.906 165.497 161.987 152.414 148.67 143.068 134.922 -199.68 339.466 -43.5597 -201.9 327.337 -95.118 -186.906 324.116 -114.377 -161.877 311.73 -112.914 -138.148 310.949 -99.8257 -140.256 349.59 -44.4555 8.97328 10.3341 2.72409 
174.199 163.752 171.72 163.339 164.271 162.638 149.211 145.98 139.357 131.879 -174.099 340.589 -45.8422 -173.138 326.456 -96.323 -157.464 323.875 -114.847 -131.86 311.216 -111.969 -108.812 311.57 -98.6101 -114.615 350.116 -44.0259 8.49975 11.3393 2.78809 
173.683 162.963 169.854 162.536 161.483 162.436 147.428 145.183 139.82 131.749 -146.473 342.003 -47.6763 -142.835 326.823 -96.5878 -126.351 325.804 -115.173 -101.251 313.143 -111.903 -78.7433 313.242 -97.4742 -87.4092 350.954 -42.3357 8.29814 10.8922 4.27746 
170.966 160.606 161.822 160.356 159.31 160.972 142.826 137.534 138.8 129.863 -117.883 345.212 -50.5304 -111.314 327.497 -96.531 -93.9252 323.934 -112.146 -70.1513 315.321 -111.096 -48.641 315.548 -95.4116 -59.9112 352.624 -40.6631 7.73398 6.19082 2.05152 
170.128 155.866 156.986 159.395 157.271 160.482 138.629 135.666 139.719 128.171 -87.9932 347.255 -52.7687 -77.7777 327.752 -95.5342 -60.7217 323.409 -110.075 -37.652 316.997 -109.92 -17.484 316.437 -91.6137 -31.1865 353.616 -38.1511 8.63188 3.33221 1.99561 
167.938 154.079 153.717 159.188 159.956 159.769 136.167 133.172 139.034 129.796 -57.5572 347.561 -54.8045 -45.5522 329.634 -94.9477 -28.4361 323.156 -107.126 -5.86448 318.977 -107.635 13.6308 318.389 -89.5324 -2.96844 355.001 -35.3819 6.64603 2.02114 0.762242 
168.429 152.901 154.76 159.515 162.562 160.673 130.303 131.516 137.649 130.986 -26.2154 350.297 -56.6602 -10.5175 329.763 -91.0558 5.71948 324.21 -103.858 27.8233 322.404 -104.009 46.4745 322.937 -86.4339 26.128 358.385 -31.8691 3.86457 3.35842 3.45687 
168.453 153.544 154.055 158.493 162.73 160.08 130.641 132.96 138.805 133.371 7.05174 348.551 -54.98 23.6959 332.16 -87.6483 40.5851 327.582 -100.279 62.592 326.491 -98.4418 80.923 326.548 -79.7505 55.6446 361.054 -25.1847 2.36907 3.88989 4.7599 
168.476 157.413 156.246 159.647 164.071 160.057 131.496 133.849 138.22 134.949 40.2816 347.939 -54.1147 57.8401 336.606 -86.2167 76.9845 330.934 -97.1288 98.4928 328.727 -92.4419 116.02 328.8 -73.1813 85.3837 364.239 -19.6959 0.582742 3.14009 3.73123 
170.406 160.448 157.984 159.382 160.742 162.274 131.607 135.431 133.264 126.762 103.258 345.131 -50.436 126.003 340.91 -80.4724 151.934 333.612 -87.5401 169.46 328.787 -75.741 182.234 329.577 -53.6533 142.25 366.619 -8.24481 0.629539 0.442012 5.17347 
170.505 161.38 158.376 159.381 160.139 162.975 131.834 135.852 133.163 125.117 134.19 344.968 -45.0482 162.843 344.635 -75.567 188.76 336.063 -79.7696 204.56 329.914 -65.7695 215.297 329.945 -42.1674 170.107 367.169 -0.137287 1.05369 1.0959 3.93326 
170.289 163.968 157.74 160.894 164.695 163.528 135.068 137.098 134.424 126.791 164.76 347.034 -38.846 198.597 349.121 -70.3454 225.534 339.22 -70.1959 239.976 331.665 -54.0734 248.601 330.332 -29.355 196.816 367.219 9.13537 2.03606 1.91484 4.48591 
178.625 161.443 162.494 168.575 163.879 166.687 136.098 139.849 138.758 130.537 189.572 351.164 -29.729 231.351 355.698 -62.3473 258.749 347.648 -60.1823 273.365 338.99 -42.5994 280.952 333.951 -14.2886 221.328 368.437 20.1677 5.15103 2.81739 4.89077 
145.623 162.295 164.584 174.533 165.731 169.561 147.292 150.351 148.468 141.537 231.242 364.643 -10.8317 299.521 366.458 -37.9817 327.403 362.05 -29.9936 339.312 353.44 -8.08578 342.743 344.54 24.9916 265.881 371.555 44.4895 9.8682 4.12928 5.59163 
147.93 168.61 163.336 169.825 164.81 169.733 162.211 155.148 154.363 150.358 253.328 363.297 0.490095 332.169 374.586 -26.6912 357.788 366.761 -14.6716 370.258 360.509 8.92145 371.141 352.82 43.735 290.959 377.604 58.0892 9.74529 4.82986 6.04647 
155.919 167.411 161.255 165.692 160.875 167.248 160.02 152.125 151.811 150.757 277.075 362.013 10.6965 360.364 374.051 -9.28812 385.51 368.149 5.41988 396.567 363.615 30.9538 394.584 358.328 66.1711 310.693 380.781 70.4061 9.87375 5.65026 6.0763 
153.031 165.833 157.807 161.217 157.671 166.712 160.494 151.609 148.59 150.777 296.949 361.675 23.1077 385.451 378.744 10.6195 409.147 373.32 28.2057 416.773 365.302 54.9011 412.707 360.341 90.2765 325.761 383.068 82.371 10.5589 6.1907 6.21849 
145.623 162.771 149.225 156.102 151.218 167.987 160.618 157.392 147.581 149.497 318.831 370.236 34.5495 408.938 386.731 33.3933 429.323 379.034 50.2038 433.384 367.15 75.9137 426.127 360.014 110.297 339.125 385.688 93.4786 10.8109 7.3241 4.36749 
150.19 162.551 139.069 144.777 141.547 173.606 166.244 162.752 146.324 146.593 343.533 377.671 46.9013 427.315 388.153 54.3454 444.97 379.636 73.0014 444.07 365.774 94.7197 435.672 359.946 127.611 351.573 389.626 104.509 11.5035 8.52813 4.40839 
150.042 157.56 141.742 141.464 132.011 175.446 165.543 156.389 138.571 136.405 359.789 384.424 57.2801 437.966 388.834 67.0643 453.306 376.177 87.545 449.692 362.87 106.258 440.418 359.808 135.705 361.313 392.809 114.593 8.89337 9.38649 6.32023 
145.623 163.378 151.4 163.78 135.702 173.778 163.588 154.953 130.862 134.51 372.659 386.447 72.3357 446.265 386.254 74.8606 461.276 374.226 96.7362 453.378 358.263 111.327 446.675 358.673 144.498 369.142 395.366 124.362 9.37299 13.6231 7.07398 
153.778 169.403 161.604 164.646 139.127 165.542 158.511 147.585 132.426 132.465 385.75 390.792 84.9332 450.456 383.308 80.1848 465.557 372.771 103.53 457.147 357.558 116.91 449.02 358.973 146.821 375.604 397.392 133.205 5.98182 14.6806 8.11011 
161.032 172.071 166.916 161.472 140.892 156.773 158.82 144.182 136.444 136.052 398.838 390.308 96.9758 456.379 384.075 85.9064 471.315 373.432 110.045 463.155 359.519 124.428 454.749 360.665 154.448 382.326 400.724 141.406 6.02716 13.9232 8.75459 
159.958 175.244 169.53 173.537 129.448 146.918 151.141 130.472 142.977 128.281 411.843 390.089 115.552 458.543 398.943 92.0211 473.874 378.183 117.862 471.974 371.554 131.996 462.12 369.694 168.363 391.554 406.06 153.938 10.9826 6.99323 15.9798 
162.058 176.966 171.114 176.146 129.748 148.121 153.64 131.739 143.222 131.115 414.308 391.245 118.883 461.101 401.774 93.0702 477.108 384.171 117.171 476.063 375.29 136.046 466.896 373.645 171.562 397.814 410.384 160.462 10.18 5.49963 13.3626 
158.422 177.365 172.071 174.089 146.161 149.19 160.147 137.617 147.256 138.594 416.674 394.609 123.666 466.713 406.628 95.8152 481.256 390.6 118.663 481.319 379.711 142.279 472.699 377.434 175.821 404.686 417.089 167.252 9.12606 5.95345 10.987 
166.27 177.038 154.363 174.271 134.272 156.567 149.25 127.154 142.935 128.794 428.861 405.42 128.79 474.998 414.693 106.377 482.408 394.288 127.895 486.268 386.15 150.059 475.44 383.427 186.555 413.608 424.025 176.111 12.0602 2.82009 13.7897 
166.542 179.909 149.972 155.552 138.208 160.539 160.924 135.346 133.437 137.774 438.286 413.2 133.423 487.358 426.485 113.603 491.027 402.936 137.042 491.389 393.497 163.653 485.37 392.678 195.223 426.476 436.1 186.212 10.231 5.89343 16.2907 
167.622 178.73 152.547 149.532 145.38 162.617 165.301 142.871 129.097 137.373 443.977 418.843 136.3 493.119 431.872 118.36 498.155 408.471 141.985 495.177 398.736 169.67 491.57 399.311 199.816 432.902 442.278 190.838 11.1017 6.63307 15.6483 
166.662 158.663 160.893 175.38 117.751 158.783 152.724 144.97 132.869 144.445 457.172 434.441 132.085 496.506 445.055 121.03 509.957 436.194 140.299 508.641 427.203 167.619 507.871 437.247 197.061 445.281 468.435 191.219 14.635 6.48573 4.56455 
166.781 164.514 160.64 156.641 128.856 159.189 155.553 143.627 132.372 138.946 451.583 431.783 128.461 492.875 444.411 116.276 504.941 434.967 135.415 504.185 427.199 162.03 502.507 435.097 190.684 439.544 466.395 186.752 12.5902 5.10678 4.73251 
165.541 172.299 165.483 153.235 151.084 160.305 159.998 138.955 133.379 131.533 432.391 426.718 117.226 477.824 445.023 101.436 486.885 432.318 120.905 490.819 427.924 147.948 486.656 431.254 177.006 423.05 463.31 174.413 7.94421 4.73708 8.11303 
166.711 172.836 165.863 153.252 155.516 161.367 159.748 135.575 131.983 131.56 424.663 425.09 109.961 471.667 443.619 95.5081 479.964 430.84 115.459 485.249 426.828 142.533 482.034 430.355 171.991 417.149 461.45 169.005 8.85386 5.26889 8.81211 
166.776 172.35 165.764 148.08 153.522 161.302 160.148 135.661 135.308 131.086 418.065 421.85 104.368 464.22 441.666 88.7121 471.875 428.56 107.817 477.633 424.324 136.016 473.997 427.018 165.246 409.88 458.679 162.822 7.90665 6.21048 8.98155 
166.739 172.508 166.831 155.756 147.499 161.46 160.274 137.637 136.123 126.029 410.244 417.239 98.7387 455.886 437.893 82.2991 464.205 426.396 99.8915 468.51 419.646 127.667 463.321 422.547 157.998 401.793 455.192 156.47 6.60362 5.68621 7.48252 
167.005 171.091 166.272 158.755 151.689 161.466 159.392 138.374 138.657 126.495 402.187 410.979 92.1932 446.941 432.997 75.2198 455.602 422.53 92.1105 461.459 416.285 119.56 454.353 418.223 149.445 393.005 450.902 149.178 4.43046 5.71951 6.74246 
165.679 169.051 165.806 162.433 154.52 160.008 158.247 139.245 140.193 124.638 392.9 406.485 87.3304 436.715 429.511 69.0825 446.072 420.139 84.7646 452.654 413.322 112.097 443.67 413.206 142.105 383.322 446.956 142.546 3.35491 5.97048 5.71001 
163.818 168.125 165.848 162.783 155.63 158.25 157.221 143.256 147.329 127.324 381.552 400.181 83.6329 424.401 424.632 62.8981 435.74 415.665 76.3622 442.453 406.914 102.623 431.814 404.759 134.033 372.179 441.166 135.432 5.57244 5.7534 4.50158 
163.681 166.314 166.321 165.228 159.719 157.832 155.119 143.53 146.696 127.501 369.212 395.92 77.7691 410.365 419.527 57.7717 422.255 411.248 70.0979 427.674 400.179 94.973 415.781 396.74 125.977 359.476 435.974 129.373 7.63181 5.87878 3.96611 
163.95 164.203 165.414 164.326 158.578 157.965 153.12 146.099 149.731 131.016 354.498 392.479 72.4548 395.024 413.99 52.4871 407.181 404.88 63.0679 413.479 394.509 87.7336 401.383 389.557 118.891 346.334 430.795 124.06 9.4865 5.39918 4.52472 
164.437 163.115 165.255 166.309 158.38 157.929 152.013 148.845 152.961 134.908 339.851 388.957 67.4205 378.475 407.671 46.329 390.706 396.595 55.9269 398.258 387.841 79.7898 387.246 383.037 111.02 332.67 425.445 118.843 9.04787 4.21951 5.49608 
164.909 159.48 163.625 168.724 157.824 157.852 151.355 146.963 150.635 137.258 323.762 383.963 62.4623 362.6 401.444 41.6881 373.554 388.432 50.9018 381.696 381.16 74.1328 374.032 377.741 104.908 319.076 420.27 114.262 7.26925 3.46861 7.58926 
167.269 153.298 159.688 167.83 156.802 157.214 149.111 145.959 147.005 138.258 304.927 377.296 57.1384 343.304 391.891 36.0569 353.19 379.185 43.7636 363.587 373.485 67.486 360.821 372.477 97.9925 305.175 414.609 109.397 4.82711 4.03812 8.37662 
165.95 154.893 162.223 161.697 155.626 156.556 145.671 146.166 144.03 143.951 268.335 365.344 48.5084 303.286 372.103 24.3207 313.917 361.33 30.9051 328.924 358.979 53.8995 335.681 362.427 82.4814 279.209 405.144 99.3866 5.35033 5.0045 7.17029 
165.861 155.562 163.147 160.962 154.803 156.913 144.643 144.915 143.476 143.283 249.098 358.727 43.7005 283.378 363.212 19.1213 294.22 351.915 26.7427 310.848 350.976 48.0429 319.524 356.027 75.1722 265.628 399.958 94.3535 5.28895 5.02072 7.25614 
166.689 156.959 159.77 159.858 153.73 157.892 143.331 142.387 142.505 140.501 229.69 352.955 38.4112 264.027 355.217 14.045 274.695 343.237 22.7703 292.098 342.425 42.2515 301.488 348.537 68.1651 251.689 394.322 89.0403 4.51675 4.69461 7.83198 
167.51 156.295 157.143 158.837 151.818 158.049 141.941 140.391 141.638 137.139 211.808 346.796 33.0791 244.248 347.083 8.84499 254.906 334.196 18.9481 272.314 333.246 36.5377 281.77 339.985 61.3388 237.191 388.211 83.1014 3.17424 3.94128 8.66241 
168.405 154.902 155.435 157.413 151.156 158.706 139.481 139.143 141.651 136.285 194.437 340.378 29.2296 223.86 341.005 4.38219 235.619 327.828 13.9733 253.087 326.32 29.734 262.99 332.704 54.0353 221.906 382.34 77.7551 2.42467 3.50974 8.06625 
167.309 154.855 156.35 156.294 152.851 158.976 138.691 140.971 143.03 137.225 177.316 333.05 26.7071 202.377 334.515 0.677027 216.527 322.094 7.44234 234.342 319.705 23.1973 244.718 325.52 47.4392 205.742 376.462 73.0067 1.7176 3.06828 5.41936 
