157.286 147.437 157.063 155.208 156.468 158.27 120.982 143.771 146.163 147.177 -257.02 302.939 84.018 -277.738 280.422 63.9037 -288.899 258.787 39.8413 -278.974 232.753 44.8878 -257.307 212.145 56.082 -204.752 263.015 75.1623 9.12118 7.38286 23.0449 
158.43 149.91 158.796 156.859 158.741 159.748 119.009 145.622 148.489 150.361 -247.683 299.303 85.3056 -265.091 279.02 69.3821 -278.425 256.571 40.1371 -268.014 230.392 43.9872 -246.15 209.606 55.0341 -193.691 261.121 75.0402 9.58169 8.06802 28.8326 
158.001 151.617 160.055 158.153 160.041 158.945 122.851 147.629 150.865 153.008 -240.408 298.552 84.0312 -259.557 277.118 67.1481 -271.426 254.342 39.1547 -260.91 228.454 43.0051 -238.815 208.147 54.1865 -186.709 260.249 75.2012 9.72759 8.11513 27.3757 
157.471 152.599 161.805 159.973 161.475 157.346 131.185 150.277 153.329 155.207 -231.607 298.12 81.5191 -254.701 273.579 60.7131 -264.098 251.951 38.0025 -253.668 226.71 42.3561 -231.421 207.122 53.5277 -179.161 259.239 75.3005 9.47098 7.5417 21.5261 
156.387 152.795 161.996 160.583 161.852 155.415 139.221 151.744 154.761 156.353 -221.282 298.104 79.0895 -247.786 270.195 54.4323 -255.293 249.81 37.58 -244.95 224.981 42.4822 -222.505 206.076 53.5964 -170.438 258.532 75.8591 9.31454 7.09803 15.5804 
156.1 148.586 160.785 159.346 160.839 155.905 135.304 150.768 154.021 155.957 -212.686 296.918 79.538 -237.293 269.999 56.0382 -245.363 247.956 37.4428 -234.782 223.013 42.3986 -212.248 204.207 53.7229 -161.065 257.475 76.0575 9.4809 7.34175 17.504 
156.339 146.818 158.268 157.226 159.35 157.213 127.279 148.668 152.683 155.049 -203.558 294.811 80.435 -224.719 270.85 59.6542 -234.225 246.13 36.9647 -223.377 220.253 41.5985 -200.867 201.118 53.5268 -150.614 255.532 75.6291 9.77444 8.312 22.318 
156.951 148.118 157.539 156.477 159.08 158.513 121.502 147.766 152.237 155.055 -193.286 291.685 80.7326 -210.978 269.344 62.6647 -221.622 243.321 35.8487 -210.399 216.919 40.3538 -187.946 197.72 53.0237 -138.727 253.354 75.3739 9.96902 8.99728 26.969 
157.828 148.641 157.183 156.036 158.998 159.911 117.503 147.361 152.222 155.268 -182.589 289.271 80.8614 -197.102 267.127 64.4214 -208.274 240.227 34.3814 -196.437 213.297 38.9983 -173.938 194.338 52.539 -126.297 251.793 75.3917 10.0108 9.59836 30.4378 
157.694 147.738 157.707 156.245 159.58 161.307 113.506 147.781 152.337 155.888 -171.378 286.76 80.9384 -182.177 263.793 66.2674 -194.333 236.25 31.9759 -181.431 208.745 36.916 -158.828 190.032 51.6141 -113.194 249.971 74.8078 10.1034 10.2959 34.9926 
158.568 148.518 159.137 157.505 161.074 163.353 111.776 149.538 153.611 157.359 -158.318 285.113 81.0557 -166.79 261.414 67.8013 -179.813 233.716 29.2364 -166.22 205.361 34.7244 -143.659 186.46 50.6035 -98.8976 248.284 74.206 10.2183 10.8638 39.0307 
158.926 149.811 161.487 160.399 163.434 165.176 113.014 152.079 155.993 159.571 -144.384 284.519 80.9077 -152.04 259.848 68.5228 -164.626 232.558 26.6289 -150.312 203.55 31.9868 -127.786 184.371 49.1468 -83.9574 248.272 74.0511 10.317 11.2966 41.1463 
161.072 154.034 163.935 163.868 166.248 167.755 116.354 155.184 159.298 162.491 -128.232 283.021 80.8903 -135.638 258.776 68.8244 -148.272 232.73 23.6788 -133.974 202.801 28.3969 -112.013 182.557 46.6302 -67.1376 247.705 73.043 10.5993 11.7169 42.9409 
159.424 158.224 164.818 165.001 167.369 167.6 118.254 156.748 160.189 163.624 -110.541 281.866 78.7978 -118.401 259.232 66.6798 -131.73 234.515 20.4459 -118.703 204.708 25.0674 -97.6609 182.997 42.9048 -50.21 247.663 70.296 10.8748 11.0313 43.2962 
157.258 158.6 164.51 165.862 168.152 164.609 118.455 155.918 160.97 164.115 -91.6939 278.911 74.9865 -100.004 257.116 60.1404 -112.035 232.744 17.5836 -99.176 202.806 20.9073 -77.864 180.947 38.4234 -31.1939 246.872 66.9634 10.97 11.1666 39.4717 
152.769 153.446 162.825 164.77 167.286 161.913 138.327 155.262 160.716 163.543 -66.0807 284.951 72.7234 -81.7663 252.672 42.67 -86.6129 230.429 16.066 -73.5788 201.367 19.5401 -52.4892 181.104 37.8912 -7.46604 247.787 67.9382 9.95092 10.6261 22.4451 
148.542 154.97 163.637 164.893 164.843 156.187 150.295 157.974 160.854 161.398 -36.9813 283.147 64.3732 -55.8461 241.849 29.2606 -56.1652 219.162 14.0297 -42.8544 195.345 20.2707 -20.9214 179.406 40.3962 17.7291 246.631 71.0521 8.35016 7.25292 11.6679 
157.236 164.947 165.06 169.497 169.963 157.045 163.822 163.064 166.219 163.834 19.5239 277.595 47.2542 4.49769 223.653 4.22309 6.16131 200.741 3.35153 19.917 182.287 11.5905 40.9179 173.671 35.2334 67.2616 242.641 71.7255 5.40757 4.70184 1.27333 
170.22 169.872 166.019 170.365 170.527 159.318 169.154 162.711 164.066 157.273 81.4512 263.275 15.2411 80.0245 206.148 -27.7955 76.7387 182.852 -20.0616 88.2249 170.382 -6.94603 104.034 169.966 20.5212 115.648 236.604 58.4168 2.57656 1.99044 9.26366 
176.366 165.664 160.177 165.618 170.12 160.819 162.327 156.315 157.386 149.623 113.784 261.981 8.8966 117.559 200.334 -27.6866 112.655 178.077 -20.2709 122.265 167.263 -6.02555 135.279 168.753 20.3331 140.963 234.262 56.7447 3.72144 1.55618 10.332 
177.334 154.384 152.403 153.344 166.169 157.722 166.691 150.667 154.255 144.19 146.679 262.167 9.70421 158.177 204.687 -26.8796 148.943 178.846 -17.7636 157.591 167.968 -2.24629 167.384 169.844 23.855 164.211 233.529 59.2098 4.35212 0.91949 16.5625 
176.557 139.62 136.796 135.606 166.118 155.043 159.387 158.419 161.813 147.762 177.454 261.197 15.5783 196.069 213.454 -21.012 188.991 185.828 -17.0804 197.726 175.043 0.930743 205.652 173.354 28.6292 184.687 233.932 63.804 6.1261 1.11002 18.4819 
178.618 173.104 150.074 133.081 174.27 158.826 173.946 170.157 164.622 104.072 203.295 265.565 20.3146 237.884 227.82 -14.3719 230.414 194.695 -11.8169 228.693 184.268 7.58016 216.361 185.368 37.2027 203.385 235.365 69.3377 14.4103 5.84048 19.7748 
179.405 174.27 162.034 174.27 174.27 163.147 177.96 174.056 176.112 116.308 227.714 270.341 25.6599 271.583 233.609 -6.74257 274.243 211.094 -2.52821 268.316 191.418 15.2468 252.613 187.524 45.5591 222.522 238.877 74.6987 9.49056 9.4044 4.21918 
179.638 174.27 180 174.27 142.687 163.452 177.947 180 178.029 163.93 246.785 273.936 31.6528 297.721 237.668 0.186532 305.334 213.703 5.17949 303.188 199.249 24.0138 294.528 193.082 60.5188 240.229 242.783 80.1761 6.16419 2.08723 2.94901 
175.972 174.27 180 174.27 174.27 160.315 177.944 180 178.012 177.631 261.929 273.695 35.9602 318.386 242.481 7.42648 329.574 219.595 11.5593 328.887 201.607 33.7712 319.407 195.656 71.6307 255.991 246.209 85.0507 7.16501 4.76935 3.86694 
169.423 174.27 180 174.27 174.27 157.611 177.95 180 178.004 177.632 276.985 274.696 40.8616 333.864 248.216 14.7905 346.091 227.344 18.8582 348.323 209.213 42.5298 335.283 201.664 78.0956 269.519 249.365 89.7039 4.95029 5.88867 4.72239 
165.26 174.27 180 174.27 174.27 155.866 177.96 180 178.011 177.656 290.836 276.572 46.2745 345.423 252.546 23.5514 358.375 233.522 25.985 361.609 215.76 50.7634 345.778 208.453 84.0586 280.966 252.73 94.1245 2.63769 6.73818 4.51877 
162.396 174.27 180 174.27 145.417 151.461 177.98 180 178.078 166.815 311.189 285.001 56.7558 364.227 261.016 37.2411 376.398 242.958 38.8262 376.258 229.244 63.3023 355.511 217.873 90.7481 299.459 260.836 103.085 4.67196 5.45174 3.75657 
160.952 174.27 180 168.897 132.465 150.109 177.989 180 176.373 161.884 319.611 289.714 61.3956 373.393 266.845 42.5995 385.217 247.537 44.8941 383.004 231.558 69.3875 360.871 220.471 94.9711 307.97 265.689 107.52 5.69991 5.54112 3.15198 
161.13 174.27 180 160.179 123.723 151.097 177.985 180 173.549 157.814 327.122 293.076 65.5087 382.824 270.722 47.3112 394.041 251.34 50.0839 390.225 233.284 73.3584 366.684 221.991 98.5463 315.783 270.393 111.564 6.44021 5.51533 2.66271 
160.244 174.27 180 151.306 119.857 151.068 177.997 180 170.622 154.234 333.713 296.941 69.3159 391.351 275.656 51.5819 402.4 255.428 55.4458 396.695 235.164 77.8847 372.574 222.368 103.179 323.257 275.232 115.552 7.73996 6.47448 2.08217 
160.066 168.094 160.949 145.349 139.426 153.743 175.905 173.873 165.616 150.37 339.421 302.077 70.9281 397.901 280.809 53.4733 409.177 256.972 60.1127 402.464 238.456 79.7513 378.564 224.412 104.911 330.186 279.562 119.069 9.01184 4.6171 4.36661 
163.865 147.774 146.792 152.376 151.017 156.671 167.271 166.024 155.878 138.264 342.981 306.157 71.1774 402.433 283.457 55.3741 413.102 260.501 61.2659 405.188 241.111 79.9057 380.609 227.602 104.798 336.081 283.574 122.087 8.86379 5.28852 3.131 
166.412 161.001 164.085 169.686 170.523 159.951 155.354 149.197 146.579 123.555 349.925 312.168 73.0779 410.529 288.537 58.3781 420.228 266.415 64.4835 410.95 245.99 80.9475 385.446 234.865 105.345 347.822 290.899 127.476 7.67631 6.0838 2.80702 
166.707 160.14 161.817 168.734 157.563 160.474 155.711 148.262 145.895 119.866 352.671 314.943 73.6568 415.416 293.236 61.7212 423.948 271.291 67.8202 414.101 249.737 83.0922 388.208 238.806 107.29 353.708 294.93 130.391 8.89806 6.97724 2.95498 
169.41 162.116 167.604 160.422 156.991 160.406 149.861 152.92 149.026 132.144 332.849 316.681 68.2098 383.111 288.607 53.1226 394.338 267.24 57.5427 382.684 245.352 71.6895 364.057 237.484 96.9726 338.663 294.95 128.764 7.35999 8.62991 2.17466 
169.522 162.563 168.732 160.76 157.248 160.193 152.087 155.786 150.979 133.218 324.773 314.343 65.6069 375.969 286.063 49.9298 386.705 263.83 53.8733 372.967 240.742 67.3332 352.583 233.672 92.3508 330.577 292.016 125.593 9.58172 10.4471 2.18683 
175.295 161.328 164.927 161.647 156.649 164.195 156.807 157.198 150.464 137.104 309.981 311.796 59.7629 362.32 281.846 42.2954 371.319 257.473 46.8666 355.646 235.078 60.3949 335.078 227.004 84.3256 314.971 285.647 119.252 10.6035 11.4307 3.99742 
178.002 162.857 163.379 162.278 155.281 165.938 159.606 158.7 151.978 137.75 304.564 311.569 57.884 356.278 279.573 39.081 364.905 253.958 44.2814 348.982 232.17 58.1159 326.777 224.977 82.5646 309.135 283.593 117.129 12.6641 11.457 5.11505 
179.904 161.441 162.661 162.531 156.977 167.317 159.657 158.584 151.906 135.93 298.601 310.543 55.6865 348.322 276.128 35.883 356.854 249.881 41.2805 340.376 228.887 55.4765 316.408 222.743 80.766 302.961 281.331 114.793 15.3822 11.6844 5.54224 
179.447 161.61 162.934 161.528 164.032 167.656 159.283 158.231 150.853 137.382 291.87 309.09 53.7361 339.556 272.305 32.9327 347.826 246.401 38.1344 331.162 226.503 52.5135 308.888 220.281 78.2739 296.512 279.245 112.638 14.4201 11.6998 5.16405 
179.113 160.209 163.104 161.071 172.253 167.307 156.939 157.817 151.684 143.065 284.135 307.785 51.9874 327.103 266.813 30.1569 337.026 242.953 34.7529 322.177 223.945 49.5758 303.095 217.092 75.4694 289.244 276.862 110.57 11.5106 10.3336 3.34756 
178.954 162.216 166.748 160.543 173.489 166.729 158.489 160.262 155.256 145.949 275.335 304.996 49.4649 316.787 262.086 27.536 327.539 239.996 31.8804 315.967 221.119 46.9424 296.261 214.807 72.7216 281.119 274.196 108.288 11.6333 7.9083 2.50929 
178.077 165.293 166.788 160.653 169.68 163.037 160.838 163.109 157.179 150.374 257.407 297.697 46.6737 295.891 255.453 22.4908 306.927 234.604 25.9589 296.487 215.927 40.6169 280.714 210.056 66.9321 263.931 268.809 104.303 8.16012 7.31954 2.23814 
176.173 167.929 165.938 160.402 169.434 161.742 162.322 162.041 155.67 150.736 246.695 293.294 45.5224 285.932 252.755 19.7466 293.178 230.814 22.8695 283.091 213.542 37.3849 270.591 207.002 63.727 254.463 265.878 102.341 5.79586 7.068 1.55946 
175.389 169.583 163.694 159.154 168.657 161.183 163.599 159.323 152.747 148.413 236.678 289.705 44.6868 275.473 250.384 17.2773 278.155 227.433 20.0984 268.702 211.241 35.2889 258.43 204.389 62.092 245.125 263.721 100.982 4.81747 6.7529 4.79725 
175.232 169.801 162.116 158.579 164.346 160.192 164.648 157.602 151.207 145.82 225.435 285.45 43.5019 263.137 247.604 14.1772 261.774 223.426 16.9925 253.413 208.044 33.1124 245.003 201.768 60.4905 235.153 261.366 99.424 4.29504 6.21928 7.96835 
174.8 168.308 161.552 158.72 161.513 158.96 164.201 156.32 149.897 143.651 212.809 280.343 41.7608 248.292 244.253 10.8837 244.931 219.232 14.2243 237.647 204.484 31.0051 231.162 198.802 58.8853 224.651 258.666 97.4831 3.81787 5.82233 9.51394 
173.572 166.383 160.908 159.335 161.759 157.859 161.957 153.524 147.741 141.884 198.335 274.603 39.6658 229.457 239.499 8.44431 225.283 214.717 12.5488 219.623 200.337 29.9421 216.068 195.457 57.5572 213.124 255.427 95.4692 2.7207 5.17893 9.75295 
172.889 163.721 159.962 160.217 162.028 157.058 155.728 150.499 146.332 140.735 181.632 268.449 37.4624 207.771 233.008 7.55939 205.079 210.043 11.4405 201.598 196.23 29.1588 200.492 191.876 56.5787 200.948 252.096 93.4219 1.98457 4.0739 7.68582 
173.32 164.578 160.161 160.508 160.885 157.723 155.548 150.07 145.541 139.509 163.99 264.174 36.091 189.43 228.294 5.89265 185.954 205.773 10.8173 182.763 192.679 29.8312 184.025 189.208 57.2529 188.189 249.549 91.9425 1.93167 4.83047 8.3902 
172.657 163.151 159.614 160.134 159.146 157.852 154.02 148.935 143.958 136.003 147.159 259.336 34.5595 172.146 224.928 3.37662 167.184 201.767 9.9344 165.149 190.144 29.8283 168.562 187.887 56.7707 176.004 246.734 89.3041 2.70503 5.13293 10.1427 
172.136 161.338 160.605 161.477 159.764 158.565 152.974 148.042 143.542 133.889 130.989 255.288 33.4779 155.59 223.342 2.16645 148.978 198.904 10.3925 148.43 187.641 30.0161 152.29 186.393 56.6326 164.056 244.285 87.3244 4.33023 4.73156 11.9402 
172.273 161.095 160.969 161.977 161.27 160.324 151.579 148.651 144.934 134.888 115.132 251.256 32.5291 137.387 220.66 1.08175 131.082 195.458 10.0743 132.533 184.797 29.012 136.575 184.469 55.3894 150.873 241.68 85.5556 5.90774 4.09643 12.4666 
172.809 165.057 165.189 166.966 164.62 161.366 154.757 152.224 151.36 139.472 99.0845 249.069 32.2953 119.359 216.323 0.207831 112.349 190.628 10.3247 116.448 179.476 27.7728 120.929 181.001 54.9168 136.438 239.163 85.007 6.96871 2.28446 13.487 
173.922 165.846 165.445 168.089 165.89 163.413 155.1 152.689 152.452 141.451 83.3685 248.624 31.7088 101.19 214.533 -0.599819 95.8637 188.505 10.05 101.264 177.857 26.7133 106.63 179.407 53.6345 122.582 237.723 83.946 6.9265 1.99027 13.0994 
174.921 166.502 165.034 168.182 167.23 164.449 153.852 153.431 154.189 145.239 67.4673 247.142 32.3608 83.4009 210.117 -0.432745 80.5518 184.792 9.56172 87.0732 174.28 26.3227 93.0944 175.76 53.2635 107.153 235.997 83.4371 6.34247 1.87458 11.9343 
174.331 167.452 169.456 169.788 166.787 163.77 156.286 158.561 159.224 149.124 51.288 245.842 33.8422 66.8875 207.212 -0.945364 65.7041 180.322 7.73865 73.6115 169.798 24.5434 79.9542 172.277 51.7614 92.5429 233.797 83.145 6.3862 1.23567 11.0976 
172.42 171.248 170.262 169.651 169.45 161.238 159.235 160.41 160.772 154.291 34.8498 242.494 38.3557 49.4302 206.558 -0.760885 49.5619 178.617 6.6326 57.5622 167.836 23.0191 64.1867 169.537 49.8439 75.7526 232.654 83.8484 5.53847 1.33073 10.5592 
