169.905 172.741 174.799 176.796 179.62 163.853 167.816 174.076 172.382 163.203 -313.727 273.234 125.248 -356.624 282.309 90.5994 -359.64 287.368 62.5462 -342.889 280.489 42.6689 -312.229 272.896 34.8118 -269.598 296.505 86.9111 8.30287 5.46665 8.74065 
168.865 173.322 175.273 176.984 177.527 162.7 168.275 174.156 173.028 162.815 -306.679 270.936 122.228 -349.728 279.949 87.5761 -353.128 286.333 60.0793 -336.801 280.814 40.2573 -306.361 273.032 33.0877 -262.822 294.717 84.5279 8.35957 4.7279 8.92955 
167.986 173.771 176.198 176.289 176.211 162.085 167.846 173.472 172.633 162.485 -298.748 269.463 119.899 -341.605 277.247 85.336 -345.197 284.239 57.964 -328.956 279.795 38.1213 -298.752 272.473 31.175 -255.138 293.591 82.531 8.13411 4.34893 9.2386 
166.984 173.682 176.323 176.437 178.574 161.072 168.915 174.905 173.942 165.372 -289.44 267.733 117.465 -332.456 274.364 82.9235 -336.216 281.716 55.132 -319.976 276.925 35.5856 -289.781 269.964 28.7762 -246.255 291.599 80.3836 7.78626 4.26076 9.97128 
165.888 173.783 176.599 176.483 178.876 159.957 169.72 176.076 174.998 170.729 -280.482 266.975 114.801 -323.802 273.614 80.5818 -327.845 281.46 52.676 -311.786 276.747 33.4666 -282.404 271.319 25.5705 -237.527 291.102 78.5957 5.34814 3.91699 10.3419 
165.057 174.102 176.846 177.032 178.875 158.847 171.975 178.324 177.206 174.253 -269.009 264.699 111.842 -312.625 270.356 77.0783 -316.613 278.064 49.0047 -300.629 273.323 30.0872 -271.272 268.227 22.0194 -226.308 288.022 75.8436 4.66015 3.63172 10.5514 
165.303 173.56 178.348 176.829 179.623 158.844 172.694 179.445 178.436 177.848 -246.251 261.109 107.092 -290.31 266.618 71.8187 -294.228 274.628 42.7856 -278.007 269.853 23.5809 -248.493 264.961 14.553 -203.189 283.953 70.8818 4.08784 3.78648 11.1333 
165.844 174.408 178.398 176.693 179.05 159.679 174.275 179.462 178.87 178.82 -232.709 259.287 105.217 -276.145 264.706 68.8724 -279.57 272.594 39.6245 -262.865 268.243 20.1784 -233.063 263.015 11.1533 -188.97 282.369 69.0751 4.78059 4.03471 11.1478 
165.545 174.995 178.609 178.06 178.424 159.843 174.536 179.533 179.337 179.896 -217.947 257.18 102.862 -260.39 261.42 64.8804 -263.48 269.942 35.6598 -246.199 266.601 16.2582 -216.038 261.96 7.60232 -173.737 280.928 67.2436 4.89255 4.13575 11.444 
164.364 174.891 180 177.82 174.737 159.011 175.313 179.994 179.349 177.849 -201.883 254.199 99.5683 -243.922 257.265 60.3752 -246.496 265.469 31.1423 -228.906 263.504 11.9635 -198.678 259.973 3.46883 -157.719 278.329 64.6881 4.47346 4.07458 11.2481 
165.005 175.31 176.359 176.831 178.671 159.116 174.22 178.777 178.819 178.325 -185.908 251.324 95.4829 -227.022 254.23 55.6777 -229.159 262.512 26.5936 -210.866 260.8 7.89083 -180.456 258.1 0.39515 -141.796 277.934 62.554 4.57389 4.14535 11.0606 
164.792 174.011 174.854 175.708 179.522 158.918 172.393 176.912 176.704 174.432 -169.418 248.423 90.6346 -209.968 251.493 50.8799 -211.487 259.236 21.8553 -192.513 258.138 3.33806 -162.149 256.633 -3.18975 -125.636 277.486 59.6759 4.31652 4.40782 10.5267 
164.123 171.567 172.597 176.014 177.041 158.969 169.067 174.234 174.007 170.122 -150.675 243.789 85.5184 -190.09 245.674 46.2245 -190.827 253.066 17.0223 -170.945 252.027 -1.17716 -140.964 251.697 -7.03561 -107.427 274.996 56.3845 4.19008 4.83104 10.655 
162.847 170.485 170.429 173.919 173.765 158.4 166.223 171.62 170.687 165.827 -130.39 239.945 80.0882 -169.372 241.699 41.8575 -169.434 248.829 12.5506 -148.561 248.21 -5.07184 -118.759 249.56 -10.1436 -88.5095 274.664 53.9212 3.88517 5.15189 10.6751 
162.334 168.48 167.99 171.958 170.75 158.582 162.721 168.536 166.886 160.885 -109.261 235.74 74.2192 -147.6 237.02 37.4794 -146.968 244.026 7.55892 -125.06 243.441 -9.34956 -95.0966 245.824 -13.7092 -69.0179 273.96 50.5655 4.39796 5.55413 11.3105 
161.781 167.544 166.947 170.311 167.564 158.314 161.009 167.028 164.485 157.395 -86.1604 231.303 68.6864 -125.149 232.756 33.0479 -123.318 239.146 2.43364 -100.455 238.829 -13.6884 -70.3096 242.503 -17.1714 -48.2405 272.774 47.3871 4.69591 5.90876 11.4519 
162.418 168.459 165.771 168.677 165.875 158.568 159.723 164.917 162.061 154.309 -61.9327 227.65 64.8083 -100.938 228.624 28.9931 -97.7409 234.574 -1.94942 -74.3509 235.034 -17.2975 -44.2756 239.81 -19.6159 -25.7506 271.725 44.9096 4.66293 5.91804 11.524 
164.011 170.765 165.11 167.093 165.52 160.157 159.282 162.242 159.498 152.42 -38.107 224.628 61.3031 -75.3771 224.544 24.1649 -70.802 230.018 -6.29864 -46.9893 231.832 -20.8585 -17.5347 238.467 -22.2632 -2.17913 270.736 42.7243 3.9824 5.79368 10.9043 
165.574 171.956 165.008 167.824 164.939 161.708 156.315 158.813 157.184 150.536 -14.3689 222.011 57.3993 -49.0019 220.617 18.6064 -43.0462 225.543 -10.9675 -18.9986 229.267 -25.2486 9.75258 238.145 -26.0399 22.0076 269.544 39.9406 3.45613 5.84231 9.9147 
166.153 172.456 165.265 167.373 164.544 162.949 157.036 158.411 156.712 149.944 9.29295 221.736 53.436 -22.9916 218.515 11.7296 -14.5294 222.535 -17.059 9.87268 227.743 -30.3981 38.0717 238.845 -30.2159 46.7413 269.896 36.1589 3.33951 5.79225 9.03741 
166.36 172.448 164.011 165.064 161.642 163.481 157.03 156.282 154.724 146.598 35.2563 221.13 49.3207 5.34138 218.096 4.1557 16.5425 221.257 -23.3309 41.3634 228.504 -35.7704 69.4607 241.221 -34.1599 74.3302 269.464 33.1694 3.95345 6.04935 8.24422 
166.003 174.287 165.586 165.904 162.981 163.452 159.963 157.338 156.013 147.246 62.5248 220.301 47.53 34.5446 219.563 -2.9604 48.3267 221.482 -28.6778 73.6694 230.598 -39.7409 101.688 244.363 -36.2676 102.968 268.823 32.567 4.85421 6.39936 7.39764 
162.188 173.077 170.166 167.466 165.376 161.395 158.483 160.473 157.903 148.173 92.3086 221.076 49.621 66.4794 221.565 -6.48316 81.6144 225.238 -32.8193 107.846 234.686 -41.9254 135.875 248.912 -36.7467 132.626 270.083 34.0081 6.14102 6.5265 8.52271 
157.319 169.864 166.653 164.431 163.661 159.421 154.849 160.371 158.424 149.483 123.682 223.308 51.8066 101.548 224.71 -7.79824 116.696 230.229 -34.4719 143.751 241.323 -42.1202 172.538 256.17 -35.1746 163.367 274.448 37.1096 7.97933 7.35645 9.22328 
155.481 159.394 168.884 166.433 168.706 158.258 148.945 163.447 161.929 154.516 153.845 225.18 52.5879 139.724 225.567 -9.2144 153.636 235.078 -38.1061 181.29 247.913 -43.4841 208.951 262.774 -33.6859 194.126 277.486 39.6765 8.36251 8.13995 12.4349 
147.68 157.006 160.472 179.751 174.889 157.769 144.194 170.202 176.333 155.687 179.765 225.909 49.803 170.523 221.904 -11.7028 186.376 236.798 -43.6703 209.118 251.592 -44.8437 237.199 263.985 -33.1311 217.614 275.806 38.9421 8.05133 6.5128 18.0712 
152.41 176.116 180 173.067 153.577 147.461 179.396 179.993 163.34 77.6887 216.161 249.192 35.5411 227.142 274.103 -39.3252 249.702 268.366 -48.2324 236.433 264.108 -36.4063 231.965 275.33 12.9013 247.091 285.969 48.0285 31.9361 6.19233 27.849 
171.913 148.708 131.82 169.521 141.054 150.424 138.399 164.472 166.409 150.18 247.376 251.606 44.5139 327.138 296.815 -23.8515 292.267 273.866 -38.4662 298.259 266.847 -33.1657 264.088 261.823 -15.3372 285.462 286.399 52.4956 11.5843 20.4203 19.0767 
172.016 174.27 179.999 174.281 151.066 173.705 163.558 179.917 178.042 130.922 265.663 261.413 33.8813 323.13 294.511 -17.0456 319.074 281.373 -30.906 346.265 267.229 -15.8981 334.318 259.144 13.5618 306.939 294.339 65.3283 16.7339 11.3635 23.0622 
168.522 102.087 179.999 174.27 168.389 168.529 125.771 179.974 178.069 174.055 280.537 265.391 47.975 388.026 311.427 10.4272 375.568 280.561 -14.5954 364.141 256.446 -2.28001 334.937 249.16 13.8336 330.859 295.064 73.8402 8.50534 8.25616 17.1068 
145.623 174.27 179.999 177.232 176.055 139.602 177.016 179.945 171.149 173.248 333.676 284.692 57.7506 389.684 300.077 10.3338 390.955 292.405 -6.05746 387.581 274.111 3.04054 359.749 250.756 22.4642 347.914 300.075 85.0219 13.8223 4.12745 14.3199 
148.453 174.27 180 176.186 178.144 140.374 176.906 179.388 168.319 168.67 386.834 281.415 79.1964 422.152 305.631 35.5696 411.857 275.916 24.1288 412.554 284.298 23.1747 372.901 267.679 30.7125 367.164 305.002 100.604 16.1341 20.7422 9.0609 
147.048 174.27 171.94 175.74 173.667 152.677 178.338 156.116 163.646 159.783 380.66 269.073 97.1052 458.344 306.523 55.495 434.75 298.367 37.6167 429.035 284.7 39.9238 388.135 274.569 46.0262 385.001 311.822 114.642 15.3825 9.50562 15.2395 
154.73 174.305 155.478 178.471 174.541 157.651 177.985 171.828 170.288 168.059 389.51 273.223 101.776 472.528 315.47 63.724 459.158 306.474 56.1219 442.331 281.368 57.6262 407.26 275.208 66.3036 399.472 320.599 128.903 11.246 8.83701 8.99387 
152.04 171.619 180 174.456 175.169 160.024 155.878 174.461 178.099 178.303 397.202 283.292 105.644 454.394 324.148 62.83 476.332 309.547 73.7694 464.794 287.217 76.5257 442.959 280.851 95.1436 412.631 328.982 143.049 5.87311 7.40214 17.0779 
105.961 178.137 180 160.078 151.466 161.265 124.037 135.138 166.646 164.317 411.433 301.837 124.676 461.177 293.313 93.2928 493.67 307.642 104.947 514.592 319.015 129.25 511.493 323.141 161.967 433.114 335.87 163.625 9.46924 14.0493 18.8715 
161.165 174.27 179.997 174.27 174.27 173.726 141.297 179.921 150.201 86.6251 433.343 316.3 135.672 463.263 323.928 107.247 500.471 320.242 113.931 494.979 312.713 131.478 481.335 299.268 177.906 437.113 342.015 183.465 22.869 7.30558 17.0425 
163.929 169.347 180 174.27 174.27 178.09 166.5 159.67 136.82 85.4522 430.792 312.891 135.561 477.048 320.642 116.565 499.572 310.593 127.828 496.324 308.584 144.446 482.552 305.989 186.346 439.828 340.205 190.755 10.8891 7.28545 4.80398 
165.615 174.27 180 174.27 174.27 157.762 177.968 179.974 178.042 145.493 416.874 283.11 171.509 485.054 313.841 122.566 514.257 313.981 141.298 515.661 312.257 155.96 506.367 318.28 196.781 442.663 337.914 202.737 11.8496 5.21529 12.447 
122.611 150.504 180 174.27 160.538 163.208 76.9683 179.988 178.259 132.988 464.861 325.053 220.434 464.413 301.237 155.055 511.675 313.074 147.056 514.145 314.775 162.258 512.519 327.473 207.059 441.769 336.903 210.849 19.2969 5.46516 28.0011 
174.602 175.029 180 174.27 174.27 161.558 105.68 179.996 178.486 134.365 478.095 334.905 227.667 495.053 289.945 179.111 511.837 306.868 157.387 512.338 322.671 161.828 518.293 346.154 205.664 443.627 335.69 220.865 27.4273 5.06829 16.0638 
165.575 174.27 164.365 174.471 174.27 163.284 160.97 167.049 167.878 177.714 485.402 333.236 240.943 528.551 341.665 204.485 521.919 332.258 173.089 502.9 331.054 157.27 475.857 333.309 147.543 445.207 343.19 227.921 7.25529 4.36159 10.2916 
156.751 137.555 118.277 174.42 155.535 116.83 68.2915 154.27 99.7998 159.099 474.035 333.947 205.874 514.326 392.46 236.398 536.062 343.903 198.34 506.05 360.502 195.241 475.784 333.663 168.002 457.835 355.871 242.136 32.6846 26.133 52.8519 
164.042 175.91 180 122.821 145.313 174.788 178.662 180 94.2408 125.17 451.315 322.869 190.954 517.614 322.985 164.785 531.183 324.189 194.462 518.087 319.051 235.83 526.515 328.017 248.286 463.942 351.135 243.724 15.837 24.0386 11.1745 
166.911 177.734 175.982 163.811 156.886 161.626 165.161 156.78 157.211 150.738 446.874 305.387 177.725 495.055 330.11 156.485 510.304 320.435 176.302 509.828 310.678 201.361 508.168 311.953 232.845 442.602 340.792 235.944 12.1151 4.04944 5.63806 
157.183 174.27 179.999 174.277 174.27 154.548 177.969 179.998 178.037 177.737 440.576 312.272 215.887 459.792 314.616 150.13 490.335 303.416 159.199 499.609 298.617 183.943 515.424 314.394 223.588 453.378 357.187 239.581 16.2905 7.65125 10.1009 
145.623 167.303 179.915 170.044 170.067 161.889 160.386 172.232 166.149 164.554 454.968 323.118 195.142 534.117 300.05 214.84 534.653 315.501 179.784 511.916 325.507 160.946 480.243 336.288 153.127 460.574 349.651 231.391 9.79973 8.1167 15.7773 
179.467 140.794 170.071 172.815 175.034 148.198 144.845 169.316 171.146 162.061 445.163 324.465 188.427 525.561 307.564 215.355 535.816 325.026 181.12 513.556 330.555 158.133 479.261 328.459 150.764 457.047 350.861 224.997 10.7636 10.254 24.8611 
155.64 175.935 180 176.551 179.519 141.782 162.2 179.957 175.94 170.517 441.041 311.278 167.422 513.864 313.902 187.804 517.349 330.289 153.847 496.557 332.057 134.54 461.687 324.011 124.974 435.498 348.214 196.867 13.0601 6.54929 20.9186 
150.397 174.27 179.965 175.843 177.519 140.495 172.161 177.858 175.984 170.725 430.907 308.743 164.188 503.441 309.933 177.16 507.176 324.798 146.4 487.369 328.905 128.825 452.718 325.086 120.405 426.23 345.455 189.911 10.3852 5.80605 19.0211 
142.739 174.27 178.552 179.414 178.413 152.079 169.249 175.998 176.277 171.119 435.299 300.231 162.593 489.685 307.789 159.806 490.503 322.647 129.334 469.687 324.871 110.939 434.82 317.803 103.262 410.124 341.05 173.862 12.4737 5.98382 16.9362 
155.973 174.27 176.124 177.602 179.915 158.054 164.704 174.107 174.782 176.775 429.595 296.961 156.32 477.533 303.438 152.217 479.424 319.549 120.956 459.572 323.192 104.042 425.515 317.957 96.7377 399.708 338.76 166.119 10.4081 5.28089 18.8977 
162.332 174.27 176.174 177.097 178.575 165.233 164 173.311 174.444 175.243 426.731 298.573 152.83 466.46 301.427 143.077 467.135 316.002 112.105 446.715 318.834 95.4833 413.829 315.608 89.4293 389.468 336.703 159.106 8.53964 5.17532 17.7131 
169.811 176.662 176.482 177.265 176.669 169.266 163.708 171.749 173.537 173.275 418.328 295.954 147.518 453.207 297.645 136.382 454.372 312.084 105.278 433.555 314.982 88.316 402.237 313.646 83.0104 377.826 334.395 152.436 6.45823 5.65581 18.1676 
172.431 178.263 177.418 178.134 177.365 171.73 159.274 169.434 171.391 172.542 406.403 291.401 139.021 439.174 294.156 131.605 441.489 308.469 99.3368 419.842 311.037 82.1972 389.002 310.55 76.4373 366.926 333.301 145.841 6.68247 6.0778 19.7986 
170.296 175.933 174.641 175.715 175.302 168.255 159.3 167.305 168.198 169.546 386.947 290.997 128.315 426.117 291.989 123.796 426.769 305.043 92.3102 405.21 308.305 75.7803 374.379 308.679 70.7829 354.535 331.318 139.874 6.46593 6.11379 18.8164 
171.577 171.65 173.156 172.989 172.423 168.245 155.792 164.903 165.363 166.942 372.532 290.099 121.02 408.77 286.211 115.309 410.74 300.921 84.7453 388.811 306.21 68.266 358.593 305.405 65.5894 341.043 328.839 132.828 5.78175 7.55347 20.901 
170.193 167.097 171.968 166.953 175.354 166.479 155.156 163.416 161.492 169.74 356.635 289.065 112.668 392.599 283.231 106.422 392.089 296.719 75.7729 369.188 301.141 60.706 339.428 300.475 59.6532 326.156 326.209 126.463 5.52379 7.38849 20.3887 
167.987 165.913 170.277 165.722 173.601 164.672 154.842 162.983 162.679 162.838 337.644 283.911 101.458 377.296 279.625 98.2898 374.208 291.937 67.0667 350.145 297.034 51.8152 320.496 293.061 55.8945 311.487 323.129 120.19 8.1853 8.84745 19.8867 
176.419 163.225 167.168 164.884 169.067 166.893 152.042 159.268 160.451 154.837 322.194 282.738 94.4589 360.385 274.861 89.3424 353.514 284.913 58.3974 327.851 291.171 43.1622 299.3 285.483 52.6019 295.83 319.247 114.642 11.4364 10.3965 18.0833 
