169.601 166.245 166.186 166.886 168.153 163.355 161.093 160.573 161.201 157.831 -331.466 265.453 -12.0298 -335.353 278.801 -80.1436 -319.977 273.421 -100.013 -294.669 266.11 -104.213 -263.275 260.525 -95.3565 -267.447 283.563 -21.6051 7.46794 4.73485 3.61483 
169.831 166.071 165.74 166.726 167.553 163.584 160.098 160.182 161.099 158.149 -327.131 265.799 -13.3128 -330.437 278.186 -81.9892 -315.078 273.358 -101.633 -289.736 266.362 -105.883 -258.334 261.063 -96.9096 -262.908 283.907 -22.9281 7.42354 4.69903 3.3139 
170.181 165.427 164.871 166.17 166.707 163.768 158.706 159.057 160.131 157.335 -321.818 265.578 -14.3838 -324.673 277.046 -83.1101 -309.136 272.705 -102.629 -283.75 265.97 -106.895 -252.494 260.95 -97.6462 -257.552 284.046 -23.8686 7.26331 4.732 3.24024 
170.236 163.967 163.643 165.138 165.478 163.814 156.811 157.744 158.898 156.255 -315.849 265.155 -15.3646 -318.124 275.695 -83.8768 -302.33 272.068 -103.455 -276.919 265.58 -107.712 -245.808 260.79 -98.2725 -251.529 283.804 -24.6611 7.1845 4.75174 3.2944 
170.493 162.618 162.639 164.331 164.576 164.034 154.985 156.598 157.971 155.55 -309.734 264.78 -16.2526 -311.215 273.797 -84.4575 -295.134 270.834 -104.214 -269.657 264.586 -108.442 -238.718 259.894 -98.7961 -245.101 283.199 -25.4242 7.1345 4.76761 3.53795 
170.487 160.954 161.525 163.361 163.606 164.105 152.719 155.058 156.679 154.649 -303.237 264.626 -17.4435 -303.465 271.737 -85.26 -287.26 269.348 -104.999 -261.687 263.172 -109.056 -230.927 258.691 -99.1522 -238.246 282.697 -26.2084 7.1124 4.8431 3.69179 
169.532 158.123 159.36 161.956 162.055 163.5 150.122 153.172 155.073 152.744 -295.29 263.406 -19.0669 -293.216 267.24 -86.0686 -276.898 265.473 -105.596 -251.086 259.84 -109.202 -220.964 256.186 -98.5291 -230.344 281.414 -26.6485 6.76358 4.90878 3.80964 
170.878 159.157 158.408 160.447 161.092 164.412 148.996 151.05 153.159 151.045 -287.181 262.488 -20.0693 -282.086 262.136 -86.5604 -264.996 260.902 -105.737 -238.793 255.986 -108.628 -209.145 253.449 -96.9045 -221.778 280.567 -26.3524 6.72234 5.05881 4.40105 
172.336 160.304 158.159 159.586 160.374 165.671 147.076 149.147 151.522 149.864 -278.948 261.761 -20.7265 -270.47 257.388 -86.745 -252.732 256.473 -105.578 -226.155 252.155 -107.701 -196.922 250.947 -95.0827 -213.041 280.066 -25.8373 6.79826 5.25335 4.86742 
174.451 160.139 157.267 158.049 159.525 166.951 144.418 147.688 150.352 149.125 -269.016 259.661 -21.2882 -256.862 251.339 -85.7423 -238.415 250.656 -104.732 -212.194 247.614 -106.113 -183.562 247.745 -92.7572 -202.935 278.67 -24.9311 6.71868 4.81331 5.60222 
176.223 159.712 157.263 157.618 159.336 167.84 142.692 146.961 149.746 148.775 -258.38 258.332 -21.484 -243.01 245.771 -84.1616 -224.244 245.239 -103.338 -198.25 243.096 -104.094 -170.072 244.177 -90.0586 -191.959 277.037 -23.657 6.68906 4.56773 6.29756 
177.98 160.441 158.123 158.434 159.665 169.378 144.166 147.82 150.396 149.027 -247.672 257.213 -21.3715 -229.308 241.723 -83.9051 -209.331 240.186 -102.384 -183.127 238.17 -102.035 -155.385 239.891 -86.6479 -180.399 275.467 -22.165 6.83693 4.6678 6.20358 
179.601 162.47 159.999 160.044 160.595 170.602 146.2 149.255 151.549 149.849 -235.786 256.029 -21.7182 -214.58 238.158 -84.2364 -193.686 235.576 -101.823 -167.459 233.366 -100.223 -140.28 235.328 -83.412 -167.804 273.47 -20.6535 6.86735 4.63958 5.90624 
178.777 164.09 161.714 161.622 161.396 171.435 148.586 150.922 152.764 150.438 -223.286 255.33 -22.7883 -199.176 235.344 -85.3089 -177.367 231.896 -101.838 -151.165 229.365 -98.797 -124.814 231.385 -80.3717 -154.663 271.778 -19.5013 6.81272 4.63599 5.63381 
178.416 165.386 162.86 163.111 162.843 171.292 151.523 153.233 154.303 151.045 -208.952 253.535 -23.3996 -182.687 233.123 -85.7463 -159.897 228.848 -101.392 -133.497 225.645 -96.6863 -108.295 227.237 -76.3462 -140.56 270.138 -17.6957 6.96631 4.96834 5.5117 
177.046 167.631 166.164 166.686 166.312 173.869 155.764 158.123 158.725 155.67 -179.762 254.133 -25.5627 -149.304 230.251 -87.0034 -125.87 225.327 -102.198 -99.3426 221.426 -96.0021 -75.3023 223.174 -74.5716 -111.418 268.519 -16.4986 6.72526 5.30808 5.24217 
177.294 170.647 169.136 169.347 168.262 167.279 161.468 162.146 162.36 158.824 -135.703 249.359 -32.7024 -106.18 223.767 -90.9943 -81.6194 218.035 -103.69 -55.6137 215.248 -95.5798 -32.4412 219.007 -72.8535 -71.8576 262.953 -15.306 5.9464 4.87301 4.93355 
176.806 171.269 170.008 169.887 168.758 166.343 162.381 162.988 162.858 159.283 -114.141 248.517 -36.1371 -83.8356 221.71 -92.9915 -58.3667 215.861 -104.501 -32.3952 213.323 -94.9219 -10.1336 217.955 -71.2973 -51.3437 261.536 -15.1726 5.69557 5.0522 5.27958 
176.542 170.701 169.811 168.856 167.755 165.515 161.787 162.131 161.54 158.205 -91.0944 247.229 -39.8294 -59.6063 219.711 -94.3231 -33.9952 214.281 -104.599 -8.66137 212.208 -93.6423 12.7933 217.885 -69.9585 -29.8342 260.275 -15.4312 5.5017 4.89229 5.1234 
175.407 169.211 168.986 167.447 165.899 164.248 159.201 159.996 159.353 155.441 -65.55 245.548 -44.8249 -33.7425 218.506 -95.3542 -7.93302 214.482 -104.782 16.7035 213.461 -92.7824 36.641 219.333 -68.6173 -7.43365 259.7 -16.0525 5.0797 4.62123 5.34002 
177.022 168.582 167.95 166.853 165.668 164.552 158.36 158.611 158.663 154.72 -43.5538 243.283 -45.2949 -11.6919 218.698 -94.136 14.532 215.97 -102.762 39.0028 216.043 -91.0773 58.1816 222.443 -66.9621 12.2314 259.964 -14.5774 5.14321 4.61981 5.71762 
176.117 168.036 167.019 166.722 165.457 165.702 157.849 157.434 158.299 154.377 -15.5155 241.17 -46.2986 18.3703 218.904 -94.0715 45.1004 216.47 -100.775 68.8358 217.635 -88.7091 87.2193 224.714 -63.9673 38.1846 259.433 -13.0557 5.84509 4.57439 5.7195 
177.005 167.762 167.371 166.755 165.625 166.309 157.469 157.131 158.064 153.915 12.2904 238.571 -47.4777 48.3142 220.554 -93.2912 75.7103 218.373 -98.206 98.9092 220.457 -85.0656 115.683 227.971 -59.5793 62.7673 259.69 -10.8479 6.34081 4.94027 5.88308 
177.131 167.552 166.659 165.551 166.414 166.27 156.319 157.15 158.124 154.269 39.3451 235.656 -46.8053 77.6071 223.357 -91.6209 105.908 221.388 -94.7051 128.664 224.25 -80.2198 143.977 232.05 -53.8242 86.2973 260.165 -7.76091 7.56348 5.62968 6.35225 
177.809 168.282 165.551 164.667 166.353 167.365 155.454 157.04 158.846 154.071 64.4589 234.318 -45.4678 105.707 225.529 -88.678 135.056 224.389 -90.2276 157.639 228.665 -74.6508 171.388 235.773 -46.5452 108.842 260.483 -4.02547 8.48987 6.85577 7.20394 
178.214 169.302 163.302 163.997 166.021 168.4 155.969 157.343 160.395 154.772 87.4149 233.62 -43.3776 132.378 228.807 -85.7502 162.818 228.806 -85.3241 185.106 234.148 -68.3298 197.539 239.124 -37.7177 129.6 260.708 0.30131 9.41909 8.06507 8.22261 
178.212 169.745 162.161 164.276 165.583 169.325 157.264 157.778 161.85 156.183 109.579 233.626 -41.1162 158.189 233.18 -82.5744 189.621 233.899 -79.8292 211.611 239.905 -60.8877 222.28 242.464 -28.1008 149.084 261.376 4.76026 10.2184 9.23355 9.13202 
178.085 169.022 162.689 164.588 166.444 170.319 155.916 157.659 161.815 158.576 129.845 233.818 -37.6337 181.76 236.897 -78.0091 214.252 237.696 -73.9043 235.804 243.48 -53.4131 245.318 244.811 -19.1308 167.753 261.991 9.43753 11.0241 9.74972 9.9388 
178.368 167.723 163.698 165.02 166.803 171.393 153.024 159.017 161.896 160.38 148.6 235.189 -35.212 202.9 238.608 -73.2482 237.913 242.331 -68.6034 258.379 247.002 -46.1423 266.359 246.681 -10.7282 185.179 262.538 13.3809 11.2534 9.56583 12.6045 
177.882 167.398 164.066 165.32 165.721 171.748 149.827 158.64 161.149 160.676 166.507 238.885 -33.3716 222.34 241.107 -68.819 259.669 246.345 -62.8789 279.399 250.018 -38.6726 285.174 248.505 -2.86528 201.865 263.925 17.0421 10.8154 9.69278 14.8005 
176.793 165.476 164.772 165.463 163.853 171.24 144.761 156.359 158.334 157.973 183.888 242.787 -30.2469 239.488 243.394 -62.9822 277.659 248.968 -56.7316 296.194 251.897 -31.8337 300.079 249.923 3.43327 217.311 266.04 21.1607 9.90434 9.35913 15.5699 
176.379 162.283 160.529 164.338 147.805 170.855 142.088 149.954 152.143 150.068 201.139 247.145 -28.275 258.17 249.506 -58.385 292.43 252.133 -49.8763 310.124 252.464 -24.0779 311.159 250.625 10.4175 231.333 268.426 24.4466 9.21652 9.06286 12.3978 
175.946 161.998 157.289 163.939 138.846 170.105 142.903 144.397 149.258 144.099 217.128 251.939 -26.4914 275.887 255.413 -54.264 304.802 254.039 -43.6734 322.854 253.306 -17.5661 321.808 251.331 16.4689 245.137 271.823 27.4723 9.05906 9.69983 8.34854 
174.973 163.155 156.741 163.487 142.451 169.102 143.519 139.839 146.757 141.878 230.199 255.568 -24.9334 291.006 259.993 -50.4159 315.888 255.428 -38.6434 333.628 253.946 -12.6433 330.959 251.373 20.252 257.65 274.842 30.0228 8.0155 9.77203 5.82926 
174.457 163.672 159.578 165.314 163.733 167.639 142.52 136.393 143.293 137.218 243.001 259.589 -22.7569 303.708 264.027 -46.2525 325.69 256.981 -34.5106 342.889 254.861 -8.73 339.399 252.588 23.1445 269.514 278.803 32.772 6.9299 9.58946 4.7743 
173.171 164.506 162.038 166.592 174.27 166.091 140.601 133.163 137.969 122.792 254.723 264.631 -19.8353 315.564 268.492 -41.4069 334.468 259.01 -29.9149 350.198 255.695 -4.03559 343.948 253.405 26.569 280.745 283.733 36.1222 4.67554 8.9538 5.29633 
172.135 165.782 162.656 164.662 174.27 164.668 140.049 133.243 136.067 114.022 264.304 267.566 -16.4671 325.137 272.404 -36.9723 342.656 262.384 -26.3802 356.95 258.36 -0.797871 347.963 254.831 29.96 290.442 288.003 39.4863 6.97828 8.0062 5.3621 
171.102 165.788 161.089 162.32 174.27 163.509 139.261 132.338 133.467 108.646 273.115 270.51 -13.8814 333.961 275.908 -33.06 350.469 265.629 -23.0275 363.889 261.594 2.30866 354.07 257.719 33.6711 299.611 292.231 42.3519 9.07599 7.3928 5.49468 
170.662 165.586 160.183 160.314 174.27 162.929 138.682 132.126 131.73 105.409 280.615 273.537 -10.9577 341.723 279.362 -28.8863 357.193 268.7 -19.1527 369.675 264.275 6.38341 359.389 260.636 37.7653 307.567 296.314 45.6015 10.6542 7.06442 5.9568 
169.841 168.383 158.23 159.772 174.27 161.906 141.161 134.622 135.643 102.018 287.653 275.519 -8.4168 348.759 281.127 -25.1559 364.13 271.576 -16.1551 376.504 267.878 8.21743 363.661 263.203 41.9809 314.274 299.663 48.8585 13.7675 6.18645 4.33009 
169.07 164.894 159.264 156.384 174.27 161.397 142.267 135.882 134.795 110.463 294.032 277.012 -5.92817 354.245 283.238 -22.4864 369.785 272.452 -11.8758 380.699 268.467 12.3075 371.888 265.298 44.6197 320.226 302.572 51.6553 9.99897 5.21871 4.85066 
168.833 164.034 158.477 150.845 150.327 161.453 143.61 135.397 132.787 110.084 298.97 278.35 -4.59718 358.967 285.544 -20.4552 372.505 272.203 -8.40341 382.283 268.047 15.3843 373.731 266.142 47.5549 325.023 304.75 53.8826 10.0974 4.32538 7.38418 
167.687 160.436 162.86 160.948 158.146 161.554 143.358 144.063 138.008 130.916 296.159 282.963 7.60847 341.674 298.319 -16.2391 358.59 284.726 -6.26413 365.034 274.893 17.9465 361.349 272.437 48.1649 310.886 314.511 63.3204 6.03902 5.90076 6.06002 
167.764 160.418 162.692 160.024 154.852 161.672 144.354 142.87 138.596 133.318 289.527 281.682 6.16096 336.082 296.335 -18.2248 351.949 281.774 -7.66136 360.168 273.532 16.1462 358.281 271.951 46.2577 306.019 313.376 61.9204 4.75232 4.86057 7.29849 
167.636 161.238 162.919 160.157 154.169 161.653 144.881 141.849 139.533 134.563 283.437 280.962 5.21243 329.545 294.442 -20.0013 344.236 279.059 -9.19439 354.392 272.224 14.0269 354.118 271.567 44.1547 301.196 312.638 60.9375 3.96104 4.21412 8.3427 
167.704 161.585 162.842 159.917 154.663 161.739 144.986 141.238 140.284 137.068 276.907 279.555 3.86315 322.631 292.009 -21.6184 336.378 275.942 -10.4384 348.371 270.91 12.0238 350.604 271.702 41.68 295.861 311.583 59.7073 3.693 3.95099 9.26919 
167.624 161.535 162.757 159.417 155.233 161.38 144.78 140.876 141.635 138.696 271.27 278.153 2.12755 315.638 289.687 -23.6954 328.523 272.817 -12.2922 342.361 268.893 9.48631 346.039 270.45 38.7856 290.773 310.368 57.885 4.22881 4.5928 10.0815 
168.052 161.9 160.244 158.952 155.259 161.593 146.79 140.788 142.147 139.338 264.997 277.554 1.24164 309.809 289.059 -26.191 322.97 272.253 -14.1686 337.565 268.405 7.50854 342.273 270.453 36.9457 285.903 309.619 56.4083 5.12195 4.9741 10.3802 
167.861 161.46 157.987 157.259 154.244 161.2 147.907 140.765 142.376 139.479 258.325 276.37 0.0961437 303.871 287.577 -28.4023 317.564 271.21 -16.1486 332.517 267.559 5.42485 337.68 269.79 34.8173 280.456 308.221 54.5303 5.49611 5.105 10.2429 
167.955 159.744 154.987 156.126 153.89 161.046 147.362 139.389 143.888 141.279 250.847 273.734 -0.745223 296.278 284.941 -30.0454 310.961 269.64 -18.0909 328.542 267.599 2.56087 333.689 268.91 32.4932 274.484 306.399 52.6977 5.98929 6.94514 9.19494 
167.996 158.819 153.373 156.122 154.005 160.904 146.903 139.247 144.444 141.626 243.168 271.853 -1.77521 288.767 282.43 -31.7146 305.064 268.158 -20.0929 323.422 266.956 0.243237 328.682 268.008 30.6292 268.205 304.739 50.9919 6.42913 7.54376 8.1436 
169.389 156.149 152.469 156.588 153.377 161.947 146.917 141.338 145.376 140.478 227.376 268.456 -4.23516 274.787 278.372 -33.9018 292.905 266.349 -24.3576 310.89 264.995 -3.77552 315.815 265.641 27.1279 255.926 302.141 48.2296 6.14562 7.09337 5.57497 
170.221 155.295 152.633 156.567 153.732 162.588 147.538 143.552 145.901 139.95 217.489 265.358 -5.56583 266.305 275.448 -35.9532 286.939 265.526 -27.4423 303.874 263.156 -6.02368 307.843 263.356 25.1278 248.001 299.503 46.2456 5.62125 6.23531 4.20524 
170.536 154.985 153.586 156.57 153.123 162.876 147.884 144.633 146.036 139.407 208.173 262.023 -6.82079 257.383 271.723 -37.6792 279.363 263 -30.1026 295.786 260.702 -8.65757 299.681 260.866 22.659 239.718 296.482 44.2617 5.5592 5.71448 3.74751 
170.774 154.91 153.847 155.798 152.401 163.296 147.85 144.903 145.67 139.165 198.803 259.243 -7.97235 248.647 268.783 -39.7077 271.647 260.796 -32.5233 288.053 259.059 -11.3173 292.588 259.514 20.013 232.127 294.124 42.3643 5.78751 5.50664 3.99477 
171.53 155.318 154.329 155.406 151.976 164.181 147.937 144.901 145.136 139.077 189.378 256.939 -9.31563 239.755 265.615 -41.2711 263.419 258.228 -34.3025 280.101 257.729 -13.6236 285.683 259.004 17.594 224.404 292.101 40.6567 6.30112 5.56592 4.24867 
172.231 154.898 156.241 156.458 151.839 165.309 145.747 142.978 143.746 138.343 179.177 254.003 -10.5781 227.123 260.352 -42.359 251.214 252.818 -36.3234 269.266 253.373 -16.4933 276.542 255.988 14.2917 216.32 289.714 38.7728 6.73043 6.29046 4.47136 
172.602 155.479 158.661 158.059 152.851 165.943 146.251 144.107 144.96 139.621 169.454 250.887 -11.7236 215.584 255.543 -43.8812 240.606 248.181 -38.667 259.564 249.856 -19.5902 268.049 253.521 10.8656 207.903 287.245 36.725 7.15524 6.80171 5.01111 
172.926 156.717 160.502 158.533 153.025 166.516 146.117 144.18 144.06 138.779 159.579 248.576 -12.9539 204.96 252.072 -45.637 229.501 243.977 -40.6011 248.316 245.826 -22.2371 258.022 250.773 7.52003 199.29 285.123 34.7953 7.33931 6.27031 4.72644 
173.074 157.068 160.99 159.246 153.512 166.887 146.249 144.825 144.33 138.207 149.26 245.583 -13.8108 193.671 248.005 -47.1295 218.147 240.024 -42.7788 236.907 241.981 -25.0534 247.239 247.707 4.27608 190.029 282.818 32.8266 6.98741 5.74972 4.48893 
