163.849 145.169 149.517 148.395 147.413 163.496 128.559 125.695 123.218 104.408 268.841 168.999 -92.447 302.527 158.376 -130.59 310.753 132.212 -116.176 322.132 124.407 -96.6728 328.947 130.427 -66.1607 319.985 185.361 -56.8027 14.393 4.97151 17.9981 
163.833 145.36 149.777 148.687 147.518 163.424 128.87 126.038 123.575 104.985 268.916 168.982 -92.3817 302.51 158.371 -130.645 310.542 132.084 -116.161 321.917 124.263 -96.659 328.984 130.239 -66.3918 320.007 185.338 -56.7703 13.9403 4.97792 18.1442 
163.972 145.313 149.856 148.753 147.563 163.487 129.1 126.256 123.816 105.213 268.981 168.944 -92.3314 302.567 158.378 -130.697 310.491 131.957 -116.143 321.947 124.144 -96.6923 329.046 130.126 -66.4523 320.039 185.299 -56.7331 13.8564 4.91027 18.3084 
163.866 145.198 149.748 148.651 147.544 163.303 129.09 126.214 123.796 105.201 269.184 168.765 -92.2134 302.615 158.333 -130.641 310.501 131.878 -116.083 322.02 124.062 -96.6758 329.061 130.013 -66.4123 320.012 185.201 -56.6599 13.8952 4.85347 18.3671 
163.699 145.154 149.782 148.698 147.632 162.995 129.225 126.229 123.874 105.199 269.61 168.667 -92.1085 302.817 158.407 -130.653 310.473 131.775 -115.936 321.994 123.974 -96.6196 328.944 129.961 -66.3292 319.973 185.126 -56.5796 13.9943 4.77017 18.669 
163.539 145.071 149.614 148.6 147.706 162.709 129.141 125.997 123.744 105.082 270.022 168.679 -91.9523 303.364 158.572 -130.58 311.007 131.895 -115.913 322.563 124.048 -96.6977 329.296 129.846 -66.3161 320.066 185.034 -56.365 14.03 4.62418 18.7034 
163.438 145.128 149.498 148.474 147.771 162.574 129.149 125.761 123.571 104.769 270.328 168.7 -91.8721 304.033 158.68 -130.598 311.409 131.913 -115.827 322.909 124.054 -96.6861 329.39 129.814 -66.1889 320.194 184.941 -56.2487 14.2445 4.53003 18.9292 
163.382 145.225 149.281 148.253 147.908 162.345 129.246 125.445 123.275 104.246 270.673 168.791 -91.7753 304.833 158.823 -130.7 312.125 131.989 -115.827 323.478 124.095 -96.6534 329.531 129.834 -65.8944 320.386 184.881 -56.1092 14.7173 4.54595 19.0888 
163.758 146.072 149.471 148.482 148.218 162.434 129.683 125.596 123.544 104.126 271.069 168.723 -91.6655 305.448 158.798 -130.747 312.765 132.06 -115.969 324.011 124.021 -96.757 329.475 129.787 -65.5127 320.637 184.881 -55.9519 15.4643 4.55478 18.8547 
164.29 146.832 149.635 148.606 148.531 162.628 130.056 125.774 123.744 103.823 271.291 168.626 -91.5688 306.177 158.793 -130.727 313.605 132.195 -116.111 324.561 124.002 -96.7124 329.219 129.943 -64.8314 320.932 184.921 -55.7331 16.6061 4.7389 18.5131 
164.797 147.625 149.841 148.957 149.05 162.615 129.838 125.824 124.006 103.991 271.811 168.542 -91.6453 306.816 158.377 -130.174 314.698 132.56 -116.239 325.312 124.143 -96.7679 329.142 130.051 -64.4217 321.432 185.056 -55.5086 17.4474 4.82375 17.176 
165.071 147.891 149.889 148.898 149.48 162.624 129.599 125.488 123.592 103.751 272.438 168.756 -91.8607 307.842 158.432 -129.834 315.876 133.047 -116.111 326.172 124.523 -96.481 329.465 130.319 -64.0165 322.034 185.302 -55.2606 17.7909 4.92061 16.5159 
165.013 148.102 149.857 148.881 150.038 162.463 129.243 125.13 123.146 103.742 273.173 168.951 -91.9787 308.874 158.426 -129.357 316.991 133.503 -115.869 326.786 124.808 -95.9725 329.597 130.514 -63.4818 322.694 185.517 -54.9838 18.097 5.19236 15.8069 
164.439 147.681 150.068 149.015 150.236 161.517 128.368 124.789 122.407 103.867 274.335 168.442 -91.502 309.927 158.788 -128.781 318.426 133.806 -115.649 327.645 125.042 -95.3547 330.139 130.32 -63.0395 323.27 185.708 -54.6342 17.9352 5.55475 15.3006 
164.59 148.432 150.946 150.223 150.728 161.143 128.121 125.065 122.348 105.056 275.806 168.532 -91.3967 311.4 159.246 -128.414 319.79 133.951 -115.363 327.835 125.006 -94.4806 330.291 130.054 -62.7323 324 186.026 -54.2035 17.1781 6.33129 15.1377 
164.753 149.36 151.849 151.467 151.407 160.908 128.154 125.457 122.269 105.79 277.686 168.871 -91.364 313.231 159.863 -128.145 321.361 134.178 -115.01 327.974 125.042 -93.3851 330.333 130.099 -62.2389 324.894 186.482 -53.7215 16.5527 7.32989 15.0966 
164.397 148.707 152.075 151.6 151.697 160.347 127.442 125.536 121.92 105.665 279.953 169.267 -91.393 315.575 160.936 -128.063 323.183 134.363 -114.652 328.187 125.051 -92.2618 329.72 130.415 -61.2327 325.666 186.768 -53.2576 17.0855 8.41502 15.6705 
163.496 147.224 151.295 150.644 151.342 159.354 126.663 125.444 121.033 104.856 281.926 169.268 -91.1231 318.113 162.143 -128.089 325.622 134.835 -114.717 328.472 125.127 -91.2605 328.686 130.768 -60.0763 326.037 186.807 -52.802 18.3014 10.0809 15.9587 
162.373 146.242 150.466 149.515 150.963 158.358 126.373 125.236 120.026 103.762 283.85 169.581 -91.0277 320.787 163.314 -128.3 327.824 135.144 -114.674 328.848 125.205 -90.4432 328.069 130.982 -59.2701 326.269 186.71 -52.3557 18.9459 11.3377 16.6842 
161.493 145.785 149.409 148.483 150.744 157.37 126.149 125.023 119.1 103.106 285.45 169.96 -91.0967 323.272 164.355 -128.445 330.039 135.619 -114.754 329.059 125.231 -89.7139 327.343 130.917 -58.6804 326.311 186.616 -51.9599 19.2543 12.741 16.961 
160.771 145.505 148.466 147.697 150.782 156.533 126.337 124.987 118.329 102.807 286.719 170.312 -91.4956 325.987 165.313 -128.715 332.333 136.081 -114.885 329.113 125.187 -89.06 326.572 130.729 -58.3663 326.182 186.499 -51.6596 19.2299 14.3159 17.2825 
160.005 144.969 147.281 146.747 150.472 155.729 126.693 124.491 117.483 102.452 287.359 170.354 -91.9093 327.996 166.129 -128.896 333.779 136.741 -114.914 328.776 125.311 -88.6008 325.825 130.509 -58.3716 325.569 186.351 -51.4641 18.6446 15.5178 17.5147 
159.005 145.145 146.359 146.497 150.354 154.883 126.753 123.632 116.372 101.992 287.905 170.453 -92.5145 329.442 166.413 -128.886 334.551 137.36 -114.749 328.059 125.603 -87.9994 325.231 130.48 -58.4397 324.852 186.371 -51.4308 17.4523 16.5053 17.3977 
157.52 144.252 144.847 145.525 150.084 153.584 126.506 122.365 115.368 101.435 287.879 170.284 -92.9121 330.208 166.355 -128.663 335.125 137.941 -114.559 327.512 125.75 -87.8314 324.115 130.247 -58.566 323.646 186.189 -51.4915 17.0285 17.0178 16.7801 
155.356 142.986 143.429 144.383 149.896 152.194 126.261 121.387 114.107 100.361 287.631 170.592 -93.4673 330.881 166.455 -128.661 335.684 138.336 -114.451 326.729 125.922 -87.6828 322.59 130.22 -58.6278 321.95 185.946 -51.7046 16.963 17.7253 16.5247 
152.887 139.756 140.898 141.879 149.163 151.623 126.023 120.495 111.686 98.1064 286.173 171.453 -94.8278 331.675 166.791 -128.52 336.585 139.075 -114.361 325.871 126.69 -87.2406 320.357 130.805 -58.156 319.549 185.681 -51.9842 17.9179 18.9172 16.1678 
151.741 136.967 138.664 139.406 148.499 151.383 127.258 120.682 109.768 96.3483 284.631 172.963 -96.7618 332.685 167.665 -128.819 337.353 140.155 -114.667 324.34 127.723 -87.169 317.659 131.732 -58.3149 316.89 185.745 -52.4936 18.5311 20.5165 16.023 
153.055 136.098 136.686 138.053 148.311 151.568 129.731 121.14 108.892 96.0409 282.711 174.286 -99.4517 333.96 169.208 -129.433 337.834 141.783 -114.771 322.131 128.976 -87.2568 314.883 132.716 -59.0694 313.77 186.342 -53.1119 17.9904 22.394 16.4026 
153.473 133.519 135.145 135.904 147.414 151.928 132.524 122.01 107.214 95.2149 280.534 176.369 -103.034 334.608 170.256 -129.388 338.306 144.033 -115.207 320.691 130.725 -87.5782 312.163 133.963 -60.2113 309.922 187.039 -54.1063 18.1214 23.6486 15.2289 
155.101 134.087 137.346 134.209 145.743 151.794 136.788 124.409 107.405 96.0685 278.236 178.381 -106.889 335.974 172.091 -129.812 339.033 147.133 -116.455 317.741 132.505 -88.9335 308.608 135.171 -62.7008 305.242 187.939 -55.5476 17.0833 26.3664 14.1207 
157.108 140.475 148.032 128.283 143.429 151.693 143.244 130.792 105.763 95.325 275.093 180.204 -111.088 336.648 175.064 -131.198 340.832 150.432 -119.003 315.828 134.826 -90.4898 305.069 136.365 -65.6615 299.384 188.487 -57.5473 17.2163 28.7895 12.6608 
158.732 141.903 164.952 119.35 141.839 151.851 147.603 140.05 108.303 94.8687 271.01 182.436 -115.541 335.041 178.053 -132.237 342.754 155.074 -121.707 315.112 137.239 -93.3479 301.199 137.613 -68.9551 292.587 189.031 -59.855 18.9842 29.6174 9.33312 
161.003 144.359 156.129 109.831 141.698 152.05 151.707 152.856 118.141 93.5563 265.652 183.928 -119.372 330.868 181.674 -133.743 343.385 162.168 -123.309 316.606 140.123 -97.4205 296.283 138.838 -71.7621 284.442 189.218 -62.0232 24.148 27.666 5.23955 
164.615 149.378 160.593 116.555 140.648 153.91 153.814 154.736 125.11 94.5703 259.983 184.513 -123.732 325.272 183.492 -134.531 339.327 166.193 -123.744 315.656 142.431 -101.312 291.342 139.155 -75.5484 274.794 188.341 -64.3051 25.3592 23.77 3.49482 
167.511 151.97 161.522 125.095 138.166 155.452 155.628 155.937 132.556 95.0723 252.603 184.328 -127.341 316.725 184.371 -135.469 331.812 168.64 -124.229 312.593 144.835 -104.247 284.664 139.315 -78.5151 263.442 186.951 -66.6918 26.1902 19.0457 2.82422 
168.743 155.03 163.729 135.975 137.488 155.875 158.49 159.061 141.118 98.123 244.056 182.51 -130.212 307.041 186.306 -137.39 323.771 171.788 -125.472 308.916 147.832 -106.972 277.792 139.332 -82.3635 251.387 185.745 -69.5007 26.1914 15.0053 3.55696 
168.649 155.873 164.251 148.078 130.826 155.349 158.786 159.711 149.054 109.008 235.361 181.714 -133.119 296.062 188.34 -140.29 313.978 174.367 -128.135 304.411 152.324 -110.546 274.335 140.138 -87.1752 239.324 184.815 -73.0599 21.0624 9.96392 4.39828 
168.28 157.289 165.549 157.372 132.331 154.365 159.949 160.709 155.744 123.772 224.645 180.7 -136.53 283.596 189.25 -144.37 302.513 176.144 -132.216 297.448 156.412 -114.236 270.309 141.85 -92.1212 226.97 184.039 -77.0379 15.4166 5.85215 5.27918 
168.32 159.124 165.665 163.777 142.113 153.562 161.942 161.217 159.843 136.607 211.775 178.789 -140.266 269.315 188.369 -149.274 288.672 176.274 -137.043 286.942 158.554 -118.277 263.423 143.489 -96.4465 213.715 183.221 -81.3929 10.6462 3.73763 6.04289 
168.785 161.675 166.38 167.487 156.512 153.367 164.87 162.881 163.54 149.44 196.649 177.684 -145.368 253.499 187.329 -156 273.072 176.128 -144.07 274.173 160.327 -124.346 255.073 145.144 -101.383 199.546 182.296 -86.576 5.98265 3.48717 6.53726 
169.408 164.107 167.51 169.154 164.826 153.048 167.85 165.054 166.023 157.815 179.864 176.982 -150.753 236.678 186.62 -163.251 256.379 175.573 -151.538 258.907 161.241 -131.591 243.416 146.385 -107.133 184.239 181.384 -92.1063 3.2218 3.75543 6.76489 
170.784 167.632 169.5 170.596 169.29 153.23 171.381 168.449 169.258 164.833 160.961 177.283 -156.375 217.988 186.651 -171.246 238.505 175.525 -159.661 241.942 162.106 -139.562 229.592 147.496 -113.622 167.753 180.263 -97.586 3.34689 4.17114 7.41038 
172.842 168.782 170.734 170.364 170.334 154.019 175.321 171.735 172.53 169.928 139.929 177.388 -162.603 196.787 186.481 -180.251 218.779 174.874 -168.613 223.552 161.338 -147.897 213.687 146.884 -121.048 150.527 178.476 -103.259 4.63745 5.04629 8.62708 
174.57 174.27 170.856 169.476 170.2 154.988 177.979 175.23 174.145 172.393 117 179.013 -169.053 175.785 188.851 -188.951 196.784 175.398 -178.742 203.011 160.159 -157.385 195.224 145.334 -129.672 132.289 177.361 -109.01 5.87292 6.05126 7.37828 
175.008 174.27 175.005 169.49 170.41 155.174 177.978 178.26 174.457 172.256 93.1071 180.155 -174.504 152.621 188.06 -197.675 173.965 174.955 -188.487 180.015 158.58 -167.766 174.62 143.313 -138.772 112.791 176.871 -114.683 7.36483 5.42791 7.27265 
173.956 174.28 180 168.908 169.9 154.405 177.982 179.999 173.542 170.778 69.537 181.646 -179.094 129.168 187.56 -205.582 150.467 174.129 -197.662 155.463 156.701 -177.923 152.1 141.647 -148.227 92.394 177.02 -120.153 7.97204 4.34081 6.65538 
172.764 174.652 180 167.765 169.424 153.895 178.265 179.999 171.788 169.23 44.7528 183.851 -183.525 103.816 188.184 -213.394 124.713 173.093 -207.32 129.548 154.723 -188.437 128.703 139.942 -158.24 71.7921 177.378 -125.605 8.65662 4.03637 5.91044 
171.621 174.29 180 167.308 168.657 153.335 178.426 180 170.019 167.554 20.7215 186.999 -186.782 77.324 189.804 -218.945 98.1094 173.848 -215.001 102.24 154.442 -196.953 103.946 140.368 -166.708 51.3655 178.196 -129.691 9.1523 3.94386 5.87921 
170.644 174.27 180 167.3 166.949 151.536 178.52 180 171.596 166.144 -3.32814 189.961 -189.244 46.4665 190.899 -224.354 66.4118 173.505 -222.423 73.7957 156.21 -204.446 79.106 140.278 -173.454 31.0895 179.159 -133.416 11.8736 4.11791 6.53529 
168.611 174.787 180 169.136 169.347 149.862 178.894 179.998 175.818 168.498 -28.7814 192.681 -189.856 13.5355 190.94 -228.637 32.4298 173.975 -228.975 46.2617 160.068 -211.174 55.075 142.903 -180.318 10.7784 179.984 -136.507 14.1889 8.7361 6.72509 
165.277 175.809 180 174.395 172.571 148.199 179.603 179.997 178.176 171.826 -53.0614 193.399 -188.475 -18.3346 189.903 -230.563 -0.108047 174.775 -233.247 20.7358 163.937 -216.316 30.7716 146.086 -186.022 -9.6097 180.09 -138.427 14.4255 14.2535 7.03178 
162.67 176.901 180 174.509 173.262 146.669 178.563 180 178.126 177.273 -79.6593 194.261 -185.714 -53.5307 192.368 -231.857 -34.0405 179.869 -236.467 -6.98869 166.705 -219.96 5.4153 149.995 -189.82 -31.5949 180.287 -139.681 15.0537 17.3846 8.11097 
161.038 177.364 180 174.422 174.27 145.427 177.844 180 178.097 177.678 -106.874 195.494 -180.331 -86.4734 199.2 -230.921 -66.616 187.954 -237.701 -34.9839 171.402 -221.809 -21.7035 155.083 -193.146 -53.8377 183.448 -139.905 13.4753 18.9871 8.31043 
159.019 177.652 179.997 174.482 174.27 143.391 177.043 179.936 178.16 177.69 -133.586 195.641 -175.269 -118.005 208.821 -231.119 -98.2121 197.557 -239.754 -61.9497 178.688 -225.155 -50.109 161.12 -198.117 -76.3956 188.912 -141.374 9.58857 20.6063 7.4629 
160.155 178.079 179.979 174.613 174.27 144.996 176.354 179.79 178.229 178.235 -160.87 201.094 -172.825 -148.136 217.954 -232.693 -128.266 207.311 -241.588 -87.2116 186.509 -229.671 -72.4758 169.808 -202.32 -98.8584 195.619 -143.95 11.0262 22.8245 6.43652 
158.892 178.185 179.971 168.914 165.113 143.696 176.112 179.745 173.066 173.235 -183.29 205.025 -171.247 -174.716 224.8 -233.982 -155.4 214.811 -242.952 -115.691 189.835 -232.655 -98.6659 174.584 -206.706 -120.548 202.23 -146.414 10.7032 21.1998 5.45986 
158.184 178.178 179.973 170.31 168.434 143.881 176.182 179.753 172.249 171.609 -203.042 212.622 -167.899 -200.247 229.875 -231.557 -181.399 220.468 -241.419 -139.054 195.065 -233.948 -120.816 180.109 -209.028 -140.914 208.293 -146.051 9.74374 22.2525 4.95425 
158.337 178.08 179.978 172.513 171.284 145.288 176.424 179.792 172.693 171.249 -219.826 220.577 -165.514 -220.706 232.542 -229.066 -202.263 223.865 -239.837 -159.553 199.791 -234.012 -139.979 185.666 -210.049 -158.085 213.038 -144.655 8.64338 21.2789 4.5309 
158.747 177.781 179.992 174.636 173.905 146.506 176.889 179.889 174.088 172.442 -234.54 226.975 -163.262 -237.144 234.072 -227.87 -219.184 225.819 -239.56 -176.271 204.594 -234.643 -155.746 191.577 -211.424 -173.608 217.251 -143.698 7.33297 20.0316 3.95376 
159.54 177.053 180 175.581 175.215 148.339 177.691 180 174.412 172.861 -247.602 233.014 -160.727 -248.532 236.992 -225.864 -230.73 229.138 -238.346 -190.984 209.571 -233.797 -169.57 197.562 -211.597 -187.111 221.783 -142.295 6.11877 17.1857 3.6663 
159.707 174.886 180 176.356 175.951 149.504 175.848 180 174.262 172.668 -258.503 235.572 -160.069 -257.146 234.81 -225.364 -238.364 230.719 -238.627 -204.32 213.729 -233.671 -181.921 203.363 -212.695 -199.405 225.564 -141.987 5.229 12.4248 5.52609 
159.656 174.367 177.399 176.35 175.483 149.742 172.809 175.099 173.567 171.632 -268.794 234.939 -158.029 -263.59 233.07 -224.284 -247.01 229.44 -237.595 -217.273 217.936 -233.214 -193.774 209.139 -213.758 -210.735 228.792 -141.693 4.62238 8.1074 4.08619 
160.118 173.592 175.571 174.608 173.401 150.356 170.15 170.967 170.442 168.539 -278.12 234.296 -154.391 -270.578 233.571 -221.045 -255.374 229.105 -234.651 -230.461 220.415 -230.593 -205.263 213.573 -213.265 -220.833 231.762 -140.41 4.87451 3.87862 2.08666 
160.198 172.314 173.216 172.926 171.076 151.194 167.713 167.114 167.392 165.366 -287.473 233.506 -149.317 -280.198 235.171 -216.252 -265.97 229.375 -229.982 -242.536 221.307 -227.032 -215.525 215.76 -211.699 -229.678 234.313 -138.514 5.49179 2.59324 0.888554 
159.914 169.913 168.732 167.979 165.099 152.249 161.245 158.756 160.246 157.601 -302.691 231.099 -139.535 -298.315 235.247 -206.696 -285.304 227.204 -220.203 -263.204 220.015 -218.898 -233.235 216.774 -207.056 -242.837 237.526 -135.165 6.92338 1.86442 3.35862 
159.822 168.07 168.321 168.339 165.888 152.644 159.708 158.619 161.242 158.407 -307.257 230.453 -136.143 -306.504 235.058 -201.696 -293.504 227.48 -216.206 -271.105 220.954 -216.21 -240.997 218.468 -205.185 -248.175 239.656 -133.402 6.40751 1.94331 3.13094 
161.016 168.145 168.042 168.359 166.253 153.652 159.583 158.74 161.821 158.952 -311.024 228.746 -133.163 -312.718 234.618 -197.673 -299.863 227.969 -212.854 -276.929 221.918 -213.973 -246.605 219.62 -203.588 -252.487 241.283 -131.542 6.26362 2.17365 2.37438 
161.518 167.757 169.66 169.78 167.267 154.379 158.743 160.659 163.724 160.378 -314.281 227.866 -131.748 -318.256 234.494 -194.462 -305.459 230.37 -211.532 -282.126 224.959 -213.518 -251.313 222.19 -203.416 -256.232 242.997 -130.795 6.36449 2.28776 0.167412 
160.89 168.991 171.899 171.881 169.087 153.337 159.824 163.285 166.253 162.327 -315.145 227.337 -131.072 -321.439 234.564 -191.999 -309.286 232.575 -210.301 -285.849 227.868 -212.909 -255.163 224.776 -202.935 -258.767 244.154 -130.002 5.97992 2.29817 1.95835 
159.864 168.57 172.653 172.729 169.907 152.316 160.356 164.236 167.165 163.01 -315.979 227.557 -130.035 -323.945 235.814 -190.172 -312.186 234.381 -208.883 -288.777 229.946 -211.927 -258.346 226.542 -202.059 -260.62 245.185 -129.286 5.50124 2.33515 2.4321 
159.788 168.382 173.084 172.856 170.477 152.777 159.301 164.461 167.156 163.459 -317.039 227.633 -129.065 -326.093 235.019 -186.908 -314.421 234.717 -207.308 -290.822 230.528 -210.931 -260.269 227.113 -201.408 -262.083 246.165 -128.623 5.67845 2.69082 4.13158 
160.639 168.023 172.912 171.786 170.469 154.619 157.636 164.2 166.144 163.474 -319.054 228.163 -126.985 -328.488 233.441 -182.381 -315.894 233.485 -205.267 -291.612 229.027 -209.509 -260.42 225.86 -200.631 -263.162 246.851 -127.627 6.69294 3.44217 6.20274 
160.935 165.908 172.013 171.151 170.353 155.716 156.447 163.948 165.674 163.568 -321.314 229.408 -125.231 -330.309 233 -180.466 -317.792 233.189 -203.876 -293.211 228.558 -208.599 -261.553 225.199 -200.167 -264.357 247.712 -127.202 7.34251 3.9109 7.17647 
161.141 165.583 171.971 171.279 170.557 156.064 156.497 164.26 165.799 163.808 -322.838 230.556 -123.776 -331.761 233.148 -179.222 -319.92 233.622 -202.532 -295.445 228.98 -207.533 -263.598 225.326 -199.437 -265.298 248.58 -126.798 7.50315 4.01752 7.72858 
161.327 164.692 171.85 171.238 170.601 156.178 156.288 163.946 165.398 163.469 -323.14 231.286 -122.81 -332.115 232.77 -178.26 -320.694 233.201 -201.201 -296.222 228.576 -206.377 -264.432 224.958 -198.546 -265.432 249.137 -126.427 7.53682 4.17649 7.96666 
162.088 164.991 171.879 171.362 170.764 156.746 156.623 164.222 165.542 163.75 -323.16 232.717 -121.794 -332.29 233.178 -177.251 -321.125 233.697 -200.118 -296.468 229.129 -205.542 -264.569 225.527 -197.916 -265.087 250.047 -125.762 7.71804 4.46784 8.24497 
162.906 164.473 172.042 172.029 171.428 156.655 158.239 165.151 166.432 164.515 -322.768 235.401 -121.613 -332.012 236.136 -178.244 -320.686 236.028 -200.078 -295.903 231.489 -205.419 -264.363 227.858 -197.552 -264.667 251.864 -125.083 7.39033 4.53358 7.12037 
164.855 165.313 171.524 171.415 170.853 158.424 160.264 165.168 165.868 163.669 -322.415 237.655 -120.484 -332.181 239.976 -178.436 -321.068 238.803 -199.052 -295.844 233.246 -204.545 -264.641 229.266 -196.686 -263.485 253.552 -124.176 6.77625 4.64267 5.45782 
167.624 165.839 171.179 170.376 169.665 161.704 160.205 164.152 164.176 162.264 -321.89 238.177 -119.291 -332.869 242.323 -176.794 -321.513 239.885 -197.127 -295.574 232.821 -203.075 -263.978 228.287 -195.773 -261.825 254.758 -123.398 6.98348 5.21893 4.42629 
170.277 167.633 172.221 171.325 170.256 164.316 162.475 165.48 165.07 162.435 -320.623 239.749 -117.533 -331.762 244.626 -175.432 -319.866 241.932 -195.974 -293.592 234.008 -202.224 -262.22 228.601 -194.863 -259.518 255.938 -122.282 6.68107 5.58456 4.24865 
172.296 168.884 172.579 171.429 170.215 166.828 163.464 165.686 164.872 161.994 -318.495 239.59 -116.324 -330.561 246.069 -173.591 -318.075 242.811 -194.416 -291.457 233.592 -200.982 -260.002 226.986 -193.875 -256.712 256.251 -121.61 6.93853 6.14204 4.29139 
173.361 168.677 171.615 170.501 169.383 168.3 163.12 164.299 163.215 160.504 -316.976 240.923 -115.498 -328.796 247.431 -172.593 -316.251 242.669 -192.976 -289.767 231.852 -199.297 -258.321 224.434 -192.472 -254.193 256.686 -121.514 7.214 6.46212 3.70222 
174.188 169.408 171.627 170.762 169.251 169.116 163.871 164.272 163.152 159.916 -314.919 242.503 -115.253 -326.898 249.315 -172.26 -314.663 243.699 -192.234 -288.612 231.824 -198.27 -257.536 223.522 -191.322 -251.82 257.434 -121.614 7.01374 6.49404 3.13905 
174.313 170.218 171.735 170.922 169.417 169.133 164.966 164.469 163.233 159.767 -312.308 244.498 -115.691 -324.026 251.594 -172.933 -312.319 244.885 -192.197 -286.914 232.104 -197.736 -256.431 223.196 -190.591 -249.114 258.075 -121.876 6.60387 6.36825 2.26478 
173.605 170.712 171.566 170.754 169.46 168.206 165.816 164.767 163.458 160.03 -309.478 246.143 -116.306 -321.042 254.199 -174.584 -310.018 246.727 -193.138 -285.284 233.356 -198.2 -255.08 223.889 -190.991 -246.366 258.653 -122.458 6.38012 6.1005 1.41646 
173.5 170.619 170.787 170.002 168.706 167.997 165.616 163.681 162.333 158.708 -306.129 247.269 -116.808 -317.382 255.556 -175.141 -306.607 247.655 -193.076 -282.206 233.84 -197.881 -252.213 224.079 -190.623 -242.979 259.185 -122.866 6.33459 6.14691 1.07697 
173.232 170.22 170.237 169.64 168.191 167.679 165.127 163.057 161.802 157.752 -302.151 248.144 -117.308 -312.729 255.263 -175.783 -301.923 247.83 -193.496 -277.892 234.033 -197.972 -248.251 224.019 -190.358 -239.014 259.239 -123.348 6.24036 5.9498 0.814935 
173.319 169.505 169.12 168.531 167.398 167.817 163.696 161.187 160.165 156.316 -297.949 247.955 -117.453 -308.136 254.802 -175.445 -297.242 247.119 -192.864 -273.208 233.47 -197.354 -243.552 223.699 -189.91 -234.738 259.169 -123.501 6.29281 5.96078 0.78497 
173.582 168.732 168.332 167.745 166.96 168.153 162.073 159.446 158.715 155.17 -293.495 247.181 -118.092 -303.088 252.509 -175.399 -292.07 245.077 -192.649 -268.064 231.996 -197.109 -238.401 222.847 -189.929 -230.231 258.672 -124.104 6.18735 5.72268 0.695371 
173.756 168.771 168.151 167.642 167.084 168.417 161.343 158.487 158.015 154.802 -289.008 246.597 -118.811 -298.642 251.1 -175.022 -287.569 243.648 -192.235 -263.628 230.858 -196.797 -233.926 222.015 -189.945 -225.763 258.236 -124.706 6.1392 5.53243 0.832138 
172.945 168.959 168.263 167.624 166.979 167.338 161.376 158.283 157.658 154.202 -283.895 245.883 -120.125 -293.542 249.013 -175.862 -282.635 241.462 -192.711 -258.905 228.991 -196.829 -229.611 220.99 -189.832 -221.249 257.427 -125.305 5.4137 5.21645 0.481324 
172.356 168.478 167.631 167.335 166.71 166.705 160.181 157.054 156.746 153.125 -278.881 245.7 -120.935 -288.471 246.615 -175.282 -277.861 238.853 -191.709 -254.361 226.393 -195.61 -225.297 218.611 -188.616 -216.257 256.568 -125.749 5.12297 4.95648 0.546734 
171.279 168.407 167.408 167.153 165.953 165.291 159.751 156.907 156.325 151.99 -274.177 246.482 -122.152 -283.908 246.683 -176.172 -273.866 238.116 -192.049 -250.814 225.019 -195.191 -222.261 217.112 -187.63 -211.399 256.17 -126.494 4.46067 4.81339 0.280993 
171.616 168.277 167.125 167.284 165.55 165.602 159.592 156.867 156.359 150.732 -269.547 246.699 -123.14 -279.635 246.825 -176.387 -269.916 237.198 -191.817 -246.978 222.95 -194.378 -218.755 214.036 -185.55 -206.259 255.738 -127.069 4.78629 5.20112 0.387343 
171.575 167.432 166.758 167.504 166.299 164.84 158.752 156.068 156.384 150.114 -264.479 245.571 -124.742 -274.933 245.37 -176.829 -265.662 234.455 -191.542 -243.188 219.332 -192.681 -215.222 210.49 -183.19 -201.518 255.301 -127.899 5.01555 5.63331 1.20443 
172.123 167.043 166.646 168.556 166.53 164.728 158.451 156.098 156.899 148.968 -258.361 243.91 -125.145 -269.558 244.37 -176.388 -260.52 232.386 -191.269 -238.295 215.579 -190.431 -210.874 206.457 -179.478 -195.771 254.44 -127.987 5.89554 6.91675 1.36287 
172.3 165.945 165.746 168.555 164.579 164.587 156.854 154.932 155.652 145.893 -252.674 242.067 -126.387 -264.61 244.514 -176.66 -255.705 231.788 -191.62 -233.632 212.822 -188.301 -206.495 203.568 -176.112 -190.64 254.102 -128.865 7.15494 9.03667 1.53697 
172.568 165.383 165.768 167.308 162.119 164.825 156.299 155.364 153.498 143.248 -246.964 239.832 -127.415 -259.683 245.785 -177.26 -250.492 232.628 -193.244 -228.317 210.674 -186.419 -201.7 201.32 -172.923 -185.446 254.056 -129.737 8.54392 12.27 1.56107 
171.647 165.387 165.573 165.338 159.438 164.241 156.272 155.655 151.528 141.364 -241.202 238.018 -128.592 -254.078 245.572 -179.087 -244.553 232.24 -195.2 -221.922 207.769 -185.179 -196.035 199.489 -170.58 -180.086 253.935 -130.643 9.03793 15.2271 1.67506 
170.597 164.736 164.598 163.359 156.887 162.972 155.361 154.596 149 138.668 -234.788 235.622 -129.866 -248.238 244.306 -180.109 -238.529 230.431 -195.796 -215.608 204.525 -182.525 -190.131 197.679 -167.517 -174.744 253.731 -131.94 9.42575 17.8122 1.82098 
