164.856 159.56 165.275 167.051 167.571 158.017 148.055 154.033 158.229 156.371 227.563 244.591 63.2527 223.213 249.742 4.62766 213.649 238.224 -11.3651 194.827 222.561 -9.85006 171.285 212.412 3.86076 164.765 253.004 65.7714 2.64474 3.41892 1.53652 
164.89 159.454 165.136 167.004 167.534 157.999 147.941 153.965 158.184 156.303 227.628 244.581 63.3406 223.247 249.765 4.7555 213.728 238.229 -11.2242 194.949 222.568 -9.68723 171.462 212.371 4.0595 164.847 252.97 65.8473 2.62002 3.39063 1.55603 
164.909 159.299 165.014 166.975 167.499 157.965 147.877 153.908 158.152 156.221 227.671 244.664 63.3379 223.236 249.727 4.79649 213.788 238.173 -11.1423 195.053 222.476 -9.5712 171.632 212.23 4.23592 164.864 252.888 65.8609 2.58626 3.38289 1.57909 
164.91 159.313 165.022 167.079 167.568 157.921 147.896 153.998 158.336 156.355 227.713 244.674 63.3457 223.325 249.681 4.91586 213.932 238.135 -11.0244 195.228 222.428 -9.46084 171.893 212.141 4.42602 164.935 252.827 65.9102 2.52712 3.35754 1.63712 
164.946 159.201 164.938 167.12 167.588 157.925 147.74 153.949 158.386 156.41 227.722 244.736 63.3368 223.292 249.639 5.06269 213.965 238.106 -10.8695 195.334 222.407 -9.30115 172.066 212.08 4.64871 164.972 252.835 65.9821 2.49435 3.30545 1.72148 
164.942 159.131 164.903 167.206 167.601 157.903 147.745 153.945 158.466 156.468 227.739 244.852 63.2784 223.271 249.522 5.12295 214.068 237.961 -10.723 195.528 222.276 -9.14059 172.332 211.953 4.84426 165.001 252.782 66.0242 2.42034 3.23858 1.76431 
164.899 159.093 164.82 167.282 167.662 157.797 147.777 153.949 158.598 156.597 227.786 244.923 63.2868 223.521 249.403 5.44153 214.524 237.816 -10.315 196.114 222.186 -8.79984 172.991 211.842 5.15689 165.153 252.635 66.1894 2.30395 3.10606 1.82695 
164.838 159.279 164.97 167.442 167.86 157.682 147.991 154.146 158.81 156.793 227.764 244.929 63.2992 223.744 249.299 5.6441 214.859 237.743 -10.106 196.5 222.193 -8.63038 173.406 211.89 5.31424 165.243 252.534 66.3195 2.18779 3.01128 1.87441 
164.751 159.422 165.013 167.516 168.029 157.623 147.864 154.137 158.862 156.915 227.729 245.015 63.2724 223.829 249.092 5.96178 215.024 237.586 -9.81763 196.689 222.101 -8.35316 173.616 211.801 5.60128 165.28 252.524 66.4707 2.15477 2.93072 2.01489 
164.649 159.515 165.166 167.665 168.237 157.484 148.077 154.334 159.136 157.186 227.612 244.976 63.3068 223.962 249.27 6.18665 215.263 237.699 -9.5574 197.03 222.31 -8.14924 174.008 211.955 5.82069 165.356 252.553 66.6829 2.08787 2.78983 1.99618 
164.51 159.481 165.217 167.737 168.375 157.333 148.105 154.425 159.271 157.389 227.483 245.021 63.3167 224.079 249.368 6.48219 215.42 237.806 -9.30236 197.217 222.493 -7.98739 174.173 212.077 5.95 165.42 252.601 66.9073 2.10816 2.69548 2.04561 
164.421 159.502 165.222 167.719 168.371 157.359 148.139 154.438 159.254 157.407 227.52 245.112 63.404 224.334 249.379 6.7909 215.651 237.75 -9.03565 197.367 222.41 -7.80654 174.238 211.924 6.09904 165.493 252.593 67.1356 2.22424 2.72208 2.01208 
164.356 159.607 165.269 167.767 168.413 157.398 148.166 154.56 159.354 157.527 227.517 245.079 63.5428 224.695 249.357 7.29339 215.955 237.731 -8.68168 197.595 222.417 -7.55698 174.402 211.892 6.31904 165.596 252.643 67.4317 2.28953 2.71735 2.06463 
164.34 159.565 165.238 167.749 168.324 157.593 148.077 154.572 159.36 157.569 227.638 245.111 63.6984 225.083 249.442 7.74634 216.268 237.709 -8.37573 197.815 222.298 -7.38976 174.515 211.606 6.4384 165.658 252.605 67.6497 2.48554 2.79375 2.05901 
164.271 159.565 165.324 167.82 168.311 157.555 148.26 154.704 159.471 157.692 227.587 245.062 63.8727 225.326 249.509 8.05329 216.495 237.606 -8.06244 198.023 222.182 -7.17815 174.663 211.426 6.61668 165.703 252.527 67.9256 2.56266 2.79467 1.94148 
164.205 159.477 165.399 167.861 168.283 157.56 148.433 154.815 159.541 157.793 227.646 245.2 64.1108 225.524 249.65 8.25333 216.657 237.505 -7.80934 198.121 222.027 -7.00602 174.689 211.212 6.77537 165.786 252.5 68.2207 2.68202 2.84984 1.74822 
164.119 159.238 165.396 167.832 168.213 157.576 148.425 154.797 159.477 157.759 227.779 245.45 64.3628 225.593 249.782 8.37728 216.648 237.387 -7.61618 198.033 221.814 -6.82687 174.555 210.954 6.99802 165.884 252.514 68.5012 2.81307 2.94725 1.56757 
164.134 159.02 165.268 167.688 168.022 157.802 148.247 154.621 159.23 157.526 227.979 245.667 64.607 225.777 249.98 8.60696 216.751 237.35 -7.36038 198.037 221.577 -6.60888 174.495 210.611 7.1926 165.937 252.5 68.7047 2.9835 3.11741 1.41826 
164.113 158.887 165.244 167.687 168.04 157.883 148.238 154.635 159.243 157.586 227.938 245.811 64.7831 225.862 250.245 8.82398 216.808 237.481 -7.14275 198.063 221.592 -6.46352 174.513 210.544 7.29778 165.897 252.51 68.8826 3.04499 3.20027 1.33369 
164.04 158.764 165.196 167.641 167.993 157.895 148.214 154.619 159.201 157.579 227.86 245.922 64.993 225.863 250.557 9.00524 216.799 237.656 -6.94855 198.032 221.659 -6.35064 174.476 210.513 7.37144 165.845 252.492 69.0699 3.11197 3.2734 1.23216 
163.999 158.708 165.216 167.685 167.985 157.931 148.255 154.678 159.284 157.687 227.834 246.063 65.1811 225.834 250.781 9.09702 216.751 237.755 -6.82953 197.951 221.671 -6.2988 174.406 210.459 7.4351 165.805 252.491 69.2359 3.15862 3.34068 1.15067 
163.928 158.6 165.103 167.606 167.924 157.932 148.094 154.572 159.208 157.657 227.708 246.227 65.3013 225.727 250.784 9.27828 216.613 237.75 -6.65308 197.768 221.583 -6.18259 174.239 210.323 7.54255 165.698 252.425 69.3845 3.20392 3.41445 1.20091 
163.136 158.493 164.719 167.085 167.408 157.249 148.345 154.733 159.266 157.581 226.826 245.882 65.3218 225.412 250.23 9.75125 215.836 236.799 -6.15776 196.928 220.832 -5.86517 173.777 209.734 8.03479 165.494 252.088 69.6945 2.95766 3.36941 1.30511 
162.254 158.431 164.574 166.817 167.179 156.358 148.573 155.056 159.61 157.836 225.652 245.143 65.1308 225.12 249.695 10.2323 215.265 236.216 -5.79771 196.354 220.444 -5.66729 173.529 209.338 8.38198 165.251 251.786 69.9165 2.78176 3.2943 1.64108 
161.373 158.389 164.592 166.744 167.153 155.488 148.964 155.579 160.194 158.381 224.359 244.352 64.8579 224.788 248.952 10.6445 214.721 235.503 -5.56871 195.791 219.973 -5.63734 173.271 208.81 8.60413 164.917 251.337 70.0861 2.6345 3.22558 2.04825 
160.694 158.027 164.517 166.756 167.246 154.754 149.275 156.07 160.752 158.85 222.966 243.424 64.7019 224.145 248.139 11.0217 213.765 234.548 -5.37858 194.818 219.154 -5.51969 172.697 207.919 9.10666 164.442 250.746 70.4251 2.50723 3.23491 2.47306 
160.835 157.534 164.496 167.097 167.492 154.261 150.259 156.983 161.656 159.955 221.601 243.106 64.2217 222.599 247.606 10.0848 212.685 233.827 -5.82274 193.899 218.566 -5.69988 172.153 207.254 9.44066 163.763 250.032 70.742 2.31118 3.07667 1.96939 
161.113 159.286 164.631 167.212 168.18 154.048 152.238 157.667 161.677 160.648 220.895 243.128 64.5888 220.35 247.04 8.49318 210.84 232.494 -6.32456 192.402 217.35 -5.66612 170.677 205.946 9.76083 162.743 249.136 71.2552 2.47581 2.81213 1.01493 
161.497 160.126 164.568 167.088 168.473 154.149 153.255 157.989 161.45 160.947 220.005 243.106 64.8498 218.196 246.441 7.44401 208.789 231.12 -6.71535 190.587 215.942 -5.64808 168.855 204.371 10.0447 161.462 248.195 71.659 2.81585 2.74053 0.629567 
161.872 160.451 164.309 166.716 168.541 154.409 153.692 157.973 160.971 161.006 218.865 243.385 64.7911 215.94 245.507 6.67359 206.606 229.516 -6.96608 188.448 214.202 -5.58543 166.634 202.518 10.2937 159.804 247.183 71.8956 3.27403 2.88381 0.620852 
162.393 160.329 164.075 166.32 168.495 154.916 153.527 157.857 160.468 161.061 217.088 243.824 64.7312 213.346 244.22 6.38633 204.001 227.735 -7.06714 185.767 212.111 -5.38179 163.878 200.222 10.7326 157.545 245.912 72.2477 3.80377 3.17596 0.866745 
162.637 159.504 163.536 165.715 168.253 155.293 152.863 157.457 159.771 160.962 214.946 244.392 64.7057 210.458 243.806 6.29342 201.271 226.565 -7.08524 183.062 210.234 -5.25975 161.131 197.887 10.8671 154.748 244.707 72.4275 4.48025 3.62951 1.27317 
163.107 159.391 163.358 165.457 168.096 155.799 152.743 157.521 159.511 161.042 212.225 245.194 64.6177 207.147 242.978 6.08103 197.946 225.151 -7.32964 179.719 208.219 -5.27896 157.729 195.436 11.0646 151.436 243.555 72.568 5.09789 4.02579 1.72353 
163.357 158.976 163.336 165.374 168.016 156.161 152.429 157.736 159.563 161.417 208.985 245.98 64.7479 203.605 242.526 6.12416 194.503 224.282 -7.62716 176.332 206.643 -5.47978 154.351 193.261 10.9596 147.568 242.34 72.5027 5.64853 4.44262 2.26219 
163.298 158.515 163.517 165.418 167.94 156.363 151.884 158.039 159.826 161.776 205.217 245.757 64.346 199.849 241.287 5.90343 190.704 222.797 -8.39332 172.427 204.69 -6.18578 150.421 190.725 10.5052 143.37 240.75 71.9266 6.1832 4.88364 2.97651 
163.291 158.694 163.743 165.568 167.81 156.481 151.992 158.283 160.076 162.063 200.919 245.718 63.6943 195.74 240.13 5.11297 186.784 221.184 -9.28151 168.507 202.693 -7.01749 146.422 188.335 9.8274 138.787 239.225 71.0522 6.59191 5.18994 3.33706 
163.223 158.317 163.882 165.658 167.703 156.643 151.445 158.345 160.275 162.158 195.646 245.005 62.7867 190.553 238.345 4.48715 181.567 219.074 -10.2546 163.205 200.387 -7.93454 141.21 185.714 9.31168 133.26 237.485 70.1048 6.84917 5.50223 3.9264 
163.139 158.804 163.817 165.706 167.396 156.654 151.614 158.074 160.199 161.931 190.191 244.464 61.267 185.266 237.59 2.60868 176.797 217.968 -11.8084 158.577 198.84 -9.57038 136.725 183.785 7.72451 127.748 235.83 68.3774 6.9298 5.69381 3.73795 
164.283 163.124 165.449 167.05 168.066 156.965 155.383 159.362 161.081 162.133 177.678 241.91 57.0473 172.15 235.21 -3.82425 164.633 215.198 -16.6578 147.283 195.862 -14.1628 125.465 181.02 3.11653 115.369 232.817 64.6891 6.44183 4.98101 2.33441 
165.168 165.98 167.051 168.464 168.876 156.881 158.459 160.552 162.147 162.376 169.345 239.297 53.6807 163.387 233.728 -8.58572 156.765 213.293 -19.9909 140.246 194.151 -17.2197 118.532 179.75 0.107138 107.573 230.627 62.1774 5.80814 4.18672 2.15135 
165.612 168.747 168.175 169.514 169.855 156.696 160.974 161.759 163.706 163.632 160.8 236.813 51.3213 155.292 233.722 -11.7817 149.269 213.508 -22.9603 133.017 194.36 -20.5844 111.377 180.295 -3.81462 99.6928 229.059 59.5631 5.02943 3.77933 2.68808 
166.212 169.864 168.703 170.237 170.352 156.999 162.613 162.449 164.753 163.983 151.757 233.86 49.3632 146.123 234.036 -14.8371 140.805 213.91 -26.3098 124.967 194.563 -24.2563 103.562 180.43 -7.92234 90.5919 226.683 56.4876 4.16484 3.46638 3.57682 
166.96 170.985 169.25 170.779 170.806 157.75 163.774 163.114 165.483 164.178 142.008 230.928 47.134 136.343 233.338 -17.5196 131.566 213.847 -29.4992 115.962 194.463 -27.8466 94.6488 180.076 -12.1027 80.628 223.777 53.332 3.58976 3.29945 3.98565 
167.421 172.192 169.884 171.212 171.545 158.193 164.653 163.809 166.02 164.637 130.946 227.023 45.4938 124.997 230.695 -19.4052 120.387 212.13 -31.7154 105.037 192.947 -30.0417 83.7383 178.558 -14.6379 69.6803 220.32 51.3287 3.23444 3.09683 3.95373 
168.429 171.867 169.936 170.831 171.685 158.557 164.333 164.113 165.994 165.111 118.588 220.972 44.2906 112.37 225.176 -20.7216 107.189 207.162 -33.7476 91.8536 187.956 -32.0291 70.4884 173.303 -16.9125 56.7835 213.68 49.6438 3.33688 3.0994 3.36278 
170.153 170.131 169.472 170.168 171.57 159.877 163.095 163.861 165.227 164.329 106.525 216.135 44.7038 98.8406 219.687 -20.6825 92.6955 202.28 -34.3251 77.006 182.709 -31.7742 55.5922 168.474 -16.0426 43.8734 209.262 49.9726 3.28399 3.59645 2.60327 
169.635 169.586 169.427 169.489 170.047 160.769 163.346 164.006 164.635 162.901 94.3532 210.702 43.2225 85.6683 212.208 -22.9978 77.7293 193.789 -36.5284 61.4011 174.71 -33.1046 39.8375 161.259 -16.0563 31.0964 204.882 49.3239 3.5133 3.64138 2.79553 
169.528 166.597 168.33 168.241 168.191 161.52 160.876 162.54 162.82 160.99 80.5152 205.237 40.6886 70.9153 204.59 -24.8953 60.9364 185.476 -38.6353 43.5993 166.167 -34.3612 21.3813 152.738 -16.2194 16.8357 200.443 48.0636 4.89636 4.34665 3.1801 
168.712 165.582 167.981 167.94 168.084 160.75 159.814 162.376 162.537 161.034 65.2683 199.085 37.7026 54.6625 196.733 -27.3035 43.4116 178.518 -40.9808 25.5446 160.071 -35.9719 3.20204 147.252 -16.9254 2.05472 195.731 46.8639 5.23033 4.17394 2.67073 
167.861 164.389 167.712 167.615 167.745 159.485 158.16 162.263 162.22 160.141 49.1002 191.283 34.4851 37.9327 189.521 -29.5664 25.4797 173.397 -43.8981 7.39417 155.837 -38.3838 -14.536 143.736 -18.5813 -13.0506 191.566 44.8785 4.91577 3.91341 1.98231 
165.694 162.904 166.698 167.059 167.15 157.29 156.176 161.286 161.191 159.34 30.4939 181.131 32.0182 21.1457 182.253 -31.7528 8.15337 167.466 -46.604 -9.90144 149.872 -40.7647 -31.6365 138.272 -20.9697 -30.1864 186.006 42.299 4.50943 4.07626 2.2377 
165.159 163.369 166.986 166.28 166.527 155.789 156.406 160.455 159.81 157.923 11.8717 171.273 30.8308 3.41874 175.018 -32.8762 -9.98356 160.981 -47.0097 -28.2188 144.196 -40.8276 -50.3597 133.897 -21.5376 -47.6293 180.848 41.559 4.06682 4.05248 1.7087 
166.214 164.404 167.266 166.356 167.086 156.311 157.447 160.381 158.295 156.427 -7.52428 163.221 28.4402 -15.6002 167.238 -34.5431 -28.9253 153.791 -46.7231 -47.6357 137.463 -39.4177 -69.9439 130.622 -20.8059 -65.8665 177.892 40.6814 2.66112 5.00162 0.628329 
166.793 166.55 167.449 166.701 167.051 156.423 158.453 159.28 158.018 155.285 -28.5392 155.393 25.0507 -35.4165 159.137 -36.5461 -48.5418 146.772 -47.485 -68.9182 133.019 -40.8063 -91.0814 128.507 -22.0726 -85.1059 174.38 38.7519 1.64343 4.24067 1.28979 
167.597 166.327 165.237 166.098 166.045 157.762 156.496 156.381 156.132 152.313 -49.0401 149.143 22.1628 -55.379 152.802 -37.045 -69.1451 142.354 -48.0565 -90.9474 130.777 -41.8949 -113.079 127.328 -22.9606 -104.074 171.64 36.972 1.54355 3.84818 1.00381 
168.625 164.017 162.906 165.027 165.654 159.69 152.987 153.124 153.65 149.606 -70.1509 144.524 18.1723 -77.2241 148.633 -38.0692 -92.1799 139.611 -49.0009 -115.503 129.848 -43.0247 -137.521 127.659 -24.4328 -123.522 169.246 35.1525 1.59359 4.02749 0.613375 
170.192 163.395 160.438 162.783 163.285 161.378 151.185 151.32 153.18 149.092 -90.4816 142.392 13.5611 -100.644 145.53 -41.2835 -116.807 137.626 -51.991 -141.847 130.236 -46.3921 -164.296 128.92 -27.2008 -143.578 167.946 32.3348 2.9879 4.64969 0.636449 
171.181 160.395 158.049 160.162 160.852 162.315 149.864 150.522 151.8 142.777 -112.194 139.96 8.69612 -127.513 143.956 -46.3052 -145.049 135.618 -55.6535 -170.46 129.198 -48.5653 -190.83 128.009 -26.4495 -165.175 165.814 29.843 2.52445 5.03872 0.568203 
171.365 162.928 158.115 159.576 157.782 162.368 151.131 148.662 150.217 138.738 -133.215 139.162 3.06914 -153.379 144.607 -52.0839 -172.473 134.066 -58.0038 -197.759 128.722 -49.3543 -216.47 127.451 -25.1344 -184.93 163.722 28.454 3.2316 5.2155 3.77831 
172.144 162.206 159.214 161.089 160.097 162.983 149.865 148.332 151.629 141.788 -154.254 137.771 0.905024 -178.492 144.401 -53.7541 -198.351 134.25 -58.9631 -224.171 129.435 -49.3902 -242.622 127.71 -24.1028 -205.513 162.662 28.4638 4.44089 6.06556 3.49517 
171.759 159.53 160.148 164.82 158.711 163.86 145.649 147.175 152.324 136.296 -176.706 137.215 -3.67045 -202.779 143.664 -54.8316 -223.596 134.936 -59.5848 -248.995 130.311 -48.7224 -264.55 127.609 -19.7497 -224.79 162.87 27.567 5.4718 6.32396 2.48393 
171.509 156.065 158.145 161.403 148.383 164.489 140.785 143.464 150.193 125.164 -197.278 136.25 -7.84585 -226.255 142.708 -55.5341 -247.932 134.495 -58.7435 -272.764 131.96 -45.7172 -284.4 126.387 -12.7605 -242.523 162.902 26.7075 9.36996 7.06716 2.39354 
168.375 154.883 156.756 156.994 145.298 164.012 138.596 141.26 146.179 120.319 -219.137 135.642 -10.4488 -249.474 142.927 -56.5805 -271.199 134.354 -57.5876 -294.737 131.592 -41.7847 -303.985 124.879 -6.832 -260.518 163.54 26.1737 12.2866 7.09654 2.64745 
165.035 143.655 133.617 98.3623 90.0456 160.047 129.324 130.23 139.32 123.981 -253.384 138.992 -9.77135 -283.116 140.254 -49.5296 -306.074 130.544 -45.1942 -330.104 135.403 -23.5356 -341.366 134.076 4.40294 -292.137 168.13 28.4632 8.01627 12.1126 4.96147 
167.507 148.526 133.461 103.853 93.1907 161.354 133.546 134.38 120.818 126.808 -264.791 144.358 -5.66506 -298.066 143.271 -47.2485 -322.78 135.815 -42.6667 -342.184 139.337 -15.1293 -357.755 143.947 7.99243 -305.438 173.001 32.6217 13.1135 8.17092 5.80086 
170 152.263 131.059 119.033 98.924 161.368 134.053 133.795 110.756 121.182 -276.732 147.716 -1.72459 -311.411 144.685 -42.6261 -336.881 138.721 -35.5025 -354.02 141.568 -7.302 -368.874 152.651 11.5172 -316.974 177.576 36.7604 16.9861 7.44932 6.94176 
174.668 152.365 131.053 138.558 100.129 164.034 136.192 134.858 117.939 112.67 -288.833 152.188 0.409327 -325.386 147.455 -37.9297 -351.142 143.628 -29.969 -369.385 146.243 -5.11542 -379.375 161.033 16.4379 -328.567 183.306 40.647 14.2318 7.19476 7.15228 
177.057 151.693 134.204 154.065 112.21 166.289 140.82 136.974 128.852 114.043 -297.779 155.485 0.668544 -337.141 150.324 -35.8097 -362.521 147.74 -26.6241 -381.875 151.19 -5.81705 -386.479 168.062 16.9006 -336.546 187.529 43.3077 12.349 6.28743 7.46171 
175.599 151.205 142.671 159.783 126.78 166.023 144.881 140.829 141.018 121.681 -306.018 157.767 3.41122 -345.625 152.498 -33.0599 -371.711 151.533 -24.7579 -392.421 157.32 -7.44093 -393.824 173.284 17.1124 -342.674 191.165 46.3897 9.8074 6.38768 7.44306 
174.501 150.541 152.381 163.109 133.961 166.64 147.262 145.537 146.528 127.075 -312.18 159.457 5.15194 -352.208 154.158 -31.178 -379.595 154.904 -24.4485 -399.422 162.403 -8.24012 -400.184 177.642 17.2393 -347.616 194.06 48.2956 8.44011 5.81529 7.56 
173.383 151.782 159.48 164.263 140.865 167.49 149.184 149.148 149.441 131.859 -317.201 160.778 6.60862 -356.973 155.784 -30.0051 -385.467 157.862 -24.2785 -404.492 166.384 -8.33454 -405.668 180.661 17.5678 -351.48 196.399 49.6914 6.86231 5.41622 7.99316 
172.211 152.342 163.401 165.529 145.662 168.988 149.942 151.233 151.313 136.174 -321.042 161.621 7.74949 -359.885 157.308 -29.3593 -389.414 159.642 -23.9545 -407.99 168.307 -8.02967 -409.749 181.115 18.148 -354.183 198.042 50.5103 4.96235 5.12065 8.61425 
172.009 153.327 165.439 165.671 150.188 170.64 150.619 152.97 151.939 139.178 -323.329 162.507 8.52053 -361.431 158.545 -29.0122 -392.063 160.747 -23.7408 -409.956 169.119 -7.72395 -412.58 180.829 18.5521 -356.182 199.183 51.183 3.63561 4.5273 9.33685 
172.555 154.831 166.24 165.78 153.276 172.159 151.228 153.757 152.109 140.816 -324.73 163.147 9.64215 -361.943 159.647 -28.5411 -393.201 161.265 -23.2863 -410.714 169.429 -7.64806 -414.442 180.141 18.9223 -357.872 200.314 51.8744 2.35726 4.15425 9.76286 
172.442 148.982 159.835 162.779 148.762 170.551 148.524 146.89 148.3 136.705 -326.598 163.157 9.97668 -361.07 159.776 -26.1279 -390.345 158.681 -19.148 -410.056 167.625 -5.56355 -415.749 177.358 22.0664 -359.231 201.269 52.0332 0.745815 6.13467 9.20396 
172.013 146.987 158.184 161.037 149.782 169.135 148.553 145.957 145.605 136.219 -332.001 163.224 10.3356 -361.491 160.432 -25.074 -390.049 157.708 -17.3402 -407.274 165.919 -4.97972 -414.381 175.029 22.2982 -360.047 202.163 51.964 1.32098 4.77531 9.20773 
172.636 147.069 156.049 160.212 152.371 168.605 149.864 144.447 144.847 137.938 -334.626 162.991 10.6801 -362.069 161.408 -24.6258 -388.578 156.521 -15.1048 -405.484 164.621 -4.40837 -413.578 172.395 22.5089 -360.316 202.829 51.9013 2.27705 5.50765 9.32573 
173.587 148.6 154.116 159.955 155.447 168.682 151.611 143.136 144.788 140.091 -336.095 162.37 10.8833 -362.816 161.99 -24.4724 -386.734 155.636 -13.5319 -403.393 163.857 -4.50639 -412.698 170.256 22.3347 -360.062 203.217 51.6759 3.34508 6.57963 9.47815 
174.713 152.111 155.585 159.058 155.995 168.404 153.728 142.725 144.053 140.717 -336.693 161.286 11.4105 -363.458 162.461 -24.8256 -385.019 155.09 -12.789 -401.056 163.265 -4.42649 -411.375 169.008 22.4188 -359.213 203.311 51.4504 4.125 6.91209 10.0462 
175.698 154.968 157.462 157.748 157.902 167.855 156.392 144.823 144.366 141.644 -337.969 160.244 12.6954 -363.3 162.325 -24.7408 -381.785 155.014 -13.586 -396.125 162.769 -5.25181 -407.465 168.06 21.6412 -356.901 203.427 51.0174 4.70698 6.60618 9.45298 
176.257 157.604 159.524 157.827 160.331 167.396 158.55 148.954 145.893 143.332 -338.893 160.193 14.4125 -361.911 162.381 -24.7577 -380.285 155.943 -15.7036 -393.826 162.889 -5.86654 -405.776 167.818 21.1499 -355.327 203.439 51.1515 5.18299 5.29945 7.8593 
179.228 159.004 161.853 159.978 161.751 167.786 160.108 152.517 148.798 145.374 -339.135 161.131 15.2185 -359.047 162.369 -24.5357 -377.69 156.559 -17.6856 -391.34 163.014 -7.13356 -403.353 167.388 20.4528 -353.731 203.557 51.4492 5.69001 4.62291 6.28136 
179.277 162.863 159.924 158.624 160.673 167.486 161.334 150.954 147.871 144.696 -339.481 161.736 14.566 -355.765 162.733 -25.8476 -374.129 155.721 -16.7873 -389.498 161.701 -6.14339 -400.657 166.167 20.9667 -352.015 203.629 51.2804 5.18676 4.26713 8.0015 
177.892 165.809 155.541 158.631 161.422 167.51 161.285 144.431 145.602 142.181 -338.851 162.246 13.2095 -354.096 163.734 -27.3908 -369.552 154.139 -13.701 -388.121 160.394 -4.71413 -398.964 165.214 21.5453 -350.865 203.844 50.6224 4.49346 6.14663 12.3168 
176.337 167.9 148.618 153.637 159.01 166.962 161.359 136.944 141.953 140.166 -338.832 163.84 12.3559 -353.677 165.085 -28.7069 -366.509 153.246 -9.72354 -386.921 160.261 -3.17698 -398.364 165.353 21.6679 -350.297 204.407 49.8896 3.65888 8.80447 17.1639 
174.727 170.324 145.515 149.459 156.906 166.188 162.018 132.954 139.825 138.285 -339.43 165.139 12.7279 -353.515 166.743 -29.7282 -365.192 154.062 -8.0982 -386.379 160.912 -2.31718 -398.065 166.093 22.1296 -350.193 205.299 49.6223 3.65587 9.56532 19.5637 
173.437 170.967 143.8 148.369 157.273 165.386 162.442 133.78 140.311 137.996 -340.28 165.943 13.9065 -352.756 168.108 -30.4431 -364.764 155.57 -9.11706 -386.193 162.133 -2.50584 -397.716 167.084 22.413 -349.849 206.324 49.7847 4.20884 8.97958 19.2295 
172.359 172.25 149.835 150.226 159.939 165.052 162.97 138.029 142.773 139.804 -339.154 166.497 14.2164 -350.066 168.911 -31.2713 -363.978 156.248 -11.4036 -385.026 162.003 -3.04779 -396.381 166.351 22.7671 -348.787 207.03 50.0095 5.05581 7.56174 17.6165 
171.928 172.688 152.559 150.282 160.831 165.052 162.886 138.928 143.204 140.034 -337.49 166.313 13.5952 -347.084 169.146 -32.5435 -361.652 156.09 -12.4192 -382.741 161.594 -3.70261 -394.054 165.831 22.2902 -347.02 207.25 49.4754 5.1686 7.29093 17.729 
171.424 173.325 152.46 150.113 162.64 164.805 162.782 134.943 141.711 139.147 -335.13 166.072 12.6867 -344.772 169.941 -33.9778 -357.58 155.278 -10.4634 -379.335 160.627 -3.21031 -391.222 164.525 22.5779 -345.277 207.471 48.7772 5.33111 8.55183 20.7516 
171.149 174.107 152.356 149.011 162.607 165.134 162.356 133.281 139.4 138.93 -330.057 165.509 11.2677 -340.414 171.25 -35.6076 -352.401 154.876 -10.8283 -375.173 159.605 -2.59183 -388.172 162.928 23.0132 -342.46 207.212 48.5027 5.51936 8.9476 22.0053 
170.696 172.846 153.273 149.525 160.044 165.205 160.67 132.675 139.878 139.732 -324.761 164.411 10.7643 -336.034 172.5 -36.2065 -347.455 154.54 -11.2999 -371.324 158.744 -3.45772 -385.137 161.774 22.7883 -340.053 207.325 48.0037 6.24266 9.87085 22.69 
170.06 170.718 154.764 147.079 155.058 165.206 160.924 133.482 139.211 139.504 -321.181 166.303 11.6348 -332.876 174.502 -37.7453 -344.184 155.633 -13.6982 -368.669 159.416 -4.28069 -383.018 161.975 22.4626 -337.589 207.475 47.9924 6.98313 9.56766 22.531 
169.659 170.861 152.589 143.83 151.189 164.999 161.28 130.983 137.971 142.537 -318.838 168.219 11.2884 -329.966 175.328 -39.1095 -340.45 156.466 -14.2877 -364.855 159.824 -5.57116 -381.181 161.445 20.7732 -334.91 207.258 47.4062 8.08587 9.97231 22.9405 
170.033 171.445 152.79 142.752 155.672 164.513 161.39 129.965 136.868 147.129 -316.101 169.238 9.94435 -327.951 176.65 -40.2066 -337.293 156.855 -15.0699 -361.595 160.569 -6.645 -380.252 161.823 18.4355 -332.043 207.132 46.6332 9.46726 10.6039 23.655 
169.613 172.192 147.098 141.633 157.786 163.591 162.292 134.527 144.733 151.241 -314.369 172.065 9.7789 -325.903 178.06 -40.5831 -337.309 160.623 -19.6888 -362.686 163.54 -10.0555 -379.407 163.323 17.0526 -329.185 207.462 46.4312 9.30805 10.8101 19.1361 
160.299 174.428 180 174.27 174.27 156.189 178.287 179.993 178.17 178.914 -319.107 196.166 24.171 -354.438 207.067 -36.0732 -372.086 186.393 -35.6687 -391.221 175.688 -17.1296 -400.263 172.5 14.2159 -351.905 220.721 53.1468 11.4757 6.71098 5.79279 
143.627 179.224 176.311 156.522 149.701 170.934 159.566 158.837 150.255 140.278 -385.731 205.525 36.4473 -373.532 213.341 -26.6669 -374.549 194.39 -36.3173 -365.542 173.317 -19.3861 -357.9 159.673 11.1999 -330.334 217.394 48.6385 9.54583 5.17385 2.99919 
152.867 160.302 164.56 160.405 157.946 152.354 147.575 154.167 152.034 145.376 -372.04 209.39 36.2319 -358.749 212.461 -26.8145 -350.545 193.041 -39.8719 -350.561 172.939 -21.4476 -342.303 155.249 8.76661 -316.286 213.867 48.6412 9.87517 7.73082 7.47162 
155.751 157.295 160.424 164.568 160.962 154.278 144.486 153.887 155.136 151.831 -363.622 205.285 33.7296 -352.922 212.722 -25.974 -339.522 192.69 -41.7552 -338.896 172.648 -26.6104 -327.912 153.172 1.46867 -307.962 211.162 47.4846 9.1468 6.32911 11.6326 
