169.457 162.096 164.039 165.807 165.021 162.387 154.696 156.823 158.46 155.675 215.59 186.235 52.6668 200.614 197.105 -14.6191 186.146 181.807 -27.1895 164.227 166.229 -21.1877 141.542 158.513 -1.482 150.098 205.242 58.9337 4.26488 5.72296 3.19575 
169.534 162.162 164.107 165.877 165.02 162.372 154.886 156.91 158.538 155.622 215.698 185.846 52.7688 200.87 197.1 -14.5939 186.539 181.726 -27.1033 164.701 166.055 -21.0603 142.102 158.308 -1.34983 150.313 205.034 58.9341 4.23388 5.76463 3.26281 
169.665 162.297 164.265 166.052 165.103 162.361 155.169 157.104 158.764 155.731 215.779 185.652 52.8763 200.995 197.09 -14.5476 186.802 181.677 -26.9884 165.038 166.026 -20.9195 142.504 158.282 -1.20904 150.492 204.9 59.0197 4.18416 5.73342 3.30117 
169.797 162.249 164.29 166.087 165.053 162.452 155.253 157.167 158.829 155.647 216.051 185.669 53.0656 201.136 197.054 -14.4614 186.994 181.591 -26.867 165.26 165.887 -20.7225 142.793 158.146 -0.934853 150.683 204.795 59.1258 4.19043 5.77558 3.34629 
169.993 162.232 164.371 166.124 164.925 162.663 155.365 157.264 158.929 155.729 216.232 185.729 53.1988 201.331 196.995 -14.3273 187.191 181.632 -26.777 165.485 165.937 -20.5616 142.987 158.172 -0.74301 150.959 204.85 59.3544 4.23883 5.77844 3.26266 
170.03 162.292 164.327 166.074 164.802 162.643 155.339 157.24 158.928 155.773 216.448 185.74 53.3168 201.697 196.926 -14.0889 187.57 181.592 -26.5608 165.844 165.859 -20.366 143.272 158.127 -0.655731 151.2 204.795 59.469 4.20873 5.79682 3.21752 
170.043 162.155 164.197 165.943 164.741 162.67 155.134 157.113 158.811 155.736 216.738 185.874 53.573 201.852 196.772 -13.8009 187.68 181.482 -26.3205 165.893 165.786 -20.119 143.249 158.145 -0.47051 151.343 204.75 59.6213 4.18973 5.80847 3.18128 
169.971 162.022 164.14 165.889 164.749 162.533 154.964 157.038 158.778 155.728 216.815 185.821 53.7759 201.964 196.772 -13.544 187.78 181.532 -26.1003 166.018 165.884 -19.9166 143.389 158.256 -0.280554 151.485 204.741 59.7773 4.16139 5.76705 3.13637 
169.787 161.916 163.975 165.773 164.682 162.306 154.761 156.851 158.605 155.559 216.721 185.647 53.9081 202.123 196.646 -13.2421 188.015 181.436 -25.7982 166.316 165.81 -19.6709 143.692 158.177 -0.10648 151.53 204.586 59.8727 4.11233 5.71474 3.08802 
169.612 161.965 163.955 165.749 164.661 162.067 154.707 156.836 158.612 155.585 216.566 185.438 54.0732 202.268 196.534 -12.9407 188.197 181.383 -25.5571 166.529 165.778 -19.508 143.902 158.105 -0.00927353 151.535 204.446 59.9856 4.08735 5.66403 3.01151 
169.529 161.841 163.811 165.572 164.521 162.026 154.526 156.693 158.503 155.701 216.259 184.995 54.5494 202.261 196.442 -12.3839 188.267 181.253 -25.0885 166.605 165.574 -19.1898 143.83 157.791 0.0569587 151.284 204.072 60.2618 4.11399 5.65951 3.00771 
169.397 161.78 163.632 165.381 164.358 162.011 154.324 156.49 158.298 155.603 216.071 184.615 54.7231 202.37 196.281 -12.1234 188.42 181.079 -24.8826 166.716 165.336 -19.1138 143.826 157.481 -0.0574498 151.105 203.794 60.2618 4.14169 5.67775 2.99094 
169.296 161.627 163.504 165.275 164.265 162.011 154.088 156.319 158.148 155.462 215.833 184.313 54.891 202.335 196.047 -11.8183 188.478 180.893 -24.635 166.747 165.144 -18.9888 143.8 157.225 -0.0686531 150.825 203.527 60.2719 4.14372 5.65575 2.91158 
169.218 161.46 163.408 165.18 164.199 162.025 153.919 156.198 158.034 155.429 215.378 183.899 54.9265 202.087 195.763 -11.6538 188.336 180.642 -24.5254 166.622 164.856 -19.0004 143.595 156.859 -0.256139 150.344 203.131 60.1812 4.14979 5.63461 2.84794 
169.22 161.396 163.359 165.124 164.108 162.077 153.786 156.085 157.916 155.34 214.766 183.523 54.8134 201.692 195.372 -11.5757 188.033 180.255 -24.5017 166.332 164.411 -19.0804 143.259 156.337 -0.497068 149.669 202.65 59.9825 4.14484 5.6292 2.80202 
169.288 161.425 163.461 165.124 164.177 162.082 153.941 156.178 157.9 155.458 213.872 183.063 54.6703 200.921 194.972 -11.7616 187.305 179.737 -24.7017 165.63 163.833 -19.259 142.507 155.79 -0.76096 148.821 202.176 59.7828 4.13575 5.66263 2.89414 
169.398 161.355 163.451 164.982 164.229 162.207 154.009 156.194 157.877 155.832 212.689 182.453 54.3473 199.949 194.522 -12.1062 186.309 179.101 -25.1098 164.605 163.105 -19.7215 141.321 155.047 -1.45692 147.695 201.57 59.3846 4.19832 5.71752 3.03842 
169.413 161.116 163.436 164.86 164.409 162.26 154.014 156.247 157.929 156.332 210.956 181.382 53.9071 198.497 194.149 -12.6036 184.73 178.549 -25.7617 162.999 162.456 -20.4344 139.598 154.346 -2.33018 146.2 200.878 58.8735 4.29005 5.79052 3.22769 
169.342 161.053 163.488 164.813 164.714 162.222 154.142 156.348 157.979 156.861 208.664 180.126 53.3449 196.602 193.75 -13.1669 182.672 178.014 -26.4652 160.909 161.795 -21.1737 137.383 153.644 -3.22291 144.336 200.187 58.3895 4.39913 5.8917 3.40257 
169.446 160.854 163.29 164.504 164.737 162.401 153.943 156.13 157.619 157.014 206.324 178.893 52.8235 194.522 193.062 -13.6656 180.363 177.232 -27.1281 158.486 160.838 -21.829 134.714 152.703 -4.0552 142.125 199.372 57.8667 4.58205 6.0766 3.56961 
169.59 160.821 163.351 164.467 165.032 162.61 154.051 156.207 157.672 157.547 203.506 177.47 52.1152 192.153 192.198 -14.3654 177.901 176.181 -27.9755 155.952 159.72 -22.7893 131.833 151.554 -5.28303 139.568 198.338 57.2167 4.81175 6.11865 3.74606 
169.88 160.959 163.594 164.666 165.404 162.993 154.286 156.496 157.951 158.136 200.591 176.311 51.8155 189.047 191.171 -14.923 174.604 175.047 -28.6939 152.554 158.573 -23.5596 128.216 150.377 -6.13483 136.531 197.207 56.8542 5.02385 6.14903 3.86868 
170.19 160.808 163.395 164.412 165.333 163.581 154.101 156.33 157.619 158.097 197.569 175.111 51.054 185.261 189.714 -15.8049 170.509 173.58 -29.6881 148.395 156.88 -24.3197 124.004 148.821 -6.82491 133.032 195.773 56.2271 5.10499 6.36068 3.95449 
170.583 160.72 163.422 164.308 165.19 164.288 153.999 156.361 157.607 158.107 194.255 173.596 50.5974 181.698 188.218 -16.4254 166.59 172.115 -30.6284 144.287 155.429 -25.4317 119.888 147.311 -7.8485 129.196 194.051 55.4672 5.13852 6.41386 4.11396 
170.772 160.555 163.312 164.09 165.202 164.861 153.649 156.122 157.31 158.056 190.589 172.044 50.0739 177.593 186.56 -17.0144 162.109 170.501 -31.4139 139.62 153.782 -26.2177 115.34 145.803 -8.49048 125.021 192.308 54.864 5.02852 6.52829 4.27069 
170.938 160.568 163.338 164.034 165.056 165.48 153.478 156.109 157.293 157.912 186.611 170.725 49.6703 173.112 184.763 -17.5006 157.374 168.761 -32.0692 134.704 152.088 -26.9742 110.524 144.163 -9.01804 120.448 190.581 54.3903 4.95623 6.55127 4.34313 
171.222 160.665 163.474 164.098 164.885 166.216 153.46 156.264 157.484 157.833 182.602 169.488 48.9509 168.437 182.553 -18.3636 152.281 166.713 -33.1507 129.342 150.248 -28.2312 105.173 142.346 -9.96463 115.662 188.71 53.6245 4.99419 6.51112 4.42973 
171.258 160.801 163.716 164.329 164.991 166.86 153.562 156.625 157.89 157.971 178.222 168.408 48.0587 162.95 180.223 -19.546 146.419 164.397 -34.3406 123.281 148.231 -29.452 99.2308 140.384 -10.7282 110.507 186.946 52.8356 5.03141 6.40231 4.51564 
171.698 162.836 164.713 164.753 165.416 167.115 155.747 157.919 158.532 158.272 174.088 167.305 47.016 156.751 177.211 -22.2736 139.512 160.272 -36.1776 116.35 144.228 -30.5569 92.4949 136.61 -11.079 105.24 185.086 51.7923 5.23206 6.38872 5.17969 
171.825 164.046 165.245 165.217 165.317 167.458 156.778 158.68 159.288 158.674 169.418 166.534 46.5829 150.756 174.011 -23.4875 132.743 156.639 -37.1834 108.913 141.27 -31.6941 84.7766 133.944 -11.5713 99.6588 183.503 51.3405 5.68085 6.3348 5.60303 
171.736 164.501 165.579 165.626 165.377 167.894 157.339 159.221 159.943 159.264 164.631 166.404 45.7741 144.442 171.882 -24.8069 125.489 154.284 -38.5959 100.934 139.374 -33.1883 76.3068 131.781 -12.2075 93.8594 182.235 50.9085 6.5599 6.4627 6.0349 
171.913 164.594 165.636 165.938 165.729 168.561 157.56 159.499 160.394 159.85 159.416 166.723 44.8862 137.205 170.818 -26.078 117.29 153.154 -39.8898 92.2679 138.467 -34.3453 67.1555 130.355 -12.414 87.5055 181.424 50.7271 7.56365 6.62949 6.44144 
172.06 163.729 165.14 165.529 165.437 169.443 156.267 158.615 159.671 159.046 153.819 166.252 42.665 130.258 170.149 -28.1939 109.601 152.868 -42.4204 84.37 138.269 -36.9825 58.9946 129.759 -14.6242 80.9334 180.643 48.8498 8.03827 6.70321 6.71396 
172.168 163.44 164.915 165.586 165.067 169.468 155.949 158.187 159.443 158.025 146.63 164.242 40.1442 123.533 169.967 -30.7422 102.461 153.009 -45.3743 76.959 138.586 -40.3251 51.5601 129.767 -17.7695 73.8983 179.618 46.3989 8.12542 6.7539 6.97026 
172.397 163.574 164.948 165.925 165.17 168.638 156.261 158.126 159.321 157.316 138.04 162.299 37.796 115.975 170.283 -32.833 95.25 153.721 -47.4954 69.9499 139.556 -42.6191 44.4813 130.739 -20.4921 66.2805 178.839 44.5389 7.90863 6.51085 6.74402 
172.407 163.343 164.653 166.092 165.385 167.564 156.384 158.124 159.197 157.074 129.032 160.32 35.9373 108.377 170.86 -34.6317 87.9399 154.8 -49.5419 63.011 140.389 -44.662 37.5736 131.573 -23.2279 58.392 177.87 42.6878 7.5639 6.41616 6.55178 
171.752 162.634 164.27 165.759 164.855 166.186 155.54 157.375 158.165 155.846 118.497 157.368 32.7586 99.1397 169.944 -36.6005 79.0586 154.411 -51.501 54.6232 139.829 -46.2963 29.4972 131.416 -25.4332 49.4062 176.436 40.4753 6.99281 6.30961 6.20585 
172.601 161.242 162.032 163.777 164.305 166.583 153.676 154.805 155.422 153.874 109.605 157.091 30.0676 88.1076 166.206 -38.5675 68.0437 150.767 -51.8826 44.5347 136.53 -45.6797 19.731 129.027 -25.3141 39.5734 174.727 38.4574 6.65221 5.88905 5.88058 
171.805 160.271 160.759 162.214 163.681 165.483 152.659 153.847 153.969 152.537 98.3529 155.653 27.6551 76.0016 163.069 -39.966 55.9383 148.736 -52.402 33.4349 134.831 -45.0621 9.30697 127.781 -24.6959 29.3348 173.468 37.4375 6.26484 5.56321 5.11481 
170.449 159.904 160.279 161.388 163.329 163.465 152.707 154.07 153.407 151.471 85.2694 152.675 25.3738 62.9853 159.597 -41.4492 42.9067 146.872 -53.336 21.3317 133.076 -44.7137 -1.73082 126.62 -24.0648 18.4457 172.069 36.7004 5.54461 5.647 4.19303 
169.375 159.428 160.339 160.09 162.772 161.162 152.42 153.326 152.402 150.767 70.1001 147.404 23.693 48.7172 155.743 -42.3312 28.9953 143.457 -53.0015 8.17726 130.561 -43.5445 -14.0386 124.708 -22.6963 6.70788 170.289 36.666 5.03599 5.27573 3.51806 
166.841 159.969 160.49 160.094 162.957 158.615 153.288 153.782 152.403 151.028 52.9685 140.51 22.0934 33.3852 148.303 -43.6548 14.67 136.374 -53.0482 -6.00452 124.761 -42.7609 -27.5985 120.78 -21.9452 -6.6576 167.718 35.5611 4.15379 5.12114 2.63455 
166.232 160.536 160.606 159.966 163.066 157.769 154.232 153.703 151.517 150.486 35.8948 134.907 18.4584 17.7132 142.732 -46.7579 -0.164889 130.893 -55.0639 -20.9056 120.084 -44.2489 -41.8569 118.221 -23.978 -21.2895 165.45 32.6586 2.84696 5.3108 2.72779 
167.315 160.92 160.627 159.455 162.491 158.147 154.035 151.452 149.321 148.333 17.9595 131.303 13.8161 0.570182 139.642 -49.3294 -16.5243 128.018 -56.0092 -37.6663 119.091 -45.4606 -58.1616 119.62 -26.0374 -36.8018 165.124 29.726 1.59074 4.80809 3.79615 
168.546 162.104 158.234 158.382 161.313 159.277 153.604 148.256 147.331 146.22 -1.63593 126.956 9.14997 -17.4878 135.301 -51.5033 -34.0588 124.959 -57.0861 -55.9334 118.579 -47.5568 -76.4831 121.098 -28.839 -53.1158 164.097 26.1366 1.39704 3.81746 4.26982 
168.429 161.356 156.783 156.876 160.018 160.651 149.96 146.587 146.731 145.771 -22.2208 125.117 3.32528 -37.6074 132.328 -53.6126 -54.0616 125.156 -60.7294 -77.1853 121.097 -52.2356 -98.5522 124.619 -33.7605 -71.2346 162.65 22.4046 2.84276 3.21254 2.39859 
173.457 159.987 158.933 160.263 160.982 164.748 147.964 148.939 150.975 149.121 -41.5719 123.297 -2.70147 -58.4342 129.755 -57.4168 -75.5006 125.814 -66.9724 -101.11 123.95 -59.7965 -124.302 127.858 -39.9438 -89.8621 160.899 18.2242 5.45492 4.66608 1.50754 
177.886 161.797 160.187 164.134 162.765 168.056 150.229 150.671 152.403 148.643 -60.9267 122.918 -9.7303 -81.2259 129.24 -63.1835 -97.518 126.9 -72.8511 -123.942 124.267 -64.9745 -147.847 127.576 -43.0645 -108.719 158.551 14.2217 6.99292 5.59643 2.93452 
178.888 160.269 162.874 167.388 167.105 168.9 146.528 152.324 159.159 157.444 -82.2851 121.732 -17.1656 -105.828 128.906 -67.2743 -121.874 128.068 -78.2966 -152.089 129.424 -71.022 -176.891 132.447 -46.6302 -127.399 156.726 10.3499 10.4506 9.20258 4.62592 
175.554 153.823 162.102 169.36 167.242 168.002 150.843 155.512 164.926 163.076 -108.674 120.41 -23.0325 -138.154 131.273 -74.6222 -156.33 131.327 -83.869 -186.701 135.164 -74.3403 -209.256 137.036 -46.4787 -151.473 155.307 7.72999 11.1107 10.4181 3.84763 
173.671 153.416 160.393 166.454 163.861 167.327 150.883 156.736 164.878 160.86 -133.858 120.245 -25.8694 -168.466 133.399 -77.6097 -190.197 134.605 -85.0827 -219.051 138.84 -72.6622 -238.106 138.911 -42.231 -175.446 155.861 7.29115 10.2663 10.0518 3.74229 
174.079 157.011 162.5 165.005 161.794 167.234 150.296 156.246 161.253 156.69 -157.774 119.798 -26.7489 -194.739 132.84 -76.7313 -218.327 134.44 -82.0403 -244.623 137.849 -67.2473 -261.412 138.332 -35.7499 -197.291 156.875 9.06745 9.86666 8.78596 4.56582 
174.365 153.029 160.196 157.719 157.007 169.253 145.206 153.901 155.412 153.301 -177.69 119.882 -29.225 -215.69 130.583 -73.9051 -242.39 134.115 -79.1781 -266.241 136.613 -61.5433 -281.724 137.868 -28.4811 -215.046 157.651 9.79829 11.072 7.8632 7.81722 
175.785 146.887 160.355 158.136 150.032 170.678 141.68 152.418 150.843 146.647 -193.8 120.145 -29.094 -235.863 128.725 -69.6722 -263.409 134.503 -74.473 -285.125 135.563 -54.5632 -298.091 137.172 -18.8072 -229.82 158.247 12.1758 12.0784 7.04308 9.79778 
173.096 146.527 159.731 162.658 148.779 170.585 144.059 152.856 154.461 145.415 -205.293 121.533 -25.6133 -254.005 129.709 -66.8948 -281.642 136.073 -69.6831 -304.192 138.156 -48.7234 -312.051 139.428 -12.2845 -242.889 160.119 14.9061 10.0075 8.33008 9.43086 
168.275 150.607 160.124 165.365 148.662 171.06 149.269 152.615 155.787 142.067 -221.237 125.118 -23.0636 -271.902 132.849 -66.7307 -298.163 138.27 -66.1215 -320.361 140.602 -44.9656 -324.292 141.603 -9.26159 -256.624 163.353 16.4353 8.03765 8.16935 6.69701 
161.808 152.803 159.396 168.078 157.298 168.063 151.731 150.585 155.763 141.329 -237.35 129.387 -19.7112 -287.099 135.145 -65.6705 -312.868 140.153 -61.8029 -334.259 142.606 -42.0717 -338.359 145.573 -7.68071 -271.149 167.436 17.2793 7.55487 7.15634 5.68069 
161.063 154.737 154.25 170.506 172.974 167.63 151.539 145.006 156.7 143.857 -250.744 134.358 -20.4931 -299.989 136.335 -65.4174 -326.807 140.055 -55.1725 -346.548 146.582 -40.5236 -354.163 150.47 -3.28604 -283.582 169.636 17.1649 12.8073 5.37226 7.83104 
164.435 153.162 142.117 170.627 174.27 164.99 150.53 137.887 155.114 141.657 -264.3 138.726 -20.8244 -309.91 139.589 -63.1168 -336.37 140.194 -47.2525 -355.873 149.273 -36.6333 -365.793 155.102 1.06636 -295.09 173.722 19.0306 15.0555 6.79673 11.4198 
166.44 154.864 130.918 158.173 174.27 163.327 154.483 128.458 139.119 136.975 -276.734 141.987 -20.9473 -322.14 144.086 -61.6172 -344.428 140.264 -38.1618 -362.752 150.177 -28.0793 -375.214 158.685 4.42462 -305.467 177.741 20.3274 14.0913 7.53298 16.805 
167.681 155.219 130.412 164.249 174.27 163.532 152.798 122.721 140.285 126.347 -287.066 143.239 -20.9817 -332.182 146.788 -59.5817 -350.649 140.738 -31.8585 -371.949 154.503 -26.6983 -382.459 160.651 9.65806 -315.095 181.788 21.3801 16.899 13.8893 20.4966 
168.716 156.195 168.974 145.626 174.27 164.14 148.939 120.56 142.794 131.288 -297.286 144.785 -20.4297 -339.326 148.435 -57.22 -356.291 141.078 -28.4585 -379.049 157.906 -25.3318 -392.124 163.533 11.9861 -324.246 186.193 22.851 19.3375 18.0064 21.6588 
169.926 156.382 180 105.123 174.27 165.971 147.329 107.939 142.146 138.258 -304.773 145.811 -20.7564 -343.645 150.797 -56.4552 -356.707 141.602 -21.0707 -380.771 160.618 -23.2009 -400.078 165.56 13.1239 -331.665 189.837 23.8061 22.7058 24.8758 27.8202 
170.438 155.598 180 95.4837 178.679 169.651 148.399 108.816 138.406 132.363 -307.844 146.042 -20.5977 -347.049 153.498 -55.9859 -359.704 144.447 -22.4598 -382.77 162.767 -22.1902 -402.709 164.618 15.2845 -337.579 192.716 24.6866 24.5807 23.3581 25.6816 
171.532 155.039 180 95.3855 136.852 173.448 149.344 128.789 132.587 117.539 -309.485 147.812 -21.7175 -349.067 155.803 -55.8879 -366.043 149.696 -33.8145 -383.964 164.241 -21.36 -400.521 164.24 18.7581 -341.512 194.747 25.0928 26.2641 11.8919 14.3717 
171.823 154.855 131.153 116.953 91.6812 175.875 150.451 145.06 127.741 102.142 -311.969 150.299 -22.3672 -350.23 158.027 -56.1893 -371.977 155.808 -39.6005 -384.772 164.369 -22.9278 -397.277 168.191 21.4157 -344.316 196.059 25.2432 27.8003 3.92931 9.25525 
172.275 154.9 116.029 146.502 90.0457 178.554 151.441 146.518 132.362 122.471 -313.654 153.955 -22.3381 -350.654 159.354 -56.0414 -373.112 159 -40.7509 -386.833 165.01 -27.3261 -402.453 168.717 16.0765 -346.515 197.11 25.4357 25.3909 3.85325 8.11291 
173.478 157.056 104.079 174.869 90.0456 177.831 151.488 148.713 145.684 144.7 -314.348 155.167 -21.4839 -350.066 159.65 -55.5044 -373.51 160.661 -40.2765 -390.661 167.582 -31.3228 -407.757 168.66 14.3548 -347.811 197.801 25.8679 27.4192 7.3759 8.06959 
173.726 159.686 99.0311 166.833 90.0457 175.059 151.882 145.574 154.188 145.133 -314.449 156.125 -20.2275 -349.611 159.276 -54.8777 -373.42 160.72 -38.9748 -391.335 169.415 -32.7898 -408.441 169.297 12.6212 -348.277 197.925 26.1781 26.8711 9.85349 8.71231 
171.809 163.435 95.6892 151.817 90.0456 171.726 154.389 137.483 170.579 143.992 -314.88 157.674 -17.0344 -349.858 159.141 -52.5133 -372.342 160.273 -35.1132 -393.644 171.822 -31.1357 -407.489 170.838 9.8587 -348.448 198.11 27.6195 21.7817 13.1665 9.72861 
167.827 160.739 95.599 174.27 90.0456 170.909 154.143 125.036 178.765 138.647 -313.174 156.065 -14.0588 -348.722 157.549 -50.6422 -370.154 158.786 -30.2467 -394.681 174.04 -31.1657 -404.995 171.058 10.2055 -346.694 197.369 28.143 22.8644 18.5445 12.3554 
164.164 153.839 106.512 174.27 90.0456 170.494 154.86 114.844 178.366 133.874 -311.435 153.851 -10.4811 -347.008 155.333 -47.9444 -367.558 156.078 -25.9319 -392.73 172.298 -29.0641 -402.557 171.215 10.8086 -344.868 196.533 29.1365 21.9477 19.9522 14.906 
161.85 149.508 119.138 175.652 90.0456 169.51 155.867 107.975 178.534 125.717 -309.82 151.976 -7.24709 -345.822 153.143 -45.5847 -365.37 153.34 -21.9773 -390.706 171.058 -25.6948 -400.31 170.999 13.0362 -343.267 195.781 29.9876 22.8835 21.0328 17.6522 
161.252 145.729 131.574 90.0456 90.0457 167.667 156.595 100.868 151.764 125.374 -307.151 150.689 -4.43784 -345.662 151.33 -42.8221 -363.045 150.941 -16.7077 -384.873 164.131 -13.4186 -399.157 169.758 14.9894 -341.839 195.017 30.8753 15.2134 12.9012 21.1288 
161.759 147.62 150.136 174.27 90.0456 167.265 156.535 90.7941 126.284 137.071 -305.686 148.851 -2.46819 -346.431 150.498 -41.7391 -361.312 149.023 -8.62932 -386.883 156.032 -7.79282 -399.725 168.25 15.1812 -340.654 194.293 31.4058 8.40181 12.4535 28.975 
161.444 152.839 153.574 174.27 90.0456 167.288 156.66 87.0744 120.621 145.586 -304.808 147.645 -0.0282698 -347.183 150.29 -40.9997 -359.851 148.106 -3.59054 -385.129 152.001 -1.78379 -400.772 167.075 17.131 -339.837 193.941 32.1616 8.92421 10.3607 34.0178 
161.418 159.126 161.396 174.27 90.0456 167.946 156.83 89.3443 157.698 146.218 -304.281 146.709 2.29343 -346.678 150.138 -40.7192 -359.07 146.638 -2.49146 -385.976 153.673 -12.7612 -399.895 166.428 18.6901 -339.144 194.107 33.1063 15.927 20.3661 34.975 
160.254 160.539 156.503 174.27 90.0457 169.71 156.178 90.9662 161.959 145.758 -304.995 146.199 4.1433 -345.669 149.879 -40.2448 -357.669 145.94 -1.83209 -389.858 151.351 -8.61691 -399.072 166.366 18.9461 -338.12 194.096 33.8059 10.2226 18.8699 35.2171 
159.097 161.717 150.014 174.27 90.0456 171.515 155.821 91.5715 147.204 142.751 -305.251 146.002 5.399 -343.826 149.695 -40.0479 -355.4 145.58 -0.700229 -385.082 148.139 -3.94829 -396.606 165.975 19.074 -336.649 194.113 34.4037 7.93089 14.5976 36.1701 
159.23 162.157 147.606 174.27 90.0457 172.753 155.562 89.7792 131.221 136.808 -304.432 145.863 5.52387 -342.35 149.947 -39.8637 -352.747 145.763 1.5331 -378.273 146.08 0.807824 -393.564 166.201 20.0146 -334.974 194.2 34.7352 9.85897 10.7489 38.4602 
161.12 158.863 143.499 174.27 90.0457 174.722 153.762 89.7126 119.039 121.908 -303.166 145.026 5.19063 -340.138 150.082 -39.0384 -349.588 145.732 2.09641 -371.511 145.777 3.50947 -388.536 166.785 22.0084 -333.129 194.368 34.8667 11.3524 8.17044 38.5152 
163.457 161.73 138.436 174.27 90.0456 177.508 154.069 93.2367 115.621 107.984 -301.677 143.66 5.25204 -337.856 150.367 -39.8235 -346.845 144.962 0.877281 -366.043 145.927 2.22315 -382.837 167.44 23.9797 -330.902 194.494 34.9131 11.5787 8.2292 37.4897 
167.12 165.625 133.246 174.27 96.0629 179.73 156.181 100.393 123.744 102.114 -301.098 143.55 4.8708 -336.185 151.227 -41.303 -345.786 144.226 -2.63402 -366.644 148.923 -4.2563 -377.714 167.409 23.2507 -328.842 194.866 35.158 8.62276 12.4421 34.6166 
171.107 167.486 131.791 174.27 101.806 177.562 157.277 104.518 115.82 101.594 -300.362 143.645 3.62786 -333.881 151.724 -42.307 -342.95 143.621 -4.85909 -362.048 149.98 -3.05972 -373.553 166.435 21.8437 -326.247 194.992 34.8884 5.83869 10.3685 33.2145 
174.33 167.745 126.579 174.27 111.022 174.383 157.433 110.944 115.548 103.868 -300.122 142.694 2.76609 -330.999 152.066 -43.7304 -341.686 144.101 -9.98477 -360.29 151.89 -5.8707 -371.269 165.911 19.5915 -323.163 194.979 34.0514 6.03959 8.92594 29.1242 
175.803 167.309 123.087 174.27 114.693 171.921 157.862 121.709 120.609 106.51 -300.655 142.476 2.23985 -327.8 152.457 -45.1777 -341.087 145.823 -17.8047 -357.549 153.961 -11.3834 -369.045 166.902 16.7002 -319.877 195.288 33.0409 8.26393 6.39474 22.8143 
167.274 174.27 180 174.27 174.27 158.05 178.769 179.907 178.405 176.87 -332.897 149.279 20.4236 -344.068 155.319 -39.133 -360.763 171.299 -49.9621 -379.711 196.769 -45.7684 -388.86 224.426 -23.2672 -336.7 210.21 32.8954 11.5241 9.46818 7.26747 
145.934 90 180 177.947 103.308 135.513 29.4817 179.589 168.835 145.628 -341.456 190.796 -13.5596 -329.343 181.43 -14.3369 -364.885 182.96 -53.6784 -394.154 208.93 -33.446 -395.583 227.701 -10.5022 -342.314 208.784 28.4946 7.73498 20.7248 18.2589 
157.099 95.4962 149.155 162.403 169.206 155.088 103.866 151.182 156.388 166.374 -366.244 163.919 21.1449 -370.623 179.875 -13.7887 -354.73 172.412 -54.0547 -336.268 159.406 -45.2689 -305.331 150.192 -34.3896 -320.794 202.247 25.3332 13.5815 3.63069 30.3121 
156.014 90 149.169 156.761 167.444 154.818 109.106 155.301 152.79 166.429 -349.384 163.016 17.8487 -356.823 177.282 -17.6064 -337.948 167 -57.5792 -319.595 151.98 -45.6821 -286.916 144.663 -34.4403 -305.079 197.172 23.6249 16.3505 5.27253 30.799 
157.704 90.9749 156.591 155.572 159.941 157.492 116.387 146.306 145.284 154.865 -344.202 165.566 17.7517 -343.601 179.24 -18.4272 -327.446 167.39 -53.0323 -307.304 148.833 -42.1069 -281.786 138.601 -25.5679 -290.997 193.89 26.1649 10.3275 7.19582 26.4803 
157.507 94.7837 158.03 155.77 153.555 159.384 123.363 145.781 144.947 146.319 -336.29 166.657 18.754 -333.861 179.129 -17.8478 -319.029 168.299 -50.4827 -297.993 150.087 -42.3595 -275.31 137.845 -22.1352 -280.264 192.295 28.3837 8.29234 6.87989 24.5714 
157.554 115.303 160.991 158.437 151.179 158.275 119.458 146.812 145.205 139.511 -331.326 167.743 18.5794 -325.984 177.413 -19.7881 -309.285 168.233 -51.9681 -289.576 151.467 -42.2499 -270.117 137.931 -17.1708 -273.649 191.849 29.6761 8.06631 5.57341 25.5564 
157.862 130.104 162.162 161.506 151.584 157.585 122.987 149.374 149.105 137.15 -327.306 172.365 18.659 -319.324 179.584 -24.0472 -300.417 168.608 -53.5374 -281.828 152.879 -43.9397 -267.325 139.228 -15.0676 -267.585 192.419 30.6514 7.85397 4.74636 23.2331 
157.236 155.985 165.331 166.743 152.808 161.646 137.413 154.855 155.157 133.222 -322.822 182.463 18.5908 -310.696 185.246 -33.2825 -288.422 170.436 -56.8276 -272.084 157.183 -47.1831 -264.851 146.302 -14.2275 -259.383 195.061 31.1576 8.91409 4.00853 19.5738 
159.357 166.059 166.354 168.403 154.252 160.455 139.181 157.949 158.485 135.676 -320.014 187.621 18.1323 -306.196 188.231 -37.7962 -283.426 172.792 -59.6345 -268.455 158.72 -49.4334 -263.286 148.83 -15.221 -256.064 197.071 30.7102 10.2332 3.09477 18.041 
160.455 165.932 167.921 169.433 154.196 158.808 142.222 160.563 161.302 140.858 -316.577 192.176 15.1197 -302.601 191.071 -42.7548 -280.807 175.651 -62.5787 -265.899 161.156 -52.3022 -261.046 151.74 -17.9189 -253.686 199.773 29.4036 10.2375 2.91347 15.5416 
164.853 167.264 170.519 171.361 165.032 154.574 150.126 163.575 163.788 148.63 -310.238 195.434 12.2188 -296.358 195.209 -49.4296 -277.937 178.645 -65.4881 -263.954 163.989 -55.1863 -259.323 155.315 -22.439 -250.954 202.255 27.5351 7.90471 3.28189 11.9541 
161.954 168.557 170.352 170.268 165.419 152.323 156.091 163.187 163.266 140.936 -304.55 197.896 8.73162 -290.382 196.399 -55.0063 -273.57 179.411 -67.9768 -259.92 165.258 -57.6482 -257.636 157.685 -22.8352 -247.724 204.176 24.7076 11.841 2.70812 8.81474 
156.677 169.413 172.191 171.564 156.046 147.38 160.637 164.383 165.034 142.353 -293.248 201.233 4.03302 -282.626 198.335 -59.8837 -270.138 181.412 -70.5499 -256.985 167.199 -60.2108 -255.811 161.102 -26.1311 -243.743 205.549 21.9646 12.3242 3.16058 5.80597 
