169.407 156.141 158.304 159.107 161.299 167.513 141.251 148.493 150.406 152.553 212.657 200.257 158.329 239.243 213.134 110.071 237.1 202.83 88.1646 215.544 188.694 73.3398 184.084 177.079 71.0337 156.564 226.912 126.589 9.26286 7.95143 5.07502 
169.501 156.233 158.47 159.357 161.422 167.677 141.015 148.776 150.788 152.69 212.538 200.217 158.575 239.315 213.481 111.184 237.469 203.567 88.7548 216.009 189.429 73.6351 184.511 177.458 71.4024 156.605 227.119 126.834 9.36436 8.05317 5.65582 
169.641 156.307 158.496 159.509 161.483 167.854 140.953 148.881 150.971 152.696 212.536 200.258 158.674 239.461 213.905 111.749 237.772 204.238 88.9987 216.375 189.981 73.7349 184.86 177.723 71.607 156.686 227.317 126.896 9.43601 8.1271 6.00056 
169.855 156.531 158.606 159.703 161.617 168.156 141.006 148.955 151.119 152.777 212.541 200.374 158.962 239.475 214.086 112.403 237.958 204.572 89.478 216.66 190.225 74.0591 185.179 177.737 71.8506 156.591 227.296 126.977 9.48761 8.18189 6.23954 
169.971 156.518 158.526 159.765 161.497 168.271 141.056 148.773 151.05 152.529 212.507 200.561 159.112 239.509 214.351 112.559 237.95 204.648 89.7837 216.677 190.258 74.345 185.191 177.744 72.2545 156.56 227.471 127.059 9.46197 8.19794 6.08127 
169.93 156.528 158.499 159.746 161.351 168.228 141.302 148.533 150.781 152.232 212.452 200.83 159.529 239.526 214.51 112.562 237.843 204.394 90.2183 216.558 189.89 74.9061 185.118 177.523 72.7686 156.455 227.528 127.28 9.3735 8.16143 5.59695 
169.81 156.484 158.451 159.705 161.249 168.12 141.49 148.368 150.59 152.071 212.35 201.279 159.734 239.487 214.779 112.478 237.711 204.414 90.4627 216.428 189.85 75.2715 185.028 177.595 73.0318 156.34 227.7 127.424 9.32783 8.1149 5.26249 
169.537 156.381 158.323 159.54 160.967 167.87 141.497 148.01 150.175 151.605 212.19 201.78 159.931 239.355 214.995 112.564 237.55 204.48 90.9042 216.303 189.809 75.8581 185.015 177.665 73.5246 156.174 227.813 127.558 9.2222 8.05438 4.96267 
169.164 156.029 158.043 159.259 160.624 167.47 141.301 147.475 149.624 151.188 211.843 202.16 159.983 239.103 215.257 112.527 237.166 204.502 91.28 215.931 189.842 76.3518 184.717 177.947 73.7354 155.982 228.062 127.751 9.18007 7.99459 4.55796 
168.719 156.005 158.006 159.147 160.488 166.977 141.403 147.276 149.377 151.028 211.639 203.079 160.252 239.052 215.815 112.89 237.092 205.018 91.9604 215.936 190.521 76.947 184.77 178.784 73.9492 155.916 228.52 128.142 9.19608 7.93702 4.2377 
168.36 156.123 158.056 159.089 160.403 166.553 141.524 147.199 149.229 150.867 211.488 204.114 160.541 239.116 216.621 113.538 237.207 205.907 92.8176 216.169 191.608 77.6519 185.067 179.959 74.2748 155.909 229.119 128.587 9.20186 7.87348 4.02099 
167.438 155.804 158.164 158.889 160.125 166.152 141.1 146.971 148.892 150.789 211.355 205.238 160.903 239.596 217.928 115.197 237.78 207.749 94.1051 216.813 193.493 78.9377 185.775 182.053 74.7952 156.261 230.35 129.495 9.32103 7.80954 4.49015 
167.202 155.945 158.358 158.931 160.408 165.796 141.656 147.279 149.118 151.417 211.36 206.562 161.507 239.708 219.064 115.539 237.71 208.603 94.6604 216.747 194.544 79.4712 185.62 183.201 74.9771 156.197 231.295 130.312 9.51007 7.76116 4.19159 
166.383 155.945 158.285 158.859 160.417 164.745 142.555 147.424 149.223 151.822 211.349 209.37 162.866 239.769 220.564 116.158 237.284 209.732 95.7528 216.284 196.033 80.5999 185.039 185.229 75.7373 156.163 233 131.94 9.63525 7.6641 3.61439 
166.307 155.889 158.586 158.844 160.169 164.939 143.159 147.485 148.976 151.463 212.075 212.162 164.585 240.149 222.039 116.544 237.319 210.619 96.643 216.465 197.131 82.3151 185.303 187.03 77.122 156.528 234.404 133.41 9.49829 7.05085 2.94676 
165.801 156.277 158.649 158.843 160.189 163.973 144.012 147.708 149.055 151.648 212.509 214.733 166.252 240.564 223.205 117.77 237.568 211.395 98.2576 216.896 198.225 83.7235 185.749 188.49 78.1951 156.692 235.5 134.876 9.4366 6.92428 2.43979 
165.248 156.39 159.114 158.955 159.958 163.885 144.665 147.985 148.956 151.221 213.214 217.93 168.339 240.715 224.609 118.961 237.826 212.745 99.9957 217.389 199.652 86.1839 186.549 190.431 80.4733 156.896 236.849 136.78 9.07407 6.34787 1.87963 
164.937 157.244 159.49 159.359 160.31 162.958 145.982 148.843 149.705 151.955 213.671 220.896 170.828 240.936 225.206 120.674 237.91 213.486 101.539 217.708 200.526 87.5964 186.984 191.402 81.8293 156.831 237.518 138.608 8.9044 6.22307 1.96167 
164.509 157.275 159.391 159.321 160.408 162.119 146.211 148.925 149.874 152.197 213.884 223.88 173.309 240.697 225.275 123.037 237.752 214.005 103.825 217.715 201.32 89.6037 187.205 192.637 83.6698 156.784 238.311 140.667 8.66349 6.17318 1.96512 
164.489 157.803 159.776 159.635 160.795 161.886 147.021 149.647 150.584 152.793 213.454 226.7 176.261 240.488 226.066 125.843 237.93 215.369 106.311 218.285 202.878 91.6963 188.073 194.37 85.3927 156.331 238.835 142.64 8.37919 6.04081 2.11046 
163.695 156.345 159.06 159.425 160.493 161.542 145.937 149.201 150.231 152.158 212.302 228.559 178.842 239.488 226.544 129.07 237.381 216.455 109.194 218.071 204.234 94.4365 188.179 196.176 87.6297 155.419 239.17 144.531 8.07776 5.79372 2.3309 
163.728 156.358 159.532 159.477 160.459 161.798 146.39 149.803 150.364 151.967 211.472 230.7 182.03 239.32 228.475 132.391 237.886 218.85 112.363 218.833 206.574 97.7219 189.055 198.319 90.2878 154.885 240.219 146.637 8.13983 5.50308 2.50098 
163.281 155.277 159.105 159.658 160.865 161.877 145.903 150.232 150.948 152.458 209.862 233.049 185.501 238.229 230.021 136.418 237.337 221.297 115.482 218.557 209.172 100.28 188.919 201.117 92.1803 153.716 241.496 148.949 8.12557 5.53788 3.19505 
163.803 155.407 159.375 160.388 161.705 162.188 146.307 151.182 151.852 153.33 206.899 233.86 188.612 236.805 231.973 140.575 236.646 224.128 118.739 218.427 211.853 102.855 189.033 203.644 93.6647 151.794 242.194 150.417 8.23282 5.55855 3.83674 
163.996 155.418 159.218 160.695 162.264 162.192 146.366 151.854 152.451 154.006 203.973 235.328 191.42 235.309 234.387 144.669 235.875 227.624 122.057 218.206 215.388 105.462 189.048 207.167 95.0656 149.89 243.672 151.968 8.4122 5.56477 4.4391 
164.504 156.181 159.863 161.553 163.108 162.046 147.214 152.972 153.54 155.026 200.051 235.429 193.395 232.934 236.136 147.865 234.187 230.296 124.713 217.052 218.254 107.359 188.104 210.139 95.8667 146.967 244.406 153.022 8.51172 5.55982 4.72175 
164.899 156.572 160.002 161.95 163.466 162.024 147.493 153.422 153.914 155.345 195.329 235.114 194.787 229.287 237.177 150.261 231.281 232.28 126.891 214.797 220.322 108.951 186.317 212.392 96.4667 143.157 244.467 153.284 8.41583 5.49318 4.9032 
164.916 157.241 160.299 162.545 164.022 161.765 148.119 154.238 154.622 155.806 190.54 234.95 195.466 225.579 238.942 152.066 228.264 235.207 128.386 212.51 223.222 109.93 184.498 215.17 96.7013 139.333 244.497 153.029 8.23729 5.43409 5.2926 
165.2 158.491 161.13 163.388 164.744 161.996 149.147 155.287 155.642 156.582 185.803 235.341 195.767 221.778 240.52 153.143 225.015 238.01 129.185 209.886 226.079 110.193 182.228 217.992 96.295 135.339 244.608 152.192 8.09781 5.43096 5.74498 
166.532 160.591 163.145 165.134 166.022 163.474 150.95 157.262 157.917 158.31 176.413 235.767 193.588 213.208 241.109 151.516 217.131 240.758 127.347 202.652 228.986 107.213 175.384 220.551 92.671 126.584 243.159 147.961 7.86877 5.76326 6.75143 
166.44 161.68 164.272 166.385 167.103 162.927 152.064 158.103 159.433 159.777 170.193 234.312 190.095 207.828 240.943 149.316 212.515 242.181 125.458 198.903 231.368 104.795 172.112 222.64 89.5983 121.538 241.753 144.041 7.74507 5.41115 7.47181 
167.578 163.46 165.858 167.789 168.41 163.465 153.803 159.345 161.051 161.412 163.941 231.945 186.138 202.168 240.321 146.733 207.338 242.454 122.799 194.26 232.108 101.489 167.809 222.891 85.6358 115.874 239.665 139.515 7.80079 5.45855 7.89154 
168.215 165.096 166.926 168.585 168.777 164.521 155.582 161.182 162.766 162.212 157.191 228.769 180.525 196.238 239.292 142.596 201.891 241.485 118.49 189.381 230.769 97.0134 163.396 220.26 81.0417 109.903 236.123 132.9 7.39119 5.38888 7.97781 
167.698 166.647 167.913 169.337 169.296 164.018 157.273 162.461 163.977 162.719 149.949 224.066 173.473 189.615 238.075 137.885 195.712 240.161 114.376 183.964 229.443 92.7724 158.809 218.199 76.5736 103.374 231.776 126.071 6.72679 5.13075 7.39831 
167.28 168.593 170.103 171.288 171.448 162.82 159.854 164.576 166.12 164.879 142.648 218.127 166.097 182.741 235.215 132.609 189.176 238.117 109.838 177.989 228.085 88.2066 153.564 216.891 71.71 96.4745 226.695 119.498 5.96605 4.65417 7.05112 
166.339 170.263 171.92 173.06 172.849 161.568 162.555 167.285 168.826 167.114 133.805 210.783 157.694 174.554 229.58 125.643 181.08 232.753 102.858 169.926 223.209 81.4829 145.661 211.973 65.3829 87.97 220.191 112.213 5.2271 4.27591 6.99371 
165.231 170.905 172.758 174.437 174.453 160.424 163.865 168.437 170.323 169.064 125.4 202.792 149.618 166.318 222.499 118.387 172.718 226.432 95.7601 161.414 217.839 74.5113 137.193 207.274 58.4527 79.46 213.614 105.705 4.98819 4.01153 7.08636 
164.838 170.67 172.326 174.301 174.393 160.06 164.086 168.096 170.094 169.151 116.234 193.91 141.206 157.012 214.695 110.209 163.034 218.242 87.6297 151.394 209.999 66.3817 127.017 200.005 50.3415 69.9227 206.333 98.5432 5.14063 4.05328 6.62029 
165.015 170.021 171.25 173.276 173.382 160.262 163.185 166.71 168.411 167.652 107.153 183.748 130.534 147.701 205.115 99.8428 153.277 208.379 77.3132 141.218 200.224 56.0351 116.602 191.115 39.8808 60.4105 198.41 89.0423 5.37506 4.14989 6.20899 
164.617 170.244 171.054 173.205 172.997 159.535 162.62 165.909 167.457 166.88 97.137 172.142 117.706 137.767 193.19 86.9356 142.767 196.581 64.6787 129.915 189.218 43.768 104.793 181.889 28.1487 50.287 190.692 78.7277 5.21849 4.02245 6.01686 
162.325 170.17 169.882 171.968 173.592 156.984 161.736 163.745 164.77 164.439 84.803 159.969 102.523 125.757 177.755 70.8674 129.907 180.538 49.1128 115.984 174.914 29.0205 90.2217 170.991 14.9251 38.5127 181.964 67.0672 4.5625 3.61058 5.04676 
160.291 168.694 169.547 171.293 172.803 154.635 158.697 162.498 163.29 162.11 70.7335 151.37 88.0583 110.623 165.973 55.388 114.978 170.601 33.7245 99.8164 166.053 14.2132 73.2949 163.714 1.93062 24.719 176.96 55.8471 4.01487 3.65035 6.8598 
158.758 167.297 169.34 171.517 174.134 152.903 157.499 162.768 162.853 161.676 52.8547 144.088 72.4588 92.1994 154.184 37.0723 95.869 158.883 14.5498 78.8185 154.56 -3.69043 51.363 153.858 -13.6178 7.17473 171.388 42.6531 3.69016 3.71475 7.59779 
160.65 165.996 168.165 169.769 172.1 153.361 156.812 161.52 161.009 157.04 34.4897 135.024 53.7198 71.9696 141.863 15.0961 73.6631 145.376 -7.56698 54.8112 141.528 -23.4579 26.2591 142.155 -30.2416 -11.8625 165.532 27.6712 2.22155 3.42616 6.1857 
161.635 165.364 165.941 165.974 166.064 153.796 156.918 159.149 157.795 152.668 14.3794 127.023 34.2602 50.1165 132.786 -7.56226 48.9875 133.723 -29.4235 28.1687 131.023 -43.5718 0.0846 134.312 -47.1003 -31.684 162.508 11.8275 0.864187 3.79189 3.51128 
161.606 165.452 165.159 164.393 163.615 153.762 157.162 158.843 157.362 153.351 -7.15029 120.511 14.1109 24.4007 126.613 -32.4752 20.9714 127.87 -53.308 -1.0664 127.712 -65.7019 -28.9942 133.433 -66.6807 -54.2257 158.093 -2.87608 2.05725 3.45177 2.79401 
161.005 165.202 164.886 167.083 169.131 154.718 154.322 159.91 161.275 159.184 -30.5998 115.448 -5.38663 -4.50014 122.148 -55.024 -9.64118 127.484 -77.4309 -33.2741 131.64 -89.309 -62.4394 138.389 -87.4352 -78.4916 153.846 -16.6773 5.03668 5.21553 5.95932 
160.794 163.351 165.951 169.336 172.363 156.183 154.536 162.446 164.488 162.476 -56.9805 115.806 -24.2013 -38.027 128.146 -79.085 -48.6696 135.705 -101.855 -74.21 141.483 -110.103 -103.935 147.23 -103.595 -106.944 154.143 -28.3415 6.5703 6.19711 6.94936 
163.064 161.704 172.129 174.235 177.535 159.676 149.498 160.91 167.571 166.582 -81.968 116.704 -44.3797 -77.049 133.932 -103.787 -92.2373 143.554 -124.428 -117.312 149.589 -126.449 -146.526 153.357 -113.863 -132.323 152.641 -37.3966 7.99343 5.18788 7.1561 
167.626 161.373 170.715 173.996 178.097 164.165 150.064 161.205 168.873 171.91 -118.744 123.296 -64.0431 -124.722 148.709 -123.214 -143.461 158.741 -141.066 -169.538 164.107 -138.945 -198.393 166.775 -121.392 -168.915 161.571 -47.2624 9.7826 5.76203 7.15004 
169.85 160.131 168.457 169.374 174.27 167.867 151.152 158.663 165.209 157.481 -156.777 132.309 -81.5557 -175.264 161.562 -138.128 -197.12 170.396 -151.953 -223.832 174.329 -145.279 -247.683 163.769 -120.049 -205.554 171.979 -54.9026 10.76 6.44783 6.71941 
169.88 148.139 166.213 163.909 174.27 170.103 123.212 155.574 160.985 154.173 -195.275 138.922 -91.9548 -216.246 154.335 -128.153 -242.839 175.417 -154.328 -270.195 178.587 -143.718 -291.531 168.634 -114.305 -239.561 181.67 -58.3996 11.7319 8.18147 25.9899 
168.63 149.859 165.197 162.465 174.27 170.114 94.9287 155.26 158.758 160.681 -229.423 146.044 -97.022 -251.745 152.518 -103.769 -282.679 180.412 -152.192 -309.401 182.764 -137.233 -328.183 176.509 -106.867 -269.055 190.162 -57.8713 10.6909 9.44631 55.3617 
166.973 145.204 162.756 164.58 176.217 168.857 87.3137 157.985 162.438 160.632 -258.487 153.098 -98.2944 -274.361 158.891 -86.4378 -319.566 186.256 -146.569 -345.127 189.874 -128.048 -357.249 181.448 -95.2567 -292.208 196.43 -55.0365 9.72973 11.2061 77.7668 
161.513 90 166.928 166.782 177.707 169.185 94.5285 163.919 165.787 157.579 -317.96 175.656 -88.7767 -335.766 181.332 -87.7034 -380.027 205.335 -125.919 -399.907 212.501 -102.73 -401.839 206.532 -68.8632 -330.282 216.08 -43.7463 6.78253 11.3438 55.8561 
157.797 124.192 168.553 169.373 178.068 164.919 161.677 163.452 164.367 154.677 -345.26 187.147 -77.2289 -371.516 193.062 -104.172 -402.547 214.372 -114.575 -418.417 222.19 -92.7149 -417.274 220.479 -61.2642 -346.103 224.762 -37.0118 3.18523 8.28417 26.1604 
170.351 138.02 149.713 174.203 177.818 164.833 158.613 150.539 176.142 151.784 -369.735 201.43 -68.6891 -408.305 206.091 -93.3611 -425.61 216.847 -88.3885 -435.919 231.487 -77.9696 -430.016 222.044 -47.8721 -360.961 230.202 -28.3828 9.06277 12.2328 8.04911 
161.502 174.27 180 168.437 175.532 144.953 114.107 178.499 171.552 178.194 -395.302 253.92 -41.4097 -424.12 272.753 -59.119 -447.247 259.871 -69.9444 -434.149 242.314 -80.823 -410.625 212.039 -83.2997 -368.268 240.584 -17.7132 14.1251 6.65126 10.2713 
165.088 161.901 180 168.973 169.062 149.886 101.761 173.331 166.229 164.003 -402.096 264.759 -37.1711 -425.176 291.171 -40.0785 -440.732 275.935 -64.9178 -435.327 260.426 -73.2305 -412.625 230.739 -79.9543 -372.806 240.923 -11.816 13.0724 1.87373 10.505 
164.43 160.801 161.26 163.799 175.24 147.845 108.366 165.968 165.383 157.099 -402.461 280.048 -19.6365 -435.61 291.469 -32.3377 -446.676 275.31 -58.2948 -442.598 260.859 -64.6173 -419.413 236.172 -71.2765 -377.282 242.261 -6.88035 8.85407 4.34307 9.10866 
153.183 176.679 180 163.503 169.737 144.296 143.121 165.819 162.84 146.447 -399.777 294.908 6.68883 -456.356 291.691 -26.1861 -457.387 283.248 -50.8351 -449.125 266.193 -59.4195 -423.745 245.31 -65.932 -383.963 245.075 -2.59995 6.49365 2.29473 5.92861 
166.974 175.432 177.379 161.376 158.75 148.116 167.749 167.888 161.306 145.596 -405.625 308.227 0.760448 -473.146 294.999 -19.7326 -469.301 286.697 -47.6907 -456.749 270.488 -56.401 -429.316 250.944 -63.232 -392.321 249.182 0.122316 7.10697 0.193372 10.2713 
156.799 176.987 173.87 163.687 158.262 149.789 165.622 167.403 161.111 144.47 -417.707 306.416 11.9854 -477.407 300.758 -21.747 -478.711 290.881 -46.563 -464.626 274.944 -55.2753 -436.253 257.01 -60.5077 -401.145 253.647 2.76951 6.20486 0.416791 5.67101 
148.686 161.03 175.511 163.498 161.432 170.917 162.405 167.948 158.995 146.223 -426.292 314.605 13.4555 -481.604 307.53 -18.3424 -486.162 295.334 -44.237 -469.914 280.027 -54.6729 -444.643 259.499 -59.9211 -409.403 258.27 3.95052 6.04251 2.70244 6.23466 
155.795 138.184 176.018 159.897 154.303 165.115 156.658 163.72 153.168 143.168 -433.65 320.105 16.3439 -482.98 313.494 -12.8373 -492.083 300.122 -39.8911 -474.187 285.595 -51.7977 -450.254 264.448 -58.1428 -417.153 261.147 5.78179 6.73242 4.27195 8.26635 
163.435 119.466 166.529 159.507 152.257 158.128 146.887 161.397 156.082 145.821 -440.157 326.513 17.1163 -484.495 317.868 -11.5054 -497.626 303.28 -38.2215 -480.336 286.93 -51.854 -454.995 266.1 -57.9384 -423.734 264.711 7.85578 7.60303 5.0343 10.7693 
165.973 124.889 163.036 160.335 148.339 149.429 145.828 157.23 153.753 140.08 -444.6 327.279 17.8572 -489.636 319.504 -10.7642 -501.224 305.005 -36.0358 -483.241 288.292 -50.9145 -456.447 267.867 -56.8118 -428.981 267.087 9.33758 8.73203 6.27686 10.4565 
160.393 146.338 163.75 157.007 155.406 147.811 151.769 158.081 154.69 141.591 -452.039 325.081 18.0677 -499.02 319.563 -8.70708 -505.909 306.117 -33.7665 -486.926 288.752 -49.9263 -458.07 268.717 -56.9943 -432.415 269.81 11.1347 10.9751 7.67936 7.92982 
157.774 161.97 162.406 154.896 153.706 147.351 149.292 158.259 157.625 144.799 -455.317 324.914 16.2116 -504.968 319.875 -5.82298 -509.539 307.349 -30.9357 -490.3 288.993 -48.0443 -461.583 269.005 -54.6134 -435.357 272.03 12.4253 10.5671 8.8489 7.0057 
159.642 174.27 162.684 152.855 148.034 144.684 135.096 151.581 148.739 139.932 -454.043 326.39 16.7739 -502.417 323.376 -4.23724 -508.935 309.94 -28.111 -490.77 291.006 -44.5735 -463.773 269.595 -52.3166 -436.717 272.542 12.9901 11.3917 8.34025 7.94471 
155.377 174.27 168.412 153.374 138.112 152.813 153.635 134.525 156.263 160.181 -464.645 328.908 19.3533 -515.402 319.611 -4.97586 -509.09 314.656 -22.9529 -499.194 291.358 -40.6254 -472.769 269.506 -46.912 -442.975 275.535 14.6636 10.5397 12.0245 7.13257 
149.573 174.27 158.627 165.328 169.923 152.915 147.48 122.321 165.703 160.942 -469.776 328.595 21.3575 -518.687 316.894 -6.65766 -505.268 316.033 -22.4957 -500.423 288.14 -42.1612 -473.09 268.962 -45.6147 -444.878 277.408 15.8711 7.95155 18.243 14.4765 
148.693 176.654 180 174.27 174.784 153.724 142.631 118.418 166.898 152.019 -473.414 328.738 22.4279 -520.982 316.401 -8.39509 -506.694 315.055 -22.9976 -502.136 287.206 -43.1939 -474.485 270.389 -44.0747 -446.745 279.378 16.9991 5.93373 18.6375 14.365 
146.943 175.516 180 174.27 165.269 153.924 143.232 136.512 154.557 150.075 -472.515 329.852 23.1807 -519.424 318.326 -7.99217 -512.83 314.475 -27.0183 -502.117 291.033 -40.5653 -474.95 272.035 -42.5854 -446.976 280.411 18.7073 7.82337 10.9769 8.47559 
148.7 174.27 180 174.27 172.154 152.501 133.594 142.268 149.447 147.916 -471.771 330.457 22.4546 -516.646 322.382 -4.95256 -515.848 313.74 -25.4351 -501.267 293.912 -36.894 -474.656 273.803 -40.2917 -447.07 280.534 20.4264 8.17211 6.5618 3.53606 
151.717 149.694 180 178.815 176.437 152.699 132.279 141.065 135.796 131.745 -471.569 331.511 19.8385 -518.317 321.928 -3.78732 -516.812 313.173 -24.7017 -496.811 298.735 -34.4175 -471.467 277.567 -38.2507 -447.352 281.371 21.3583 8.45688 4.368 5.07053 
149.453 160.855 180 176.483 177.919 154.142 135.693 137.076 119.905 119.142 -471.511 332.825 16.9959 -521.055 323.223 -4.6271 -515.242 315.43 -24.4855 -490.518 303.712 -32.0142 -467.695 281.301 -36.6921 -449.04 282.808 22.0472 9.4892 8.41113 7.67747 
154.47 178.394 180 114.203 90.0456 154.462 151.306 138.538 93.1299 131.347 -470.889 335.584 10.4532 -527.59 318.935 -7.02947 -514.799 316.806 -25.6513 -477.372 304.581 -24.3394 -461.349 279.306 -34.7424 -451.183 284.047 22.3901 17.7316 19.3723 14.9416 
157.579 167.983 180 118.571 90.0457 156.393 155.413 129.889 88.6359 136.68 -471.254 338.362 7.11688 -528.909 318.311 -9.35168 -513.706 319.436 -25.8435 -476.397 306.481 -23.2876 -463.646 280.667 -34.558 -453.652 285.845 22.7916 19.2016 20.7226 18.6858 
158.36 174.27 180 117.165 90.0457 155.792 177.439 131.728 85.1227 146.656 -472.264 340.578 5.20769 -533.481 313.041 -10.4209 -513.808 320.494 -27.1359 -475.018 307.43 -22.2081 -464.701 283.845 -32.3694 -456.242 287.074 22.7632 15.7244 23.6446 25.9578 
158.988 174.27 161.985 106.593 102.214 154.914 178.607 134.994 114.712 122.812 -473.913 341.127 5.17538 -531.564 319.452 -11.1905 -514.717 321.7 -27.5224 -485.281 310.648 -27.0184 -468.548 288.811 -28.6212 -457.588 287.801 23.4138 5.20741 14.6696 19.8971 
155.532 174.27 158.481 106.487 100.571 153.562 178.995 131.507 120.801 122.819 -475.927 339.697 6.30154 -532.723 323.018 -10.1141 -515.708 323.513 -25.9201 -488.672 310.938 -29.3288 -469.81 290.548 -29.3654 -458.499 288.496 23.5779 2.48142 12.0555 18.7192 
156.624 174.27 150.999 111.553 108.124 151.746 179.64 130.029 138.543 124.062 -477.9 338.08 7.56435 -531.915 323.114 -11.959 -516.16 323.488 -25.4689 -496.071 309.928 -32.7508 -471.511 291.108 -31.3049 -458.829 288.822 24.0621 4.54288 6.55224 17.4722 
156.723 133.448 148.104 128.216 122.441 151.562 164.128 124.133 141.489 123.138 -478.164 338.07 8.6951 -527.289 327.267 -11.2528 -515.54 325.371 -23.2153 -500.183 310.45 -34.2519 -473.478 292.077 -32.074 -459.065 289.249 24.08 5.65657 4.7909 14.1311 
157.001 123.248 147.919 133.147 128.658 150.946 153.052 122.524 138.614 121.155 -478.734 338.535 10.3098 -526.319 328.261 -10.0487 -515.042 326.466 -22.5166 -500.349 310.839 -34.4202 -474.266 292.474 -31.7753 -459.146 289.496 24.0796 4.742 5.11911 14.3258 
157.005 137.637 149.209 141.01 126.261 149.704 144.775 120.349 143.542 122.931 -479.996 337.954 10.9814 -526.707 328.782 -9.81047 -513.755 327.493 -21.6431 -500.93 308.304 -36.5178 -474.878 291.903 -31.0741 -459.391 289.678 23.9788 4.84954 8.51436 15.624 
157.96 133.794 127.731 174.27 130.709 149.603 156.651 126.551 156.345 133.482 -479.468 335.246 11.08 -526.333 325.92 -11.3115 -511.773 326.67 -21.3187 -503.777 305.653 -38.5134 -475.03 291.141 -33.546 -457.994 289.113 24.1183 6.71454 10.9754 17.5351 
156.392 131.945 137.322 174.27 138.953 149.901 163.659 138.068 160.784 138.64 -477.613 333.038 11.7783 -524.622 324.012 -10.966 -514.549 323.687 -23.8303 -503.813 303.552 -38.0971 -474.355 289.85 -35.5284 -455.757 288.112 24.3874 7.43574 8.11355 13.7699 
156.826 144.476 149.604 174.27 165.093 151.948 158.465 149.297 159.942 158.626 -475.138 331.169 9.18139 -527.236 325.403 -4.59708 -515.922 321.507 -25.1853 -502.334 304.957 -36.5058 -476.247 286.396 -38.9107 -453.324 286.673 24.2071 5.92755 4.1995 13.737 
158.663 164.748 163.367 174.27 174.27 155.691 165.724 162.414 178.237 155.275 -471.837 330.827 6.56628 -531.217 323.839 -0.823624 -520.371 317.037 -24.7338 -501.22 309.462 -35.4051 -463.679 286.645 -41.0892 -450.676 284.904 24.4544 16.6217 6.95791 13.1285 
163.816 156.829 143.513 174.27 99.1599 159.951 160.812 156.766 178.035 105.66 -470.804 327.139 6.44563 -526.402 323.144 -0.758365 -512.965 315.862 -25.696 -497.882 311.741 -36.2866 -449.637 288.374 -27.8636 -446.837 283.436 24.6374 20.2307 5.89933 14.4481 
170.388 143.322 150.68 174.274 105.311 164.546 150.485 157.753 178.037 85.9471 -471.708 322.446 8.01554 -518.448 323.431 -0.787239 -511.011 311.986 -28.2619 -495.196 311.549 -34.0935 -440.974 286.574 -25.7066 -442.629 281.975 24.9032 25.2398 8.63768 12.2162 
166.628 156.145 135.977 174.316 124.844 163.296 154.968 147.848 178.05 75.3012 -468.716 315.906 6.05863 -521.563 316.92 0.370763 -505.182 309.086 -26.6544 -492.161 315.452 -30.044 -434.851 287.484 -20.4225 -438.886 280.882 24.7721 27.4541 13.3772 16.601 
166.41 146.567 132.325 174.446 157.19 165.42 149.289 142.171 178.097 74.9263 -468.613 310.633 8.72444 -514.903 319.999 3.99237 -500.721 307.826 -25.3392 -489.841 316.005 -27.7781 -429.005 290.867 -18.5079 -434.655 279.883 25.6326 30.6629 13.9932 16.9545 
149.589 148.494 139.831 174.526 167.215 151.885 149.628 144.523 178.132 72.6251 -461.975 300.335 17.8511 -513.531 317.677 6.40507 -501.185 302.252 -25.6569 -489.612 312.795 -24.628 -424.354 287.438 -20.3973 -429.749 279.285 26.307 35.3573 17.5 18.6129 
150.012 149.572 146.997 174.451 123.294 146.798 153.006 146.195 178.103 69.1253 -456.958 294.645 19.5199 -509.815 312.38 3.90671 -498.113 294.619 -27.5218 -487.718 304.006 -25.2493 -419.005 279.115 -20.7841 -424.354 278.02 26.9437 38.41 17.4572 18.2357 
165.861 113.133 180 90.0456 174.27 159.173 100.254 179.955 117.825 177.708 -416.05 258.841 -0.742599 -432.04 273.081 -21.8738 -472.807 279.871 -36.6052 -456.58 277.829 -18.0094 -477.543 299.137 -6.0672 -413.732 283.685 37.2717 29.6443 18.5899 21.0847 
168.65 148.922 125.943 174.27 174.27 166.541 142.801 136.709 163.447 98.1336 -391.909 250.109 -1.88802 -411.408 266.038 -40.1924 -431.85 267.518 -34.8922 -446.138 271.733 -26.1292 -453.424 268.561 10.4395 -409.498 289.561 38.7345 13.6109 5.16152 1.48996 
164.733 176.979 144.517 174.27 90.0456 154.941 162.817 134.482 143.735 130.312 -409.416 237.549 14.5867 -416.832 254.028 -41.4712 -434.429 256.938 -30.6303 -461.875 260.161 -7.70498 -462.855 275.534 18.4708 -410.71 290.322 40.7727 4.05864 15.1522 6.57631 
160.277 156.345 180 174.27 90.0456 159.859 166.192 142.162 104.989 109.653 -404.333 236.499 15.8608 -414.346 257.675 -43.3325 -436.102 254.1 -30.9118 -461.094 256.295 11.3122 -465.502 275.937 24.0085 -410.718 290.337 42.5694 10.3981 28.5882 12.3699 
