176.641 162.052 156.218 139.737 147.432 166.5 147.621 132.077 110.09 102.796 198.155 217.633 -39.4469 214.863 164.69 -49.8042 204.233 154.079 -22.2404 205.341 164.284 9.29614 217.25 169.119 24.8557 235.682 215.545 17.1086 8.50835 18.8742 22.5564 
176.539 162.063 156.022 139.811 147.408 166.474 147.621 131.913 110.07 102.774 197.993 217.298 -39.4898 214.642 164.413 -49.8338 204.014 153.96 -22.1699 205.16 164.14 9.30499 217.106 168.96 24.8173 235.551 215.353 17.0116 8.50422 18.8389 22.6282 
176.321 162.021 155.839 139.867 147.407 166.338 147.573 131.764 109.955 102.736 197.859 216.852 -39.4163 214.567 164.207 -49.9298 203.889 153.735 -22.1214 204.994 163.981 9.43479 216.974 168.734 24.86 235.472 215.094 16.957 8.49034 18.9749 22.7438 
175.942 161.953 155.635 139.925 147.462 166.101 147.45 131.501 109.621 102.63 197.745 216.33 -39.325 214.788 164.12 -50.1508 203.989 153.569 -22.2183 204.937 163.975 9.51342 216.928 168.585 24.8405 235.446 214.895 16.8559 8.45189 19.271 22.8969 
175.457 161.885 155.544 139.832 147.408 165.763 147.332 131.438 109.266 102.471 197.705 215.699 -39.1889 215.004 164.027 -50.454 204.206 153.3 -22.6329 204.929 163.89 9.49469 216.883 168.378 24.7704 235.435 214.646 16.731 8.42784 19.6919 22.8217 
175.089 161.892 155.246 139.608 147.342 165.458 147.492 131.392 108.957 102.334 197.856 215.143 -39.1916 215.492 163.735 -50.8779 204.397 152.961 -22.9537 204.873 163.741 9.44789 216.767 168.104 24.6524 235.434 214.32 16.5892 8.43377 20.0585 23.0364 
174.812 161.82 154.99 139.775 147.265 165.153 147.78 131.471 108.966 102.321 197.881 214.744 -39.1636 216.25 163.43 -51.538 204.711 152.357 -23.4043 204.78 163.195 9.27571 216.658 167.547 24.4974 235.39 213.935 16.4515 8.38669 20.3793 23.3815 
174.561 161.759 155.005 140.22 147.219 164.794 148.286 131.646 109.163 102.289 197.933 214.386 -38.9916 217.355 163.214 -52.4888 205.465 151.424 -24.2661 204.621 162.411 8.99253 216.483 166.914 24.3491 235.254 213.52 16.358 8.37456 21.097 23.5918 
174.258 161.658 156.088 141.002 147.304 164.271 148.857 132.02 109.499 102.334 197.919 214.007 -38.5061 218.709 163.052 -53.4222 206.786 149.992 -25.4523 204.556 161.383 8.7911 216.387 166.147 24.4613 235.078 213.179 16.3469 8.24062 22.2943 23.4208 
173.652 161.458 156.883 141.971 147.532 163.584 149.366 131.805 109.707 102.336 197.934 213.547 -37.8993 220.467 163.269 -54.5076 208.598 148.834 -26.8014 204.586 160.374 8.4172 216.247 165.4 24.5503 234.847 212.914 16.4003 8.10273 23.6157 23.2762 
172.867 161.912 157.91 142.831 148.058 162.773 150.298 131.993 110.105 102.596 198.095 213.205 -37.1985 222.871 163.921 -56.116 211.276 147.624 -28.8684 204.941 159.095 7.58153 216.2 164.541 24.5243 234.637 212.716 16.476 8.01712 25.1841 22.9551 
172.116 162.279 158.192 143.591 148.798 162.088 151.26 132.705 110.788 102.764 198.264 212.879 -36.4943 225.669 164.782 -57.6994 214.9 146.346 -31.3663 205.462 157.808 6.7571 216.237 163.949 24.5413 234.51 212.573 16.5212 8.34496 27.4958 22.2375 
171.399 163.126 158.427 144.979 149.906 161.325 152.631 134.827 111.826 102.852 198.491 212.517 -35.6231 229.166 166.082 -59.5153 219.817 145.143 -34.7724 206.045 156.668 5.90672 216.368 163.677 24.5706 234.486 212.557 16.682 8.98919 30.9322 20.9935 
170.881 163.065 156.545 147.81 151.303 160.852 154.323 139.743 112.034 101.684 199.023 211.819 -34.6741 232.575 167.847 -61.4519 228.359 144.198 -39.7618 206.939 155.858 5.42844 217.004 163.698 25.0015 234.501 212.621 16.8276 9.63129 37.508 17.1761 
169.875 162.732 155.87 150.855 153.085 160.23 154.612 143.633 111.741 100.049 199.732 210.993 -34.2224 236.106 170.244 -63.309 235.511 144.973 -44.5957 208.299 155.861 4.11949 218.037 164.234 24.8309 234.9 212.812 16.8946 10.2905 42.1439 14.4592 
168.907 161.907 157.085 153.514 153.534 159.563 153.695 146.614 111.665 98.6996 200.584 210.557 -34.2765 239.258 172.649 -64.7514 240.978 146.33 -48.6029 210.023 155.744 2.06073 219.333 164.403 24.1894 235.337 212.991 16.9756 10.6188 44.2903 12.6572 
168.651 160.941 157.397 155.786 153.855 159.403 151.509 146.952 112.17 97.7588 201.775 210.639 -34.9006 241.723 174.463 -65.2592 244.146 148.048 -50.7795 212.421 155.125 -0.358581 220.91 164.274 23.3852 235.89 213.15 17.0628 11.2066 43.3916 11.7167 
168.608 160.336 156.553 157.073 153.742 159.387 149.379 145.894 113.837 97.6012 202.913 210.702 -35.3771 243.348 175.571 -64.9878 245.733 149.441 -51.0668 215.306 153.711 -2.96599 222.503 163.653 22.6267 236.298 213.237 17.3617 12.1011 40.211 11.4184 
168.802 160.072 156.03 157.898 153.047 159.557 148.1 145.25 115.779 97.6567 203.752 210.654 -35.8124 244.901 176.354 -64.5877 246.928 150.502 -50.8225 217.718 152.196 -4.90807 223.522 162.961 22.121 236.275 213.157 17.8045 12.9937 37.3579 11.4124 
169.242 159.798 155.326 158.088 151.897 159.848 147.855 145.016 117.461 97.6882 204.386 210.501 -36.203 246.758 176.92 -64.0443 248.202 151.325 -50.2988 219.304 151.083 -5.99845 224.066 162.4 21.9088 235.989 212.92 18.3756 13.4708 35.7092 11.605 
170.146 160.012 154.772 157.621 150.546 160.342 148.888 145.283 118.679 97.8529 205.164 210.677 -36.7563 249.213 177.35 -63.5042 249.468 151.748 -49.6049 220.133 150.391 -6.50651 224.137 162.001 21.737 235.484 212.645 18.9588 13.5721 34.9293 12.2976 
171.176 160.334 154.599 156.569 149.048 160.765 150.393 145.95 120.166 98.7267 205.761 211.04 -37.1696 251.723 177.849 -62.817 250.745 152.042 -48.8021 220.548 149.61 -7.05001 223.561 161.505 21.4504 234.602 212.344 19.6833 13.7606 34.3524 13.0792 
172.355 161.27 155.048 155.23 147.473 161.252 151.899 147.318 121.996 99.7966 206.118 211.484 -37.3776 252.993 177.576 -61.4402 251.409 151.935 -47.5593 220.712 148.668 -7.41949 222.634 160.912 21.4152 233.189 212.005 20.6019 13.9938 33.4319 13.2188 
172.845 161.916 155.056 153.835 146.024 161.656 153.132 148.746 123.849 100.724 205.931 211.316 -37.1614 253.328 177.518 -59.9539 251.651 152.024 -46.1607 220.408 147.565 -7.72321 220.99 160.157 21.4905 231.061 211.376 21.6556 14.4482 32.5975 13.0876 
173.319 161.353 153.915 152.464 144.439 162.101 154.77 150.092 124.389 101.251 204.277 210.356 -36.6951 253.857 178.274 -58.5816 252.121 152.375 -44.7421 218.448 146.793 -6.89064 218.475 159.472 21.8419 228.302 210.523 22.7219 14.4667 33.9703 13.3888 
173.087 161.989 151.789 151.506 142.707 162.233 156.838 150.517 124.528 101.51 202.308 208.723 -35.967 254.288 179.188 -57.3248 251.703 153.018 -43.2769 215.614 146.435 -6.15416 215.528 158.8 22.1176 224.966 209.483 23.8541 14.061 35.4021 14.1398 
171.43 161.921 151.382 149.779 141.509 161.559 157.416 151.007 123.955 101.821 200.339 206.294 -34.6166 253.186 179.15 -55.3728 250.149 153.125 -41.8086 213.075 145.846 -5.15932 211.915 157.935 22.6021 220.94 208.216 25.0682 14.4831 35.7636 14.2134 
168.717 161.296 148.26 147.657 139.597 160.364 155.882 150.491 122.156 100.378 198.64 204.844 -34.5153 250.814 177.655 -52.5506 245.537 153.369 -39.8959 209.251 146.274 -4.62067 207.048 157.775 21.9182 216.165 206.529 26.0877 15.1042 34.5582 14.4012 
167.016 162.737 147.356 144.852 137.997 159.211 157.41 154.241 118.336 99.281 196.001 203.771 -33.5424 249.474 177.351 -49.753 243.388 153.79 -38.4462 201.784 147.948 -2.25684 201.438 157.597 21.9706 210.691 205.042 27.4239 13.455 39.1638 14.3724 
166.45 163.852 141.242 143.439 137.519 158.566 159.152 163.203 115.387 98.879 192.017 202.101 -32.0729 246.868 176.548 -46.6878 244.5 151.91 -35.7418 193.22 148.473 -0.263013 194.194 156.342 22.1505 203.734 202.705 28.7887 12.4891 46.6704 12.1063 
164.819 164.672 143.152 142.987 137.31 157.319 160.267 167.664 113.115 98.3963 187.021 200.363 -29.7127 242.763 175.976 -43.2597 241.867 151.355 -33.2245 184.268 148.834 1.86133 186.302 155.244 22.957 196.3 200.797 30.3715 11.8913 52.0314 11.0062 
164.528 164.312 150.138 143.471 137.674 156.194 160.659 167.073 110.409 97.4904 181.258 198.109 -27.3184 238.315 176.514 -40.3153 240.138 150.715 -30.1817 175.142 149.543 4.06964 178.245 154.517 23.8783 188.626 199.069 31.7807 11.6516 58.609 10.0915 
163.384 165.26 154.606 142.272 138.257 154.959 161.836 167.168 108.395 97.0717 174.386 195.758 -24.9811 231.868 175.479 -38.0461 233.655 149.308 -27.8688 165.63 149.477 5.8311 168.855 153.557 24.669 180.052 197.278 32.8929 11.8756 61.6976 10.1913 
161.564 165.313 157.771 138.632 138.743 152.975 161.009 166.394 105.406 96.1825 166.139 193.099 -21.9909 222.581 172.929 -36.1139 222.494 145.163 -26.0566 156.37 150.177 8.25157 159.135 153.4 26.2709 171.133 196.376 34.2585 11.9982 60.6972 11.5983 
160.357 161.91 161.234 131.906 137.788 152.087 158.078 164.893 101.841 94.8112 156.769 189.767 -18.4087 209.772 170.786 -34.2694 212.248 144.025 -24.5331 146.485 151.51 11.2427 147.965 154.282 28.4812 160.749 196.016 36.0804 12.7452 61.0626 8.95569 
157.66 162.525 162.48 122.24 132.056 151.255 157.182 164.812 95.7139 93.0964 146.552 185.851 -15.3529 195.407 168.024 -33.0589 201.26 143.06 -23.6824 137.125 153.118 14.1597 136.876 155.154 30.1566 149.426 195.553 37.0622 13.7436 61.0421 5.57081 
157.992 157.114 166.216 106.191 110.805 152.659 158.012 160.369 92.4304 92.1422 132.807 180.195 -13.7918 180.076 162.109 -31.0745 182.96 136.879 -21.301 128.974 151.669 14.7971 125.11 154.063 32.8264 135.155 194.108 38.1168 14.316 51.5877 7.17084 
157.972 153.408 169.151 145.572 121.195 153.511 161.808 160.63 140.299 98.4742 101.327 170.087 -12.9737 152.305 154.476 -29.0534 150.609 124.937 -19.227 109.955 122.244 3.27632 84.2301 147.15 34.418 104.086 187.301 38.0131 41.5635 29.0378 11.0063 
153.339 162.154 171.681 162.565 126.837 159.185 167.642 161.518 146.883 100.335 77.1554 164.828 -15.605 133.522 144.994 -29.4187 128.908 118.435 -20.187 84.6554 113.704 4.0893 60.5035 141.713 34.9892 83.9401 181.915 38.9862 40.1352 30.8133 10.6466 
157.171 165.942 168.161 168.611 135.375 160.509 169.265 159.868 140.927 103.027 60.7728 168.524 -17.7655 110.969 139.224 -30.3365 104.383 113.482 -19.8263 61.6483 110.265 3.893 36.3402 136.273 31.3969 62.1612 178.418 37.8469 38.4148 29.4615 10.3595 
165.426 174.27 166.988 174.27 141.737 167.524 170.925 166.799 118.102 94.8109 44.1437 174.181 -25.6976 88.1538 137.162 -36.6332 82.6209 108.816 -22.9047 24.4182 116.181 2.82714 11.7442 134.638 28.4467 39.0687 175.477 32.7949 26.4525 45.2793 10.5989 
175.019 154.372 171.772 164.739 152.363 164.977 164.658 164.219 84.6614 79.5016 19.9274 165.887 -23.7826 58.6454 128.828 -38.9298 51.4854 100.277 -23.2235 -14.0711 148.262 10.8377 -14.7981 142.283 34.3803 14.778 173.347 30.8321 1.38184 78.5126 11.5078 
136.009 127.692 171.995 159.817 159.222 171.278 161.114 168.275 83.7992 74.7949 -5.77599 167.197 -20.4785 31.3768 123.896 -40.7263 21.2755 96.0071 -25.5951 -42.1956 155.279 17.3392 -38.6711 143.733 35.3726 -7.485 170.725 30.694 9.02444 90.315 11.7181 
166.977 158.308 180 152.648 158.975 148.611 168.928 180 92.1746 79.6255 -20.3126 191.618 -33.3554 6.46841 115.276 -40.8009 -2.01941 92.2091 -27.5421 -73.3678 157.665 19.9324 -67.3723 147.728 35.7355 -30.0402 170.97 28.8636 9.56999 98.803 7.03057 
119.672 163.019 180 139.934 149.91 142.335 173.137 180 103.494 88.7168 -47.5142 211.69 -26.9777 -21.6087 120.214 -34.828 -34.908 99.576 -21.1352 -106.697 165.362 24.3155 -98.2678 161.988 39.9814 -54.9522 182.564 35.1753 10.1023 92.1537 8.21432 
131.926 166.973 175.155 136.288 149.94 138.123 172.555 176.705 108.114 92.6365 -88.0025 238.102 -18.6807 -60.5816 141.652 -33.8752 -76.4184 114.821 -13.812 -142.675 177.81 29.8496 -134.075 181.965 49.9475 -88.4079 201.47 44.3625 10.7468 81.5264 12.8878 
147.992 169.126 171.621 121.785 141.305 139.921 171.672 171.51 109.736 93.506 -151.265 203.491 14.185 -104.689 152.823 -38.4606 -127.924 123.552 -13.4757 -174.328 184.593 32.4236 -166.896 193.04 54.0429 -120.084 212.207 46.5499 13.5921 66.5809 18.2479 
156.949 173.565 154.132 124.834 139.54 139.724 173.025 153.07 126.142 96.981 -186.884 211.364 19.3943 -143.251 164.521 -38.0615 -178.142 143.15 -4.94327 -204.248 182.142 32.8065 -192.838 200.498 59.3509 -145.313 219.96 48.6158 21.7403 41.2296 28.0083 
140.018 159.865 156.841 127.701 139.757 171.711 159.047 153.828 129.466 103.324 -198.77 244.05 -0.432646 -191.94 183.316 -31.4721 -213.226 156.321 0.129884 -231.369 186.652 35.629 -220.378 205.223 63.6337 -171.72 230.009 51.7638 20.4782 32.6719 21.5579 
163.507 157.508 157.136 136.397 142.308 172.936 153.921 151.989 133.377 110.671 -220.091 274.025 -5.44278 -231.544 201.275 -22.4783 -250.644 175.2 9.33151 -260.557 196.12 42.3836 -248.324 213.847 70.4741 -197.001 241.236 56.3273 18.853 24.3176 20.8164 
176.069 158.278 152.793 144.027 140.924 171.861 153.231 146.001 134.556 112.452 -241.283 296.504 0.504354 -263.03 222.009 -12.7138 -283.294 199.474 21.9097 -286.72 209.697 53.864 -271.162 223.47 81.9371 -219.939 254.566 63.9102 15.3903 17.2976 23.7827 
167.132 152.144 148.846 145.786 140.574 176.204 152.453 139.533 132.655 115.332 -269.822 316.443 13.9411 -292.515 243.599 -0.34881 -312.632 225.885 38.4021 -311.328 227.82 69.6257 -292.724 236.749 94.3379 -241.833 269.55 72.6971 11.4796 13.3316 27.7591 
166.396 155.081 151.919 148.941 148.696 171.311 156.09 141.156 132.266 116.864 -299.298 335.164 34.5246 -318.567 264.029 11.2929 -336.799 246.02 51.8587 -333.529 247.71 84.9442 -312.474 255.395 106.986 -261.365 284.296 81.7684 12.7831 15.9743 29.4044 
162.275 157.623 154.638 154.524 150.304 169.396 155.502 151.128 135.603 118.808 -320.429 357.889 55.2984 -346.059 286.283 28.0252 -358.768 262.483 62.0714 -354.863 270.968 99.2897 -330.375 275.852 121.098 -279.381 300.676 91.5345 13.5184 22.9311 22.5174 
146.701 167.773 164.249 152.488 148.014 169.983 161.65 158.496 126.44 114.574 -333.546 372.402 69.0586 -368.037 306.41 42.1918 -376.628 279.383 70.5811 -364.709 302.213 114.567 -340.812 296.829 133.52 -293.867 315.198 100.606 9.45159 37.4117 17.9389 
139.719 173.053 175.558 164.997 144.278 158.733 164.649 170.064 131.665 107.102 -349.863 376.079 94.9165 -386.607 321.557 59.5487 -391.032 293.077 76.3149 -376.211 320.916 122.349 -343.071 320.565 146.406 -305.591 328.416 108.977 24.4831 42.0748 9.88809 
136.887 176.752 178.712 168.339 140.073 138.406 169.115 173.155 124.928 99.2485 -355.421 373.56 121.947 -400.46 333.755 74.7975 -402.855 303.439 88.2329 -376.472 341.257 142.253 -342.794 333.616 154.795 -314.827 338.477 115.613 20.6183 57.3657 9.37816 
145.726 178.872 174.094 160.95 141.208 128.779 176.467 171.521 114.69 111.005 -361.33 371.362 135.572 -409.841 342.73 80.6814 -416.481 318.8 98.7491 -379.492 353.68 152.325 -356.935 342.214 162.083 -323.948 346.67 120.76 9.40232 59.7213 8.86182 
151.576 174.156 171.977 153.776 138.384 125.445 177.82 173.989 113.244 111.984 -364.951 370.926 148.795 -417.731 350.161 88.0729 -425.083 330.36 107.605 -381.223 361.729 161.527 -362.921 348.318 167.09 -330.573 352.456 125.139 6.25214 62.1048 9.68232 
153.606 174.981 180 148.204 141.625 132.642 178.143 180 110.569 111.535 -367.186 370.087 152.773 -420.077 353.419 92.1301 -427.311 335.989 110.094 -378.244 363.182 165.877 -362.799 349.125 169.604 -332.08 353.095 126.328 5.96258 65.1875 8.83155 
155.027 174.369 180 141.337 144.612 144.135 178.116 174.328 109.055 111.309 -370.895 382.499 155.191 -421.795 357.346 96.8652 -430.089 347.945 120.875 -377.928 365.559 168.512 -364.373 350.403 172.218 -334.156 354.852 128.14 4.95286 58.8566 15.7824 
160.309 174.53 180 140.223 149.579 153.483 178.071 168.573 105.771 107.427 -372.195 389.634 152.172 -423.952 362.781 100.623 -429.64 356.632 128.919 -375.298 367.042 169.967 -362.151 351.834 173.318 -335.255 355.393 128.85 5.70494 55.4462 19.7823 
168.366 174.278 180 142.142 149.736 158.566 177.977 164.659 106.029 106.573 -373.64 394.361 152.183 -426.671 369.163 103.093 -430.217 364.66 135.164 -371.191 371.64 172.78 -361.662 354.706 174.337 -337.101 357.138 129.829 5.87772 56.4784 22.8488 
167.476 174.27 180 142.196 149.101 159.139 177.971 160.945 106.017 106.274 -375.107 397.576 155.552 -429.165 376.499 105.416 -431.474 369.401 140.349 -371.832 374.498 175.009 -363.684 357.198 175.938 -339.546 360.343 131.234 6.4089 55.5006 24.1947 
173.804 174.27 180 136.802 145.039 161.397 177.977 152.79 106.292 106.184 -377.923 400.57 158.349 -430.03 382.175 109.205 -430.055 374.961 145.833 -371.354 375.981 175.998 -364.218 358.602 175.934 -341.998 362.445 131.666 7.21795 52.9417 26.3797 
170.061 174.27 180 131.881 140.702 159.319 177.98 149.865 103.609 104.355 -380.353 402.283 162.079 -432.487 387.07 111.969 -431.084 378.771 149.644 -370.773 378.02 176.689 -364.733 360.98 176.471 -344.714 365.378 132.551 7.85548 53.7389 27.3473 
162.306 174.27 180 128.751 135.479 154.561 176.309 147.332 94.158 96.9634 -380.204 401.151 163.825 -433.763 393.636 116.246 -431.635 381.363 151.398 -369.107 377.257 175.457 -365.002 360.739 175.666 -346.172 367.14 133.559 9.41932 56.0065 24.6818 
158.067 174.27 179.67 128.381 132.78 151.706 169.313 150.671 93.2298 96.658 -382.432 404.071 165.982 -435.314 401.458 121.177 -435.781 386.267 152.131 -373.3 380.433 176.548 -368.832 363.498 177.162 -349.139 370.623 135.149 8.71936 54.9939 20.202 
154.391 174.27 168.491 129.061 132.155 149.488 161.174 145.259 91.551 97.1273 -384.558 407.625 166.482 -435.994 407.369 128.976 -435.347 392.397 156.697 -376.642 383.46 177.289 -372.414 366.591 178.306 -352.112 373.892 136.5 8.79447 50.4069 17.8434 
155.384 174.27 158.009 129.219 132.318 153.148 152.185 136.049 90.5637 94.3758 -386.73 413.297 166.531 -434.21 410.519 139.885 -429.286 399.923 165.047 -376.124 385.079 178.427 -370.839 368.432 178.828 -353.935 376.14 137.551 8.08741 43.2609 18.0854 
156.815 179.66 155.252 132.208 134.053 154.704 152.994 137.117 92.0536 95.1403 -389.368 416.956 167.912 -436.777 413.402 142.581 -431.142 403.23 168.937 -377.862 387.143 180.922 -372.004 370.753 180.886 -356.187 378.691 138.881 7.83293 41.7882 18.9544 
157.492 166.799 157.509 134.343 135.33 154.2 149.986 137.152 93.4012 96.0489 -392.263 419.455 169.805 -438.49 417.16 146.937 -433.311 405.697 173.139 -380.052 390.168 183.089 -374.265 373.728 182.594 -358.972 381.774 140.317 7.93255 40.8177 18.066 
159.473 164.607 156.651 132.382 134.403 153.566 149.467 137.276 94.1909 96.5317 -395.011 421.362 172.378 -440.178 422.3 150.7 -435.589 407.997 175.474 -382.95 392.989 184.519 -376.734 376.477 183.846 -361.887 384.469 141.552 7.70299 40.1671 16.107 
161.133 159.337 153.566 131.783 135.554 153.575 147.33 135.501 97.028 97.7307 -397.694 423.965 172.923 -440.584 426.486 154.114 -435.524 411.031 177.117 -386.654 396.228 186.375 -379.257 379.447 185.366 -364.507 386.802 142.617 7.14727 37.245 14.7983 
162.896 156.119 151.511 133.893 137.227 155.13 143.468 133.053 99.0456 98.1914 -398.974 426.598 172.691 -438.251 428.682 157.176 -431.957 413.786 178.836 -386.572 398.007 186.983 -379.17 380.757 185.567 -365.289 387.416 142.659 6.99173 34.2012 14.3584 
163.542 161.973 151.907 131.487 133.044 155.443 145.862 132.57 98.3664 97.9248 -397.701 428.044 171.845 -438.246 428.503 158.378 -430.225 414.721 178.966 -387.937 398.083 185.902 -380.59 380.616 184.752 -364.948 387.079 142.444 7.06703 31.0985 14.6986 
162.423 156.444 150.475 130.888 129.421 155.067 144.715 132.717 97.8862 98.434 -394.348 430.844 168.889 -434.289 430.191 160.458 -427.324 417.643 179.522 -386.805 399.189 185.568 -380.367 381.178 184.97 -364.323 386.451 142.513 7.08413 29.3674 13.0201 
166.359 157.746 150.656 129.678 127.986 158.884 144.928 134.015 95.9982 97.7264 -392.972 432.462 165.371 -431.369 429.425 161.1 -424.878 417.725 178.911 -384.11 397.397 184.696 -378.214 379.541 184.683 -362.421 384.633 142.273 7.37845 29.2194 11.9045 
168.464 157.19 148.999 131.706 131.296 161.794 144.733 130.198 97.0001 98.3478 -392.243 429.744 162.844 -428.095 425.614 161.203 -418.176 413.841 179.498 -379.609 393.959 184.629 -374.117 376.397 184.311 -359.517 381.339 141.462 8.01923 27.4254 13.9883 
168.252 156.656 145.25 134.616 134.567 162.891 144.589 129.059 99.3079 99.033 -388.29 421.217 160.073 -423.75 417.343 159.427 -411.308 405.555 178.314 -372.02 386.721 183.854 -366.331 369.305 182.59 -353.621 373.924 139.477 8.3959 28.1162 15.9001 
169.569 175.033 162.066 129.08 133.265 163.604 149.531 138.872 98.1449 99.3553 -384.232 416.537 158.087 -423.467 411.183 155.179 -414.201 400.517 176.187 -367.325 381.822 182.027 -361.77 365.271 181.529 -349.12 369.581 138.121 8.66947 33.7084 14.9219 
169.921 171.79 159.104 128.801 134.351 163.827 150.565 139.419 99.312 99.7163 -380.778 411.961 157.287 -421.57 406.212 153.779 -411.335 395.187 175.911 -363.782 378.13 181.882 -357.592 361.767 181.194 -345.494 365.419 137.394 8.43622 34.4335 16.0452 
168.067 165.887 150.419 130.151 136.643 162.292 148.08 135.208 100.445 99.5748 -379.451 408.222 162.092 -419.624 402.609 155.307 -407.564 390.924 176.639 -361.732 375.577 183.132 -354.76 359.216 181.874 -343.911 363.27 137.738 8.07699 33.7542 16.7515 
166.418 157.923 145.849 131.373 137.491 162.291 145.016 132.227 102.716 101.047 -376.967 404.826 163.888 -415.985 398.471 157.136 -401.893 387.823 178.226 -360.996 372.239 183.957 -353.289 355.505 182.188 -341.363 360.501 137.352 7.47912 28.9575 18.4002 
164.453 154.88 141.493 129.98 136.963 161.324 144.214 134.481 104.277 101.8 -373.127 400.705 164.866 -413.351 393.238 157.861 -399.911 383.446 178.639 -359.805 368.227 184.079 -351.435 351.073 181.895 -338.609 357.437 136.717 6.74415 28.1478 18.5278 
164.017 153.288 139.396 129.922 138.291 161.539 144.891 135.606 107.515 105.796 -369.551 397.37 165.512 -410.513 388.484 157.683 -397.045 378.107 178.983 -359.275 364.244 184.326 -350.961 346.709 182.008 -335.486 354.123 136.011 6.43444 25.8823 18.7749 
164.247 151.016 132.329 131.067 141.41 161.94 143.422 129.586 108.117 106.237 -368.395 394.646 165.697 -408.049 385.253 158.35 -390.801 374.165 179.803 -357.138 362.157 184.587 -348.501 345.111 181.919 -333.73 352.405 135.896 6.70163 23.3547 21.3291 
164.562 155.215 133.301 134.022 144.044 162.57 145.826 130.689 111.329 108.831 -365.132 392.259 164.546 -405.968 381.289 158.018 -387.516 370.63 180.249 -356.507 359.077 185.064 -346.994 341.743 182.083 -330.357 349.481 135.477 6.25551 20.611 22.4116 
164.882 151.766 136.862 142.78 155.231 163.933 140.61 132.404 127.75 117.51 -361.763 390.561 163.494 -399.087 378.932 161.101 -385.102 366.603 180.92 -363.573 355.534 187.525 -348.077 337.368 183.299 -326.884 346.165 135.006 4.32034 12.2117 17.4989 
164.481 150.033 137.013 145.635 154.567 163.927 138.631 129.961 127.976 116.43 -358.106 388.45 163.458 -393.136 376.927 163.473 -378.677 363.343 182.257 -359.11 351.31 188.652 -343.726 333.771 182.894 -323.64 343.137 134.524 5.21143 10.312 16.8932 
164.054 141.609 135.838 147.815 156.775 162.373 127.688 126.586 127.717 113.434 -354.745 384.973 163.597 -381.142 374.324 165.839 -370.242 360.59 182.924 -353.676 349.276 188.374 -337.449 332.064 181.743 -320.532 339.914 133.484 6.4127 8.6687 12.9718 
167.146 136.503 136.073 153.142 154.586 163.493 121.08 124.515 125.116 110.593 -352.568 383.876 160.986 -371.228 372.479 166.091 -363.637 359.818 181.53 -348.343 348.381 186.875 -332.234 330.828 180.41 -317.484 336.896 132.447 6.75074 7.76254 9.1349 
166.65 138.211 141.343 151.689 151.882 162.826 119.766 124.354 120.858 109.672 -349.01 380.54 159.952 -365.612 369.537 166.496 -358.541 358.365 181.163 -342.06 345.595 185.243 -328.122 327.866 179.507 -314.145 333.643 131.568 6.21176 8.05112 8.90216 
164.449 135.585 146.162 148.872 149.961 161.673 120.346 125.128 117.381 109.323 -346.876 377.771 160.747 -363.871 367.869 166.347 -356.362 357.794 181.45 -337.912 344 184.377 -325.961 326.19 179.484 -312.396 332.089 131.372 5.82396 9.16882 9.84271 
162.515 134.229 143.572 147.457 149.28 161.144 119.473 126.337 115.695 109.929 -343.558 374.669 161.513 -360.17 364.92 167.055 -354.788 355.178 181.255 -333.879 341.229 183.817 -323.155 323.568 179.203 -309.683 330.137 130.978 5.88099 11.1757 8.70394 
162.05 136.987 147.285 145.569 147.768 159.328 124.094 124.168 112.035 108.758 -337.278 368.936 163.233 -356.693 361.275 167.441 -347.45 351.326 181.377 -325.796 335.454 182.67 -316.877 318.405 178.007 -304.545 326.53 129.956 6.5727 11.5204 11.6593 
164.141 140.799 144.782 143.561 145.374 159.489 127.051 121.71 109.327 107.356 -334.787 366.537 163.472 -356.478 359.133 166.894 -343.928 347.857 180.745 -321.799 331.886 181.461 -313.715 315.289 176.858 -301.518 324.899 129.192 7.16156 11.8823 13.7926 
166.559 141.3 143.883 143.682 144.637 159.577 127.662 120.564 110.495 108.197 -331.545 364.504 162.723 -353.744 356.067 166.056 -339.965 344.545 179.736 -319.46 328.772 181.109 -310.914 312.512 176.121 -297.76 322.743 128.068 7.32708 10.2405 14.5362 
168.696 148.457 142.456 143.059 143.727 160.101 132.913 119.549 111.802 109.851 -328.25 363.819 160.476 -354.363 354.205 163.618 -337.682 341.91 177.723 -318.528 326.827 180.357 -309.417 310.989 175.367 -294.14 320.9 126.748 7.59483 9.13982 16.6278 
170.255 141.517 141.25 142.542 143.382 161 126.616 118.347 111.448 109.986 -325.994 363.055 158.809 -348.52 351.42 163.066 -335.054 339.01 176.233 -316.555 323.953 179.479 -306.924 308.411 174.56 -290.89 319.322 125.91 7.57982 8.13427 13.5156 
