165.72400438736085 179.64805453223448 179.33891212567366 178.70098326192283 179.933508433496 177.53015723127695 174.63703523597937 173.0908679776783 176.74044581584397 179.12326328252198 0.260526279 -0.101280046 0.456182 0.280473323 -0.0283657835 0.438302 0.318819606 -0.0180993804 0.435069 0.347053589 -0.0246491639 0.441948 0.38826192 -0.0579506605 0.449931 0.342518572 -0.143079454 0.475496 12.76772851880197 7.595066093334115 11.026075255954064
165.15084903629096 179.578902409837 179.32702263406236 178.8660009390369 179.9662506292989 177.8426523076931 174.40532005446028 173.43729137121525 176.9742252271988 179.06401418163938 0.259712046 -0.101146478 0.455245 0.279325302 -0.0283840272 0.437578 0.317875402 -0.0175155215 0.434283 0.345732965 -0.0240594325 0.440401 0.387527366 -0.0575583026 0.449047 0.341760949 -0.141032974 0.474452 12.931097453968173 7.0493823092644785 11.503839523745658
164.97492406636468 179.53298752039439 179.32419079745287 178.99191896166442 179.9631267071746 177.98334209915814 174.2532121676021 173.66803632823056 177.132429878416 179.02656903781926 0.259076372 -0.101030041 0.454481 0.278570016 -0.028397193 0.437111 0.317284866 -0.0171286932 0.433812 0.344867719 -0.0237005544 0.43938 0.387086282 -0.0573039393 0.448514 0.341180013 -0.140898068 0.473697 13.082431371449898 6.657178904060646 11.837824178200938
162.94347354028915 174.34803558098204 173.54032297747614 175.7416327203582 179.89907586938926 174.513137814016 177.98538760213043 176.6562248461099 177.97295059606645 178.44619821019353 0.258506974 -0.115758113 0.451421 0.276205604 -0.0329844045 0.432581 0.316566474 -0.0220997328 0.432831 0.341723303 -0.0266837181 0.435113 0.383620468 -0.061344767 0.445498 0.342118579 -0.151340667 0.471275 10.37035870781111 3.230129063610559 11.516332808992969
169.54318508230563 179.49518748110708 178.25040768790092 175.8229040975361 177.8559869261517 164.64161765792562 176.5062429354472 176.32110955894692 179.28030392395033 178.8203421503224 0.257697042 -0.115644515 0.450815 0.270854216 -0.0442400049 0.430326 0.308593099 -0.0313896808 0.427023 0.336856729 -0.0396912824 0.432514 0.37557233 -0.0703966128 0.442125 0.335143044 -0.158080439 0.468564 8.669071483963913 5.430599791067483 10.727982821365313
164.5067374306108 178.0123555638416 178.95427643351724 179.70770556996837 178.2579575345611 173.23171430244471 172.8270844605933 174.63322826608447 178.9962625480683 179.71029532730097 0.245891763 -0.119130151 0.441711 0.26760763 -0.0483927764 0.425215 0.308282147 -0.0379505005 0.422351 0.329884983 -0.0467753685 0.425688 0.371147191 -0.0837150821 0.436758 0.328981366 -0.15986609 0.462397 11.148478545681707 3.5412299569471917 13.86735796274133
164.3778215459971 179.48153313693027 179.45581147043268 179.8587913292512 179.14421450963343 179.17801531846106 176.76000690898522 176.2065862595321 179.02308386192973 178.8108917063083 0.249440238 -0.134710156 0.44206 0.262001344 -0.0575965285 0.417047 0.30142884 -0.0440370433 0.415755 0.328095678 -0.050838041 0.420296 0.371670056 -0.0844703019 0.435496 0.331499327 -0.171679145 0.459811 10.932783210432893 4.300688062704703 11.773930438872846
162.2977333204546 179.3814391308639 179.56694649893038 179.7838926603706 179.89838840298813 172.2088305201672 173.72228417781582 177.3487792519539 178.37830389329625 178.30714440884287 0.247158997 -0.140276409 0.436512 0.258341415 -0.0700702522 0.410737 0.296099676 -0.0544225703 0.408417 0.324172805 -0.0632812742 0.412945 0.370039433 -0.0980893199 0.428385 0.326417198 -0.182651501 0.455533 12.549738398773242 4.142090140013953 14.163031394299711
160.38701011321226 175.80599412872397 176.21946728870384 177.0978547530203 170.32398795131155 177.02244102346225 179.69027082617671 169.87408305479093 178.69862079123052 172.7610015978889 0.244233064 -0.149010994 0.435377 0.25452359 -0.0702952573 0.406403 0.293679734 -0.0621723817 0.404547 0.322027333 -0.0655637749 0.409523 0.368082562 -0.100936649 0.426987 0.325046178 -0.184939185 0.453583 11.380509799108857 9.05704719244939 7.232886315476983
160.59134270908336 179.5934191806859 179.62330991244315 179.45207785890923 179.78373598559958 178.6338417118509 177.80749313568674 177.91211836336132 176.81399683698396 177.67159695045703 0.242796844 -0.164870818 0.43303 0.2494471 -0.0877384267 0.399638 0.289129723 -0.0744925582 0.396782 0.317037485 -0.0844360905 0.40166 0.362920967 -0.117918113 0.41912 0.32352991 -0.203316952 0.449614 12.460554790595259 2.521258850316342 12.686450371186828
159.55748777150438 179.71173230056323 179.4563368649251 179.93080632627408 179.76179140927246 173.23262074082731 179.36500675404062 173.28553051639392 177.7977490283835 177.2427734979073 0.239466523 -0.17848037 0.427125 0.245368516 -0.0983019242 0.391644 0.283047004 -0.0885120398 0.387228 0.311326464 -0.0935838876 0.39347 0.359704653 -0.129425585 0.410584 0.321179152 -0.215849186 0.445462 11.385220091803532 9.1606980519855 8.297177325145022
160.28915355018623 179.6838410049695 179.31696899503157 179.92729747091454 179.8954468394823 174.1929580133671 179.54977844210765 168.6436944669025 179.68553637437384 178.12864167014737 0.233567444 -0.189647097 0.422776 0.243459911 -0.112988288 0.385403 0.281848261 -0.106317053 0.38118 0.308353773 -0.110952563 0.385727 0.357618832 -0.14753575 0.406536 0.315162955 -0.23026888 0.438446 14.726453743829387 10.26552223757773 7.397416464671565
161.2908695350695 179.67003847548548 179.5451427980693 179.79553958204906 168.77104823912478 172.08925753163285 179.5401542694575 176.25671437400374 178.73709063517558 179.87984790703516 0.229038622 -0.203322846 0.415738 0.237029607 -0.127630566 0.376512 0.27518434 -0.115103264 0.371975 0.303086216 -0.121706813 0.377078 0.353389473 -0.159345206 0.395386 0.315901111 -0.24098345 0.434889 12.3299464283543 5.074387521320406 10.767886108150842
166.8091134727135 179.686025027521 179.67141369129314 179.51572473880256 179.9155288470046 176.5547121040237 179.56577912625954 179.27920628774785 173.25713120966861 178.47965746009746 0.226351635 -0.221228939 0.406431 0.233520361 -0.143824098 0.371063 0.270486131 -0.12893857 0.366462 0.298914313 -0.138395409 0.371348 0.346240426 -0.166309909 0.388936 0.314961257 -0.255482442 0.429424 14.200288748840903 2.315490304256577 11.59863311648383
156.94604307482638 179.68514879085023 179.5882373341585 179.7626946416619 174.8490311698963 164.7898727374957 179.56183885206923 176.73405134331387 177.8822670522758 178.154020700866 0.232204581 -0.233256041 0.419707 0.233710114 -0.152400588 0.37038 0.27081762 -0.139585788 0.365576 0.298728238 -0.146292102 0.370136 0.346041517 -0.180151781 0.387625 0.310902663 -0.265958762 0.427252 11.306611632020395 4.6348990047729774 10.63755165312292
163.00967861374534 179.73368066951096 179.46170981407727 179.84040331821973 173.33395886600178 174.4993838398757 179.79963391269087 164.02992079465443 179.2308436354017 177.88190980006917 0.217588596 -0.24045314 0.40253 0.226175543 -0.163334806 0.360692 0.266065196 -0.158134005 0.356733 0.292810195 -0.158269678 0.362553 0.346022048 -0.194593992 0.383617 0.308447122 -0.276641607 0.425052 14.0055191487456 14.083658221779146 8.873589774653643
162.457083219466 179.82992979144845 179.853619784403 179.79887074892395 137.66561897144982 172.65835045696915 179.76964893817748 179.80337701021102 174.25334645898278 178.12432006316445 0.214483829 -0.254664892 0.399024 0.21635328 -0.174145945 0.350748 0.257287046 -0.16152453 0.343995 0.29040709 -0.167344576 0.356392 0.339131702 -0.212664069 0.374665 0.308888902 -0.284552128 0.423177 13.377451016509204 11.405296718803319 14.830415444016452
162.66260335191623 179.8435607163225 179.90096554592827 179.92160111721267 139.15511082415765 178.63965513823138 179.78609812456784 179.51448316724046 178.37718416279324 179.43251945834533 0.217734491 -0.269719007 0.403191 0.219914919 -0.194471394 0.354103 0.257957795 -0.180895984 0.347589 0.289740305 -0.190238698 0.356338 0.339596542 -0.234136373 0.377235 0.310177353 -0.30636319 0.428187 10.224953700215147 6.806200474712995 13.283769623267615
163.7849699186135 179.84583550230124 179.88498287404298 179.8614947891259 165.95807012813086 170.56409743195795 179.7923099976375 179.84489465219895 176.60860615102976 179.51821972202174 0.213146205 -0.284650168 0.401576 0.222706366 -0.21207715 0.354303 0.259355166 -0.20107593 0.347461 0.289460492 -0.208693416 0.358576 0.341515865 -0.249204563 0.380924 0.308902394 -0.323019332 0.430529 11.049226495813807 8.92713682607111 13.65444645375887
163.0702258329841 179.84761676826636 179.92142902980623 179.88151053706062 139.85812425365702 175.45858695664637 179.79552161074295 179.89691713229695 177.0594938185638 179.35125044917385 0.213707006 -0.295370605 0.403656 0.214865519 -0.224020276 0.353626 0.255447812 -0.208731803 0.345402 0.287321736 -0.217976532 0.355396 0.338695017 -0.261716231 0.379418 0.307248767 -0.332267819 0.429866 8.94413321945771 8.525814887310776 16.877769865535747
158.89091130802572 174.70737616618302 171.53046859890762 173.7000744120437 136.51763604600558 171.64278368421594 179.84332955205596 179.98817249749553 179.98314527185488 179.4600881665893 0.214663075 -0.299473183 0.404795 0.213880288 -0.22563089 0.351823 0.255104867 -0.21173873 0.345575 0.287534487 -0.221574834 0.356543 0.336524314 -0.269451315 0.377968 0.307389875 -0.335493816 0.430288 11.244618638951579 6.681542050187631 15.783034699215326
164.0599632646481 179.8545229449834 179.95289124083675 179.99706886017924 138.89739208868417 168.46800204033784 179.80109040811732 179.93595108677061 179.9953298476585 179.38570342219458 0.212857468 -0.321729891 0.40717 0.217638528 -0.247611065 0.356756 0.252923377 -0.231903222 0.34651 0.286130842 -0.239824141 0.35965 0.335025898 -0.284504714 0.380451 0.310138859 -0.354789991 0.43378 7.5854852122961685 9.470929904287459 15.956229255510511
163.7546217684354 179.8012675586031 179.92222245954022 179.94804673689765 146.0019125789917 169.1850274074464 179.73174804980934 179.8969086082572 179.92912375100155 179.35111366502278 0.211283632 -0.331132498 0.406161 0.217423695 -0.263644529 0.357391 0.253274186 -0.245634904 0.348082 0.280067222 -0.251760374 0.353907 0.33378751 -0.295103803 0.379863 0.308853303 -0.365878199 0.4339 8.462430315103644 6.3423990853171786 18.406716147284687
163.73879162166466 179.79036302511523 179.92202174024808 179.955760369832 145.39948461208323 170.1074028507346 179.71850449192914 179.89581382839683 179.94053830817393 179.36760645364106 0.211218607 -0.341104716 0.406036 0.217489399 -0.273858737 0.357499 0.253464825 -0.255918095 0.348344 0.280269809 -0.261952234 0.354163 0.333944799 -0.305317464 0.380042 0.308636202 -0.375730516 0.433595 8.525301209472367 6.4516342730748715 18.607806177969774
168.15502949847067 174.5178173258433 179.94591097936427 179.88034165958936 139.50176322518732 168.0659853563045 179.74320167147053 179.37504972076195 179.8406626793508 179.35086808086788 0.208911996 -0.349377076 0.40679 0.218804441 -0.2775632 0.358699 0.255000845 -0.267493014 0.349425 0.275505612 -0.267807533 0.356012 0.331759114 -0.316389201 0.382897 0.306611752 -0.385774782 0.433588 8.549174415623789 7.329809718144487 14.632708544319948
162.39545491833792 179.80572958656367 172.33145835294877 157.6906460325907 139.24671709771445 167.04423295411138 176.82141306981097 178.33921863253718 174.92469597139228 179.36875068265365 0.208857686 -0.354138224 0.407702 0.216424655 -0.287199279 0.356592 0.253225406 -0.27015356 0.348135 0.279376839 -0.275631828 0.362304 0.331909005 -0.319070144 0.38393 0.306892614 -0.388433745 0.434503 8.441006092996151 9.041788857395751 19.487434508409596
164.4474363971721 179.57254974536903 166.572494544524 121.93122465051613 132.0357282806068 170.351808566222 179.44102715502996 174.39210485375077 167.80622861943786 179.70687356699852 0.210393102 -0.362983658 0.412463 0.220949194 -0.295132643 0.36344 0.255869363 -0.281258427 0.353141 0.273618901 -0.298737462 0.36332 0.332007041 -0.324090254 0.384158 0.304090794 -0.386557394 0.430541 37.357387593303095 20.449625697162457 18.850745373662935
165.2825957320604 179.82426323368475 179.0837848263449 155.49602608290272 137.7913114059684 171.6979431716449 179.76544435961412 178.88086642776565 162.48281970094337 179.43930646745204 0.207472606 -0.359211622 0.407248 0.216023971 -0.28862586 0.355141 0.248602874 -0.282489368 0.346159 0.265479113 -0.293176551 0.354004 0.329418261 -0.324149734 0.382163 0.307591582 -0.391433693 0.4355 29.39532735450228 14.058615876446064 12.336470203822508
161.562688968625 168.2696521362896 179.4067783602712 132.01978609460465 141.71704663811306 174.00856018046858 176.83143616500558 179.28154475738125 165.55715938437652 175.11065181307555 0.207554212 -0.361091856 0.407741 0.211284205 -0.297400722 0.354223 0.246771227 -0.281288714 0.345218 0.265642589 -0.302083343 0.35258 0.319933461 -0.325364158 0.376195 0.308034917 -0.392379882 0.436122 27.23392013048637 22.240641659479405 22.438171992692226
161.67296759042688 170.7535144697407 179.55954793277925 133.92942953917182 141.7687072954657 174.12496388316148 177.05774449046348 179.46495795841514 165.93048139172174 175.6927424566046 0.207445835 -0.361947769 0.407728 0.211430341 -0.29760642 0.354468 0.246237672 -0.281121804 0.345278 0.265534096 -0.301959967 0.352436 0.31817603 -0.32540569 0.375159 0.308042551 -0.392644037 0.436129 25.63664115813142 21.456487219789 21.769506816488267
