139.21481581347902 106.27154311515572 179.30330340085084 179.68997060982323 179.2939281273787 171.2349010495042 176.3239139369119 167.80910565047046 176.2032337243844 175.91670268717155 0.5432104 -0.29913271 0.628162 0.59298439 -0.22090092 0.619499 0.58604066 -0.21245184 0.587965 0.60359096 -0.21178234 0.585695 0.64058907 -0.23945527 0.585952 0.61373732 -0.34389578 0.625127 8.328349212591064 7.155687424831229 56.38423583482621
148.93168333426206 107.59813357320697 179.26858703148764 179.29593374387252 139.14129317629062 174.41091691888477 177.65379750700055 168.1668852126047 176.04859125103857 173.8526629123595 0.53748955 -0.29721192 0.617119 0.5931582 -0.22055342 0.619277 0.58382126 -0.21207782 0.585363 0.60165797 -0.21112003 0.583529 0.62981492 -0.24487372 0.583924 0.61225828 -0.34328726 0.622851 15.226212945613197 7.329103297785071 58.84357689121529
160.1752494926217 105.77761895328905 173.27598894981608 179.91797156570124 169.23406774325935 177.8759869631575 176.94196541067546 172.2892921964299 175.36644702055057 151.94056360408348 0.53841931 -0.28834202 0.619583 0.59333555 -0.21967315 0.616771 0.59740877 -0.20245556 0.587467 0.61305364 -0.2073687 0.577759 0.63519893 -0.25317484 0.57993 0.60903381 -0.34463364 0.620961 21.809688348246514 6.134704542932578 38.802454968187476
158.34370534291583 102.04358990575875 172.51615802776192 179.7495571718674 159.87259796852894 169.57591309133014 173.9692874765824 174.26098471972614 179.8175448635514 171.84708006854277 0.53522831 -0.2894456 0.614605 0.57507375 -0.20561034 0.591571 0.58768527 -0.19628885 0.568686 0.60450969 -0.20357024 0.569227 0.63437476 -0.2369102 0.57636 0.60944512 -0.34345123 0.61734 0.5930361018873165 3.0770819476254068 29.255513663960816
152.84173742597 96.49259148123973 174.0107937782244 179.4257589219503 175.03767795111082 160.98802287778463 178.66184913386093 171.84133000041683 175.9897499196881 173.98646182190882 0.5303279 -0.29306283 0.605846 0.55721528 -0.19868701 0.568911 0.57524592 -0.19182468 0.558165 0.59549042 -0.18945621 0.555008 0.62628884 -0.220126 0.552502 0.61691133 -0.33086585 0.607141 9.628715260273696 3.502232962629441 25.482563881524417
162.90301902046465 179.94600175364494 179.60728869586805 179.04263937405108 179.48489647247828 175.43998114512289 179.75041571934034 176.1124058967672 177.79519387589457 168.715900746853 0.51347501 -0.28746075 0.582119 0.53101741 -0.19839569 0.537143 0.55968561 -0.19014409 0.537412 0.57996661 -0.19707431 0.535256 0.61933882 -0.23406308 0.543122 0.60601712 -0.34045373 0.600849 8.579480988401786 0.853362842566665 4.510239282416539
165.471748927134 179.98712429202985 179.65000090835883 178.5170488853086 179.59338347628923 177.17665152837273 179.7870802438964 173.9742994470261 176.62197664394952 164.35159158289372 0.50029057 -0.29088724 0.572592 0.5155814 -0.19991752 0.520493 0.542598 -0.19097841 0.518106 0.56213739 -0.19844485 0.515458 0.60154895 -0.23619368 0.524095 0.59824166 -0.33835408 0.592613 9.418797199703413 1.0125534488597212 3.3126335669720226
158.7746505105295 179.9260330357105 174.43398684987645 161.3337594079369 176.9231775676255 176.62554070312729 177.82582435142194 179.7202198664741 178.58179566358402 128.05945060658138 0.49806662 -0.29781103 0.568376 0.51427601 -0.19876749 0.516946 0.5386042 -0.19052378 0.512292 0.57416386 -0.19591051 0.525774 0.59872559 -0.25364888 0.525296 0.59327102 -0.33959559 0.585075 60.38500583201754 12.660910312660995 4.398323282943635
150.6327277684898 179.72557812905586 179.5895884306805 179.83239609056272 179.23460193477493 173.70325600377404 179.63229318170718 179.55134454327782 179.75726392800698 179.82093629191908 0.49343999 -0.29922178 0.563627 0.51957007 -0.21040249 0.515909 0.54360758 -0.20760618 0.51083 0.56565497 -0.21169346 0.511383 0.60745912 -0.24598858 0.522513 0.5679196 -0.34936713 0.562725 11.404759679238389 1.8521308597650332 1.6345186333237975
147.38992163497932 176.5419502614803 162.87233750314604 135.82096112097227 151.8761617926075 159.10060802024358 169.16413203367912 179.70420978219636 127.37795592781055 110.89192975293174 0.48175526 -0.30688482 0.550795 0.49588075 -0.21329945 0.484653 0.5262257 -0.20070973 0.484683 0.54066752 -0.25540402 0.489887 0.58323198 -0.2808069 0.506363 0.56490342 -0.34657132 0.555439 10.204354915860863 73.62716847376268 9.35357912282419
158.767975079408 179.53496984824548 160.23246263261493 144.54859780107788 148.31186519066262 156.03459038874877 170.82974908379308 179.74519429839066 179.5696884152269 98.76850677574193 0.46290072 -0.30423676 0.52997 0.48012983 -0.21139852 0.464161 0.51386724 -0.20857026 0.465717 0.54189627 -0.22409456 0.47331 0.56952141 -0.29055388 0.493672 0.55393977 -0.35538502 0.542192 77.31500703653606 4.772827384722205 4.344427588532929
136.04267432519836 179.06278608058517 141.42476869244172 150.32661513166317 156.2334901460657 150.54970760778295 146.37975785491503 179.97634422086492 179.52603132842845 105.14986602561548 0.46196808 -0.32358256 0.531592 0.47455197 -0.2335674 0.451318 0.49178407 -0.22678737 0.44164 0.51777461 -0.23382013 0.447065 0.54270647 -0.29671916 0.466318 0.53672283 -0.36209615 0.525635 67.94329737449092 2.843864717476775 15.147505559308643
157.5874501326512 179.372096099574 142.79249663235433 159.80041843343471 159.45209908828915 170.77200141942663 134.58439663301743 179.82239559132793 179.65572232412646 106.47359058343488 0.44953616 -0.33444417 0.51411 0.47097509 -0.25557631 0.446205 0.48392383 -0.24492732 0.437065 0.51448225 -0.24140393 0.439565 0.53625095 -0.30844971 0.455921 0.53803577 -0.37638265 0.51882 71.42815244470371 9.76019133749248 24.79137866572479
165.63521042526438 179.08005922782345 135.54202034189998 173.22808109231175 149.31608683923554 156.59148666759444 126.01856449329102 179.84971449831247 169.9048795752212 114.28972504045245 0.44798305 -0.33531499 0.511308 0.46769972 -0.26520741 0.436811 0.48227871 -0.25466576 0.427781 0.51962153 -0.24461171 0.44155 0.53643229 -0.31040411 0.454932 0.53174471 -0.38574282 0.514546 77.55024015755966 26.414700795011417 30.859609983753995
158.92640498534817 179.36664897758297 135.14268813201505 179.81741115311883 155.22195964672582 167.87152395130354 127.9240084664824 179.82508083605995 176.08671792788317 114.09219337644396 0.44544838 -0.34893741 0.49741 0.45680555 -0.27675319 0.424903 0.46977329 -0.26910372 0.41671 0.50764061 -0.25751565 0.425673 0.53094085 -0.32044292 0.443487 0.53520375 -0.39584286 0.509108 72.2544958838195 23.29004402161915 26.662233912039703
160.2187732793616 179.50880780228843 136.59507791252219 179.78828250452872 158.5204487418611 165.45198672091823 128.11909744536263 179.9065943122533 175.2921957618956 116.35057482441881 0.43397436 -0.35152451 0.487154 0.44178188 -0.28087342 0.410922 0.45396502 -0.27417594 0.402076 0.49335492 -0.26278792 0.411861 0.51497699 -0.32291597 0.42942 0.52648715 -0.40104343 0.502079 67.97685460175197 24.329762072122538 25.44598503484771
160.8919644942361 179.54734488364542 136.402152853064 179.81648937572967 159.87015436901044 165.54290670159182 126.00588088824883 179.89681367272078 176.38730074854993 115.23018459012734 0.42904948 -0.35958025 0.480621 0.43663774 -0.29248389 0.403037 0.4491906 -0.28742293 0.394239 0.48880321 -0.2754435 0.404195 0.5113173 -0.33365355 0.424421 0.52330547 -0.40998195 0.498396 64.79423734610543 24.100107867340967 25.884611844220338
159.53573923913146 157.86474276322863 133.8463551752309 179.9695005338319 116.20500006802958 163.84019740011445 136.10136691189797 179.89737964574417 179.957854746264 167.20104208801246 0.42512472 -0.37343808 0.484258 0.42846813 -0.30326856 0.396817 0.44809692 -0.29814183 0.389539 0.4886778 -0.28294991 0.402578 0.53362145 -0.33208416 0.424383 0.5193878 -0.41843099 0.495038 29.47189971432948 26.19122552266248 27.127829966785974
159.92021296672755 159.35501709892142 144.32294113502135 179.99091083434453 115.30136414632062 163.88076097396947 134.82956652455198 179.97852993909675 179.98823960416829 165.8411327511101 0.41799036 -0.38064762 0.476794 0.42325201 -0.31265909 0.390321 0.4437689 -0.29793999 0.384737 0.48002271 -0.29094865 0.39386 0.52845562 -0.33933945 0.418533 0.51415569 -0.42424897 0.489327 30.0232050409564 18.131556711721785 34.10501271002107
164.24871287551264 154.99472638843827 135.64277007276687 164.3417941757783 166.7749309411303 174.1141709945099 138.51072204760402 179.93413581877098 125.81383696363051 170.8609940320135 0.4235559 -0.37969653 0.470121 0.42632443 -0.32307925 0.392862 0.44016784 -0.30905365 0.388181 0.45453337 -0.33376907 0.393726 0.53408444 -0.34230699 0.421156 0.5168528 -0.43696952 0.492403 56.54996161939212 38.81740907831957 30.19649951920313
156.52055146738684 162.30366154706041 128.85246353808316 141.5744706463596 167.31401981912802 171.90580299711516 116.53916308900396 164.5752843216241 179.99058241540664 167.04155626113644 0.42329538 -0.38441273 0.471778 0.41841719 -0.33614408 0.393147 0.45244915 -0.31535759 0.391523 0.4551737 -0.3257871 0.392039 0.53468576 -0.35135961 0.418305 0.51305602 -0.43840252 0.489329 32.46848897285576 11.382031893024838 35.5823790639483
155.10160220129308 158.3796079255376 128.2162292156914 141.02278441845894 165.8147239030801 170.75933471055532 114.95295965062105 164.55401722691357 177.86095573246226 167.47624994964875 0.41688909 -0.37884264 0.462464 0.41893497 -0.33569722 0.384094 0.45807759 -0.31818473 0.38392 0.46171966 -0.32934296 0.385027 0.54334565 -0.36052159 0.419268 0.5085948 -0.44171849 0.486117 37.73294788998438 12.316587217954206 36.52514758722447
164.7673486209285 158.84744698492756 128.08544304029306 141.2958231773738 165.76693508248053 170.45231904440067 115.2433639632892 159.89678471711767 179.96805598942416 166.60734897888435 0.41310756 -0.37809087 0.455611 0.41769845 -0.33281117 0.381349 0.45540179 -0.31845292 0.381061 0.46053711 -0.32692442 0.382478 0.54305086 -0.35785278 0.416874 0.50796095 -0.43694057 0.483906 37.43027439034523 14.34594710545968 31.165074783751624
160.82377105322257 160.97358114356823 126.59462762842473 170.1855729090549 165.63990234630825 169.17442493078372 126.97813774531556 170.08305504989264 169.50083172419653 165.12469497468393 0.419986 -0.38285048 0.467221 0.42255311 -0.33313017 0.379003 0.45164926 -0.31635601 0.376144 0.45570606 -0.31314312 0.382091 0.54331111 -0.35721273 0.416416 0.50689963 -0.43542839 0.481872 37.73279489791192 10.192567236143963 32.39616057340913
158.44185362787957 156.81194137210176 130.82904013173138 151.56264520937108 165.60073604086483 160.90495326607177 133.3063595869418 174.8195105743006 162.84113935068922 167.78706975397054 0.43635755 -0.3850061 0.475951 0.42106988 -0.33125049 0.379335 0.45488506 -0.31718802 0.377011 0.48428986 -0.3211585 0.38888 0.54413144 -0.35709785 0.416492 0.51289949 -0.43759306 0.483073 21.16392776888432 8.716578078379005 31.80833443545287
157.36105426072243 146.68500926902806 132.83408903458684 149.81929011028225 166.7909955368165 159.07083348329064 140.92138943665728 178.65486334837374 162.86759423314894 168.40858690902084 0.44066454 -0.38743151 0.478622 0.42503601 -0.33101581 0.381249 0.45952903 -0.31551328 0.378961 0.48518885 -0.32156724 0.389958 0.54576772 -0.35563301 0.416112 0.5188054 -0.43812953 0.483582 24.579520468881473 7.84905777417964 35.497319090315706
156.0290134861862 150.039232506874 115.19440503602611 129.12040394490504 120.63190953428398 162.6975850372975 139.10501868499125 179.93738203145264 155.48490082296118 146.11637390528284 0.44803842 -0.37847602 0.484281 0.43014762 -0.32065012 0.386725 0.46957569 -0.31398502 0.384598 0.49007657 -0.32279162 0.39405 0.55188119 -0.36059398 0.421987 0.51492873 -0.4350933 0.484895 25.916674391932606 18.168197859019543 31.994607621719062
157.42349307522946 146.5637679287912 115.95697215731593 156.84189790015867 126.2098464535833 164.7043476787819 139.18760478043828 163.653505421563 161.8127725864487 154.07757298003253 0.44581702 -0.37770169 0.481508 0.43721348 -0.32347178 0.391807 0.46965232 -0.30955061 0.388521 0.47539211 -0.31446394 0.394036 0.55422982 -0.35994215 0.42318 0.51893446 -0.43382779 0.485286 40.400127932319094 12.726634371898383 24.611758368377387
157.64025944070417 132.33331022105733 139.4110063560539 139.47679014067987 137.24826076648137 166.17807309428753 140.34586203441233 144.75417583320282 167.09244553635307 145.12224923820744 0.44583158 -0.37646969 0.481346 0.44281018 -0.32201912 0.396132 0.47051429 -0.31043129 0.393488 0.47914114 -0.31377526 0.397762 0.55688718 -0.35922801 0.425444 0.52038555 -0.43022161 0.485966 42.55172243154198 16.570588016055368 16.544516188954383
163.93959133872124 141.2477977988814 145.0271233663231 155.763234474465 124.24345675980918 168.50963869899473 141.50256622540456 159.00062661267694 161.37948880092108 150.89825067941567 0.44760924 -0.37620091 0.482569 0.44420193 -0.31903306 0.398935 0.47475916 -0.30112481 0.397641 0.49725536 -0.30835977 0.399445 0.55754792 -0.35634815 0.426027 0.5217635 -0.42767009 0.486135 36.751588958054974 3.736963390602675 28.661302857786083
160.5045680057835 140.67656120755885 146.5400104591746 155.9470639231587 129.11452771330704 166.59606689020708 141.7560296351003 158.28600233222093 162.29267325382236 152.33495240389948 0.45063454 -0.37566353 0.485402 0.44457131 -0.31637244 0.401561 0.47511024 -0.29916345 0.399365 0.49782257 -0.3064255 0.401204 0.55668005 -0.35209193 0.426762 0.52411607 -0.42567194 0.487395 29.398019793300143 4.356442138727847 28.121335174151984
158.2506596684764 135.522002235299 126.24875932585812 156.52683342257376 153.3505517468151 157.89582164596024 147.5593643462185 165.82460262461836 162.84780193921316 118.02925163664978 0.45475739 -0.36447588 0.489135 0.43763035 -0.30532688 0.396177 0.4694912 -0.2899824 0.395154 0.49796463 -0.29342538 0.401741 0.54798165 -0.34149697 0.423792 0.53568595 -0.4119196 0.497622 43.508393636564634 9.117806065403235 24.455644853830186
157.60286806749474 144.25320156403933 130.9990506017982 177.0439875387934 154.72166124666373 158.64063325716086 142.0393994431663 163.16985333206136 177.12899714605493 134.93453294581872 0.45995981 -0.36564114 0.491798 0.45878868 -0.30999845 0.4043 0.4943738 -0.29909536 0.405067 0.50459018 -0.29550374 0.408183 0.55259522 -0.34461527 0.433483 0.54239349 -0.41737877 0.503907 45.06463803219237 22.457005847018987 25.18512696822753
158.7863948056255 152.80241689264324 131.54497006637664 178.3864123343961 177.05673789001042 164.46596550143752 141.04066859258967 172.73404448242565 116.94343214014762 167.74468674485706 0.46860838 -0.35721731 0.495383 0.45081097 -0.30985375 0.408188 0.50201974 -0.2946185 0.409856 0.53382602 -0.32339427 0.422491 0.54638487 -0.32702216 0.440357 0.54894019 -0.41996666 0.51049 40.70261582486597 35.062931535164765 38.31450085902431
169.61717297689378 153.1038296778011 117.31344072200228 176.57243881238975 157.14401798282165 175.53323072785784 137.33087941689243 166.8484512156314 117.1236897926261 125.23821242529874 0.44623783 -0.35572247 0.492278 0.46193667 -0.30552706 0.413406 0.51388564 -0.28974606 0.424526 0.54761478 -0.32236929 0.432013 0.55071165 -0.34662176 0.450174 0.55086338 -0.41375916 0.514038 20.74533611585793 30.54200650598917 36.61550336038177
166.75721967409646 137.3235331994631 123.31069062400915 141.6738266741994 147.29108814032332 171.91458253822222 147.7850842083296 174.50744772685616 179.7017013125339 114.69782619561637 0.45500809 -0.3446947 0.496293 0.46503868 -0.28975904 0.418718 0.52807057 -0.27011977 0.436254 0.52611659 -0.2725269 0.448034 0.5622772 -0.3297306 0.468868 0.55026554 -0.39705106 0.519677 61.01584029727101 18.48249682203816 45.76911905892719
162.95592831294312 158.31457842848724 130.04734975123205 123.58521382594351 145.83048610783894 157.69040671297188 161.19356937173578 160.3343433673677 149.0237642891693 111.50675043296792 0.46201699 -0.34115039 0.510279 0.49297805 -0.26184083 0.433563 0.51933126 -0.26962672 0.438639 0.5436108 -0.28984457 0.449362 0.56496709 -0.32981538 0.472058 0.5507286 -0.39554974 0.521782 35.586838706901496 19.672400416122347 8.55492652301072
158.40569578934685 179.2076148477893 146.88758554783107 101.21800684155396 79.31128759132001 157.96516250070624 167.11182937814985 111.68312005736644 140.2963530034241 159.65780852071984 0.46486303 -0.33022456 0.520388 0.51616993 -0.24880591 0.453592 0.51975 -0.27940125 0.457525 0.54662757 -0.33763078 0.482081 0.57522173 -0.35507568 0.498518 0.56538619 -0.37961241 0.538332 13.602201277419205 30.751019312823498 67.23429148816757
156.0063850097273 157.24271612878132 96.22577578141285 101.77498488067242 105.12133125554445 164.37715747440203 172.39000806268916 116.41033834388197 136.94222370627568 95.39231350122888 0.47427696 -0.32133526 0.525857 0.52105258 -0.24841561 0.460342 0.5363716 -0.26298446 0.484603 0.56180079 -0.33883845 0.497191 0.59514666 -0.31500147 0.509034 0.56813927 -0.36842021 0.544029 24.12981109920058 64.8871651674991 61.55749847613053
164.55500238311157 114.15156510426505 103.03427568947032 41.596550053215076 96.59718545263058 177.51373097965055 140.6925862619048 131.2791380973806 179.61569797389527 89.40963443739767 0.47236162 -0.31440578 0.538362 0.50160625 -0.25032117 0.495072 0.53655677 -0.25344145 0.499057 0.57500887 -0.24999044 0.511444 0.60016734 -0.30320196 0.522046 0.57358392 -0.35837568 0.556735 138.38607019622148 98.872966715064 9.18106318536611
162.64631290717932 105.34283537590986 90.62450623339767 140.05777636949932 159.593946471746 179.82388313313623 143.4982331207242 148.91528173290772 178.06250670886365 176.67825893077298 0.48451084 -0.30328174 0.555819 0.52309247 -0.24632892 0.511573 0.55527195 -0.24692425 0.511854 0.56324308 -0.23347717 0.511541 0.58828319 -0.26421381 0.51991 0.56969829 -0.35217108 0.561807 2.5552447608839253 52.437930412001215 12.767260629161925
141.58293496341952 109.73384324695726 177.04983593736017 179.03520134916738 173.50660082092435 167.11251270014384 174.75382806459797 175.46858385713065 169.89619725553794 179.17216945722973 0.50300144 -0.31027897 0.58262 0.52230476 -0.23007658 0.539782 0.54497129 -0.21382612 0.529421 0.56455574 -0.22455973 0.52739 0.59170246 -0.25574188 0.529588 0.56905896 -0.34801153 0.570683 5.2441426051108815 2.7704365659912358 18.89060649224872
155.17114139771417 179.6652055533604 179.6412367189675 179.52358009441863 179.44454779266718 173.9438458186498 178.09212270599676 179.33400556503173 178.26866675913422 177.62604725489473 0.51106165 -0.31986563 0.580572 0.53812942 -0.23501868 0.563403 0.55786332 -0.22486468 0.557128 0.5844627 -0.22705829 0.551441 0.60284956 -0.25979324 0.550928 0.57837371 -0.35715894 0.571866 4.803271611925247 6.680368472451447 1.2256475647797644
164.29517244576923 179.39151058943364 179.7624487810038 179.3936053068553 179.78885855995105 162.47625074172726 156.4041038955428 179.63690318412384 168.7341704622914 179.65039251619987 0.50978208 -0.30215025 0.592607 0.54573716 -0.23106271 0.580367 0.56395461 -0.2070603 0.571172 0.58406685 -0.21625277 0.562713 0.61154879 -0.23459988 0.559255 0.57600738 -0.34087007 0.585315 14.790667564278444 5.12286423760033 18.991117231761795
159.8987357864063 179.26452486177354 179.7250846264584 179.04530600068645 179.55211578443982 170.112542584877 173.87567714523456 179.03770892140273 177.4526040737487 179.2748939373081 0.51085185 -0.29259974 0.60269 0.55661562 -0.22880452 0.595603 0.57902191 -0.2060024 0.584395 0.59694601 -0.21684315 0.579565 0.61726297 -0.25165208 0.576486 0.58253963 -0.34311606 0.6039 1.2570878756282726 2.9512514762025606 6.307786012596929
163.41535134350767 179.5051916694494 164.3610360903165 178.01361104201143 179.56083583227868 168.89929784980205 171.78204642487276 177.5388546154156 178.89215827593165 179.26432104852316 0.51116439 -0.29141608 0.60629 0.55979415 -0.2270255 0.607326 0.57930742 -0.20555646 0.588664 0.59517376 -0.21042104 0.586008 0.61966279 -0.24508314 0.58559 0.58682565 -0.33846542 0.613088 2.145474429024408 4.119449795632895 7.864886393228796
160.867574914395 179.54332807288716 179.68942777326535 177.428246088071 177.21799022952274 177.2176977204359 171.30450756308997 177.18086908416268 179.67146037191827 175.48669903567006 0.52096463 -0.29420457 0.625247 0.55821787 -0.21824044 0.61294 0.58274896 -0.19982783 0.603349 0.60152764 -0.20560164 0.597653 0.62665556 -0.2331139 0.594619 0.59016186 -0.33677298 0.616961 2.9889076909440813 3.1076623509850583 9.573629195478471
158.59627435004492 173.65411492449493 175.65288548661806 179.64644800821108 179.65922387353618 168.2511822979409 164.61725279862642 179.91368677967372 179.4629046247411 179.43943103161905 0.52162606 -0.29462486 0.630464 0.56272898 -0.21953194 0.619387 0.58335113 -0.19242302 0.610052 0.60248878 -0.19718422 0.604035 0.63206721 -0.22275413 0.602737 0.60054907 -0.32606047 0.629891 7.635888329841533 2.9174292104994772 14.170290824161702
154.17725024098866 173.3687507820841 169.71999531464598 179.8105060619424 179.60096113189252 164.66860904592184 167.4631453530638 174.12543522887054 179.82134317774023 178.5164681621213 0.5214092 -0.29453947 0.630811 0.56253072 -0.22007058 0.620651 0.58304315 -0.19481071 0.611701 0.60199247 -0.19925931 0.606246 0.63263209 -0.22481834 0.604523 0.60027414 -0.32755803 0.629503 7.5966769523045246 2.5033646638591565 10.766530145592203
161.5864108437048 172.60130279125178 178.5066097324991 176.04911330308127 175.90557759085695 172.437656634159 170.3822816683396 179.5006252098043 174.14562191631472 175.2161998159639 0.52180604 -0.29396494 0.635325 0.5630948 -0.22002439 0.624679 0.58479025 -0.19449744 0.61426 0.60280063 -0.19990835 0.609008 0.63263954 -0.22525033 0.606637 0.60153382 -0.32858316 0.632838 6.946611526164755 3.694775643881684 8.979115383610017
161.86525172576427 173.61198239938284 176.33275321484484 173.55511544032353 179.87442342598214 175.45496774845384 178.48370221348284 177.50211078888915 179.0350497499196 172.70550283844858 0.52274684 -0.29357788 0.636347 0.56920673 -0.22176066 0.633784 0.58675851 -0.19533191 0.617167 0.60762992 -0.20272809 0.61527 0.63595055 -0.22539121 0.617217 0.6025612 -0.33028098 0.63559 6.068396856740138 2.1375827726402075 7.849451763856381
160.5151636507105 174.19506309411997 179.59299615438127 173.26626743493748 177.15426440645487 172.45604379177317 173.43102721531548 177.28600834907786 176.3713910304973 179.5580588570253 0.5237483 -0.29342637 0.637512 0.56123367 -0.20931027 0.629229 0.5928435 -0.19891638 0.624316 0.61157196 -0.20665814 0.622196 0.63989832 -0.23084812 0.62205 0.59505174 -0.3333412 0.635182 6.000818212398188 1.0212973642964571 8.879857173852264
156.6382004645421 176.24064808137 172.3117838271407 177.63526953840986 176.89752225655582 175.80736419472416 169.69824594342666 179.8966394372026 175.93435240955023 175.3956277613778 0.52739775 -0.29275959 0.641698 0.56319219 -0.21168772 0.633079 0.59296168 -0.20490678 0.626684 0.61422389 -0.20670673 0.623404 0.64136456 -0.23081275 0.622292 0.60182319 -0.33262546 0.637547 3.388102712988483 5.55395257965314 10.002410155487183
149.55095221949182 168.36709120114062 176.58903671532372 172.77222876451722 178.03930078274593 172.5141311878775 167.5415336257075 179.32744020880054 170.22222759863067 179.67003868852336 0.52592004 -0.29125013 0.640526 0.57422487 -0.22118675 0.643469 0.60035813 -0.19770511 0.631697 0.62214736 -0.20341844 0.629695 0.64483055 -0.23200863 0.625496 0.5979572 -0.33001857 0.635986 2.398829673692571 8.843488910387064 12.001886083478201
160.23816487848174 176.79388202470892 177.17540050915454 177.29389259697055 177.41028898640351 175.81312326868618 175.16126488920884 176.4576984797289 174.9667755146825 177.13127718332507 0.52821872 -0.29034573 0.641342 0.57017958 -0.21685347 0.639674 0.59000592 -0.19443726 0.623342 0.6119237 -0.19984043 0.619972 0.64514804 -0.23194919 0.626013 0.60368396 -0.33205385 0.639488 9.462295000610686 5.754110176904431 7.531013353881627
162.146608443923 175.83459170751962 179.29004802588014 178.37241448027905 152.15077869404067 169.25126893632302 165.015775856921 156.66830607929032 177.00420524601586 165.95275532729227 0.52789515 -0.29276651 0.641503 0.58414871 -0.22944043 0.651869 0.59287721 -0.22113959 0.62839 0.61137773 -0.2023155 0.619483 0.63688773 -0.22730998 0.612675 0.60212411 -0.33114122 0.637817 5.992902044635674 21.945665567586428 23.733959482511608
157.09830116961987 179.0388589406065 179.63999880069593 179.07692518222342 171.9291316071802 170.20962186161537 166.65179385363203 158.54674161385728 179.49327573259214 174.18655322433202 0.52953661 -0.29161166 0.643402 0.59165216 -0.23444379 0.656755 0.59384691 -0.22121656 0.628538 0.60920653 -0.20324961 0.616655 0.63644115 -0.22828168 0.610422 0.60247298 -0.33239765 0.639113 3.141972749823 16.93730324915854 33.367546211497334
148.04297553003138 175.39705370898417 179.9936544701669 171.97858260398166 179.2547006175188 165.43904569829124 173.0329712271316 174.02534853093186 175.40926602150776 174.64485434535516 0.53176722 -0.28964809 0.642393 0.60480643 -0.21715661 0.662848 0.61222928 -0.19811397 0.638219 0.61315175 -0.20065658 0.619138 0.63776861 -0.22584815 0.612027 0.601997 -0.33113211 0.638072 8.280133407681813 12.886728823644976 13.716313375402132
151.3583887320929 179.22882769220007 179.34129101985738 166.34363062934972 176.65296283920787 164.83684815827078 169.44659178614214 174.24232624655602 170.29529522485618 176.51554168853428 0.53222873 -0.2894517 0.641717 0.59700898 -0.23122055 0.659098 0.61039632 -0.1992975 0.637271 0.61490618 -0.20601428 0.61666 0.64164432 -0.22330685 0.611616 0.6031798 -0.33063478 0.637581 15.445400494027824 16.467629359334914 13.404357271634778
148.79549495402603 178.3158931420164 175.71843738067895 157.81400629070174 176.07073206227065 165.56329424693095 174.30031513939628 177.2135529268598 137.9467282746334 167.83896288209883 0.53082348 -0.29250609 0.641432 0.58982365 -0.22739739 0.653489 0.61098418 -0.21042293 0.636698 0.61600843 -0.22959881 0.619593 0.64151192 -0.23058822 0.615466 0.60400623 -0.33241276 0.638496 25.722546389291242 36.097849409479174 10.412974062729349
