169.422215448065 178.76600863268789 160.8715635789239 58.99326029955462 160.7838288386557 166.24368138598956 179.42377982405466 55.016462824811896 175.38019624630047 75.82140716393486 0.46100778 -0.2830489 0.582214 0.50199512 -0.19934105 0.613469 0.51127147 -0.31596333 0.605192 0.51503783 -0.27604573 0.567323 0.54707593 -0.32642454 0.625723 0.54254447 -0.34230912 0.640963 106.94986292751264 107.59460228002966 120.53431174834407
170.55740549471057 179.6759284164867 165.7256324097652 60.044289484940165 159.04554681945066 167.99253120386524 179.46458353108784 49.39951355498689 176.02943089262078 77.10585502463609 0.4604379 -0.28180353 0.58043 0.49990728 -0.19537763 0.608803 0.51017551 -0.31333891 0.600825 0.51143407 -0.27141236 0.562575 0.54423207 -0.32454099 0.621665 0.54186596 -0.34022311 0.638755 107.7383725335624 108.33081004612468 124.72173590421255
173.88936853096902 179.80097985289592 152.5064587387541 73.78579133806402 156.66786557927455 171.92984424904014 179.6851314617745 49.163488014561246 179.89350799581567 69.56612314953432 0.46245228 -0.28267251 0.581003 0.49345526 -0.19880199 0.597556 0.50342242 -0.31092974 0.592872 0.50967112 -0.28388229 0.554202 0.54059426 -0.32661856 0.616317 0.5396824 -0.34315092 0.638219 106.03496824417984 109.33247342903356 128.6885488938892
164.60286995388486 179.80483521398554 151.62679529829592 80.14512592726224 158.6790791776383 169.46856706033185 177.96224230232872 61.34948815440781 179.9382059309169 81.30156560156918 0.4636809 -0.28379402 0.579379 0.47435115 -0.18976973 0.579292 0.49978197 -0.31007906 0.588125 0.50582461 -0.28292688 0.549341 0.53915565 -0.32975746 0.612044 0.53831006 -0.34040686 0.635277 102.49706708239151 111.28355030766573 146.71769645660018
163.40407873064638 175.88600187138252 147.9776967575341 96.13170887306755 145.00194487981219 165.1039345734071 175.60433157544554 68.48852048377371 179.9643060922352 92.1895621975839 0.46048653 -0.28282615 0.573788 0.46868416 -0.18638101 0.572855 0.49746401 -0.31002219 0.581208 0.49948917 -0.28132391 0.542164 0.53465771 -0.3271978 0.605622 0.53651862 -0.33917761 0.631305 102.24909085126639 113.06143119253548 151.26034541276474
160.03842730225452 179.43003092824947 141.05912492138998 130.24216112753027 143.05357521819653 163.9495914520091 177.83444394579385 77.88402419547981 172.72919509656703 96.52156313257565 0.45150232 -0.28390944 0.563103 0.4485615 -0.1828318 0.54976 0.48642239 -0.30464812 0.56844 0.48908429 -0.28265159 0.52982 0.52739993 -0.32443866 0.595484 0.53135558 -0.33483611 0.625057 96.52485789326796 111.05675863240413 162.19767336550396
168.13404223683446 179.43572198118514 135.80070946810855 133.98256614541916 130.26483196152213 161.74806843708274 177.40492924061925 90.65946443960317 179.02942230216217 109.21887974649536 0.43742338 -0.29093109 0.552936 0.43190036 -0.18196003 0.530063 0.47337 -0.3031369 0.553793 0.47282744 -0.29198888 0.515146 0.51630845 -0.31934006 0.58168 0.52577196 -0.32996916 0.619103 88.58269902060599 102.92421811502886 166.26122990140826
169.40496635546765 179.56790389675004 127.70938702379352 145.389362920504 125.85212516273293 153.79135440075498 179.37832137950153 106.12480360849013 178.43860749155527 124.65632486147912 0.43052701 -0.29806037 0.54808 0.42476788 -0.18724152 0.516909 0.46523825 -0.3090436 0.544154 0.46821065 -0.30072585 0.507295 0.51313677 -0.33078723 0.574628 0.52148085 -0.3290015 0.615853 81.30586218783081 94.0365554314672 159.0997364498151
168.55362060797705 179.59470275680093 123.48611034007294 148.92594906528564 122.50463906896701 143.09436765408333 179.4207968533182 110.15338007662098 178.40954147458788 126.01268534197779 0.43245703 -0.30971327 0.550537 0.42327477 -0.19697305 0.515092 0.46345221 -0.31735834 0.542065 0.46700065 -0.30967408 0.505984 0.51199106 -0.34004348 0.573345 0.51999584 -0.3412415 0.615628 80.36148173708078 93.38646348474487 156.8815657176285
168.31106993434523 179.60978677483934 120.9346296528169 150.82726882938093 122.1422868462513 142.99080375765058 179.07676207168927 112.76881707627659 178.37669328912423 126.32422184622955 0.43150381 -0.30975695 0.549271 0.41941099 -0.20358161 0.507127 0.46180258 -0.31665509 0.540058 0.4656577 -0.30971215 0.504485 0.5125548 -0.3400695 0.5719 0.51903967 -0.34079997 0.614338 79.32266457117582 92.69599880541155 152.4785111823654
167.42110783523745 179.6372069200482 105.03949144082925 159.6487709455146 117.09833193740045 136.3643980775152 179.48784758474025 133.29154411906742 177.58231523149627 140.29447674758032 0.42773578 -0.3168465 0.539219 0.41539507 -0.20631745 0.497314 0.45581928 -0.32045729 0.530453 0.46409611 -0.31941474 0.498836 0.51071954 -0.34744268 0.566167 0.51250165 -0.3382907 0.60722 72.96511596268297 81.7969730452845 140.6610671678885
167.45509117749404 179.6733335428929 99.50204565298928 171.10679643814322 122.56909069360853 133.2610000675081 179.54357759578173 134.21363261350623 177.41151506559476 133.2310869613222 0.42770903 -0.32537055 0.537093 0.4094648 -0.21503822 0.494077 0.45492791 -0.32209346 0.527865 0.46347898 -0.32104579 0.496613 0.51015568 -0.34879221 0.563762 0.51067701 -0.34342684 0.605047 76.3837594954515 86.34929486000328 136.10416698181473
169.37667873481342 173.93468396080476 88.05810544195013 165.55756469146567 103.918224129773 124.25287655189298 179.54612828849216 143.33439941507544 177.29702967127068 147.8608337433371 0.42738128 -0.3277384 0.537393 0.40917169 -0.21816257 0.493551 0.45337229 -0.32569345 0.522937 0.45485235 -0.33235572 0.49196 0.50787999 -0.35071777 0.557961 0.51747374 -0.35212485 0.602605 67.29086530291399 81.36307747427387 135.48169075560594
167.02655767463662 179.691786012218 90.74404490555969 165.3958534047824 102.68247296527917 130.05153845997447 179.56851536777464 143.45686015327598 177.25412247929512 147.93722314636372 0.4270652 -0.33903659 0.537545 0.40960039 -0.23054282 0.49288 0.45429764 -0.33731712 0.522397 0.45401209 -0.34065111 0.491191 0.50846397 -0.36207102 0.557089 0.51743531 -0.3613735 0.602297 69.0396254647475 82.35309198508533 137.3936365669945
161.69164023812556 179.7729213452348 129.82234851827508 170.01282070570207 106.66994905149653 152.22906713967313 177.96149045555336 75.38374401388343 177.8143007431067 139.62976718183705 0.42767421 -0.30847354 0.544917 0.40595996 -0.23692153 0.484959 0.4673286 -0.32049174 0.514635 0.44920153 -0.34043142 0.485824 0.50444924 -0.36801313 0.55183 0.51501927 -0.36295944 0.599087 80.78400935972698 85.29039028756983 139.76629693678558
169.13871733831544 179.81670843280045 113.80110986761635 152.76270615300282 102.44625900271699 156.14882555441199 179.74772061711613 90.76537412387626 172.1571590739697 139.78719807827295 0.4225232 -0.31374917 0.534075 0.40105643 -0.24558828 0.48243 0.45942158 -0.31840472 0.506281 0.4482332 -0.34547107 0.483745 0.50273311 -0.36915674 0.549306 0.51522404 -0.36841981 0.597942 82.64632952209065 75.14132012879918 127.44603419768184
172.23748440992622 179.82552168125548 111.5429823372646 160.90921584333844 109.55572183088977 151.00951068125877 179.76123127469947 100.16697218571666 177.96530275864396 140.39395859341644 0.42420791 -0.32553949 0.532736 0.40103232 -0.25587823 0.482401 0.45491306 -0.3287398 0.501666 0.44816268 -0.35722455 0.482792 0.50151129 -0.3848665 0.54765 0.51600437 -0.38128627 0.59786 76.33221071544885 63.979144249043834 118.79175711285214
161.06293242465964 179.96261086651805 139.33757505781583 170.1230743148176 144.66254343049584 163.35104023667864 179.07091714506785 139.10610273296916 157.6577327417517 98.12328760483099 0.430925 -0.34256996 0.53805 0.3947446 -0.26413043 0.473459 0.42664959 -0.32071293 0.475442 0.4487177 -0.30377307 0.474902 0.50685465 -0.39686791 0.550877 0.51331491 -0.38276432 0.594711 117.1960729129087 30.58005355493699 55.88681771379028
162.35255889553676 173.0971999970978 145.66408194151848 171.4288018276591 126.53297579804433 166.65777441720263 153.97129583858015 144.31963766740452 156.31679611373548 108.52229870033983 0.43385542 -0.3558123 0.537324 0.39746448 -0.31977363 0.465363 0.426391 -0.33021432 0.474559 0.44469863 -0.33387285 0.476037 0.5081349 -0.40030746 0.551703 0.51673929 -0.39891736 0.598432 108.30841401688751 14.94426808369465 12.993950049863445
162.2430967337496 173.21174876779264 146.39770394464554 175.814460617131 133.06124439565272 166.5149464738554 154.2210003445527 144.71442261137224 156.25360859523062 109.1530356000431 0.43480933 -0.36690653 0.538632 0.39841354 -0.32997926 0.466645 0.42721844 -0.34046053 0.475701 0.44484174 -0.35170814 0.47733 0.50867881 -0.41688703 0.552904 0.51782691 -0.40997196 0.599887 100.92897146682867 11.88072558706601 12.821621694449732
157.4385800873957 173.6782178889654 151.66565588919002 174.29072075828793 117.06120448894004 153.23106894407735 171.71777481569526 157.90882486782442 158.21208950718093 133.90378151903013 0.43653033 -0.37872317 0.537721 0.3809097 -0.3279486 0.46446 0.41044707 -0.34281604 0.472639 0.44010274 -0.34890541 0.474417 0.47303508 -0.39865587 0.549346 0.5061319 -0.40878152 0.597898 81.79109947861025 10.60729529432469 10.50045516282083
160.22763051950523 173.67444404971624 149.88233208676866 176.0048518645449 114.27157365061115 155.64302834897853 170.52577881906893 160.33407256928808 157.95531597796506 135.337752742792 0.43682994 -0.3729726 0.537829 0.38097436 -0.32728553 0.464516 0.41015709 -0.34441135 0.472648 0.43498969 -0.35026109 0.474514 0.47350537 -0.39639149 0.54948 0.50629781 -0.4081246 0.598086 80.65447935592616 12.026542993437644 11.157818151671524
161.81045346628594 173.397774148286 161.19712071964634 174.67675941551732 113.75587386559404 160.34256461329792 170.41385092710647 166.23979872915595 166.03966859886395 140.69395101644636 0.43634883 -0.36929667 0.538073 0.38065049 -0.32906468 0.464305 0.40818596 -0.34862039 0.470969 0.42993993 -0.35967876 0.473613 0.47256549 -0.39648264 0.54721 0.50979708 -0.40986166 0.598095 73.88431336754726 7.699189161837771 10.941526647275108
163.07263348125286 174.19078947556838 154.46471168804794 173.06829295907147 103.39589696782181 156.81618945852233 173.65075883819918 166.59090536082414 169.72688789456197 145.02893748772286 0.43583132 -0.37537758 0.536568 0.37761747 -0.33508632 0.462467 0.40239119 -0.35774819 0.467777 0.42761373 -0.36130802 0.47088 0.47154679 -0.39999759 0.543236 0.51004068 -0.41557707 0.596088 76.54339730977262 14.63107716249846 13.504544273905564
159.30012767111504 175.9359012847112 138.34742214835998 168.4658244123974 119.43907585910719 161.4863017054431 140.53452128703955 166.86040430698617 142.94374975880962 123.47917243826234 0.43274518 -0.39003677 0.537326 0.38667417 -0.3145706 0.462493 0.40367977 -0.36139367 0.47009 0.42942721 -0.33347328 0.46924 0.4713837 -0.40612046 0.543088 0.50639139 -0.41776228 0.590674 90.94822065156349 13.710297925236127 13.013962529653163
159.16371460653164 173.9133148685638 142.13783196248835 177.4376420963442 113.53111725030726 159.51579450091754 146.96459231574164 167.12072476067857 142.17862298569446 128.95384613135622 0.4345345 -0.39262682 0.536422 0.38168282 -0.32130235 0.461512 0.40201051 -0.3612845 0.469111 0.42589797 -0.34779295 0.469249 0.47124971 -0.40668014 0.54334 0.50670483 -0.41987345 0.592012 87.48931482008483 9.546600313417988 13.38983008963903
156.25637295015207 168.90238402847376 141.53088199514332 175.16050211900262 113.72434777915005 155.53572964740752 142.92564619040547 167.37073372056466 142.707241183418 126.89492412000986 0.42537271 -0.3966712 0.533224 0.38064079 -0.32309968 0.460412 0.40163393 -0.362172 0.468748 0.42519615 -0.35003074 0.468392 0.47098806 -0.40745131 0.542989 0.50426211 -0.42189266 0.590024 89.86174580115512 7.707657937598875 10.920542420435098
156.63312696905626 163.80276412104365 157.5479748722647 173.90597371875657 100.0262802349071 156.67391976487806 136.1968942536657 160.23973006934906 136.23142379126372 137.17860892372045 0.42056305 -0.39374594 0.527838 0.38381398 -0.32764175 0.464806 0.3970582 -0.36402003 0.462276 0.42084389 -0.34670211 0.463328 0.46658314 -0.40615135 0.538146 0.50064197 -0.41984905 0.586369 87.17595730923654 7.773085895765587 4.047425936939366
163.26097487865022 174.35137077471586 151.61831917501328 159.3971268822181 95.05950691863897 168.78371442593934 179.98644374794247 159.89099641506462 133.96095779341502 139.69284963372692 0.41858132 -0.40423002 0.508676 0.37210826 -0.32187757 0.441215 0.39575002 -0.36525723 0.450623 0.41641754 -0.3388073 0.454326 0.46031073 -0.40063318 0.530067 0.4863662 -0.4136451 0.574295 85.4876496246352 13.48001906960082 31.256844962415634
146.78448877600917 178.21138668375028 150.90455863303004 164.12292906370675 115.9706575722383 166.54281768878164 177.90031774586976 169.5880352366622 136.4883860806176 115.37230018648572 0.40234957 -0.40009035 0.489813 0.35471718 -0.3203115 0.424626 0.37027469 -0.35368593 0.43972 0.41256401 -0.33960191 0.452817 0.45983345 -0.41122682 0.51986 0.46407095 -0.40550655 0.557561 102.7388588586035 3.160570171796829 18.593164555429247
145.6442699232729 178.91563636434475 150.25726176149107 167.5812468426171 117.82547183702334 165.7922616301943 176.99106679432268 168.04825790640325 137.48798782045506 114.282717809564 0.39977757 -0.40064369 0.487874 0.35321306 -0.32157227 0.42377 0.37047341 -0.35491037 0.439884 0.41228338 -0.34424788 0.453063 0.46018294 -0.41372258 0.52043 0.4628091 -0.40724365 0.556675 100.01388448125795 1.9377736627194613 17.53244408776169
153.67673066504733 178.9854083599034 135.68340313955613 149.64394980383372 152.18994539077661 164.56016558205732 175.66725639692072 171.7022871103972 137.07762778593147 80.84650014730344 0.38956151 -0.39568375 0.474994 0.35463832 -0.32423352 0.42576 0.3658626 -0.36472618 0.443746 0.41499718 -0.34797154 0.455766 0.45826008 -0.41321364 0.518264 0.45332213 -0.40032537 0.545434 102.28294916963262 4.042200629911415 22.50609688122661
159.89758908897934 178.13657538876004 138.9532018256146 157.61445588929078 148.49825266060824 158.91506214702173 176.0371683840238 171.78461607770703 136.89774027222342 84.91000875114544 0.40575405 -0.39048447 0.489729 0.35933303 -0.3434153 0.432785 0.37141894 -0.38119665 0.451113 0.42143199 -0.36326314 0.463385 0.46569497 -0.43338952 0.526976 0.46058447 -0.42070038 0.554757 105.08604284359177 5.644654467046285 20.483429290154128
160.77417264342128 178.04878249769766 137.42927502999416 148.62782221326256 150.2033924544579 158.75357071026164 175.86593388183414 171.70959606735963 137.9232490125292 83.58825476315437 0.40731615 -0.39049946 0.49032 0.36125458 -0.3431679 0.434624 0.37317543 -0.38137897 0.452895 0.42317497 -0.36778999 0.465052 0.46685233 -0.43316157 0.528144 0.46121455 -0.42012172 0.555467 100.57353767496916 4.344138908461371 21.09578985630021
160.5583296643007 178.1032493325372 142.29934530635964 144.7255675591078 149.67054107808 170.6937211937958 176.03413256993423 170.80706756272514 136.333538453109 83.86816843491569 0.39884609 -0.40808967 0.482589 0.36007486 -0.34269471 0.433255 0.37339655 -0.3783145 0.451588 0.42282302 -0.36750283 0.463782 0.46611904 -0.43232517 0.527031 0.46070542 -0.41928113 0.55442 98.95249288802088 6.293933288356677 20.838423572089184
162.68952734702765 178.98881164316 133.6486729307861 136.86467998286898 155.76058425244506 165.10754294233806 172.98522451832966 171.53544837519337 135.85205641892645 78.78026053092871 0.4010948 -0.4125988 0.482922 0.36162293 -0.34519533 0.435208 0.37610501 -0.38314324 0.453221 0.42483983 -0.37013586 0.465178 0.46777721 -0.43505463 0.527394 0.46239103 -0.4212337 0.554155 99.59550845367251 5.6653099728487994 22.426083753316433
164.4693982147039 179.24653716853334 132.7199864207554 139.5036902474303 155.5761048191898 178.19912493578286 174.4769023661958 172.02932425417612 134.0492644665119 78.75696468621015 0.411396 -0.41911674 0.483817 0.36223553 -0.34562581 0.435692 0.3766002 -0.3841324 0.453614 0.42562328 -0.37097639 0.465557 0.46869792 -0.43621823 0.527714 0.46362795 -0.42237523 0.554593 99.39920006825764 6.356122697186335 21.960706609474514
163.65325158904284 179.394295308849 136.3796635677283 139.06494336148927 155.42067671798523 177.965570878091 175.37494630542707 172.54703477916257 133.90816279053377 78.63501849898302 0.41148614 -0.41920856 0.483923 0.36245489 -0.34573224 0.435787 0.37708764 -0.38501057 0.453595 0.42588101 -0.37130629 0.46552 0.46897498 -0.43666011 0.527596 0.46415599 -0.42286511 0.5546 99.26597535798038 5.8416352519679045 22.541533224765683
163.50744371784188 171.80055094260172 137.99592047251184 152.84183632625184 151.62317226608275 176.17712666150388 174.36985129447703 172.89732439259498 139.54766642567975 80.14599555634521 0.41103064 -0.42161885 0.484037 0.36177067 -0.3468966 0.435158 0.37601868 -0.3866258 0.451953 0.42565252 -0.37375518 0.46399 0.46917893 -0.43864077 0.526581 0.46515399 -0.42435551 0.554722 105.30944521844494 4.417875899687348 22.08461742873061
167.66337247929033 120.85513256450596 137.3401901421985 162.38021779015133 146.27366346156944 175.37115322535607 173.68313578675867 172.72831984654172 148.8329619489566 84.8545830957558 0.40969998 -0.42675158 0.484123 0.37006782 -0.35596158 0.445378 0.37131436 -0.39075484 0.449602 0.4216713 -0.37759812 0.461986 0.46844175 -0.43872909 0.526087 0.46666942 -0.42595752 0.555219 108.41259301063708 7.416032179542138 12.77680689478253
160.03351278946127 121.67152229804141 137.8386462853847 160.693296973583 146.55402783995973 168.80084723903033 177.85825738955185 172.777407661698 148.32170908358492 80.87543854705436 0.40632952 -0.42942307 0.48337 0.36910193 -0.35961615 0.44483 0.37036478 -0.39071897 0.449189 0.4211605 -0.37808922 0.461594 0.46804921 -0.43889603 0.52578 0.46635467 -0.42592744 0.55481 111.8062147670284 6.526249900189005 11.32320629266172
160.53925049134895 123.4763971031792 139.453305755399 157.76441891658285 139.8693828809437 167.63210506800047 179.31125651087734 173.86455210569665 154.4247293323451 87.26461210421876 0.40430627 -0.43376997 0.482906 0.36789378 -0.35917265 0.442854 0.36858154 -0.38975411 0.446924 0.41859655 -0.38617629 0.459368 0.46648401 -0.43823545 0.523738 0.4658233 -0.42587184 0.553762 110.26197195141253 4.500574488628994 11.114714051611092
154.8051207182085 133.38209638612807 148.12939888141688 163.57621955606507 127.91669686939277 167.55639295610533 178.51341740112582 172.73582101228763 156.8828162426239 100.1764222363498 0.40648332 -0.42944513 0.481713 0.36723475 -0.36040433 0.440405 0.36689651 -0.38952936 0.445034 0.41720658 -0.38554002 0.457652 0.46592237 -0.43820435 0.522756 0.46571418 -0.42606676 0.553235 108.00643011209323 5.577815085273384 10.911767724804786
162.81153224612868 134.34346409712384 147.7566482882841 164.17295243779597 132.63505140079735 174.01576328305484 177.8785330821225 174.73392252527438 162.91458317777128 95.93156104425107 0.40599593 -0.43291339 0.481214 0.36786923 -0.36070342 0.440784 0.36792695 -0.39072692 0.445575 0.41757356 -0.38559567 0.45817 0.46658669 -0.43922477 0.52317 0.4658464 -0.42646008 0.553066 113.96152596943598 12.743618882869823 9.933429521017155
159.21515116557188 126.09614822008486 146.7337901587302 163.91411219646866 140.76083607142306 169.14721120919498 179.35832933563657 173.6505261788635 167.63460117105996 92.6862690146125 0.40737253 -0.43457294 0.480722 0.36872498 -0.36253044 0.439824 0.36710978 -0.3899853 0.444315 0.41635035 -0.3846791 0.456885 0.46570515 -0.44080736 0.521787 0.46525067 -0.42628696 0.552098 114.5962212096244 15.305927284272899 13.152495561103178
158.71257995651902 125.1739126698057 146.36871888089885 162.80959013746357 140.76574493431838 167.83790321718055 179.35655375994398 173.45538895907538 167.4104196089968 92.5235794610886 0.40753449 -0.43518532 0.480569 0.36894114 -0.3629929 0.43974 0.3672567 -0.39023129 0.4443 0.41630101 -0.38476078 0.456865 0.46592332 -0.44129685 0.521749 0.46537111 -0.42697242 0.551873 114.88681687682704 15.448193986047896 13.497632035881177
157.21145807901055 124.50845741486665 143.54280386213517 161.9871049943466 140.73100226930953 166.68205683242152 179.3565525542415 173.74202670071463 167.2386830851532 92.41443431937309 0.40644403 -0.43434078 0.480211 0.3689024 -0.36316684 0.439426 0.36799571 -0.39145519 0.443991 0.41602985 -0.38462284 0.456552 0.46584184 -0.44146214 0.521413 0.46535899 -0.42755504 0.551473 115.0915496521463 16.749151562612578 12.687247267835948
157.37566664545892 126.72121600697453 142.3988101383112 160.4051035299602 141.21763643700254 165.99691823998506 179.2825976088967 172.74563097765144 165.1863609825677 92.71249968100419 0.40631073 -0.43414923 0.479779 0.36868304 -0.36281137 0.439648 0.36887355 -0.39246827 0.444508 0.41653341 -0.38501285 0.457075 0.46652142 -0.44219348 0.52195 0.46561495 -0.42836316 0.551423 113.89833781054762 15.904153580209798 11.526613201574024
157.58050855281746 121.3391877353769 139.09602973972142 160.54117670366435 141.92032409713016 163.27460238700073 179.3447169558262 173.9615864938674 164.91696613328332 89.58187525727033 0.40664164 -0.4330983 0.480024 0.36997711 -0.36349963 0.440787 0.36929797 -0.39244966 0.445421 0.41729902 -0.38537066 0.457898 0.46729246 -0.44319695 0.522391 0.46593442 -0.42893651 0.551498 115.3944827225673 16.530311804942894 12.238074238827679
150.06152659173512 113.52224658976859 110.44744186010101 153.72587080162268 138.06684064523893 138.239295068895 176.4826028141434 177.8753421547069 171.46857592090444 101.96732160458959 0.41258296 -0.43276597 0.483749 0.36677397 -0.35833118 0.437627 0.38873778 -0.36566818 0.438596 0.41045325 -0.37431691 0.450591 0.45521354 -0.43399616 0.513084 0.46190786 -0.42454868 0.545896 102.84726274421735 15.26998394213305 13.003590174181225
147.71885627899616 103.63437822680827 97.78859244535916 161.30993556301917 152.8330983849395 143.04045142039266 172.5883783629769 179.80948659190244 168.1325338768169 90.26600320275982 0.41559663 -0.42761733 0.485017 0.36901315 -0.35456106 0.441691 0.39002013 -0.35756701 0.440639 0.4103717 -0.37029402 0.452059 0.45298211 -0.4310359 0.512024 0.46099356 -0.42345753 0.544466 103.48431839157185 9.435476471183488 20.817411988096158
166.7678879759627 125.01580415549485 173.9682946128944 151.96207071551365 129.6797103563547 169.42297041616436 176.83633175822956 170.54657550650165 160.30008150754995 117.21573108579868 0.41360953 -0.41087927 0.479818 0.36232595 -0.37817823 0.431577 0.39554828 -0.34368074 0.426794 0.41030622 -0.3645345 0.448944 0.45646618 -0.43103648 0.51526 0.46499107 -0.42680739 0.549287 91.10571211886176 19.479679728270714 34.6109302331127
163.75462925079557 123.95922612383426 171.42461193890185 146.98310024954293 132.2687345396648 171.78935330141363 177.11246654161158 169.96992998895502 160.48599913098553 114.37569868177647 0.41291865 -0.40955479 0.480216 0.36367547 -0.37812755 0.433046 0.3992821 -0.33364066 0.429516 0.41498945 -0.36364865 0.450431 0.45768958 -0.42822997 0.516419 0.4648023 -0.42630586 0.54927 95.50767242440507 20.041106934255772 40.96972321304907
165.10262988919513 117.06636695358223 177.44113881714972 148.167003509739 138.84273384439987 172.10219247768964 179.32959829425678 174.42970301721874 158.28924154636834 108.08399200918292 0.41090912 -0.39813282 0.479593 0.36659247 -0.37139085 0.433893 0.39620432 -0.3335351 0.427316 0.41710705 -0.35601281 0.451419 0.4613043 -0.41815541 0.516822 0.46331789 -0.42002751 0.54756 97.82730491915807 18.787709897571776 43.31445006424377
153.99797561740874 117.31514151465346 174.696932829298 146.1707624920709 137.24353099705345 155.00156896039584 176.19587460958812 167.7758272263037 163.54020093107232 111.43958040378361 0.41321289 -0.39863613 0.482474 0.36610314 -0.36935846 0.433772 0.39382433 -0.32229296 0.42693 0.41614852 -0.35293231 0.44928 0.46019057 -0.41340406 0.513958 0.46824248 -0.40693808 0.547013 99.9996101404692 16.011142520411784 43.7245715905361
168.19252097609314 119.22234642152594 173.6748716866711 154.46206625358374 144.15913578156687 171.35685266023825 179.01859488663732 167.9902862569575 154.8681738242411 108.47450498943368 0.41590016 -0.39448622 0.483483 0.36954278 -0.36583765 0.435468 0.39664553 -0.31489518 0.429832 0.42103931 -0.34483037 0.451295 0.46541141 -0.40942001 0.516364 0.47128578 -0.40685255 0.549859 95.51513371558278 20.617007804223967 44.26998603584301
167.38921488833245 118.31357407051775 157.69538861023253 168.73256904487198 134.4468471437802 163.14755721422935 178.52837341772903 140.42517838394858 158.3275030198202 111.6808924211418 0.42302626 -0.39272459 0.48938 0.37555631 -0.36295861 0.439707 0.39472916 -0.3297697 0.441754 0.42388887 -0.34361974 0.454339 0.469922 -0.39852808 0.51936 0.47688097 -0.39711891 0.555551 95.17110864669681 8.202909197386271 30.1452778988279
166.33723022407312 104.07291048306237 150.47501735263864 155.76552988248227 119.98239899479297 156.1438882506125 177.56040781480215 136.3840288940766 138.20224421051395 113.6866888954044 0.41573547 -0.38308687 0.505489 0.386059 -0.37263907 0.45386 0.40410154 -0.3370796 0.454037 0.43385407 -0.34740668 0.466064 0.47564173 -0.40392996 0.528718 0.48549037 -0.4118777 0.563667 93.43904538778719 8.113952885511951 28.889234816393962
165.18150899892092 97.07611111119257 85.84035836111609 93.94352518381582 150.9088214924176 158.21080078552455 163.04344255210782 149.47208185102295 138.49133033847872 87.64797733934543 0.40839838 -0.37547367 0.499976 0.38802769 -0.35770384 0.460915 0.40420349 -0.3405428 0.457996 0.43341421 -0.34405113 0.468344 0.46970004 -0.39767615 0.523417 0.47619529 -0.40199396 0.551867 79.69309349952678 13.141391789735858 29.275388636394887
164.87554478947666 99.46400083048331 99.58713081774253 98.19789633659883 150.5679208802849 159.8742004300325 162.34560125760004 147.8107718869443 136.8214682481946 92.39178219081248 0.41753695 -0.37229192 0.514678 0.39764177 -0.35677783 0.472335 0.4152018 -0.34496368 0.470458 0.44355321 -0.3399591 0.481048 0.47969136 -0.3932932 0.537208 0.48727086 -0.40135288 0.565131 85.87347946874834 3.3526923017429247 21.55849179976497
164.07333217932234 97.83922424684538 97.20153206921394 90.14543311935398 167.09942201439242 156.73896828129173 148.08959785601795 128.87661454287624 117.46593312429124 71.73508301045895 0.42938685 -0.38134662 0.532006 0.4160097 -0.37031201 0.495345 0.42759303 -0.35149761 0.488141 0.45436888 -0.34145996 0.496622 0.49493287 -0.39523993 0.543009 0.50024057 -0.40588757 0.568445 58.40087758615162 8.377040679804335 17.886932203004775
165.1096071625411 96.86277321667069 94.81267215275511 91.61024253344043 168.9414782710353 159.81782486698435 146.00878132927437 125.6740896991939 113.76557402418459 75.03913739047859 0.42926863 -0.36889078 0.534544 0.41841662 -0.3592867 0.499401 0.42969573 -0.3404037 0.492006 0.4574732 -0.33376318 0.500015 0.4959528 -0.38532308 0.544128 0.49908511 -0.39466257 0.567132 53.982781656982766 12.304841341354814 19.52386367526397
165.41650312937077 97.96526565279532 96.03122231783003 93.06053018737265 168.24515466604217 167.90402003646287 144.44155479934508 122.92086898263436 110.81115378867811 78.09638539223225 0.4297342 -0.35701391 0.530125 0.42059164 -0.35087521 0.501997 0.43232016 -0.3324918 0.495011 0.45996818 -0.3254991 0.502742 0.49411696 -0.37568624 0.545489 0.49811885 -0.38363093 0.566034 52.16222675107037 12.26972337811237 18.496283522660622
165.15925046639586 97.19925773601292 96.3232083515435 93.84567059746743 167.160249804699 166.02630505981492 146.75043528361235 125.22883902781658 111.62739434331174 78.51930928643942 0.42913126 -0.35518308 0.529027 0.4184401 -0.34846415 0.499651 0.43136979 -0.33152956 0.494134 0.45890734 -0.32358747 0.502383 0.49458208 -0.37688144 0.547563 0.49724479 -0.38414708 0.568092 54.62097506750866 11.47514240145856 19.59809168052626
172.58892166234224 95.69518862286884 102.03655767065922 96.18554655517063 168.36757970549735 175.55315430257357 143.1676950005812 125.00730449746517 112.12445363707634 79.65019008563445 0.42480539 -0.34954852 0.523986 0.41253585 -0.33613718 0.498602 0.43035561 -0.32929611 0.493617 0.45697087 -0.31896518 0.501995 0.49331942 -0.37590822 0.547764 0.49200103 -0.38056618 0.567957 54.01130835380252 8.151923667888152 16.279731474698526
157.18622861414374 86.73134289117462 43.78543634058134 93.88644710625825 166.01641793749468 173.65970417413604 167.1619156821067 179.8627702583296 126.72427836971738 74.88059304394417 0.44094297 -0.30773174 0.516428 0.39187056 -0.30716752 0.475169 0.40288094 -0.24691633 0.473728 0.4394935 -0.29360385 0.484097 0.48617854 -0.35834262 0.539202 0.48553213 -0.36079883 0.564665 71.39933345508429 71.49448705753625 76.66365735194088
162.4851493581538 91.9224611518897 52.41688692246634 104.56015400646717 164.35273551001606 163.1893309626718 163.8884153322342 179.20186258270078 128.23700119479346 78.7820181925749 0.45016689 -0.31840741 0.530055 0.38788005 -0.30350937 0.472187 0.4015621 -0.24273724 0.472007 0.43763956 -0.29171893 0.483182 0.4868657 -0.35727662 0.541988 0.48893738 -0.36134247 0.570577 77.360740163514 65.96779289840576 71.33786230436499
168.75213489103658 88.81826551273889 86.61268995042612 100.06087882987934 169.75972785548186 157.93605257177595 157.79155455023871 178.51034125358265 122.18122384517623 74.83127816161391 0.45229823 -0.3147602 0.533698 0.39259901 -0.29669704 0.481553 0.40229166 -0.23009126 0.476757 0.4433221 -0.28549441 0.4926 0.49048923 -0.34746852 0.549371 0.4893956 -0.35145871 0.573804 70.20363373777201 80.00780189603763 82.13655688517416
171.33815040443952 85.73776437732538 98.46662712202553 95.78900032368642 174.03024137744498 163.10924116815102 157.32369524872522 177.16388943507803 119.5050459778272 73.40684900858206 0.46387121 -0.3180182 0.550092 0.41885894 -0.30852853 0.501555 0.40798793 -0.22826634 0.488129 0.45318778 -0.29204256 0.504355 0.49137591 -0.34755546 0.553415 0.49686012 -0.35365831 0.580342 60.71181085394637 91.31293095027713 94.54910444543732
164.5235384476401 87.91995960733514 101.1510460484781 96.05987638925568 165.47795955212962 155.25608503407287 157.87908646993688 177.12182494572713 121.64919825484125 79.35285911051723 0.46656729 -0.3201782 0.552911 0.41771259 -0.30929521 0.500942 0.40716856 -0.22801871 0.487657 0.45206798 -0.29173381 0.503847 0.48942924 -0.34732273 0.553741 0.49850002 -0.35414872 0.581937 62.217240291360305 88.97308033643644 93.10259381297207
154.22916585870414 92.55600730774472 112.89778476885488 78.41902006232496 177.90536306541082 153.48358913986772 144.47554809136057 178.64740884899734 137.3603458161415 72.00892208894977 0.47249839 -0.32445232 0.561878 0.40843097 -0.30614453 0.510391 0.41151719 -0.21115355 0.502071 0.45548862 -0.29389027 0.51059 0.49235038 -0.34907015 0.557208 0.50293465 -0.35401701 0.585279 58.640187840923595 116.74016420635913 120.24583494088999
158.93341451502852 92.28299776530243 123.66954473210956 91.59496748175313 174.19414020365497 150.91811852373246 142.8966133222187 178.32323459297257 124.5799020996125 67.80556673034235 0.4722003 -0.32310001 0.565119 0.41080724 -0.30127783 0.51644 0.41600863 -0.20532275 0.507385 0.45611717 -0.29066378 0.516769 0.49466959 -0.34918397 0.562226 0.50556495 -0.35257877 0.588039 52.06834801558317 120.62097398497258 122.42226194950041
157.99939854174045 85.65888229124272 167.42887332811952 62.53644391526578 169.28576174220356 151.7203308968749 153.40424921658825 175.76821106843985 175.69790154439835 69.44145293508215 0.47233299 -0.32067455 0.571481 0.41047821 -0.29680057 0.528891 0.42292595 -0.20869481 0.517863 0.46332857 -0.31785896 0.53504 0.50728527 -0.34155225 0.581734 0.512824 -0.35216941 0.598143 90.66899052870222 83.4031562212601 102.89559158392058
161.35815743460924 83.4661671772415 167.94709215714747 99.3797703011467 169.14569858317807 151.11974944617344 161.89598968583454 169.89347174445325 142.469945403128 65.03186670456009 0.47271699 -0.31866146 0.576483 0.40498399 -0.29191646 0.536965 0.42583242 -0.20918097 0.52509 0.46015735 -0.31477499 0.542982 0.51182274 -0.34335618 0.588406 0.51250676 -0.3516615 0.603065 68.17980453391716 105.69032183398964 90.05510515197079
154.8812256396762 103.20242108400421 154.49489859144367 87.34687426299202 163.68708065903206 160.61776730201203 146.91107527846464 166.89760287421817 157.96014816586683 64.02266466206041 0.4646394 -0.31449027 0.573864 0.40417323 -0.2913274 0.537137 0.42475589 -0.20537809 0.526877 0.45623878 -0.31189325 0.540927 0.51034292 -0.33187849 0.587964 0.51231181 -0.34360684 0.609452 77.42168496643544 94.2688561300163 92.91483126350275
151.6135061090741 96.28773211391353 158.7597082561154 100.70489913894228 167.94704373576363 157.99296867165612 146.57500363775344 165.99113988869934 141.62044544074902 65.34900497570196 0.4665636 -0.31598335 0.57779 0.41929315 -0.30174629 0.558516 0.43191049 -0.20671317 0.540032 0.46634514 -0.31532735 0.55568 0.51304806 -0.331842 0.591236 0.50896093 -0.34005996 0.605626 58.02568489170699 119.06594793889123 112.72550180021503
162.2061960251634 97.21808797512513 154.49392028948756 85.92699297035136 167.9026847298062 167.49752442793704 152.78468626237088 167.08623886256876 159.4743154471927 65.95485044759539 0.45171946 -0.31539641 0.581433 0.40758583 -0.2940024 0.543272 0.42464585 -0.2050842 0.530093 0.45767229 -0.31101108 0.544222 0.5106264 -0.33488115 0.589831 0.5162179 -0.34495609 0.614624 76.28884501549797 91.98848962770307 93.23902662096322
167.6527046009631 95.93448630010703 160.21513132705334 104.18471257477684 167.8040461363201 165.24281798901825 152.92558528756203 167.47399815698873 155.7219769837399 67.25784870184194 0.45130316 -0.31380737 0.581643 0.41074186 -0.29576915 0.545581 0.42651084 -0.20605753 0.532556 0.46174949 -0.3135483 0.548826 0.51574423 -0.3380176 0.595734 0.51930546 -0.34686867 0.61808 72.6809308871836 94.57674478096456 94.04805332492991
171.72399708573363 88.8832154461657 129.80459085951784 101.24630471376268 168.13301989534716 172.50170930531965 146.41783612930706 167.3787423713984 155.66146374386932 69.71030737852182 0.44640204 -0.3094345 0.587617 0.4233375 -0.28873301 0.551031 0.44155777 -0.20029082 0.543523 0.47085282 -0.31765679 0.554857 0.52214866 -0.33819877 0.601443 0.52347137 -0.34776216 0.62212 67.4981559172532 109.48140719243172 105.46930617274377
166.32877939055754 97.1674475653313 177.14419533353373 105.3029931740108 170.10989843752367 159.77750596474823 169.42518499075106 171.56415131339037 160.01148364561578 75.02336732229062 0.44546773 -0.29936881 0.588008 0.45467585 -0.20013605 0.56782 0.4412629 -0.19217606 0.546271 0.48406605 -0.31917256 0.567578 0.52252262 -0.32655586 0.601918 0.52503565 -0.33499149 0.621021 53.23579160334245 112.69654739778169 32.64481870814182
169.05041359813723 172.71990766653172 83.4682163943672 100.78515390830756 167.54734081106474 167.001916374835 172.81951773491033 126.33799191822585 158.39804797169595 74.9296390900788 0.47164601 -0.30310248 0.609382 0.47588905 -0.20831718 0.591797 0.47127285 -0.27476853 0.567946 0.49265761 -0.31953184 0.575261 0.53546492 -0.33381606 0.615937 0.53529029 -0.34520855 0.632759 58.71663018152875 10.478425540800542 138.54789074940072
168.80920293230642 176.1146368568812 87.75440429528834 100.4677987059752 162.46589765209652 168.05927421165978 177.56518289031948 130.82294134401667 160.15645720257328 78.13425270364012 0.47075897 -0.30357067 0.607834 0.48648957 -0.20147517 0.595368 0.47217527 -0.28346936 0.56712 0.49261499 -0.31998692 0.574798 0.53702737 -0.33441921 0.617232 0.53818035 -0.34397338 0.635516 60.34560769498972 10.458730947012238 147.9281423134592
166.91963299681956 175.77056945918585 99.6431997849211 98.9781642453936 162.44535271639677 165.58843269519534 178.2132893771432 107.43140207479654 162.46637333883672 78.33320339580453 0.47367902 -0.30411955 0.610424 0.48521836 -0.20126128 0.592045 0.47757442 -0.28094933 0.569661 0.49473769 -0.32142168 0.577048 0.53832649 -0.33439323 0.61813 0.53951481 -0.34434989 0.63703 60.743659672677694 19.197450216360757 147.99406278505103
167.55671347126983 175.87044031228626 98.26221309871512 105.14642994432987 163.10040461283987 164.3546289295023 175.55331434747902 108.12000277795461 160.83794328240975 77.0151182683016 0.48382959 -0.30451701 0.619619 0.48711785 -0.20200587 0.594666 0.48037485 -0.28052649 0.572616 0.49775378 -0.32280747 0.580032 0.54231999 -0.33454029 0.621301 0.54465491 -0.3464895 0.642161 60.559359273419616 18.147629087424193 143.11203185279675
166.7548558243543 173.48333855411687 99.20022849505004 106.6964755982699 164.2479948741063 164.86292487532415 175.92383882307243 111.06671101856678 161.78287759433923 75.88946546659517 0.48575417 -0.30173719 0.624741 0.4909579 -0.20229551 0.601606 0.48300824 -0.28093012 0.576694 0.50110539 -0.32444329 0.584199 0.54702035 -0.33351146 0.625926 0.55032213 -0.3462556 0.648234 60.28171625886596 15.616858794041047 142.74301008243162
