153.167 171.215 167.435 164.01 164.706 133.223 168.926 164.784 159.415 135.787 -10.6312 161.937 0.374614 32.5912 212.564 -83.2693 7.04807 195.893 -95.473 -14.2435 178.627 -84.6143 -27.5436 166.778 -51.6858 -8.10013 212.136 7.38998 15.768 9.31191 9.48114 
153.292 171.017 167.285 164.022 164.757 133.207 168.578 164.56 159.393 136.736 -10.2958 161.743 0.399973 33.3839 211.972 -83.1308 7.92111 195.346 -95.327 -13.5709 178.275 -84.5767 -27.1596 166.658 -52.0744 -7.56804 211.926 7.34796 15.2656 9.17696 9.42034 
153.428 170.804 167.061 163.86 165.585 133.171 168.237 164.318 159.148 137.278 -9.86412 161.565 0.558239 34.185 211.562 -82.8213 8.69203 194.902 -95.0078 -12.8917 177.763 -84.2322 -26.6525 166.278 -52.0376 -7.01976 211.721 7.44576 15.0281 9.25143 9.461 
153.603 170.846 167.052 163.634 167.491 133.289 168.319 164.413 158.917 137.637 -9.60773 161.391 0.894199 34.8986 211.202 -82.4944 9.13883 194.572 -94.6932 -12.4982 177.171 -83.6973 -26.1812 165.821 -51.6272 -6.49636 211.574 7.68324 15.1069 9.57248 9.59096 
153.79 171.102 167.267 163.502 170.679 133.406 168.641 164.707 158.894 138.266 -9.42293 161.221 1.28605 35.5152 210.952 -82.3737 9.42299 194.305 -94.5626 -12.2773 176.598 -83.2753 -25.812 165.44 -51.331 -5.9761 211.456 7.87543 15.136 9.94596 9.77066 
154.011 171.226 167.343 163.383 175.534 133.476 168.778 164.806 158.972 139.586 -9.05764 161.086 1.78481 36.1852 210.904 -82.1597 10.0199 194.23 -94.3749 -11.7984 176.408 -83.0254 -25.4978 165.424 -51.6378 -5.46182 211.365 8.12258 14.5825 10.0422 9.80067 
154.085 171.075 167.149 163.099 178.597 133.416 168.621 164.642 158.868 140.349 -8.64154 160.735 2.22927 36.7567 210.556 -81.8859 10.7133 193.919 -94.1003 -11.2561 176.238 -82.8249 -25.2686 165.479 -51.9996 -5.00727 211.139 8.27601 14.0115 9.98872 9.75842 
154.147 170.912 166.944 162.967 179.935 133.327 168.373 164.483 158.922 141.257 -7.99942 160.319 2.62035 37.3299 210.189 -81.6715 11.4754 193.6 -93.918 -10.6448 176.1 -82.7986 -25.0542 165.543 -52.5173 -4.56608 210.869 8.35927 13.3763 9.85553 9.66393 
154.18 170.91 166.775 162.888 179.524 133.334 168.151 164.314 158.811 141.983 -7.30774 159.852 2.59395 37.9643 209.712 -81.6731 12.1886 193.074 -93.8986 -10.0081 175.54 -82.7948 -24.5974 165.091 -52.827 -4.12332 210.462 8.26886 13.06 9.85527 9.63681 
154.25 170.921 166.678 162.698 178.629 133.356 168.052 164.257 158.659 142.219 -6.82084 159.609 2.6421 38.4807 209.314 -81.6723 12.5894 192.725 -93.8744 -9.63821 175.134 -82.6903 -24.2092 164.661 -52.7607 -3.715 210.219 8.23811 13.0803 9.90923 9.63158 
154.268 171.128 166.729 162.476 177.131 133.382 168.348 164.472 158.51 142.126 -6.33934 159.432 2.82708 38.9613 209.252 -81.6454 12.7548 192.607 -93.8419 -9.36216 174.663 -82.4219 -23.7792 164.149 -52.3647 -3.26691 209.987 8.33715 13.3326 10.2272 9.807 
154.076 171.369 166.902 162.261 175.261 133.267 168.781 164.802 158.435 141.836 -5.97241 159.622 3.08411 39.347 209.678 -81.5189 12.811 193.034 -93.7923 -9.22827 174.728 -82.1724 -23.5014 164.13 -52.0252 -2.86055 209.986 8.57238 13.5655 10.5674 9.9922 
153.86 171.513 167.026 162.247 174.27 133.194 169.137 165.023 158.526 141.395 -5.61491 159.938 3.21181 39.6611 210.235 -81.3241 12.96 193.647 -93.6896 -9.04766 175.299 -82.0739 -23.1782 164.613 -51.8633 -2.49869 210.128 8.82701 13.7528 10.6654 10.1103 
153.745 171.631 167.087 162.192 174.27 133.088 169.467 165.285 158.798 140.936 -5.18401 160.096 3.44275 39.9459 210.611 -81.184 13.2896 194.099 -93.6149 -8.71904 175.881 -82.0841 -22.7605 165.153 -51.8223 -2.1591 210.234 9.00957 13.8616 10.6287 10.1172 
153.715 171.761 167.253 162.361 174.27 133.045 169.832 165.559 159.206 141.272 -4.70739 160.196 3.70431 40.2272 211.048 -81.0431 13.7284 194.583 -93.5428 -8.28268 176.534 -82.1696 -22.3173 165.85 -52.0917 -1.8252 210.363 9.21333 13.6578 10.5004 10.0669 
153.794 171.898 167.372 162.625 174.27 133.119 170.088 165.805 159.63 142.336 -4.15696 160.024 4.00221 40.5215 211.203 -80.9847 14.199 194.686 -93.4888 -7.86541 176.731 -82.2448 -21.9075 166.178 -52.4425 -1.50131 210.318 9.36939 13.2712 10.368 9.99831 
153.884 172.067 167.517 163.004 174.27 133.217 170.343 166.125 160.096 143.323 -3.60303 159.7 4.17616 40.8684 211.076 -80.9965 14.6252 194.536 -93.5096 -7.46466 176.623 -82.3682 -21.502 166.169 -52.7349 -1.18921 210.12 9.43353 12.9846 10.2607 9.93785 
153.987 172.184 167.609 163.363 174.27 133.366 170.515 166.364 160.333 143.947 -3.18502 159.439 4.12702 41.2927 210.787 -81.0531 14.9052 194.27 -93.5669 -7.22465 176.375 -82.4582 -21.1928 166.006 -52.8272 -0.917869 209.945 9.41843 12.9249 10.231 9.96494 
154.01 172.332 167.703 163.583 174.27 133.409 170.663 166.565 160.317 144.011 -2.72347 159.349 4.01639 41.6953 210.344 -81.0603 15.031 193.897 -93.5699 -7.10237 175.94 -82.3701 -20.9126 165.657 -52.6097 -0.663276 209.798 9.38623 13.1048 10.3375 10.0543 
153.999 172.409 167.789 163.62 174.27 133.412 170.708 166.697 160.14 143.587 -2.45539 159.345 4.04404 42.032 210.06 -80.9954 15.0779 193.714 -93.5137 -7.0623 175.588 -82.1478 -20.6743 165.249 -52.141 -0.437577 209.748 9.40379 13.4906 10.5379 10.1414 
153.928 172.481 167.867 163.584 174.27 133.457 170.762 166.857 160.024 143.102 -2.17601 159.322 4.01623 42.4028 209.934 -80.8907 15.1787 193.744 -93.4825 -7.00318 175.438 -82.0017 -20.5456 164.916 -51.7933 -0.211557 209.701 9.42953 13.8466 10.7258 10.2001 
153.891 172.511 167.865 163.511 174.27 133.556 170.703 166.886 159.805 142.743 -1.89846 159.359 4.08078 42.7034 209.864 -80.7551 15.2 193.702 -93.3582 -6.97291 175.13 -81.7114 -20.4389 164.443 -51.296 -0.0175968 209.7 9.52831 14.1572 10.9358 10.2991 
153.924 172.586 168.002 163.446 174.27 133.609 170.797 167.015 159.839 142.777 -1.60671 159.42 4.2751 43.0236 209.991 -80.641 15.3651 193.853 -93.2868 -6.81532 175.11 -81.578 -20.2906 164.279 -51.1038 0.209625 209.743 9.66377 14.2361 11.0289 10.3301 
154.004 172.645 168.114 163.459 174.27 133.722 170.825 167.106 159.925 143.008 -1.38471 159.496 4.57584 43.2742 210.133 -80.5277 15.5149 194.006 -93.1975 -6.74634 175.145 -81.4446 -20.2535 164.197 -50.9018 0.387538 209.859 9.84876 14.2738 11.0874 10.3338 
153.986 172.669 168.122 163.406 174.27 133.811 170.866 167.15 159.906 142.968 -1.21694 159.533 4.76896 43.5609 210.322 -80.4209 15.7334 194.168 -93.1102 -6.62837 175.175 -81.3254 -20.0816 164.157 -50.6738 0.574365 209.909 9.99895 14.391 11.184 10.3713 
154.117 172.764 168.157 163.523 174.27 134.022 170.939 167.264 160.019 143.091 -1.16984 159.391 4.96609 43.7876 210.349 -80.336 15.8864 194.176 -93.0311 -6.62546 175.062 -81.2156 -20.0168 163.976 -50.4323 0.705607 209.877 10.1624 14.5113 11.2729 10.3992 
154.201 172.866 168.263 163.665 174.27 134.172 171.061 167.409 160.23 143.136 -1.08915 159.332 5.10153 43.9742 210.433 -80.3354 16.0687 194.227 -93.0378 -6.5414 175.044 -81.205 -19.8396 163.902 -50.2644 0.844361 209.891 10.2625 14.6534 11.3243 10.4062 
154.235 172.924 168.292 163.805 174.27 134.282 171.101 167.461 160.408 143.267 -0.928101 159.241 5.14417 44.2115 210.514 -80.3569 16.3446 194.252 -93.0514 -6.38897 175.067 -81.2412 -19.564 163.936 -50.2173 0.993033 209.862 10.324 14.6901 11.3086 10.4053 
154.366 172.987 168.398 163.933 174.27 134.358 171.197 167.581 160.704 143.949 -0.709843 159.124 5.34491 44.4316 210.569 -80.3668 16.7016 194.264 -93.0947 -6.15035 175.092 -81.3415 -19.3301 164.084 -50.4677 1.10395 209.848 10.378 14.4183 11.2518 10.3342 
154.511 173.136 168.542 164.161 174.27 134.477 171.308 167.735 160.985 145.1 -0.468514 159.023 5.59419 44.6373 210.506 -80.3342 17.0119 194.13 -93.0698 -5.98094 174.893 -81.301 -19.228 164.173 -50.7181 1.21284 209.826 10.4809 13.9429 11.2668 10.2777 
154.602 173.262 168.661 164.254 174.27 134.551 171.432 167.864 161.188 146.196 -0.227635 158.858 5.73881 44.8284 210.412 -80.3022 17.3503 194.014 -93.0595 -5.76884 174.741 -81.2819 -19.1683 164.358 -51.0882 1.31235 209.733 10.5341 13.401 11.2931 10.2091 
154.694 173.357 168.74 164.38 174.27 134.608 171.466 167.963 161.32 147.504 -0.0142384 158.728 5.9261 44.9046 210.231 -80.2875 17.561 193.851 -93.034 -5.72108 174.531 -81.202 -19.2684 164.56 -51.395 1.35213 209.685 10.6044 12.8357 11.3553 10.1199 
154.8 173.448 168.852 164.472 174.27 134.658 171.529 168.121 161.463 148.898 0.186447 158.518 6.14551 44.9633 210.042 -80.2323 17.7473 193.719 -93.0049 -5.66448 174.291 -81.1188 -19.4076 164.706 -51.7466 1.35989 209.595 10.6923 12.2459 11.4477 10.0146 
154.875 173.526 168.89 164.536 174.348 134.737 171.585 168.204 161.502 149.917 0.327153 158.306 6.26461 45.0157 209.824 -80.1791 17.849 193.577 -92.9701 -5.67404 174.064 -81.0232 -19.6757 164.746 -51.9666 1.35972 209.487 10.7562 11.8119 11.5465 9.95312 
154.919 173.556 168.951 164.56 175.313 134.759 171.608 168.259 161.551 150.288 0.436817 158.225 6.39095 44.9928 209.573 -80.1259 17.9109 193.467 -92.9445 -5.70827 174 -80.9855 -19.7799 164.827 -52.0654 1.33498 209.456 10.8141 11.642 11.557 9.84558 
154.988 173.597 168.959 164.604 176.147 134.8 171.595 168.292 161.591 150.565 0.664815 158.129 6.54908 44.9537 209.253 -80.0503 17.9456 193.266 -92.8603 -5.71663 173.849 -80.8606 -19.8321 164.787 -52.0095 1.33576 209.393 10.9177 11.5339 11.5526 9.73869 
155.045 173.62 168.899 164.62 176.754 134.911 171.526 168.254 161.552 150.782 1.07275 158.009 6.708 45.0044 208.889 -79.9343 18.0156 192.971 -92.7256 -5.65749 173.577 -80.6904 -19.8065 164.597 -51.8865 1.37441 209.293 11.0313 11.4376 11.5379 9.66774 
155.118 173.643 168.858 164.676 177.44 135.024 171.415 168.188 161.446 150.925 1.45785 157.934 6.84817 45.0774 208.435 -79.7733 18.1215 192.612 -92.5358 -5.59956 173.241 -80.4435 -19.7454 164.437 -51.6786 1.40091 209.217 11.1844 11.3346 11.5463 9.58146 
155.207 173.653 168.792 164.604 177.958 135.111 171.335 168.11 161.265 150.864 1.84955 157.706 6.94595 45.2423 207.941 -79.633 18.2906 192.209 -92.3873 -5.47785 172.803 -80.2271 -19.6025 164.17 -51.4878 1.48175 209.018 11.2825 11.2736 11.609 9.52579 
155.307 173.648 168.691 164.479 178.248 135.16 171.21 167.986 161.02 150.672 2.22604 157.459 7.10712 45.377 207.341 -79.4419 18.4869 191.658 -92.1523 -5.31002 172.236 -79.9283 -19.3703 163.76 -51.1694 1.57422 208.764 11.3981 11.2776 11.6554 9.46133 
155.964 173.604 169.424 165.117 174.404 135.24 171.607 168.503 161.393 150.727 3.02458 156.963 8.1699 46.355 206.776 -78.6886 19.5246 191.14 -91.5357 -4.29844 171.92 -79.4005 -18.8672 163.21 -50.7689 1.81841 208.409 11.8315 11.0272 11.395 9.37771 
156.401 173.531 169.917 165.618 171.535 135.362 172.016 168.891 161.723 150.512 3.3813 156.588 8.80143 46.9369 206.682 -78.3605 20.0081 190.916 -91.2816 -3.64809 171.929 -79.2252 -18.607 162.937 -50.6638 1.99711 208.147 12.007 10.8441 11.0922 9.46625 
156.622 173.416 170.128 165.973 170.149 135.435 172.248 169.058 161.856 149.969 3.81168 156.14 9.17877 47.4559 206.509 -78.0705 20.4331 190.64 -91.0314 -3.14139 171.833 -79.0537 -18.3789 162.534 -50.466 2.18138 207.748 12.1495 10.8347 10.8725 9.56076 
156.737 173.374 170.207 166.431 169.633 135.461 172.394 169.123 161.903 149.272 4.08888 155.849 9.39931 47.8309 206.136 -77.7867 20.6255 190.149 -90.7005 -2.83422 171.46 -78.6992 -18.1161 161.852 -49.9189 2.35655 207.339 12.309 11.074 10.7363 9.69914 
156.843 173.332 170.171 166.639 169.174 135.568 172.436 169.095 161.824 148.394 4.36297 155.456 9.60682 48.2706 205.851 -77.6142 20.7247 189.657 -90.4726 -2.60889 170.924 -78.3866 -17.7811 160.928 -49.215 2.60175 206.888 12.4191 11.5219 10.7073 9.95056 
156.976 173.259 170.073 166.791 168.335 135.694 172.332 169.1 161.802 147.711 4.73651 154.937 10.1884 48.8068 205.44 -77.4003 20.9567 189.034 -90.1879 -2.33259 170.192 -78.0014 -17.4456 159.778 -48.4461 2.91944 206.421 12.6063 11.9308 10.7041 10.1517 
157.034 173.235 169.892 167.003 167.731 135.78 172.175 168.935 161.707 147.263 5.15221 154.466 10.851 49.2055 204.784 -77.1749 21.2088 188.147 -89.784 -2.07151 169.355 -77.4916 -17.3074 158.784 -47.7842 3.23593 205.99 12.8259 12.0597 10.6587 10.2915 
157.136 173.277 169.924 167.242 167.376 135.815 172.154 168.932 161.835 147.472 5.64023 154.047 11.4343 49.7504 204.299 -76.9782 21.7114 187.568 -89.5412 -1.65646 168.891 -77.2847 -17.129 158.33 -47.6977 3.62889 205.651 13.0358 11.8495 10.5589 10.3307 
157.241 173.342 169.997 167.595 167.653 135.943 172.217 169.053 162.217 148.368 6.06845 153.506 11.8282 50.3063 203.771 -76.881 22.1317 186.964 -89.4339 -1.36669 168.447 -77.2635 -16.9942 158.048 -47.8795 4.05321 205.214 13.2033 11.4626 10.4251 10.4117 
157.244 173.42 170.152 167.865 168.27 135.795 172.406 169.244 162.518 149.039 6.12076 153.081 11.9624 50.846 203.499 -76.8223 22.7209 186.761 -89.4226 -0.929306 168.406 -77.3988 -16.6582 158.235 -48.3096 4.51365 204.816 13.3031 11.0264 10.3162 10.3757 
157.24 173.507 170.446 167.975 168.573 135.546 172.638 169.503 162.728 149.207 6.16919 152.691 12.1882 51.3527 203.512 -76.67 23.4074 186.969 -89.3879 -0.328044 168.668 -77.5019 -16.0798 158.511 -48.6293 5.03309 204.476 13.475 10.7859 10.2539 10.2236 
157.352 173.538 170.591 168.227 169.035 135.39 172.528 169.604 162.847 149.442 6.4739 152.331 12.8485 51.9138 203.36 -76.4391 24.0458 186.808 -89.1495 0.346903 168.399 -77.2493 -15.2554 158.203 -48.3169 5.63595 204.154 13.7703 10.6779 10.2167 10.1319 
157.404 173.546 170.565 168.431 169.307 135.266 172.328 169.447 162.902 149.953 7.08178 151.798 13.4532 52.5429 203.019 -76.2465 24.8207 186.243 -88.8649 1.11047 167.748 -76.9789 -14.4877 157.562 -48.0731 6.2905 203.667 14.0482 10.4559 10.1527 10.0892 
157.453 173.546 170.431 168.657 169.797 135.364 172.109 169.203 162.886 150.642 7.70929 151.243 13.7782 53.177 202.053 -76.1649 25.1872 185.093 -88.6352 1.45595 166.662 -76.6529 -14.155 156.708 -47.656 6.96015 203.086 14.2613 10.3284 10.1389 10.265 
157.52 173.465 170.401 168.564 170.291 135.297 172.054 169.095 162.709 150.658 8.15962 150.851 13.9209 53.9615 201.377 -76.0054 25.9489 184.574 -88.5151 2.13829 166.307 -76.585 -13.5652 156.571 -47.6553 7.69234 202.689 14.4001 10.232 10.128 10.237 
157.511 173.357 170.449 168.485 170.725 135.022 171.9 168.972 162.481 149.999 8.65394 150.728 13.9353 54.7826 201.104 -75.7356 26.8591 184.589 -88.3539 3.05451 166.461 -76.5371 -12.7506 156.631 -47.6171 8.45181 202.434 14.5535 10.3026 10.0579 10.1013 
157.624 173.07 170.231 168.516 171.157 134.783 171.566 168.769 162.413 149.983 10.0325 149.73 14.0794 56.8899 200.07 -75.2172 28.7683 183.679 -87.9475 4.94713 165.586 -76.2899 -10.9376 155.724 -47.2383 10.2124 201.327 14.9117 10.3402 10.0079 10.1802 
157.586 172.977 170.262 168.098 171.379 134.436 171.625 168.796 162.187 148.911 10.3115 149.489 13.9293 57.9166 199.652 -74.8937 29.8603 183.608 -87.8035 5.9588 165.637 -76.3251 -9.93036 155.548 -47.135 11.0394 200.925 14.9885 10.7544 10.0148 10.0812 
157.681 172.782 170.304 168.009 170.997 134.042 171.364 168.689 161.981 148.094 11.06 149.166 14.2829 59.0523 199.387 -74.3932 31.0959 183.475 -87.4606 7.28775 165.464 -76.0752 -8.69772 155.147 -46.7244 12.0202 200.531 15.2918 11.0421 10.0323 10.0126 
157.734 172.678 170.366 168.144 170.662 133.808 171.097 168.527 161.89 147.811 12.0314 148.956 14.7959 60.1789 199.092 -73.9277 32.3439 183.181 -87.0334 8.52635 165.052 -75.6458 -7.56195 154.526 -46.1216 12.9957 200.225 15.7129 11.2282 10.0608 9.92393 
157.642 172.618 170.252 167.886 170.762 133.496 171.048 168.401 161.67 147.125 12.6868 148.797 15.1016 61.1373 198.853 -73.5082 33.4146 183.037 -86.6118 9.58019 164.881 -75.2501 -6.34943 154.069 -45.4399 13.9984 199.866 16.1119 11.6777 10.0939 9.83859 
157.626 172.544 170.307 168.006 170.341 133.043 170.865 168.258 161.562 146.782 13.3198 148.474 15.6128 62.1156 198.529 -73.1218 34.6277 182.682 -86.2197 10.8456 164.439 -74.8601 -5.20936 153.606 -45.1174 14.9701 199.448 16.4289 11.6312 10.1277 9.73454 
157.634 172.552 170.402 168.188 170.105 132.757 170.695 168.099 161.363 146.839 14.1505 148.167 16.2943 63.2514 198.541 -72.6972 35.9221 182.549 -85.7979 12.0628 163.965 -74.3698 -4.13164 153.136 -44.7101 15.9919 199.17 16.9024 11.4883 10.3096 9.69023 
157.624 172.602 170.314 168.151 169.52 132.58 170.703 168.075 161.352 146.743 15.1022 147.765 16.9511 64.4715 198.281 -72.3485 37.2798 182.204 -85.4398 13.3104 163.402 -73.9767 -2.88076 152.41 -44.1996 17.0113 198.782 17.2731 11.5864 10.3921 9.61495 
157.625 172.561 170.313 168.166 168.811 132.365 170.608 168.046 161.403 146.959 16.0742 147.296 17.2156 65.7845 197.977 -71.9887 38.7137 181.929 -85.2161 14.7392 163.04 -73.8723 -1.92136 151.893 -44.3473 17.9939 198.31 17.5033 11.4187 10.3787 9.54681 
157.793 172.347 170.087 167.957 167.586 132.31 170.314 167.724 161.129 146.769 17.1183 146.932 17.4104 67.1897 197.937 -71.5497 40.1919 181.693 -84.89 16.2798 162.516 -73.5794 -0.851164 151.038 -44.0908 18.9952 197.962 17.834 11.4864 10.4348 9.57049 
157.873 172.208 169.879 167.623 166.675 132.136 170.265 167.532 160.846 146.085 17.8471 146.603 17.8587 68.4906 197.405 -71.1601 41.5367 181.122 -84.5237 17.5405 161.799 -73.1271 0.231075 150.151 -43.3262 19.9584 197.618 18.1584 11.8794 10.5687 9.5596 
157.857 171.972 169.628 167.446 165.829 131.937 170.009 167.248 160.609 145.729 18.6966 146.282 18.1369 69.7526 196.695 -70.8664 42.7138 180.396 -84.2536 18.6533 160.981 -72.7834 1.10549 149.207 -42.8113 20.9064 197.222 18.3682 12.1561 10.6646 9.60055 
158.007 171.654 169.335 167.051 164.39 131.948 169.55 166.763 160.244 144.73 19.541 145.952 18.2061 70.9722 196.318 -70.5899 43.8218 179.842 -84.0203 19.7123 160.181 -72.4294 2.14354 147.863 -41.7181 21.8695 196.905 18.6266 13.0237 10.7882 9.69757 
158.103 171.347 168.797 166.484 163.305 132.032 169.064 166.137 159.664 143.732 20.213 145.765 18.4434 72.1246 196.125 -70.2902 44.8684 179.342 -83.6842 20.6216 159.379 -71.9032 3.26617 146.762 -40.4977 22.8041 196.802 18.8929 13.6983 10.9642 9.84618 
158.066 171.112 168.505 166.167 162.593 132.069 168.876 165.908 159.362 143.261 20.7959 145.617 18.6271 73.1381 195.48 -70.0894 45.7158 178.585 -83.4382 21.4149 158.372 -71.4185 4.31914 145.732 -39.4806 23.6887 196.561 19.1015 14.2325 11.1976 9.95676 
158.002 170.832 168.185 165.634 161.51 132.019 168.764 165.772 158.998 142.473 21.3414 145.076 18.6308 74.2 194.959 -69.8857 46.5842 177.876 -83.3082 22.2957 157.249 -71.1268 5.38297 144.385 -38.6476 24.4819 195.943 19.1804 14.9504 11.5196 10.1673 
157.972 170.639 167.864 165.141 160.636 132.126 168.528 165.462 158.616 141.431 22.2435 144.997 18.7949 75.2274 194.87 -69.5888 47.4133 177.527 -83.0586 23.0841 156.524 -70.7135 6.52799 143.259 -37.4385 25.2913 195.771 19.3939 15.8707 11.7638 10.3817 
157.817 170.465 167.416 164.548 159.976 132.137 168.39 165.111 158.036 140.434 22.7774 144.88 19.0601 76.187 194.762 -69.3412 48.2143 177.195 -82.8185 23.754 155.786 -70.2486 7.44559 142.468 -36.4578 26.0632 195.661 19.5623 16.4882 12.1377 10.5854 
157.731 170.145 166.915 163.924 159.347 132.18 168.14 164.81 157.5 139.851 23.2826 144.524 19.2797 77.0289 194.003 -69.1722 48.8892 176.306 -82.5956 24.3771 154.627 -69.809 8.12342 141.266 -35.6514 26.8057 195.252 19.6275 16.9993 12.4246 10.7341 
157.647 169.867 166.475 163.391 158.763 132.215 167.986 164.486 157.006 139.022 23.8778 144.279 19.4177 77.9421 193.632 -68.9793 49.5868 175.746 -82.392 25.092 153.813 -69.4543 9.08943 140.362 -34.8088 27.5321 194.962 19.6729 17.6294 12.6646 10.9598 
157.429 169.553 166.149 162.883 158.635 132.046 167.685 164.189 156.725 138.047 24.7811 144.271 19.2544 78.8127 193.706 -68.7975 50.4252 175.739 -82.3302 26.0079 153.609 -69.3863 10.3198 139.634 -34.117 28.2118 194.768 19.65 18.4964 12.7257 11.0355 
157.307 169.352 165.903 162.506 158.303 131.977 167.528 164.067 156.472 137.491 25.4512 144.205 19.2993 79.6211 193.518 -68.6505 51.0208 175.579 -82.257 26.6157 153.24 -69.2107 11.058 139.034 -33.5888 28.896 194.56 19.6751 18.9869 12.8859 11.1592 
157.152 169.064 165.61 162.258 158.349 131.973 167.203 163.817 156.279 137.686 26.2351 144.039 19.5955 80.2685 192.793 -68.5301 51.6041 174.762 -82.0407 27.2519 152.359 -68.825 11.6589 138.217 -33.1646 29.5503 194.306 19.7319 19.0171 12.9462 11.2019 
156.979 168.81 165.327 162.062 158.413 131.942 166.994 163.582 155.987 137.65 27.0573 143.871 19.9385 80.9473 192.101 -68.3352 52.2468 174.057 -81.7702 27.9297 151.637 -68.4479 12.25 137.533 -32.7348 30.1915 194.081 19.8189 19.1589 13.0245 11.2225 
156.69 168.55 165.129 161.828 158.418 131.832 166.809 163.44 155.76 136.964 27.8853 143.847 19.8421 81.5372 191.888 -68.2176 52.8485 173.975 -81.6972 28.6495 151.526 -68.3525 13.1923 137.209 -32.2676 30.778 193.935 19.8106 19.7499 13.075 11.184 
157.451 168.497 166.122 160.954 158.819 132.281 166.799 164.223 154.701 134.286 29.3197 142.948 19.5205 82.7307 191.085 -68.3595 54.2471 173.607 -82.1083 30.4807 150.047 -68.0554 15.2371 135.134 -30.4963 31.8565 193.325 19.5224 21.4717 13.8233 10.8382 
157.183 168.407 165.805 160.853 158.461 132.063 166.792 164.159 154.807 134.699 29.6615 142.956 19.2361 82.8289 190.912 -68.3616 54.3312 173.629 -82.1272 30.6376 150.174 -68.157 15.3369 135.1 -30.8155 32.0955 193.062 19.5108 21.3996 13.7451 10.7864 
157.78 168.603 166.617 160.614 160.372 132.385 166.783 164.85 154.508 135.343 30.3782 142.624 19.2375 83.2381 189.959 -68.4416 54.9793 173.161 -82.2749 31.4732 149.358 -67.9996 15.5413 134.562 -31.152 32.5819 192.867 19.3724 20.7224 13.9768 10.3845 
157.512 168.49 166.187 160.946 160.203 132.179 166.797 164.76 154.92 136.492 30.7359 142.788 19.2744 83.5777 189.736 -68.4059 55.2864 173.136 -82.2387 31.7345 149.736 -68.2768 15.4726 134.862 -32.0298 32.983 192.808 19.3902 20.1735 13.657 10.328 
158.011 168.694 166.796 160.486 160.518 132.6 166.728 165.258 154.448 135.679 31.5579 142.543 19.2241 83.988 189.057 -68.4785 55.7306 172.87 -82.3868 32.2705 149.204 -68.1884 15.8886 134.203 -31.5259 33.4215 192.778 19.1958 20.6445 13.8891 10.1185 
158.361 168.636 167.522 159.724 160.97 132.775 166.437 165.549 153.765 134.756 32.3706 142.347 18.8509 84.4285 188.661 -68.6175 56.2217 172.895 -82.7245 32.9425 148.8 -68.2449 16.5041 133.554 -31.2573 33.825 192.664 18.8214 21.134 14.1973 9.93575 
158.496 168.361 168.085 158.649 161.861 132.768 166.038 165.659 152.988 133.854 33.0451 142.226 18.3383 84.8139 188.469 -68.7375 56.713 173.065 -83.0541 33.6704 148.53 -68.2803 17.2339 132.95 -30.9963 34.1648 192.484 18.4609 21.7123 14.5198 9.76565 
158.515 167.963 168.276 157.675 163.312 132.689 165.584 165.542 152.491 133.556 33.8362 142.312 17.7374 85.2003 188.435 -68.8173 57.1741 173.232 -83.3143 34.4197 148.497 -68.4256 17.9088 132.565 -31.0291 34.4499 192.37 18.139 22.0632 14.6044 9.67695 
158.441 167.594 168.2 157.11 163.938 132.484 165.308 165.359 152.306 133.656 34.5618 142.482 17.1163 85.7367 188.451 -68.8076 57.8216 173.401 -83.4897 35.2201 148.71 -68.7365 18.23 132.692 -31.7483 34.7036 192.255 17.877 21.7813 14.514 9.60311 
