125.971 178.288 167.888 162.592 161.944 143.704 156.067 168.451 172.336 170.38 167.677 332.345 7.60039 132.459 353.15 -72.7425 169.407 367.08 -90.7924 208.234 378.546 -79.4685 240.146 384.246 -49.4782 174.794 382.516 12.0335 18.1889 15.3492 17.0647 
125.127 177.36 168.11 163.027 162.834 143.113 156.681 169.178 172.768 170.085 167.799 332.96 8.07986 132.502 353.534 -72.4655 169.374 367.312 -90.6939 208.004 378.449 -79.4725 239.772 383.968 -49.554 174.935 382.917 12.2116 17.9415 15.0924 17.0027 
125.214 177.738 168.215 163.177 163.233 142.525 156.626 169.582 173.003 170 168.524 333.631 8.49212 132.632 353.778 -72.175 169.486 367.559 -90.5913 207.924 378.516 -79.4391 239.586 383.894 -49.5644 175.066 383.358 12.3285 17.7841 14.8995 17.0467 
125.233 175.894 168.495 163.153 163.423 141.927 156.537 169.657 172.865 169.789 168.628 334.649 8.67128 132.921 354.239 -72.1465 169.492 367.698 -90.5574 207.835 378.559 -79.4536 239.601 384.03 -49.6502 175.334 384.122 12.3227 17.8291 14.7894 16.7798 
125.51 175.245 168.197 163.253 163.975 140.961 156.834 169.254 172.091 168.182 169.061 336.285 8.62704 133.245 354.954 -72.2709 169.607 367.479 -90.376 207.823 378.102 -79.363 239.496 383.82 -49.6439 175.693 385.183 12.2631 17.8006 14.6263 16.3139 
125.926 178.06 168.048 163.273 164.181 140.563 157.716 169.32 171.394 165.802 169.955 337.754 8.4659 133.669 355.78 -72.1506 169.508 367.489 -90.0377 207.272 377.539 -79.1985 238.64 383.387 -49.6192 175.942 386.176 12.3754 17.4786 14.1241 15.667 
126.241 179.557 167.806 162.923 163.827 140.267 158.006 169.078 170.897 165.08 169.903 338.84 8.48156 134.108 356.505 -72.0414 169.707 368.171 -89.8954 207.248 378.281 -79.1561 238.452 384.217 -49.5529 176.197 387.186 12.5381 17.2982 13.936 15.4584 
126.052 179.467 166.929 162.025 163.186 139.91 157.838 168.821 170.524 164.49 169.418 340.071 8.57462 134.753 357.612 -71.837 170.226 369.267 -89.6107 207.528 379.187 -78.9565 238.462 385.077 -49.4402 176.514 388.331 12.6789 17.0485 13.7315 15.3301 
126.188 178.31 166.646 161.698 162.973 139.639 158.702 168.696 170.355 164.277 169.053 341.086 8.65835 134.944 358.297 -71.6992 170.472 369.827 -89.3722 207.66 379.835 -78.7849 238.507 385.766 -49.2263 176.626 389.185 12.8161 17.014 13.6681 15.2989 
127.343 174.27 166.703 161.752 163.238 139.848 161.355 168.858 170.428 164.235 170.223 342.094 8.66958 134.906 359.422 -71.5617 170.543 370.843 -88.9572 207.585 380.877 -78.376 238.413 386.725 -48.7556 176.59 389.88 13.2345 16.9905 13.5827 15.2674 
128.591 174.27 166.475 161.622 163.5 140.067 160.124 168.667 170.5 164.442 170.971 342.904 8.8057 135.33 359.556 -70.8803 171.128 371.99 -88.4253 208.187 382.356 -77.8222 238.628 388.089 -48.1041 176.6 390.744 13.6886 16.7515 13.711 15.7221 
129.339 174.27 166.853 161.718 163.998 141.056 157.294 168.544 170.18 163.662 171.325 343.01 8.65146 135.376 359.262 -70.0213 170.963 372.417 -87.9415 207.746 382.769 -77.2981 237.973 388.47 -47.6299 176.262 391.238 13.908 16.6071 13.5689 16.0078 
129.99 174.27 166.642 160.882 164.399 141.265 153.821 167.05 169.138 163.574 171.222 344.275 8.31419 135.158 360.098 -69.3612 170.309 373.312 -87.5784 207.209 383.999 -77.0894 237.76 389.981 -47.7254 176.024 392.813 13.8038 16.8837 13.7904 16.0168 
128.624 174.27 166.362 159.93 163.291 140.333 151.646 165.683 168.007 163.186 171.055 345.773 8.89592 134.931 360.804 -68.7821 169.774 373.582 -87.3411 206.826 384.165 -77.0063 237.78 389.984 -47.7683 176.091 394.122 13.5518 17.1917 13.9397 15.9883 
129.595 174.27 165.96 158.892 161.967 140.124 151.075 164.82 167.702 163.729 170.389 346.272 8.54894 134.756 361.314 -68.9851 169.608 374.177 -87.4652 206.896 385.056 -77.0459 238.046 390.454 -47.7046 175.892 394.755 13.2644 17.3895 14.2804 16.1421 
131.027 174.27 166.601 159.369 162.074 138.7 152.818 164.826 167.643 163.339 172.717 347.522 9.23471 134.909 362.249 -68.862 169.57 374.932 -87.1588 206.621 385.744 -76.724 237.47 391.081 -47.381 175.647 395.694 13.446 17.1684 14.1319 15.9365 
133.061 174.27 166.944 159.909 162.044 138.126 151.995 164.735 167.735 163.207 174.622 348.518 10.2007 134.963 362.597 -67.8476 169.57 375.651 -86.6537 206.62 386.684 -76.3773 237.262 392.212 -47.1258 175.624 396.777 13.8031 16.9976 14.1645 16.1778 
133.487 174.27 167.255 159.85 161.64 137.87 154.864 165.253 168.342 164.065 175.094 348.564 11.069 134.7 363.24 -67.533 168.912 376.62 -86.3715 206.057 388.143 -76.2382 237.256 393.846 -47.1049 175.413 397.029 14.1845 17.3643 14.3441 16.0058 
134.233 174.27 167.12 159.836 161.131 137.842 152.98 165.539 168.861 165.379 174.82 347.899 11.4795 134.016 362.789 -67.1406 168.217 377.41 -86.6841 205.392 389.312 -76.5702 237.092 395.256 -47.3354 175.066 397.114 14.144 17.7757 14.4462 16.7448 
134.518 174.27 166.99 159.632 160.609 138.61 151.914 165.635 168.929 166.14 174.047 347.6 11.0957 133.597 362.712 -67.0051 168.141 378.526 -86.9693 205.404 390.442 -76.673 237.366 396.26 -47.2758 174.883 397.29 14.0835 18.0433 14.5541 17.6788 
134.176 174.27 166.247 159.18 159.597 138.884 150.686 165.048 168.255 165.939 173.128 348.467 10.2317 133.211 362.942 -66.8056 167.789 379.529 -87.0928 205.321 391.337 -76.6579 237.464 397.3 -47.2029 174.856 398.04 13.9475 18.303 14.7427 18.3061 
133.949 174.27 165.128 158.707 158.686 139.199 149.967 164.523 167.39 165.789 172.907 349.327 9.30739 132.972 364.122 -67.2081 167.812 380.663 -87.3111 205.45 392.167 -76.6093 237.667 398.214 -46.9767 174.765 398.655 13.7743 18.5539 14.7965 18.4409 
133.47 174.27 163.6 157.922 157.556 139.43 150.124 163.918 167.023 166.191 172.393 350.065 8.86709 132.855 365.486 -67.5817 168.37 381.45 -87.2507 206.238 393.174 -76.346 238.332 399.367 -46.5373 174.737 399.109 13.8537 18.6805 15.0776 18.3648 
134.787 174.27 162.411 157.232 156.266 139.76 148.882 162.556 165.957 165.645 172.528 350.954 8.28807 132.631 365.974 -67.2045 168.398 381.66 -86.9088 206.444 393.605 -76.0911 238.415 399.8 -46.2943 174.707 399.827 13.8139 18.7077 15.3498 18.5746 
135.938 174.27 161.449 156.99 155.738 138.601 149.001 161.297 164.682 164.296 174.285 352.672 8.61671 132.806 367.032 -66.9914 168.881 382.165 -86.4637 206.837 394.258 -75.6825 238.556 400.588 -45.9019 174.858 401.125 13.9664 18.636 15.3834 18.5642 
135.633 174.27 161.911 157.216 156.252 138.719 151.546 160.991 163.732 162.453 174.838 353.922 8.74672 132.923 368.746 -66.9259 168.86 383.016 -85.8885 206.303 394.564 -75.1781 237.781 400.727 -45.7016 174.902 402.193 14.24 18.3321 14.9328 18.1031 
134.107 174.27 162.595 157.836 156.897 138.578 156.601 161.883 164.551 163.274 174.814 354.673 9.64046 133.247 369.975 -67.0191 168.784 383.815 -85.5349 206.232 395.532 -74.9164 237.894 401.82 -45.4591 175.002 402.922 14.7464 18.3905 14.9291 17.4484 
132.697 174.27 163.738 158.373 157.965 138.702 163.506 163.171 165.585 164.343 174.721 355.072 10.3323 133.311 371.661 -67.4364 168.421 384.843 -85.5446 205.978 396.528 -74.9665 238.201 403.277 -45.5628 175.234 403.814 15.0161 18.7842 14.8945 16.7292 
131.399 179.57 164.496 159.137 159.231 139.241 170.963 164.337 166.584 165.284 174.47 355.477 10.9077 133.892 373.339 -67.8858 168.236 385.94 -85.3301 205.973 397.689 -74.7692 238.517 404.872 -45.3863 175.323 404.547 15.5376 19.0099 14.9353 15.6864 
130.518 170.88 165.722 160.063 160.779 140.218 175.88 165.944 167.764 166.202 174.146 355.524 11.6566 134.273 374.07 -67.6306 168.105 387.088 -85.1421 205.956 398.795 -74.4832 238.863 406.354 -45.0383 175.286 405.153 16.1745 19.261 14.9051 15.4437 
131.184 179.423 166.609 160.71 161.634 141.616 177.396 167.001 168.314 166.457 174.11 355.626 12.0465 134.524 375.435 -67.5122 168.364 388.494 -84.8262 206.05 399.874 -73.9155 238.865 407.136 -44.3572 175.229 405.844 16.793 19.1339 14.707 15.355 
131.407 174.27 167.267 160.876 162.315 142.554 178.129 167.779 168.842 166.668 173.719 356.075 12.3943 134.705 376.412 -67.2684 168.659 390.015 -84.3747 206.399 401.371 -73.2234 239.354 408.168 -43.4585 175.24 406.847 17.3257 19.2737 14.796 15.6405 
130.751 174.27 167.516 160.603 162.077 143.051 178.076 168.201 169.424 167.198 173.09 356.691 12.5709 134.853 376.977 -66.9811 169.029 391.412 -84.0403 206.852 402.965 -72.7274 239.888 409.338 -42.7439 175.344 407.701 17.7149 19.3906 14.9773 16.2069 
130.253 179.178 167.349 160.37 161.592 143.561 178.184 167.559 168.978 166.261 172.735 357.627 12.5979 134.959 377.921 -66.3265 169.21 392.277 -83.4077 206.813 403.565 -72.0622 239.624 409.434 -42.0397 175.457 408.756 18 19.2607 14.8814 16.518 
128.786 177.649 166.891 160.165 161.25 144.03 178.525 167.62 168.551 165.855 172.703 358.6 13.3582 135.098 378.908 -65.7237 169.295 392.987 -82.639 206.582 404.033 -71.34 239.416 410.008 -41.3932 175.517 409.714 18.5711 19.3495 14.6344 16.4248 
128.187 174.546 166.982 160.401 161.297 144.118 179.008 167.729 168.367 165.551 173.096 359.112 15.0095 135.529 379.55 -64.9929 169.523 393.124 -81.8274 206.449 404.191 -70.6358 239.124 410.42 -40.8085 175.633 410.607 19.3206 19.2001 14.3519 16.0463 
135.008 174.27 169.024 161.173 163.136 144.986 179.512 166.624 170.267 165.08 173.89 358.98 16.372 136.07 376.598 -62.7728 169.313 390.851 -80.4629 206.374 402.651 -69.5283 238.302 408.729 -39.7759 175.748 411.872 20.0358 18.6613 14.6299 16.6961 
138.507 174.27 170.065 163.109 164.42 147.626 179.505 165.804 170.853 165.533 172.805 358.194 17.6016 134.506 375.137 -60.4567 168.517 388.599 -78.923 206.088 400.859 -68.3628 238.364 407.066 -38.6258 176.009 412.872 20.9542 18.8051 14.9984 17.3059 
141.463 174.27 170.627 163.081 164.141 149.019 179.463 165.367 171.38 166.417 171.029 356.415 18.6757 133.394 373.595 -58.7298 167.733 386.972 -77.9222 205.921 399.614 -67.4643 238.573 405.757 -37.6342 176.132 413.405 21.5329 18.9957 15.4825 18.0157 
140.408 174.27 170.34 163.488 163.772 149.782 179.076 164.393 171.239 166.629 168.665 355.79 20.1681 132.426 372.763 -57.0271 167.01 385.41 -76.66 205.844 398.219 -66.3399 238.531 404.263 -36.4353 176.274 413.924 22.314 18.9206 15.9371 18.2738 
139.776 174.27 169.981 164.804 164.07 149.705 178.999 163.67 170.88 166.832 167.941 356.093 22.0646 132.979 371.42 -55.4106 166.568 384.089 -75.0364 206.115 397.204 -64.901 238.79 403.553 -35.0403 176.709 414.808 23.4191 18.7796 16.3608 17.7386 
137.919 174.27 169.101 165.1 164.419 149.179 178.785 163.016 169.957 164.643 168.17 357.371 23.795 133.044 370.424 -53.6693 166.481 382.45 -73.0692 206.535 395.793 -63.2472 238.771 402.379 -33.4338 177.235 415.837 24.6538 18.2237 16.5837 17.181 
137.079 174.27 167.233 164.733 162.821 149.305 179.459 160.782 168.834 163.341 166.505 358.212 24.8417 133.527 370.938 -52.1323 166.052 381.253 -71.3509 205.989 394.777 -61.9731 238.289 401.306 -32.3934 177.601 416.626 25.5315 17.9891 16.5551 16.1425 
136.211 174.27 166.211 164.346 162.061 149.318 174.206 159.214 167.962 162.315 165.398 359.273 24.9811 133.031 369.372 -49.6219 166.286 380.508 -69.8882 206.429 394.43 -60.6922 238.605 400.831 -31.0829 177.915 417.211 26.4025 17.8752 16.8363 17.4388 
134.679 174.27 164.619 162.972 159.209 149.046 163.839 157.531 167.03 160.75 163.646 361.541 24.2295 132.788 368.635 -47.5162 167.307 380.492 -68.9168 207.576 394.347 -59.6087 239.299 400.569 -29.6178 178.412 418.12 26.9684 17.7399 16.9769 18.9926 
135.572 174.27 162.148 161.64 159.824 149.74 158.591 156.945 165.454 158.313 160.729 362.763 23.7337 138.13 367.529 -47.2993 168.422 380.591 -68.1936 208.021 393.233 -58.7496 238.363 398.21 -28.4238 178.655 418.572 27.4912 16.3955 16.2131 17.472 
135.944 174.27 161.632 162.071 158.095 150.847 155.976 156.063 164.716 155.663 158.228 364.172 23.7714 137.897 368.074 -46.1076 169.347 380.213 -66.9019 208.546 392.396 -57.5051 237.973 396.552 -26.6442 179.089 419.316 28.2375 15.721 15.8774 17.6898 
135.748 178.466 161.651 162.296 156.686 152.546 155.797 155.081 164.151 154.613 156.433 365.404 23.9284 137.888 368.995 -44.8956 170.033 380.237 -65.4667 209.158 392.376 -56.2603 238.476 396.619 -25.5013 179.596 420.304 29.0544 15.621 15.8698 17.657 
135.27 173.038 161.048 161 154.444 153.982 153.171 154.77 163.469 154.296 155.2 366.163 24.0285 138.29 369.448 -42.934 170.662 381.126 -64.6074 209.523 392.966 -55.2368 238.902 397.274 -24.6304 180.058 420.995 29.7125 15.6783 15.6898 18.7013 
133.419 160.272 160.854 161.165 154.44 152.696 148.474 154.683 162.392 152.657 156.938 367.378 24.4045 139.039 370.099 -41.2838 171.855 381.991 -64.0208 210.043 392.891 -54.2547 238.745 396.738 -23.5638 180.436 421.538 30.309 15.159 15.0242 19.6604 
132.202 145.613 161.152 160.671 148.713 150.704 147.665 156.71 165.334 158.442 158.759 368.074 25.4626 141.895 370.186 -40.0437 174.918 383.361 -63.6878 212.532 394.182 -53.9587 240.447 398.71 -22.2829 180.596 421.622 31.2424 15.197 14.6011 20.4988 
142.983 123.218 160.188 158.946 153.834 151.695 143.039 155.508 165.555 169.238 159.026 368.813 25.0726 147.549 371.972 -37.0486 177.283 384.266 -62.2603 213.109 394.272 -53.5203 241.731 401.66 -23.3842 181.266 422.658 31.7767 15.4631 13.2034 19.7534 
143.286 139.471 159.806 158.195 150.953 153.371 155.703 155.377 164.521 168.085 159.046 369.211 26.0588 148.873 374.342 -41.2083 177.384 385.104 -61.2722 212.345 395.422 -52.192 241.577 402.502 -22.5701 181.648 423.012 32.7845 15.7566 12.7318 15.529 
143.592 132.112 159.975 156.568 151.112 154.303 159.655 155.267 163.487 164.369 157.969 368.969 26.9628 148.787 375.188 -40.6926 177.257 385.869 -60.4467 212.653 396.665 -51.0178 242.451 403.591 -21.6663 182.002 423.272 33.5648 16.3697 13.2299 15.391 
142.063 137.291 160.919 153.344 160.96 153.869 165.39 157.735 164.467 166.81 159.128 370.693 27.5506 151.928 375.424 -41.0808 180.374 387.121 -59.5186 215.938 398.576 -49.9054 245.42 408.14 -20.3225 182.939 424.299 34.8145 17.2448 13.4042 14.7104 
139.695 146.087 161.222 154.498 165.946 153.751 168.285 158.556 165.85 169.633 160.914 371.53 28.1101 152.989 375.111 -41.6636 182.004 387.301 -58.7523 217.712 400.069 -49.515 245.832 411.278 -19.9746 183.217 424.557 35.7476 16.8064 13.7599 14.0394 
139.84 154.457 163.432 156.728 165.973 153.845 171.114 159.059 168.552 171.204 160.631 371.222 29.597 151.543 375.8 -42.3105 181.611 387.226 -58.1187 218.221 401.253 -48.8155 246.102 412.232 -19.3524 183.503 424.98 36.487 16.5874 14.8043 13.6311 
139.129 153.026 163.577 159.246 171.403 153.589 170.615 158.474 168.791 169.627 160.048 371.552 30.9174 150.458 376.19 -41.8934 180.986 387.224 -57.5432 218.414 401.933 -48.2595 246.651 413.048 -18.9653 183.741 425.428 37.1188 16.9205 15.5689 13.6059 
136.461 153.031 163.193 158.047 164.116 153.446 170.615 159.274 169.267 170.823 160.804 372.387 31.2835 150.973 376.829 -41.8209 182.109 388.721 -57.4995 219.19 403.38 -48.1494 247.275 414.53 -18.1936 183.819 425.745 37.6203 17.2658 15.3716 14.2697 
135.451 149.267 162.075 158.467 164.783 152.222 169.328 158.434 168.18 170.809 162.71 373.492 31.7802 151.942 377.633 -41.1246 183.027 389.471 -56.7001 219.633 403.983 -47.667 247.738 415.496 -17.3299 184.178 426.656 38.1633 17.5689 14.9992 14.1446 
136.643 148.01 161.87 158.815 167.468 151.273 168.897 158.596 167.465 171.169 164.786 374.497 32.0068 153.141 378.628 -40.7621 184.023 390.774 -56.4698 220.199 404.939 -47.4645 248.129 416.695 -16.8757 184.677 427.764 38.5468 17.5373 14.5419 14.1568 
138.038 146.168 161.632 159.549 161.183 150.243 168.258 158.647 166.9 170.045 167.192 375.706 32.5725 154.438 379.409 -40.1308 184.93 391.425 -55.7962 220.669 405.207 -47.0189 248.879 416.748 -15.6096 185.165 428.961 39.0283 17.8071 14.0414 13.7847 
140.612 143.454 161.377 160.36 159.863 149.822 167.275 158.958 166.616 169.772 169.589 376.548 32.8768 155.282 379.817 -39.0734 185.181 392.064 -55.5106 220.325 405.449 -46.9955 248.641 416.593 -15.0206 185.507 429.974 39.3457 17.6783 13.4534 13.9772 
147.593 148.146 163.589 163.82 146.308 148.937 166.25 158.919 166.788 166.146 171.984 377.143 33.2748 155.913 380.651 -38.5078 183.686 391.942 -55.0781 218.049 405.098 -46.9185 246.151 414.039 -14.9281 185.933 431.018 39.6159 16.0371 12.8353 12.8767 
147.886 150.497 163.64 164.439 147.947 147.284 167.16 159.86 167.421 166.791 173.382 378.105 33.9377 156.632 381.601 -38.6914 183.769 392.812 -55.0645 218.036 405.445 -46.9341 244.753 413.228 -14.3686 186.221 431.628 40.003 14.4486 12.5455 12.4892 
146.32 149.27 163.614 164.981 154.708 146.55 168.426 159.977 166.762 169.527 175.103 379.184 33.5611 157.155 382.435 -38.6254 184.201 393.356 -55.0499 217.734 404.96 -46.7903 242.663 412.225 -14.2189 186.348 432.05 40.1579 12.324 11.7201 12.4767 
144.372 148.603 163.703 165.491 157.844 145.259 169.062 160.003 166.166 170.806 177.543 380.688 33.6307 158.26 383.759 -38.6538 184.688 394.079 -54.9515 217.326 404.251 -46.6032 239.493 410.208 -13.4198 186.673 432.801 40.2812 9.11916 10.6933 12.0948 
144.203 148.713 163.175 165.711 150.741 145.935 169.153 159.69 165.754 165.636 177.482 381.837 33.0858 159.437 385.12 -38.6707 185.53 394.842 -54.6879 217.552 404.161 -46.3337 237.648 408.138 -11.7238 186.942 433.568 40.4177 8.1893 10.0904 11.708 
143.618 147.928 163.627 165.742 156.519 145.855 168.882 160.292 166.109 160.001 177.308 382.835 33.3577 160.406 386.355 -38.6323 186.169 395.32 -54.5442 217.853 403.812 -45.8623 236.576 405.826 -9.69663 187.138 434.283 40.6655 9.14156 9.64636 11.212 
142.97 149.699 163.42 165.497 152.441 145.204 168.488 160.668 166.292 155.05 177.59 383.634 33.494 161.478 387.45 -39.1244 187.033 395.764 -54.4002 218.482 403.809 -45.5671 236.451 404.087 -7.25621 187.332 434.679 40.8371 11.6388 9.36509 10.3695 
143.338 151.98 163.128 165.337 140.572 143.86 166.274 160.558 165.995 148.029 178.058 383.508 34.4345 161.382 387.401 -38.8511 187.406 395.602 -53.8715 218.875 403.418 -45.0221 236.356 401.895 -3.98755 187.533 435.051 41.1244 15.2593 9.30452 10.3163 
143.494 153.313 162.775 163.944 174.27 142.553 165.526 160.794 165.841 137.091 178.266 383.251 35.7557 160.821 387.415 -38.4523 187.499 395.843 -53.4635 219.393 403.785 -44.5561 238.455 402.21 -3.65525 187.694 435.22 41.5699 15.4707 9.60264 10.5656 
143.234 160.406 162.235 162.995 174.27 141.908 165.707 161.072 165.746 133.847 177.401 383.608 36.5449 160.522 387.903 -38.5977 187.839 395.947 -52.9504 220.229 404.154 -44.0521 239.523 402.883 -2.91402 187.976 435.763 41.9287 15.8633 9.95511 10.1365 
142.998 166.012 162.532 163.256 174.27 141.504 164.698 161.263 165.852 136.069 177.335 384.441 37.0479 160.19 388.231 -38.2659 188.642 396.211 -52.4626 221.464 404.787 -43.5145 240.101 404.266 -2.85906 188.344 436.469 42.451 15.1275 10.2822 10.3453 
142.221 169.42 163.293 163.911 174.27 141.716 164.156 162.001 166.147 134 176.485 385.339 37.1698 159.778 388.89 -38.0407 189.856 396.721 -52.1715 222.903 405.383 -43.0333 238.77 404.221 -1.18869 188.803 437.16 42.8802 16.151 10.413 10.8775 
141.988 173.177 163.93 164.19 174.27 142.35 163.09 162.536 166.425 126.743 176.016 386.761 36.9201 159.456 389.48 -37.7548 190.587 397.11 -51.9873 223.727 405.678 -42.6386 237.484 403.429 1.8241 189.087 437.847 43.1844 18.7759 10.4627 11.407 
142.132 176.036 164.753 164.213 174.27 143.242 162.135 163.213 166.987 114.967 175.781 387.443 36.986 159.359 389.247 -37.0397 191.398 397.442 -51.7704 224.92 406.906 -42.3236 240.125 404.672 5.08925 189.26 438.261 43.6322 21.075 10.8857 12.1513 
142.182 175.859 164.935 164.123 174.27 143.916 159.953 163.223 167.191 107.261 176.318 388.387 36.315 159.365 388.781 -36.4136 192.057 397.686 -51.5959 225.664 407.964 -42.1596 241.554 406.318 6.88409 189.363 438.435 43.8376 22.0079 11.1308 12.8697 
142.547 175.208 164.907 163.961 174.27 142.335 158.823 163.277 167.032 103.727 178.274 389.277 36.2606 159.534 388.596 -36.2788 192.781 397.983 -51.5731 226.213 408.457 -41.9488 242.199 407.464 7.58047 189.457 438.537 43.9271 22.0702 11.053 13.3236 
141.715 174.6 164.865 163.662 172.63 141.783 158.868 163.831 167.089 118.233 177.725 389.665 36.7971 159.516 388.669 -36.2256 192.899 398.342 -51.713 226.295 409.008 -41.9378 244.179 410.162 2.60868 189.429 438.603 44.182 16.943 11.0416 13.4541 
141.229 173.171 165.202 164.281 143.596 141.487 158.832 164.029 167.078 117.36 178.342 390.311 37.4821 160.111 389.2 -36.2029 193.354 398.902 -51.5984 226.452 409.681 -41.7514 243.912 410.902 4.19003 189.706 439.112 44.4793 18.0716 10.817 13.2103 
141.13 173.259 165.266 164.021 129.581 141.563 158.312 163.75 166.942 119.696 178.187 390.152 37.8544 159.985 388.748 -35.723 192.951 398.626 -51.3487 226.071 409.917 -41.5213 244.156 412.197 3.70228 189.662 439.215 44.5942 17.1569 10.9579 13.2173 
141.673 172.183 165.421 164.497 119.605 141.721 158.632 163.881 167.04 122.235 178.376 390.319 38.113 159.928 388.836 -35.6103 192.973 398.608 -51.1434 226.037 409.99 -41.3499 244.258 412.888 4.15911 189.753 439.492 44.8198 17.3134 10.9023 13.1329 
142.594 171.44 165.53 164.452 113.31 141.748 158.632 164.093 167.209 123.613 177.7 389.967 38.0307 159.698 388.844 -35.7408 192.688 398.625 -51.3864 225.75 409.911 -41.5467 244.079 413.069 4.30927 189.674 439.429 44.7903 17.323 10.8691 13.1664 
144.296 170.344 165.411 164.724 105.985 141.384 158.744 164.044 167.278 123.189 178.552 389.771 38.394 159.88 388.466 -35.6283 192.912 398.443 -51.1886 225.876 409.865 -41.3724 243.545 413.539 5.33701 189.565 439.5 45.0074 17.4949 10.7973 13.1572 
144.828 169.66 165.659 164.711 102.415 141.748 158.661 164.163 167.355 124.05 178.033 389.953 38.2525 159.754 388.496 -35.578 192.661 398.327 -51.155 225.581 409.62 -41.2463 242.951 413.503 5.43998 189.549 439.636 45.0712 17.1224 10.7217 13.0618 
145.194 170.138 166.237 164.954 109.79 142.776 159.288 164.749 167.999 129.994 177.153 389.397 38.4285 159.464 387.892 -35.2558 192.198 397.826 -51.1456 225.141 409.363 -41.2666 243.356 413.236 3.32518 189.327 439.427 45.1826 15.9156 10.7653 13.0837 
145.681 170.433 166.22 164.942 112.064 143.923 159.438 164.797 168.197 132.392 175.853 388.885 38.2073 159.223 387.701 -35.2342 191.95 397.601 -51.1972 224.892 409.087 -41.3404 243.607 412.792 2.99928 189.157 439.194 45.1608 16.0471 10.7691 13.1394 
146.611 170.583 166.463 165.514 110.217 144.758 159.84 165.033 168.563 136.954 175.444 389.076 38.1941 159.186 388.047 -35.3182 191.974 397.884 -51.2035 224.967 409.281 -41.4535 244.002 413.297 3.01605 189.173 439.439 45.2814 16.1901 10.7683 13.1171 
146.849 171.223 166.691 165.519 115.5 145.131 160.3 165.496 168.855 138.865 174.768 388.992 38.3701 159.075 388.527 -35.454 191.946 398.483 -51.3988 225.058 409.792 -41.6524 244.598 413.75 2.56035 189.127 439.607 45.412 16.1436 10.829 13.2284 
