144.775 161.585 164.471 163.821 162.689 147.644 156.076 160.018 160.064 153.841 -68.0582 336.375 54.9963 -45.6033 310.437 -16.8725 -75.4239 295.265 -36.4381 -113.069 289.007 -29.745 -146.53 294.643 -4.92913 -115.249 365.6 36.1928 13.6055 11.8375 12.9449 
146.082 162.29 165.255 164.662 163.073 148.128 156.74 160.711 160.946 154.511 -68.3563 335.493 55.005 -45.4059 310.396 -17.3598 -74.9643 295.171 -36.645 -112.336 289.176 -30.1742 -145.561 294.68 -5.14355 -114.594 365.691 36.1246 13.4779 11.5567 12.6261 
148.05 162.755 165.559 165.043 163.445 147.845 156.938 160.719 160.944 153.647 -70.8577 333.056 54.9311 -45.1565 310.512 -17.7203 -74.4223 295.148 -36.5687 -111.337 289.249 -30.1287 -144.209 294.63 -4.83331 -113.833 365.716 35.9695 13.3566 11.2443 12.312 
148.987 163.201 165.878 165.336 163.774 147.254 157.18 160.835 160.872 152.817 -72.9768 330.796 55.6151 -44.4383 310.614 -17.6834 -73.4797 295.242 -36.4994 -110.097 289.441 -30.1707 -142.896 294.662 -4.70555 -112.973 365.844 35.8154 13.4347 11.0152 12.142 
149.626 163.51 166.361 165.904 164.192 147.29 157.576 161.239 161.147 152.577 -73.7091 329.803 55.9397 -43.4285 310.932 -17.6669 -72.6429 295.741 -36.8069 -109.236 290.084 -30.6677 -142.122 295.2 -5.18281 -112.068 366.098 35.833 13.5191 10.9545 12.2951 
150.36 163.714 166.672 166.254 164.563 145.971 157.741 161.446 161.502 152.669 -73.7461 330.876 54.3866 -42.4195 311.559 -17.5975 -71.7011 296.297 -36.8253 -108.332 290.648 -30.9043 -141.106 295.648 -5.40191 -111.115 366.562 35.8562 13.4585 10.9686 12.3832 
147.651 164.444 167.372 166.948 165.391 144.29 158.407 161.957 162.29 153.726 -73.4772 332.407 53.3245 -41.6441 312.182 -17.8569 -70.7029 296.685 -36.7442 -107.184 291.146 -31.0683 -139.991 296.091 -5.94927 -110.118 367.114 35.8467 13.2321 10.8169 12.1305 
145.882 165.2 167.816 167.38 166.061 142.902 159.269 162.48 162.843 154.318 -73.447 333.594 52.8246 -40.653 312.618 -18.2863 -69.5122 296.783 -36.6535 -105.84 291.196 -30.9008 -138.578 296.208 -5.83113 -108.884 367.792 35.6022 13.1612 10.7087 11.8283 
148.688 166.673 168.674 168.143 166.587 143.688 160.769 163.418 163.291 154.954 -73.5392 331.764 53.489 -38.9603 312.224 -17.8246 -67.586 296.392 -36.2046 -103.944 291.289 -30.9314 -137.431 296.597 -6.54261 -107.571 368.156 35.5265 13.343 10.5465 11.5464 
152.008 168.345 170.16 169.657 167.636 145.296 162.669 165.001 164.615 156.671 -73.8705 329.482 55.4054 -36.9518 312.495 -17.3221 -65.2479 296.514 -35.6344 -101.727 291.647 -30.8017 -135.814 297.199 -7.07487 -106.054 368.839 35.8636 13.3482 10.4702 11.2112 
154.105 169.87 171.377 170.843 169.062 146.244 163.986 166.054 165.452 157.788 -75.0521 327.078 55.7759 -34.9709 312.928 -17.2412 -62.5523 296.652 -35.2106 -98.7208 291.798 -30.5659 -132.757 297.437 -7.53196 -104.324 369.244 36.0378 12.8175 10.146 10.6115 
154.18 171.23 172.178 171.85 171.198 145.562 165.464 167.12 166.267 158.989 -75.8794 326.36 56.2149 -32.2731 313.946 -17.2784 -59.5763 297.229 -35.2173 -95.8491 291.829 -30.2869 -129.605 297.428 -7.48022 -102.556 369.662 36.4309 12.3706 10.2174 10.438 
155.309 172.317 172.748 172.915 172.463 142.981 166.808 167.872 167.11 159.273 -80.0699 323.823 54.8699 -30.3769 314.209 -17.5455 -56.8736 297.403 -34.925 -92.7217 291.554 -29.786 -125.826 297.176 -6.99673 -100.272 369.627 36.602 11.8598 10.0179 9.73191 
154.54 172.867 172.724 173.355 174.753 141.516 167.49 168.13 167.002 159.398 -82.0695 321.896 54.4291 -27.7755 314.013 -17.3784 -53.5828 296.834 -34.6228 -89.1779 290.335 -29.1233 -121.549 296.003 -5.82966 -97.9749 369.008 36.7062 11.6466 9.99242 9.31566 
154.513 173.166 172.677 173.55 175.808 139.418 168.346 168.515 167.375 159.227 -83.3161 321.759 54.707 -25.2746 314.62 -16.7726 -50.473 297.098 -33.7788 -86.0508 290.141 -28.2784 -118.053 296.055 -4.40902 -95.9898 369.405 37.0851 11.6959 10.0608 8.96224 
152.748 173.206 172.005 173.148 176.641 137.806 168.238 167.868 166.731 157.755 -81.8314 321.734 54.5295 -22.714 315.04 -16.4583 -47.7233 297.605 -33.6708 -83.2313 290.258 -28.0767 -114.781 296.08 -3.34008 -93.7417 369.252 37.3938 12.0035 10.1338 8.90881 
151.255 172.909 171.411 172.36 177.281 137.225 167.897 167.387 165.841 156.148 -81.0507 321.897 54.1953 -20.1078 315.214 -15.8206 -45.0896 298.188 -33.1643 -80.7708 289.789 -26.854 -111.614 295.681 -0.924939 -91.4966 369.325 37.8606 12.6441 10.672 8.86706 
151.024 172.196 170.477 171.153 176.637 137.219 167.195 166.256 164.851 153.108 -77.1775 321.754 55.556 -16.6641 315.434 -15.3236 -41.4952 298.2 -32.6302 -77.5669 289.359 -26.4056 -108.599 295.266 1.25707 -88.9707 369.074 38.2733 13.9183 10.9649 8.85643 
151.346 171.387 169.782 170.428 174.029 135.805 166.287 165.52 164.621 151.175 -73.7018 323.681 55.5201 -13.7751 316.501 -14.4314 -38.7627 299.243 -32.0909 -75.1649 290.249 -26.1684 -106.487 296.107 2.27767 -86.9703 369.54 39.1296 14.3778 11.1184 9.11057 
150.996 170.136 169.174 169.876 174.961 135.184 165.503 164.871 164.232 150.135 -70.7463 324.335 55.9335 -10.5616 316.624 -13.1947 -35.3694 300.029 -31.7408 -72.8009 290.593 -26.3201 -104.603 296.316 2.52792 -84.6877 369.243 40.0188 14.8418 11.8071 9.17528 
153.173 169.535 168.733 169.343 171.254 133.937 164.716 164.067 163.57 148.47 -70.0476 324.148 53.7242 -7.38633 317.493 -12.7538 -31.9822 301.706 -32.0796 -70.3173 291.936 -27.3967 -102.969 297.159 1.62438 -82.2066 369.013 40.7673 15.3872 12.3942 9.15397 
151.625 168.948 168.143 168.213 171.348 133.404 164.183 163.289 162.404 150.365 -70.784 324.192 51.8621 -4.60368 316.987 -12.8467 -29.002 301.594 -31.9747 -67.7361 291.7 -27.2534 -100.65 296.888 0.19957 -79.3432 368.267 41.1668 14.469 12.7036 8.89638 
150.533 168.051 167.474 167.295 171.733 134.077 163.522 162.413 161.067 150.984 -70.1553 323.771 51.5542 -2.17776 315.268 -11.967 -26.5598 300.831 -31.1361 -66.0007 291.433 -26.54 -99.642 296.84 -0.0931334 -76.4596 367.728 41.6507 14.4941 13.1227 8.73577 
149.46 167.632 167.169 166.541 173.194 127.839 162.785 161.862 159.464 150.082 -71.8797 325.756 52.1149 0.394098 315.404 -10.9122 -23.6475 301.33 -30.5554 -64.0812 291.663 -26.0443 -97.9653 297.176 -0.368456 -74.0708 367.433 42.7551 14.2179 13.8373 8.64471 
145.766 166.893 166.381 165.52 172.196 125.215 161.987 161.329 158.181 147.942 -72.1777 328.293 51.2995 3.13253 316.318 -10.2045 -20.7601 301.922 -29.7956 -61.621 291.479 -24.4954 -95.2049 297.349 1.22603 -71.5011 367.496 43.8267 14.0879 14.4327 8.60854 
148.352 166.983 165.729 166.144 176.234 125.285 161.672 161.034 158.622 147.605 -68.8859 329.807 51.3846 8.24988 318.622 -8.81481 -15.0178 303.562 -27.5819 -55.8869 292.106 -21.7808 -88.938 297.531 4.27205 -66.2644 367.755 46.6772 13.9654 14.7972 8.11001 
146.51 166.684 165.652 166.439 179.428 128.814 162.491 161.254 158.732 149.14 -62.5667 326.099 58.3269 11.1217 319.34 -7.71422 -12.404 303.523 -26.0922 -53.1996 291.75 -19.8843 -87.0379 297.156 5.18185 -64.3183 367.357 48.2681 13.7382 14.8711 8.34185 
174.665 166.074 163.619 161.4 174.27 124.113 163.867 161.223 156.649 145.854 -60.2166 328.869 57.5119 16.38 320.086 -6.62938 -9.13052 303.063 -24.5773 -49.5175 290.265 -18.673 -85.4618 295.597 6.34619 -62.5484 366.371 49.6535 14.5532 14.7414 9.73168 
167.237 164.006 166.435 158.323 174.27 133.998 162.049 161.692 154.275 146.573 -43.1582 329.582 58.5363 18.5769 318.329 -4.78246 -7.28299 300.756 -23.4482 -45.9792 287.908 -15.142 -84.0205 292.759 6.97447 -60.3506 364.622 49.1595 15.3003 14.2282 10.6041 
163.976 163.779 169.868 158.32 174.27 146.327 162.409 163.953 153.441 145.504 -31.1594 326.744 64.0725 20.5761 315.678 -3.32049 -6.62518 297.93 -23.1843 -44.4745 285.253 -12.599 -81.7109 291.516 8.84448 -58.4349 363.14 48.9019 14.4883 14.4318 11.8975 
174.814 165.007 171.234 159.702 174.27 154.85 163.024 165.054 153.556 141.322 -20.7518 326.177 66.8109 23.0754 315.166 -3.69206 -5.17433 296.146 -23.7291 -41.9875 282.928 -11.3156 -76.2167 289.607 12.5979 -56.0772 362.161 48.5977 13.0406 14.404 12.9261 
173.854 166.179 171.552 161.252 174.27 157.329 164.115 166.678 155.065 140.63 -15.6715 325.275 68.0354 25.1518 314.878 -3.5897 -4.80733 294.598 -23.4606 -40.2314 281.994 -10.0472 -73.1369 289.052 15.6514 -53.7936 362.417 48.9622 12.9305 13.5973 14.1004 
166.931 165.321 170.72 161.272 174.27 157.177 163.235 167.512 155.271 135.671 -11.6268 322.941 69.9553 27.9537 313.348 -2.59169 -3.15114 293.331 -23.4395 -37.1965 281.119 -9.86949 -69.2133 288.783 18.5753 -51.2403 361.912 48.569 13.9165 12.8074 15.0635 
160.553 164.246 170.774 161.201 174.27 153.911 162.44 168.763 155.647 136.742 -12.0276 323.777 70.5422 29.8101 313.777 -1.65174 -1.84289 294.179 -22.9906 -35.0397 282.384 -9.73561 -68.0967 290.191 18.5571 -48.8796 363.338 49.0004 14.2024 12.1953 15.4325 
161.975 165.554 168.259 162.525 174.27 153.649 162.756 168.401 156.418 137.692 -8.88141 322.111 70.9778 31.1313 311.442 -1.36804 -0.536417 292.576 -22.1605 -33.0889 280.976 -8.27121 -66.6713 289.582 20.5091 -46.1873 363.166 48.5748 14.9418 12.1039 15.1755 
162.786 166.29 168.305 163.676 174.27 152.333 162.605 167.625 157.047 137.919 -5.32179 324.059 70.1847 32.5484 309.979 -0.805778 1.88811 292.237 -21.3304 -30.2637 280.3 -7.38113 -64.6109 289.223 22.3119 -43.644 363.544 48.2923 16.1828 12.0914 14.3694 
164.521 167.357 168.955 165.517 174.27 148.518 163.474 167.829 158.682 138.939 -3.67829 327.083 67.0035 34.087 308.772 -0.350758 3.65779 291.018 -21.0243 -27.951 279.253 -5.96852 -62.4633 288.945 23.9578 -41.3411 363.773 48.2138 16.4683 12.154 14.2858 
163.581 167.19 170.245 166.015 177.439 144.362 163.415 168.471 159.17 139.232 -2.0802 327.247 68.6012 36.2479 306.758 0.424832 6.01109 288.884 -21.3585 -25.5538 277.402 -5.26192 -60.3337 287.492 24.2154 -38.8486 362.312 48.1351 16.6928 12.6003 14.4932 
154.129 166.283 171.129 165.528 162.138 138.574 163.188 169.932 159.143 135.774 -0.449849 329.852 70.4191 38.313 305.394 0.849345 7.31344 287.365 -22.0437 -24.1638 275.136 -4.32955 -57.6263 286.212 26.2668 -36.2723 360.753 48.125 17.404 13.8364 15.3315 
147.361 165.754 171.345 165.841 147.908 141.624 163.132 170.549 159.26 129.971 3.93177 329.483 74.2126 39.7251 303.723 1.98458 9.12185 286.023 -21.7602 -22.7496 274.105 -3.6896 -55.2805 287.015 28.972 -34.0451 359.706 48.3664 19.5037 14.5024 15.1549 
144.434 164.468 170.527 164.941 138.897 140.998 162.557 171.179 158.444 125.231 8.62312 331.513 76.9958 42.4438 304.06 2.57144 11.2855 285.13 -21.6814 -20.3064 272.666 -2.41014 -52.2335 286.774 31.2396 -31.7511 358.55 48.4409 20.8897 15.4072 15.8482 
138.589 164.338 169.491 164.636 140.131 140.203 161.99 170.59 158.394 129.337 10.8297 332.412 76.2841 45.0101 303.854 2.77987 13.9932 284.612 -21.0114 -17.7157 271.712 -1.43691 -49.8754 284.896 30.6231 -29.289 358.237 48.3328 19.5244 15.5466 15.8055 
145.569 164.502 169.261 163.888 136.094 143.639 161.673 170.107 157.971 123.561 14.8022 330.661 76.0669 47.5391 302.937 3.08077 16.6802 283.632 -21.0434 -15.4568 270.606 -0.693036 -45.9122 285.511 33.6231 -26.9088 357.591 47.6082 21.7214 16.2241 15.8834 
151.577 164.646 168.104 163.574 137.537 147.191 159.613 167.068 157.016 122.323 18.898 329.668 74.9481 50.954 301.805 2.13266 20.8168 280.973 -19.8283 -13.6551 269.598 0.221062 -44.0981 285.447 34.2804 -23.3609 357.23 45.9059 22.101 16.3522 15.1036 
156.329 165.926 167.492 164.674 143.134 151.731 160.48 165.832 158.136 122.036 25.3195 330.746 72.7859 52.8575 300.955 0.69736 23.0018 279.716 -19.897 -11.6164 267.978 0.888433 -40.8257 284.368 37.2518 -21.0436 356.843 45.0707 23.6275 16.4494 14.7032 
155.925 168.477 167.015 166.187 151.33 155.971 161.208 164.965 158.893 122.759 30.1718 333.185 72.3017 54.1795 299.712 -0.381122 24.1985 277.705 -18.5262 -11.3132 266.831 2.39747 -39.6624 283.902 39.6564 -18.5615 356.823 44.4522 24.7447 16.6205 14.1837 
155.955 170.649 167.306 168.356 159.601 158.822 162.034 165.046 160.427 125.837 34.0722 333.967 71.408 55.2252 298.109 -0.935422 24.6458 275.908 -17.5835 -11.8709 265.828 2.85441 -39.0618 283.052 40.5244 -16.2804 356.473 44.2312 25.1363 16.734 14.1378 
165.135 172.024 167.354 169.239 167.69 156.41 162.649 164.828 160.905 126 33.551 332.106 68.7964 55.94 297.211 -2.23678 24.8173 274.805 -16.7631 -12.0814 265.025 4.41376 -37.6065 282.959 42.9174 -14.0739 356.337 43.9113 25.8319 17.1717 14.0717 
164.026 172.877 167.305 169.876 175.803 158.799 163.659 165.263 161.285 126.648 37.6763 334.263 66.545 56.6625 296.06 -3.29171 24.2359 273.289 -15.6251 -13.0442 264.211 6.79991 -37.5791 283.421 46.1116 -11.8622 356.51 43.5493 27.021 17.816 14.5824 
159.575 173.576 168.489 171.598 174.27 159.12 164.447 165.991 162.858 128.083 39.4073 335.762 63.7036 56.9497 294.806 -4.53685 23.9785 271.845 -14.82 -13.5357 263.374 8.06894 -36.3032 283.33 47.9788 -9.89603 356.366 43.359 27.2414 17.9089 14.654 
164.6 174.595 170.459 173.809 174.27 153.782 165.601 167.007 164.134 125.036 37.761 336.067 57.879 56.8803 293.534 -6.88877 23.9586 270.519 -14.3012 -12.9744 262.53 9.45213 -32.632 283.875 51.0268 -7.85854 356.065 42.9974 28.2816 17.613 14.2874 
159.954 175.878 171.627 175.304 174.27 148.297 165.923 166.694 164.303 122.653 35.0259 334.997 54.9818 57.3402 292.562 -7.04633 25.1729 270.339 -13.0346 -12.2951 263.061 9.49534 -30.5648 284.887 50.3706 -6.01135 356.096 43.0545 27.1571 17.2015 13.4687 
154.624 176.912 172.519 175.698 174.27 145.75 166.88 167.731 164.277 126.481 32.7241 332.457 54.158 57.4901 292.64 -7.29089 26.355 271.589 -14.2274 -9.01816 262.796 8.24197 -26.9603 283.184 49.016 -5.03641 356.133 43.602 25.1084 16.0534 12.4747 
145.279 177.051 172.922 176.077 174.27 141.981 167.634 168.622 164.497 130.223 33.7814 334.233 55.6242 58.1656 294.414 -7.53254 28.1415 274.495 -15.7843 -6.20554 263.334 6.5739 -23.3629 282.163 47.0194 -4.33189 357.046 44.5266 22.7148 15.687 11.8223 
140.261 176.45 173.573 176.497 174.27 140.549 167.921 170.111 164.226 130.728 34.0976 335.275 55.4629 59.8093 296.7 -7.13922 29.743 277.903 -17.4188 -4.75772 264.184 4.80416 -21.1084 282.368 46.7038 -3.46521 358.017 45.2387 23.3451 16.3073 12.2676 
138.866 176.04 173.277 175.529 174.27 140.461 168.532 170.788 163.552 134.163 34.1399 335.427 53.8456 61.8834 298.182 -6.56436 31.7684 280.318 -18.1821 -2.93867 264.749 3.20503 -19.4765 281.793 44.5825 -2.42003 358.832 45.8169 21.6771 16.445 12.7472 
135.43 176.148 174.169 179.12 174.27 138.268 170.073 172.025 162.882 141.498 33.4937 335.604 52.5297 62.6398 297.744 -8.64069 33.4899 280.313 -18.6397 -0.949362 264.808 2.03926 -17.3207 280.047 40.229 -0.432702 358.87 45.1107 17.3758 15.8268 11.8059 
132.347 176.423 174.889 177.97 174.27 137.678 170.554 173.039 162.071 144.751 35.379 336.467 53.436 63.8764 298.644 -9.86428 35.4261 281.311 -18.7808 2.25361 264.912 0.451534 -15.0014 279.282 37.4212 0.935047 358.425 44.9929 15.3976 14.9257 11.1723 
146.762 176.574 174.253 177.02 176.267 148.908 171.605 173.018 162.431 150.237 45.9853 340.389 47.7242 66.7428 299.236 -9.40132 38.4075 282.164 -18.8833 3.42393 263.702 -0.232325 -14.5583 277.618 35.9175 2.19343 358.549 44.7728 14.0975 16.1687 11.552 
151.504 176.216 174.013 175.732 179.792 153.259 173.223 173.203 163.472 155.986 52.0491 344.853 44.3406 69.2627 299.122 -9.29992 39.7227 282.494 -19.1974 3.31966 262.3 -0.639546 -14.9315 275.605 35.6534 3.28762 358.762 44.6612 13.5772 17.2217 12.8011 
170.058 176.875 174.022 174.854 177.412 158.619 173.774 173.618 163.257 159.025 55.77 345.382 41.3533 70.3905 299.21 -10.524 39.8815 282.815 -19.2386 4.02813 262.017 -1.00026 -15.1987 275.126 34.8645 4.48295 358.883 44.6334 12.9593 17.0061 12.9973 
161.691 175.969 173.08 173.475 173.689 154.723 174.666 172.2 163.347 159.58 53.3898 342.921 44.9239 72.5862 299.063 -8.98828 42.6956 282.492 -18.312 6.26272 263.044 -1.83977 -15.9061 275.482 35.163 5.46947 359.245 44.9591 15.3913 16.3748 12.1677 
144.828 175.019 172.426 171.739 171.348 149.048 174.358 170.921 163.43 162.917 50.8777 342.059 49.0504 75.2119 298.995 -7.77045 45.6365 281.654 -17.5087 9.4013 263.174 -1.977 -16.6449 274.084 34.7869 6.30857 358.548 44.751 17.5202 15.8173 11.7695 
137.037 174.536 171.773 170.98 170.27 147.213 174.673 170.193 164.651 165.792 52.4181 342.917 51.0095 76.9981 298.446 -7.49098 48.3238 280.47 -17.1663 13.418 263.129 -1.24513 -16.2961 272.517 34.6625 7.40706 357.675 44.166 19.1194 14.9789 11.0932 
161.989 172.346 171.245 169.799 171.081 152.965 172.431 169.214 164.944 164.578 60.1863 346.761 45.7198 79.1836 298.105 -6.64271 51.0552 279.262 -16.5219 17.0625 262.888 -0.447067 -16.5574 271.648 35.6442 8.86886 357.141 43.5212 21.6278 14.2736 10.9703 
175.821 171.716 170.836 170.226 171.509 154.07 171.909 169.293 166.599 166.391 62.3085 348.735 45.2211 79.4441 298.053 -5.65531 52.7471 278.685 -15.8673 19.4477 264.121 -0.496213 -16.0514 272.43 34.0902 10.1846 357.843 43.5799 21.8128 13.2232 9.89649 
178.451 171.243 170.424 169.991 171.181 154.191 171.434 169.281 167.461 167.414 62.837 349.228 45.7208 79.9532 298.899 -5.44732 54.5375 278.979 -15.6179 21.851 265.457 -0.402119 -14.7395 272.801 33.2142 11.4133 358.451 43.7342 22.023 12.6447 8.97543 
170.402 170.259 170.398 167.49 170.015 147.554 168.657 168.31 166.907 165.164 62.2924 348.289 45.7636 81.423 299.362 -6.23158 57.2611 279.582 -16.1608 25.4252 266.316 -0.498918 -12.1793 273.426 33.5348 12.9783 358.186 43.2036 23.2944 12.2931 8.13243 
172.522 169.588 170.264 166.476 171.269 145.863 166.719 167.357 166.327 164.244 63.9667 349.08 43.7877 83.026 299.801 -6.57284 59.2676 279.418 -16.2394 27.8133 266.146 -0.182795 -10.8708 272.888 33.6634 14.274 357.669 42.8801 23.9503 12.1833 8.06986 
175.822 168.872 169.264 164.89 171.503 143.56 164.555 165.951 165.426 161.188 63.3283 348.065 43.8644 84.5281 300.202 -6.67547 60.806 279.224 -16.3493 29.2788 266.399 -0.592733 -9.30806 273.275 33.4358 15.5577 357.282 42.4958 24.3843 12.0249 8.19861 
173.486 169.511 170.033 166.031 172.586 146.208 164.339 166.363 166.815 161.528 61.2082 346.606 39.5731 84.7089 299.255 -6.86979 61.5653 279.251 -16.7195 30.0945 266.601 -0.62982 -7.41584 273.991 30.3798 16.7608 357.496 42.277 21.3856 12.0946 7.5701 
177.569 169.823 171.369 167.23 172.266 145.781 163.729 167.021 168.217 162.284 59.654 345.098 39.4807 84.4144 299.196 -7.22402 62.2462 279.775 -17.2904 30.4832 266.509 -0.928982 -5.1588 274.671 27.7858 17.7534 357.626 42.3398 18.5013 12.7128 6.6632 
177.69 170.173 172.211 168.186 172.609 145.71 162.978 167.398 169.113 163.087 59.7349 343.958 40.6685 84.4279 299.455 -7.30285 63.0928 280.64 -17.5932 30.5306 265.837 -0.546802 -3.30901 275.064 25.9586 18.377 357.501 42.5155 15.8246 14.0488 5.93229 
171.458 170.479 172.953 168.893 172.108 149.261 162.662 168.05 169.614 164.775 63.0895 344.603 40.6977 84.386 298.98 -7.03505 63.7391 280.811 -17.9514 30.5213 264.588 -0.0796587 -2.48378 274.055 25.17 19.1164 357.1 42.5066 14.5597 15.2705 5.43041 
135.752 170.552 171.092 164.953 174.902 138.21 162.779 168.476 169.131 167.447 61.8695 345.43 46.6139 83.5131 298.177 -7.0369 64.7157 282.417 -18.3427 30.6808 265.019 -0.920568 -5.47669 272.167 25.6706 20.1899 357.21 43.0906 17.945 16.0182 4.01123 
118.838 170.463 171.325 163.435 169.433 134.652 163.213 170.297 169.229 172.553 59.7061 346.537 49.6088 83.739 299.194 -5.41761 64.8991 284.564 -18.2986 30.1989 266.439 -1.21546 -7.6817 272.099 26.0937 20.9369 358.989 44.2071 19.3882 16.5596 4.53215 
124.695 170.163 172.561 165.982 169.129 131.128 163.826 171.813 169.235 175.553 59.5067 347.003 49.5313 84.4802 300.084 -3.8738 65.4155 287.102 -17.8281 29.6717 266.932 -1.31976 -10.8691 272.091 28.9406 21.4825 361.024 45.3089 21.8442 17.4393 5.47644 
141.85 171.906 173.224 166.476 170.584 113.951 163.364 172.614 170.3 176.201 56.8847 347.272 55.6218 93.6741 304.96 -4.87939 67.1556 290.902 -18.4195 33.3709 269.861 -2.94341 -7.49026 272.568 28.4319 22.3858 363.169 45.0168 21.9212 15.5921 10.6016 
148.988 171.747 173.507 164.531 168.893 109.693 165.425 173.018 170.096 173.918 51.4559 346.481 61.0081 98.0712 308.395 -5.26871 68.4352 294.603 -18.2059 36.2276 272.62 -3.92356 -4.61108 275.089 26.2801 23.0768 365.654 45.6389 20.7806 14.473 12.6242 
133.374 171.224 172.867 163.558 165.785 110.891 165.109 171.962 167.459 168.739 43.5263 345.266 70.0455 101.457 311.531 -3.87957 70.4556 297.711 -16.6589 38.1352 277.624 -5.50455 -2.2838 280.932 22.6445 23.7679 368.105 46.9949 19.8752 13.1782 12.7287 
135.114 171.651 173.683 165.535 162.798 114.758 166.274 172.282 169.234 161.216 31.3681 342.745 73.5158 104.061 316.23 -1.69071 73.0952 301.004 -15.5162 42.9604 283.652 -7.65592 2.5032 288.696 17.8819 24.0388 371.408 48.607 17.5868 10.2938 12.6358 
143.612 169.765 173.367 172.569 178.328 117.715 167.072 172.034 171.041 149.021 22.1435 343.173 65.1142 104.728 319.33 0.910011 77.7479 302.533 -15.1349 46.1214 287.551 -9.03253 9.80422 297.629 14.1451 24.4296 374.386 49.1588 11.2789 9.75704 10.9757 
163.409 168.823 174.525 176.766 174.27 134.551 166.194 173.768 173.851 146.719 20.2757 341.112 52.8565 102.398 314.946 6.77679 78.8099 300.967 -12.4698 47.9492 291.842 -11.2728 14.7645 306.005 12.6678 23.9541 376.39 49.7698 8.05285 7.31702 8.77529 
145.623 168.244 175.49 177.731 174.27 159.98 166.609 175.293 175.964 146.242 28.8143 341.589 47.9803 97.4098 310.083 10.1879 77.2852 298.848 -11.5815 48.1866 297.963 -13.776 19.3633 316.3 10.2693 23.0963 377.89 50.1248 9.87765 4.69469 6.73726 
145.623 168.596 176.396 178.525 174.27 173.298 171.836 177.068 177.126 101.894 31.1671 336.779 54.9275 82.9245 306.668 3.95455 70.7949 298.536 -17.0781 44.0971 309.867 -22.7831 8.80263 332.487 21.6593 21.3355 380.742 48.8492 37.771 3.74962 2.53544 
173.619 169.46 175.073 177.112 174.27 158.51 173.538 175.985 176.29 145.079 21.046 331.136 46.2791 73.0921 307.44 -5.1084 65.1875 303 -22.6089 43.0439 320.001 -29.3682 16.8347 339.998 -5.19534 20.9716 382.86 46.803 17.3882 2.98898 4.73208 
167.281 172.726 175.042 176.367 174.27 152.853 176.416 175.461 174.481 151.004 17.8068 329.444 42.4727 69.1892 309.427 -10.7858 63.4622 307.006 -27.1406 43.9105 327.23 -33.2124 20.864 352.217 -18.8818 21.2968 384.145 45.8431 6.1262 2.715 5.90036 
161.394 177.183 175.198 175.259 166.951 147.151 178.463 174.749 172.547 150.389 13.5949 327.681 40.6219 70.2178 310.473 -13.3544 64.9137 309.413 -29.5853 48.081 332.725 -35.4983 24.7226 359.745 -25.288 22.4798 385.25 44.64 1.90276 2.63695 6.07835 
160.822 179.162 175.997 173.875 162.022 146.445 179.568 174.55 171.649 159.704 8.72588 325.668 36.4108 72.7149 309.295 -14.0596 69.4722 311.422 -30.4535 56.1913 338.407 -36.7323 34.1057 371.438 -33.5617 23.643 385.872 43.3246 7.29456 3.85421 5.02515 
163.837 175.989 176.108 174.055 171.052 150.494 178.584 174.118 172.702 165.193 6.46468 323.895 35.3378 71.5526 307.915 -11.5391 72.3209 310.139 -27.8479 61.6416 337.512 -34.4118 41.3649 372.604 -33.6736 23.7188 385.871 43.0156 9.02743 4.17069 4.89226 
