161.142 146.514 164.669 162.742 156.243 166.371 168.395 146.427 159.702 156.204 -305.651 356.155 -5.31361 -285.531 302.058 -59.034 -252.643 302.416 -75.5396 -223.686 292.456 -73.7034 -193.958 308.308 -56.0886 -235.954 338.093 14.1738 9.87871 10.9938 13.8079 
159.047 142.693 166.115 163.607 158.241 167.341 163.895 144.882 159.584 153.981 -307.486 353.668 -3.72185 -288.327 302.813 -58.1148 -255.416 302.422 -74.9443 -225.58 291.825 -74.3475 -197.285 310.325 -57.2208 -238.109 337.696 13.6987 9.42284 11.7763 13.877 
155.752 147.812 160.495 162.805 162.549 166.635 155.207 140.375 159.111 153.16 -308.032 351.682 -3.6086 -291.041 304.302 -58.4 -257.518 306.173 -75.399 -227.471 291.636 -75.8325 -199.443 310.089 -58.9982 -240.084 337.074 12.9022 9.25829 14.2873 15.216 
155.394 150.578 175.827 162.161 165.189 167.025 151.046 142.703 159.291 155.585 -310.728 351.691 -3.63201 -293.158 305.421 -58.8444 -261.581 306.595 -76.3374 -230.449 291.052 -76.8025 -201.042 308.424 -60.2 -242.213 336.623 12.372 9.88821 15.4446 13.6095 
156.66 148.378 180 162.387 165.76 167.997 145.367 138.281 159.31 155.335 -313.014 349.377 -3.88574 -294.14 306.637 -59.1944 -263.507 309.371 -76.2196 -231.304 289.812 -77.9531 -202.066 307.592 -61.2306 -243.419 335.107 11.4586 9.93878 18.6653 13.4335 
155.755 149.367 180 161.913 166.163 168.432 144.901 136.896 159.152 156.007 -313.463 347.406 -4.48448 -295.813 306.37 -59.9982 -264.967 311.59 -75.6641 -233.22 289.068 -78.7003 -203.374 305.837 -61.8677 -244.751 334.107 10.966 10.1256 20.5036 14.282 
156.542 160.468 180 163.701 167.4 168.783 144.043 151.271 160.24 158.02 -316.976 347.669 -5.03119 -298.851 305.298 -60.7275 -268.41 307.252 -77.139 -235.476 287.9 -78.7928 -203.672 304.293 -61.791 -246.751 333.697 10.6324 11.7368 18.7473 12.7271 
158.661 151.626 180 163.731 165.107 170.749 142.21 159.951 160.14 157.423 -319.588 345.321 -4.61174 -301.278 306.681 -60.1487 -270.398 304.075 -77.1122 -236.522 286.18 -79.128 -205.082 303.362 -62.4843 -247.893 332.38 9.91248 11.5661 18.2786 12.3194 
158.638 179.895 171.372 163.109 164.497 170.425 139.289 164.002 158.779 156.155 -321.476 344.582 -4.73186 -304.366 307.074 -60.4815 -273.398 303.643 -77.096 -238.481 285.286 -79.7994 -206.378 301.866 -63.3483 -249.053 330.789 9.15527 11.9975 19.1154 12.4263 
159.302 177.397 180 163.972 165.765 171.162 139.25 172.989 159.034 156.98 -323.578 344.806 -4.37865 -306.679 306.893 -60.6844 -276.595 301.958 -77.6161 -241.061 284.106 -80.1168 -207.863 300.307 -64.0044 -250.563 329.8 8.80615 12.6981 19.0542 11.8915 
161.702 174.27 180 159.978 159.755 171.099 131.838 176.252 157.882 155.659 -326.073 341.424 -4.47538 -308.579 310.957 -58.854 -279.958 302.075 -81.3126 -243.166 282.734 -81.8687 -208.887 298.369 -65.8871 -250.983 327.087 7.73228 13.2875 20.4712 13.1643 
160.21 174.27 180 155.801 154.963 169.327 137.046 154.81 156.66 153.749 -326.688 338.724 -4.37641 -309.947 308.564 -60.8238 -284.294 309.379 -81.4602 -245.163 281.755 -82.6973 -210.903 295.911 -66.1262 -251.4 324.953 6.80735 12.9404 26.5141 10.5214 
159.57 157.936 180 152.004 154.628 167.596 137.617 138.168 156.989 154.856 -326.457 336.923 -5.80167 -310.149 309.023 -61.3108 -287.606 315.845 -79.3766 -247.247 279.451 -83.0845 -212.617 292.54 -66.8664 -251.933 322.976 6.04777 12.9065 33.0449 10.3785 
158.579 167.778 180 154.982 156.371 167.243 144.264 134.416 157.982 156.501 -326.072 334.649 -7.34653 -311.105 304.953 -62.0415 -290.398 316.755 -79.239 -247.795 276.484 -83.5845 -213.841 288.905 -67.2119 -252.41 320.894 5.41215 12.2208 36.4725 12.6716 
157.92 170.264 180 151.946 158.88 167.007 144.54 127.062 157.172 158.077 -326.26 331.798 -8.62067 -310.996 303.597 -62.7101 -291.22 316.347 -77.7794 -248.281 274.368 -83.9892 -214.592 284.826 -67.9092 -252.539 318.512 4.44196 12.1104 38.421 12.478 
159.478 174.27 180 144.252 162.552 166.212 135.835 117.293 156.693 161.067 -326.682 328.908 -9.1946 -310.397 304.487 -63.5847 -292.299 315.69 -75.5295 -249.26 270.635 -84.3307 -214.855 279.413 -68.5094 -253.105 315.945 3.08963 13.4071 41.848 10.6448 
163.875 174.27 180 150.723 163.197 168.851 132.722 113.009 157.73 160.7 -329.434 325.255 -9.00641 -309.267 304.426 -65.2958 -291.924 314.344 -75.0162 -248.639 267.18 -86.3232 -215.104 277.109 -70.1996 -253.458 313.318 1.40289 12.5779 44.0145 9.36005 
163.632 174.27 180 152.568 162.905 167.303 138.413 99.5086 156.306 160.374 -330.67 319.721 -11.2232 -307.787 300.115 -72.8928 -288.473 312.993 -72.9358 -250.848 262.472 -90.5501 -217.201 272.126 -74.4059 -255.352 308.134 -2.1876 13.1895 47.4429 13.5153 
164.331 174.27 180 155.098 164.946 166.913 140.067 91.7148 157.477 162.229 -331.771 316.591 -14.0472 -309.503 300.125 -73.1295 -287.955 309.508 -70.4926 -253.479 260.037 -92.0379 -220.059 268.022 -76.3615 -255.758 305.321 -4.00476 12.9409 47.5135 10.8013 
164.801 174.27 180 151.288 164.32 165.453 135.821 86.768 157.32 162.898 -332.659 313.635 -15.2448 -310.391 301.923 -74.1657 -286.625 309.573 -69.7068 -254.02 257.797 -93.2872 -220.508 265.613 -77.6292 -256.961 303.397 -5.8984 13.5608 50.471 10.3916 
166.236 174.27 180 149.536 165.068 166.58 136.045 87.7548 157.891 162.424 -336.382 311.257 -12.471 -311.849 304.663 -74.8814 -291.94 303.76 -71.1055 -256.083 257.529 -95.416 -222.345 265.021 -80.7493 -257.605 301.496 -7.68933 13.3009 46.5278 4.36933 
167.552 174.27 180 150.182 168.267 166.472 138.353 84.3324 160.528 165.505 -338.006 308.306 -13.3875 -313.438 304.953 -77.1775 -293.369 302.485 -70.7116 -257.306 254.305 -97.2256 -222.394 260.916 -82.258 -258.421 299.914 -9.52784 14.319 48.658 5.31317 
166.736 174.27 180 160.191 170.262 164.022 143.973 80.0598 162.954 167.176 -338.617 307.032 -15.3879 -315.319 304.302 -81.04 -293.618 302.364 -69.6782 -256.204 250.619 -100.201 -222.169 258.528 -84.0531 -258.95 298.585 -11.1611 13.317 52.5017 6.97517 
165.931 174.27 180 163.104 170.454 163.189 147.682 80.6483 163.978 166.853 -339.625 305.265 -15.4473 -316.638 302.831 -83.5836 -294.619 300.33 -72.377 -255.812 248.528 -103.026 -222.094 257.865 -86.9898 -259.139 296.97 -13.06 12.4361 52.0644 6.39657 
165.787 174.27 180 165.52 170.42 164.454 152.989 82.2647 164.914 166.477 -340.843 304.617 -16.4477 -319.507 296.753 -84.9641 -296.5 300.802 -73.9792 -257.324 246.79 -105.29 -223.718 257.53 -90.1581 -259.854 295.448 -15.0725 11.6349 53.9269 9.69473 
166.545 174.27 180 164.432 171.248 165.923 148.384 86.7283 166.673 167.987 -341.669 304.683 -18.0596 -320.656 297.376 -85.6018 -298.923 301.284 -77.505 -257.81 244.402 -106.676 -223.843 256.501 -92.4207 -260.929 294.331 -16.9065 11.8858 55.7599 9.09465 
168.369 174.27 180 163.842 171.648 166.923 148.546 91.0404 168.602 168.576 -342.584 308.196 -19.3364 -322.513 295.305 -86.9535 -300.713 301.563 -80.0175 -257.752 242.614 -108.176 -223.698 256.066 -94.4258 -261.442 293.132 -18.1407 11.8914 56.9701 10.5165 
168.111 174.27 180 163.464 171.769 167.837 150.029 95.2291 168.742 167.914 -342.993 310.21 -19.3891 -324.376 290.5 -88.3111 -301.003 303.067 -82.2216 -257.518 242.391 -109.42 -223.965 255.891 -96.0725 -261.629 292.16 -19.061 11.4571 57.6636 15.2962 
168.419 174.27 180 165.875 170.944 169.051 150.059 98.9281 168.336 166.659 -343.392 310.538 -19.9216 -326.196 286.913 -88.5902 -299.775 304.412 -84.7803 -258.228 242.444 -110.849 -224.781 255.196 -98.0643 -261.747 290.973 -20.3036 11.1827 57.3958 19.3591 
168.406 174.27 180 166.12 169.625 169.906 148.626 109.27 166.832 165.668 -344.163 310.638 -19.4643 -328.221 285.771 -88.1688 -301.025 300.217 -92.1395 -259.119 242.737 -112.4 -225.902 254.616 -100.141 -262.263 290.187 -21.5856 10.8957 51.3714 15.7652 
168.938 174.27 180 165.802 168.433 173.801 146.989 117.604 166.114 166.071 -344.85 311.327 -19.7529 -329.881 287.638 -87.8301 -304.646 303.797 -94.0946 -262.281 243.097 -114.325 -228.028 254.337 -102.267 -263.134 289.689 -22.63 11.4159 53.0312 16.0563 
169.678 174.27 180 164.5 167.19 176.089 147.144 121.184 164.553 165.655 -345.322 312.004 -20.6807 -330.745 289.656 -88.6287 -306.091 309.164 -93.528 -265.793 244.095 -115.781 -229.799 254.129 -103.904 -263.964 289.509 -23.5878 12.4352 55.7718 18.4464 
170.338 174.27 180 163.453 166.73 177.708 148.847 119.639 163.21 165.622 -345.357 312.961 -22.4635 -330.726 291.175 -90.1015 -305.489 319.962 -87.8903 -268.208 244.744 -116.471 -230.753 253.167 -104.539 -264.477 289.553 -24.1916 13.3521 64.288 26.9042 
170.507 174.27 180 162.508 166.371 178.048 149.392 111.802 162.195 165.493 -345.29 314.6 -23.6271 -329.586 293.436 -91.5763 -302.966 330.966 -76.1817 -269.382 244.622 -117.361 -230.914 252.229 -104.378 -264.665 289.404 -24.9091 14.0887 77.1596 38.0578 
170.14 174.27 179.918 162.015 166.035 178.069 148.645 110.943 161.65 165.424 -345.523 315.384 -25.4555 -328.588 294.525 -91.6604 -299.423 340.772 -64.6389 -269.745 244.413 -118.379 -231.06 251.428 -104.397 -264.847 289.067 -25.7151 14.308 89.4832 49.1749 
169.241 174.27 179.874 161.59 165.944 178.054 148.176 110.315 161.363 165.564 -345.48 316.29 -27.2545 -327.137 295.521 -91.2768 -299.112 341.312 -63.6482 -269.453 244.177 -119.081 -230.813 250.698 -104.241 -264.846 288.679 -26.2151 14.3829 90.7848 48.9554 
167.559 174.27 179.996 161.202 166.041 178.038 148.997 106.007 161.316 165.851 -345.389 316.808 -29.2518 -325.649 296.199 -91.6416 -299.838 338.398 -63.34 -268.906 243.797 -119.756 -230.521 249.979 -104.278 -264.985 288.305 -26.7917 14.3508 90.7807 47.4104 
165.136 174.27 180 160.701 166.022 177.421 146.757 95.2193 161.248 165.923 -345.145 317.233 -30.8696 -322.546 297.481 -91.7829 -299.888 331.638 -61.0787 -268.13 243.483 -120.288 -230.007 249.422 -104.48 -265.034 287.838 -27.3553 14.336 91.1306 45.6991 
162.983 174.27 180 160.976 166.185 176.457 145.493 98.9009 161.399 165.954 -345.517 317.334 -31.5046 -320.653 298.345 -92.4918 -302.191 329.296 -70.2458 -267.169 242.886 -120.821 -229.684 248.995 -104.726 -265.234 287.554 -27.8862 13.9417 84.1317 37.393 
161.829 174.27 179.993 161.179 166.475 175.403 139.934 105.319 161.576 166.115 -346.028 317.312 -31.7415 -316.997 299.822 -92.5349 -304.521 326.101 -81.1637 -266.457 242.188 -121.261 -229.162 248.486 -105.022 -265.322 287.284 -28.3504 13.8125 75.9817 27.7251 
161.388 174.27 180 160.943 166.584 174.343 137.76 104.488 161.565 166.172 -346.196 317.191 -32.2401 -314.624 298.177 -93.3734 -305.42 321.02 -85.5273 -265.895 241.635 -121.59 -228.63 247.936 -105.282 -265.283 286.882 -28.8279 13.8454 71.4127 24.7121 
161.31 174.27 180 160.505 166.688 174.125 140.666 102.643 161.369 166.265 -346.337 316.633 -32.9064 -313.458 293.261 -94.8716 -306.068 316.284 -88.0708 -265.416 241.365 -121.728 -228.228 247.413 -105.338 -265.266 286.579 -29.1814 13.9142 67.8119 25.5326 
162.9 174.27 180 160.751 167.074 174.144 135.288 94.459 161.513 166.576 -346.258 315.959 -33.4766 -317.191 295.355 -90.1737 -304.143 317.918 -79.7899 -264.93 240.593 -121.923 -227.832 246.712 -105.39 -265.172 286.071 -29.3341 13.8821 74.6396 27.0411 
165.906 104.592 180 160.83 167.54 174.614 138.028 96.0268 161.685 166.999 -345.967 315.472 -34.1886 -317.532 295.008 -85.7869 -303.887 317.332 -81.7309 -264.553 239.902 -122.105 -227.359 246.097 -105.597 -264.869 285.451 -29.5519 13.9725 73.5935 23.0239 
170.068 90 180 160.839 167.866 174.783 139.284 96.7225 161.769 167.309 -345.66 315.192 -35.3931 -314.953 294.592 -86.5365 -304.266 315.778 -83.6427 -264.233 239.297 -122.302 -226.985 245.497 -105.855 -264.692 285.101 -29.9265 14.0371 72.1102 22.096 
178.579 92.8288 180 162.221 167.97 176.216 118.906 98.6946 162.598 167.352 -345.918 314.658 -36.8534 -314.046 296.705 -82.2881 -305.308 313.832 -86.2496 -262.963 237.344 -121.451 -226.473 243.9 -105.067 -264.483 285.104 -30.0484 13.4643 70.8722 15.8219 
169.162 99.1486 180 162.613 167.899 173.078 111.604 100.756 162.65 167.214 -346.435 314.303 -37.1009 -311.618 297.741 -82.1893 -306.012 310.855 -89.9159 -261.527 236.206 -120.58 -225.887 242.793 -104.391 -264.205 285.027 -30.1686 12.934 68.1552 12.7955 
159.817 107.428 180 162.232 167.796 169.93 106.611 103.213 162.204 166.953 -345.955 313.786 -37.6937 -310.011 298.506 -82.5308 -306.506 306.865 -94.4638 -260.127 235.46 -119.831 -225.307 242.03 -103.943 -263.922 284.918 -30.388 12.4426 64.3537 10.6094 
151.758 107.167 180 161.172 167.692 167.481 108.317 106.853 161.681 166.789 -344.76 313.097 -38.5153 -311.661 297.001 -83.7139 -306.04 302.602 -99.5194 -259.099 235.517 -119.295 -224.721 241.357 -103.509 -263.565 284.766 -30.4802 12.3596 59.444 6.95197 
146.037 111.407 180 160.013 167.831 165.722 104.976 110.829 161.369 166.847 -343.356 312.653 -39.7219 -311.298 295.923 -84.4682 -304.99 298.485 -104.007 -258.17 235.712 -118.97 -224.256 240.82 -103.207 -263.147 284.623 -30.6269 12.2839 54.8589 5.84841 
141.687 117.209 180 158.927 167.979 164.709 100.947 114.091 161.111 166.886 -341.916 312.03 -40.9844 -311.155 294.265 -85.3561 -302.914 294.316 -107.769 -257.342 236.036 -118.742 -223.91 240.458 -102.973 -262.753 284.534 -30.7733 12.1944 50.3516 5.18696 
149.126 127.651 180 158.429 168.077 167.747 97.2527 114.928 160.952 166.841 -340.314 320.48 -46.7679 -311.798 291.464 -87.3669 -298.842 291.018 -109.917 -256.53 236.237 -118.538 -223.609 240.232 -102.723 -262.405 284.556 -30.9736 12.0341 46.7137 3.23272 
149.918 129.986 180 158.186 168.336 168.759 97.0265 116.306 160.953 167.01 -339.179 320.148 -48.9121 -312.201 288.449 -89.1587 -295.316 287.593 -111.679 -255.885 236.594 -118.383 -223.366 240.187 -102.501 -262.28 284.699 -31.0129 11.9665 42.9939 4.59683 
150.694 129.444 180 158.031 168.455 169.383 99.8119 119.36 161.036 167.074 -338.034 320.08 -50.878 -312.699 285.176 -91.3387 -291.43 283.556 -113.664 -255.453 236.925 -118.388 -223.181 240.189 -102.365 -262.062 284.713 -31.0478 11.9689 38.5959 7.52469 
151.101 125.106 180 158.081 168.677 170.005 105.084 121.742 161.207 167.262 -337.254 320.079 -52.0508 -313.11 281.508 -93.6128 -286.783 280.175 -114.372 -254.921 237.047 -118.351 -222.979 240.205 -102.258 -261.905 284.762 -30.9985 11.8457 34.9959 10.82 
149.596 113.184 180 160.777 168.92 171.072 111.174 123.633 162.179 166.731 -337.786 319.489 -51.2253 -313.138 276.534 -95.1337 -285.127 275.72 -114 -254.41 236.938 -118.431 -223.18 240.806 -102.515 -261.812 284.832 -31.2968 11.1768 31.4685 11.9228 
147.728 102.871 180 164.394 168.265 170.972 120.195 121.843 163.993 165.543 -338.474 320.572 -50.0654 -313.416 272.15 -96.5653 -280.417 271.845 -113.875 -253.51 236.318 -117.89 -223.122 241.863 -102.551 -261.752 284.998 -31.5589 10.1141 28.4058 15.648 
145.623 96.837 180 167.762 168.619 171.323 133.019 121.205 165.099 165.34 -338.838 319.434 -49.451 -313.462 266.03 -98.5295 -281.096 273.105 -113.648 -253.08 235.91 -118.06 -223.245 242.102 -102.704 -261.635 284.997 -31.893 9.6263 30.0672 17.4538 
145.623 103.717 180 170.121 168.807 172.644 148.437 138.616 165.845 165.122 -339.246 317.199 -49.0611 -313.848 258.822 -101.556 -286.428 268.682 -115.895 -252.71 235.438 -118.232 -223.344 242.213 -102.679 -261.592 285.009 -32.1708 9.2321 28.0404 15.9984 
145.623 140.402 180 171.61 168.844 174.936 165.543 147.895 166.305 164.779 -339.759 314.484 -48.539 -315.166 248.315 -105.312 -285.947 266.354 -118.124 -252.402 234.995 -118.561 -223.416 242.463 -102.758 -261.559 285.018 -32.5288 8.85973 26.5528 21.3249 
154.307 154.646 180 172.769 169.056 177.845 171.131 149.423 166.997 164.793 -340.471 310.402 -48.5362 -315.767 244.055 -105.666 -285.3 267.828 -119.095 -252.109 234.225 -118.735 -223.452 242.546 -102.8 -261.602 285.064 -32.8021 8.45388 28.1025 25.5985 
177.155 162.651 180 173.469 169.186 172.779 173.906 144.251 167.552 164.864 -339.641 309.53 -50.8773 -316.071 242.034 -105.616 -285.552 272.081 -119.457 -251.907 233.625 -118.945 -223.515 242.756 -102.775 -261.765 285.277 -33.0532 8.12688 31.7775 30.1436 
168.14 166.701 180 173.866 169.276 169.235 175.322 138.561 167.995 164.9 -338.615 310.317 -52.3812 -316.226 241.352 -105.759 -286.147 275.388 -119.085 -251.781 233.329 -119.388 -223.429 243.06 -102.909 -261.921 285.416 -33.3096 8.01479 34.5824 32.9498 
156.86 166.72 180 173.974 169.1 166.011 175.33 133.23 168.14 164.74 -337.273 310.685 -53.2366 -316.37 241.195 -105.91 -286.672 277.806 -118.408 -251.652 233.104 -119.965 -223.153 243.262 -103.165 -261.956 285.374 -33.6601 8.09658 36.7568 34.8952 
146.868 163.775 180 174.394 169.002 163.414 174.302 126.197 168.577 164.796 -335.841 310.809 -53.7276 -316.492 242.44 -106.302 -286.179 280.529 -116.994 -251.548 232.862 -120.769 -222.866 243.486 -103.628 -261.961 285.35 -34.0822 8.18046 39.0784 36.4088 
139.845 160.975 180 175.507 168.875 161.694 173.328 115.549 169.388 164.902 -334.688 311.243 -53.9374 -316.416 243.873 -106.764 -284.417 285.255 -113.74 -251.411 232.37 -121.469 -222.624 243.71 -104.003 -261.915 285.346 -34.4118 8.15139 43.4306 39.941 
134.062 155.808 180 176.074 168.635 160.167 171.542 110.698 169.564 164.914 -333.298 311.766 -54.2438 -316.203 247.085 -107.457 -284.225 285.618 -112.696 -251.407 232.416 -122.036 -222.365 244.232 -104.395 -261.914 285.497 -34.7671 8.29311 43.9135 38.0883 
131.075 150.732 180 176.358 168.37 159.485 168.493 111.693 169.518 164.87 -332.215 312.621 -54.4381 -315.714 251.113 -108.604 -284.265 284.733 -114.247 -251.402 232.943 -122.751 -221.976 245.061 -105.016 -261.745 285.668 -35.144 8.53205 42.4746 33.9749 
130.535 150.335 180 175.928 168.287 159.792 168.304 116.156 169.172 165.017 -331.42 313.334 -54.6887 -314.657 255.04 -110.221 -283.664 281.016 -117.292 -251.611 233.973 -123.754 -221.752 246.266 -105.986 -261.611 285.895 -35.6033 8.81922 38.0117 27.3206 
130.45 152.948 180 175.17 168.048 161.117 170.539 119.295 168.471 164.844 -330.542 314.041 -55.2509 -314.028 258.453 -111.941 -277.807 274.128 -120.416 -251.686 235.25 -124.94 -221.365 247.553 -106.964 -261.399 286.164 -36.1991 9.19027 30.1578 21.5732 
134.845 175.687 180 174.496 168.478 162.368 177.191 134.406 168.529 165.527 -329.262 315.696 -57.1773 -316.529 259.417 -113.223 -280.328 267.216 -124.862 -251.622 236.615 -126.643 -220.658 249.194 -108.354 -261.163 286.625 -36.8591 9.66884 23.7885 17.134 
137.786 174.27 160.994 173.43 168.747 164.061 177.981 141.593 168.039 165.915 -328.28 318.548 -58.78 -314.981 259.847 -115.532 -282.853 267.337 -125.804 -250.489 238.649 -128.474 -218.975 251.263 -109.849 -260.7 287.011 -37.5856 10.2189 23.2048 13.964 
137.505 174.27 173.28 172.553 169.731 165.831 178.862 144.067 167.624 166.797 -328.008 321.923 -59.061 -313.145 263.147 -118.528 -286.741 269.558 -126.669 -248.881 241.26 -130.572 -217.215 253.734 -111.586 -260.347 287.666 -38.5212 10.511 24.7648 9.84307 
126.017 174.27 173.973 174.284 168.154 160.479 157.827 60.8287 171.737 166.604 -322.38 336.848 -55.5681 -305.744 282.974 -122.65 -270.563 300.126 -90.8289 -245.132 242.194 -131.331 -215.962 257.315 -112.547 -259.835 288.514 -38.6695 9.04693 62.543 32.2494 
120.646 174.27 180 173.134 170.09 149.022 158.31 66.9663 172.173 168.012 -314.432 346.65 -57.4343 -306.981 282.579 -123.493 -265.269 311.759 -86.1251 -241.045 243.961 -133.521 -213.102 259.876 -114.435 -259.135 289.164 -39.4998 8.5399 76.4567 48.7207 
131.356 174.27 180 174.725 171.233 144.547 154.989 71.0573 174.694 169.228 -309.25 354.558 -61.1259 -306.907 284.022 -124.142 -262.515 316.891 -86.4016 -237.596 244.804 -135.402 -210.64 262.734 -116.294 -258.484 290.158 -40.7802 8.43741 80.6889 52.6714 
142.803 174.27 165.22 174.585 168.927 144.194 146.043 71.5045 174.944 170.355 -308.29 350.761 -68.9456 -305.84 288.671 -123.321 -260.223 324.267 -80.2186 -232.768 252.614 -138.005 -202.721 267.892 -117.594 -256.628 291.719 -42.3743 10.91 88.6542 61.9239 
145.076 162.934 147.262 172.095 170.034 139.022 139.367 74.4643 175.255 172.067 -305.479 345.552 -71.3698 -303.624 286.655 -123.685 -257.971 329.359 -75.7349 -228.532 257.079 -138.107 -198.878 270.324 -117.214 -255.586 292.586 -42.9114 10.8543 94.0902 73.6372 
142.453 142.139 138.368 169.883 172.313 136.972 132.096 80.0998 175.611 173.715 -302.804 344.149 -70.7282 -298.555 283.933 -124.491 -254.973 333.816 -73.2858 -223.588 259.517 -137.822 -195.159 271.589 -116.449 -254.198 292.903 -42.915 10.2279 96.2705 81.6457 
136.641 134.231 128.71 171.262 173.281 133.659 138.966 81.5202 176.868 174.769 -300.214 343.356 -68.3548 -296.374 280.957 -126.827 -252.252 333.963 -74.7655 -220.395 261.515 -137.043 -191.951 271.731 -115.103 -252.807 292.896 -42.6245 10.3464 93.0129 83.7584 
134.091 141.243 123.527 171.975 173.745 133.411 146.919 81.3567 177.165 174.787 -298.719 342.779 -67.3881 -294.183 278.275 -130.09 -250.322 333.905 -73.8752 -218.871 263.288 -136.351 -190.069 272.106 -113.448 -251.756 292.856 -42.1344 10.8716 92.1871 86.6761 
138.051 149.796 121.602 172.126 174.209 140.742 153.356 80.4196 176.847 174.447 -302.439 343.274 -67.6353 -291.957 275.739 -132.806 -249.261 333.786 -72.5081 -217.592 265.022 -136.397 -188.926 273.776 -112.687 -250.928 292.812 -41.9435 11.0989 92.5104 89.6478 
143.234 155.311 124.352 173.27 174.436 149.295 157.639 80.5726 176.93 173.843 -306.242 342.206 -68.9741 -289.799 274.853 -134.932 -248.25 335.033 -69.8165 -216.423 266.705 -136.305 -188.243 275.211 -112.095 -250.251 292.917 -41.8606 10.9555 94.5917 93.3292 
145.259 157.763 125.93 175.16 173.883 155.348 159.999 82.1342 176.566 172.854 -308.962 341.798 -68.6852 -288.556 275.733 -136.545 -247.359 336.926 -68.0759 -216.489 268.925 -136.616 -187.563 276.563 -111.548 -249.81 293.159 -41.9112 11.7222 95.6308 95.2451 
140.578 158.224 125.849 175.311 172.915 160.783 161.117 84.0138 175.373 172.052 -310.57 340.155 -67.1904 -287.389 277.214 -137.771 -246.683 338.368 -66.6251 -216.243 270.914 -136.217 -186.647 277.245 -111.041 -249.352 293.107 -41.8958 12.3054 96.107 96.0967 
132.069 157.986 120.248 174.04 172.861 169.566 161.07 87.6426 175.815 172.749 -312.484 339.729 -64.5341 -286.252 279.849 -137.928 -245.862 340.3 -64.8555 -214.862 272.29 -136.131 -185.51 277.533 -110.501 -249.324 293.7 -41.7428 12.3156 96.7981 96.8035 
129.511 158.691 117.32 174.761 172.974 177.109 161.638 89.3307 175.919 173.426 -313.624 340.573 -63.2089 -285.128 281.703 -137.876 -245.741 341.281 -64.6967 -214.081 273.542 -136.287 -184.704 277.661 -110.247 -249.327 294.263 -41.7913 12.5271 96.2719 96.3347 
134.147 160.25 113.041 175.389 173.098 179.258 163.045 90.5293 175.694 173.987 -312.259 343.038 -63.7025 -284.22 282.696 -137.824 -245.617 341.413 -66.6032 -213.312 274.575 -136.528 -184.194 277.409 -110.147 -249.307 294.638 -41.6719 12.4955 93.5028 93.8858 
151.206 161.901 109.808 175.851 173.259 178.823 164.661 90.8739 175.54 174.636 -312.379 343.896 -64.3779 -283.544 283.002 -137.735 -245.368 340.736 -69.2441 -212.748 274.967 -136.734 -183.901 276.75 -110.084 -249.15 294.705 -41.4365 12.4504 90.1216 90.7171 
175.202 163.461 153.159 175.918 173.424 168.533 165.619 93.169 176.315 175.633 -315.686 343.503 -63.3164 -283.758 283.434 -137.814 -243.838 343.652 -74.1099 -211.611 275.385 -136.435 -183.066 275.341 -109.831 -248.951 294.777 -41.2467 12.6355 85.1157 85.8242 
