156.922 165.039 165.02 169.625 169.899 148.867 151.92 156.955 165.879 161.87 170.693 159.305 57.6686 168.515 180.09 -4.70602 203.012 184.594 -14.9103 237.99 185.177 1.26709 258.318 178.892 35.1483 191.569 204.849 83.499 14.2127 15.1747 16.514 
156.883 167.367 164.784 169.941 170.897 148.349 153.77 157.215 166.516 162.67 170.104 158.649 58.9297 167.784 181.043 -5.19526 201.73 184.153 -14.4806 236.1 184.455 1.34819 256.698 178.248 35.163 190.829 204.859 83.8927 14.2519 14.671 15.3326 
156.857 169.614 163.876 169.473 171.222 147.792 155.267 156.727 166.721 163.289 168.74 157.51 60.5611 166.213 182.179 -5.485 199.163 183.551 -13.8326 232.987 183.452 1.51107 253.957 177.089 35.0999 189.342 204.762 84.2379 14.306 14.2376 13.8837 
156.487 171.649 163.545 169.103 171.123 147.236 156.378 156.604 166.252 162.698 168.532 156.909 61.7715 165.763 182.906 -5.70746 198.26 183.285 -13.432 231.589 182.728 1.85442 252.45 176.42 35.2018 188.586 204.681 84.4639 14.1025 13.8035 13.039 
156.532 171.715 163.446 168.991 170.674 146.961 156.759 156.685 165.799 161.972 168.27 156.568 62.5339 165.273 183.721 -5.98724 197.806 183.637 -13.4065 230.8 182.516 2.08148 251.27 176.065 35.3542 187.86 204.688 84.6736 13.8084 13.4887 12.7688 
156.457 172.063 163.549 169.129 170.532 146.876 157.131 156.496 165.498 161.57 167.876 156.059 62.9551 164.479 184.035 -6.33218 197.023 183.5 -13.3678 229.947 182.133 2.24629 250.362 175.685 35.5873 186.961 204.444 84.7676 13.8187 13.4064 12.4871 
156.363 172.614 163.883 169.381 170.446 146.718 157.721 156.654 165.462 161.287 167.327 155.63 63.5419 163.758 184.259 -6.536 196.324 183.396 -13.2961 229.217 181.943 2.4375 249.602 175.53 35.9268 186.057 204.211 84.9566 13.8723 13.3552 12.2544 
156.247 174.034 164.214 169.6 170.582 146.422 158.584 156.887 165.592 161.211 166.691 155.592 64.2014 163.031 184.436 -6.62862 195.51 183.199 -13.1577 228.506 181.8 2.62103 248.914 175.446 36.2394 185.268 204.049 85.2351 13.9374 13.405 11.9502 
156.314 175.208 164.289 169.654 170.511 146.197 159.253 156.912 165.594 161.068 165.752 155.755 64.5309 162.341 184.56 -6.69491 194.57 182.974 -13.0565 227.713 181.668 2.71954 248.124 175.291 36.3969 184.508 203.925 85.3961 13.981 13.5278 11.6199 
156.403 175.79 164.552 169.842 170.423 146.131 159.585 157.025 165.644 160.887 164.956 155.975 64.7025 161.622 184.439 -6.51619 193.685 182.831 -12.8829 227.059 181.671 2.90251 247.424 175.287 36.5862 183.789 203.819 85.6383 13.9655 13.7178 11.4962 
156.562 174.93 164.573 169.851 170.1 146.195 159.367 157.281 165.724 160.862 164.079 156.236 64.8233 160.876 184.313 -6.12454 192.965 182.993 -12.7396 226.474 181.808 3.0434 246.673 175.392 36.6582 183.204 203.922 85.9123 13.7802 13.7784 11.6389 
156.955 173.792 164.747 169.899 170.044 146.55 158.698 157.329 165.452 160.833 163.422 156.137 64.9399 159.818 183.943 -5.70364 192.087 183.133 -12.6518 225.706 181.8 3.18685 245.996 175.419 36.7661 182.547 203.951 86.129 13.788 13.7883 11.9917 
157.118 172.576 164.515 169.655 170.019 146.667 157.824 156.913 165.068 160.828 162.642 155.884 64.9973 158.849 183.712 -5.37934 191.101 183.046 -12.4753 224.607 181.521 3.28805 245.072 175.222 36.7529 181.803 203.885 86.2103 13.8594 13.6832 12.1173 
156.976 170.907 164.196 169.369 169.833 146.582 157.18 156.519 164.76 160.554 162.068 155.617 65.0722 158.203 183.511 -5.24354 190.46 182.95 -12.3359 223.908 181.365 3.43398 244.425 175.121 36.9258 181.044 203.733 86.2076 13.9674 13.6576 12.1817 
156.75 169.733 163.959 169.238 169.665 146.189 157.085 156.311 164.613 160.318 161.713 155.517 65.3757 157.567 183.318 -5.2065 189.769 182.711 -12.2238 223.243 181.157 3.52313 243.795 174.978 37.0627 180.311 203.559 86.2472 14.0541 13.6867 12.1137 
156.563 169.18 163.971 169.199 169.664 145.861 157.054 156.261 164.617 160.211 161.487 155.522 65.7357 156.85 182.934 -5.05047 189.035 182.37 -12.1052 222.607 180.964 3.57381 243.222 174.906 37.1473 179.671 203.405 86.3327 14.115 13.7543 12.1097 
156.526 169.857 164.238 169.289 169.612 145.618 157.68 156.505 164.837 160.234 161.156 155.522 65.9604 156.171 182.63 -5.0682 188.354 182.068 -12.0783 222.071 180.932 3.58655 242.665 174.988 37.2224 178.988 203.238 86.4059 14.1257 13.8772 12.0583 
156.535 170.594 164.534 169.444 169.667 145.568 158.021 156.876 165.062 160.431 160.542 155.658 66.1021 155.378 182.373 -4.91355 187.78 181.888 -12.044 221.572 180.894 3.62086 242.165 174.969 37.3099 178.399 203.093 86.5763 14.1177 13.9211 12.2172 
156.569 169.764 164.587 169.492 169.482 145.545 157.071 156.72 164.864 160.265 159.363 155.943 66.1238 153.923 182.184 -4.48379 186.622 181.97 -11.8593 220.54 180.992 3.8549 241.117 175.038 37.5598 177.269 203.028 86.833 14.1453 14.0299 12.5826 
156.644 168.305 164.29 169.341 169.461 145.632 155.762 156.247 164.55 160.1 158.617 156.048 66.057 153.308 182.163 -3.97771 186.004 182.051 -11.5959 219.821 181.018 3.97629 240.48 175.095 37.5407 176.871 203.091 86.9895 14.1105 13.9466 12.711 
156.691 167.193 163.799 169.066 169.123 145.525 154.961 155.561 164.13 159.768 158.01 156.039 66.0059 152.698 182.226 -3.69441 185.233 181.906 -11.3199 218.945 180.839 4.09956 239.618 174.895 37.4991 176.29 203.093 87.0347 14.0612 13.9066 12.6072 
156.622 167.247 163.666 168.888 168.878 145.337 155.109 155.462 164.022 159.652 157.537 155.92 66.453 152.204 182.42 -3.57344 184.63 181.845 -11.1078 218.26 180.691 4.24822 238.983 174.781 37.5907 175.722 203.114 87.1862 14.063 13.8128 12.3957 
155.582 169.397 163.473 167.534 167.594 145.463 155.664 155.36 163.531 159.38 157.131 156.026 66.621 151.685 182.449 -3.23455 184.004 181.463 -10.8032 217.608 180.435 4.35679 238.248 174.514 37.55 174.972 203.052 87.4299 13.7309 13.6652 11.9912 
154.902 171.379 163.47 166.748 166.617 145.819 156.376 155.553 163.275 159.169 156.582 156.12 66.6247 150.877 182.355 -2.87004 183.314 181.089 -10.5336 216.86 180.322 4.42747 237.455 174.489 37.5078 174.166 203.005 87.697 13.4253 13.4897 11.7733 
154.546 171.975 163.457 166.231 166.067 146.165 156.435 155.64 162.983 158.968 156.106 156.245 66.6105 149.826 181.985 -2.35919 182.427 180.6 -10.1867 215.912 180.063 4.57228 236.549 174.376 37.52 173.377 202.958 87.9825 13.2025 13.3298 11.7231 
154.387 171.319 163.293 165.662 165.463 146.561 155.641 155.453 162.63 158.728 155.508 156.505 66.5778 148.766 181.669 -1.68927 181.512 180.358 -9.84078 214.978 180.091 4.69037 235.695 174.484 37.5225 172.681 203.086 88.2611 13.0537 13.2564 11.8344 
154.147 169.59 163.299 165.466 165.056 146.749 154.966 155.311 162.39 158.616 155.058 156.989 66.5282 147.98 181.768 -1.24235 180.842 180.327 -9.55064 214.194 180.168 4.84566 234.897 174.612 37.5568 171.965 203.297 88.5281 12.8918 13.1302 11.8301 
154.531 170.089 163.68 165.99 165.441 146.204 155.747 155.738 162.95 159.012 154.288 156.731 67.1463 147.234 182.06 -1.37103 179.94 180.948 -9.51016 213.418 180.679 5.08924 234.211 175.131 37.8798 171.138 203.378 88.7751 13.0963 13.2733 11.8567 
154.244 170.029 163.825 165.931 165.3 146.383 156.045 155.905 163.09 159.155 153.774 156.91 67.1682 146.246 182.081 -0.997952 179.143 181.112 -9.31673 212.697 181.08 5.17712 233.424 175.478 37.9674 170.272 203.445 89.0605 12.9752 13.326 12.0223 
154.069 169.617 163.871 165.875 165.223 146.346 155.942 155.93 163.009 159.123 153.314 157.267 67.312 145.101 182.22 -0.605615 178.035 181.056 -9.01812 211.454 181.063 5.30728 232.138 175.529 37.9936 169.4 203.564 89.3604 12.7962 13.1904 11.9805 
153.99 169.968 163.783 166.011 165.361 146.325 156.3 155.796 162.969 159.28 152.868 157.528 67.3015 143.929 182.271 -0.382803 176.748 180.726 -8.75839 210.064 180.931 5.3385 230.756 175.471 37.87 168.452 203.622 89.51 12.6497 13.133 11.7784 
153.891 169.149 163.841 165.97 165.277 146.211 156.132 155.821 162.845 159.237 152.529 157.712 67.5364 143.126 182.549 -0.151188 176.038 180.866 -8.50359 209.187 180.986 5.5808 229.747 175.499 38.0138 167.484 203.7 89.7769 12.4879 12.9744 11.7274 
153.799 167.352 163.986 166.045 165.277 145.975 155.601 155.888 162.766 159.261 152.188 158.13 67.7274 142.267 183.05 0.0369663 175.262 181.325 -8.43672 208.243 181.219 5.68792 228.694 175.625 38.0923 166.568 203.925 90.0182 12.3766 12.8141 11.7722 
153.821 166.702 163.862 165.951 165.29 145.913 155.119 155.688 162.525 159.105 151.503 158.689 67.5389 141.243 183.497 0.184709 174.15 181.576 -8.36601 206.852 181.221 5.70934 227.168 175.571 38.0269 165.645 204.155 90.1135 12.2198 12.6282 11.7572 
153.959 166.775 163.442 165.855 165.5 145.873 155.087 155.34 162.314 159.151 150.702 158.783 67.5475 139.6 183.35 0.432799 172.385 181.169 -8.11572 205.052 180.847 5.73746 225.439 175.236 37.9039 164.473 204.137 90.1536 12.1859 12.6472 11.7156 
153.983 166.81 163.343 165.727 165.409 145.797 155.164 155.334 162.179 158.94 149.863 158.573 68.0654 138.103 183.133 0.819617 170.883 180.962 -7.77982 203.588 180.669 5.97478 224.062 175.126 38.0765 163.283 204.12 90.4528 12.1505 12.6143 11.6904 
153.857 165.837 163.475 165.729 165.272 145.573 154.572 155.154 161.815 158.565 149.421 158.88 68.3595 137.087 183.503 1.07196 169.862 181.235 -7.56534 202.394 180.615 6.20167 222.839 175.185 38.1843 162.283 204.383 90.6532 12.0399 12.3898 11.6275 
154.043 165.108 163.552 165.741 165.236 145.467 154.523 155.223 161.794 158.488 148.357 159.318 68.9728 135.691 183.838 1.51812 168.122 181.139 -7.14093 200.581 180.384 6.37767 221.165 175.156 38.1227 161.368 204.826 91.0242 11.8895 12.2446 11.2849 
154.301 165.335 163.408 165.657 165.179 145.416 154.686 155.314 161.983 158.774 147.027 159.143 69.6717 133.601 183.168 2.18883 165.733 180.49 -6.64288 198.429 180.088 6.50946 219.277 175.06 38.0281 160.11 204.92 91.3751 11.8421 12.4245 11.1961 
154.283 164.809 163.471 165.607 165.007 145.182 154.312 155.379 161.903 158.644 146.373 159.081 70.2583 132.099 183.289 2.52136 164.251 180.725 -6.47468 196.936 180.213 6.62345 217.757 175.158 38.0605 158.873 205.048 91.6259 11.7309 12.3685 11.2769 
154.303 164.977 163.561 165.524 165.007 144.998 153.917 155.177 161.584 158.288 145.981 159.421 70.627 131.104 183.56 2.80299 163.264 181.08 -6.22674 195.816 180.414 6.87392 216.42 175.403 38.246 157.797 205.332 91.8431 11.5458 12.2597 11.3282 
154.525 165.126 163.845 165.636 165.031 144.774 154.014 155.46 161.688 158.251 145.476 159.805 71.5404 129.647 183.695 3.34241 161.719 181.201 -5.80845 194.243 180.471 7.13079 214.844 175.611 38.339 156.786 205.746 92.2936 11.3536 12.1638 11.2888 
154.665 165.497 163.932 165.622 164.713 144.647 154.198 155.685 161.814 158.288 145.054 159.738 72.3411 127.992 183.583 3.80589 160.187 181.273 -5.51689 192.812 180.788 7.28123 213.478 175.964 38.4343 155.648 205.921 92.682 11.2755 12.2299 11.4463 
154.623 165.755 163.69 165.317 164.428 144.514 153.773 155.354 161.438 158.013 144.551 159.669 72.7365 126.749 183.517 4.13455 158.936 181.295 -5.20629 191.507 180.893 7.49184 212.196 176.166 38.5263 154.509 206.025 92.8484 11.212 12.1909 11.4668 
154.724 166.248 163.91 165.341 164.103 144.471 153.667 155.444 161.405 157.712 144.07 159.999 73.3892 125.872 183.616 4.64491 158.139 181.646 -4.79157 190.758 181.355 7.86946 211.363 176.758 38.8128 153.669 206.448 93.227 11.063 12.178 11.5481 
154.838 166.867 164.174 165.61 163.928 144.546 153.847 155.69 161.627 157.69 143.575 160.286 73.9356 124.986 183.662 5.10421 157.351 181.891 -4.4739 189.994 181.899 8.1125 210.586 177.471 38.9992 152.955 206.922 93.5942 10.9476 12.187 11.6431 
154.804 166.891 163.826 165.423 163.557 144.561 153.609 155.467 161.416 157.455 143.008 160.248 74.3567 123.746 183.579 5.50885 156.156 181.737 -4.15054 188.818 181.949 8.27086 209.568 177.715 39.0273 152.146 207.204 93.7425 10.9318 12.1772 11.6406 
154.746 167.102 163.444 165.066 163.181 144.619 153.292 155.164 161.109 157.172 142.315 160.034 74.6599 122.739 183.477 5.76825 155.2 181.708 -3.95278 187.868 182.108 8.35447 208.738 177.909 39.0466 151.32 207.346 93.7701 10.9693 12.1864 11.6868 
154.69 167.388 163.108 164.816 162.735 144.605 152.813 154.761 160.668 156.634 141.829 160.233 74.7459 122.015 183.795 5.88135 154.602 181.992 -3.87235 187.273 182.418 8.38113 208.167 178.206 39.0146 150.679 207.647 93.7245 10.9787 12.1858 11.7542 
154.743 167.858 163.269 165.025 162.572 144.66 152.97 154.861 160.682 156.43 141.458 160.525 74.881 121.543 184.074 5.87256 154.287 182.396 -3.89257 187.033 182.961 8.4175 207.939 178.814 39.0753 150.176 208.018 93.7672 10.9993 12.2337 11.8416 
154.854 168.006 163.471 165.239 162.6 144.668 153.21 155.014 160.747 156.368 140.917 160.92 75.1211 120.782 184.245 6.04504 153.408 182.412 -3.74738 186.11 183.034 8.49049 207.089 179.147 39.0377 149.652 208.444 93.8791 10.9257 12.1636 11.708 
154.855 167.668 163.446 165.202 162.507 144.617 153.335 155.069 160.729 156.365 140.219 161.033 75.2206 119.996 184.323 6.06969 152.411 182.305 -3.69504 185.046 182.999 8.46468 206.167 179.281 38.8991 149.011 208.668 93.8728 10.9332 12.1116 11.5069 
154.744 168.007 163.055 164.926 162.276 144.695 153.47 154.706 160.354 156.018 139.196 160.853 75.1978 119.142 184.141 6.06506 151.351 181.854 -3.50792 183.919 182.664 8.54781 205.168 179.169 38.8745 148.214 208.727 93.7894 10.9397 12.0558 11.2332 
154.525 168.495 162.806 164.686 162.182 144.679 153.624 154.479 160.147 155.938 138.257 160.598 75.2183 118.298 183.933 6.01525 150.432 181.599 -3.44916 183.044 182.546 8.53371 204.465 179.167 38.7956 147.424 208.699 93.6626 11.0077 12.0645 11.1006 
154.477 169.412 162.849 164.73 162.205 144.604 154.043 154.45 160.044 155.842 137.787 160.542 75.4542 117.594 184.003 5.95636 149.728 181.655 -3.42936 182.405 182.633 8.56034 203.908 179.35 38.7937 146.754 208.835 93.6416 11.0378 12.0626 11.0263 
154.5 170.02 162.938 164.842 162.269 144.605 154.428 154.591 160.138 155.925 136.789 160.773 75.3754 116.88 184.069 5.80563 148.899 181.616 -3.49547 181.532 182.578 8.51451 203.06 179.387 38.7374 146.075 208.996 93.5852 11.0185 12.0185 10.9081 
154.62 170.334 163.131 164.941 162.353 144.665 154.97 154.897 160.287 156.03 135.669 160.849 75.2597 116.032 184.106 5.59675 147.966 181.408 -3.60402 180.517 182.319 8.43973 202.098 179.278 38.6391 145.352 209.034 93.5029 11.0085 11.9326 10.7699 
154.668 170.069 163.138 164.872 162.395 144.787 155.268 155.047 160.33 156.017 134.094 160.898 74.9739 115.155 183.937 5.41941 146.805 180.852 -3.61171 179.154 181.721 8.39452 200.783 178.902 38.4927 144.506 208.937 93.3725 10.9404 11.765 10.4502 
154.673 170.084 163.067 164.716 162.358 144.768 155.456 155.123 160.265 155.854 133.044 160.606 75.0154 114.181 183.385 5.38962 145.622 180.113 -3.5615 177.872 181.022 8.36152 199.551 178.417 38.3465 143.619 208.744 93.2106 10.8488 11.6334 10.2056 
154.597 170.094 162.912 164.63 162.407 144.607 155.345 154.944 159.938 155.45 132.319 160.504 75.1227 113.359 182.84 5.42609 144.51 179.269 -3.41314 176.616 180.167 8.42048 198.314 177.802 38.2684 142.854 208.643 93.0678 10.728 11.4752 9.8962 
154.542 169.926 163.127 164.879 162.325 144.518 155.39 155.079 159.942 155.299 130.952 160.36 74.6719 112.068 182.606 4.87685 142.997 178.814 -3.83081 174.878 179.609 8.08214 196.379 177.335 37.9196 141.329 208.472 92.6767 10.5265 11.3015 9.66104 
154.566 169.836 163.225 165.048 162.175 144.625 155.484 155.126 160.027 155.236 130.439 160.041 74.3495 111.729 182.246 4.57775 142.621 178.429 -4.05906 174.44 179.308 7.87689 195.8 177.075 37.7421 140.759 208.179 92.4543 10.4373 11.2898 9.60226 
154.748 169.742 163.476 165.302 162.326 144.727 155.635 155.38 160.288 155.371 129.805 160.03 74.1486 111.144 181.974 4.3799 142.012 178.151 -4.252 173.817 179.131 7.65834 195.146 177.029 37.5129 140.151 208.125 92.2625 10.3979 11.301 9.58934 
154.888 169.703 163.645 165.361 162.346 144.786 155.872 155.668 160.461 155.397 129.243 159.905 74.2406 110.461 181.47 4.38348 141.345 177.665 -4.28086 173.198 178.721 7.60333 194.558 176.817 37.4344 139.602 208.03 92.1743 10.3665 11.2919 9.58696 
155.031 169.843 163.894 165.519 162.503 144.795 156.206 155.975 160.71 155.477 128.61 159.825 74.3635 109.769 180.901 4.42608 140.515 177.043 -4.27595 172.367 178.211 7.50236 193.756 176.509 37.2486 139.103 207.966 92.0712 10.2777 11.2634 9.48173 
155.154 169.828 164.265 165.757 162.754 144.86 156.652 156.508 161.09 155.714 127.951 159.503 74.7355 108.993 180.25 4.59259 139.684 176.422 -4.23431 171.537 177.681 7.46111 192.955 176.201 37.1165 138.541 207.843 92.0702 10.1538 11.1843 9.42767 
155.177 169.643 164.458 165.901 162.934 145.017 156.684 156.733 161.222 155.763 127.246 159.192 74.7949 108.267 179.515 4.71697 138.853 175.715 -4.20414 170.69 177.058 7.41621 192.13 175.784 36.9874 137.962 207.655 91.9771 10.0401 11.1184 9.35799 
155.194 169.389 164.564 165.957 162.965 145.193 156.769 156.918 161.298 155.716 126.406 158.91 74.596 107.709 178.831 4.67675 138.167 175.079 -4.24853 169.877 176.482 7.34762 191.211 175.389 36.8432 137.327 207.432 91.8 9.84961 10.9958 9.2609 
155.158 169.341 164.466 165.89 162.867 145.298 156.823 156.891 161.213 155.451 125.66 158.746 74.2262 107.221 178.447 4.46092 137.578 174.595 -4.36275 169.087 175.956 7.2641 190.199 174.883 36.7498 136.654 207.181 91.56 9.64209 10.8563 9.15554 
155.163 169.255 164.495 165.929 162.889 145.282 156.845 156.96 161.25 155.369 125.199 158.675 73.9723 106.732 178.084 4.23892 136.976 174.151 -4.53677 168.371 175.574 7.08534 189.36 174.566 36.5495 136.025 207.015 91.3022 9.5225 10.8007 9.05618 
155.121 169.139 164.55 165.88 162.908 145.215 156.796 157.005 161.328 155.396 124.422 158.516 73.9528 106.042 177.708 4.15339 136.199 173.746 -4.63098 167.596 175.309 6.94087 188.631 174.375 36.3925 135.351 206.859 91.1026 9.56359 10.842 9.01102 
155.1 168.793 164.655 165.943 163.059 145.11 156.677 157.008 161.361 155.393 123.789 158.494 73.8243 105.489 177.567 3.90551 135.468 173.483 -4.81372 166.89 175.131 6.74274 188.024 174.315 36.1877 134.778 206.813 90.862 9.66614 10.8967 8.87123 
155.089 168.847 164.789 166.063 163.157 145.012 156.98 157.174 161.47 155.32 122.894 158.42 74.0012 104.836 177.184 3.87187 134.559 173.042 -4.78699 165.923 174.777 6.71893 187.096 174.156 36.0945 134.128 206.802 90.7803 9.62207 10.8479 8.66972 
155.125 168.07 164.974 166.331 163.311 145.032 156.975 157.41 161.577 155.182 122.129 158.657 73.9986 104.287 177.24 3.81466 133.826 172.924 -4.81939 165.04 174.452 6.72063 186.026 173.856 36.0634 133.501 206.983 90.752 9.36 10.657 8.48213 
155.143 167.61 164.979 166.468 163.299 145.085 156.806 157.487 161.547 154.962 121.484 158.654 74.0531 103.654 177.348 3.75381 133.101 172.848 -4.87284 164.128 174.044 6.73975 184.83 173.38 36.0811 132.82 207.091 90.7139 9.02004 10.4316 8.38057 
155.206 167.563 164.949 166.453 163.228 145.125 156.868 157.536 161.503 154.809 120.922 158.587 73.984 102.879 177.328 3.59103 132.211 172.646 -4.98116 163.018 173.595 6.67621 183.461 172.877 36.009 132.06 207.108 90.5482 8.72493 10.2402 8.2985 
155.254 167.848 164.873 166.32 163.033 145.065 157.304 157.628 161.416 154.602 120.23 158.354 74.1292 102.022 176.998 3.45492 131.239 172.173 -5.02846 161.925 173.016 6.64175 182.287 172.411 35.9235 131.276 207.031 90.3615 8.56205 10.1018 8.17697 
155.349 168.182 164.905 166.198 162.881 145.02 157.626 157.804 161.38 154.452 119.288 158.227 74.4199 101.13 176.671 3.47479 130.146 171.71 -4.99704 160.695 172.479 6.63338 181.088 172.05 35.7919 130.559 207.053 90.2371 8.42228 9.92617 7.99913 
155.389 168.346 164.877 166.106 162.631 144.996 157.889 157.97 161.414 154.282 118.44 157.971 74.6549 100.501 176.248 3.42366 129.346 171.295 -5.00991 159.76 172.089 6.62397 180.035 171.721 35.7674 129.758 206.939 90.1334 8.25307 9.8011 7.84891 
155.488 168.107 164.943 166.228 162.704 144.993 157.85 158.105 161.407 154.076 117.711 158.234 74.8327 99.8613 176.401 3.41496 128.629 171.211 -4.97929 158.866 171.82 6.6954 178.984 171.453 35.8058 129.116 207.169 90.1337 8.01331 9.59345 7.70809 
155.622 168.255 164.992 166.398 162.814 145.155 157.79 158.091 161.443 154.063 117.235 158.414 74.8869 99.2059 176.462 3.43182 127.951 171.153 -4.95091 158.171 171.797 6.69058 178.251 171.507 35.7855 128.52 207.458 90.1007 7.92823 9.56324 7.65665 
155.666 168.417 164.894 166.326 162.659 145.305 157.844 157.982 161.367 153.983 116.63 158.325 74.9813 98.4688 176.313 3.39965 127.192 170.905 -4.92926 157.444 171.594 6.6732 177.559 171.392 35.7569 127.9 207.599 89.9707 7.90679 9.55903 7.60004 
155.768 168.767 164.837 166.277 162.579 145.361 158.045 157.923 161.331 153.942 116.018 158.328 75.1973 97.6966 176.066 3.46462 126.387 170.57 -4.82386 156.739 171.385 6.70499 176.999 171.337 35.7397 127.343 207.752 89.8746 7.97572 9.6096 7.54646 
155.772 168.775 164.836 166.178 162.531 145.231 158.055 157.896 161.227 153.901 115.302 158.354 75.3399 97.0191 175.846 3.46277 125.506 170.182 -4.78546 155.775 170.958 6.69423 176.158 171.076 35.5914 126.795 207.826 89.7088 7.97002 9.51138 7.37467 
155.787 168.823 164.827 166.124 162.413 145.161 158.14 157.969 161.25 153.892 114.591 158.227 75.5456 96.4345 175.707 3.39169 124.85 169.923 -4.83915 155.063 170.689 6.6285 175.471 170.86 35.4787 126.247 207.831 89.5711 7.93284 9.43569 7.28066 
155.881 168.429 164.814 166.09 162.382 145.15 157.919 157.998 161.165 153.707 114.039 158.333 75.4805 95.9542 175.845 3.24912 124.375 169.789 -4.90892 154.433 170.408 6.62665 174.748 170.59 35.451 125.793 207.874 89.4666 7.79891 9.28009 7.21308 
155.947 167.687 164.781 166.041 162.313 145.13 157.54 157.925 161.086 153.6 113.438 158.504 75.3078 95.5204 176.059 3.11019 123.91 169.741 -4.98652 153.897 170.281 6.5767 174.19 170.455 35.3841 125.373 207.945 89.3536 7.76012 9.21713 7.14168 
156.066 166.867 164.75 166.016 162.233 145.149 157.106 157.819 161.012 153.495 112.984 158.569 75.2467 95.2983 176.196 3.00216 123.665 169.696 -5.03272 153.596 170.222 6.56694 173.851 170.417 35.4003 125.052 208.011 89.2879 7.75033 9.18728 7.0851 
156.158 166.401 164.686 165.949 162.234 145.089 156.709 157.669 160.88 153.43 112.413 158.832 75.2608 95.0236 176.366 2.98825 123.334 169.668 -4.99284 153.259 170.127 6.63285 173.599 170.351 35.4569 124.804 208.185 89.2653 7.82749 9.16877 7.01517 
156.299 166.039 164.772 166.062 162.446 145.114 156.609 157.71 160.957 153.636 111.857 158.953 75.2968 94.6828 176.319 2.98153 122.949 169.428 -4.93394 152.893 169.899 6.68198 173.362 170.255 35.4628 124.575 208.265 89.265 7.90349 9.16296 6.9485 
