155.159 161.778 161.893 164.091 158.858 140.838 151.419 155.088 154.398 144.044 43.8751 214.687 1.59332 23.8913 257.622 -72.939 57.3442 241.385 -79.2004 75.9327 221.048 -64.2853 84.0549 207.074 -33.7407 48.877 257.905 19.4136 8.18806 7.68811 12.9179 
155.299 161.986 161.983 164.194 158.852 140.881 151.82 155.384 154.639 144.225 43.8823 214.231 1.75855 23.7355 257.812 -73.3303 57.3165 241.391 -79.4596 75.9187 221.071 -64.5164 83.9197 207.162 -33.9303 48.5975 257.892 19.2256 8.14551 7.69282 13.017 
155.439 162.157 162.059 164.197 158.795 140.807 152.391 155.78 154.923 144.203 43.7324 213.902 1.81676 23.557 258.08 -73.7167 57.3027 241.603 -79.7838 75.8802 221.258 -64.7958 83.5946 207.302 -34.0505 48.3682 257.972 19.0548 8.23732 7.69926 13.1246 
155.618 162.519 162.296 164.253 158.788 140.6 153.04 156.165 155.197 144.358 43.3615 213.897 1.80642 23.4132 258.559 -74.1565 57.2875 241.93 -80.1173 75.8543 221.526 -65.1008 83.3484 207.517 -34.2515 48.1353 258.115 18.9095 8.26776 7.71391 13.2264 
155.82 162.841 162.528 164.292 158.872 140.306 153.599 156.434 155.354 144.355 42.8483 214.028 1.92108 23.3728 259.178 -74.5481 57.231 242.29 -80.371 75.7264 221.749 -65.2867 82.9181 207.707 -34.3164 47.9085 258.347 18.8268 8.33169 7.76864 13.246 
155.891 162.862 162.536 164.158 158.799 140.086 153.754 156.446 155.378 144.076 42.3239 213.982 2.065 23.1877 259.634 -74.8377 57.08 242.548 -80.5817 75.5807 221.881 -65.4617 82.4313 207.724 -34.2751 47.6576 258.51 18.703 8.57184 7.85361 13.3052 
155.709 162.681 162.377 163.849 159.006 139.792 153.664 156.294 155.196 143.533 41.8573 213.857 2.35522 22.9788 259.961 -74.9828 56.9569 242.744 -80.6544 75.437 221.848 -65.435 81.8476 207.513 -33.9532 47.3961 258.585 18.6386 8.98797 8.02712 13.4002 
155.614 162.489 162.367 163.676 158.974 139.567 153.421 156.154 155.034 142.992 41.4483 213.915 2.51289 22.7293 259.971 -75.0406 56.7951 242.795 -80.7037 75.2703 221.759 -65.3771 81.2899 207.292 -33.6114 47.1697 258.668 18.5996 9.36692 8.14743 13.4595 
155.726 162.163 162.415 163.575 158.815 139.719 152.68 155.752 154.624 142.491 41.0097 213.978 2.37306 22.4562 259.699 -74.9902 56.4841 242.649 -80.7077 75.0039 221.537 -65.2771 80.8591 207.067 -33.3492 46.9077 258.75 18.5251 9.61579 8.26174 13.4006 
155.809 161.816 162.375 163.519 158.606 139.835 151.979 155.362 154.304 142.133 40.6635 214.093 2.23535 22.1309 259.194 -74.8383 56.0666 242.426 -80.6657 74.6961 221.408 -65.1969 80.5523 206.972 -33.1914 46.6631 258.814 18.46 9.74042 8.27244 13.2762 
155.899 161.378 162.298 163.487 158.423 139.868 151.206 154.979 154.056 142.045 40.4594 214.222 2.23954 21.7132 258.472 -74.5023 55.5726 242.135 -80.5258 74.3793 221.335 -65.083 80.481 206.972 -33.1213 46.4023 258.825 18.4598 9.68219 8.21131 13.1519 
155.849 160.899 162.194 163.509 158.333 140.083 150.435 154.661 153.785 141.966 40.3727 213.968 2.31355 21.1763 257.507 -74.1552 55.1047 241.658 -80.3904 74.0775 221.058 -64.8997 80.4471 206.818 -32.9633 46.1173 258.791 18.4106 9.66516 8.19974 13.1312 
155.848 160.545 162.196 163.581 158.276 140.259 149.886 154.471 153.539 141.902 40.3097 213.76 2.30434 20.7242 256.442 -73.9042 54.6226 240.961 -80.2672 73.7105 220.527 -64.6921 80.3911 206.503 -32.8087 45.8031 258.621 18.3334 9.58149 8.20795 13.0527 
155.592 160.32 161.992 163.585 158.227 140.63 149.552 154.291 153.427 142.052 40.4185 212.897 2.53019 20.1676 255.276 -73.6672 54.1479 240.083 -80.1025 73.3941 219.885 -64.4802 80.4137 206.08 -32.6606 45.5136 258.28 18.2886 9.52358 8.19791 13.0584 
155.469 160.327 161.906 163.591 158.35 140.814 149.401 154.12 153.298 142.478 40.5127 212.274 2.674 19.5989 254.45 -73.5828 53.6433 239.465 -80.054 73.0546 219.563 -64.4393 80.6563 206.016 -32.844 45.2199 258.073 18.1829 9.24208 8.12396 13.0646 
155.171 160.201 161.667 163.55 158.353 140.951 149.251 154.031 153.285 142.906 40.5597 211.51 2.96336 19.0671 253.645 -73.4617 53.2803 238.877 -80.001 72.8273 219.263 -64.4053 80.8757 205.937 -32.9979 44.9284 257.81 18.1122 9.00574 8.03572 13.1526 
155.111 160.333 161.566 163.718 158.547 141.002 149.686 154.427 153.682 144.092 40.6955 210.008 3.54539 18.1976 252.112 -73.499 52.63 237.689 -80.0805 72.5194 218.613 -64.4971 81.3501 205.756 -33.4365 44.4014 257.082 17.9965 8.4826 7.89041 13.2286 
155.216 160.745 161.682 163.877 158.774 140.754 150.564 155.075 154.319 145.067 40.5612 209.452 3.67669 17.844 251.753 -73.8205 52.3716 237.439 -80.399 72.359 218.636 -64.8887 81.557 205.919 -33.996 44.1593 256.759 17.8699 8.17979 7.73502 13.2538 
155.555 160.994 161.812 164.023 158.807 140.616 151.329 155.655 154.85 145.72 40.5698 208.885 3.90236 17.6723 251.392 -74.0544 52.2575 237.189 -80.5864 72.3113 218.561 -65.0951 81.6716 205.941 -34.2369 43.9827 256.432 17.8613 8.01695 7.64656 13.2451 
155.814 161.285 161.907 164.091 158.754 140.416 152.037 156.092 155.265 146.107 40.4546 208.396 4.11606 17.6258 251.134 -74.3809 52.222 236.924 -80.7664 72.3117 218.389 -65.2572 81.676 205.86 -34.3823 43.7937 256.12 17.8204 7.90549 7.60801 13.2079 
155.992 161.456 162.061 164.147 158.731 140.28 152.442 156.332 155.5 146.3 40.3312 208.138 4.35284 17.5881 250.858 -74.492 52.1729 236.654 -80.7792 72.3169 218.236 -65.2323 81.6609 205.826 -34.3278 43.6623 255.957 17.8715 7.80595 7.57316 13.174 
156.145 161.591 162.213 164.233 158.762 140.13 152.717 156.497 155.66 146.447 40.1784 207.948 4.56156 17.5666 250.541 -74.5889 52.1278 236.359 -80.7858 72.3221 218.075 -65.2013 81.6446 205.809 -34.2753 43.5219 255.845 17.9031 7.70695 7.53195 13.1223 
156.209 161.709 162.32 164.345 158.713 140.07 153.046 156.742 155.899 146.425 40.0255 207.778 4.74818 17.532 250.179 -74.6663 52.141 236.031 -80.7894 72.419 217.86 -65.1458 81.5388 205.7 -34.094 43.4346 255.737 17.9322 7.70185 7.52369 13.1318 
156.192 161.802 162.444 164.396 158.608 139.941 153.36 156.928 156.061 146.447 39.7225 207.62 4.92403 17.5084 249.804 -74.7694 52.0898 235.615 -80.7944 72.4413 217.52 -65.0639 81.4175 205.495 -33.9009 43.2903 255.583 17.9695 7.66932 7.53474 13.0906 
156.159 161.843 162.524 164.409 158.526 139.975 153.403 156.92 156.038 146.089 39.4393 207.429 4.95493 17.5626 249.408 -74.8146 52.1709 235.162 -80.7054 72.5187 217.064 -64.8549 81.1675 205.133 -33.5202 43.1714 255.416 17.9989 7.74033 7.57668 13.1037 
156.096 161.676 162.57 164.375 158.441 140.06 153.142 156.832 155.867 145.693 39.1256 207.076 4.8579 17.4876 248.72 -74.7818 52.1897 234.609 -80.662 72.557 216.49 -64.6692 80.9505 204.604 -33.1874 43.0125 255.136 17.931 7.87295 7.65053 13.1634 
156.053 161.609 162.633 164.368 158.412 140.043 152.876 156.666 155.642 145.256 38.7867 207.004 4.75655 17.4716 248.127 -74.7259 52.2195 234.113 -80.5622 72.5622 215.978 -64.4418 80.7411 204.172 -32.8551 42.8898 254.956 17.8854 7.9649 7.70255 13.1962 
155.948 161.463 162.647 164.261 158.363 140.122 152.513 156.501 155.431 144.89 38.3149 206.938 4.54215 17.2513 247.247 -74.5614 52.1427 233.494 -80.4634 72.5019 215.389 -64.2105 80.5049 203.695 -32.5147 42.7036 254.719 17.8258 8.07475 7.75751 13.2908 
155.943 161.404 162.562 164.124 158.315 140.2 152.206 156.315 155.284 144.498 37.8468 206.939 4.3724 16.998 246.421 -74.3888 52.0574 232.9 -80.3337 72.433 214.887 -63.9843 80.2187 203.304 -32.1425 42.4849 254.534 17.802 8.20687 7.77009 13.4023 
156.035 161.316 162.445 163.936 158.331 140.355 151.835 156.006 154.966 143.794 37.3381 206.896 4.13822 16.7763 245.546 -74.3113 51.9412 232.138 -80.1868 72.2518 214.159 -63.6829 79.7111 202.725 -31.6092 42.2686 254.366 17.7144 8.44812 7.80998 13.4747 
156.154 161.318 162.36 163.776 158.162 140.432 151.552 155.717 154.709 143.223 36.7121 206.85 3.92093 16.4936 244.567 -74.2295 51.7521 231.278 -80.0297 72.0311 213.384 -63.3871 79.2571 202.12 -31.1312 42.0081 254.125 17.6368 8.61071 7.82546 13.548 
156.347 161.229 162.157 163.545 158.092 140.854 151.305 155.382 154.444 142.611 36.2149 206.387 3.76002 16.1015 243.614 -74.1837 51.4632 230.321 -79.8558 71.7199 212.52 -63.0929 78.7425 201.383 -30.5968 41.6568 253.772 17.5694 8.88021 7.84932 13.6131 
156.731 161.453 162.131 163.501 158.008 141.487 151.301 155.249 154.374 142.194 35.3247 205.811 3.48693 15.2686 242.252 -74.3249 50.8385 228.798 -79.7346 71.0277 211.014 -62.707 77.748 200.16 -29.8647 40.8454 253.245 17.4304 9.20708 7.95498 13.7439 
157.129 161.841 162.134 163.524 158.612 141.78 151.662 155.224 154.394 141.894 35.1149 205.957 3.33562 15.1128 242.103 -74.6169 50.6364 228.157 -79.6374 70.7118 210.236 -62.4568 77.1382 199.382 -29.3052 40.465 253.099 17.4293 9.56338 8.05355 13.7133 
157.417 162.356 162.064 163.652 159.416 142.183 152.388 155.331 154.6 141.573 34.8986 205.818 3.59895 14.9417 242.027 -75.0705 50.4666 227.517 -79.5115 70.6273 209.446 -62.1295 76.4884 198.462 -28.4913 39.8633 252.818 17.5751 10.1513 8.25315 13.6976 
157.712 162.74 162.238 163.773 160.057 142.373 152.823 155.339 154.571 141.091 34.5245 206.032 3.59084 14.9392 242.009 -75.4402 50.299 227.112 -79.4464 70.4839 208.893 -61.8925 75.8395 197.884 -27.9784 39.3087 252.646 17.6636 10.4694 8.39823 13.5712 
157.864 162.983 162.362 163.847 160.534 142.206 153.389 155.564 154.772 141.039 34.2937 206.016 4.03662 14.9373 241.879 -75.6818 50.1528 226.715 -79.3511 70.2902 208.426 -61.6485 75.1898 197.47 -27.5652 38.7716 252.518 17.7926 10.6236 8.45868 13.4638 
158.127 163.054 162.618 163.905 160.377 142.118 153.524 155.685 154.751 140.922 33.7324 206.006 4.07436 14.9206 241.558 -75.8275 50.0257 226.251 -79.2739 69.9825 207.869 -61.402 74.5925 197.055 -27.2603 38.248 252.313 17.8516 10.5873 8.48172 13.387 
158.345 162.975 162.853 163.965 159.974 142.017 153.469 155.721 154.765 141.3 33.2076 205.783 4.20042 14.733 241.187 -75.853 49.7249 225.841 -79.2352 69.6012 207.51 -61.3226 74.3332 196.85 -27.2916 37.7711 252.1 17.8852 10.2613 8.40802 13.3125 
158.767 163.04 163.104 164.07 160.101 142.323 153.32 155.644 154.574 141.204 32.6877 205.584 4.0503 14.5116 240.818 -76.0228 49.3789 225.174 -79.1784 69.1426 206.729 -61.0946 73.731 196.221 -27.0405 37.2512 251.842 17.8387 10.2337 8.47891 13.2727 
159.188 163.271 163.271 164.138 160.464 142.457 153.518 155.695 154.585 141.189 32.1697 205.702 3.86774 14.3972 240.607 -76.199 49.119 224.659 -79.1229 68.661 206.102 -60.9071 72.9761 195.699 -26.7529 36.8681 251.72 17.8357 10.3404 8.49958 13.2156 
159.612 163.542 163.595 164.258 160.854 142.724 153.703 155.729 154.55 141.037 31.899 206.013 3.50458 14.3555 240.587 -76.4307 48.8164 224.205 -79.0742 68.221 205.506 -60.7618 72.3141 195.224 -26.5583 36.4412 251.53 17.8443 10.3336 8.54292 13.11 
160.385 164.031 163.982 164.541 161.503 143.031 154.304 156.02 154.842 141.065 31.6353 206.63 3.1162 14.4649 240.607 -76.6639 48.5677 223.791 -78.9706 67.8883 205.055 -60.5809 71.654 194.876 -26.2433 36.0058 251.429 17.9881 10.3927 8.53254 12.9182 
160.738 164.538 164.394 164.852 162.157 143.047 155.203 156.55 155.373 141.339 31.2799 207.37 2.92694 14.8214 240.518 -76.8113 48.4821 223.28 -78.7666 67.5614 204.542 -60.2564 70.9408 194.584 -25.8259 35.6537 251.362 18.2284 10.3661 8.46299 12.6702 
161.129 164.846 164.713 165.013 162.778 143.05 155.89 156.888 155.722 141.669 30.6372 207.886 2.82067 15.1425 240.293 -76.8168 48.3528 222.688 -78.455 67.1995 204 -59.8117 70.3093 194.25 -25.3676 35.2866 251.237 18.5279 10.2996 8.38605 12.417 
161.311 165.134 164.859 165.112 163.738 143.138 156.326 156.95 155.858 141.755 29.8764 208.422 2.75731 15.5293 239.985 -76.8186 48.3327 222.005 -78.0302 67.0312 203.345 -59.2129 69.7546 193.725 -24.6632 34.8424 251.064 18.8581 10.4116 8.37889 12.2077 
161.245 165.427 164.948 165.179 164.236 142.953 156.568 156.884 155.807 141.333 29.0215 209.246 2.83946 15.911 239.8 -76.6728 48.3753 221.424 -77.4664 66.9098 202.8 -58.459 69.1464 193.39 -23.7811 34.4212 251.08 19.2226 10.5652 8.38148 12.0754 
160.858 165.429 164.902 165.031 164.448 142.772 156.335 156.493 155.376 140.47 27.9739 209.715 2.91917 16.1072 239.643 -76.4237 48.4091 220.94 -76.8777 66.7012 202.233 -57.6881 68.4027 192.924 -22.817 34.0103 250.986 19.5406 10.9271 8.44443 12.0759 
160.693 165.262 164.753 164.877 164.063 142.618 156.019 156.169 155.142 139.718 26.8398 210.008 2.90142 16.2482 239.295 -76.1557 48.3853 220.481 -76.4118 66.556 201.887 -57.1731 67.8901 192.6 -22.0867 33.599 250.744 19.8533 11.1894 8.37436 11.9951 
160.493 165.122 164.717 164.784 163.67 142.432 155.641 155.956 154.993 139.084 25.6729 210.23 2.87393 16.3321 238.871 -75.8713 48.3278 220.026 -76.0172 66.3503 201.507 -56.7275 67.3145 192.205 -21.4324 33.2223 250.455 20.1271 11.4341 8.3008 11.9079 
160.452 165.079 164.771 164.854 163.627 142.246 155.369 155.899 154.962 138.784 24.998 210.509 2.85498 16.3886 238.517 -75.5711 48.2213 219.711 -75.6877 66.1475 201.272 -56.3896 66.833 191.969 -21.0101 32.8905 250.236 20.3897 11.5562 8.21802 11.7733 
160.353 165.116 164.836 164.983 163.926 142.024 155.317 155.947 155.124 138.85 24.4981 210.939 3.08995 16.3234 238.287 -75.2345 48.0459 219.443 -75.2909 65.9497 201.038 -55.9686 66.3642 191.737 -20.533 32.5071 250.11 20.7454 11.6309 8.18161 11.7081 
160.202 165.195 164.895 165.11 164.429 141.927 155.451 156.099 155.332 139.239 24.2616 210.663 3.8467 16.1123 237.903 -74.8919 47.8254 218.957 -74.825 65.7372 200.61 -55.434 66.023 191.43 -20.0654 32.0975 249.887 21.1475 11.5497 8.17891 11.7396 
160.027 165.26 164.998 165.232 164.63 141.496 155.644 156.237 155.473 139.466 24.089 210.637 4.64475 16.0293 237.594 -74.5472 47.4943 218.392 -74.311 65.2825 200.061 -54.8637 65.522 191.129 -19.6265 31.6258 249.639 21.5469 11.3216 8.14913 11.6661 
159.981 165.262 165.12 165.355 164.972 141.218 155.768 156.407 155.525 139.965 24.1495 210.213 5.45725 15.8816 236.961 -74.0843 47.1188 217.624 -73.6962 64.753 199.404 -54.1773 65.2386 190.846 -19.2552 31.1565 249.316 21.9486 10.8645 8.08761 11.5581 
159.768 165.465 165.343 165.516 165.001 140.932 156.117 156.694 155.806 140.167 23.7761 209.854 6.12888 15.7392 236.347 -73.6905 46.7331 216.837 -73.1352 64.2751 198.789 -53.5823 64.7834 190.514 -18.7798 30.6056 248.88 22.3953 10.5909 7.97776 11.4513 
159.594 165.716 165.543 165.556 164.837 140.798 156.186 156.694 155.719 140.007 22.8897 209.737 6.42196 15.445 235.811 -73.3223 46.3729 216.097 -72.5788 63.7586 198.098 -52.8872 64.2654 190.112 -18.0944 30.0835 248.552 22.8153 10.5007 7.98339 11.4858 
159.442 165.604 165.541 165.465 164.63 140.547 155.717 156.349 155.244 139.637 21.6266 209.893 6.56014 15.1459 235.175 -72.7502 45.9996 215.344 -71.874 63.147 197.442 -52.0102 63.7561 189.797 -17.289 29.5699 248.372 23.25 10.3539 7.96593 11.4773 
159.158 165.578 165.658 165.485 164.473 140.461 155.406 156.177 154.979 139.547 20.6463 210.089 6.69754 14.8538 234.558 -72.1579 45.594 214.649 -71.1983 62.5364 196.858 -51.2295 63.2595 189.556 -16.5596 29.082 248.29 23.7118 10.2247 7.92291 11.4084 
158.612 165.704 165.738 165.536 164.43 139.996 155.308 156.087 154.945 139.295 19.7407 210.74 7.00421 14.5605 234.354 -71.6663 45.2051 214.311 -70.6002 62.0264 196.596 -50.5936 62.53 189.434 -15.7632 28.6063 248.384 24.1918 10.3656 7.85457 11.3874 
158.261 165.691 165.765 165.57 164.501 139.827 155.276 156.023 154.952 139.08 19.3875 210.95 7.54394 14.1762 233.717 -71.1832 44.8209 213.679 -69.9435 61.6286 196.092 -49.8493 61.8418 189.104 -14.8672 28.1046 248.333 24.5879 10.5964 7.83359 11.3915 
157.833 165.546 165.708 165.534 164.549 139.792 155.139 155.733 154.803 138.817 19.3877 210.134 8.53244 13.7246 233.335 -70.8291 44.4047 213.218 -69.3893 61.2891 195.654 -49.2292 61.0738 188.675 -14.169 27.6079 248.143 24.8785 10.924 7.87852 11.4868 
157.395 165.592 165.767 165.624 164.564 139.788 155.319 155.749 154.878 138.849 19.1673 209.673 9.42859 13.1437 233.046 -70.4288 43.7869 212.725 -68.819 60.689 195.248 -48.6453 60.3885 188.438 -13.6885 26.9778 247.979 25.2709 10.8437 7.84158 11.5657 
157.075 165.759 165.876 165.797 164.412 139.532 155.594 155.947 155.237 139.238 18.6283 209.622 9.97425 12.5932 232.707 -70.162 43.0693 212.184 -68.4327 60.0317 194.926 -48.3281 59.8778 188.246 -13.4666 26.2988 247.72 25.6016 10.5389 7.68898 11.5491 
157.114 166.212 166.014 166.046 164.374 139.267 156.045 156.287 155.64 139.742 17.797 210.257 9.91359 12.2115 232.718 -69.953 42.5343 212.122 -68.1868 59.4212 194.973 -48.1357 59.5036 188.409 -13.3908 25.6595 247.696 25.9677 10.1487 7.56069 11.4618 
157.013 166.473 166.19 166.232 164.844 139.003 156.368 156.554 155.933 139.926 17.2071 210.828 10.1102 11.9461 232.485 -69.6886 42.1019 211.891 -67.8233 58.8753 194.929 -47.7803 58.8629 188.5 -13.0109 25.0788 247.728 26.3163 10.104 7.41621 11.3396 
156.771 166.545 166.339 166.291 165.209 138.874 156.435 156.609 156.016 139.974 16.428 211.223 10.1643 11.5305 232.15 -69.3916 41.608 211.568 -67.468 58.3389 194.716 -47.4029 58.2052 188.344 -12.5199 24.5716 247.72 26.5989 10.2891 7.36451 11.2726 
156.149 166.567 166.409 166.293 165.419 138.56 156.419 156.464 155.954 139.549 15.9555 211.541 10.5106 11.0602 231.479 -69.0448 41.1526 211.029 -67.0077 57.973 194.281 -46.84 57.4312 188.046 -11.6825 24.099 247.697 26.8431 10.7847 7.41444 11.2302 
155.539 166.496 166.426 166.23 165.24 138.46 156.24 156.146 155.726 138.661 15.4165 211.514 10.9514 10.6189 230.768 -68.6558 40.7516 210.411 -66.4208 57.6092 193.766 -46.1286 56.4213 187.724 -10.6828 23.6313 247.641 27.065 11.4468 7.46993 11.2458 
155.109 166.443 166.467 166.28 165.085 138.1 156.319 155.936 155.729 137.602 15.0418 211.844 11.3286 10.2806 230.252 -68.2285 40.2655 209.865 -65.7623 57.2644 193.48 -45.4297 55.4412 187.617 -9.73683 23.0742 247.601 27.3864 11.9811 7.41522 11.1956 
155.235 166.462 166.449 166.326 164.471 137.612 156.491 155.923 155.87 136.951 14.4042 212.27 11.6506 9.837 229.923 -67.9076 39.6283 209.434 -65.3155 56.7195 193.321 -45.0202 54.8399 187.723 -9.23025 22.4593 247.535 27.6959 11.8961 7.28505 11.1291 
155.439 166.502 166.566 166.409 164.145 137.578 156.48 155.867 155.876 136.68 13.437 212.51 11.7313 9.37345 229.947 -67.6086 39.0701 209.319 -64.9388 56.1777 193.36 -44.6493 54.309 187.898 -8.87626 21.8573 247.554 28.0622 11.7282 7.1938 11.133 
155.279 166.587 166.603 166.522 164.046 137.311 156.433 155.933 155.921 136.437 12.7153 212.908 12.1099 8.95169 229.998 -67.329 38.6503 209.266 -64.5931 55.6501 193.359 -44.252 53.6298 188.031 -8.4062 21.3257 247.709 28.3784 11.7922 7.15516 11.1765 
153.041 166.83 166.438 166.913 164.348 137.808 156.354 156.359 156.719 137.701 12.1244 212.974 11.7868 8.24476 229.626 -66.7861 38.3513 208.268 -63.8805 55.2691 192.822 -43.3737 53.4218 187.856 -7.58246 20.9111 247.849 28.7177 11.4943 6.97155 11.6965 
151.001 167.026 166.468 167.44 164.107 138.57 156.622 156.773 157.711 138.692 11.2123 211.999 12.2185 6.98626 228.358 -65.941 37.5814 206.148 -62.4973 54.5889 191.706 -41.9122 52.4547 187.508 -6.08782 19.9912 247.739 29.1958 11.5024 6.58124 12.4267 
150.732 167.283 166.377 167.848 164.661 139.44 156.96 157.186 158.402 139.976 10.7724 210.898 12.3871 6.61225 227.49 -65.51 37.5691 204.912 -61.7605 54.5691 191.048 -41.0486 52.4202 187.216 -5.33467 19.7701 247.642 29.3921 11.425 6.39534 12.834 
151.066 167.544 166.436 168.381 165.704 140.567 157.381 157.643 159.094 141.39 10.1985 209.959 12.4044 6.04489 226.907 -65.1646 37.2725 204.09 -61.1997 54.2505 190.703 -40.4462 52.2107 187.141 -4.93809 19.3246 247.611 29.6402 11.1287 6.18979 13.1062 
151.519 167.819 166.393 168.778 166.728 141.369 157.766 158.036 159.719 142.615 9.65872 209.48 12.4319 5.58626 226.723 -64.8993 36.9774 203.619 -60.7514 53.9469 190.559 -39.9717 52.0237 187.149 -4.57782 18.8803 247.657 29.9438 10.9101 6.05045 13.3351 
151.861 168.102 166.339 169.143 167.839 141.985 158.097 158.407 160.239 143.724 8.9469 209.345 12.5323 5.2525 226.837 -64.6079 36.772 203.489 -60.3341 53.6526 190.636 -39.5217 51.9064 187.296 -4.26237 18.4633 247.805 30.3096 10.6123 5.93439 13.5201 
152.352 168.403 166.432 169.475 168.818 142.234 158.417 158.8 160.688 144.519 8.15878 209.641 12.4927 5.05899 227.145 -64.4209 36.5563 203.677 -60.1447 53.3586 190.926 -39.3004 51.8196 187.604 -4.03831 18.088 248.097 30.6387 10.3631 5.85681 13.5236 
152.811 168.513 166.43 169.559 169.308 142.428 158.534 158.991 160.869 144.837 7.38967 209.848 12.3028 4.94229 227.409 -64.2675 36.3937 203.838 -59.9851 53.0781 191.112 -39.106 51.6999 187.728 -3.78243 17.7672 248.292 30.8678 10.2979 5.81251 13.5171 
153.349 168.648 166.523 169.657 169.706 142.457 158.686 159.16 161.038 144.96 6.93355 210.095 12.0904 4.9303 227.514 -64.119 36.3224 203.901 -59.8071 52.8979 191.205 -38.9081 51.5264 187.784 -3.47869 17.499 248.452 31.031 10.3754 5.76879 13.4729 
153.566 168.744 166.591 169.54 169.883 142.636 158.633 159.161 160.922 144.751 6.60944 210.257 11.9177 4.77246 227.57 -64.0217 36.2895 203.897 -59.6448 52.7493 191.104 -38.6443 51.2006 187.682 -3.01653 17.2892 248.621 31.0971 10.6957 5.83512 13.5682 
153.899 168.784 166.684 169.413 169.855 142.839 158.553 159.109 160.782 144.355 6.25877 210.161 11.8955 4.65301 227.589 -63.938 36.2004 203.796 -59.4784 52.5714 190.902 -38.3876 50.7614 187.497 -2.51568 17.0753 248.742 31.1333 11.0868 5.90697 13.6385 
154.469 168.808 166.834 169.322 169.659 142.909 158.591 159.111 160.687 143.804 6.16031 210.134 11.7712 4.59277 227.552 -63.9096 36.1102 203.742 -59.4132 52.4826 190.816 -38.2662 50.385 187.438 -2.10706 16.9117 248.871 31.1003 11.5011 5.95905 13.6168 
154.981 168.885 166.912 169.27 169.49 142.91 158.656 159.102 160.658 143.183 5.94387 210.227 11.6282 4.534 227.657 -63.9727 36.0178 203.745 -59.3767 52.3453 190.771 -38.1903 49.831 187.373 -1.70566 16.7162 249.068 31.0254 11.994 5.98594 13.6435 
155.411 168.877 166.94 169.192 169.178 143.048 158.616 158.975 160.524 142.701 5.71485 210.489 11.2975 4.51613 227.86 -63.9949 35.8956 203.843 -59.3119 52.1605 190.835 -38.1044 49.445 187.423 -1.48187 16.5811 249.335 30.9427 12.2167 5.98806 13.6352 
155.745 168.827 166.955 169.114 168.738 143.167 158.6 158.885 160.394 142.422 5.44838 210.663 11.0125 4.40705 228.052 -64.1189 35.7151 203.929 -59.3664 51.9518 190.856 -38.1344 49.1264 187.403 -1.42836 16.4179 249.535 30.8371 12.3259 6.00812 13.644 
156.065 168.882 166.986 169.096 168.366 143.349 158.556 158.826 160.318 141.961 5.12962 210.883 10.7082 4.35804 228.466 -64.2815 35.5952 204.267 -59.4977 51.7953 191.047 -38.2192 48.6416 187.524 -1.31841 16.2795 249.821 30.7426 12.6144 6.06534 13.6356 
155.627 168.906 166.951 169.066 168.201 143.01 158.602 158.728 160.244 141.357 4.68709 211.75 10.3611 4.36928 228.718 -64.3493 35.4902 204.448 -59.4538 51.6093 191.187 -38.1281 48.1169 187.746 -1.04496 16.1388 250.19 30.6242 12.9424 6.08278 13.6137 
