129.651 159.48 158.15 156.368 138.704 131.464 150.315 154.781 150.577 115.523 152.882 374.403 -84.2338 71.8936 369.897 -143.003 105.899 373.913 -171.136 147.402 376.078 -170.63 179.138 371.852 -129.141 140.91 419.336 -83.997 30.0456 14.3498 18.0217 
129.044 159.259 157.743 156.022 138.023 132.723 149.859 154.806 150.551 116.032 152.552 373.418 -84.1769 72.1686 369.495 -142.529 106.094 373.674 -170.918 147.654 375.788 -170.457 179.598 371.428 -129.386 141.274 418.744 -83.7724 29.8234 14.4171 18.1617 
129.179 159.293 158.216 156.206 138.812 133.117 150.088 155.122 150.326 117.028 153.107 372.882 -83.8504 72.6476 368.848 -142.054 106.432 372.884 -170.41 147.919 374.866 -169.769 180.221 370.796 -129.402 141.731 418.153 -83.2972 29.3286 14.346 18.0099 
129.941 159.611 158.863 156.866 140.971 133.104 150.534 155.35 149.901 118.613 153.914 372.306 -83.3549 73.02 368.178 -141.611 106.839 371.789 -169.689 148.236 373.305 -168.515 181.024 370.088 -129.608 142.153 417.619 -82.844 28.1595 14.2874 17.8093 
130.365 159.356 158.949 156.857 143.134 133.639 149.931 155.545 150.788 121.165 154.089 371.475 -82.5672 73.6407 367.452 -140.455 107.31 371.276 -168.978 148.98 373.192 -168.071 182.463 370.407 -130.927 142.669 417.4 -82.3569 26.644 14.4942 18.0381 
130.92 158.736 158.746 156.427 142.773 133.971 149.734 155.8 151.056 121.487 153.922 370.538 -81.9546 74.1086 366.417 -139.703 107.653 370.456 -168.541 149.468 372.698 -167.728 183.054 369.917 -130.808 143.1 416.863 -81.9629 26.4707 14.5764 18.1521 
132.349 158.814 159.076 156.662 142.224 134.822 150.701 156.652 151.831 121.465 153.985 369.672 -81.7383 74.3949 365.787 -139.259 107.963 369.928 -168.152 150.089 372.637 -167.455 183.731 369.852 -130.457 143.598 416.381 -81.4159 26.5774 14.7835 18.1232 
133.231 158.794 159.042 156.232 141.118 135.732 151.31 157.35 153.015 122.275 153.666 368.472 -81.0878 74.4987 364.868 -138.598 108.174 368.937 -167.604 150.362 371.947 -167.064 184.42 369.251 -130.337 143.942 415.496 -80.7129 26.313 14.8003 18.179 
134.094 158.393 158.715 156.153 141.388 136.148 151.24 157.054 152.721 121.412 153.578 367.988 -81.0613 74.8796 364.224 -138.149 108.726 367.955 -166.987 150.861 371.182 -166.431 185.122 368.589 -129.473 144.331 414.733 -80.1582 26.5685 14.771 18.1257 
135.1 158.996 158.94 156.512 141.834 136.67 152.052 157.614 152.972 121.182 153.443 367.815 -81.2259 75.338 363.89 -138.226 109.656 367.724 -167.011 151.874 370.91 -166.062 186.217 368.392 -128.803 144.867 414.451 -79.8198 26.9312 14.8282 18.3014 
136.62 160.121 159.812 157.389 143.258 137.799 153.636 158.877 152.686 121.431 153.382 367.497 -81.952 75.8215 363.411 -138.321 110.433 367.93 -167.206 152.376 370.605 -165.247 187.273 368.734 -128.616 145.338 414.349 -79.5236 26.7347 14.6192 18.5313 
138.164 160.867 160.47 158.001 143.664 138.333 154.741 160.101 155.252 122.569 153.568 366.79 -81.6875 76.1673 362.666 -138.052 111.06 367.767 -167.316 152.754 370.014 -164.76 188.044 368.672 -128.747 145.767 413.972 -79.0652 26.3568 14.4582 18.8441 
139.458 161.36 160.84 159.501 144.302 138.611 154.747 160.278 154.571 123.396 153.733 366.471 -81.1678 76.6111 361.802 -137.239 111.234 367.135 -166.705 152.599 368.949 -163.719 188.069 368.207 -128.707 146.138 413.701 -78.5776 25.536 14.2292 18.829 
140.284 161.068 160.319 158.371 143.692 138.6 153.971 159.715 153.411 122.765 153.945 366.396 -81.1213 76.9315 361.161 -136.622 111.588 366.615 -166.253 152.562 368.447 -163.036 188.021 367.918 -128.443 146.346 413.247 -78.2271 25.1451 13.9453 18.9971 
141.371 160.83 159.72 157.076 142.388 138.773 152.702 158.76 153.254 122.79 153.762 365.806 -80.6838 77.1712 360.577 -135.798 111.628 366.04 -165.595 152.681 368.35 -162.964 187.988 367.489 -128.452 146.491 412.717 -77.8593 24.8448 13.9469 19.0837 
142.649 160.504 159.538 156.872 141.49 138.917 151.913 158.244 153.665 121.338 153.557 365.147 -80.3709 77.1115 360.106 -135.343 111.792 365.566 -165.356 153.551 368.489 -163.317 188.344 366.841 -127.364 146.64 412.211 -77.689 25.798 14.4532 19.3889 
143.746 159.531 158.43 156.476 140.885 139.234 150.815 157.102 152.91 119.805 153.029 364.645 -79.982 77.3267 359.965 -134.89 112.26 365.223 -164.854 154.373 368.333 -163.164 188.657 366.301 -126.51 146.739 411.904 -77.4623 26.0452 14.774 19.6064 
144.023 158.751 157.411 155.811 140.432 139.213 149.585 155.876 152.085 119.175 152.365 364.259 -79.4429 77.7615 359.445 -134.281 112.686 364.42 -164.172 154.721 367.674 -162.697 188.826 365.533 -125.638 146.918 411.58 -77.2978 26.3748 14.7711 19.6395 
144.826 158.459 156.885 154.99 140.504 139.303 149.394 155.205 150.459 118.955 151.979 363.772 -79.375 78.2402 358.844 -134.06 113.422 363.937 -163.803 155.303 367.035 -161.674 189.481 365.493 -125.265 147.179 411.207 -77.113 26.1549 14.7182 19.7475 
146.353 158.482 156.922 155.02 141.253 140.117 149.172 154.709 149.677 119.416 151.505 363.041 -79.8329 78.7645 358.222 -133.984 114.025 363.418 -163.487 155.75 366.675 -161.134 190.147 365.649 -125.384 147.32 410.793 -77.0122 25.8506 14.6708 19.7216 
146.281 158.552 157.615 155.815 142.958 140.319 149.365 155.076 150.202 120.936 151.478 362.731 -79.7959 79.28 357.582 -133.785 114.327 363.034 -163.275 156.079 366.698 -161.022 190.826 366.081 -126.124 147.515 410.499 -76.7924 25.2387 14.7015 19.6384 
146.702 158.399 158.072 156.034 144.676 141.081 149.441 154.793 149.484 122.502 151.173 362.182 -80.0279 79.7663 357.068 -133.733 114.674 362.292 -162.767 156.146 365.83 -160.397 190.763 366.008 -126.549 147.65 410.243 -76.7114 24.3311 14.537 19.3053 
147.782 157.743 157.896 156.011 144.989 141.436 150.035 155.184 149.767 123.305 151.406 361.486 -79.6067 80.0795 356.611 -133.668 114.989 361.682 -162.417 156.47 365.269 -160.161 190.781 365.787 -126.504 147.779 409.863 -76.4505 24.0379 14.5773 19.0876 
148.376 157.53 158.193 156.323 145.927 141.213 150.609 155.56 149.935 124.294 151.898 361 -79.0116 80.1786 356.239 -133.572 114.985 360.944 -162.02 156.5 364.345 -159.758 190.646 365.093 -126.316 147.824 409.563 -76.211 23.8156 14.5968 18.7755 
148.051 157.336 158.465 156.599 146.803 140.512 151.081 155.844 149.811 124.434 153.008 361.212 -78.4922 80.4333 356.285 -133.697 115.234 360.7 -161.86 156.826 363.92 -159.524 190.736 364.803 -126.01 147.985 409.541 -75.9819 23.774 14.6518 18.5148 
147.676 157.781 158.875 156.985 147.624 139.788 151.95 156.204 150.037 124.751 153.816 361.304 -77.5676 80.62 356.641 -133.943 115.38 360.618 -161.655 157.049 363.613 -159.237 190.947 364.782 -126.006 148.237 409.757 -75.7788 23.4658 14.6926 18.1345 
146.037 158.569 159.731 158.105 148.693 138.359 153.227 157.28 150.947 126.026 155.647 361.743 -76.2476 80.6769 356.713 -133.935 115.376 360.29 -161.441 157.038 362.928 -158.839 190.979 364.491 -126.063 148.45 409.999 -75.5162 23.0859 14.6588 17.8208 
144.371 159.305 160.502 159.118 149.597 136.653 154.393 158.178 151.526 126.615 157.32 362.439 -75.2908 80.7188 357.128 -134.405 115.631 360.283 -161.696 157.262 362.392 -158.629 190.902 363.948 -125.474 148.699 410.259 -75.3855 23.318 14.6329 17.6449 
142.956 160.139 161.376 160.404 150.439 135.231 155.587 159.237 152.409 126.597 159.351 363.47 -74.8819 80.6545 357.616 -134.925 115.674 360.591 -162.121 157.5 362.28 -158.909 190.802 363.591 -124.799 148.922 410.553 -75.3158 23.9849 14.7655 17.4976 
141.865 160.965 162.135 161.415 150.717 134.058 156.469 160.111 153.207 126.586 161.296 364.475 -74.7594 80.5818 357.973 -135.156 115.623 360.868 -162.383 157.593 362.32 -159.13 190.585 363.274 -124.257 149.051 410.772 -75.2158 24.5609 14.8508 17.4134 
141.445 161.574 162.555 162.038 150.56 133.308 157.346 160.733 153.649 126.493 162.595 364.961 -74.9924 80.3886 358.233 -135.502 115.581 360.741 -162.547 157.497 361.88 -159.087 190.393 362.758 -123.881 149.084 410.677 -75.2209 24.8354 14.8272 17.3245 
141.012 162.152 163.056 162.664 151.14 132.557 157.704 161.006 153.62 125.451 163.874 365.774 -75.2436 80.221 358.487 -135.598 115.375 360.611 -162.456 157.303 361.46 -158.9 190.13 362.191 -122.9 149.124 410.747 -75.2166 25.5629 14.8388 17.1553 
140.682 162.465 163.379 163.26 150.986 132.099 157.792 161.12 153.594 124.726 164.849 366.076 -75.3056 79.9922 358.603 -135.582 115.06 360.399 -162.324 157.038 361.019 -158.743 189.855 361.525 -122.059 149.108 410.653 -75.2325 26.2225 14.8645 17.0307 
140.025 162.82 163.686 163.626 151.029 131.597 157.758 161.289 153.812 124.233 165.755 366.558 -75.2589 79.924 358.563 -135.297 114.797 360.221 -162.056 156.83 360.888 -158.694 189.644 361.211 -121.587 149.133 410.618 -75.1804 26.6131 14.8577 16.9284 
139.573 162.807 163.711 163.486 150.606 131.124 157.348 161.178 153.966 124.243 166.33 366.716 -75.1674 79.7666 358.485 -134.949 114.398 360.123 -161.858 156.561 360.927 -158.864 189.488 360.962 -121.812 149.074 410.474 -75.1571 26.5596 14.8783 16.8807 
139.266 163.012 163.669 163.414 150.574 130.491 157.454 161.248 154.013 124.316 167.062 366.802 -74.8595 79.6941 358.476 -134.965 114.391 360.255 -161.964 156.601 361.131 -159.037 189.689 361.181 -122.319 149.1 410.308 -75.0419 26.2372 14.8937 16.9491 
138.993 163.167 163.628 163.17 150.684 129.901 157.501 160.944 153.808 123.949 167.372 366.926 -74.5771 79.7864 358.512 -135.068 114.555 360.053 -161.858 156.786 361.111 -159.081 189.82 361.321 -122.382 149.199 410.267 -74.9759 26.0959 14.8792 16.8583 
138.81 163.332 163.931 163.303 151.416 129.622 157.262 160.886 154.13 124.889 167.673 366.978 -74.4623 79.9295 358.133 -134.602 114.453 359.557 -161.427 156.674 360.894 -159.043 190.007 361.349 -122.967 149.295 410.251 -74.9055 25.5357 14.8082 16.7323 
138.659 163.29 163.912 163.389 151.702 129.482 157.116 160.88 154.252 125.249 168.207 366.933 -74.6739 79.931 357.653 -134.242 114.334 359.181 -161.197 156.596 360.638 -159.04 190.052 361.062 -123.047 149.309 409.959 -74.8404 25.5231 14.8178 16.7485 
138.556 163.704 164.214 163.749 152.556 129.226 157.571 161.267 154.84 126.012 168.781 366.984 -74.4967 79.9446 357.369 -134.051 114.33 358.976 -161.043 156.771 360.517 -159.004 190.496 360.951 -123.209 149.45 409.779 -74.6789 25.4297 14.9255 16.7607 
138.683 163.979 164.366 163.905 153.243 129.176 157.946 161.599 155.328 126.08 169.124 366.804 -74.3201 79.8281 356.991 -133.707 114.481 358.792 -160.963 157.209 360.45 -158.971 190.903 360.722 -122.783 149.587 409.592 -74.5302 25.8244 15.1305 17.0568 
138.744 163.517 163.847 163.366 152.631 129.917 157.1 161.16 155.564 125.171 168.576 366.274 -74.6653 80.1342 356.456 -133.052 114.754 358.826 -160.756 157.864 361.068 -159.211 191.228 360.767 -122.259 149.766 409.436 -74.4768 26.4394 15.398 17.3849 
138.768 163.228 163.465 163.369 152.76 130.506 156.546 160.568 155.229 124.914 167.907 365.972 -75.3055 80.3267 356.106 -132.737 115.145 358.731 -160.568 158.344 361.173 -159.064 191.478 360.683 -121.91 149.894 409.336 -74.5588 26.6855 15.508 17.6702 
138.759 162.951 163.335 163.265 152.837 130.959 155.7 159.983 154.685 123.939 167.536 366.053 -76.0333 80.561 355.747 -132.211 115.369 358.658 -160.303 158.669 361.243 -158.89 191.563 360.576 -121.278 150.016 409.307 -74.6446 27.1791 15.6252 17.9125 
138.793 162.636 163.104 163.278 152.319 131.563 154.737 159.373 154.457 124.138 166.691 365.358 -76.3988 80.7878 355.142 -131.505 115.487 358.379 -159.916 158.745 361.146 -158.631 191.735 360.384 -121.271 150.105 409.111 -74.7209 27.1261 15.6341 18.1751 
139.027 162.643 162.945 163.44 153.181 131.983 154.449 159.043 154.263 125.259 166.052 364.739 -76.4468 80.9644 354.915 -131.102 115.631 358.429 -159.595 158.757 361.127 -158.178 192.485 360.879 -122.28 150.214 408.941 -74.576 26.0981 15.5918 18.3163 
139.297 163.038 163.023 163.293 155.111 132.552 154.795 159.173 154.14 127.72 165.271 364.031 -76.3016 81.0609 354.836 -131.19 115.79 358.526 -159.665 158.839 361.136 -157.961 193.425 361.425 -123.891 150.301 408.822 -74.4902 24.8202 15.545 18.3779 
139.62 163.159 163.03 163.331 155.765 133.155 155.036 159.217 154.092 129.178 164.541 363.509 -76.3355 81.2972 354.562 -131.077 115.939 358.314 -159.494 158.84 360.837 -157.553 193.969 361.791 -124.955 150.453 408.758 -74.4455 23.8033 15.4473 18.3225 
140.342 163.061 162.774 162.885 156.135 133.828 155.332 159.002 153.327 129.616 163.727 362.846 -76.6666 81.4458 354.488 -131.454 116.381 358.245 -159.655 159.073 360.467 -157.099 194.274 361.94 -125.434 150.614 408.611 -74.4847 23.0942 15.3331 18.3714 
140.404 162.82 162.567 162.313 156.198 134.027 155.379 158.909 152.944 130.155 163.566 362.694 -76.5885 81.6325 354.437 -131.508 116.473 358.194 -159.573 159.023 360.338 -156.91 194.329 362.208 -126.084 150.707 408.56 -74.4424 22.4207 15.2405 18.2558 
140.49 162.685 162.479 162.049 156.226 134.294 155.739 158.954 152.688 130.562 163.136 362.314 -76.4854 81.702 354.569 -131.897 116.513 358.129 -159.624 158.973 360.118 -156.805 194.306 362.154 -126.325 150.737 408.401 -74.3876 22.1173 15.1814 18.0286 
140.69 162.467 162.388 162.008 156.69 134.54 156.176 158.953 152.391 131.177 163.081 362.036 -76.6228 81.9364 354.732 -132.598 116.898 358.137 -159.924 159.28 359.858 -156.801 194.339 361.993 -126.431 150.796 408.178 -74.3518 21.8815 15.168 17.8495 
140.786 161.846 162.083 161.653 156.494 134.377 155.754 158.482 151.594 130.592 163.051 361.937 -76.4554 82.2453 354.814 -132.867 117.187 357.912 -159.876 159.361 359.324 -156.524 194.206 361.527 -125.921 150.823 407.983 -74.2828 21.9123 15.0594 17.6554 
141.098 161.633 162.067 161.654 155.916 134.052 155.844 158.358 151.498 130.193 163.3 361.842 -76.0246 82.478 354.782 -133.119 117.27 357.376 -159.685 159.312 358.719 -156.382 194.109 361.086 -125.718 150.86 407.756 -74.2041 21.7673 14.9363 17.2973 
140.764 161.441 161.781 161.554 154.974 133.409 156.339 158.708 151.858 128.911 164.105 362.039 -75.7502 82.4637 354.787 -133.553 117.34 357.367 -160.034 159.578 358.813 -156.859 194.284 360.816 -125.161 150.907 407.412 -74.1428 22.4603 15.047 17.2558 
140.779 161.322 161.781 161.734 153.815 132.45 156.307 158.783 152.339 127.572 165.364 362.503 -74.956 82.5129 354.889 -133.659 117.248 357.362 -160.065 159.684 359.102 -157.299 194.317 360.611 -124.448 151.003 407.379 -74.0214 23.2364 15.1114 17.0952 
141.109 161.328 161.822 161.807 153.148 131.793 156.448 158.973 152.918 126.238 166.655 362.794 -74.4458 82.6847 355.019 -133.914 117.303 357.338 -160.18 159.831 359.193 -157.671 194.2 360.119 -123.489 151.139 407.354 -73.9309 24.1112 15.1094 16.8975 
141.647 161.583 162.144 161.998 152.767 131.454 156.709 159.09 152.988 125.689 167.475 363.171 -74.2096 82.819 355.22 -134.277 117.427 357.21 -160.312 159.942 358.892 -157.731 193.953 359.633 -122.807 151.283 407.528 -73.952 24.4831 15.0508 16.6914 
142.207 161.415 161.976 161.671 151.941 131.435 156.539 159.028 152.923 126.002 167.752 362.837 -73.5284 82.9709 355.263 -134.094 117.507 356.915 -160.116 159.839 358.546 -157.505 193.939 359.328 -122.905 151.413 407.575 -73.9211 24.1923 14.8902 16.6231 
142.501 161.62 161.987 161.65 151.717 131.34 156.706 159.048 153.042 125.389 167.847 362.942 -73.4387 83.1504 355.574 -134.465 117.887 356.924 -160.31 160.236 358.466 -157.586 193.971 358.981 -122.268 151.67 407.709 -73.9897 24.566 14.8718 16.6183 
142.94 162.323 162.265 161.659 152.414 131.331 157.268 159.308 153.265 125.764 167.895 362.792 -73.484 83.1701 355.563 -134.666 118.106 356.702 -160.388 160.447 358.368 -157.549 194.395 358.991 -122.465 151.914 407.758 -74.0945 24.4298 14.8259 16.653 
143.262 162.957 162.864 162.145 154.069 131.4 157.791 159.607 153.28 127.148 168.064 362.919 -73.6043 83.5043 355.418 -134.781 118.568 356.306 -160.284 160.821 357.858 -157.117 194.887 359.061 -122.861 152.164 407.935 -74.1398 23.7736 14.7715 16.5881 
143.315 163.514 163.41 162.856 155.268 130.926 158.545 160.367 153.966 127.732 168.974 363.384 -73.6273 83.768 355.192 -134.867 118.984 355.946 -160.329 161.264 357.488 -157.064 195.201 358.93 -122.755 152.449 407.935 -74.1645 23.7154 14.7866 16.6186 
143.397 163.907 163.906 163.465 157.212 130.627 159.141 160.727 154.58 128.379 169.639 363.595 -73.3836 83.8909 354.725 -134.63 119.195 355.294 -160.034 161.712 357.159 -157.009 195.815 358.959 -122.998 152.687 407.878 -74.0823 23.4359 14.9129 16.6083 
143.591 164.207 164.33 164.034 159.377 130.762 159.703 160.856 154.647 128.735 170.385 363.654 -73.4828 84.0174 354.489 -134.74 119.494 354.833 -159.898 162.148 356.696 -156.779 196.251 358.859 -122.901 152.927 407.871 -74.102 23.3305 15.0203 16.5611 
143.285 164.485 164.526 164.223 160.343 131.112 159.756 160.611 154.545 128.492 170.987 363.516 -73.9893 84.2446 354.115 -134.961 119.8 354.576 -159.998 162.724 356.82 -157.09 196.844 359.179 -123.301 153.139 407.659 -74.2581 23.1699 15.2016 16.5693 
142.951 164.757 164.821 164.518 161.298 131.282 159.812 160.517 154.464 128.625 171.213 363.541 -74.2988 84.6037 353.928 -135.118 120.156 354.336 -159.959 163.1 356.587 -157.07 197.231 359.18 -123.407 153.398 407.689 -74.379 23.0164 15.2172 16.4771 
142.864 164.898 164.869 164.603 162.314 131.594 159.609 160.239 154.361 129.133 171.223 363.363 -74.5351 85.0139 353.772 -135.183 120.442 354.222 -159.931 163.386 356.569 -157.134 197.845 359.376 -123.954 153.672 407.775 -74.5278 22.6837 15.1951 16.378 
142.491 164.779 164.917 164.704 162.678 131.365 159.536 160.093 154.156 129.423 171.616 363.438 -74.3661 85.5404 353.704 -135.422 120.825 353.969 -159.897 163.685 356.176 -157.014 198.173 359.227 -124.071 153.982 407.811 -74.6472 22.4615 15.1404 16.1605 
141.655 164.848 164.949 164.596 162.302 130.48 159.758 160.163 153.91 129.905 172.017 363.784 -74.1947 85.9823 354.078 -136.278 121.302 353.984 -160.304 163.967 355.806 -157.016 198.33 359.104 -124.297 154.301 407.775 -74.8492 22.1291 15.02 15.9569 
140.909 164.78 164.643 164.423 161.826 129.759 159.747 160.052 153.92 129.926 172.542 364.103 -74.1589 86.5438 354.419 -137.064 121.929 354.335 -160.864 164.464 356.14 -157.517 198.738 359.295 -124.6 154.596 407.667 -75.004 22.1701 14.9384 15.897 
140.73 164.822 164.345 164.007 162.039 129.933 159.618 159.701 153.268 130.981 171.789 363.363 -73.9912 87.0835 354.285 -137.399 122.706 353.821 -160.8 164.826 355.495 -157.027 199.459 359.239 -125.113 154.901 407.418 -75.106 21.6194 14.6976 15.8988 
141.33 164.793 164.078 163.707 161.865 130.144 159.495 159.024 152.418 131.154 171.406 362.813 -73.6415 87.7409 354.278 -137.711 123.621 353.045 -160.465 165.308 354.67 -156.403 199.833 358.993 -125.118 155.3 407.278 -75.1569 21.1195 14.4413 15.8151 
140.347 164.74 163.455 163.805 161.621 130.436 158.679 157.835 151.701 129.947 170.979 362.657 -74.3612 88.3958 354.206 -138.3 124.727 352.851 -160.794 166.332 354.493 -156.694 199.788 358.393 -124.499 155.752 407.16 -75.6458 21.3378 14.4204 16.0372 
139.341 164.588 162.715 163.687 161.501 131.177 157.09 156.426 150.748 129.085 169.757 362.183 -75.4595 89.1795 353.288 -137.979 125.396 351.723 -160.194 166.537 353.624 -156.376 199.323 357.551 -124.126 156.077 406.967 -76.2936 21.1441 14.0915 15.9738 
138.134 163.77 161.989 162.934 160.282 131.702 156.766 155.91 149.869 128.898 168.558 361.206 -75.3189 89.9492 352.64 -138.033 126.116 350.815 -160.066 166.814 352.165 -155.662 199.219 356.576 -123.679 156.587 406.681 -76.7198 20.8901 13.8861 15.9067 
138.355 163.09 161.108 161.066 158.975 132.91 156.007 154.791 147.993 128.838 167.857 359.959 -75.8495 90.3956 352.27 -138.089 126.715 350.273 -159.935 166.941 351.04 -154.683 199.673 356.122 -124.007 156.941 406.134 -77.0794 20.2356 13.7674 16.0395 
139.303 162.949 160.915 160.431 159.209 133.825 155.96 154.165 147.34 128.811 168.022 359.242 -75.8913 91.0504 352.29 -138.483 127.41 349.844 -159.864 167.329 350.643 -154.482 200.994 356.226 -124.7 157.386 405.848 -77.2222 20.0693 13.5812 15.9311 
141.255 163.019 160.808 160.543 159.712 134.587 155.866 153.282 146.196 129.421 169.241 358.377 -76.4732 91.7735 352.177 -139.343 128.612 349.193 -160.023 167.842 349.686 -153.901 201.91 356.207 -125.619 157.841 405.237 -77.228 19.232 13.2668 15.9978 
142.141 163.519 160.999 160.715 159.744 135.466 155.989 153.23 145.738 130.096 169.305 356.989 -76.2442 92.2528 351.36 -139.438 129.271 348.083 -159.883 168.225 348.056 -153.101 202.154 355.149 -125.705 158.197 404.475 -77.3377 18.63 13.3003 16.0653 
141.441 163.32 160.083 159.54 158.761 136.147 154.856 151.691 144.007 128.724 169.255 356.284 -76.7614 92.7633 351.095 -139.88 130.037 347.732 -160.071 168.637 347.476 -152.84 202.421 354.777 -125.923 158.613 403.952 -77.8774 18.2975 13.2095 16.2359 
142.012 162.996 159.457 158.841 157.918 136.592 154.076 150.082 142.474 126.627 169.541 355.818 -77.2232 93.1 351.333 -140.775 130.79 347.605 -160.458 169.459 347.296 -152.947 203.196 354.556 -125.867 159.123 403.548 -78.4161 18.3962 13.2959 16.4355 
144.313 163.323 159.866 159.413 157.408 137.498 154.074 150.078 143.134 126.335 169.47 355.111 -77.8563 93.5859 351.349 -141.826 131.083 347.559 -161.39 170.12 347.272 -154.167 204.454 354.212 -126.511 159.704 403.248 -78.9251 18.8774 13.3356 16.1902 
146.911 163.626 160.553 160.558 157.714 138.404 154.261 150.122 144.037 127.669 169.561 354.484 -78.8479 94.5335 351.252 -142.881 131.845 347.113 -162.04 170.908 347.023 -155.216 205.84 353.832 -127.623 160.232 402.889 -79.2255 18.9354 13.1131 15.8616 
146.026 163.365 160.611 160.613 157.678 138.379 154.378 150.07 144.387 127.554 170.51 354.752 -79.8841 95.144 351.54 -144.203 132.787 347.452 -163.338 172.279 347.621 -156.658 207.331 354.04 -128.522 160.825 402.555 -79.728 19.1777 13.2892 16.0377 
146.383 162.695 160.167 159.044 156.325 138.818 153.375 149.076 144.691 126.577 170.728 355.073 -81.4962 95.7374 351.843 -144.921 133.483 347.99 -164.231 173.575 349.147 -158.573 208.824 354.646 -129.572 161.407 402.299 -80.3669 19.7297 13.5021 16.2043 
144.256 162.08 160.806 159.759 154.849 136.295 152.601 149.142 145.275 126.234 172.393 357.768 -84.3474 97.4007 352.208 -146.135 135.413 348.12 -165.353 175.367 351.136 -160.807 210.05 357.103 -131.906 162.308 402.329 -81.1554 18.8933 13.2943 16.4148 
143.8 162.291 162.082 161.087 152.92 134.937 152.733 150.207 146.884 127.507 173.872 358.752 -85.9981 98.5088 352.257 -147.605 136.815 348.142 -167.022 176.978 353.349 -163.418 211.846 359.827 -134.748 163.113 402.03 -81.9914 18.5801 13.4886 16.7044 
146.222 161.743 161.165 161.994 152.154 136.338 152.094 149.753 148.27 127.33 173.704 358.513 -88.5609 99.426 351.957 -148.697 137.822 348.776 -168.494 178.339 353.944 -165.416 211.43 358.418 -134.848 163.62 401.767 -82.9748 18.2946 13.8408 16.8131 
146.746 161.728 161.112 163.275 153.198 137.258 151.875 150.031 149.148 126.646 173.716 358.701 -90.3203 100.249 351.535 -149.314 138.508 348.951 -169.458 179.353 353.619 -166.444 210.848 356.548 -134.09 164.253 401.771 -83.782 18.4893 14.0707 16.8105 
145.377 162.256 162.477 164.171 146.745 136.385 152.892 151.679 149.236 119.556 174.869 359.513 -91.2193 101.471 351.792 -150.894 140.05 349.305 -170.963 181.005 353.671 -167.237 208.988 356.176 -131.547 165.032 401.614 -84.3904 19.2155 14.0844 16.9396 
146.469 162.87 164.076 165.013 145.587 136.088 153.914 153.242 149.837 116.613 175.037 359.595 -92.2488 102.45 352.158 -152.67 141.098 349.863 -172.616 182.408 354.103 -168.183 208.211 356.236 -130.707 165.652 401.342 -84.8912 20.0935 14.2956 16.8824 
146.843 164.002 165.414 165.468 143.496 135.391 155.619 154.824 150.725 116.069 175.981 359.759 -92.9845 103.036 352.916 -154.621 142.023 350.814 -174.455 183.547 355.447 -169.483 209.769 357.16 -131.153 166.143 400.843 -85.1082 21.0015 14.4225 17.0087 
144.535 164.151 165.544 164.098 142.51 136.52 155.74 155.456 149.756 120.762 175.892 358.535 -94.1531 103.404 351.863 -155.098 142.217 350.573 -175.12 183.002 353.589 -168.719 210.128 355.32 -131.884 166.369 400.226 -85.6086 20.3833 13.8735 16.9003 
143.265 165.206 166.024 164.113 142.491 136.783 155.775 154.848 149.215 121.461 175.808 357.867 -94.7151 104.008 351.976 -155.504 142.983 349.806 -175.084 183.093 353.13 -168.645 210.378 355.096 -132.494 166.678 399.789 -86.0109 19.7408 13.3955 16.9762 
143.398 166.191 167.081 164.124 142.139 137.2 155.264 154.582 148.579 122.654 175.018 356.916 -95.2143 104.597 351.738 -155.399 143.366 348.678 -174.806 183.005 352.218 -168.359 210.857 354.945 -133.379 167.128 399.481 -86.5264 18.7499 13.0518 16.9238 
144.566 166.43 166.806 163.98 140.932 138.22 154.737 154.032 148.711 122.01 174.029 355.913 -95.8806 105.187 351.284 -155.245 143.675 348.04 -174.629 183.64 352.456 -168.773 211.321 355.083 -133.228 167.662 399.157 -86.9445 19.1014 13.3374 16.8577 
145.631 166.109 166.29 163.974 142.191 138.998 153.858 153.873 148.696 123.615 173.877 354.571 -95.9296 105.446 350.513 -154.551 143.778 347.586 -174.435 183.816 352.382 -168.985 212.061 355.367 -134.478 168.037 398.533 -87.0386 18.4077 13.4444 17.0154 
148.985 168.808 166.823 160.058 145.595 142.179 151.576 152.161 143.677 128.022 169.838 351.375 -97.3986 107.035 348.324 -153.822 144.501 344.816 -173.476 183.124 349.63 -166.76 214.24 354.655 -137.205 168.849 397.623 -88.1757 16.4954 12.4101 16.5517 
151.207 169.208 165.541 158.849 150.603 144.88 149.998 151.221 143.071 131.522 166.672 349.599 -98.4314 107.977 347.297 -153.435 145.28 344.711 -173.653 183.502 349.613 -166.963 215.685 355.141 -139.34 169.106 397.165 -88.7892 16.09 12.2385 16.7991 
150.528 167.205 164.41 158.979 154.635 145.49 148.445 150.727 143.629 133.153 166.663 349.473 -98.8598 108.588 346.635 -152.901 145.408 344.859 -173.981 183.825 350.135 -168.131 216.931 355.871 -141.214 169.444 396.991 -89.2828 16.3042 12.4801 16.9257 
150.902 165.07 164.066 160.029 158.48 146.661 147.487 151.424 145.084 135.123 166.421 348.595 -99.1679 109.219 345.936 -152.538 145.657 345.496 -174.913 184.348 350.664 -169.425 217.726 356.278 -142.703 169.813 396.742 -89.664 16.2996 12.721 17.36 
150.279 162.41 163.598 161.713 163.118 147.295 148.953 153.313 147.26 137.313 167.077 347.954 -99.1053 109.942 345.149 -152.909 146.36 345.671 -175.852 185.316 350.85 -170.491 218.647 356.707 -143.985 170.197 396.334 -89.8011 16.089 12.9017 17.5735 
151.119 159.639 163.059 162.792 166.969 148.229 149.522 154.138 148.41 138.88 167.37 346.637 -98.5366 110.269 344.208 -152.624 146.653 345.056 -176 185.752 350.399 -170.851 218.997 356.707 -144.841 170.439 395.838 -89.8805 15.7774 13.0141 17.7344 
151.396 157.078 162.211 162.581 169.955 148.794 149.149 153.854 148.861 139.456 167.666 345.646 -98.23 110.584 343.16 -151.851 146.999 343.958 -175.524 186.192 349.961 -170.99 218.997 356.117 -144.907 170.651 395.203 -89.8137 15.4865 13.186 17.9187 
151.527 156.391 161.45 162.354 173.001 149.478 148.157 153.679 148.847 140.533 167.271 345 -98.4025 110.738 342.673 -151.706 147.302 343.908 -175.844 186.297 349.61 -171.286 219.179 355.605 -145.521 170.896 394.704 -89.9746 15.3779 13.039 18.3189 
149.233 155.342 160.574 162.038 174.918 148.496 147.155 153.116 148.564 140.764 168.334 345.798 -98.6158 111.089 343.053 -151.796 147.92 344.291 -176.1 186.711 349.646 -171.634 219.885 355.538 -146.023 171.247 394.692 -90.195 15.5795 12.917 18.6133 
146.546 155.036 160.506 162.712 178.054 147.179 147.743 153.468 149.511 142.258 169.875 346.211 -98.6582 111.34 342.925 -152.188 148.348 344.236 -176.457 187.3 349.806 -172.233 220.826 356.253 -147.109 171.532 394.464 -90.381 15.6805 13.0687 18.6597 
144.109 155.905 160.66 163.223 179.227 145.971 148.251 153.393 150.212 143.106 170.735 346.581 -98.6932 111.564 342.926 -152.81 148.746 343.952 -176.551 187.6 349.777 -172.446 221.549 356.63 -147.657 171.803 394.291 -90.5532 15.9582 13.0291 18.4488 
142.559 156.614 161.279 164.188 178.406 145.385 150.141 154.221 151.096 144.39 171.745 346.896 -98.7403 111.892 343.255 -153.864 149.348 344.206 -176.98 188.427 350.138 -172.766 222.283 357.555 -148.337 172.178 394.108 -90.5029 15.8135 13.1851 18.2145 
141.601 158.913 161.872 164.766 177.925 145.494 149.643 153.716 151.32 145.246 171.812 346.713 -98.6924 112.093 342.923 -153.601 149.279 343.586 -176.58 188.55 350.049 -172.764 222.995 357.943 -148.774 172.613 394.081 -90.5222 16.1713 13.3749 17.9739 
141.776 159.406 162.289 165.323 179.293 145.542 149.939 153.941 152.255 146.465 171.705 346.127 -97.7701 112.045 342.515 -153.025 148.727 342.788 -175.899 188.397 349.823 -172.621 223.519 358.182 -149.133 172.935 393.877 -90.1619 16.5832 13.7058 17.5427 
143.627 159.154 162.426 166.234 178.501 145.928 149.709 153.491 152.088 147.529 171.61 346.004 -97.2208 111.942 342.667 -152.473 148.329 342.329 -175.13 188.328 349.442 -172.185 223.537 358.386 -149.483 173.347 393.976 -89.8308 16.4531 13.9232 17.1754 
146.115 159.451 161.938 166.052 178.754 146.812 148.507 152.748 151.432 147.952 170.945 345.122 -96.9476 112.005 342.422 -151.33 148.064 342.062 -174.36 187.979 348.788 -171.652 223.052 357.761 -149.536 173.729 393.723 -89.5795 16.0784 13.8376 17.2183 
147.331 160.666 164.272 166.016 176.304 147.399 145.243 150.683 148.421 149.648 171.693 345.115 -96.9487 113.686 342.205 -149.773 149.063 340.261 -172.536 187.771 346.744 -169.704 223.334 356.887 -149.507 175.171 393.934 -89.5448 16.2218 12.8956 16.6841 
147.572 160.164 164.58 166.327 174.27 146.715 147.906 151.232 148.069 148.453 174.015 345.968 -95.9383 113.695 343.142 -149.925 149.245 339.747 -171.489 188.35 346.101 -168.528 223.484 356.226 -148.606 176.376 394.459 -88.9276 15.5461 12.9995 16.1392 
151.893 159.877 164.806 164.882 174.27 148.616 148.402 151.59 146.82 147.5 172.767 345.696 -96.7036 114.928 343.816 -150.61 150.963 340.368 -172.023 189.994 346.386 -168.201 224.938 356.311 -148.678 177.526 394.258 -88.6573 15.4492 12.8654 16.3491 
156.028 162.157 164.669 163.459 174.27 149.462 150.011 151.204 144.618 147.092 173.385 344.969 -97.5266 115.807 344.776 -152.361 152.766 340.696 -172.443 191.284 345.967 -166.883 226.045 356.39 -148.622 178.706 393.898 -88.5626 15.3301 12.3801 16.4907 
154.37 163.672 164.191 163.325 174.27 149.412 148.79 150.832 144.049 146.54 174.982 346.118 -98.6437 117.388 344.912 -152.421 154.519 341.343 -172.499 192.774 346.553 -166.776 228.156 356.553 -148.09 180.179 393.995 -88.3417 15.8592 12.1949 16.6078 
154.792 164.496 164.422 162.821 174.27 150.009 148.427 151.468 143.943 144.703 176.125 345.871 -99.2732 119.161 344.693 -152.529 156.343 341.874 -173.076 194.178 346.609 -166.528 228.982 356.148 -147.499 181.415 393.672 -88.3151 15.4111 11.9049 16.796 
149.801 167.24 165.044 162.091 174.27 148.738 147.517 150.641 143.126 144.69 178.068 346.511 -99.4502 120.882 344.366 -152.296 157.995 341.369 -172.438 195.523 346.417 -165.864 231.098 355.963 -147.137 182.745 393.406 -88.084 16.1911 11.7056 16.6714 
139.527 167.823 164.913 161.607 174.27 146.357 147.554 151.909 143.424 144.59 181.431 347.112 -97.9507 122.65 344.203 -151.406 159.662 342.975 -172.803 197.264 347.517 -165.767 233.26 356.893 -146.631 184.063 393.375 -87.4444 16.7693 11.817 17.1417 
130.246 167.55 164.463 162.181 174.27 144.688 148.781 153.012 145.852 144.989 185.393 347.424 -95.0112 123.904 343.419 -150.16 160.375 342.222 -171.636 198.336 347.567 -165.551 234.593 357.497 -146.199 185.282 393.216 -86.1869 16.8951 12.0239 16.6842 
148.208 179.91 166.425 165.409 174.27 141.232 156.634 155.057 149.893 120.652 193.654 347.411 -95.9029 125.97 343.942 -153.431 164.409 343.603 -173.725 203.31 350.312 -167.92 234.686 354.486 -136.707 186.645 391.471 -84.9573 18.4521 13.0214 17.4392 
157.668 175.45 168.953 165.35 165.349 137.439 154.745 153.617 150.622 117.085 198.515 348.947 -94.18 126.758 342.651 -152.009 164.333 344.012 -172.969 204.41 350.91 -168.194 237.068 354.578 -134.656 188.075 391.342 -84.2604 20.4471 13.9055 17.078 
158.762 171.723 168.909 164.713 147.462 134.858 153.298 153.507 151.349 115.482 201.735 347.561 -90.7219 127.975 341.377 -150.29 164.626 344.945 -172.552 205.548 351.398 -168.151 238.766 354.218 -132.47 189.427 391.117 -83.3514 22.113 14.4878 17.144 
161.545 168.217 163.468 165.651 146.351 133.441 152.276 148.713 151.718 115.895 202.374 347.829 -89.1099 130.074 341.23 -149.513 165.863 345.197 -170.556 208.776 352.244 -167.505 240.789 353.359 -130.402 191.186 391.361 -82.573 22.9042 16.2969 16.4063 
166.66 166.302 159.669 165.042 142.702 130.029 151.717 147.872 152.254 116.191 206.296 348.418 -87.9688 132.213 339.8 -148.719 168.494 346.086 -170.742 211.786 353.011 -167.219 242.443 353.357 -129.255 192.797 390.789 -81.9922 23.0152 16.6782 17.5719 
163.394 169.749 155.555 166.692 151.71 125.13 155.729 145.458 152.34 115.079 214.23 352.714 -86.4227 134.107 339.762 -149.821 171.289 346.228 -169.776 214.993 352.78 -166.479 244.093 353.089 -127.715 194.738 391.772 -81.605 23.2622 16.9955 17.074 
164.859 170.676 149.782 167.385 157.574 123.138 157.668 144.929 152.203 115.46 219.207 353.795 -85.6878 135.964 338.394 -150.436 173.748 344.797 -169.13 217.097 351.554 -165.993 245.085 352.359 -127.442 196.226 391.458 -81.6392 22.802 16.7821 16.8306 
162.205 169.783 149.161 170.11 153.249 121.667 159.047 146.728 153.413 116.038 225.283 355.886 -84.0988 137.709 337.192 -149.896 175.826 344.122 -168.368 219.288 350.997 -165.468 246.464 353.641 -127.172 197.761 392.1 -81.0713 22.0804 16.7576 16.7714 
166.554 172.017 146.203 171.549 163.079 121.659 161.637 146.413 154.406 114.377 233.567 356.684 -82.3175 142.325 334.724 -150.846 180.537 343.366 -167.839 221.953 352.318 -165.536 246.986 356.688 -127.361 199.393 392.243 -80.7607 21.6724 15.558 16.4104 
166.586 174.621 143.264 170.97 165.785 119.964 165.197 151.755 155.656 116.012 237.751 358.215 -79.7287 144.423 334.779 -151.561 184.561 344.289 -169.587 224.761 353.205 -165.722 248.236 357.184 -126.461 200.641 392.73 -80.1065 23.0101 14.593 17.8193 
166.691 174.896 152.928 171.945 165.056 119.48 164.985 155.424 156.959 125.442 237.676 356.989 -77.1312 144.616 335.684 -149.862 182.052 343.791 -169.315 223.647 352.218 -164.881 250.099 358.678 -129.8 201.564 394.019 -79.3471 19.2391 15.2327 16.064 
165.521 175.357 159.567 172.069 162.464 119.911 164.116 158.069 157.266 134.88 235.183 353.001 -72.9816 144.673 335.283 -147.296 180.665 342.343 -168.057 221.826 349.837 -163.269 251.748 359.326 -132.425 202.154 394.614 -78.3992 17.0217 14.6415 15.3122 
171.049 177.439 164.456 170.734 165.701 122.407 164.349 161.02 156.874 147.513 232.864 347.686 -68.528 144.042 334.256 -144.082 179.762 341.067 -166.71 220.208 348.393 -161.545 254.133 361.276 -136.012 202.754 395.144 -77.2905 16.7439 13.9814 15.6982 
168.316 177.227 167.816 170.496 169.132 124.258 164.205 164.223 156.988 155.306 230.458 343.326 -63.432 142.372 331.458 -138.868 178.596 339.73 -165.46 218.524 346.92 -160.193 255.407 363.279 -138.64 203.065 395.192 -76.2081 17.9483 13.5177 17.8054 
164.098 175.539 168.603 169.832 167.662 125.455 165.87 166.765 157.433 157.224 228.478 341.546 -60.4581 140.347 330.098 -135.495 177.881 339.023 -164.747 217.596 346.072 -159.421 256.255 364.887 -139.619 203.362 395.243 -75.453 19.4399 13.412 19.7363 
159.289 172.905 169.729 170.285 167.838 126.246 167.182 168.454 157.611 158.437 228.42 342.109 -59.0789 139.483 329.891 -133.896 177.34 338.6 -164.212 217.006 345.194 -158.681 256.844 365.922 -140.397 203.869 395.654 -75.1417 20.5342 13.4718 20.2739 
153.485 171.567 170.88 171.473 167.835 126.338 168.144 169.472 157.357 158.543 229.559 344.427 -59.0495 138.982 330.747 -133.558 176.852 338.563 -163.832 216.339 344.125 -157.642 256.658 365.249 -140.343 204.277 396.265 -74.9032 20.6574 13.5436 20.0176 
150.61 171.312 171.514 172.625 167.49 126.394 169.339 170.074 157.238 156.223 231.002 346.817 -60.7113 138.867 331.251 -133.868 176.575 338.604 -163.698 215.833 343.404 -156.849 255.802 364.165 -139.769 204.448 396.6 -74.7492 20.0406 13.7163 19.5437 
149.166 171.196 171.593 172.246 166.544 126.422 169.656 169.926 156.835 152.767 230.407 348.07 -61.7133 139.08 332.44 -134.985 176.76 338.87 -163.754 215.57 342.731 -156.196 255.183 363.289 -138.622 204.532 396.946 -74.6614 19.6678 13.7381 18.8696 
149.308 171.378 171.683 171.737 166.497 127.455 169.514 169.933 156.895 150.721 229.855 348.478 -62.7108 139.049 333.178 -135.596 176.919 338.942 -163.755 215.511 342.224 -155.719 254.787 362.803 -137.773 204.591 397.175 -74.548 19.3795 13.8382 18.5887 
148.766 171.32 171.749 170.67 166.956 128.154 168.678 169.683 156.888 149.412 228.832 348.819 -63.2762 139.324 334.062 -136.324 177.381 339.054 -163.781 215.76 341.934 -155.507 255.012 362.789 -137.368 204.801 397.51 -74.5754 19.4156 13.783 18.3114 
149.436 171.838 171.878 170.114 168.235 128.096 168.193 169.65 156.577 148.637 229.223 349.019 -63.8168 139.471 334.619 -137.038 177.491 339.345 -164.066 215.846 341.844 -155.396 255.306 363.414 -137.543 204.936 397.541 -74.6235 19.741 13.978 18.0927 
150.651 172.422 171.785 169.424 169.224 127.55 167.09 169.51 156.113 148.335 230.206 349.497 -64.5052 139.825 334.865 -137.39 177.701 339.751 -164.249 216.161 341.91 -155.406 255.894 364.054 -137.642 204.918 397.307 -74.656 20.2765 14.1875 18.0126 
150.724 172.632 171.524 168.394 169.636 127.606 166.102 169.114 155.74 147.751 230.063 349.453 -64.7999 140.036 334.776 -137.722 177.658 339.903 -164.481 216.575 342.042 -155.625 256.48 364.808 -137.764 204.999 397.139 -74.6795 20.7458 14.4542 17.8445 
150.397 173.296 171.245 167.518 171.226 128.035 165.088 168.712 156.081 147.257 229.855 349.286 -65.0032 140.842 334.596 -137.776 177.778 339.892 -164.462 216.936 342.205 -156.075 256.471 364.564 -137.756 205.273 397.126 -74.6876 20.2882 14.408 17.4253 
150.527 173.769 171.135 166.868 172.047 128.869 164.272 168.261 156.76 146.756 229.699 349.252 -65.5829 141.725 334.694 -137.83 178.167 340.003 -164.481 217.615 342.779 -156.788 256.788 364.708 -137.784 205.788 397.433 -74.8222 19.872 14.2586 17.1291 
151.18 173.725 171.732 166.096 172.118 130.352 163.642 167.709 157.012 148.182 228.962 348.34 -66.3871 142.405 334.159 -137.341 178.384 340.312 -164.526 218.588 344.006 -157.615 258.147 366.134 -138.668 206.216 397.325 -74.8243 20.4319 14.4321 17.2517 
151.403 172.983 172.496 166.826 170.989 130.007 163.909 166.907 156.644 148.322 229.78 348.537 -66.9411 143.499 334.221 -137.87 179.204 340.639 -164.813 219.825 344.915 -158.328 259.179 367.925 -139.348 206.814 397.427 -75.0143 20.6595 14.6078 17.0741 
151.953 172.56 173.227 168.385 169.295 128.399 164.396 166.201 156.206 147.179 231.405 349.318 -67.0222 144.492 334.462 -138.474 179.837 341.177 -165.116 220.664 345.6 -158.896 259.826 369.007 -139.4 207.43 397.603 -75.2059 20.72 14.7329 16.8103 
153.123 172.024 173.116 169.573 167.925 128.059 165.321 165.537 154.812 145.965 233.553 350.24 -69.7343 145.79 334.223 -139.682 180.967 341.567 -165.673 221.744 346.429 -159.251 260.509 370.714 -139.976 208 397.477 -75.7366 20.8812 14.8697 16.5891 
153.819 171.61 173.608 171.726 167.632 126.491 166.162 165.722 154.578 146.986 235.331 351.274 -70.212 146.483 334.033 -140.092 181.035 342.143 -166.238 221.977 346.99 -159.67 261.344 371.535 -140.73 208.532 397.547 -76.0868 21.4593 15.0058 16.4096 
154.234 171.531 174.18 174.146 168.23 125.967 166.771 166.203 154.734 147.674 236.83 351.493 -69.767 147.048 333.558 -139.65 180.947 342.594 -166.636 222.122 347.164 -159.723 261.943 371.932 -141.125 209.113 397.752 -76.2899 21.8548 15.2232 16.537 
152.949 171.397 175.039 176.569 169.726 125.929 167.216 166.584 155.491 147.938 237.753 351.824 -69.0029 147.159 333.079 -138.684 180.399 342.633 -166.703 221.824 346.949 -159.548 261.768 371.394 -141.24 209.579 398.085 -76.3654 21.6362 15.4139 16.6846 
152.866 170.353 175.15 179.447 170.453 125.522 167.603 166.891 155.548 147.975 239.949 352.21 -68.93 147.67 332.535 -138.301 180.533 342.906 -166.981 222.186 346.846 -159.423 261.64 371.276 -141.368 209.915 398.019 -76.49 21.1895 15.7739 16.9465 
152.124 170.839 175.014 179.862 170.715 125.944 167.564 167.046 156.943 148.8 241.429 352.487 -69.2057 147.781 331.387 -136.866 180.343 342.591 -166.872 222.227 347.106 -160.427 261.098 370.997 -141.674 210.058 397.799 -76.5164 20.4431 15.6384 17.6406 
151.575 170.58 173.598 179.048 169.791 127.55 168.114 168.083 158.324 149.451 240.824 351.556 -69.6451 147.896 331.267 -136.88 180.568 343.124 -166.977 222.875 347.951 -161.228 261.33 371.484 -141.726 210.245 397.714 -76.5226 20.1374 15.87 17.9246 
151.713 170.202 171.748 177.668 168.683 128.532 168.323 169.225 159.687 151.252 241.03 351.617 -70.8521 148.201 331.08 -137.274 180.883 343.438 -167.197 223.438 348.866 -162.128 261.491 372.544 -142.426 210.396 397.734 -76.6074 19.9104 15.9162 17.9552 
151.758 169.696 170.318 176.097 168.131 129.402 168.458 170.07 160.609 153.518 241.084 351.737 -72.396 148.47 331.409 -138.11 181.329 344.212 -167.827 223.915 349.719 -162.873 261.832 373.521 -143.311 210.537 397.742 -76.786 19.8619 15.918 18.0522 
147.885 169.396 168.505 176.193 168.318 129.958 168.343 170.11 160.804 151.717 239.576 351.985 -73.8699 149.509 332.311 -140.149 182.321 343.987 -167.947 225.125 351.521 -163.362 262.219 374.836 -143.382 210.706 397.718 -77.0448 19.3953 16.1598 16.8497 
144.574 169.056 167.827 174.308 169.7 131.744 168.339 170.349 160.892 152.182 236.402 350.866 -74.2313 150.205 333.585 -141.856 183.191 344.046 -168.281 225.885 353.054 -163.582 262.789 376.485 -143.915 210.766 397.674 -77.1045 19.5492 16.1717 16.146 
142.673 169.368 167.41 172.345 171.061 133.545 169.149 170.562 161.059 153.246 234.402 350.669 -75.2967 150.991 334.842 -143.675 184.013 344.256 -168.615 226.655 354.462 -163.726 263.509 378.379 -144.537 210.924 397.65 -77.1277 19.9182 16.2525 15.4414 
141.506 169.707 167.102 170.269 171.688 135.3 169.625 170.465 160.844 154.107 232.359 350.255 -76.0592 151.453 336.299 -145.136 184.633 344.486 -168.803 227.206 355.376 -163.693 264.153 379.809 -144.9 211.03 397.615 -77.1394 20.4081 16.2687 14.9769 
142.004 170.337 167.281 168.587 171.894 136.063 170.196 170.308 160.934 154.941 231.219 349.852 -76.3249 151.755 337.528 -146.514 185.273 344.268 -168.925 227.66 355.861 -163.746 264.531 380.431 -145.04 210.958 397.429 -77.1601 20.5958 16.136 14.683 
142.31 171.368 167.618 167.771 171.245 135.775 171.375 170.33 161.055 153.793 231.315 349.627 -75.943 151.98 338.654 -147.799 185.822 344.204 -169.138 228.113 356.301 -163.742 264.28 380.406 -144.57 210.904 397.353 -77.0645 19.9983 16.147 14.5915 
142.441 172.064 167.872 167.613 170.964 134.68 172.164 170.263 161.01 152.943 231.961 349.578 -75.4484 152.193 339.522 -148.682 186.34 344.093 -169.201 228.43 356.508 -163.71 264.081 380.494 -144.203 210.828 397.249 -76.989 19.6563 16.0827 14.6635 
142.536 172.731 168.304 167.2 171.708 133.713 173.055 170.467 161.38 153.239 232.472 349.595 -74.6149 152.156 340.265 -148.921 186.64 343.676 -169.007 228.352 356.555 -163.618 263.993 380.987 -144.336 210.836 397.264 -76.8672 19.7807 15.8626 14.9664 
143.253 173.172 168.075 167.063 171.89 132.573 173.516 169.851 161.507 152.702 233.264 349.9 -73.9089 152.187 340.987 -148.991 187.344 343.087 -168.255 228.419 356.476 -163.184 263.926 381.222 -144.183 210.845 397.482 -76.7474 19.7926 15.4933 15.4981 
145.586 174.438 168.207 167.941 171.134 130.793 173.658 170.469 163.85 155.569 235.044 349.367 -71.5948 152.172 340.28 -147.794 186.516 343.097 -167.746 227.271 355.18 -163.279 263.971 379.922 -144.507 210.719 397.751 -76.4514 20.2236 14.9659 14.6932 
146.794 176.68 169.063 168.441 170.59 130.405 173.401 171.192 164.511 157.425 235.524 349.126 -69.7863 150.779 338.594 -145.034 184.978 343.655 -167.379 225.777 353.616 -162.642 264.147 378.806 -144.484 210.667 398.267 -76.1742 21.2534 14.7982 14.8802 
151.123 175.174 169.732 170.092 168.313 128.749 171.703 171.773 164.453 157.035 237.689 348.68 -67.5831 149.452 336.686 -142.894 183.183 344.642 -166.985 223.683 352.4 -161.305 262.524 378.278 -144.225 209.95 398.695 -75.8074 21.4807 14.8883 15.25 
153.367 174.533 171.066 174.403 166.73 127.819 171.103 171.276 163.155 155.224 239.99 350.211 -68.4775 148.476 335.748 -141.919 181.991 345.05 -167.108 222.774 351.539 -160.627 260.857 378.116 -144.105 209.597 398.984 -75.88 20.8972 15.45 15.648 
153.623 173.87 172.169 176.052 166.098 126.465 169.281 169.858 162.325 155.127 240.473 351.795 -68.5335 147.789 334.218 -139.668 181.02 344.66 -166.418 221.708 350.655 -160.409 260.112 376.615 -143.701 209.004 399.076 -75.7013 20.7183 15.184 16.2792 
153.339 172.374 172.371 176.202 166.956 127.343 166.932 168.37 162.422 154.792 237.177 349.044 -65.2812 146.055 333 -136.216 179.702 343.622 -165.077 220.357 349.884 -160.298 259.663 374.641 -142.587 208.17 398.96 -75.1572 20.9982 14.6327 17.5594 
153.406 171.569 172.732 175.806 167.596 127.311 166.989 167.439 161.347 154.642 235.839 349.394 -64.1856 144.855 333.607 -135.066 178.887 343.6 -164.239 219.404 349.228 -159.533 259.292 373.49 -141.896 207.691 399.383 -74.7558 21.1748 14.4489 17.8217 
152.457 170.683 172.573 175.651 167.628 127.27 166.63 166.428 160.393 154.337 234.941 349.973 -63.8871 143.705 333.89 -134.264 177.994 343.665 -163.774 218.442 348.994 -159.506 258.632 372.58 -141.656 207.05 399.47 -74.533 21.1408 14.2614 18.1155 
151.786 170.788 171.93 175.484 167.402 128.018 167.304 165.718 159.255 153.49 234.089 350.753 -65.1036 142.744 334.432 -134.518 177.5 343.742 -163.739 217.82 348.926 -159.641 257.968 372.005 -141.46 206.389 399.468 -74.5696 21.0156 14.1492 18.1386 
152.739 171.25 171.314 174.576 167.182 129.183 167.866 165.277 158.135 152.583 232.763 350.696 -65.9929 142.002 335.273 -135.274 177.673 343.905 -163.729 217.626 349.015 -159.361 257.488 371.686 -140.928 205.623 399.468 -74.4371 20.8574 13.9315 18.155 
153.164 171.649 170.71 173.041 166.317 130.253 168.419 164.754 157.334 151.557 231.554 350.116 -66.1831 141.081 335.758 -136.01 178.008 343.846 -163.721 217.681 349.529 -159.395 256.996 372.071 -140.583 204.793 399.325 -74.2762 20.627 13.7328 18.4479 
152.188 172.554 170.174 172.94 166.306 129.323 169.529 164.719 156.864 151.058 232.531 350.838 -65.6592 140.108 336.549 -136.893 178.068 343.866 -163.946 217.369 349.66 -159.494 256.198 372.292 -140.645 204.007 399.214 -74.2436 20.3518 13.524 18.6529 
151.614 172.115 169.604 172.748 166.738 129.098 169.021 164.815 156.301 150.62 231.183 350.403 -64.0221 139.17 337.354 -136.639 177.543 344.515 -163.903 216.647 349.748 -158.955 255.692 372.13 -140.143 203.313 399.51 -73.9347 20.4854 13.4692 18.9627 
151.128 172.116 169.487 172.69 166.473 127.015 167.208 165.078 155.837 149.877 231.854 350.137 -61.3519 138.549 336.335 -136.013 176.897 344.419 -164.021 215.658 349.496 -158.897 254.191 371.503 -140.131 202.493 399.447 -73.9721 19.8713 13.2282 19.3204 
151.935 172.56 170.178 171.64 165.355 127.457 167.618 165.015 154.476 148.781 233.024 350.113 -62.6966 138.119 336.039 -137.08 177.141 344.209 -164.285 215.621 350.058 -158.874 252.823 372.735 -140.612 201.54 399.113 -74.121 19.1552 13.187 19.4006 
152.089 172.786 170.115 170.847 165.793 127.506 167.094 165.038 154.484 146.596 233.45 350.647 -63.7895 137.274 335.599 -137.253 177.069 343.847 -164.297 215.225 350.167 -159.003 251.318 371.837 -139.989 200.626 398.693 -74.0806 18.0227 12.9649 19.801 
150.571 172.257 169.622 169.506 166.12 127.198 165.29 164.828 154.884 144.745 232.023 351.128 -63.9312 136.453 335.395 -136.616 176.197 343.066 -163.63 214.364 349.409 -158.571 250.05 369.69 -138.751 199.758 398.419 -74.0006 17.3711 12.8316 19.7348 
150.763 172.023 169.439 168.579 165.46 127.647 164.089 164.392 155.314 143.818 230.725 351.718 -64.7095 136.102 335.944 -137.25 175.711 342.484 -163.372 213.814 348.939 -158.435 249.042 368.357 -138.164 199.177 398.658 -74.286 16.7931 12.6169 19.1621 
151.221 171.471 169.143 167.981 165.036 128.764 163.718 164.529 156.323 142.894 229.864 352.192 -66.4682 135.512 336.085 -137.22 175.267 341.76 -162.71 213.527 348.707 -158.179 247.809 366.54 -136.954 198.559 398.745 -74.3868 15.868 12.6314 18.9555 
148.782 170.36 168.037 167.003 165.207 129.125 163.038 163.912 156.69 140.433 228.331 352.015 -67.2087 134.88 336.467 -137.115 174.787 341.594 -162.184 213.366 349.256 -158.429 247.038 365.499 -135.686 197.966 398.644 -74.5454 15.7135 12.7783 18.9558 
150.33 168.172 168.057 166.548 164.523 129.27 161.464 164.249 157.586 139.993 227.852 352.277 -68.0439 134.329 335.922 -136.105 173.706 341.538 -161.977 212.694 349.733 -158.884 246.215 365.228 -135.299 197.373 398.479 -74.4455 15.763 12.9855 18.9902 
151.191 166.96 167.701 166.082 163.929 129.257 160.11 164.301 158.027 138.697 227.104 352.354 -68.7999 133.694 335.435 -135.59 173.205 341.52 -162.155 212.5 350.06 -159.284 245.502 364.931 -134.696 196.824 398.169 -74.4368 15.6763 13.2037 19.4154 
150.471 166.464 167.944 166.204 163.749 128.442 159.248 164.636 158.806 137.458 227.678 353.442 -69.1547 133.132 335.284 -135.296 172.511 341.563 -162.387 212.166 350.215 -159.695 244.677 364.188 -133.891 196.369 398.071 -74.4149 15.6982 13.3982 19.5324 
151.945 166.767 168.312 166.567 163.545 128.204 159.741 165.381 159.255 136.863 228.067 353.686 -69.4292 132.699 334.798 -135.341 172.025 341.398 -162.566 211.857 349.969 -159.627 244.032 363.772 -133.228 195.971 397.692 -74.1481 15.8036 13.5558 19.5251 
153.334 168.179 168.488 166.773 163.97 128.194 160.637 165.704 159.243 136.334 228.959 354.13 -70.1608 132.424 334.622 -136.077 171.879 341.332 -163.064 211.659 349.886 -159.955 243.749 364.059 -133.206 195.803 397.397 -74.1573 15.941 13.5627 19.4526 
154.546 169.622 168.593 167.054 164.852 128.285 161.122 165.473 158.801 136.303 229.732 354.619 -71.559 132.033 334.743 -137.095 171.979 341.211 -163.575 211.44 349.847 -160.248 243.491 364.668 -133.568 195.424 397.085 -74.3245 15.8695 13.3741 19.511 
156.016 169.542 168.159 167.112 164.511 128.497 160.442 164.361 158.122 135.071 229.95 354.753 -72.8106 131.639 334.455 -137.083 171.867 340.641 -163.046 211.153 349.764 -159.949 242.915 364.902 -133.292 195.068 396.783 -74.3773 15.7278 13.3081 19.5675 
155.633 172.631 166.95 166.315 162.879 129.773 158.949 161.004 155.237 135.698 229.557 354.153 -74.7209 131.078 334.172 -136.614 171.965 339.982 -161.488 210.773 349.92 -158.826 242.395 366.103 -134.066 194.518 396.513 -74.5693 15.1799 13.2024 19.9275 
159.965 169.943 164.349 167.89 169.592 132.027 158.488 159.715 153.433 135.698 226.196 353.969 -79.2855 132.21 334.986 -138.208 173.647 340.587 -161.463 211.351 351.018 -158.571 242.181 367.939 -135.439 194.357 396.578 -75.2999 14.5901 12.8218 20.1743 
158.688 168.427 164.409 167.354 168.63 132.433 157.751 159.354 152.745 136.155 223.611 353.584 -80.4862 131.754 336.08 -138.239 172.577 341.812 -161.836 210.448 351.483 -158.602 241.549 367.941 -135.806 193.952 396.76 -75.5821 14.5413 12.881 19.9357 
