142.706 158.71 150.41 153.812 153.348 124.619 150.883 149.736 144.203 135.187 -109.385 253.656 -11.5339 -187.252 268.681 -82.5025 -151.342 268.156 -101.569 -116.887 264.377 -95.3095 -87.2775 267.007 -72.766 -129.884 295.974 -5.74984 10.4899 10.8208 15.0141 
142.298 158.67 150.266 153.709 153.118 124.294 150.773 149.873 144.463 135.486 -110.06 253.523 -11.2541 -187.844 268.72 -82.5006 -152.229 268.194 -101.58 -117.732 264.459 -95.5007 -87.855 266.856 -73.0059 -130.371 295.691 -5.69039 10.6266 10.7312 14.7707 
141.436 158.487 150.38 153.973 153.21 124.044 150.58 149.666 144.383 135.568 -111.272 253.586 -11.4397 -188.264 268.568 -82.5171 -152.799 267.902 -101.536 -118.326 264.16 -95.5263 -88.3505 266.571 -73.1518 -130.827 295.432 -5.71995 10.6412 10.676 14.6449 
140.89 158.436 150.359 153.944 153.323 123.867 150.609 149.609 144.1 135.387 -112.312 253.693 -11.6585 -188.822 268.69 -82.6099 -153.251 267.974 -101.623 -118.745 264.007 -95.482 -88.8348 266.468 -73.173 -131.334 295.376 -5.80317 10.5997 10.8029 14.7444 
140.807 158.315 150.225 153.88 153.537 124.052 150.24 149.145 143.392 134.643 -113.136 254.022 -12.1347 -189.33 268.694 -82.5472 -153.581 268.097 -101.559 -119.106 263.951 -95.1912 -89.4404 266.539 -72.8655 -131.982 295.625 -5.88136 10.516 10.9638 14.9161 
140.726 158.128 149.878 153.635 153.54 124.09 149.786 148.758 142.838 134.05 -113.926 254.344 -12.4483 -189.853 268.74 -82.4772 -153.96 268.326 -101.523 -119.528 264.033 -94.9932 -90.0547 266.64 -72.6289 -132.642 295.847 -5.94498 10.4794 11.0813 15.0546 
140.769 157.799 149.404 153.243 153.311 124.015 149.235 148.281 142.394 133.522 -114.518 254.54 -12.5879 -190.295 268.603 -82.4013 -154.361 268.451 -101.456 -120.058 264.305 -94.9072 -90.7517 267.025 -72.5584 -133.317 295.985 -6.00771 10.3796 11.0303 15.1185 
141.139 157.671 149.271 153.214 153.311 124.116 148.711 147.863 142.245 133.422 -114.898 254.699 -12.653 -190.78 268.427 -82.2464 -154.902 268.491 -101.324 -120.68 264.665 -94.9163 -91.403 267.481 -72.608 -133.99 296.151 -5.99803 10.3271 10.8865 15.094 
141.194 157.474 149.284 153.259 153.134 123.961 148.497 147.693 142.424 133.555 -115.436 254.768 -12.6222 -191.404 268.236 -82.2078 -155.655 268.275 -101.283 -121.423 264.69 -95.1053 -92.0778 267.425 -72.7465 -134.607 296.039 -6.01468 10.3432 10.7423 14.989 
140.702 156.965 149.078 153.069 152.664 123.309 147.9 147.454 142.504 133.623 -116.17 254.668 -12.3909 -191.806 267.659 -82.022 -156.64 267.97 -101.173 -122.371 264.758 -95.3427 -92.7215 267.383 -73.0544 -135.122 295.64 -5.9826 10.4791 10.5532 14.5444 
140.214 157.011 148.972 152.802 152.271 122.581 148.223 147.989 142.944 133.923 -116.815 254.269 -11.8039 -192.516 267.495 -82.0287 -157.62 267.837 -101.249 -123.159 264.581 -95.5508 -93.2077 266.982 -73.2352 -135.515 295.092 -5.90231 10.6676 10.6081 14.3493 
139.55 156.575 148.39 152.379 151.835 122.074 147.901 147.642 142.553 133.497 -117.735 253.934 -11.6203 -193.101 267.173 -81.8438 -158.261 267.496 -101.066 -123.789 264.194 -95.4239 -93.7506 266.577 -73.2144 -135.907 294.563 -5.86347 10.6961 10.6294 14.3552 
139.818 156.418 148.126 152.047 151.692 122.035 147.864 147.761 142.161 132.868 -118.248 253.622 -11.539 -193.737 267.183 -81.7779 -158.759 267.634 -101.106 -124.145 263.92 -95.1991 -94.2338 266.182 -72.8523 -136.375 294.387 -5.84049 10.726 10.9218 14.5216 
139.994 156.359 147.765 151.702 151.543 121.927 147.561 147.491 141.576 132.212 -118.741 253.763 -11.4536 -194.374 267.305 -81.6535 -159.237 267.807 -101.008 -124.618 263.718 -94.8393 -94.878 265.965 -72.4364 -137.004 294.493 -5.7768 10.7137 11.1434 14.678 
140.503 156.327 147.566 151.709 151.645 122.144 147.47 147.401 141.394 131.921 -118.865 253.826 -11.5018 -194.945 267.419 -81.4771 -159.665 267.944 -100.868 -125.116 263.741 -94.6352 -95.5575 265.998 -72.2057 -137.578 294.611 -5.69185 10.6451 11.2155 14.8308 
141.234 156.654 147.742 151.873 151.884 122.456 148.05 147.901 141.726 132.128 -118.8 253.699 -11.2464 -195.718 267.787 -81.4316 -160.298 268.251 -100.849 -125.667 263.863 -94.5614 -96.1914 265.996 -71.9992 -138.188 294.68 -5.4717 10.6646 11.3554 14.9439 
141.634 156.652 147.706 151.822 151.879 122.48 148.337 148.028 142.016 132.592 -118.727 253.584 -10.9455 -196.434 267.952 -81.3064 -160.998 268.263 -100.685 -126.362 264.011 -94.569 -96.8365 266.199 -72.133 -138.724 294.562 -5.27814 10.5812 11.286 14.974 
141.813 156.596 147.571 151.634 151.329 122.237 148.617 148.319 142.479 132.917 -118.654 253.247 -10.5551 -196.87 267.621 -81.1998 -161.599 267.909 -100.575 -126.946 263.879 -94.6982 -97.3609 265.95 -72.2368 -139.038 294.018 -5.07394 10.5456 11.1555 14.8417 
141.606 156.371 147.282 151.427 151.007 121.68 148.632 148.397 142.728 133.196 -118.837 252.912 -9.79841 -197.325 267.392 -80.9435 -162.34 267.616 -100.289 -127.663 263.816 -94.6767 -97.8324 265.892 -72.3598 -139.371 293.49 -4.76443 10.5737 11.0297 14.6332 
141.194 156.217 147.185 151.203 150.642 121.018 148.777 148.581 142.98 133.408 -119.249 252.349 -8.92701 -197.729 267.033 -80.6684 -163.057 267.099 -99.9586 -128.298 263.378 -94.5209 -98.2544 265.418 -72.3168 -139.57 292.755 -4.39179 10.5945 10.9863 14.3958 
140.757 156.355 147.241 151.15 150.663 120.651 149.276 149.162 143.536 134.125 -119.883 251.709 -8.15442 -198.338 266.86 -80.33 -163.736 266.758 -99.6723 -128.865 262.929 -94.3568 -98.6667 264.886 -72.3088 -139.769 292.049 -3.96677 10.5588 11.0108 14.3639 
140.681 155.945 147.072 151.239 150.699 120.809 148.805 148.734 143.279 133.933 -120.659 251.313 -7.814 -198.761 266.419 -79.7384 -164.099 266.224 -99.1296 -129.229 262.33 -93.8702 -98.9911 264.224 -71.8545 -140.057 291.736 -3.62058 10.5911 11.01 14.4471 
140.896 155.906 147.106 151.492 151.145 121.275 148.55 148.651 143.245 134.086 -121.374 250.979 -7.45074 -199.168 266.103 -79.2088 -164.318 265.891 -98.6981 -129.419 261.797 -93.3597 -99.2414 263.627 -71.3005 -140.461 291.69 -3.23166 10.6082 11.0904 14.6003 
140.825 155.735 147.213 151.758 151.607 121.62 148.138 148.527 143.305 134.415 -122.091 250.704 -7.20441 -199.587 265.677 -78.6993 -164.662 265.549 -98.3384 -129.751 261.369 -93.0291 -99.5793 263.119 -70.9834 -140.893 291.653 -2.967 10.636 11.1038 14.6774 
141.084 155.66 147.67 152.479 152.249 122.205 147.817 148.323 143.341 134.671 -122.392 250.415 -7.18282 -199.845 265.109 -78.2386 -164.779 265.044 -97.9875 -129.909 260.887 -92.6931 -99.8109 262.679 -70.6382 -141.28 291.681 -2.76687 10.6324 11.0797 14.7987 
141.676 155.402 147.906 152.808 152.47 122.718 147.241 147.879 143.076 134.502 -122.32 250.132 -7.24198 -199.889 264.329 -77.854 -164.813 264.478 -97.6721 -130.042 260.433 -92.3479 -100.053 262.291 -70.2235 -141.645 291.704 -2.63938 10.6434 11.0182 14.8014 
141.869 155.084 148.034 152.858 152.549 122.827 146.72 147.607 143.17 134.916 -122.357 249.807 -6.88963 -199.905 263.503 -77.3462 -164.91 263.866 -97.2525 -130.241 260.195 -92.0914 -100.198 262.236 -70.0976 -141.901 291.549 -2.38203 10.6121 10.8277 14.7518 
142.001 154.783 147.986 152.809 152.341 122.861 146.362 147.288 143.101 135.035 -122.133 249.47 -6.6479 -199.792 262.659 -77.0063 -164.891 263.165 -96.9031 -130.353 259.896 -91.8758 -100.263 262.251 -70.04 -142.02 291.266 -2.21908 10.5542 10.6477 14.6895 
142.043 154.353 147.718 152.628 152.081 122.875 145.729 146.838 142.775 134.705 -122.009 249.187 -6.47289 -199.68 261.882 -76.5782 -164.899 262.683 -96.5338 -130.488 259.738 -91.5957 -100.415 262.317 -69.8504 -142.173 291.013 -2.03775 10.5115 10.5222 14.6413 
141.827 153.774 147.344 152.376 151.772 122.664 144.764 145.989 142.228 134.194 -121.955 249.013 -6.34915 -199.435 261.023 -76.1298 -164.749 261.967 -96.0814 -130.48 259.365 -91.2697 -100.439 262.174 -69.6262 -142.23 290.686 -1.90948 10.4842 10.386 14.6117 
141.564 153.211 146.613 151.82 151.335 122.318 144.043 145.469 141.714 133.627 -121.942 248.681 -6.18004 -199.374 260.574 -75.7722 -164.825 261.726 -95.7798 -130.589 259.239 -91.0546 -100.495 262.088 -69.4975 -142.237 290.293 -1.7965 10.5382 10.3793 14.58 
141.456 152.908 146.166 151.427 150.989 122.267 143.734 145.327 141.357 133.043 -121.621 248.202 -5.97473 -199.243 260.189 -75.5116 -164.734 261.612 -95.593 -130.499 259.136 -90.8289 -100.426 261.954 -69.2196 -142.155 289.896 -1.63104 10.5973 10.4417 14.611 
141.18 152.654 145.798 151.117 150.811 122.058 143.325 145.202 141.132 132.682 -121.514 247.879 -5.82362 -199.108 259.777 -75.2729 -164.715 261.543 -95.4764 -130.512 259.184 -90.75 -100.43 262.015 -69.1761 -142.113 289.552 -1.53756 10.6168 10.4328 14.5919 
140.836 152.357 145.298 150.656 150.491 121.715 142.962 145.152 140.989 132.421 -121.42 247.551 -5.52459 -198.93 259.414 -74.9899 -164.705 261.505 -95.3028 -130.501 259.272 -90.6385 -100.375 262.091 -69.1165 -142.008 289.154 -1.35237 10.6441 10.4264 14.5275 
140.557 151.993 144.665 150.173 150.168 121.505 142.505 144.859 140.564 131.944 -121.425 247.198 -5.34583 -198.797 259.175 -74.7855 -164.619 261.436 -95.1414 -130.412 259.182 -90.4605 -100.28 262.013 -68.9979 -141.912 288.849 -1.28012 10.6746 10.4819 14.549 
140.35 151.992 144.318 149.883 149.949 121.417 142.57 144.849 140.211 131.411 -121.377 246.841 -5.26076 -198.79 259.164 -74.7728 -164.535 261.482 -95.1195 -130.275 259 -90.2904 -100.169 261.781 -68.7699 -141.81 288.56 -1.21738 10.7405 10.6451 14.6341 
140.195 152.15 144.174 149.743 149.91 121.312 142.815 145.133 140.267 131.372 -121.308 246.538 -5.05996 -198.823 259.161 -74.7817 -164.531 261.494 -95.1379 -130.195 258.866 -90.2406 -100.106 261.59 -68.6849 -141.736 288.266 -1.11965 10.7614 10.7661 14.6777 
140.121 152.229 144.04 149.65 149.866 121.362 142.853 145.261 140.291 131.299 -121.368 246.256 -4.90068 -198.713 258.994 -74.7645 -164.408 261.38 -95.1295 -130.044 258.715 -90.1839 -99.9715 261.411 -68.5572 -141.668 288.062 -1.0402 10.8019 10.8233 14.6913 
140.15 152.279 144.051 149.638 149.972 121.561 142.841 145.427 140.476 131.55 -121.483 245.769 -4.65737 -198.531 258.714 -74.7282 -164.274 261.17 -95.1172 -129.918 258.553 -90.1628 -99.8229 261.274 -68.5379 -141.598 287.857 -0.944577 10.8098 10.807 14.6483 
140.276 152.178 143.841 149.489 149.869 121.803 142.813 145.503 140.523 131.563 -121.44 245.184 -4.4246 -198.358 258.496 -74.7119 -164.09 260.967 -95.104 -129.756 258.333 -90.1169 -99.6671 261.024 -68.4402 -141.482 287.623 -0.880459 10.8392 10.816 14.6585 
140.415 152.371 143.906 149.567 149.942 122.034 143.183 145.85 140.775 131.815 -121.301 244.654 -4.22216 -198.362 258.389 -74.7828 -164.021 260.833 -95.1822 -129.675 258.131 -90.164 -99.5555 260.809 -68.4527 -141.39 287.372 -0.820695 10.8669 10.8552 14.7091 
140.603 152.527 144.066 149.664 149.985 122.236 143.541 146.195 141.069 132.137 -121.133 244.307 -4.02895 -198.378 258.311 -74.8357 -163.999 260.726 -95.2456 -129.646 258.02 -90.2179 -99.484 260.741 -68.4937 -141.341 287.218 -0.746808 10.8796 10.8663 14.7302 
140.843 152.782 144.384 149.952 150.133 122.423 143.955 146.467 141.345 132.464 -120.942 244.075 -3.90872 -198.423 258.209 -74.8481 -163.955 260.536 -95.2542 -129.577 257.828 -90.234 -99.377 260.623 -68.5053 -141.271 287.07 -0.648146 10.8788 10.8799 14.7809 
140.946 153.013 144.732 150.238 150.283 122.435 144.348 146.685 141.591 132.781 -120.815 243.93 -3.866 -198.54 258.141 -74.9208 -164.004 260.369 -95.3132 -129.593 257.652 -90.3167 -99.3541 260.52 -68.6209 -141.241 286.894 -0.609198 10.8579 10.8911 14.8154 
141.201 153.254 145.218 150.601 150.441 122.595 144.822 147.109 142.123 133.454 -120.66 243.358 -3.41118 -198.635 257.75 -74.7647 -164.114 259.91 -95.1695 -129.66 257.255 -90.2411 -99.3107 260.175 -68.5623 -141.237 286.454 -0.274941 10.8734 10.8598 14.7647 
141.294 153.36 145.23 150.588 150.446 122.568 145.121 147.241 142.418 133.954 -120.661 243.015 -3.1417 -198.98 257.737 -74.6497 -164.457 259.704 -95.0208 -129.939 257.045 -90.2252 -99.3836 259.887 -68.64 -141.27 286.115 -0.0716834 10.9473 10.829 14.7424 
141.227 153.181 144.953 150.373 150.229 122.263 144.995 147.093 142.544 134.211 -120.784 242.791 -2.87482 -199.165 257.509 -74.4694 -164.767 259.459 -94.8381 -130.248 256.979 -90.2466 -99.4836 259.783 -68.7869 -141.305 285.745 0.0970649 11.0194 10.7192 14.6434 
141.175 153.268 144.929 150.419 150.229 121.953 145.006 146.912 142.65 134.445 -121.087 242.819 -2.66174 -199.403 257.4 -74.267 -165.041 259.235 -94.5906 -130.553 256.907 -90.1713 -99.6631 259.743 -68.8447 -141.393 285.493 0.338481 11.0125 10.6034 14.5947 
141.009 153.397 144.901 150.487 150.39 121.547 144.914 146.81 142.861 134.766 -121.761 242.824 -2.34037 -199.732 257.367 -74.0288 -165.464 259.102 -94.3267 -130.924 256.819 -90.0852 -99.8546 259.491 -68.817 -141.571 285.212 0.629498 11.0928 10.5354 14.4899 
140.707 153.384 144.713 150.414 150.481 120.949 144.724 146.66 142.951 134.908 -122.664 242.796 -1.81808 -200.024 257.24 -73.6678 -165.86 258.876 -93.94 -131.258 256.58 -89.8368 -100.021 259.069 -68.6035 -141.745 284.892 1.00371 11.1895 10.4965 14.3781 
140.154 153.234 144.281 150.141 150.376 120.289 144.289 146.284 142.742 134.613 -123.753 242.8 -1.30748 -200.193 256.907 -73.2278 -166.097 258.511 -93.4728 -131.499 256.17 -89.4314 -100.177 258.467 -68.172 -141.921 284.537 1.38572 11.2814 10.4516 14.2992 
139.407 153.505 144.5 150.303 150.72 119.725 144.121 146.13 142.776 134.75 -125.005 242.888 -0.888498 -200.491 256.67 -72.8463 -166.535 258.177 -93.0871 -131.861 255.722 -89.1237 -100.403 257.817 -67.8647 -142.147 284.251 1.77164 11.3792 10.4536 14.1558 
138.861 153.884 144.682 150.359 150.985 119.486 144.168 146.308 142.83 134.684 -125.752 242.922 -0.432097 -200.921 256.61 -72.4666 -166.968 258.214 -92.8266 -132.168 255.503 -88.8185 -100.621 257.238 -67.4019 -142.417 284.096 2.1663 11.5304 10.5528 14.1504 
138.672 154.071 144.63 150.368 151.142 119.51 143.983 146.152 142.545 134.314 -126.231 242.973 -0.213111 -201.266 256.464 -72.1029 -167.257 258.21 -92.5186 -132.41 255.269 -88.4071 -100.87 256.821 -66.8731 -142.742 284.061 2.46645 11.6273 10.6533 14.205 
138.818 154.171 144.467 150.271 151.243 119.733 143.759 145.968 142.053 133.665 -126.468 242.841 -0.147156 -201.634 256.378 -71.7938 -167.475 258.337 -92.305 -132.628 255.085 -87.999 -101.196 256.467 -66.3278 -143.116 284.074 2.66925 11.6937 10.7928 14.3548 
139.478 154.143 144.336 150.295 151.293 120.391 143.676 145.834 141.518 133.01 -126.265 242.34 -0.132009 -201.928 256.347 -71.5572 -167.537 258.421 -92.1098 -132.692 254.786 -87.5261 -101.441 256.117 -65.6938 -143.451 284.15 2.8287 11.7457 11.0086 14.563 
140.001 154.161 144.277 150.253 151.276 120.86 143.876 145.915 141.199 132.782 -126.044 241.932 -0.132755 -202.37 256.492 -71.4452 -167.767 258.553 -92.0122 -132.853 254.524 -87.1785 -101.712 255.908 -65.324 -143.768 284.164 2.93948 11.7673 11.277 14.752 
140.299 153.891 143.894 150.021 151.04 121.076 143.927 145.724 140.688 132.39 -125.691 241.622 0.0138774 -202.84 256.534 -71.2408 -167.974 258.539 -91.7855 -133.037 254.286 -86.7742 -102.033 255.916 -65.0168 -144.088 284.171 3.03284 11.709 11.503 15.0062 
140.551 153.699 143.631 149.743 150.843 121.301 144.073 145.763 140.457 132.289 -125.397 241.328 0.215375 -203.305 256.683 -71.0488 -168.281 258.679 -91.6042 -133.319 254.304 -86.4919 -102.405 256.11 -64.836 -144.404 284.175 3.18163 11.6461 11.6674 15.1849 
140.804 153.715 143.696 149.645 150.845 121.532 144.384 146.018 140.574 132.679 -125.147 241.086 0.500829 -203.683 256.812 -70.8981 -168.645 258.787 -91.4654 -133.671 254.432 -86.3381 -102.775 256.487 -64.8852 -144.675 284.202 3.37874 11.5186 11.7279 15.2268 
141.062 153.561 143.614 149.473 150.84 121.807 144.577 146.208 140.797 133.233 -124.921 240.827 0.773205 -203.961 256.94 -70.7889 -168.892 258.874 -91.371 -134.012 254.706 -86.3167 -103.138 257.095 -65.1293 -144.928 284.236 3.52949 11.3271 11.652 15.2897 
141.105 153.245 143.434 149.149 150.637 121.738 144.566 146.217 141.012 133.806 -124.855 240.633 1.08823 -204.193 256.836 -70.5898 -169.238 258.695 -91.1714 -134.484 254.887 -86.3189 -103.52 257.63 -65.4803 -145.114 284.111 3.67554 11.1613 11.4472 15.2397 
141.063 152.894 143.184 148.807 150.34 121.509 144.422 146.076 141.109 134.22 -124.913 240.543 1.41972 -204.337 256.66 -70.4116 -169.524 258.506 -90.993 -134.871 255.087 -86.3381 -103.763 258.192 -65.8042 -145.254 284.029 3.78761 11.0872 11.2549 15.1642 
141.022 152.882 143.178 148.703 150.275 121.434 144.552 146.275 141.395 134.684 -124.91 240.412 1.78027 -204.467 256.663 -70.34 -169.736 258.528 -90.9578 -135.13 255.309 -86.4266 -103.89 258.589 -66.0415 -145.338 283.954 3.92233 11.0843 11.1497 15.1146 
140.917 152.913 143.364 148.769 150.379 121.33 144.782 146.563 141.807 135.258 -124.853 240.382 2.021 -204.571 256.734 -70.2729 -169.965 258.616 -90.9324 -135.387 255.627 -86.5735 -103.986 259.038 -66.3369 -145.368 283.875 4.06719 11.1007 11.0289 15.0292 
140.903 152.949 143.502 148.846 150.34 121.21 145.038 146.797 142.06 135.515 -124.736 240.355 2.23062 -204.656 256.878 -70.2804 -170.143 258.755 -90.9561 -135.551 255.869 -86.6953 -104.004 259.356 -66.5045 -145.367 283.84 4.16221 11.1705 10.9989 14.9645 
140.841 152.751 143.429 148.748 150.143 120.963 144.97 146.706 142.036 135.436 -124.779 240.468 2.38075 -204.627 256.958 -70.2633 -170.243 258.89 -90.9309 -135.65 256.164 -86.7533 -103.997 259.736 -66.5887 -145.366 283.899 4.21422 11.2351 10.9592 14.8756 
140.9 152.598 143.395 148.746 150.044 120.893 144.901 146.611 142.016 135.385 -124.749 240.484 2.42957 -204.616 257.016 -70.2505 -170.322 258.974 -90.9125 -135.743 256.356 -86.8073 -104.013 259.983 -66.6701 -145.355 283.936 4.2322 11.2763 10.9227 14.818 
140.975 152.485 143.356 148.74 149.979 120.86 144.802 146.508 141.962 135.285 -124.853 240.554 2.48461 -204.649 257.069 -70.201 -170.417 259.059 -90.8594 -135.828 256.497 -86.7874 -104.046 260.136 -66.6438 -145.401 284.027 4.27049 11.3184 10.9102 14.7728 
141.055 152.333 143.224 148.721 149.935 120.797 144.581 146.328 141.841 135.083 -124.953 240.687 2.58715 -204.565 257.092 -70.0958 -170.351 259.124 -90.7538 -135.753 256.579 -86.6859 -103.956 260.184 -66.4957 -145.382 284.168 4.32898 11.3647 10.9139 14.7555 
141.018 152.033 142.97 148.54 149.751 120.602 144.194 146.026 141.632 134.825 -125.092 240.875 2.65836 -204.455 257.098 -69.9341 -170.332 259.234 -90.6016 -135.76 256.784 -86.5871 -103.936 260.415 -66.426 -145.367 284.296 4.38289 11.3916 10.8746 14.7001 
140.989 151.729 142.705 148.394 149.486 120.43 143.877 145.631 141.218 134.221 -125.092 241.173 2.65675 -204.329 257.274 -69.8214 -170.208 259.426 -90.4701 -135.611 256.92 -86.4253 -103.843 260.547 -66.203 -145.288 284.506 4.4167 11.4013 10.9439 14.7201 
140.999 151.797 142.817 148.554 149.462 120.407 143.866 145.434 140.881 133.657 -124.945 241.61 2.55502 -204.175 257.593 -69.7917 -169.932 259.726 -90.4152 -135.268 257.038 -86.2315 -103.651 260.666 -65.8702 -145.159 284.844 4.47479 11.3668 11.102 14.8203 
141.163 151.995 143.01 148.762 149.477 120.515 144.115 145.569 140.838 133.325 -124.618 241.867 2.45369 -204.058 257.89 -69.8075 -169.633 260.06 -90.4631 -134.861 257.129 -86.1454 -103.4 260.611 -65.5594 -144.967 285.089 4.51148 11.3566 11.2858 14.9603 
141.592 152.133 143.183 148.972 149.51 120.785 143.889 145.395 140.567 132.819 -124.331 242.003 2.50144 -203.771 257.917 -69.6641 -169.23 260.182 -90.3596 -134.349 256.971 -85.8393 -103.048 260.265 -64.9575 -144.782 285.398 4.62384 11.4157 11.488 15.0321 
141.909 152.244 143.251 149.126 149.499 121.025 143.624 145.112 140.184 132.103 -123.949 242.268 2.47025 -203.377 257.762 -69.459 -168.681 260.176 -90.1791 -133.692 256.711 -85.4331 -102.616 259.783 -64.1755 -144.557 285.661 4.76705 11.5053 11.6993 15.1294 
141.95 152.497 143.483 149.364 149.588 121.158 143.5 144.95 140.009 131.761 -123.842 242.558 2.32427 -203.105 257.592 -69.2368 -168.341 260.094 -89.9816 -133.188 256.385 -85.0999 -102.209 259.212 -63.5548 -144.296 285.807 4.91429 11.6424 11.8885 15.1542 
141.819 152.975 143.872 149.615 149.753 121.122 143.714 145.12 140.166 131.784 -124.015 242.775 2.46959 -202.982 257.58 -69.0166 -168.151 260.068 -89.7837 -132.799 256.099 -84.8115 -101.826 258.612 -62.9852 -144.032 285.884 5.17372 11.8078 12.0521 15.1609 
141.524 153.524 144.265 149.875 149.853 120.926 144.136 145.388 140.392 131.828 -124.095 243.165 2.65243 -202.821 257.629 -68.7805 -167.886 260.047 -89.5428 -132.371 255.866 -84.5055 -101.439 258.149 -62.4448 -143.696 285.915 5.49052 11.8951 12.1773 15.198 
141.145 154.06 144.74 150.184 150.161 120.652 144.493 145.688 140.75 132.161 -124.381 243.467 2.90828 -202.603 257.654 -68.5224 -167.704 259.968 -89.2738 -132.064 255.662 -84.2546 -101.081 257.757 -62.0877 -143.339 285.867 5.8396 11.9447 12.2101 15.1228 
140.614 154.722 145.277 150.49 150.496 120.374 145.132 146.283 141.385 132.797 -124.694 243.625 3.31253 -202.362 257.775 -68.3549 -167.566 259.959 -89.0651 -131.859 255.617 -84.1147 -100.758 257.55 -61.8987 -142.941 285.729 6.23416 11.953 12.1489 14.9818 
139.973 155.308 145.674 150.627 150.704 119.989 145.903 147.035 142.092 133.592 -124.936 243.887 3.9044 -202.157 258.003 -68.1676 -167.485 260.053 -88.8176 -131.734 255.768 -83.9453 -100.453 257.634 -61.7663 -142.582 285.615 6.70375 11.9504 12.0564 14.8273 
139.32 155.718 145.977 150.652 150.936 119.592 146.641 147.789 142.913 134.709 -125.088 244.054 4.58882 -201.94 258.274 -67.9417 -167.45 260.204 -88.5397 -131.723 256.134 -83.8347 -100.195 258.095 -61.8845 -142.213 285.48 7.20789 11.8868 11.8793 14.6482 
138.778 155.914 146.084 150.535 150.798 119.373 147.454 148.654 143.723 135.632 -124.918 243.801 5.33774 -201.714 258.469 -67.7215 -167.329 260.352 -88.3208 -131.628 256.474 -83.7512 -99.9116 258.516 -61.9629 -141.771 285.166 7.696 11.8319 11.7461 14.5581 
138.949 155.839 145.946 150.234 150.527 119.479 147.826 149.055 144.161 136.359 -124.431 243.333 5.92377 -201.536 258.618 -67.4376 -167.256 260.525 -88.0416 -131.63 256.941 -83.6313 -99.7168 259.229 -62.1384 -141.431 284.905 8.13642 11.7563 11.5847 14.4939 
139.765 155.602 145.682 149.942 150.166 119.833 147.858 149.078 144.243 136.569 -123.605 242.885 6.31315 -201.239 258.681 -67.07 -166.992 260.744 -87.6818 -131.54 257.521 -83.3859 -99.5595 260.087 -62.1251 -141.168 284.776 8.59096 11.6597 11.3876 14.49 
141.781 155.587 145.78 150.039 150.189 121.095 147.971 149.31 144.514 136.92 -121.979 241.945 7.23794 -200.663 258.561 -66.2118 -166.424 260.952 -86.8538 -131.178 258.144 -82.5857 -99.2427 260.945 -61.4034 -140.896 284.764 9.67211 11.5525 11.1795 14.4692 
142.811 155.232 145.42 149.903 150.057 122.05 147.485 148.929 144.089 136.507 -120.751 241.498 7.88055 -200.275 258.317 -65.5507 -165.936 260.86 -86.1715 -130.873 258.196 -81.7828 -99.12 261.171 -60.6117 -140.912 284.878 10.3317 11.4569 11.108 14.5443 
143.213 155.01 145.347 149.814 149.892 122.573 147.327 148.865 143.942 136.377 -119.888 241.233 8.64638 -200.007 258.047 -64.8419 -165.637 260.693 -85.4469 -130.689 258.161 -80.9762 -99.0775 261.326 -59.8246 -140.927 284.807 11.1012 11.342 11.0435 14.5598 
143.408 154.524 144.94 149.45 149.58 122.691 146.909 148.502 143.579 136.133 -119.409 240.952 9.4008 -199.805 257.673 -64.1017 -165.463 260.392 -84.6731 -130.599 257.968 -80.1596 -99.0715 261.351 -59.1227 -140.921 284.653 11.7733 11.2453 10.9966 14.5488 
143.541 153.929 144.407 148.987 149.219 122.654 146.318 147.979 143.085 135.709 -119.319 240.609 10.0788 -199.646 257.247 -63.3344 -165.373 260.04 -83.8778 -130.57 257.662 -79.3406 -99.0653 261.167 -58.3834 -140.922 284.414 12.4126 11.224 10.9722 14.5137 
143.424 153.365 143.747 148.322 148.803 122.281 145.775 147.403 142.593 135.475 -119.453 240.386 10.781 -199.704 256.975 -62.5641 -165.566 259.73 -83.0574 -130.758 257.404 -78.5821 -99.1264 261.089 -57.8392 -140.977 284.069 13.0656 11.2717 10.9652 14.4322 
143.283 152.825 143.022 147.504 148.278 121.673 145.199 146.798 142.22 135.407 -119.921 240.137 11.4112 -199.901 256.666 -61.8791 -165.921 259.364 -82.3271 -131.103 257.174 -78.0061 -99.258 260.937 -57.4873 -141.099 283.565 13.6385 11.378 10.8878 14.3221 
143.129 152.591 142.869 147.254 148.186 121.126 144.844 146.376 142.058 135.399 -120.733 239.857 12.0135 -200.088 256.264 -61.2423 -166.337 258.877 -81.6513 -131.441 256.76 -77.4819 -99.3904 260.493 -57.0567 -141.228 283.08 14.2402 11.508 10.8613 14.1294 
142.796 152.801 143.208 147.485 148.565 120.618 144.668 146.231 142.055 135.363 -121.968 239.699 12.6113 -200.457 256.189 -60.7039 -166.833 258.65 -81.1079 -131.784 256.308 -76.9827 -99.564 259.688 -56.4522 -141.504 282.705 14.8517 11.681 10.9345 13.9862 
142.327 153.153 143.731 148.028 149.072 120.429 144.354 145.914 141.84 134.88 -123.393 239.814 13.2106 -200.793 256.056 -60.1124 -167.187 258.388 -80.4926 -131.985 255.742 -76.2982 -99.7141 258.671 -55.4287 -141.949 282.643 15.5031 11.8765 11.0638 13.909 
141.989 153.427 144.067 148.445 149.541 120.815 143.931 145.525 141.403 134.312 -124.658 239.703 13.7403 -201.179 255.997 -59.4562 -167.456 258.145 -79.8237 -132.149 255.012 -75.4314 -99.9365 257.545 -54.2614 -142.446 282.725 16.1264 12.0228 11.2548 13.9538 
141.948 153.554 144.227 148.7 149.937 121.483 143.566 145.145 140.776 133.592 -125.52 239.608 14.031 -201.554 256.034 -58.9292 -167.681 258.157 -79.2843 -132.265 254.483 -74.5788 -100.222 256.759 -53.1471 -142.98 282.995 16.6125 12.1108 11.5375 14.0444 
142.067 153.668 144.551 149.126 150.351 122.477 143.185 144.64 140.008 132.841 -125.984 239.673 14.2694 -201.861 255.928 -58.4169 -167.84 258.091 -78.736 -132.41 254.072 -73.6758 -100.597 256.34 -52.0646 -143.626 283.532 17.0448 12.1174 11.7354 14.1256 
142.429 153.847 145.024 149.435 150.67 123.498 143.309 144.753 139.86 132.87 -125.934 239.39 14.6444 -202.202 255.862 -58.0064 -168.096 258.055 -78.3611 -132.634 253.854 -73.0709 -100.997 256.262 -51.4494 -144.118 283.857 17.4591 12.0078 11.8694 14.1805 
142.846 153.613 144.883 149.307 150.368 124.005 143.209 144.723 139.747 132.684 -125.778 239.077 15.0135 -202.35 255.4 -57.5927 -168.263 257.761 -77.9537 -132.86 253.699 -72.579 -101.439 256.346 -50.9481 -144.502 283.966 17.7377 11.8672 11.8857 14.1926 
143.095 153.366 144.737 149.154 150.17 124.252 142.95 144.605 139.767 132.823 -125.663 238.887 15.3643 -202.412 254.785 -57.1767 -168.418 257.295 -77.543 -133.176 253.607 -72.2374 -101.9 256.682 -50.7882 -144.837 283.971 17.9528 11.6438 11.734 14.1618 
143.237 153.242 144.601 148.93 150.067 124.329 143.001 144.878 140.164 133.498 -125.659 238.589 15.8892 -202.689 254.653 -56.83 -168.876 257.25 -77.2463 -133.722 253.879 -72.121 -102.367 257.274 -50.9594 -145.134 283.91 18.2304 11.5104 11.5738 14.0639 
143.228 153.027 144.428 148.792 149.97 124.215 142.97 145.014 140.622 134.204 -125.789 238.323 16.2307 -202.964 254.475 -56.574 -169.341 257.059 -77.0242 -134.319 254.076 -72.1966 -102.861 257.709 -51.3224 -145.372 283.686 18.3891 11.3913 11.3238 13.9551 
143.079 152.625 143.934 148.404 149.783 123.7 142.655 144.776 140.825 134.738 -126.175 238.148 16.6502 -203.216 254.322 -56.2702 -169.709 256.762 -76.7101 -134.862 254.113 -72.1802 -103.239 257.982 -51.6414 -145.531 283.371 18.5584 11.3407 11.0541 13.8923 
142.787 152.224 143.265 147.793 149.392 123.132 142.369 144.552 140.902 135.082 -126.762 237.892 17.0336 -203.56 254.317 -56.0007 -170.147 256.66 -76.4394 -135.409 254.207 -72.1614 -103.58 258.15 -51.9032 -145.674 282.964 18.7314 11.377 10.8618 13.8507 
142.477 152.014 142.839 147.518 149.138 122.643 142.202 144.5 141.126 135.319 -127.445 237.617 17.3248 -203.948 254.388 -55.8383 -170.638 256.674 -76.3252 -135.891 254.314 -72.3103 -103.862 258.071 -52.1163 -145.774 282.588 18.8257 11.4784 10.7662 13.8041 
142.11 151.912 142.564 147.509 148.992 121.871 142.02 144.272 141.222 135.212 -128.27 237.567 17.6657 -204.297 254.347 -55.6198 -170.986 256.519 -76.1147 -136.201 254.22 -72.3333 -104.031 257.669 -52.0328 -145.89 282.234 18.9873 11.6084 10.7101 13.8152 
141.542 151.949 142.472 147.545 149.079 121.131 141.958 144.232 141.464 135.406 -129.243 237.525 18.0326 -204.689 254.413 -55.3862 -171.434 256.532 -75.9405 -136.554 254.252 -72.4022 -104.191 257.389 -52.069 -145.964 281.93 19.1711 11.7438 10.6911 13.792 
140.859 152.15 142.52 147.698 149.208 120.539 142.077 144.461 141.809 135.555 -130.327 237.42 18.5055 -205.167 254.731 -55.1409 -171.928 256.867 -75.8087 -136.941 254.48 -72.4501 -104.403 257.18 -51.9937 -146.088 281.69 19.4457 11.8938 10.7218 13.8104 
140.148 152.346 142.684 147.971 149.364 120.34 142.063 144.499 141.754 135.18 -131.391 237.457 18.9092 -205.52 255.035 -54.8318 -172.25 257.211 -75.5592 -137.156 254.546 -72.1779 -104.561 256.821 -51.4913 -146.308 281.66 19.8109 12.0384 10.8387 13.8388 
139.493 152.733 143.137 148.391 149.666 120.27 142.289 144.8 141.944 135.105 -132.307 237.533 19.4649 -205.918 255.334 -54.5122 -172.604 257.528 -75.3172 -137.356 254.615 -71.9045 -104.709 256.488 -50.9555 -146.577 281.718 20.246 12.1895 10.9749 13.8656 
138.955 153.289 143.74 148.908 150.131 120.39 142.675 145.282 142.271 135.315 -133.091 237.608 20.0169 -206.35 255.615 -54.1243 -172.997 257.883 -75.0308 -137.636 254.746 -71.5841 -104.915 256.318 -50.4613 -146.882 281.834 20.7541 12.323 11.0817 13.8891 
138.748 153.729 144.337 149.405 150.536 120.739 142.901 145.522 142.428 135.453 -133.698 237.735 20.3583 -206.768 255.71 -53.6151 -173.419 258.079 -74.6098 -137.974 254.793 -71.1431 -105.256 256.19 -49.9229 -147.241 282.006 21.2988 12.3584 11.1549 13.8828 
139.016 154.101 145.03 150.069 150.964 121.39 143.219 145.901 142.757 135.615 -134.04 237.654 20.7969 -207.007 255.551 -53.059 -173.696 258.079 -74.1266 -138.252 254.804 -70.628 -105.612 256.111 -49.2368 -147.61 282.225 21.9087 12.3512 11.1487 13.8405 
139.266 154.324 145.612 150.486 151.211 122.268 143.434 146.075 142.738 135.536 -134.312 237.382 21.315 -207.256 255.315 -52.4803 -173.959 258.039 -73.6094 -138.52 254.775 -69.9889 -105.933 256.164 -48.5155 -147.99 282.447 22.5236 12.3127 11.1451 13.8257 
140.587 154.51 146.178 150.987 151.452 123.501 144.07 146.856 143.335 135.983 -133.755 236.748 21.7589 -207.413 254.925 -51.9887 -174.117 257.809 -73.1881 -138.635 254.622 -69.4678 -106.224 256.212 -47.8577 -148.315 282.545 23.1077 12.1809 11.1957 13.822 
141.678 154.675 146.957 151.482 151.665 124.587 144.42 147.166 143.582 136.302 -133.191 236.284 22.3075 -207.535 254.587 -51.462 -174.394 257.467 -72.6484 -138.933 254.484 -68.8868 -106.574 256.431 -47.3171 -148.619 282.653 23.7447 12.0132 11.1213 13.6749 
142.65 154.601 147.197 151.592 151.738 125.414 144.381 147.254 143.848 136.807 -133.083 235.732 23.0654 -207.597 254.129 -50.7584 -174.729 257.04 -71.9117 -139.301 254.337 -68.1934 -106.906 256.644 -46.755 -148.911 282.722 24.4503 11.9184 11.0285 13.4514 
142.893 154.567 147.592 151.599 151.747 125.88 144.436 147.276 143.952 137.229 -132.914 235.42 24.0234 -207.719 253.874 -50.0099 -175.189 256.667 -71.083 -139.793 254.281 -67.4378 -107.27 257 -46.2561 -149.124 282.715 25.2656 11.8108 10.8821 13.1616 
143.319 154.443 147.791 151.55 151.692 126.124 144.505 147.384 144.188 137.642 -132.798 235.215 24.7373 -207.748 253.695 -49.3632 -175.57 256.473 -70.3483 -140.208 254.415 -66.8045 -107.62 257.474 -45.8087 -149.354 282.685 26.0211 11.7284 10.7655 12.8614 
143.333 154.336 147.916 151.511 151.579 126.338 144.891 147.703 144.466 137.87 -132.766 234.748 25.6731 -207.809 253.505 -48.7754 -175.802 256.121 -69.6821 -140.471 254.262 -66.169 -107.801 257.56 -45.2548 -149.372 282.394 26.7821 11.6715 10.6585 12.6926 
143.485 153.752 147.443 150.969 151.051 125.959 144.335 147.256 144.205 137.545 -132.83 234.52 26.4059 -207.728 252.921 -48.0044 -176.098 255.644 -68.8468 -140.838 254.177 -65.4717 -108.091 257.718 -44.6827 -149.509 282.055 27.4284 11.6781 10.5372 12.4313 
143.522 153.384 146.929 150.425 150.546 125.48 144.169 147.031 143.962 137.289 -133.053 234.168 27.2851 -207.968 252.759 -47.3009 -176.563 255.386 -68.0655 -141.232 253.987 -64.7539 -108.324 257.671 -44.0926 -149.64 281.645 28.1048 11.7818 10.5862 12.273 
143.438 153.125 146.557 150.008 150.29 124.974 143.938 146.741 143.862 137.269 -133.275 233.924 28.3494 -208.267 252.631 -46.4392 -177.056 255.094 -67.1238 -141.71 253.919 -63.9804 -108.526 257.761 -43.4744 -149.824 281.248 28.9395 11.979 10.5468 12.1316 
142.975 153.115 146.53 149.815 150.401 123.732 143.78 146.244 143.736 137.362 -134.008 234.05 29.5937 -208.742 252.477 -45.5211 -177.655 254.471 -66.0633 -142.38 253.55 -63.1512 -108.82 257.527 -42.8792 -150.005 280.825 29.826 12.2019 10.3598 11.9924 
142.711 153.008 146.343 149.563 150.286 121.741 143.535 145.46 143.333 137.186 -134.735 234.551 30.4984 -209.351 252.303 -44.5173 -178.327 253.79 -64.8991 -143.042 253.048 -62.2756 -109.187 257.212 -42.3297 -150.231 280.299 30.6725 12.395 10.3007 11.9386 
141.689 153.122 146.554 149.603 150.301 120.092 143.618 145.198 143.103 136.746 -135.85 234.963 31.8405 -209.686 251.965 -43.5114 -178.639 253.132 -63.835 -143.369 252.431 -61.2557 -109.334 256.633 -41.3117 -150.364 279.885 31.6861 12.5383 10.2485 11.9347 
140.101 154.048 147.646 150.754 151.186 119.409 144.052 145.11 142.926 136.237 -138.116 235.619 34.1099 -210.732 251.416 -41.2339 -179.624 252.232 -61.407 -144.333 251.38 -58.7145 -110.167 255.596 -38.5954 -151.403 279.779 34.0728 12.6652 10.2594 11.9036 
138.992 155.052 148.793 151.867 152.018 120.141 144.612 145.424 143.022 136.148 -139.09 236.176 35.159 -211.172 251.106 -39.8779 -179.833 251.745 -60.017 -144.416 250.53 -57.0536 -110.267 254.62 -36.6083 -151.944 280.119 35.5079 12.7404 10.4022 12.0091 
138.32 155.682 149.562 152.521 152.568 120.068 144.935 145.677 143.2 136.061 -140.715 236.683 36.6226 -211.659 250.654 -38.597 -180.299 251.115 -58.6143 -144.808 249.834 -55.3668 -110.747 254.097 -34.622 -152.71 280.571 36.8867 12.7504 10.4823 11.947 
136.99 156.24 150.157 153.069 153.102 119.959 145.3 145.93 143.486 136.255 -142.578 236.948 38.1637 -212.253 250.376 -37.2274 -180.774 250.712 -57.2176 -145.21 249.384 -53.8902 -111.113 253.612 -32.9813 -153.35 280.699 38.2865 12.8298 10.5195 11.9965 
135.713 156.719 150.748 153.626 153.631 120.261 145.82 146.198 143.863 136.77 -144.199 237.021 39.651 -212.969 250.314 -35.8985 -181.324 250.288 -55.7995 -145.745 248.896 -52.4518 -111.537 253.226 -31.526 -153.985 280.737 39.753 12.9053 10.4979 12.0629 
134.568 156.949 151.034 153.667 153.541 119.648 146.556 146.718 144.425 137.013 -145.61 236.794 41.0257 -213.706 250.016 -34.7707 -182.166 249.647 -54.636 -146.509 248.38 -51.4201 -112.068 252.857 -30.4968 -154.251 280.148 41.0534 12.9906 10.4511 11.9618 
132.807 156.757 150.595 153.227 153.179 119.273 146.563 146.484 144.342 136.96 -147.293 236.536 42.1767 -214.756 250.027 -33.4573 -183.228 249.397 -53.3815 -147.58 248.038 -50.4196 -112.884 252.395 -29.7245 -154.58 279.43 42.2122 13.073 10.4117 12.0329 
130.764 156.848 150.413 152.927 153.054 118.208 146.617 146.401 144.451 136.825 -149.09 236.543 43.7769 -215.614 249.866 -31.9889 -184.041 249.127 -52.0405 -148.386 247.749 -49.3328 -113.425 251.726 -28.662 -154.787 278.717 43.5157 13.2351 10.3733 12.1348 
128.246 156.635 150.235 152.615 153.076 115.984 146.104 146.085 144.463 136.64 -151.212 237.107 45.6006 -216.173 249.548 -30.4744 -184.617 248.788 -50.6837 -149.042 247.437 -48.2044 -113.862 251.044 -27.5899 -155.025 278.073 44.7647 13.4045 10.2836 12.1889 
124.843 156.586 150.32 152.583 153.296 114.437 145.824 146.136 144.701 136.64 -153.871 237.782 47.6984 -216.498 249.179 -29.1425 -184.981 248.472 -49.455 -149.496 247.156 -47.0336 -114.223 250.521 -26.337 -155.386 277.765 46.006 13.5104 10.2046 12.1817 
121.638 156.687 150.754 152.802 153.714 113.722 145.779 146.607 145.305 137.017 -156.519 238.386 49.6895 -216.891 249.026 -27.8994 -185.432 248.379 -48.381 -149.977 247.057 -46.0045 -114.643 250.101 -25.1313 -155.825 277.759 47.1747 13.5861 10.1653 12.1717 
120.198 156.844 151.103 153.082 154.002 114.611 145.627 146.745 145.592 137.342 -158.449 238.113 50.9273 -217.218 248.681 -26.8768 -185.731 248.199 -47.4825 -150.379 246.922 -45.0944 -115.138 249.882 -24.0939 -156.386 277.928 48.1281 13.5297 10.0935 12.1997 
120.368 156.974 151.424 153.411 154.295 116.621 146.062 147.254 146.151 137.997 -159.106 236.689 51.8172 -217.577 248.317 -26.2527 -186.053 247.861 -46.8978 -150.746 246.591 -44.4792 -115.539 249.617 -23.4125 -156.809 277.9 48.8561 13.4633 10.0535 12.2045 
119.18 157.273 151.853 153.84 154.647 118.511 146.372 147.559 146.572 138.574 -159.991 235.908 52.8228 -217.698 247.843 -25.8544 -186.176 247.37 -46.4074 -150.973 246.184 -43.8702 -115.87 249.485 -22.7372 -157.254 278.058 49.4848 13.3335 9.95919 12.1219 
117.056 157.509 152.091 154.113 155.024 119.687 146.596 147.927 147.144 139.295 -161.123 235.759 53.8878 -217.854 247.531 -25.5469 -186.287 247.036 -46.0764 -151.171 245.986 -43.5129 -116.145 249.464 -22.3271 -157.656 278.247 49.9324 13.2355 9.86412 12.104 
114.464 157.666 152.387 154.31 155.233 120.6 146.734 148.188 147.551 139.762 -162.351 235.555 54.7329 -218.05 247.21 -25.3438 -186.538 246.62 -45.8645 -151.527 245.61 -43.3059 -116.479 249.158 -22.1075 -157.922 278.136 50.209 13.194 9.75258 12.0369 
105.062 157.391 152.217 153.946 155.1 118.545 146.282 147.936 147.659 139.787 -165.59 237.59 56.2852 -218.766 247.061 -25.1115 -187.412 246.432 -45.6953 -152.58 245.507 -43.356 -117.41 248.865 -22.3016 -158.37 277.444 50.4301 13.1866 9.56854 11.9525 
99.7859 157.061 152.027 153.669 155.056 117.955 145.985 147.627 147.456 139.656 -168.822 239.057 56.985 -219.219 247.279 -25.0318 -187.763 246.463 -45.6458 -152.859 245.347 -43.3425 -117.576 248.63 -22.4245 -158.44 277.065 50.4647 13.2771 9.63159 12.0647 
99.7859 156.781 151.831 153.429 155.017 121.48 145.892 147.447 147.386 139.644 -173.975 240.512 55.2056 -219.842 247.514 -24.8517 -188.331 246.564 -45.5089 -153.373 245.328 -43.3197 -118.001 248.593 -22.6371 -158.604 276.665 50.5811 13.3152 9.6733 12.145 
99.7859 156.609 151.733 153.417 154.835 126.2 146.088 147.613 147.471 139.74 -179.134 241.819 53.9485 -220.347 247.557 -24.8298 -188.802 246.495 -45.4678 -153.744 245.179 -43.219 -118.337 248.658 -22.6457 -158.898 276.422 50.7705 13.3316 9.73718 12.1473 
99.7859 156.646 151.658 153.436 155.041 131.638 146.027 147.543 147.461 140.022 -183.839 242.523 53.204 -221.092 247.872 -24.6655 -189.37 246.793 -45.3806 -154.169 245.362 -43.1935 -118.748 248.89 -22.803 -159.387 276.442 50.8362 13.3598 9.87078 12.3242 
99.7859 156.705 151.627 153.462 155.122 135.78 146.116 147.576 147.269 140.158 -185.899 241.971 52.8927 -221.793 248.094 -24.629 -189.863 247.055 -45.3537 -154.518 245.411 -43.0228 -119.167 249.161 -22.7664 -160.031 276.618 50.8538 13.3375 10.0476 12.5107 
99.7859 156.998 151.806 153.794 155.471 136.947 146.363 147.815 147.392 140.548 -185.787 241.199 52.9329 -222.445 248.203 -24.689 -190.28 247.202 -45.4218 -154.883 245.411 -42.9598 -119.72 249.384 -22.7513 -160.766 276.923 50.8335 13.189 10.146 12.6921 
99.7859 157.314 151.962 154.073 155.768 134.391 146.712 148.185 147.725 140.969 -183.909 240.375 53.432 -223.096 248.245 -24.8343 -190.77 247.32 -45.5857 -155.303 245.529 -43.0621 -120.287 249.585 -22.7654 -161.511 277.198 50.7494 13.0766 10.2097 12.8067 
99.7859 157.541 152.171 154.331 155.988 133.338 147.025 148.45 148.005 141.159 -183.416 239.964 53.8334 -223.501 248.084 -25.0184 -191.026 247.059 -45.7084 -155.618 245.293 -43.0919 -120.735 249.374 -22.6151 -162.083 277.239 50.7258 12.9809 10.1632 12.8768 
99.7859 157.718 152.231 154.479 156.138 132.604 147.213 148.712 148.361 141.326 -183.912 239.79 54.3044 -224.028 248.062 -25.1024 -191.47 246.99 -45.8152 -156.116 245.325 -43.2269 -121.274 249.284 -22.5799 -162.628 277.156 50.7545 12.9497 10.0947 12.9305 
99.7859 157.588 152.018 154.249 156.011 134.863 146.936 148.588 148.319 141.109 -186.295 240.106 54.0574 -224.434 248.05 -25.0131 -191.938 247.082 -45.786 -156.693 245.519 -43.2963 -121.776 249.283 -22.6128 -162.999 276.992 50.7773 13.0146 9.99677 12.91 
99.7859 157.311 151.632 153.883 155.762 140.025 146.533 148.222 148.022 140.689 -190.283 240.513 53.566 -224.897 247.928 -24.8899 -192.423 247.069 -45.7 -157.263 245.55 -43.2847 -122.285 249.171 -22.6383 -163.376 276.649 50.8108 13.0835 9.94326 12.9283 
99.7859 157.084 151.479 153.797 155.411 144.685 146.456 148.19 148 140.442 -194.455 241.469 53.1218 -225.437 247.964 -24.9248 -193.154 247.064 -45.7599 -158.058 245.518 -43.4169 -123.024 249.049 -22.8296 -163.75 276.252 50.8314 13.0811 9.87243 12.7791 
99.7859 156.918 151.348 153.664 155.391 149.061 146.197 147.976 147.916 140.476 -198.876 242.991 52.7184 -226.342 248.275 -24.7602 -194.078 247.387 -45.7568 -158.853 245.684 -43.6213 -123.695 248.967 -23.2278 -164.2 276.011 50.7222 13.1661 9.97284 12.8411 
99.7859 156.912 151.295 153.689 155.515 151.031 146.201 147.862 147.836 140.662 -201.673 243.968 52.7356 -227.358 248.894 -24.67 -194.95 248.056 -45.8143 -159.565 246.031 -43.7824 -124.323 249.109 -23.5496 -164.765 276.097 50.6339 13.2328 10.1378 13.0076 
99.7859 157.235 151.653 154.051 155.803 150.343 146.661 148.275 148.227 141.241 -201.978 243.611 52.9453 -228.341 249.336 -24.5805 -195.793 248.505 -45.8803 -160.265 246.247 -43.9175 -124.95 249.183 -23.7355 -165.387 276.285 50.6306 13.2696 10.2667 13.1544 
99.7859 157.875 152.106 154.617 156.246 147.951 147.769 149.074 148.894 141.942 -201.014 242.39 53.1599 -229.87 249.892 -24.6728 -197.007 248.95 -46.0985 -161.375 246.313 -44.1231 -126.073 249.056 -23.8551 -166.398 276.484 50.588 13.2125 10.3925 13.416 
99.7859 157.939 152.158 154.661 156.372 147.403 147.894 149.208 149.026 142.035 -199.882 241.304 53.5873 -230.004 249.695 -24.5479 -196.99 248.798 -45.9945 -161.458 246.174 -43.9373 -126.267 248.869 -23.5048 -166.644 276.657 50.7202 13.1347 10.3361 13.5225 
99.7859 157.992 152.118 154.666 156.441 146.68 147.928 149.275 149.063 142.077 -198.755 240.4 53.8672 -230.407 249.702 -24.4899 -197.244 248.845 -45.9964 -161.749 246.149 -43.8876 -126.638 248.737 -23.3337 -167.016 276.849 50.7357 13.0814 10.3332 13.6478 
99.7859 158.055 152.203 154.719 156.589 151.603 147.897 149.256 149.085 142.154 -200.843 240.623 54.0986 -230.717 249.734 -24.2879 -197.418 248.874 -45.8536 -161.976 246.188 -43.7387 -126.938 248.78 -23.1595 -167.285 277.083 50.8977 13.0133 10.3043 13.7646 
99.7859 158.078 152.271 154.73 156.673 157.379 147.817 149.237 149.171 142.229 -203.631 241.451 54.2747 -230.936 249.742 -24.0749 -197.589 248.872 -45.7047 -162.243 246.305 -43.6597 -127.27 248.918 -23.0957 -167.474 277.231 51.0359 12.9265 10.2185 13.8266 
99.7859 158.004 152.268 154.687 156.712 161.431 147.65 149.158 149.185 142.239 -205.858 242.301 54.5832 -231.106 249.71 -23.8689 -197.785 248.86 -45.571 -162.525 246.401 -43.6305 -127.57 249.016 -23.1378 -167.563 277.294 51.0986 12.8652 10.1372 13.8461 
99.7859 157.957 152.32 154.67 156.768 164.186 147.493 149.067 149.168 142.236 -207.589 243.179 54.817 -231.208 249.607 -23.6531 -197.958 248.781 -45.3797 -162.763 246.467 -43.5234 -127.818 249.158 -23.108 -167.68 277.445 51.1643 12.8219 10.0654 13.8146 
99.7859 157.914 152.299 154.634 156.785 165.592 147.325 148.971 149.128 142.237 -208.505 243.711 54.9809 -231.242 249.516 -23.487 -198.043 248.729 -45.2377 -162.881 246.5 -43.4448 -127.934 249.214 -23.0897 -167.723 277.548 51.1964 12.8063 10.0284 13.7934 
99.7859 157.815 152.252 154.592 156.791 165.727 147.121 148.771 148.953 142.151 -208.696 244.174 54.8465 -231.221 249.417 -23.3529 -198.082 248.657 -45.0859 -162.96 246.472 -43.3165 -128.013 249.232 -23.0167 -167.769 277.639 51.2554 12.7929 9.99569 13.7482 
99.7859 157.735 152.266 154.582 156.8 167.119 146.898 148.584 148.831 142.054 -209.549 244.578 55.1083 -231.2 249.352 -23.2197 -198.11 248.599 -44.954 -162.984 246.434 -43.2133 -128.023 249.181 -22.9298 -167.776 277.685 51.3243 12.8064 9.98877 13.7124 
99.7859 157.592 152.125 154.495 156.725 167.284 146.704 148.391 148.645 141.897 -209.593 244.833 55.0413 -231.196 249.427 -23.1256 -198.122 248.644 -44.8466 -162.959 246.427 -43.1099 -127.978 249.156 -22.8447 -167.745 277.751 51.3457 12.835 10.0263 13.7111 
99.7859 157.369 151.865 154.338 156.581 166.528 146.384 148.133 148.421 141.653 -209.111 244.522 55.1054 -231.183 249.536 -22.9815 -198.177 248.772 -44.6994 -162.99 246.501 -42.9772 -127.991 249.149 -22.7039 -167.715 277.793 51.4115 12.8629 10.0558 13.6779 
99.7859 157.235 151.649 154.212 156.455 164.92 146.205 147.966 148.212 141.394 -208.088 244.413 54.8132 -231.224 249.831 -22.9232 -198.228 249.06 -44.6323 -162.98 246.661 -42.8938 -127.973 249.168 -22.571 -167.677 277.869 51.4618 12.8935 10.1232 13.6837 
99.7859 157.215 151.611 154.209 156.43 164.888 146.197 147.961 148.156 141.294 -207.81 244.373 55.0054 -231.214 250.321 -22.8823 -198.102 249.493 -44.6146 -162.792 246.89 -42.7999 -127.763 249.215 -22.351 -167.592 278.064 51.5888 12.9645 10.1981 13.7717 
99.7859 157.094 151.57 154.205 156.409 164.672 146 147.899 148.112 141.26 -207.587 244.769 54.7837 -230.99 250.684 -22.88 -197.797 249.821 -44.6364 -162.428 247.082 -42.763 -127.407 249.228 -22.1825 -167.449 278.249 51.6524 13.0309 10.2595 13.8277 
99.7859 157.033 151.695 154.27 156.42 164.359 145.793 147.892 148.08 141.189 -207.028 245.176 54.416 -230.546 250.867 -22.8784 -197.407 250.076 -44.6305 -162.002 247.339 -42.7001 -127.018 249.373 -21.9925 -167.279 278.45 51.7524 13.0664 10.2802 13.7692 
99.7859 157.048 151.759 154.335 156.421 164.142 145.776 147.99 148.115 141.206 -206.305 245.424 54.1463 -230.176 251.228 -22.898 -196.987 250.424 -44.6441 -161.464 247.59 -42.6225 -126.489 249.507 -21.7712 -167.051 278.669 51.8678 13.1425 10.3747 13.788 
99.7859 157.05 151.813 154.355 156.351 163.639 145.744 148.035 148.078 141.054 -206.008 246.14 53.9294 -229.811 251.637 -22.9477 -196.587 250.834 -44.6894 -160.986 247.868 -42.5395 -126 249.651 -21.4993 -166.839 278.904 51.9905 13.2446 10.4531 13.7917 
99.7859 156.944 151.572 154.178 156.138 162.327 145.678 148.013 147.941 140.699 -205.014 246.243 53.8986 -229.319 251.972 -23.013 -196.123 251.187 -44.6929 -160.447 248.162 -42.4323 -125.459 249.789 -21.1957 -166.501 279.064 52.1161 13.3379 10.5206 13.7398 
99.7859 156.82 151.35 153.942 155.896 159.837 145.58 147.906 147.696 140.262 -203.693 246.407 54.0301 -228.94 252.495 -23.0533 -195.704 251.71 -44.6858 -159.966 248.563 -42.2961 -124.935 250.117 -20.9245 -166.183 279.31 52.2471 13.4513 10.5973 13.7519 
99.7859 156.617 151.149 153.666 155.607 157.203 145.364 147.676 147.458 139.866 -202.395 246.665 54.023 -228.362 252.722 -23.0463 -195.192 251.926 -44.5941 -159.454 248.812 -42.1418 -124.335 250.369 -20.6871 -165.721 279.409 52.3797 13.562 10.5928 13.6773 
99.7859 156.254 150.916 153.304 155.263 154.565 144.96 147.252 147.001 139.294 -201.049 246.904 54.0779 -227.8 252.954 -22.9439 -194.644 252.112 -44.4219 -158.931 249.014 -41.9022 -123.774 250.654 -20.4163 -165.255 279.558 52.5063 13.6236 10.5865 13.6631 
99.7859 155.855 150.672 152.923 154.819 152.066 144.463 146.644 146.416 138.555 -200.046 247.198 54.2154 -227.123 252.932 -22.8345 -193.995 252.085 -44.1886 -158.395 249.108 -41.5755 -123.277 250.957 -20.0228 -164.859 279.806 52.6154 13.6345 10.5233 13.6205 
99.7859 155.782 150.705 152.82 154.681 150.118 144.44 146.529 146.325 138.311 -199.001 247.397 54.252 -226.597 253.064 -22.8296 -193.43 252.164 -44.1091 -157.902 249.255 -41.422 -122.833 251.207 -19.7579 -164.477 280.058 52.7022 13.6113 10.4724 13.6288 
99.7859 155.826 150.843 152.935 154.682 146.22 144.439 146.4 146.249 138.329 -196.457 247.071 54.2052 -226.032 253.016 -22.9306 -192.72 252.008 -44.1324 -157.269 249.081 -41.3217 -122.276 251.241 -19.5829 -164.12 280.309 52.6744 13.5632 10.4384 13.7024 
99.7859 155.907 150.942 153.016 154.629 143.248 144.472 146.302 146.083 138.233 -193.589 247.374 53.7428 -224.863 253.271 -23.2646 -191.342 252.334 -44.3217 -155.887 249.394 -41.2662 -121.089 251.674 -19.3269 -163.383 280.922 52.5657 13.5118 10.4808 13.7855 
99.7859 156.036 151.083 153.243 154.751 142.055 144.61 146.395 146.106 138.463 -191.672 246.904 53.5321 -224.369 253.298 -23.5388 -190.761 252.419 -44.5297 -155.246 249.468 -41.334 -120.571 251.808 -19.312 -163.172 281.24 52.4275 13.471 10.5443 13.8006 
99.7859 156.107 151.128 153.321 154.809 141.993 144.627 146.332 145.957 138.533 -190.759 247.042 53.2162 -223.84 253.421 -23.7376 -190.276 252.584 -44.6155 -154.74 249.636 -41.3043 -120.131 252.127 -19.3575 -162.891 281.591 52.3131 13.4249 10.5697 13.7203 
99.7859 155.838 150.785 153.035 154.62 146.038 144.203 145.813 145.514 138.438 -192.763 248.009 52.629 -223.309 253.584 -23.789 -189.867 252.743 -44.5638 -154.386 249.835 -41.2562 -119.764 252.576 -19.5782 -162.529 281.845 52.2251 13.3811 10.5362 13.6115 
99.7859 155.697 150.382 152.724 154.303 146.22 143.899 145.38 144.984 138.008 -192.472 248.264 52.3491 -222.67 253.629 -23.9267 -189.413 253 -44.578 -154.076 250.134 -41.2118 -119.504 253.025 -19.7176 -162.161 282.054 52.07 13.3173 10.4586 13.4438 
99.7859 155.53 149.964 152.392 153.971 145.35 143.695 145.101 144.603 137.589 -191.487 248.576 52.0064 -222.278 254.098 -24.0894 -189.182 253.649 -44.6711 -153.926 250.81 -41.3237 -119.363 253.717 -19.9815 -161.836 282.31 51.8907 13.2898 10.419 13.3309 
99.7859 155.504 149.909 152.342 153.923 146.495 143.7 144.939 144.416 137.383 -191.999 249.517 51.6212 -221.904 254.53 -24.2 -188.888 254.047 -44.658 -153.733 251.238 -41.2899 -119.198 254.331 -20.1003 -161.564 282.622 51.8539 13.2316 10.3573 13.2479 
99.7859 155.501 149.834 152.243 153.74 145.225 143.763 144.794 144.175 137.008 -191.299 250.402 51.387 -221.528 254.958 -24.2873 -188.555 254.417 -44.6216 -153.574 251.603 -41.1727 -119.085 254.853 -20.0441 -161.332 282.966 51.8733 13.1788 10.2595 13.1828 
99.7859 155.729 149.993 152.346 153.788 144.204 144.038 144.984 144.328 136.974 -190.727 251.332 51.0174 -221.086 255.219 -24.4741 -188.098 254.63 -44.7328 -153.234 251.885 -41.2421 -118.83 255.174 -20.0685 -161.047 283.247 51.8024 13.1162 10.1655 13.1575 
99.7859 155.876 150.097 152.402 153.816 142.588 144.3 145.149 144.439 136.883 -189.693 251.822 50.8012 -220.757 255.362 -24.5257 -187.864 254.753 -44.7003 -153.144 252.183 -41.2194 -118.828 255.607 -20.0724 -160.898 283.503 51.7948 13.0162 10.0394 13.0677 
99.7859 156.044 150.185 152.581 153.923 138.22 144.564 145.391 144.614 136.966 -185.807 251.303 50.6487 -220.459 255.563 -24.6327 -187.647 255.002 -44.7445 -153.061 252.559 -41.2436 -118.884 256.06 -20.0874 -160.83 283.859 51.7396 12.8679 9.93613 12.9885 
99.7859 156.129 150.088 152.567 153.899 137.196 144.736 145.483 144.633 137.031 -184.111 250.929 50.5577 -220.497 255.961 -24.67 -187.672 255.299 -44.7629 -153.188 252.75 -41.2532 -119.112 256.282 -20.2062 -160.77 284.067 51.6781 12.7135 9.89328 13.0178 
99.7859 156.217 149.862 152.562 153.797 135.883 144.637 145.419 144.555 137.028 -182.172 250.433 50.611 -220.53 256.328 -24.587 -187.707 255.67 -44.6671 -153.224 253.111 -41.2243 -119.27 256.677 -20.3002 -160.723 284.28 51.6174 12.5928 9.93986 13.0721 
99.7859 156.291 149.789 152.645 153.875 134.039 144.685 145.426 144.524 137.104 -179.716 249.886 50.8396 -220.475 256.654 -24.5801 -187.656 255.998 -44.6366 -153.223 253.424 -41.206 -119.38 257.001 -20.3689 -160.684 284.632 51.5507 12.4644 9.92183 13.0807 
99.7859 156.338 149.583 152.692 153.914 132.523 144.604 145.466 144.586 137.243 -178.178 249.826 51.3459 -220.477 257.14 -24.5276 -187.632 256.506 -44.5896 -153.124 253.932 -41.1958 -119.405 257.492 -20.3784 -160.683 285.06 51.5514 12.3791 10.0066 13.1311 
