159.303 161.156 162.69 164.473 163.112 158.992 155.129 158.978 159.335 154.949 -84.1713 413.106 -13.0092 -92.9752 397.87 -83.032 -135.335 387.348 -74.4394 -155.664 376.351 -52.5103 -161.888 368.095 -17.2107 -81.7752 350.823 3.55773 9.60814 8.07004 18.4586 
159.17 161.051 162.739 164.396 163.091 158.856 155.199 159.222 159.461 155.147 -83.917 413.309 -12.6948 -92.7915 398.006 -83.0373 -135.269 387.347 -74.5538 -155.585 376.435 -52.5351 -161.899 368.107 -17.1904 -81.6826 350.953 3.62719 9.6819 8.05731 18.5497 
159.103 160.999 162.839 164.373 163.087 158.81 155.168 159.379 159.505 155.223 -83.7408 413.53 -12.5563 -92.6735 398.161 -83.0529 -135.208 387.354 -74.7307 -155.486 376.565 -52.6244 -161.881 368.227 -17.2132 -81.6183 351.125 3.64966 9.75882 8.01671 18.5925 
159.012 160.952 162.947 164.357 163.081 158.729 155.164 159.508 159.531 155.252 -83.6667 413.753 -12.3968 -92.5494 398.317 -83.1239 -135.121 387.427 -74.9252 -155.381 376.736 -52.7504 -161.848 368.389 -17.2765 -81.5744 351.318 3.64059 9.82636 7.98876 18.6141 
158.824 160.84 162.939 164.258 162.993 158.52 155.079 159.533 159.468 155.174 -83.7367 413.922 -12.1023 -92.5289 398.404 -83.1285 -135.037 387.426 -75.0809 -155.272 376.826 -52.8457 -161.794 368.486 -17.3144 -81.5439 351.497 3.66271 9.88282 7.96058 18.5666 
158.643 160.795 163.095 164.288 163.011 158.269 155.081 159.755 159.537 155.214 -83.8269 413.907 -11.7807 -92.4882 398.443 -83.196 -134.989 387.372 -75.3262 -155.2 376.956 -52.9425 -161.777 368.643 -17.3079 -81.515 351.578 3.65102 9.97038 7.9375 18.5497 
158.563 160.753 163.158 164.293 163.028 158.152 155.047 159.847 159.556 155.25 -83.8687 413.965 -11.5825 -92.4637 398.589 -83.1907 -134.889 387.462 -75.5024 -155.112 377.085 -53.0698 -161.766 368.7 -17.4039 -81.506 351.657 3.61385 10.0191 7.94173 18.483 
158.447 160.72 163.143 164.25 163.006 158 155.027 159.904 159.549 155.243 -83.9807 414.085 -11.3622 -92.5347 398.737 -83.1669 -134.822 387.562 -75.6355 -155.068 377.196 -53.1593 -161.79 368.758 -17.4647 -81.5267 351.791 3.60419 10.068 7.96049 18.3719 
158.425 160.649 163.103 164.191 162.963 157.962 154.871 159.831 159.417 155.077 -84.1159 414.209 -11.305 -92.5861 398.905 -83.1118 -134.752 387.691 -75.7219 -154.99 377.365 -53.2243 -161.743 368.947 -17.5017 -81.5418 351.957 3.57265 10.0998 7.95173 18.2824 
158.294 160.433 162.947 164.018 162.837 157.81 154.538 159.641 159.201 154.849 -84.3805 414.299 -11.0572 -92.6628 399.059 -82.963 -134.704 387.783 -75.7689 -154.933 377.477 -53.2659 -161.722 369.07 -17.5224 -81.5813 352.106 3.58566 10.129 7.94122 18.1927 
158.246 160.335 162.86 163.931 162.738 157.743 154.364 159.485 159.037 154.644 -84.6187 414.278 -11.0014 -92.7619 399.074 -82.9093 -134.709 387.819 -75.7608 -154.914 377.536 -53.2625 -161.675 369.18 -17.5245 -81.6097 352.164 3.56952 10.1133 7.92191 18.1178 
158.286 160.199 162.797 163.871 162.708 157.775 154.148 159.403 158.935 154.574 -84.6274 414.261 -11.0117 -92.8056 399.068 -82.801 -134.72 387.734 -75.7743 -154.901 377.499 -53.2598 -161.67 369.154 -17.5315 -81.6181 352.151 3.56997 10.1116 7.90416 18.1078 
158.399 160.058 162.755 163.794 162.664 157.932 153.906 159.334 158.818 154.456 -84.6142 414.333 -11.2054 -92.9872 399.069 -82.6561 -134.848 387.579 -75.7944 -154.977 377.423 -53.2324 -161.757 369.117 -17.4707 -81.7112 352.18 3.60158 10.1425 7.87714 18.1003 
158.49 159.934 162.685 163.692 162.574 158.055 153.723 159.224 158.663 154.299 -84.6302 414.357 -11.3014 -93.1239 399.06 -82.5006 -135.009 387.486 -75.6822 -155.102 377.355 -53.0861 -161.865 369.038 -17.329 -81.8203 352.163 3.6785 10.1483 7.86848 18.1446 
158.575 159.959 162.772 163.763 162.627 158.231 153.66 159.27 158.717 154.356 -84.9244 414.308 -11.5149 -93.3761 399.061 -82.4152 -135.403 387.319 -75.5823 -155.46 377.2 -52.9452 -162.127 368.985 -17.1837 -82.0506 352.16 3.7285 10.1218 7.86958 18.2981 
158.71 159.896 162.628 163.543 162.438 158.524 153.458 159.034 158.423 154.061 -84.8577 414.338 -12.0329 -93.5804 398.867 -82.3589 -135.867 386.947 -75.4009 -155.864 376.983 -52.665 -162.432 368.878 -16.9401 -82.3364 352.097 3.79404 10.0941 7.84954 18.5661 
158.873 159.909 162.508 163.415 162.354 158.825 153.301 158.811 158.097 153.762 -84.8567 414.169 -12.587 -93.7479 398.502 -82.3243 -136.282 386.432 -75.1888 -156.21 376.695 -52.3117 -162.686 368.686 -16.655 -82.5898 351.91 3.87683 10.0506 7.8286 18.8347 
158.937 159.925 162.414 163.276 162.249 158.971 153.116 158.61 157.775 153.464 -84.9983 413.88 -12.9186 -93.9209 398.116 -82.2504 -136.623 385.9 -75.0395 -156.485 376.441 -52.0058 -162.941 368.514 -16.3685 -82.8398 351.664 3.98052 10.0656 7.79889 19.0237 
159.077 160.224 162.413 163.232 162.135 159.066 153.452 158.534 157.485 153.144 -85.3015 413.661 -12.9816 -94.2263 397.646 -82.3662 -137.073 385.501 -74.781 -156.861 376.332 -51.5868 -163.246 368.337 -16.0507 -83.1402 351.414 4.12429 10.017 7.75658 19.1333 
158.963 160.07 162.097 162.803 161.617 158.895 153.457 158.274 157.111 152.615 -85.4344 413.516 -12.9673 -94.4747 396.979 -82.6066 -137.538 384.806 -74.7176 -157.245 375.918 -51.3487 -163.515 368.105 -15.7604 -83.4431 351.192 4.20864 10.0509 7.7379 19.3339 
158.786 159.822 161.765 162.358 161.022 158.7 153.271 157.861 156.651 151.964 -85.6336 413.313 -12.978 -94.8276 396.224 -82.7919 -138.007 384.106 -74.6357 -157.597 375.419 -51.204 -163.733 367.775 -15.5844 -83.8067 350.92 4.27459 10.0481 7.67484 19.4485 
158.248 159.236 161.273 161.715 160.304 158.081 153.04 157.486 156.252 151.397 -85.6938 413.039 -12.5731 -95.0381 395.386 -83.0477 -138.375 383.393 -74.6714 -157.887 374.883 -51.1745 -164.011 367.353 -15.4307 -84.1295 350.614 4.33768 10.156 7.64099 19.5778 
158.019 158.993 161.155 161.579 160.035 157.795 152.722 157.144 155.99 151.002 -86.3463 412.382 -12.3125 -95.5816 394.716 -83.0556 -138.799 382.884 -74.6103 -158.255 374.346 -51.1234 -164.318 366.877 -15.2949 -84.5322 350.141 4.34545 10.2023 7.62289 19.4787 
157.805 158.9 161.07 161.494 159.72 157.412 152.673 156.917 155.83 150.62 -87.0571 411.59 -11.9531 -95.9989 394.039 -83.2117 -139.233 382.548 -74.4724 -158.624 374.03 -51.0109 -164.474 366.739 -15.1281 -84.8871 349.587 4.25551 10.1789 7.58554 19.4654 
157.693 159.036 161.242 161.667 159.653 157.043 152.909 157.023 155.944 150.532 -87.9063 410.834 -11.4206 -96.4747 393.467 -83.3258 -139.685 382.207 -74.4088 -159.029 373.654 -50.9636 -164.755 366.463 -14.993 -85.229 349.075 4.21643 10.2147 7.56114 19.4047 
157.632 159.419 161.588 162.094 159.922 156.647 153.342 157.397 156.316 150.791 -88.9984 409.98 -10.9232 -97.0675 392.849 -83.4695 -140.171 381.752 -74.4166 -159.489 373.208 -50.9744 -165.131 366.205 -14.9065 -85.5847 348.645 4.22467 10.2524 7.5434 19.2824 
157.325 159.861 162.119 162.662 160.309 155.892 154.142 158.275 157.153 151.427 -90.2865 409.096 -9.98614 -97.5749 392.376 -83.7775 -140.81 381.455 -74.4738 -160.116 373.01 -50.9281 -165.588 366.397 -14.6433 -85.9407 348.4 4.25523 10.3482 7.56421 19.3371 
157.371 160.266 162.524 163.056 160.676 155.89 154.764 158.773 157.565 151.769 -90.8007 408.517 -9.72596 -97.9213 391.862 -83.964 -141.355 380.856 -74.4664 -160.679 372.351 -50.8585 -166.074 365.761 -14.5382 -86.2697 347.926 4.29717 10.3656 7.61375 19.5077 
157.437 160.645 162.825 163.399 160.936 156.124 155.12 159.117 157.9 152.02 -91.314 407.931 -9.79015 -98.0478 391.368 -84.0946 -141.802 380.215 -74.4518 -161.167 371.665 -50.8217 -166.46 365.289 -14.4313 -86.5948 347.435 4.3171 10.411 7.65851 19.7951 
157.459 161.127 162.862 163.596 161.267 156.355 155.437 159.24 157.884 152.106 -92.0943 407.431 -10.0709 -98.1937 390.883 -84.2688 -142.152 379.642 -74.3364 -161.555 371.175 -50.7058 -166.776 364.874 -14.5122 -86.9271 347.08 4.26308 10.2712 7.68186 20.0427 
157.463 161.538 162.867 163.626 161.35 156.368 155.794 159.222 157.713 151.967 -93.0107 406.842 -10.1098 -98.3128 390.248 -84.563 -142.407 379.201 -74.2198 -161.827 370.899 -50.558 -166.944 364.701 -14.5321 -87.2225 346.725 4.20895 10.1506 7.68704 20.1915 
157.45 161.708 162.866 163.615 161.339 156.342 155.897 159.12 157.563 151.742 -94.0292 406.336 -9.95755 -98.5036 389.86 -84.6691 -142.566 378.922 -74.194 -162.007 370.545 -50.6066 -167.081 364.414 -14.6514 -87.507 346.412 4.13262 10.1123 7.68246 20.1864 
157.346 161.846 162.863 163.601 161.339 156.138 156.037 159.015 157.437 151.638 -94.9413 405.905 -9.77321 -98.7765 389.392 -84.888 -142.715 378.729 -74.2565 -162.14 370.393 -50.752 -167.249 364.272 -14.8794 -87.801 346.195 4.0395 10.0621 7.62684 20.0699 
157.291 161.917 162.897 163.64 161.433 155.957 156.088 158.832 157.295 151.548 -95.8082 405.499 -9.57504 -99.2144 389.078 -84.9772 -142.785 378.676 -74.3389 -162.205 370.197 -50.9723 -167.42 363.867 -15.215 -88.0524 345.974 3.92286 9.98734 7.58161 19.7485 
157.132 161.685 162.788 163.56 161.458 156.024 155.645 158.397 157.054 151.492 -96.2487 405.052 -9.80014 -99.843 388.787 -84.7818 -142.946 378.53 -74.3582 -162.38 369.719 -51.248 -167.796 363.089 -15.5971 -88.4653 345.543 3.81678 9.93519 7.53687 19.3533 
157.092 161.214 162.602 163.322 161.257 156 155.291 158.196 156.995 151.489 -96.076 405.192 -9.99469 -100.283 388.751 -84.7618 -142.984 378.588 -74.6871 -162.425 369.638 -51.6949 -168.039 362.86 -15.9702 -88.7418 345.497 3.65763 9.99603 7.51391 18.9823 
157.102 160.846 162.446 163.2 161.204 155.828 154.888 157.833 156.869 151.406 -96.3804 405.018 -9.72108 -100.77 388.822 -84.5344 -142.986 378.9 -74.6966 -162.439 369.559 -51.9604 -168.152 362.538 -16.2643 -88.9496 345.332 3.5548 9.9599 7.49963 18.5452 
157.012 160.652 162.352 163.11 161.109 155.607 154.731 157.566 156.771 151.326 -96.5311 404.83 -9.56538 -101.193 388.707 -84.5113 -143.026 379.191 -74.6488 -162.463 369.673 -52.0685 -168.199 362.523 -16.3939 -89.084 345.224 3.45759 9.92236 7.47731 18.1912 
156.988 160.554 162.338 163.122 161.119 155.442 154.619 157.386 156.764 151.343 -96.8302 404.546 -9.29849 -101.52 388.714 -84.378 -143.006 379.496 -74.5597 -162.46 369.767 -52.1492 -168.212 362.492 -16.4996 -89.204 345.05 3.38986 9.88483 7.47742 17.8758 
156.905 160.415 162.257 163.037 161.06 155.276 154.515 157.225 156.699 151.346 -97.1176 404.413 -9.0721 -101.86 388.722 -84.293 -143.02 379.697 -74.5353 -162.461 369.872 -52.2339 -168.25 362.45 -16.6246 -89.3178 344.986 3.32451 9.84713 7.45684 17.5927 
156.826 160.341 162.209 163.019 161.046 155.168 154.425 157.077 156.669 151.37 -97.4638 404.411 -9.05504 -102.202 388.811 -84.261 -143.074 379.942 -74.5385 -162.509 370.017 -52.3468 -168.317 362.538 -16.7747 -89.4496 345.098 3.23398 9.80478 7.45173 17.3542 
156.832 160.34 162.282 163.123 161.158 155.112 154.371 157.099 156.782 151.537 -97.66 404.357 -8.96783 -102.477 388.928 -84.1497 -143.132 380.12 -74.5233 -162.561 370.099 -52.3965 -168.393 362.569 -16.8169 -89.516 345.135 3.20226 9.8023 7.4626 17.162 
156.855 160.329 162.313 163.204 161.215 155.105 154.325 157.107 156.885 151.66 -97.8828 404.329 -8.94672 -102.746 389.039 -84.0618 -143.211 380.247 -74.5266 -162.658 370.117 -52.4596 -168.491 362.59 -16.8585 -89.6134 345.18 3.174 9.80435 7.49226 17.0006 
156.882 160.38 162.371 163.308 161.281 155.11 154.373 157.231 157.067 151.848 -97.8915 404.425 -8.95401 -102.915 389.191 -84.0417 -143.252 380.392 -74.59 -162.722 370.195 -52.5466 -168.573 362.693 -16.8873 -89.6561 345.294 3.15744 9.8396 7.52233 16.8833 
156.867 160.305 162.326 163.291 161.315 155.113 154.323 157.228 157.11 151.949 -97.8079 404.554 -8.94975 -102.99 389.382 -83.9667 -143.247 380.556 -74.5995 -162.742 370.268 -52.5888 -168.649 362.678 -16.9307 -89.6787 345.397 3.15676 9.8578 7.55505 16.8137 
156.906 160.279 162.312 163.285 161.322 155.191 154.299 157.244 157.11 151.984 -97.6879 404.678 -9.05448 -103.065 389.486 -83.9318 -143.257 380.593 -74.6437 -162.752 370.32 -52.6105 -168.685 362.67 -16.9646 -89.6986 345.46 3.13814 9.86354 7.55806 16.7647 
156.903 160.214 162.292 163.269 161.315 155.212 154.225 157.315 157.147 152.033 -97.5146 404.804 -9.11328 -103.119 389.608 -83.8673 -143.256 380.57 -74.7289 -162.756 370.331 -52.6355 -168.7 362.673 -16.9722 -89.6912 345.522 3.12239 9.88432 7.57288 16.7276 
156.949 160.253 162.304 163.308 161.358 155.234 154.352 157.526 157.314 152.219 -97.1524 405.029 -9.22355 -103.066 389.741 -83.9777 -143.231 380.624 -74.9122 -162.749 370.444 -52.7532 -168.747 362.747 -17.0518 -89.6544 345.617 3.05001 9.93678 7.58324 16.741 
156.919 160.383 162.372 163.414 161.474 155.113 154.498 157.774 157.546 152.467 -97.0857 405.165 -8.98037 -102.92 390.034 -84.0406 -143.106 380.826 -75.1089 -162.66 370.616 -52.9548 -168.726 362.889 -17.2092 -89.5672 345.753 2.9602 9.99403 7.597 16.7369 
156.886 160.428 162.483 163.487 161.514 155.065 154.563 157.982 157.697 152.553 -97.0921 405.238 -8.94396 -102.707 390.142 -84.2683 -142.974 380.833 -75.4558 -162.527 370.728 -53.2483 -168.608 363.136 -17.4033 -89.4746 345.879 2.80465 10.0569 7.57361 16.7866 
156.96 160.425 162.877 163.755 161.912 155.119 154.6 158.617 158.169 153.168 -96.605 405.543 -9.04101 -102.155 391.001 -84.4619 -142.546 381.28 -76.2049 -162.192 371.199 -53.8546 -168.496 363.37 -17.9302 -89.1666 346.108 2.38569 10.2005 7.63152 16.8464 
157.056 160.519 163.248 164.082 162.303 155.238 154.67 159.249 158.642 153.706 -96.3211 405.689 -9.14362 -101.611 391.605 -84.5689 -142.332 381.515 -76.6617 -162.068 371.635 -54.092 -168.505 363.847 -18.0172 -89.009 346.31 2.22558 10.3612 7.69356 17.1068 
157.088 160.429 163.31 164.118 162.445 155.32 154.467 159.402 158.693 153.814 -96.0548 405.67 -9.39853 -101.2 391.786 -84.6497 -142.13 381.419 -76.9771 -161.919 371.726 -54.2499 -168.444 363.984 -18.1107 -88.8741 346.331 2.09126 10.4516 7.7293 17.3003 
157.133 160.484 163.419 164.18 162.547 155.316 154.559 159.679 158.83 153.998 -95.8188 405.741 -9.40279 -100.895 392.046 -84.7777 -141.99 381.533 -77.2193 -161.836 371.945 -54.3513 -168.428 364.124 -18.1877 -88.762 346.356 1.96066 10.515 7.77491 17.4277 
157.163 160.473 163.351 164.136 162.589 155.454 154.393 159.573 158.677 153.937 -95.704 405.781 -9.703 -100.582 392.182 -84.8718 -141.78 381.569 -77.3489 -161.648 372.019 -54.4526 -168.283 364.107 -18.3753 -88.6132 346.374 1.79151 10.4938 7.78579 17.5317 
157.212 160.432 163.486 164.201 162.722 155.558 154.246 159.723 158.725 154.046 -95.6544 405.679 -9.98669 -100.291 392.271 -84.9721 -141.652 381.367 -77.6694 -161.51 372.042 -54.6321 -168.194 364.167 -18.5282 -88.4929 346.338 1.58546 10.5432 7.78242 17.7048 
157.325 160.499 163.591 164.295 162.866 155.726 154.203 159.817 158.751 154.135 -95.699 405.574 -10.2512 -100.013 392.331 -85.0956 -141.528 381.26 -77.8734 -161.385 372.069 -54.7608 -168.083 364.2 -18.6799 -88.3589 346.303 1.40466 10.5447 7.78106 17.8529 
157.441 160.622 163.787 164.483 163.042 155.879 154.225 160.002 158.91 154.328 -95.5858 405.42 -10.5625 -99.6609 392.422 -85.2538 -141.366 381.256 -78.0664 -161.263 372.145 -54.8915 -167.949 364.33 -18.7919 -88.1876 346.213 1.19485 10.5635 7.80888 18.0128 
157.527 160.748 163.846 164.532 163.159 156.149 154.262 160.055 158.899 154.443 -95.3717 405.491 -11.0725 -99.4123 392.497 -85.4124 -141.238 381.21 -78.2168 -161.15 372.243 -54.9848 -167.857 364.379 -18.9711 -88.0614 346.21 0.996218 10.5294 7.81158 18.1389 
157.633 160.824 163.779 164.492 163.228 156.396 154.133 159.862 158.689 154.396 -95.2461 405.46 -11.6828 -99.229 392.448 -85.5521 -141.062 381.163 -78.2949 -160.956 372.293 -55.0538 -167.688 364.33 -19.2003 -87.9193 346.159 0.766337 10.4473 7.79374 18.1709 
157.691 160.963 163.598 164.302 163.137 156.589 154.283 159.751 158.519 154.362 -94.5515 405.752 -12.4704 -98.954 392.184 -85.9771 -140.955 381.008 -78.4244 -160.844 372.419 -55.0917 -167.606 364.478 -19.3332 -87.7936 346.263 0.585893 10.4175 7.7888 18.3178 
157.693 161.066 163.363 164.147 163.063 156.682 154.319 159.512 158.279 154.166 -94.1842 405.922 -13.1318 -98.673 391.886 -86.385 -140.797 380.828 -78.5459 -160.675 372.411 -55.2308 -167.405 364.6 -19.5815 -87.6686 346.358 0.374404 10.3353 7.75846 18.4411 
157.619 161.061 162.904 163.823 162.816 156.703 154.332 159.1 157.919 153.82 -93.5538 406.188 -13.986 -98.2721 391.568 -86.9583 -140.542 380.767 -78.7223 -160.474 372.493 -55.4565 -167.171 364.84 -19.9258 -87.5572 346.501 0.0627742 10.2478 7.76149 18.5841 
157.406 160.865 162.233 163.253 162.406 156.607 154.19 158.52 157.414 153.351 -92.7293 406.576 -14.8181 -97.7951 391.148 -87.6215 -140.216 380.535 -79.0211 -160.18 372.431 -55.8095 -166.89 364.931 -20.3741 -87.3759 346.7 -0.307007 10.2005 7.75153 18.7623 
157.352 160.876 161.879 163.074 162.262 156.578 154.225 158.291 157.27 153.244 -92.1347 406.819 -15.3972 -97.4239 391.045 -88.075 -139.923 380.576 -79.2514 -159.908 372.426 -56.1549 -166.605 364.908 -20.8431 -87.1485 346.836 -0.659652 10.1096 7.73758 18.8536 
157.279 160.804 161.372 162.791 162.029 156.714 154.256 157.977 157.089 153.174 -91.0403 407.248 -16.3428 -96.9759 391.016 -88.6199 -139.688 380.67 -79.4734 -159.709 372.473 -56.5124 -166.361 364.928 -21.3802 -86.9262 346.98 -1.13968 9.98437 7.73252 19.0826 
157.494 160.776 161.7 163.033 162.149 156.676 154.625 158.565 157.615 153.644 -89.6105 407.851 -16.9959 -96.179 391.843 -89.3931 -138.808 381.304 -80.5619 -158.877 372.976 -57.6047 -165.526 365.289 -22.4437 -86.089 347.334 -2.10878 9.98039 7.77348 19.0048 
157.559 160.709 161.783 163.106 162.048 156.608 154.752 158.736 157.855 153.874 -88.6308 408.284 -17.1882 -96.0447 392.454 -89.678 -138.465 382.103 -80.9746 -158.574 373.562 -58.082 -165.291 365.618 -22.8594 -85.7995 347.569 -2.55542 10.0563 7.80032 18.7679 
157.598 160.616 161.815 163.09 161.943 156.227 154.661 158.646 157.801 153.807 -88.1696 408.548 -17.0965 -95.8091 392.974 -89.9965 -137.807 383.03 -81.4071 -157.923 374.43 -58.5566 -164.746 366.257 -23.2867 -85.3215 347.927 -3.0281 10.1334 7.78973 18.3361 
157.534 160.499 161.862 163.037 161.777 155.995 154.467 158.454 157.601 153.545 -87.6682 408.623 -17.1348 -95.4272 393.196 -90.2817 -137.137 383.583 -81.8156 -157.232 375.013 -58.9634 -164.17 366.701 -23.5964 -84.809 348.11 -3.43211 10.26 7.76509 18.0246 
157.59 160.313 161.824 162.862 161.595 155.935 154.413 158.187 157.337 153.308 -87.3032 409.044 -17.327 -95.1952 393.739 -90.5969 -136.611 384.464 -82.1252 -156.694 375.691 -59.3511 -163.716 367 -24.055 -84.4017 348.493 -3.86025 10.2683 7.75632 17.7238 
157.679 160.447 161.78 162.779 161.57 155.994 154.452 157.783 156.905 152.995 -86.8793 409.397 -17.7343 -94.8336 394.124 -90.878 -136.056 385.304 -82.0634 -156.127 376.468 -59.368 -163.128 367.428 -24.3728 -83.9409 348.836 -4.18651 10.0988 7.73192 17.5555 
157.793 160.721 161.9 162.93 161.65 155.863 154.892 157.759 156.952 152.992 -86.9279 409.8 -17.4977 -94.423 394.603 -91.1873 -135.511 386.315 -81.9203 -155.629 377.184 -59.4122 -162.477 368.002 -24.6046 -83.3876 349.341 -4.38925 9.91485 7.73935 17.4241 
157.839 161.316 161.916 163.326 161.962 155.565 155.507 157.636 157.262 153.243 -87.1335 410.019 -17.1111 -93.928 395.041 -91.4864 -134.817 387.925 -81.3253 -155.198 378.148 -59.2903 -161.824 369.078 -24.6332 -82.8644 349.951 -4.42462 9.68953 7.87112 17.2726 
157.894 161.726 161.979 163.789 162.272 155.264 155.899 157.792 157.809 153.724 -87.2548 410.286 -16.6153 -93.284 395.625 -91.5413 -134.198 388.989 -80.8859 -154.795 378.643 -59.2798 -161.171 369.791 -24.6679 -82.2393 350.511 -4.43688 9.53841 7.99647 17.3526 
157.919 161.965 161.665 164.156 162.588 155.25 156.119 157.441 158.3 154.243 -86.8898 410.553 -16.1985 -92.7282 396.29 -91.3198 -133.299 390.629 -79.9767 -154.299 379.049 -59.2089 -160.505 370.273 -24.6601 -81.6108 350.891 -4.34869 9.39171 8.39143 17.1955 
157.868 161.756 161.61 164.142 162.664 155.194 155.879 157.374 158.542 154.627 -86.3404 411.167 -15.7453 -92.1344 397.176 -90.9761 -132.62 391.198 -79.8992 -153.683 379.207 -59.3537 -159.931 370.298 -24.8294 -80.9361 351.38 -4.35546 9.40939 8.48427 17.1314 
157.855 161.1 161.259 163.691 162.388 155.447 154.877 156.712 158.078 154.428 -85.3613 411.645 -15.9396 -91.5782 397.606 -90.3939 -131.972 391.229 -79.7171 -152.942 379.026 -59.3322 -159.307 369.874 -24.9261 -80.2733 351.61 -4.28142 9.41229 8.45735 17.0662 
157.761 160.605 160.726 163.098 161.964 155.548 154.41 155.778 157.362 153.78 -84.3884 411.988 -16.0166 -90.9099 397.62 -90.2629 -131.166 391.627 -79.305 -152.039 379.242 -59.1606 -158.419 369.816 -24.9635 -79.5564 351.772 -4.23641 9.29304 8.42443 17.046 
157.75 160.259 160.436 162.673 161.617 155.565 153.876 154.979 156.721 153.2 -83.7102 411.86 -16.0073 -90.1327 397.454 -90.0618 -130.343 391.787 -78.8586 -151.099 379.329 -58.9109 -157.481 369.688 -24.9028 -78.8143 351.593 -4.22657 9.20715 8.32073 17.1045 
157.787 160.151 160.307 162.498 161.43 155.491 153.646 154.306 156.402 152.834 -83.1801 411.535 -16.1002 -89.4368 396.852 -90.13 -129.58 391.895 -78.3378 -150.27 379.237 -58.6951 -156.523 369.766 -24.7464 -78.0641 351.412 -4.17292 9.09923 8.31988 17.2011 
157.943 160.423 160.376 162.817 161.702 155.708 153.941 154.333 156.715 153.067 -82.3487 411.316 -16.3741 -88.6626 396.48 -90.2222 -128.775 392.107 -78.0047 -149.516 379.297 -58.6054 -155.677 370.162 -24.565 -77.2948 351.323 -4.03538 9.05831 8.42373 17.2246 
158.228 160.849 160.942 163.396 162.143 155.829 154.429 154.974 157.316 153.402 -82.2383 411.009 -16.1933 -87.8926 396.472 -90.1516 -127.963 392.162 -78.0242 -148.779 379.326 -58.6217 -154.81 370.656 -24.3905 -76.525 351.346 -3.8481 9.05224 8.52785 17.0855 
158.246 161.457 161.161 163.825 162.455 155.406 154.777 155.458 157.928 153.907 -82.4938 410.743 -15.2551 -87.365 396.723 -90.0321 -127.32 392.265 -77.9229 -148.18 379.288 -58.597 -154.087 370.793 -24.2253 -75.7595 351.478 -3.72237 9.11233 8.54992 16.9983 
158.247 161.341 161.649 163.947 162.591 155.657 154.526 155.967 158.093 154.144 -81.4516 410.742 -15.3846 -86.535 396.829 -89.6971 -126.641 391.454 -78.4003 -147.411 378.73 -58.7689 -153.445 370.21 -24.3355 -75.0058 351.29 -3.63094 9.2044 8.41083 16.9353 
158.077 161.054 161.735 163.816 162.494 155.494 154.369 156.267 157.937 153.929 -80.5093 410.463 -14.9445 -85.7161 396.671 -89.4136 -125.747 390.818 -78.7378 -146.4 378.431 -58.762 -152.585 369.737 -24.2976 -74.153 350.968 -3.47374 9.26733 8.27419 16.7352 
157.929 160.702 161.701 163.536 162.279 155.503 154.096 156.336 157.6 153.56 -79.5764 410.369 -15.0178 -84.9517 396.498 -89.214 -124.925 390.22 -79.0461 -145.429 378.343 -58.6954 -151.728 369.595 -24.2236 -73.392 350.849 -3.34719 9.29732 8.102 16.6043 
157.863 160.665 161.805 163.348 162.052 155.571 154.074 156.25 157.324 153.25 -78.9346 410.395 -15.2172 -84.2385 396.397 -89.2235 -124.288 389.928 -79.093 -144.674 378.131 -58.6822 -150.998 369.211 -24.3071 -72.7255 350.79 -3.33115 9.26976 7.97467 16.6948 
157.886 160.754 161.837 163.382 162.106 155.652 154.252 156.093 157.303 153.206 -78.5283 410.472 -15.2748 -83.4031 396.4 -89.2382 -123.569 390.031 -78.8214 -143.985 377.908 -58.6726 -150.252 368.927 -24.4407 -72.0233 350.826 -3.29321 9.16083 8.01373 16.8727 
158.022 161.011 162.354 163.703 162.35 155.924 154.646 156.668 157.595 153.273 -77.9032 410.409 -15.5447 -82.5284 396.312 -89.3031 -122.891 389.67 -79.0995 -143.25 377.825 -58.7063 -149.451 369.182 -24.3205 -71.3101 350.833 -3.18103 9.19418 7.95306 16.9596 
158.1 161.304 162.803 164.033 162.541 155.977 155.221 157.314 158.002 153.39 -77.3889 410.237 -15.4923 -81.7355 396.191 -89.4579 -122.269 389.5 -79.2857 -142.645 377.856 -58.6914 -148.703 369.567 -24.1595 -70.6536 350.759 -3.11578 9.19546 7.96488 17.0418 
158.235 161.661 163.602 164.465 162.837 155.758 155.982 158.481 158.632 153.748 -76.8969 410.193 -14.4847 -80.3479 396.959 -89.3014 -120.699 389.739 -79.8716 -141.221 378.203 -58.9199 -147.328 369.864 -24.2985 -69.3438 350.885 -3.10524 9.23965 8.06088 16.7565 
157.935 161.494 163.719 164.448 162.779 155.34 155.628 158.851 158.788 154.011 -76.8298 410.385 -13.6994 -79.9691 397.539 -88.8139 -120.189 389.627 -80.1486 -140.744 378.163 -58.983 -147.061 369.683 -24.2708 -68.9377 351.15 -2.94116 9.41244 8.08304 16.6145 
157.652 160.889 163.369 164.129 162.471 155.289 154.83 158.599 158.47 153.684 -76.0694 410.484 -13.3561 -79.4162 397.91 -88.112 -119.408 389.471 -80.2397 -139.948 378.053 -58.9786 -146.416 369.389 -24.2342 -68.3485 351.128 -2.7827 9.48841 8.08033 16.4141 
157.498 160.531 163.125 163.897 162.278 155.323 154.412 158.436 158.259 153.487 -75.516 410.785 -13.2425 -78.9331 398.276 -87.701 -118.706 389.489 -80.3035 -139.214 378.089 -58.9994 -145.788 369.291 -24.2672 -67.7491 351.366 -2.64278 9.50868 8.06368 16.2463 
157.305 160.252 162.716 163.487 161.872 155.277 154.168 158.042 157.86 153.006 -74.8724 411.004 -13.4097 -78.4364 398.18 -87.7389 -118.216 389.405 -80.2636 -138.623 378.115 -58.9461 -145.135 369.366 -24.2382 -67.2366 351.541 -2.59307 9.46162 7.98121 16.2779 
157.193 160.205 162.377 163.214 161.587 155.227 154.105 157.434 157.401 152.515 -74.5554 411.111 -13.4704 -78.1106 398.064 -87.7785 -117.738 389.713 -79.8957 -138.088 378.224 -58.8112 -144.516 369.342 -24.2926 -66.7923 351.635 -2.56896 9.30208 7.93869 16.1706 
157.042 160.201 162.19 162.954 161.311 154.967 154.051 157.192 157.127 152.2 -74.1804 411.272 -13.4878 -77.6891 397.956 -87.933 -117.406 389.67 -79.7944 -137.636 378.261 -58.7238 -143.981 369.393 -24.2526 -66.3163 351.827 -2.57669 9.27989 7.82241 16.2863 
157.046 160.287 162.108 162.896 161.249 154.986 154.119 156.962 157.023 152.109 -73.8193 411.464 -13.6481 -77.2888 397.856 -88.0508 -117.093 389.772 -79.5578 -137.282 378.252 -58.6243 -143.547 369.385 -24.2213 -65.9041 351.997 -2.52919 9.23043 7.78075 16.4043 
157.128 160.631 162.142 163.057 161.432 155.062 154.227 156.894 157.185 152.365 -73.7551 411.609 -13.8834 -76.9286 397.741 -88.3398 -116.872 389.789 -79.5273 -136.975 378.366 -58.6736 -143.126 369.679 -24.2728 -65.5068 352.276 -2.6198 9.19612 7.68017 16.57 
157.189 160.773 162.354 163.277 161.678 155.155 154.383 157.006 157.39 152.608 -73.4538 411.719 -13.9207 -76.5097 397.935 -88.3072 -116.499 390.05 -79.4447 -136.662 378.52 -58.6617 -142.791 369.858 -24.2872 -65.1686 352.374 -2.62309 9.17954 7.71841 16.6126 
157.277 160.638 162.468 163.368 161.768 155.382 154.287 157.24 157.612 152.857 -72.6281 411.967 -14.3397 -75.9405 397.962 -88.4059 -116.192 389.87 -79.7472 -136.421 378.469 -58.8652 -142.586 370.048 -24.3629 -64.9337 352.432 -2.68537 9.27124 7.75485 16.8085 
157.389 160.605 162.568 163.571 161.972 155.678 154.375 157.451 157.862 153.052 -72.14 412.034 -14.5307 -75.4439 398.063 -88.4455 -115.819 389.973 -79.9139 -136.148 378.569 -59.0013 -142.302 370.356 -24.4067 -64.6875 352.437 -2.71133 9.27504 7.84782 16.8683 
157.393 160.478 162.75 163.763 162.118 155.672 154.168 157.716 158.175 153.418 -72.0139 411.944 -14.4922 -75.1016 398.099 -88.4351 -115.572 389.833 -80.2526 -135.974 378.463 -59.2938 -142.217 370.414 -24.5783 -64.5372 352.39 -2.82931 9.36801 7.90587 16.9005 
157.389 160.373 162.949 163.989 162.318 155.651 153.925 157.991 158.514 153.809 -72.02 411.787 -14.3027 -74.827 398.25 -88.2483 -115.288 389.749 -80.504 -135.793 378.309 -59.5177 -142.126 370.364 -24.6944 -64.3804 352.318 -2.8774 9.45621 8.00354 16.8577 
157.373 160.236 163.124 164.165 162.49 155.645 153.58 158.235 158.759 154.102 -72.3005 411.561 -14.2148 -74.7099 398.35 -88.0633 -115.057 389.446 -80.894 -135.648 377.956 -59.835 -142.09 370.105 -24.9016 -64.2802 352.229 -2.96341 9.553 8.09266 16.7567 
157.323 160.052 163.234 164.262 162.581 155.709 153.208 158.394 158.926 154.35 -72.2064 411.516 -14.3607 -74.6779 398.505 -87.8358 -114.885 389.173 -81.2281 -135.537 377.632 -60.1152 -142.087 369.8 -25.1142 -64.1956 352.164 -3.04352 9.62288 8.15939 16.6602 
157.419 159.797 163.337 164.392 162.642 156.137 153.032 158.618 159.121 154.43 -71.844 411.469 -14.6869 -74.5711 398.676 -87.671 -114.509 388.866 -81.7581 -135.267 377.218 -60.5789 -141.861 369.43 -25.4783 -63.9982 351.942 -3.21907 9.64298 8.28056 16.4779 
157.455 159.721 163.45 164.49 162.733 156.178 152.787 158.908 159.36 154.727 -71.9131 411.516 -14.5638 -74.5389 399.009 -87.409 -114.232 388.627 -82.1593 -135.053 376.932 -60.9145 -141.763 369.106 -25.7361 -63.8327 351.975 -3.30078 9.73757 8.32901 16.3603 
157.337 159.71 163.634 164.574 162.824 155.93 152.739 159.288 159.606 155.034 -71.983 411.46 -14.2349 -74.551 399.233 -87.3405 -114.007 388.439 -82.5979 -134.877 376.769 -61.2072 -141.721 368.84 -25.9504 -63.6757 351.999 -3.39885 9.84668 8.36893 16.2278 
157.191 159.951 163.882 164.726 162.913 155.789 153.113 159.724 159.806 155.102 -72.1742 411.363 -14.0343 -74.6426 399.387 -87.5055 -113.902 388.344 -83.0271 -134.764 376.865 -61.3883 -141.598 368.962 -26.0305 -63.5431 352.093 -3.50232 9.89342 8.37368 16.1052 
157.023 159.896 163.839 164.655 162.875 155.777 153.1 159.724 159.717 154.991 -72.1193 411.392 -14.2039 -74.7502 399.556 -87.5728 -113.791 388.329 -83.3075 -134.637 376.894 -61.5611 -141.469 368.884 -26.2293 -63.4344 352.163 -3.65597 9.85503 8.38652 15.981 
156.916 159.949 163.872 164.687 162.901 155.625 153.247 159.84 159.813 155.052 -72.2375 411.303 -14.076 -74.7473 399.664 -87.704 -113.618 388.428 -83.5141 -134.487 376.933 -61.7193 -141.322 368.839 -26.3841 -63.2848 352.221 -3.76543 9.84051 8.43223 15.8477 
156.665 159.935 163.889 164.653 162.905 155.166 153.16 159.96 159.909 155.262 -72.3431 411.318 -13.8051 -74.7249 399.858 -87.8291 -113.456 388.525 -83.8413 -134.359 377.007 -62.0063 -141.334 368.8 -26.6426 -63.1978 352.402 -3.93735 9.93412 8.4575 15.7481 
156.413 159.989 163.804 164.645 163.03 154.722 152.72 159.91 159.995 155.547 -72.7065 411.294 -13.4694 -74.7009 400.215 -87.8341 -113.304 388.686 -84.1423 -134.238 377.172 -62.3336 -141.345 368.883 -26.943 -63.1436 352.696 -4.15152 10.0267 8.45789 15.708 
156.055 159.952 163.77 164.592 163.025 154.131 152.586 159.95 160.015 155.641 -72.991 411.123 -13.0788 -74.6504 400.378 -87.9905 -113.153 388.942 -84.4007 -134.126 377.408 -62.5791 -141.338 369.035 -27.1937 -63.1111 352.823 -4.36158 10.0774 8.48327 15.5981 
155.719 159.845 163.707 164.485 162.963 153.674 152.399 159.908 159.936 155.609 -73.1089 410.992 -12.8988 -74.5509 400.498 -88.1675 -113.006 389.163 -84.6434 -134 377.645 -62.8084 -141.284 369.246 -27.4204 -63.078 352.908 -4.5898 10.1183 8.49019 15.535 
155.455 159.908 163.79 164.513 163.004 153.248 152.407 159.997 159.97 155.653 -73.3265 410.806 -12.6095 -74.3647 400.581 -88.3887 -112.795 389.395 -84.874 -133.802 377.98 -62.9796 -141.155 369.605 -27.5655 -62.997 353.032 -4.75484 10.1616 8.48453 15.48 
155.286 159.931 163.931 164.568 163.061 153.032 152.344 160.107 159.999 155.646 -73.4373 410.566 -12.6298 -74.0228 400.524 -88.686 -112.657 389.469 -85.1091 -133.614 378.341 -63.0874 -140.935 370.195 -27.5914 -62.8988 353.089 -4.95366 10.1943 8.42851 15.621 
155.141 159.978 163.871 164.441 162.914 152.874 152.303 160.028 159.834 155.423 -73.3723 410.607 -12.9033 -73.6485 400.363 -89.1258 -112.39 389.473 -85.3942 -133.295 378.613 -63.2975 -140.615 370.682 -27.7505 -62.7154 353.308 -5.15013 10.2081 8.36221 15.6818 
155.087 159.926 163.727 164.275 162.748 152.858 152.146 159.814 159.582 155.117 -73.1172 410.703 -13.3426 -73.2008 400.211 -89.4806 -112.095 389.554 -85.5598 -132.968 378.916 -63.4473 -140.287 371.189 -27.8788 -62.5419 353.479 -5.32095 10.2089 8.30202 15.7664 
154.892 159.826 163.448 164.024 162.532 152.588 152.04 159.465 159.239 154.726 -72.973 410.613 -13.5868 -72.8009 399.87 -89.9094 -111.783 389.54 -85.6923 -132.624 379.061 -63.63 -139.95 371.453 -28.113 -62.3457 353.556 -5.51754 10.1632 8.23769 15.7824 
154.917 159.949 163.377 163.924 162.432 152.658 152.186 159.282 159.011 154.486 -72.5974 410.647 -14.1473 -72.3924 399.596 -90.4033 -111.626 389.602 -85.8065 -132.432 379.325 -63.7606 -139.771 371.774 -28.2847 -62.2443 353.567 -5.72023 10.1446 8.15737 15.9114 
155.189 160.087 163.217 163.822 162.309 153.04 152.526 158.988 158.778 154.176 -72.0517 410.713 -14.7671 -72.0214 399.206 -90.8894 -111.446 389.772 -85.7011 -132.22 379.586 -63.7532 -139.479 372.055 -28.3668 -62.0815 353.468 -5.85505 10.0353 8.09023 15.9717 
155.447 160.357 163.086 163.714 162.207 153.198 152.969 158.709 158.549 153.956 -71.4769 410.923 -15.2737 -71.737 398.907 -91.344 -111.317 390.122 -85.4299 -132.102 379.935 -63.6231 -139.32 372.304 -28.3986 -61.974 353.505 -5.90827 9.92789 8.04514 16.0133 
155.648 160.617 162.952 163.547 162.021 153.263 153.488 158.512 158.343 153.747 -70.7598 411.176 -15.6399 -71.499 398.526 -91.8087 -111.282 390.303 -85.17 -132.039 380.166 -63.4486 -139.196 372.444 -28.3553 -61.8575 353.524 -5.90333 9.84624 7.97747 16.1363 
155.907 160.79 162.737 163.325 161.806 153.448 153.876 158.167 158.038 153.424 -70.0608 411.53 -16.1091 -71.345 398.188 -92.2342 -111.311 390.555 -84.8223 -131.998 380.449 -63.22 -139.037 372.656 -28.2824 -61.7655 353.588 -5.91516 9.72893 7.885 16.2925 
156.129 160.88 162.598 163.154 161.653 153.525 154.081 157.944 157.789 153.153 -69.5435 411.67 -16.3237 -71.0722 397.818 -92.4782 -111.239 390.543 -84.5808 -131.866 380.568 -62.9965 -138.859 372.765 -28.126 -61.6311 353.546 -5.85601 9.69863 7.81035 16.482 
156.424 160.889 162.564 163.123 161.626 153.659 154.168 157.865 157.714 153.069 -69.2568 411.729 -16.4236 -70.7651 397.614 -92.5746 -111.129 390.502 -84.4277 -131.751 380.569 -62.8737 -138.716 372.807 -28.0139 -61.5065 353.483 -5.79949 9.70199 7.78542 16.6648 
156.531 160.974 162.589 163.101 161.572 153.571 154.356 157.914 157.697 152.955 -69.0849 411.78 -16.3687 -70.5547 397.432 -92.6766 -111.015 390.416 -84.3392 -131.611 380.612 -62.7422 -138.5 372.973 -27.8634 -61.3374 353.523 -5.71433 9.70012 7.75572 16.7595 
156.534 161.127 162.646 163.133 161.604 153.351 154.671 158.035 157.775 152.939 -69.2382 411.785 -15.9717 -70.4127 397.371 -92.7335 -110.911 390.49 -84.2015 -131.524 380.684 -62.6077 -138.353 373.08 -27.7379 -61.2116 353.599 -5.58583 9.68101 7.75959 16.8047 
156.602 161.314 162.751 163.317 161.734 153.404 154.935 158.133 157.979 153.098 -69.0074 411.932 -15.8537 -70.1961 397.54 -92.6454 -110.687 390.792 -83.974 -131.376 380.817 -62.4941 -138.165 373.238 -27.6204 -61.0201 353.706 -5.44487 9.66841 7.80103 16.8069 
156.797 161.523 162.974 163.653 161.897 153.422 155.215 158.435 158.422 153.313 -68.9502 412.083 -15.4811 -69.7981 397.874 -92.4696 -110.341 391.218 -83.7662 -131.152 381.013 -62.4238 -137.855 373.737 -27.3761 -60.7589 353.926 -5.23414 9.76154 7.88282 16.8279 
156.889 161.708 163.359 164.084 162.313 153.495 155.441 159.002 159.007 153.923 -68.9755 412.225 -15.0403 -69.5322 398.539 -92.1862 -110.045 391.594 -83.8692 -130.984 381.235 -62.5459 -137.755 373.965 -27.4127 -60.5701 354.11 -5.14653 9.81941 7.97549 16.7386 
156.925 161.792 163.711 164.438 162.621 153.547 155.484 159.515 159.489 154.342 -68.9525 412.22 -14.646 -69.2435 398.979 -91.8511 -109.738 391.646 -84.001 -130.772 381.29 -62.6045 -137.581 374.185 -27.2956 -60.3533 354.183 -4.99436 9.94452 8.04269 16.6705 
156.865 161.838 164.001 164.741 162.833 153.468 155.466 160.058 159.971 154.651 -69.0008 412.187 -14.253 -68.9573 399.333 -91.604 -109.425 391.591 -84.276 -130.536 381.377 -62.7482 -137.33 374.666 -27.177 -60.1557 354.315 -4.88969 10.1139 8.09254 16.6082 
156.901 161.992 164.344 165.155 163.076 153.352 155.642 160.661 160.527 154.964 -69.3222 412.093 -13.6638 -68.7334 399.789 -91.3602 -109.187 391.81 -84.3659 -130.393 381.569 -62.7656 -137.068 375.223 -26.9629 -59.9582 354.472 -4.78263 10.2503 8.17685 16.5658 
156.788 162.107 164.785 165.535 163.308 153.194 155.774 161.251 161.011 155.295 -69.536 411.924 -13.0793 -68.6016 400.2 -91.0448 -109.005 391.9 -84.4641 -130.238 381.707 -62.7431 -136.823 375.554 -26.8066 -59.7495 354.523 -4.67201 10.3229 8.20715 16.5 
156.728 162.216 165.18 165.893 163.574 153.321 155.858 161.751 161.434 155.723 -69.3615 412.017 -12.8587 -68.4292 400.724 -90.6805 -108.761 392.038 -84.5584 -130.044 381.804 -62.7655 -136.661 375.642 -26.7756 -59.5273 354.603 -4.58838 10.3577 8.25736 16.4443 
156.662 162.109 165.443 166.09 163.745 153.376 155.696 162.072 161.663 155.991 -69.3818 412.043 -12.5583 -68.2821 401.252 -90.2584 -108.511 392.089 -84.7293 -129.834 381.81 -62.8465 -136.535 375.557 -26.8194 -59.3445 354.669 -4.54274 10.3962 8.30616 16.3944 
156.529 161.91 165.626 166.225 163.823 153.327 155.514 162.445 161.947 156.278 -69.2746 412.07 -12.2699 -68.0383 401.636 -90.0112 -108.287 391.895 -85.1101 -129.691 381.594 -63.0927 -136.515 375.338 -26.9198 -59.1882 354.698 -4.55681 10.5353 8.38846 16.4764 
156.398 161.741 165.729 166.323 163.87 153.236 155.279 162.619 162.134 156.461 -69.4478 412.053 -11.979 -67.9811 401.985 -89.7679 -108.095 391.831 -85.3896 -129.566 381.358 -63.3508 -136.488 375.062 -27.0845 -59.0685 354.775 -4.58378 10.6183 8.46651 16.4287 
156.236 161.609 165.68 166.307 163.851 153.129 155.163 162.586 162.185 156.556 -69.4183 412.079 -11.8108 -67.917 402.221 -89.6785 -107.933 391.953 -85.5048 -129.473 381.244 -63.515 -136.463 374.788 -27.2558 -58.964 354.832 -4.64428 10.6197 8.54446 16.3681 
155.989 161.55 165.813 166.427 163.975 152.77 155.143 162.763 162.37 156.801 -69.7298 411.844 -11.3172 -67.9336 402.432 -89.6117 -107.852 392.049 -85.6833 -129.437 381.207 -63.6621 -136.52 374.602 -27.3856 -58.9168 354.856 -4.69557 10.6406 8.60822 16.2998 
155.698 161.439 165.882 166.487 164.04 152.476 154.947 162.822 162.42 156.85 -70.1137 411.482 -11.0424 -68.0042 402.477 -89.525 -107.807 391.897 -85.89 -129.389 381.049 -63.8048 -136.468 374.482 -27.4977 -58.8843 354.788 -4.79052 10.656 8.62942 16.2545 
155.363 161.472 165.953 166.531 164.095 152.239 154.969 162.887 162.46 156.896 -70.5072 411.289 -10.8818 -68.1896 402.498 -89.5247 -107.905 391.777 -86.0013 -129.447 380.918 -63.8674 -136.5 374.316 -27.5927 -58.9111 354.818 -4.83596 10.6174 8.62337 16.2113 
155.18 161.499 165.904 166.451 164.044 152.244 155.013 162.82 162.363 156.807 -70.5711 411.381 -11.1614 -68.3964 402.415 -89.689 -108.128 391.659 -86.0698 -129.591 380.875 -63.8986 -136.547 374.324 -27.6727 -59.0063 354.923 -4.92067 10.5529 8.57861 16.2342 
155.09 161.412 165.779 166.265 163.92 152.231 154.942 162.724 162.189 156.612 -70.6159 411.495 -11.4389 -68.5478 402.253 -89.8959 -108.338 391.415 -86.2263 -129.707 380.81 -63.9797 -136.607 374.35 -27.7634 -59.1139 355.005 -5.02517 10.5393 8.50812 16.3015 
154.985 161.305 165.602 166.068 163.726 152.303 154.603 162.513 161.962 156.365 -70.8262 411.416 -12.0441 -69.0948 401.853 -90.1019 -108.893 390.929 -86.445 -130.118 380.504 -64.1423 -136.893 374.285 -27.8771 -59.4853 354.884 -5.2448 10.5478 8.41786 16.3399 
155.133 161.346 165.52 165.96 163.641 152.485 154.548 162.364 161.781 156.212 -71.1475 411.361 -12.4858 -69.5911 401.657 -90.1973 -109.463 390.747 -86.3561 -130.569 380.396 -64.0504 -137.171 374.204 -27.8898 -59.8342 354.749 -5.37585 10.4308 8.34614 16.4062 
155.062 161.169 165.156 165.611 163.365 152.435 154.325 161.831 161.346 155.808 -71.6096 411.31 -12.9894 -70.3142 401.203 -90.3848 -110.042 390.456 -86.2459 -131.021 380.073 -64.02 -137.5 373.824 -28.0415 -60.2715 354.669 -5.48527 10.2496 8.27349 16.2852 
154.808 160.801 164.688 165.176 163.109 152.361 153.824 161.082 160.77 155.439 -72.4114 411.372 -13.5155 -71.3698 400.864 -90.4335 -110.804 390.173 -86.0931 -131.631 379.54 -64.042 -138.088 372.99 -28.3524 -60.8547 354.7 -5.6057 10.0004 8.21364 16.0809 
154.479 160.149 164.006 164.451 162.629 152.177 152.962 160.143 159.979 154.903 -73.1257 411.347 -13.9851 -72.5132 400.392 -90.4862 -111.723 389.818 -85.9711 -132.334 379.134 -64.0203 -138.753 372.327 -28.6078 -61.5693 354.6 -5.84655 9.77011 8.11036 15.9381 
154.336 159.852 163.59 164.029 162.357 151.808 152.56 159.627 159.568 154.65 -74.3934 411.246 -13.8442 -73.8605 400.147 -90.5992 -112.871 389.699 -85.8943 -133.331 378.894 -64.0314 -139.682 371.834 -28.8481 -62.5044 354.555 -6.08945 9.57109 8.05748 15.7929 
153.658 159.341 163.28 163.632 162.051 151.392 151.738 159.119 159.091 154.363 -75.7405 411.096 -13.9952 -75.1826 400.232 -90.5534 -114.175 389.474 -86.0414 -134.471 378.583 -64.227 -140.758 371.379 -29.2114 -63.5818 354.537 -6.48525 9.44104 7.99761 15.8795 
153.758 159.108 163.299 163.757 162.132 151.58 151.325 159.222 159.282 154.591 -76.7729 411.164 -14.3959 -76.4893 400.431 -90.5595 -115.787 389.316 -86.2365 -136.025 378.418 -64.4125 -142.168 371.446 -29.3062 -64.8846 354.426 -6.83479 9.46997 8.00336 16.2231 
153.855 158.842 163.242 163.638 162.021 151.724 151.076 159.188 159.215 154.616 -77.6573 411.385 -15.2295 -78.2252 400.44 -90.8712 -117.699 389.069 -86.5375 -137.817 378.313 -64.5787 -143.846 371.356 -29.4616 -66.3994 354.361 -7.28554 9.45097 7.9771 16.4527 
154.014 158.589 162.661 163.139 161.553 151.817 151.049 158.46 158.581 154.002 -79.0699 411.514 -16.0328 -80.2691 399.957 -91.6307 -119.757 389.069 -86.5478 -139.694 378.336 -64.6163 -145.567 371.201 -29.6554 -68.1205 354.302 -7.76966 9.28199 7.91301 16.4128 
154.471 158.409 162.732 163.355 161.746 152.391 150.755 158.596 158.776 154.303 -80.5507 411.739 -16.6675 -82.0159 400.18 -91.8283 -121.851 388.851 -86.9711 -141.751 378.081 -65.0135 -147.622 371.024 -29.9208 -69.9505 354.22 -8.25943 9.39694 7.94444 16.8125 
154.779 158.168 162.56 163.185 161.648 153.399 150.546 158.33 158.432 154.043 -81.8188 412.088 -18.1455 -84.0196 400.151 -92.1092 -124.084 388.505 -87.1636 -143.935 377.759 -65.1358 -149.705 370.648 -30.1219 -71.9157 354.072 -8.65428 9.31663 7.97085 17.1243 
155.298 157.872 161.903 162.799 161.331 154.033 150.309 157.547 157.857 153.541 -83.4826 411.98 -19.3072 -86.1765 399.615 -92.5888 -126.182 388.172 -87.2117 -146.044 377.257 -65.2926 -151.773 369.963 -30.4086 -73.972 353.637 -9.10552 9.2218 8.04353 17.119 
155.842 157.628 161.52 162.541 161.051 154.975 149.998 157.198 157.517 153.266 -84.5606 412.487 -20.7155 -88.2744 399.487 -93.009 -128.538 387.927 -87.4403 -148.398 377.069 -65.5099 -154.121 369.814 -30.5599 -76.1817 353.497 -9.58249 9.33526 8.05606 17.4033 
156.334 157.278 160.966 162.047 160.659 156.052 149.569 156.379 156.869 152.798 -85.4917 412.882 -22.8442 -90.5716 398.797 -93.677 -130.96 387.316 -87.6907 -150.727 376.5 -65.8106 -156.476 369.208 -30.9143 -78.4656 353.287 -10.013 9.3143 8.02728 17.5651 
156.778 157.088 161.103 162.057 160.703 156.147 149.599 156.611 156.994 153.132 -86.433 412.494 -23.1686 -92.5626 398.193 -94.0228 -132.985 386.842 -88.0395 -152.756 376.406 -65.9194 -158.641 369.01 -30.869 -80.4664 352.652 -10.2613 9.48673 8.02832 17.5982 
157.28 156.901 161.108 162.232 160.894 156.808 149.431 156.714 157.234 153.687 -87.3242 412.232 -23.912 -94.2523 398.056 -94.1184 -134.997 386.572 -88.3381 -154.844 376.185 -66.2445 -160.912 368.614 -31.1436 -82.521 352.002 -10.5681 9.60456 8.05413 17.8926 
157.513 156.443 160.645 161.78 160.583 157.045 148.801 156.078 156.744 153.465 -88.9052 411.596 -25.119 -96.5489 397.193 -94.6457 -137.293 385.68 -88.8123 -157.082 375.309 -66.7366 -163.27 367.496 -31.6961 -84.7452 351.148 -11.1854 9.65503 8.03564 17.9398 
157.582 156.614 160.327 161.498 160.43 157.324 149.057 156.029 156.559 153.508 -89.9079 411.525 -26.5446 -98.5147 396.708 -95.5507 -139.613 385.094 -89.4626 -159.46 375.021 -67.2213 -165.798 367.096 -32.2581 -87.0691 350.706 -11.8492 9.72823 8.04734 18.279 
158.04 156.885 160.116 161.6 160.611 157.463 149.14 155.814 156.734 153.938 -92.1267 410.804 -27.9867 -101.015 395.866 -96.8235 -142.27 384.65 -90.2087 -162.231 374.339 -68.1174 -168.594 366.495 -33.1543 -89.6185 349.974 -12.9336 9.78033 8.1816 18.3489 
158.543 157.984 160.561 162.153 161.126 157.192 150.471 156.334 157.162 154.31 -95.8129 410.099 -28.2516 -104.275 395.406 -98.0807 -145.372 384.659 -90.5579 -165.26 373.946 -68.5072 -171.377 365.841 -33.7107 -92.1917 349.527 -13.8252 9.65133 8.25165 18.1167 
158.908 158.681 160.911 162.731 161.697 157.303 151.088 156.374 157.557 154.786 -99.2712 409.32 -29.2262 -107.51 394.93 -99.1706 -148.08 384.427 -91.3074 -168.124 372.94 -69.5343 -174.238 364.491 -34.8493 -94.8555 348.929 -14.8173 9.61282 8.49705 17.6528 
158.499 158.954 161.646 163.346 162.228 156.307 151.302 157.125 158.174 155.332 -103.229 407.61 -28.5773 -110.47 394.333 -99.7641 -150.602 383.686 -92.322 -170.676 372.081 -70.4066 -176.851 363.595 -35.4644 -97.3326 347.992 -15.5841 9.81388 8.58144 17.2749 
158.804 159.061 162.341 163.975 162.874 156.349 151.182 157.804 158.833 156.157 -106.93 406.287 -29.5347 -113.662 393.846 -100.734 -153.486 382.901 -93.8578 -173.597 371.299 -71.7703 -179.855 362.859 -36.6258 -100.141 347.073 -16.9034 9.97593 8.66358 17.0555 
158.984 159.498 162.675 164.18 163.061 155.854 151.953 158.7 159.474 156.802 -110.542 405.296 -29.602 -116.939 393.207 -102.232 -156.952 382.339 -94.9904 -176.97 370.967 -72.5771 -183.07 362.639 -37.2409 -103.123 346.364 -18.1197 10.0885 8.65536 17.1861 
159.025 159.786 163.601 164.747 163.569 155.515 152.348 159.71 160.222 157.59 -114.89 404.195 -29.9948 -120.881 392.885 -103.828 -160.522 381.897 -96.9777 -180.462 370.731 -74.2211 -186.557 362.463 -38.592 -106.482 345.728 -19.794 10.2764 8.64209 16.858 
158.578 159.809 163.792 165.035 163.804 154.817 152.094 159.761 160.395 157.712 -119.864 402.707 -30.5919 -124.871 392.023 -105.391 -164.138 381.267 -98.5732 -184.016 370.082 -75.7028 -189.972 362.126 -39.8993 -109.928 345.157 -21.4131 10.3223 8.71233 16.5417 
158.155 159.917 164.046 165.145 163.818 154.027 152.288 160.357 160.832 158.126 -124.183 401.571 -30.9633 -128.979 391.326 -107.016 -168.128 380.509 -100.172 -187.857 369.506 -77.0277 -193.642 361.756 -40.9875 -113.423 344.523 -23.0438 10.4538 8.69456 16.4675 
157.718 159.73 164.488 165.478 164.116 153.451 151.972 160.717 161.17 158.535 -129.366 400.24 -32.0172 -133.649 390.692 -108.671 -172.229 379.589 -102.397 -191.781 368.562 -79.1444 -197.477 360.874 -43.021 -117.268 343.846 -25.0858 10.4389 8.65584 16.0851 
156.929 159.869 164.694 165.746 164.402 152.834 151.19 160.603 161.108 158.43 -135.274 398.007 -33.8151 -137.814 389.185 -110.911 -176.031 377.846 -105.164 -195.571 366.996 -81.7966 -201.343 359.814 -45.4795 -121.247 342.779 -27.4793 10.5452 8.67046 15.9126 
156.496 159.527 164.872 165.727 164.355 152.612 151.013 161.122 161.51 158.858 -139.785 396.683 -36.1439 -142.187 388.019 -113.404 -180.741 376.423 -107.756 -200.18 365.757 -84.1478 -205.82 358.95 -47.6145 -125.505 341.714 -30.0324 10.6671 8.69513 16.2625 
156.506 159.249 165.414 166.078 164.622 152.158 151.137 161.919 162.053 159.271 -145.062 394.971 -37.2952 -147.108 387.252 -115.872 -185.328 375.522 -110.762 -204.75 364.883 -86.8767 -210.388 358.075 -50.0247 -129.824 340.741 -32.6937 10.8937 8.75583 15.9807 
156.289 159.241 165.602 166.223 164.82 151.933 151.022 162.002 162.299 159.717 -150.504 393.648 -39.2651 -152.509 386.826 -118.325 -190.359 375.162 -113.485 -209.757 363.991 -89.6484 -215.318 356.896 -52.7348 -134.529 339.753 -35.676 10.9475 8.89363 15.6434 
156.015 158.637 165.624 166.24 164.936 151.734 150.305 161.789 162.234 159.701 -156.246 391.968 -41.7527 -157.947 385.905 -120.868 -195.274 373.811 -116.697 -214.617 362.245 -92.8468 -220.157 355.03 -55.8172 -139.268 338.572 -38.825 11.0365 8.99969 15.4118 
155.876 158.022 165.586 166.284 164.908 151.972 149.769 161.835 162.434 159.946 -161.305 390.534 -44.7691 -163.207 384.669 -123.955 -200.546 372.28 -120.058 -219.837 360.491 -96.0231 -225.284 353.319 -58.6865 -144.128 337.223 -42.1535 11.2584 9.15455 15.5638 
155.944 158.022 165.802 166.183 165.202 152.085 149.208 161.844 162.506 160.039 -166.671 388.271 -48.344 -168.411 382.891 -127.257 -206.136 370.448 -123.155 -225.242 359.018 -99.0475 -230.398 352.253 -61.1146 -149.135 335.482 -45.5986 11.5979 9.06433 15.9908 
156.187 158.558 166.03 166.133 165.501 152.534 149.184 161.809 162.578 160.102 -172.439 386.381 -52.0954 -173.928 381.578 -130.483 -211.808 368.837 -126.089 -230.685 357.348 -102.106 -235.577 350.739 -63.7425 -154.208 334.067 -48.9598 11.8474 8.99057 16.2691 
156.338 159.386 166.245 166.129 165.812 152.701 149.354 161.64 162.584 160.232 -178.151 384.019 -55.8609 -179.261 379.977 -133.837 -217.285 367.478 -128.764 -236.169 355.706 -104.94 -240.772 349.165 -66.4224 -159.259 332.334 -52.3921 11.9312 9.13571 16.3499 
156.306 159.827 165.997 165.943 165.968 152.868 149.334 161.11 162.286 160 -183.786 381.814 -60.2784 -184.582 378.416 -137.232 -222.584 366.011 -131.585 -241.38 354.113 -107.942 -245.853 347.536 -69.3259 -164.272 330.826 -55.8591 12.0391 9.14702 16.3638 
156.345 160.255 166.266 166.073 166.225 153.054 149.429 161.343 162.423 160.06 -189.428 379.809 -63.6852 -189.925 377.133 -140.125 -228.157 364.155 -134.375 -246.616 352.596 -110.535 -250.809 346.281 -71.5866 -169.15 329.588 -58.8819 12.2393 8.97513 16.7956 
156.308 161.011 166.329 166.168 166.34 152.752 150.134 161.378 162.464 160.061 -194.95 377.341 -65.8818 -195.158 375.984 -142.955 -233.273 363.157 -136.515 -251.708 351.297 -112.71 -255.513 344.73 -73.7956 -173.715 327.932 -61.9113 12.2021 9.06011 16.6293 
156.064 161.762 166.661 166.324 166.468 152.169 151.015 161.762 162.759 160.339 -200.882 375.222 -67.9732 -200.793 375.3 -146.072 -238.892 362.616 -138.984 -257.232 350.455 -115.164 -260.571 343.89 -76.2357 -178.62 326.914 -65.0392 12.1209 9.13385 16.5043 
155.422 162.974 167.061 166.574 166.645 151.49 152.408 162.063 163.149 160.753 -211.217 371.831 -72.5411 -211.055 373.986 -151.837 -248.981 361.511 -143.759 -267.06 348.757 -120.159 -269.771 341.806 -81.3708 -187.603 324.994 -70.8173 11.8516 9.15288 16.1753 
155.279 163.192 166.899 166.42 166.417 151.132 152.428 161.279 162.57 159.896 -215.377 369.401 -74.4893 -215.251 371.88 -154.283 -252.86 359.734 -145.573 -270.64 346.844 -122.228 -273.112 339.971 -83.5869 -191.201 323.202 -73.2314 11.7294 8.99614 15.8815 
154.858 163.325 166.836 166.312 166.292 150.709 152.477 160.985 162.321 159.565 -219.66 367.254 -76.6676 -219.423 370.173 -156.685 -257.02 358.419 -147.441 -274.622 345.374 -124.206 -276.783 338.575 -85.7184 -194.991 321.704 -75.7113 11.5781 8.96934 15.799 
154.488 163.087 166.788 166.198 166.179 150.142 152.442 160.654 161.95 159.275 -224.065 365.379 -78.5347 -223.593 369.043 -158.845 -260.769 357.315 -149.744 -278.308 344.043 -126.599 -280.464 336.74 -88.4398 -198.723 320.602 -78.0924 11.3332 8.95634 15.4326 
154.641 163.741 165.489 166.005 165.503 148.966 152.625 160.247 162.562 159.311 -228.592 362.975 -78.8109 -228.256 368.395 -159.906 -264.026 355.694 -151.917 -281.43 342.487 -129.06 -283.462 335.27 -90.8439 -202.084 319.488 -80.1157 11.2433 8.76855 14.7858 
154.577 164.568 164.814 165.608 164.877 148.361 153.243 159.6 162.812 159.475 -232.684 361.183 -79.7893 -232.534 367.575 -161.323 -267.083 354.889 -153.356 -284.462 341.088 -131.02 -286.422 333.847 -93.009 -205.238 318.724 -81.9294 11.0367 8.90252 13.9811 
154.298 164.731 164.108 165.254 164.3 147.958 153.062 158.878 162.787 159.327 -236.147 359.243 -80.9793 -236.22 366.366 -162.467 -269.708 352.983 -155.379 -286.883 339.127 -133.353 -288.974 331.907 -95.4083 -208.025 317.541 -83.782 10.9743 8.73881 13.563 
154.115 165.424 163.748 165.026 163.706 147.025 154.013 158.649 163.166 159.475 -238.963 357.229 -81.766 -239.377 365.029 -164.327 -272.222 352.068 -156.816 -289.517 337.71 -135.131 -291.394 330.761 -97.2877 -210.643 316.308 -85.544 10.8043 8.99683 13.0032 
155.78 164.479 164.226 165.057 163.946 147.201 152.705 157.64 161.984 158.443 -242.331 355.792 -84.5838 -242.199 362.797 -166.594 -275.193 350.639 -158.321 -292.418 336.139 -136.677 -294.297 328.824 -99.1273 -213.47 314.978 -87.649 10.6955 9.0799 12.8291 
155.447 164.428 163.605 165.064 163.787 147.56 152.692 157.305 162.19 158.588 -244.913 354.677 -86.6746 -245.142 361.88 -167.661 -277.414 348.783 -160.229 -294.539 334.253 -138.713 -296.453 326.938 -101.229 -215.793 313.888 -89.2935 10.5848 9.02175 12.7337 
