158.255 173.056 137.884 134.356 139.705 138.727 171.198 83.5065 84.2414 84.9378 -95.4057 288.055 36.7587 -110.983 306.212 -32.5906 -95.2883 287.97 70.3447 -100.58 277.444 75.8176 -107.15 266.819 71.9705 -134.412 288.617 61.7811 14.4562 10.1299 109.234 
156.222 173.057 137.474 133.895 139.122 139.134 171.028 83.3244 84.3025 85.1205 -94.4624 288.296 36.5081 -110.631 307.179 -32.3172 -94.8793 288.634 70.2539 -99.9768 278.063 75.7717 -106.463 267.486 71.9773 -133.855 289.072 61.8064 14.5005 10.12 109.111 
155.777 173.723 137.31 133.785 138.669 139.999 171.438 83.1161 84.305 85.1679 -93.3368 288.882 36.2205 -110.481 308.161 -32.3014 -94.3742 289.249 70.1004 -99.3546 278.654 75.6613 -105.855 268.121 71.8747 -133.255 289.674 61.7654 14.5549 10.0994 109.371 
154.767 174.295 137.096 133.685 138.33 140.059 171.472 83.0198 84.3492 85.3646 -92.102 289.283 36.4292 -110.151 309.349 -32.0323 -93.8886 290.002 69.9336 -98.7859 279.411 75.493 -105.292 268.958 71.6973 -132.721 290.37 61.7294 14.6495 10.1313 109.285 
154.127 174.654 136.556 133.116 137.879 139.77 171.05 82.9168 84.3836 85.571 -91.3413 289.709 36.4825 -109.629 310.677 -31.5893 -93.4643 291.002 69.7097 -98.256 280.443 75.2586 -104.715 270.042 71.4867 -132.222 291.181 61.6909 14.7098 10.2353 108.799 
154.619 174.678 135.897 132.624 137.805 140.01 170.241 82.7697 84.2719 85.7251 -90.9381 290.553 36.0566 -109.006 311.866 -31.1649 -93.0258 292.09 69.3273 -97.7075 281.48 74.9221 -103.964 271.024 71.288 -131.763 291.917 61.6109 14.6056 10.2926 107.971 
155.85 174.38 135.36 132.363 137.839 140.853 169.687 82.647 84.1572 85.7626 -90.3691 291.608 35.4558 -108.309 312.796 -30.9543 -92.5414 292.976 69.0491 -97.1565 282.315 74.7048 -103.257 271.836 71.1567 -131.248 292.624 61.5132 14.5393 10.3129 107.432 
157.841 174.212 134.957 132.279 137.871 141.88 169.509 82.3459 83.9742 85.6279 -89.6739 292.215 34.7314 -107.355 313.395 -30.9089 -92.0793 293.848 68.8379 -96.6109 283.18 74.6213 -102.627 272.673 71.1591 -130.688 293.368 61.3905 14.5128 10.3461 107.044 
158.072 174.105 135.229 132.523 138.223 141.547 169.556 82.0867 83.5827 85.1299 -89.1274 291.63 34.5636 -106.406 314.039 -30.8277 -91.5315 294.778 68.6017 -96.0336 284.054 74.3876 -102.029 273.494 70.9445 -130.103 294.086 61.1951 14.5618 10.3446 106.64 
158.344 174.05 135.816 132.746 138.56 141.384 169.388 81.9155 83.2642 84.7074 -88.1725 290.548 34.4845 -105.37 314.444 -30.5896 -90.865 295.432 68.3259 -95.3878 284.67 74.0671 -101.412 274.049 70.6502 -129.467 294.589 60.9804 14.5698 10.3457 106.097 
161.821 174.513 137.159 132.925 138.744 141.594 169.741 82.3174 82.8121 83.66 -87.1881 291.793 33.3187 -104.583 316.132 -30.4183 -89.8597 295.75 68.3014 -94.5604 284.801 73.579 -100.507 273.962 70.2416 -128.649 294.821 60.5963 14.1629 10.2532 106.006 
165.314 175.339 138.27 133.074 139.006 141.89 170.392 82.666 82.5054 82.8212 -86.4408 293.721 32.3413 -103.981 317.975 -30.3145 -89.0466 296.299 68.4085 -93.8687 285.194 73.3391 -99.7117 274.149 70.0772 -127.937 295.309 60.2933 13.7522 10.172 106.156 
168.213 176.607 139.114 133.346 139.303 141.978 171.352 82.9775 82.3266 82.2518 -85.8057 295.691 31.5945 -103.576 319.287 -30.3937 -88.2785 296.982 68.3385 -93.2312 285.774 73.0648 -99.0598 274.59 69.9035 -127.385 296.053 60.0019 13.432 10.0931 106.263 
170.258 178.755 139.76 133.518 139.254 142.03 172.801 83.2718 82.3883 81.9344 -84.7934 296.822 31.0587 -103.099 319.352 -30.7913 -87.5261 297.526 68.279 -92.552 286.25 72.913 -98.3877 274.981 69.82 -126.812 296.671 59.6826 13.1915 9.99939 106.495 
171.017 178.73 140.292 133.752 139.135 141.391 174.85 83.6951 82.5823 81.7821 -84.0402 297.22 30.6341 -103.088 319.146 -31.5396 -86.6796 297.887 67.9494 -91.8802 286.596 72.5299 -97.8773 275.349 69.4678 -126.271 297.363 59.2429 13.0655 9.9207 106.921 
171.059 177.457 140.743 133.979 139.112 140.553 176.101 84.0247 82.7645 81.7401 -83.4372 297.262 30.6019 -103.151 319.063 -32.1679 -85.9662 298.263 67.5463 -91.3186 286.954 72.1365 -97.4782 275.72 69.15 -125.882 297.981 58.9055 12.9535 9.84193 107.101 
170.878 177.206 140.735 133.896 138.935 140.151 176.61 84.1978 82.8428 81.7234 -82.8782 297.923 30.4335 -103.195 319.417 -32.6811 -85.4509 298.642 67.0614 -90.8739 287.319 71.6018 -97.1038 276.109 68.647 -125.531 298.536 58.5386 12.8965 9.80094 107.168 
171.375 174.27 140.298 133.471 138.741 141.001 179.137 84.1447 82.7429 81.5643 -82.0547 300.465 29.4173 -105.248 320.479 -33.9638 -84.7258 299.593 66.2768 -90.0909 288.15 70.7252 -96.2603 276.895 67.8768 -124.819 299.502 57.9331 12.7277 9.68845 109.065 
170.303 176.208 139.943 133.227 138.643 141.254 176.854 83.9657 82.6477 81.5564 -82.1777 301.626 29.1283 -103.256 321.024 -33.4541 -84.7107 299.925 66.0251 -89.9918 288.411 70.4115 -96.0822 277.141 67.5433 -124.668 299.778 57.7947 12.6901 9.65503 107.415 
166.741 176.569 139.782 133.083 138.511 141.024 176.393 83.8393 82.6381 81.5781 -81.9783 302.116 29.2381 -103.169 321.907 -33.6166 -84.5358 300.589 65.8305 -89.7117 289 70.2071 -95.7336 277.698 67.3165 -124.39 300.263 57.6229 12.662 9.61312 107.551 
164.427 177.094 139.68 133.118 138.465 141.423 176.029 83.6314 82.5503 81.5683 -81.65 303.595 29.1566 -102.792 322.428 -33.8052 -84.4758 301.345 65.7697 -89.4926 289.68 70.1651 -95.352 278.314 67.265 -124.127 300.678 57.4553 12.6468 9.57133 107.63 
159.992 177.651 139.795 133.253 138.497 141.678 175.815 83.5495 82.5495 81.6162 -81.3591 304.641 29.1429 -102.402 322.64 -34.2628 -84.2268 301.979 65.6197 -89.147 290.263 70.0806 -94.9064 278.852 67.1965 -123.783 301.052 57.2124 12.6431 9.51915 107.766 
155.03 178.36 139.781 133.425 138.583 142.368 174.993 83.3695 82.4749 81.6592 -81.2755 305.886 28.9546 -101.97 323.09 -34.5135 -84.0703 302.515 65.3407 -88.8322 290.738 69.8391 -94.4641 279.293 66.9622 -123.493 301.26 56.9611 12.6667 9.48845 107.602 
150.681 179.13 140.007 133.644 138.737 143.321 174.356 83.3998 82.4889 81.7531 -81.2216 307.172 28.5729 -101.606 323.238 -34.9471 -83.729 302.719 65.0332 -88.416 290.89 69.5318 -93.9336 279.422 66.618 -123.097 301.21 56.5959 12.6865 9.45903 107.61 
147.146 179.979 140.677 134.096 139.172 144.585 173.845 83.5552 82.4426 81.6754 -81.1571 308.676 28.1705 -101.326 323.358 -35.3982 -83.3043 302.876 64.7706 -87.9943 290.996 69.2418 -93.4774 279.487 66.2743 -122.708 301.017 56.2466 12.7471 9.44533 107.641 
144.273 179.228 140.829 134.387 139.5 146.281 173.292 83.6497 82.4955 81.8138 -81.08 310.88 27.8479 -101.044 323.457 -35.7499 -82.904 302.989 64.4482 -87.5441 291.07 68.9664 -92.9644 279.527 65.9876 -122.367 300.782 55.954 12.7884 9.43431 107.556 
142.977 178.232 140.839 134.488 139.573 148.69 172.431 83.7608 82.5678 81.9605 -80.9494 313.67 27.401 -100.702 323.904 -36.0021 -82.6368 303.077 64.1413 -87.2505 291.126 68.6969 -92.599 279.554 65.6866 -122.142 300.534 55.6742 12.8273 9.44468 107.323 
143.762 177.338 140.858 134.542 139.646 152.018 171.553 83.7228 82.5855 82.0957 -80.8712 316.999 26.6275 -100.181 324.304 -36.095 -82.4929 303.357 63.9111 -87.0126 291.373 68.5263 -92.2434 279.753 65.5217 -121.897 300.37 55.4233 12.8565 9.45548 107.019 
146.444 176.596 140.569 134.544 139.715 155.705 170.954 83.7082 82.6254 82.2676 -81.1198 320.585 25.6905 -99.8131 324.627 -36.3044 -82.357 303.542 63.5781 -86.8267 291.557 68.264 -91.9756 279.928 65.2651 -121.707 300.296 55.1193 12.899 9.48265 106.793 
150.958 176.062 140.185 134.48 139.685 159.148 170.48 83.5368 82.5495 82.3046 -81.3867 323.747 24.9077 -99.526 324.892 -36.3584 -82.3037 303.689 63.2579 -86.6902 291.689 68.0111 -91.7658 280.043 65.0337 -121.552 300.194 54.9012 12.9353 9.50433 106.553 
155.861 175.544 139.925 134.429 139.602 161.861 170.023 83.3932 82.4767 82.3206 -81.6839 326.303 24.2494 -99.2865 325.166 -36.4611 -82.2309 303.841 62.9192 -86.5473 291.806 67.7194 -91.5484 280.13 64.7462 -121.391 300.085 54.6402 12.9525 9.51252 106.365 
160.261 175.02 139.487 134.292 139.513 163.655 169.643 83.3307 82.4872 82.4197 -81.9591 327.937 23.7862 -98.9951 325.316 -36.5348 -82.0512 303.883 62.5664 -86.345 291.85 67.4406 -91.3197 280.174 64.4865 -121.204 300.01 54.408 12.9656 9.54326 106.111 
164.334 174.519 139.121 134.157 139.481 164.8 169.336 83.3052 82.5701 82.6064 -81.825 328.788 23.4466 -98.7821 325.105 -36.6817 -81.8252 303.757 62.1485 -86.1071 291.748 67.107 -91.1027 280.087 64.2017 -121.029 299.884 54.1535 12.969 9.56106 105.889 
168.482 173.799 138.778 134.038 139.4 165.783 168.897 83.1834 82.5194 82.6092 -81.9202 329.722 22.9754 -98.3718 325.23 -36.8936 -81.3611 303.775 61.4629 -85.6435 291.759 66.5088 -90.6621 280.085 63.6435 -120.612 299.822 53.7442 12.9731 9.58118 105.543 
168.996 173.622 138.275 133.872 139.34 164.441 168.829 83.1389 82.546 82.6505 -81.7771 328.34 22.8417 -98.2991 325.254 -36.9429 -81.0947 303.614 61.1292 -85.4007 291.609 66.2488 -90.4896 279.964 63.4147 -120.433 299.767 53.6369 12.9858 9.58989 105.392 
168.631 173.509 138.019 133.724 139.24 163.055 168.766 83.0154 82.473 82.565 -81.3716 327.065 22.9281 -98.2544 325.459 -36.9937 -80.9439 303.689 60.8337 -85.27 291.673 66.0093 -90.4351 280.045 63.2258 -120.337 299.937 53.58 12.9911 9.57879 105.218 
167.974 173.422 137.628 133.593 139.237 162.083 168.814 82.9034 82.4477 82.5478 -80.9746 326.076 22.9019 -98.1742 325.505 -37.1071 -80.7797 303.686 60.5481 -85.097 291.681 65.7955 -90.3153 280.069 63.0744 -120.21 300.055 53.485 12.9799 9.57212 105.114 
167.027 173.613 137.212 133.477 139.15 160.846 168.976 82.727 82.3469 82.4166 -80.5935 324.588 22.6972 -98.0257 325.827 -37.1449 -80.5907 303.741 60.3673 -84.8837 291.732 65.6746 -90.1218 280.113 62.9846 -119.994 300.202 53.407 12.958 9.57226 105.139 
165.217 173.863 137.002 133.438 139.005 159.469 169.173 82.6459 82.2922 82.3362 -80.2469 323.198 22.767 -97.9477 326.08 -37.2884 -80.4468 303.963 60.2518 -84.7722 291.954 65.609 -90.0517 280.341 62.9284 -119.868 300.516 53.3622 12.9693 9.56275 105.22 
163.314 174.049 136.833 133.471 138.936 158.414 169.23 82.4957 82.2028 82.2675 -79.8473 322.4 22.9155 -97.7458 326.247 -37.372 -80.3456 304.24 60.1557 -84.6464 292.218 65.5658 -89.9176 280.596 62.9116 -119.729 300.825 53.3192 12.9698 9.53327 105.224 
161.576 174.429 136.536 133.316 138.576 157.555 169.335 82.3858 82.2712 82.4235 -79.2951 321.671 23.0901 -97.5206 326.431 -37.539 -80.2009 304.495 60.0413 -84.5278 292.508 65.5522 -89.8165 280.918 62.9357 -119.575 301.242 53.277 12.9609 9.54048 105.292 
160.971 174.759 136.194 133.036 138.188 157.267 169.365 82.338 82.3378 82.5875 -78.5448 321.481 23.1403 -97.1702 326.777 -37.6389 -80.0798 304.806 60.0363 -84.4117 292.839 65.5562 -89.6613 281.257 62.9484 -119.372 301.682 53.1904 12.9152 9.53875 105.412 
160.641 175.069 136.101 132.914 137.941 157.074 169.445 82.2817 82.3913 82.6965 -77.9042 321.547 23.2079 -96.8257 327.176 -37.6755 -79.953 305.253 60.0492 -84.2782 293.291 65.5978 -89.5002 281.705 63.015 -119.184 302.19 53.1423 12.8689 9.52373 105.466 
161.353 175.235 135.984 132.782 137.713 157.674 169.497 82.3796 82.5666 82.9249 -77.3908 322.414 23.1504 -96.3221 327.389 -37.808 -79.6341 305.621 60 -83.996 293.67 65.6098 -89.2315 282.117 63.0547 -118.94 302.658 53.0852 12.8582 9.4964 105.352 
164.001 175.226 136.068 132.714 137.582 159.385 169.348 82.4828 82.6932 83.1129 -76.8792 324.175 22.8425 -95.7945 327.504 -37.9305 -79.1983 305.776 59.8974 -83.5892 293.827 65.5139 -88.8003 282.289 62.9619 -118.562 302.87 52.9566 12.8274 9.48772 105.27 
167.064 175.159 136.2 132.693 137.516 160.815 169.283 82.5957 82.7469 83.1525 -76.2089 325.078 22.4897 -95.4092 327.529 -38.1767 -78.6341 305.674 59.6697 -83.0864 293.736 65.2411 -88.3383 282.223 62.6639 -118.092 302.91 52.7516 12.8266 9.49268 105.306 
170.515 175.106 136.23 132.667 137.509 162.094 169.291 82.8009 82.842 83.1384 -75.5991 326.203 22.3186 -94.9747 327.836 -38.4566 -77.8768 305.587 59.3993 -82.4461 293.646 64.9493 -87.7915 282.164 62.3314 -117.537 302.986 52.5506 12.8285 9.49816 105.334 
178.975 175.021 136.471 132.823 137.87 164.502 169.49 82.9433 82.7157 82.869 -75.4054 329.364 22.1724 -94.5717 328.24 -38.7505 -77.1027 305.631 59.2713 -81.717 293.608 64.682 -87.0864 282.105 62.0099 -116.837 302.988 52.3363 12.8152 9.45273 105.611 
176.829 175.311 137.455 133.328 138.449 165.048 169.772 82.7942 82.3225 82.2567 -75.6303 330.039 21.8568 -93.91 328.333 -38.9357 -76.4394 305.704 59.3239 -81.0269 293.635 64.597 -86.3852 282.013 61.944 -116.047 302.991 52.1715 12.7096 9.42618 105.998 
174.244 175.56 138.57 133.78 138.682 164.783 169.913 82.8858 82.0939 81.7824 -75.5697 329.963 21.6229 -93.254 328.425 -39.1533 -75.6646 306.1 59.4607 -80.3338 293.957 64.6492 -85.7226 282.227 61.9818 -115.325 303.138 52.0992 12.6758 9.37678 106.248 
175.14 175.64 139.477 134.155 138.82 163.693 170.048 83.0363 82.0082 81.5263 -75.3133 329.153 21.358 -92.7434 328.577 -39.5196 -74.8714 306.681 59.4042 -79.6266 294.473 64.5726 -85.0594 282.67 61.8857 -114.665 303.446 51.9579 12.6926 9.3303 106.402 
179.952 175.435 139.725 134.285 138.845 162.382 169.879 83.245 82.0093 81.4686 -74.5718 328.302 21.2509 -92.1061 328.296 -39.8453 -74.1011 307.028 59.2602 -78.9041 294.727 64.4597 -84.2914 282.846 61.7872 -114.027 303.461 51.7638 12.6702 9.2585 106.335 
175.475 175.166 139.841 134.327 138.867 161.546 169.75 83.4848 82.0743 81.4939 -74.0224 328.142 21.232 -91.6916 328.122 -40.2227 -73.2489 307.155 58.995 -78.0679 294.773 64.1833 -83.4131 282.844 61.4818 -113.334 303.301 51.5152 12.6717 9.21038 106.366 
172.472 174.96 139.875 134.243 138.872 161.06 169.786 83.5373 81.9313 81.249 -73.8388 328.649 21.1839 -91.4771 328.133 -40.6031 -72.5506 307.015 58.6893 -77.3422 294.553 63.7741 -82.6006 282.553 61.0176 -112.619 303 51.1625 12.616 9.19071 106.695 
170.994 174.851 140.02 134.098 138.853 161.078 169.854 83.6013 81.8371 81.0498 -73.8297 329.597 21.141 -91.3257 328.537 -40.9927 -71.9122 306.934 58.4247 -76.6824 294.426 63.3522 -81.8983 282.394 60.5163 -111.961 302.87 50.8442 12.5818 9.19727 107.056 
169.006 174.689 140.239 134.089 138.922 160.447 169.738 83.5426 81.686 80.783 -73.8976 329.182 20.7602 -90.4774 328.819 -41.0646 -71.379 307.024 58.3403 -76.1214 294.558 63.2075 -81.2807 282.469 60.3558 -111.296 302.899 50.6223 12.5362 9.27798 106.978 
163.512 175.396 140.889 135.966 139.262 160.247 169.468 82.8065 81.2449 80.1681 -73.6782 330.44 20.8605 -88.9865 329.261 -40.6952 -71.0776 307.59 58.6033 -75.4793 295.038 63.5638 -80.4729 282.877 60.5259 -110.649 303.294 50.7157 12.6364 9.15796 106.865 
160.184 175.375 141.008 135.746 139.142 159.553 169.61 82.9678 81.2804 80.0605 -72.9646 329.317 20.9889 -88.241 329.453 -40.8614 -70.3683 307.965 58.4942 -74.8903 295.444 63.5138 -79.9931 283.262 60.5432 -110.146 303.707 50.6882 12.6332 9.16656 106.594 
157.401 175.186 140.491 135.362 138.966 158.235 169.565 83.0943 81.3922 80.2208 -71.777 327.451 21.2911 -87.6695 329.582 -41.0183 -69.5768 308.193 58.1911 -74.1565 295.703 63.2853 -79.3084 283.516 60.4164 -109.582 303.961 50.6545 12.5988 9.183 106.229 
155.75 174.853 139.772 134.888 138.727 157.12 169.16 83.3127 81.5623 80.4782 -70.4352 325.543 21.5711 -86.8794 329.511 -40.9857 -68.731 308.152 57.907 -73.3584 295.666 63.0461 -78.5129 283.477 60.2375 -108.961 303.868 50.58 12.5746 9.18639 105.698 
154.888 174.689 139.076 134.421 138.523 156.561 169.169 83.3085 81.5336 80.5633 -69.2814 324.395 21.6606 -86.1129 329.061 -41.216 -67.9439 307.744 57.59 -72.6202 295.283 62.7256 -77.7536 283.109 59.9694 -108.18 303.613 50.3469 12.5327 9.21282 105.676 
155.362 174.521 138.42 133.956 138.429 156.821 169.013 83.1975 81.4622 80.671 -68.4155 324.482 21.441 -85.2833 328.659 -41.4024 -67.2168 307.266 57.1981 -71.8666 294.835 62.3084 -76.928 282.684 59.6117 -107.342 303.224 50.0316 12.4931 9.26262 105.599 
154.289 174.937 139.164 135.907 138.827 158.161 168.908 82.3604 80.927 80.0687 -67.9915 327.547 21.3153 -83.8204 328.918 -41.1563 -66.901 307.258 57.389 -71.1007 294.723 62.494 -75.8506 282.497 59.5812 -106.397 303.05 49.8762 12.5663 9.12825 105.864 
155.652 174.896 139.076 135.459 138.761 159.505 168.806 82.5565 81.1234 80.2685 -67.2223 328.867 20.8063 -82.6829 328.312 -41.4962 -65.9827 307.433 57.0261 -70.2266 294.967 62.2845 -75.0346 282.744 59.5662 -105.594 303.143 49.6105 12.5425 9.14532 105.37 
157.165 174.845 139.51 135.161 138.73 160.183 168.616 82.9207 81.3341 80.3603 -66.5223 328.932 19.9559 -81.8704 327.406 -41.9666 -64.9278 307.776 56.6826 -69.2604 295.392 62.1231 -74.1285 283.121 59.6043 -104.768 303.276 49.4045 12.5227 9.1752 104.955 
157.733 174.679 141.868 137.466 139.118 161.105 169.611 81.9803 80.7697 79.8548 -66.0716 330.347 19.1303 -81.2564 325.438 -42.4826 -64.8439 308.521 56.8406 -68.4345 296.362 62.4098 -72.7539 283.978 59.77 -103.749 303.216 49.2595 12.8907 9.32035 105.573 
157.857 173.952 143.954 139.66 139.742 161.624 169.163 80.984 80.4138 79.7306 -65.8414 331.331 18.1781 -81.0015 322.303 -43.0348 -64.6741 309.024 56.7223 -67.4063 297.095 62.657 -71.191 284.545 60.1416 -102.605 302.294 49.1567 13.2031 9.42877 106.225 
154.499 173.298 145.853 142.012 140.685 160.37 168.537 80.244 80.297 79.7478 -65.4939 331.476 17.8175 -81.1613 319.23 -43.1701 -64.6142 309.676 56.7144 -66.4665 297.975 63.1032 -69.7178 285.223 60.7233 -101.656 301.213 49.2799 13.5195 9.46817 106.76 
152.191 172.418 146.535 143.225 140.684 159.209 168.289 79.8655 80.5281 80.2001 -65.9133 331.291 16.6071 -81.8197 317.011 -44.2939 -64.5617 310.545 56.5195 -65.6205 299.093 63.3456 -68.3803 286.177 61.084 -100.892 300.4 49.2133 13.883 9.42086 107.737 
152.182 171.909 147.116 144.319 140.731 158.865 168.206 79.5799 80.7861 80.5779 -66.9576 331.338 15.1686 -82.7648 314.842 -45.3092 -64.6031 311.603 56.3779 -64.938 300.369 63.6482 -67.2318 287.254 61.5306 -100.232 299.784 49.2973 14.1584 9.30622 108.833 
153.945 171.771 147.293 145.325 140.898 159.084 168.376 79.4993 81.0556 80.7649 -68.1612 331.171 13.5966 -83.8539 313.044 -46.3473 -64.6284 312.538 56.1078 -64.3959 301.496 63.7511 -66.3669 288.172 61.7071 -99.7158 299.242 49.3744 14.4429 9.19022 109.695 
155.886 171.708 147.272 146.145 141.233 159.21 168.492 79.6272 81.3256 81.0675 -68.8104 330.606 12.2029 -84.6385 310.977 -47.34 -64.4505 313.312 55.7104 -63.8444 302.426 63.702 -65.5883 288.918 61.8657 -99.229 298.831 49.4622 14.6122 9.03752 110.166 
157.86 171.812 146.881 146.64 141.414 159.328 168.646 80.0567 81.7337 81.3294 -68.9471 329.649 10.9543 -85.0368 308.869 -48.1973 -64.0687 313.813 55.3322 -63.1976 303.073 63.6119 -64.7978 289.335 61.9803 -98.7184 298.282 49.5772 14.7072 8.88789 110.203 
159.277 171.998 146.531 146.921 141.427 159.391 168.855 80.583 82.1392 81.6518 -68.809 328.603 9.90223 -85.0907 307.219 -48.9543 -63.6754 314.245 55.014 -62.5533 303.591 63.4498 -63.9476 289.669 61.9937 -98.1679 297.716 49.5807 14.7643 8.722 110.119 
159.959 172.164 146.253 147.065 141.297 159.021 169.055 81.0728 82.3382 81.7483 -68.0284 327.05 9.21166 -84.6549 305.731 -49.7405 -63.1591 314.31 54.7662 -61.8318 303.668 63.1852 -62.9905 289.608 61.8311 -97.4085 296.952 49.3902 14.8314 8.58231 110.175 
159.85 172.324 145.934 147.134 141.159 158.39 169.182 81.5005 82.4314 81.6896 -66.8328 324.909 8.55671 -83.9105 303.852 -50.5152 -62.5633 313.864 54.5048 -61.0159 303.239 62.834 -61.9078 289.062 61.5564 -96.4552 295.78 49.0709 14.9078 8.48022 110.289 
157.354 172.564 145.77 147.271 141.143 156.145 169.478 81.9566 82.5286 81.6135 -64.6561 322.117 8.86077 -83.5427 302.344 -51.0133 -62.0698 313.736 54.3325 -60.3177 303.131 62.4859 -60.9793 288.828 61.2435 -95.5748 294.876 48.8229 15.0001 8.45487 110.574 
155.16 172.698 145.296 147.291 141.288 154.349 169.633 82.1433 82.5054 81.3927 -62.9609 319.779 9.44058 -83.3244 301.316 -51.0084 -61.5279 313.507 54.0991 -59.7738 302.877 62.2808 -60.4823 288.494 61.1449 -94.9976 294.347 48.794 15.0157 8.41482 110.537 
154.989 172.9 144.826 147.292 141.445 153.467 169.895 82.1433 82.4008 81.1329 -61.8271 318.425 9.92008 -83.1504 300.56 -50.883 -61.1257 313.261 54.0099 -59.4287 302.593 62.2408 -60.2387 288.163 61.1883 -94.6142 294.036 48.8778 14.9961 8.39213 110.612 
154.77 173.047 144.391 147.297 141.743 152.915 170.159 82.0559 82.2961 80.942 -61.0177 317.776 10.4415 -82.7373 299.654 -50.5942 -60.6479 312.93 54.0382 -59.1158 302.242 62.4145 -60.1211 287.813 61.4824 -94.3271 293.887 49.0987 14.953 8.36916 110.663 
154.247 173.15 144.095 147.141 142.018 152.785 170.147 81.7255 81.9913 80.6844 -60.2149 317.532 10.9094 -81.6547 298.642 -50.1665 -60.1613 311.924 54.363 -58.9201 301.289 62.8152 -60.2242 286.988 61.9945 -94.1383 293.715 49.3935 14.9461 8.4542 110.574 
149.37 173.71 144.093 147.196 143.164 151.543 170.211 80.9026 81.8184 80.8561 -60.0853 317.371 12.0371 -80.3565 296.768 -49.2985 -59.6921 309.954 54.6131 -58.7371 299.733 63.2273 -60.5619 285.65 62.6612 -94.1775 293.784 49.7574 14.8284 8.72577 110.253 
141.896 174.453 144.038 146.941 143.927 150.492 170.394 80.0515 81.6647 81.2921 -59.2654 317.755 13.7921 -78.3148 294.873 -48.1727 -59.1966 307.87 55.0167 -58.7435 298.089 63.9093 -61.1249 284.347 63.6324 -94.3117 294.171 50.1678 14.6763 9.00431 109.535 
142.609 173.341 143.356 144.777 143.517 153.326 170.154 79.1684 81.7225 82.3988 -57.5388 318.105 14.6849 -75.6872 292.017 -46.7561 -58.1044 304.737 55.3471 -58.8549 295.514 65.0131 -62.1803 282.567 64.9196 -94.5333 294.664 50.6337 14.7741 9.34434 108.429 
162.757 173.193 140.256 141.388 143.185 164.187 170.75 80.4714 82.8988 83.9041 -55.6527 320.805 13.747 -73.3286 289.222 -46.6048 -56.065 301.212 55.4674 -58.4768 292.2 65.3058 -63.3855 280.177 65.1915 -94.6282 295.111 50.5671 14.8075 9.4622 107.255 
177.586 173.303 137.06 138.187 142.665 171.527 170.93 82.1864 84.1386 85.4125 -53.5736 322.306 14.7221 -71.2882 289.003 -46.9859 -54.3957 298.152 55.6969 -58.5377 289.327 65.5059 -64.5659 278.191 65.0214 -94.5106 295.708 50.139 14.8162 9.61801 106.465 
154.319 173.347 133.852 135.954 142.647 178.577 171.716 83.7881 85.4142 86.9211 -51.2456 324.722 16.774 -69.6191 290.064 -47.6008 -52.7647 295.449 55.6659 -58.3144 286.798 65.3513 -65.2129 276.419 64.4548 -93.8911 296.275 49.4558 14.6769 9.7238 106.282 
145.623 173.981 131.882 134.662 142.679 177.199 173.097 84.6848 86.1462 87.7249 -47.9461 321.415 18.3633 -68.5834 291.859 -48.288 -51.5398 293.176 55.4185 -58.152 284.722 64.8164 -65.7602 274.911 63.5232 -92.9643 296.853 48.6594 14.5067 9.87195 106.901 
145.622 174.23 131.273 134.36 142.848 171.169 174.074 84.8598 86.5028 88.073 -45.6771 309.914 19.1853 -66.928 294.368 -48.1958 -50.8724 291.572 55.5677 -58.2215 283.32 64.5451 -66.4693 274.007 62.7505 -91.9141 297.671 48.0982 14.4079 10.0626 107.563 
145.622 174.526 131.501 134.959 142.898 149.503 175.561 84.7409 86.7143 87.9587 -51.3856 295.202 22.4877 -65.0641 297.681 -48.0047 -50.3368 290.227 55.9416 -58.3205 282.181 64.4035 -67.2505 273.371 61.8533 -90.5506 298.866 47.4814 14.4009 10.1615 109.047 
155.485 174.322 132.436 136.406 143.06 140.63 175.733 84.371 86.5833 87.5665 -51.7389 282.852 27.4823 -62.146 301.701 -47.2829 -49.6714 289.97 56.0924 -58.2164 282.074 64.1689 -67.6863 273.765 60.9177 -89.0272 300.717 46.9493 14.4663 10.2192 109.646 
149.702 173.65 132.9 137.714 143.588 138.612 175.601 84.4257 86.8306 87.536 -51.7548 278.565 29.3092 -58.8418 303.735 -45.9617 -48.4646 289.412 56.0556 -57.5741 281.721 63.9935 -67.56 273.776 60.23 -87.5263 301.921 46.5716 14.3414 10.2586 109.167 
147.373 173.127 134.329 139.369 144.135 137.213 175.445 84.116 86.7721 87.1054 -52.0451 275.146 30.8152 -55.4697 305.527 -45.0254 -47.2734 289.016 55.9087 -56.8327 281.503 63.7056 -67.3698 273.836 59.5146 -85.9648 302.965 46.2449 14.1698 10.2738 108.765 
145.799 172.042 136.182 140.898 144.644 136.138 174.258 84.0055 86.7425 86.5524 -51.6417 272.284 32.4945 -51.7549 305.4 -44.1571 -46.1502 288.436 56.0989 -56.0773 281.217 63.632 -67.1048 273.804 58.9985 -84.2999 303.597 45.8093 14.0608 10.2985 108.257 
145.515 171.195 137.321 142.139 145.336 135.468 173.994 84.1896 86.9374 86.4071 -50.5575 271.282 33.5905 -48.7012 304.849 -43.5519 -44.9208 287.481 56.3238 -55.0919 280.648 63.6761 -66.4925 273.453 58.755 -82.7623 303.796 45.4942 13.9176 10.4234 108.021 
144.663 170.805 139.753 143.385 145.667 134.997 173.682 84.5047 87.1997 86.1635 -50.9111 269.729 34.4991 -46.2226 304.038 -43.3255 -43.957 286.38 56.6951 -54.555 280.077 63.8467 -66.455 273.344 58.6159 -81.2572 304.312 45.2965 13.8141 10.4963 108.072 
144.415 170.52 142.381 144.361 145.782 134.981 173.298 84.8117 87.3618 85.7649 -50.7349 267.59 34.9707 -43.535 302.541 -43.3039 -42.9354 284.808 56.9468 -53.9042 279.034 63.8424 -66.1706 272.813 58.2757 -79.5253 304.336 44.8948 13.7789 10.6108 108.044 
141.215 170.278 144.243 145.338 146.013 133.782 173.688 84.9912 87.5067 85.7206 -51.1174 266.313 35.7033 -41.4772 300.582 -43.5995 -41.6972 283.027 57.0634 -52.8323 277.634 63.7516 -65.2721 271.662 57.9539 -77.7276 303.636 44.4417 13.6817 10.7038 108.52 
143.704 169.998 144.939 144.908 146.27 134.854 174.171 84.4645 86.8551 85.2952 -51.2163 264.388 35.4573 -39.1715 299.014 -44.2938 -41.0265 281.839 56.9181 -52.6463 276.665 63.2467 -65.3035 271.549 57.5166 -75.9693 303.724 43.9856 13.8015 10.4556 109.106 
144.481 170.771 146.103 144.826 146.107 134.714 173.314 84.1893 86.6041 84.6639 -50.3913 261.315 35.2903 -36.7548 298.192 -45.3268 -40.4333 278.75 55.5351 -52.87 274.272 61.9484 -66.0014 270.473 56.0559 -74.0796 303.504 43.347 13.8424 10.4333 108.649 
145.322 170.471 146.642 144.776 146.405 135.126 173.819 83.7871 86.2268 84.7559 -49.2355 259.634 35.252 -34.8043 295.808 -45.456 -39.6182 276.719 54.9583 -52.4202 272.515 61.2138 -65.5185 269.288 55.3257 -72.3791 302.737 42.8687 13.9046 10.3092 108.44 
146.389 170.415 146.928 144.684 146.703 135.337 173.573 83.1785 86.0248 84.8498 -48.2528 257.248 35.5759 -32.8837 294.07 -45.2014 -38.7319 274.922 54.212 -51.7142 270.745 60.4534 -64.8026 268.056 54.5426 -70.8022 301.904 42.55 13.9974 10.1594 107.897 
148.765 170.405 146.508 144.585 146.912 136.18 172.655 82.3688 85.8759 84.8141 -47.6764 254.697 35.1147 -30.6943 292.353 -44.5785 -37.9765 273.263 53.1771 -51.2893 269.18 59.8025 -64.4129 267.114 53.8838 -69.2659 301.325 42.388 14.0518 10.1073 106.486 
148.735 169.983 145.924 144.388 146.514 136.253 170.593 82.0789 86.0283 84.8939 -46.6449 251.183 35.4606 -28.9077 290.408 -44.6263 -36.4406 269.538 50.7244 -50.367 266.205 58.5344 -63.6852 264.883 52.784 -67.3779 300.021 42.0625 13.8584 10.8354 104.047 
148.358 169.358 146.912 144.756 146.339 136.376 168.95 81.6461 86.4986 85.2537 -45.3625 248.195 36.2424 -27.1302 288.178 -44.5464 -35.292 266.008 49.2186 -49.2015 262.928 57.5809 -62.6951 262.335 51.8561 -65.5256 298.396 41.854 13.7475 11.1279 102.89 
147.791 168.995 147.283 144.662 145.788 136.642 167.768 80.9621 86.9878 85.7886 -43.913 245.916 36.563 -25.0893 285.924 -44.4233 -34.3382 262.812 47.7801 -48.2194 259.754 56.629 -61.8649 259.833 50.9864 -63.6784 296.777 41.7062 13.5512 11.2266 101.82 
148.269 168.781 147.563 144.473 145.163 137.477 166.826 81.8106 87.7791 86.4313 -42.781 243.534 36.4531 -23.0252 283.449 -44.4345 -32.9116 259.108 47.1609 -46.9088 256.375 55.9728 -60.7261 257.025 50.4558 -61.9966 294.771 41.5967 13.3523 11.1737 101.014 
148.976 168.679 147.654 144.296 144.605 138.447 166.288 83.0354 88.5598 87.0156 -41.2887 241.169 36.7635 -20.7527 280.376 -44.3944 -31.2753 255.481 47.3292 -45.4395 253.15 55.8903 -59.4103 254.223 50.4718 -60.3457 292.607 41.5109 13.187 10.963 100.645 
149.159 168.656 147.254 144.294 144.444 139.315 165.945 83.9241 89.12 87.5975 -40.1427 239.212 36.9367 -19.0199 276.963 -44.4145 -30.2956 252.238 47.3929 -44.6446 250.358 55.7877 -58.6714 251.857 50.4487 -58.9317 290.661 41.284 13.0738 10.7825 100.335 
149.015 169.304 146.954 144.502 144.481 139.96 165.997 84.8982 89.5254 88.0421 -39.4792 238.241 37.4279 -17.8266 273.798 -44.2694 -30.3426 250.032 48.5381 -44.6731 248.684 56.1648 -58.635 250.659 50.7228 -57.77 289.592 41.2262 13.0745 10.336 101.004 
149.6 170.319 145.392 144.287 144.438 142.214 166.576 86.238 89.2232 87.709 -37.5813 238.337 36.5683 -17.0277 271.869 -44.2323 -30.9436 247.613 48.8878 -45.5296 248.09 56.4783 -59.4295 250.618 50.9897 -56.8696 289.011 41.2896 13.0817 11.103 101.137 
150.303 171.044 143.712 144.08 144.683 143.596 167.062 87.4041 88.3838 86.9174 -36.9105 237.386 36.1872 -16.1666 268.939 -43.8711 -31.7602 244.709 48.9942 -46.8399 247.519 57.0157 -60.5165 250.556 51.4618 -55.9559 288.057 41.3603 13.1904 12.3227 100.622 
150.96 171.373 141.833 143.891 145.043 144.447 167.174 88.5422 87.5379 86.121 -36.7314 235.186 35.9183 -15.2937 264.217 -43.2924 -32.5868 241.032 48.8347 -48.2354 246.308 57.5272 -61.5625 249.804 51.8427 -54.9156 286.297 41.1701 13.3475 13.7362 99.3496 
151.547 171.589 140.389 143.538 145.233 144.827 167.373 89.6774 86.7312 85.2893 -36.9985 232.833 35.2879 -14.725 259.939 -43.0039 -33.4344 237.196 48.297 -49.6075 244.792 57.5738 -62.5361 248.856 51.8044 -53.8452 284.33 40.8664 13.5733 14.9927 98.2325 
151.742 172.135 139.732 142.995 145.227 144.976 167.73 90.3562 85.9996 84.5473 -37.5524 230.774 34.7396 -14.5807 256.456 -42.9458 -34.6145 234.225 48.1311 -50.9398 243.549 57.4537 -63.5151 248.143 51.6461 -53.0014 282.598 40.5725 13.7699 15.613 98.0648 
151.498 172.816 139.226 142.669 145.431 144.506 168.107 90.6472 85.4738 84.0129 -38.2224 228.96 34.3241 -14.1781 253.655 -43.0256 -35.3153 232.121 48.1401 -51.6581 242.467 57.245 -63.9464 247.417 51.3809 -52.175 281.05 40.2237 13.9351 15.7919 98.2446 
151.32 173.397 138.921 142.462 145.674 144.081 168.081 90.7604 85.1382 83.6053 -38.6847 227.403 34.0452 -13.7441 250.625 -42.8287 -35.8528 230.577 48.3695 -52.2705 241.549 57.0943 -64.3369 246.749 51.1033 -51.57 279.697 39.8519 14.0349 15.7077 98.1358 
151.053 173.744 138.325 142.108 145.656 143.466 167.931 91.2 84.9977 83.2888 -39.1475 225.709 33.5807 -13.365 247.257 -42.8247 -36.2276 228.458 47.7242 -52.8644 240.197 56.4542 -64.7285 245.724 50.3459 -51.032 278.211 39.2312 14.1013 15.8984 96.9643 
151.701 173.249 137.326 141.682 145.391 143.419 166.763 92.3946 85.8584 83.8422 -39.7698 221.643 31.5078 -13.4239 239.109 -43.4518 -37.3075 223.604 46.1194 -54.4191 236.878 55.0596 -65.9143 243.123 48.5857 -50.1495 274.674 37.2977 13.895 16.1567 94.6916 
152.37 172.634 137.713 141.423 145.188 143.48 166.375 92.5608 86.415 84.083 -41.3186 219.321 29.5206 -14.4589 234.512 -44.5956 -38.1306 221.502 45.6774 -54.7958 234.665 54.1777 -66.1506 241.09 47.594 -49.9055 272.398 35.9628 13.9325 15.4968 94.2996 
152.623 172.36 138.362 141.259 145.24 143.414 166.438 92.4799 86.8872 84.3416 -42.4517 217.024 27.5802 -15.4618 230.717 -46.2773 -38.2857 219.756 45.4633 -54.4935 232.257 53.1884 -65.8041 238.7 46.5665 -49.6032 269.956 34.4892 14.0029 14.45 94.9663 
152.63 172.296 139.101 141.25 145.417 143.353 166.58 92.7674 87.4355 84.5959 -43.7303 215.193 24.9917 -16.4083 228.072 -48.3409 -38.4823 217.921 44.9297 -54.3287 229.941 51.9635 -65.514 236.458 45.2183 -49.3067 267.603 32.8944 14.1312 13.6393 96.0508 
153.157 172.331 139.576 141.353 145.651 143.874 166.711 93.1636 87.918 84.7583 -44.8286 214.364 22.0888 -17.6031 226.64 -50.5196 -39.3222 216.728 44.0686 -54.9346 228.605 50.6336 -65.9555 235.363 43.7439 -49.3152 266.184 31.3862 14.1952 13.0806 97.0157 
153.809 172.543 140.199 141.63 145.833 144.668 166.974 93.4489 88.2927 84.8331 -45.8022 213.849 19.1678 -18.8544 225.698 -52.7297 -40.541 216.097 42.9452 -55.9982 227.967 49.158 -66.8383 234.948 42.0714 -49.5606 265.326 29.8203 14.2171 12.6499 97.7306 
154.135 172.796 140.938 142.046 146.184 145.028 167.134 93.4799 88.6544 85.0496 -47.4117 213.73 16.803 -20.1132 225.167 -54.5291 -41.6976 216.203 42.1027 -56.9459 227.861 47.948 -67.6491 234.97 40.6738 -49.986 264.938 28.4287 14.2427 12.2008 98.4674 
154.431 173.015 141.709 142.458 146.531 145.512 167.062 93.7521 89.0635 85.3307 -48.4946 213.686 14.9343 -21.3586 224.778 -55.9861 -42.5017 216.253 41.2406 -57.6047 227.834 46.9261 -68.2372 235.045 39.5331 -50.4127 264.787 27.2398 14.2476 11.9739 98.6567 
154.793 173.114 142.305 142.559 146.764 146.095 166.811 94.3915 89.5788 85.8154 -49.5633 213.757 13.7813 -22.6441 224.8 -57.112 -43.124 216.265 40.4857 -58.07 227.958 46.1092 -68.684 235.283 38.7076 -50.8616 265.033 26.2469 14.2223 11.9022 98.6027 
154.591 173.161 142.713 142.489 146.76 146.239 166.523 94.7086 89.8487 86.0619 -50.95 214.104 12.7486 -24.0161 225.213 -58.2425 -43.9323 216.489 39.4139 -58.7009 228.272 45.0167 -69.2946 235.738 37.6231 -51.3607 265.454 25.2014 14.2018 11.8766 98.541 
154.223 173.311 142.998 142.324 146.674 146.175 166.264 95.0011 89.9521 86.2489 -52.2799 214.787 11.7466 -25.0805 225.646 -59.1347 -44.7091 216.635 38.2192 -59.3314 228.593 43.7379 -69.8538 236.249 36.3996 -51.6945 265.979 24.2118 14.205 11.8245 98.2449 
153.63 173.368 143.186 142.201 146.566 145.862 166.038 94.9341 89.9204 86.3408 -53.5895 215.249 10.8201 -25.9108 225.823 -60.0496 -45.2765 216.834 36.9774 -59.6774 228.758 42.4278 -70.1681 236.503 35.1565 -51.8973 266.267 23.1701 14.2163 11.7674 98.0239 
152.947 173.28 143.449 142.125 146.411 145.419 165.793 94.9548 89.9798 86.4738 -54.5297 215.802 10.1109 -26.5882 226.411 -61.0836 -45.522 216.931 35.7419 -59.7758 228.806 41.2252 -70.296 236.633 34.0443 -52.058 266.584 22.2052 14.1992 11.764 97.946 
152.247 173.234 143.555 142.234 146.299 144.973 165.686 94.5855 89.9599 86.4644 -54.8953 216.322 9.41555 -27.0654 227.391 -62.2961 -45.601 217.36 34.5057 -59.7128 228.921 40.0547 -70.285 236.81 32.9309 -52.1608 266.929 21.2864 14.21 11.7011 98.2136 
151.7 173.214 143.538 142.289 146.141 144.519 165.716 94.2701 89.8643 86.4454 -55.008 216.899 8.89977 -27.3568 228.569 -63.4066 -45.5326 217.777 33.2859 -59.562 229.034 38.9041 -70.1949 236.972 31.9028 -52.2584 267.393 20.5145 14.2372 11.6276 98.3455 
151.141 173.225 143.419 142.425 146.09 144.037 165.9 93.712 89.6693 86.3099 -54.9356 217.776 8.04208 -27.4186 230.044 -64.5808 -45.3777 218.614 32.2527 -59.3068 229.446 37.8986 -69.9964 237.343 30.9661 -52.2893 267.924 19.7661 14.2908 11.5429 98.8728 
150.728 173.295 143.355 142.613 146.045 143.49 166.155 92.9846 89.4059 86.141 -55.1163 219.379 6.55522 -28.1824 231.915 -66.4529 -45.5672 220.235 30.6198 -59.3145 230.506 36.1828 -70.0853 238.402 29.3718 -52.5458 269.148 18.398 14.3229 11.3174 99.3473 
150.681 173.367 143.11 142.543 145.824 143.285 166.457 92.8787 89.3807 86.1233 -54.662 219.815 6.21873 -28.6512 232.471 -67.0876 -45.654 220.616 30.0009 -59.3685 230.748 35.6283 -70.2088 238.64 28.9034 -52.7572 269.589 17.9773 14.2983 11.2773 99.2852 
150.51 173.338 142.955 142.509 145.685 142.997 166.6 92.9897 89.5438 86.2368 -54.4392 220.215 5.76518 -29.2302 232.924 -67.8958 -45.5722 220.849 29.2787 -59.2197 230.821 34.9949 -70.1426 238.682 28.3449 -52.9352 269.947 17.3429 14.2942 11.2611 99.1917 
150.625 173.431 142.934 142.354 145.485 142.96 166.845 93.504 89.9214 86.535 -53.9485 220.59 5.61471 -29.9225 233.775 -68.6441 -45.4976 220.736 28.5223 -59.167 230.716 34.316 -70.1618 238.743 27.8229 -53.0817 270.486 16.8546 14.2293 11.1839 99.0261 
150.35 173.505 142.883 142.385 145.442 142.623 167.188 93.512 90.0696 86.6039 -53.725 221.561 4.88784 -30.3975 235.382 -69.7672 -45.4985 221.374 27.6145 -59.079 231.124 33.4488 -70.1257 239.231 27.0431 -53.1994 271.265 16.2065 14.235 11.1046 99.3698 
150.117 173.689 142.741 142.252 145.308 142.375 167.706 93.7698 90.3693 86.8425 -53.4999 222.354 4.27481 -30.7901 236.911 -70.8551 -45.3454 221.764 26.8241 -58.8192 231.321 32.7098 -69.9309 239.467 26.4236 -53.2721 271.895 15.5865 14.2253 11.0696 99.756 
149.859 173.833 142.731 142.279 145.332 142.182 168.098 93.9881 90.7402 87.1229 -53.4271 223.139 3.56704 -31.2475 238.548 -72.0122 -45.1041 222.363 26.0766 -58.4517 231.65 32.0772 -69.651 239.782 25.8957 -53.4092 272.564 14.9154 14.2264 11.0706 100.243 
149.405 173.919 142.897 142.485 145.565 141.717 168.381 94.1402 91.0277 87.3692 -53.5149 224.352 3.16575 -31.5937 240.494 -73.048 -44.5142 223.404 25.4431 -57.8281 232.347 31.5984 -69.1493 240.362 25.5391 -53.6126 273.577 14.3311 14.2641 11.0907 100.647 
148.87 174 143.148 142.775 145.886 141.334 168.598 94.0509 91.0396 87.4428 -53.7905 225.641 2.81533 -31.9785 242.238 -73.8377 -44.1464 224.772 24.8437 -57.4536 233.46 31.1337 -68.8531 241.304 25.1653 -53.8819 274.762 13.7856 14.3202 11.1449 100.829 
148.239 174.055 143.507 142.947 146.141 140.838 168.722 94.1389 91.0931 87.6005 -54.0021 226.625 3.08669 -32.4561 243.467 -74.269 -43.4832 225.916 24.3823 -56.9058 234.396 30.8018 -68.4285 242.043 24.9872 -54.238 275.878 13.378 14.3576 11.1653 100.598 
147.87 173.979 143.917 143.062 146.363 140.554 168.588 94.265 91.1794 87.8077 -54.049 227.829 3.32581 -32.9332 244.655 -74.5351 -42.9619 227.223 23.9965 -56.4724 235.495 30.4799 -68.1041 242.968 24.8127 -54.674 277.199 13.0347 14.3921 11.1643 100.186 
147.513 173.778 144.27 143.011 146.455 140.176 168.391 94.4757 91.2683 88.019 -54.6037 229.06 3.5468 -33.4908 245.641 -74.6626 -42.7592 228.338 23.6673 -56.2797 236.491 30.1734 -67.9796 243.821 24.6502 -55.1967 278.411 12.7641 14.4325 11.2029 99.673 
147.181 173.682 144.653 143.064 146.652 139.844 168.194 94.6132 91.341 88.1977 -55.2794 230.413 3.49211 -34.002 246.898 -74.912 -42.5934 229.598 23.2929 -56.1085 237.596 29.7951 -67.856 244.797 24.371 -55.6409 279.664 12.4514 14.4858 11.2137 99.354 
146.942 173.541 144.744 142.786 146.343 139.847 168.094 95.0679 91.9823 88.9244 -56.1558 232.104 3.27471 -34.8337 248.818 -75.1996 -42.8474 230.766 22.6532 -56.4421 238.708 29.3389 -68.1801 245.961 24.0508 -56.208 281.376 12.317 14.4051 11.143 98.8163 
146.468 173.378 145.043 142.894 146.399 139.517 167.779 95.328 92.2481 89.2093 -56.6298 233.678 2.90356 -35.6013 251.291 -75.7346 -42.863 231.931 21.842 -56.4518 239.625 28.6424 -68.2214 246.839 23.4781 -56.8102 282.751 12.0634 14.4634 11.1254 98.7053 
146.233 173.319 145.647 143.211 146.604 139.116 167.75 95.7172 92.5386 89.4461 -57.0694 235.471 2.52094 -36.3845 254.934 -76.7075 -42.5793 233.165 20.8529 -56.2575 240.538 27.8765 -68.0602 247.736 22.9064 -57.5008 284.288 11.9079 14.5909 11.0967 98.963 
146.112 173.205 146.217 143.714 146.945 138.698 167.693 95.8017 92.6658 89.5552 -57.6963 237.395 2.26341 -37.2562 258.644 -77.5549 -42.4831 234.832 19.942 -56.198 241.839 27.2158 -68.0351 248.995 22.3904 -58.281 286.043 11.8212 14.7342 11.1095 99.2401 
145.986 173.275 146.538 144.086 147.22 138.401 167.869 95.766 92.6293 89.5477 -58.4831 238.829 2.28637 -38.1632 261.198 -78.0425 -42.6956 236.355 19.273 -56.4218 243.218 26.8158 -68.2936 250.306 22.0622 -59.0233 287.566 11.7643 14.819 11.2282 99.2138 
146.02 173.264 146.607 144.346 147.446 138.416 167.903 95.7227 92.5639 89.4796 -59.5732 240.248 2.08595 -39.102 263.209 -78.2504 -43.4141 237.854 18.8849 -57.0636 244.746 26.6773 -68.9535 251.803 21.915 -59.8132 289.014 11.756 14.8637 11.431 99.1428 
146.217 173.203 146.303 144.455 147.619 138.588 168.07 95.5021 92.3007 89.239 -60.6788 241.511 1.78654 -40.0188 264.154 -78.1511 -44.5041 239.352 18.7904 -58.0817 246.381 26.7175 -69.9911 253.407 21.9125 -60.6239 290.317 11.734 14.8431 11.6025 98.8576 
146.49 173.018 145.936 144.46 147.722 138.821 167.676 95.3434 92.1157 89.0365 -61.6059 242.727 1.35044 -41.0199 264.962 -77.9692 -45.6228 240.724 18.7268 -59.0966 247.834 26.6934 -71.0113 254.874 21.8721 -61.3835 291.53 11.6902 14.8285 11.6741 98.5604 
146.988 172.86 145.605 144.713 148.046 139.217 167.538 94.9575 91.6463 88.4774 -61.973 243.894 0.911326 -41.5987 265.787 -77.8626 -46.2982 242.35 18.8154 -59.7578 249.364 26.7347 -71.7457 256.306 21.8625 -62.1451 292.724 11.6159 14.8704 11.697 98.3995 
147.378 172.861 145.447 145.023 148.393 139.589 167.687 94.4608 91.0821 87.8656 -62.0718 244.771 0.562445 -42.1273 266.579 -77.8552 -46.9088 243.855 18.8929 -60.3865 250.8 26.7625 -72.4323 257.641 21.8254 -62.7699 293.771 11.5711 14.9175 11.7146 98.3657 
147.727 172.767 145.428 145.236 148.648 139.873 167.676 93.9644 90.5282 87.3389 -62.343 245.436 0.557641 -42.6817 266.783 -77.6371 -47.4877 245.289 18.9038 -61.0247 252.128 26.6657 -73.1639 258.853 21.7249 -63.5348 294.795 11.4829 14.9331 11.6601 97.8937 
147.853 172.801 145.658 145.19 148.514 140.165 167.351 93.7576 90.3688 87.2059 -63.3558 245.796 0.477178 -43.6012 266.54 -77.4977 -48.6191 246.15 18.7617 -62.1663 253.106 26.413 -74.315 259.89 21.461 -64.2352 295.618 11.2385 14.8524 11.5486 97.3843 
148.072 172.898 145.808 145.44 148.614 140.584 166.83 93.19 90.0097 86.6958 -65.3633 246.853 -0.509716 -45.2039 267.231 -77.7377 -50.9653 247.912 18.139 -64.3429 254.804 25.5771 -76.4847 261.7 20.4439 -65.7856 297.084 10.4874 14.8902 11.4645 97.0274 
148.256 172.661 145.833 145.26 148.242 140.935 166.076 93.3557 90.4322 87.0107 -66.2971 247.618 -1.56671 -46.1714 268.462 -78.0616 -52.4762 248.295 17.5441 -65.713 255.258 24.9424 -77.7411 262.47 19.7681 -66.294 297.822 10.1984 14.8071 11.34 97.1302 
148.697 172.277 146 145.196 147.949 141.336 165.463 93.6655 91.0005 87.4317 -67.1499 248.54 -2.56197 -47.2421 270.312 -78.6323 -53.78 248.808 16.9117 -66.9484 255.706 24.3005 -78.884 263.192 19.1178 -67.0282 298.739 9.95 14.7602 11.1571 97.403 
149.124 172.025 145.991 145.272 147.888 141.634 165.308 93.8275 91.2868 87.5391 -67.5714 249.39 -3.38566 -47.9245 272.19 -79.0684 -54.6625 249.459 16.4712 -67.8243 256.167 23.8176 -79.7019 263.779 18.5825 -67.7883 299.565 9.81479 14.8108 11.0347 97.6864 
149.373 172.041 145.981 145.351 147.887 141.677 165.508 93.7514 91.2028 87.3514 -68.1068 250.164 -3.99608 -48.4046 273.565 -79.3939 -55.3335 250.175 16.1328 -68.5592 256.733 23.4291 -80.4151 264.338 18.1479 -68.5691 300.23 9.71037 14.88 10.9704 97.8105 
149.472 171.996 145.749 145.193 147.751 141.752 165.763 93.4972 90.8473 86.9427 -68.995 250.571 -4.65995 -48.7787 274.05 -79.4699 -55.9973 250.661 15.7573 -69.2579 257.145 23.0193 -81.1314 264.687 17.7456 -69.312 300.476 9.56567 14.9291 10.9753 97.5849 
149.365 171.992 145.452 144.993 147.583 141.838 166.171 93.1014 90.3642 86.4515 -69.8539 250.36 -5.1265 -49.093 273.581 -79.3492 -56.566 250.882 15.625 -69.8421 257.321 22.8273 -81.7529 264.708 17.5134 -69.9606 300.227 9.42237 14.9648 11.0332 97.3117 
149.144 171.925 145.337 144.898 147.476 141.747 166.074 92.7477 89.9971 86.0799 -70.6634 249.903 -5.36749 -49.6688 273.027 -79.29 -56.7435 250.937 15.3302 -70.0314 257.152 22.5097 -82.0144 264.336 17.2174 -70.6321 299.818 9.17341 15.0568 11.0331 96.9597 
148.933 171.949 145.171 144.948 147.462 141.608 166.08 92.3279 89.7 85.7911 -71.352 249.792 -5.62716 -50.2568 273.414 -79.4957 -56.7995 251.329 14.8451 -70.0861 257.197 22.0743 -82.1638 264.208 16.8696 -71.2841 299.731 8.94413 15.1349 11.0113 96.8536 
149.002 171.716 145.278 145.131 147.537 141.418 166.084 92.2665 89.8124 85.8407 -72.1697 250.318 -5.86431 -51.2621 275.466 -80.0839 -57.187 251.843 14.4167 -70.468 257.37 21.7243 -82.5837 264.378 16.6386 -72.0725 300.136 8.8738 15.186 10.9106 97.5787 
149.02 171.693 145.487 145.353 147.641 141.168 166.26 92.1955 89.9836 85.9737 -73.0401 251.196 -5.9477 -52.2918 277.759 -80.5411 -57.8106 252.56 14.1765 -71.0888 257.817 21.5238 -83.2058 264.889 16.5325 -72.8345 300.842 8.95447 15.1973 10.7854 98.4258 
149.093 171.835 145.663 145.507 147.701 140.968 166.641 92.1903 90.0971 86.0287 -74.0832 252.108 -6.06878 -53.3411 279.587 -80.7862 -58.8061 253.065 14.0659 -72.1032 258.217 21.4167 -84.1831 265.42 16.5094 -73.6125 301.479 9.1633 15.1608 10.6689 99.0269 
149.103 172.026 145.52 145.337 147.52 140.843 167.147 92.2491 90.0995 85.9973 -74.9751 252.393 -5.98213 -54.052 279.64 -80.8245 -59.5562 253.155 14.2251 -72.8711 258.389 21.593 -84.9117 265.606 16.7148 -74.2423 301.627 9.2782 15.1555 10.6605 99.1002 
149.093 172.037 145.217 145.081 147.276 140.845 167.298 92.2572 90.0424 85.8712 -75.4848 251.951 -5.78359 -54.4701 278.7 -80.6311 -60.0835 252.862 14.5345 -73.35 258.181 21.9084 -85.3859 265.351 17.0076 -74.6639 301.258 9.35993 15.1591 10.7118 98.9703 
149.07 171.848 145.069 145.001 147.211 140.87 167.035 92.0717 89.8061 85.6068 -75.9894 251.342 -5.60116 -54.8427 277.328 -80.2489 -60.5662 252.542 14.9286 -73.7549 257.921 22.2503 -85.778 265.017 17.2818 -75.0057 300.681 9.43627 15.2124 10.783 98.774 
149.057 171.498 145.066 144.981 147.203 140.88 166.627 91.9087 89.6327 85.4452 -76.2683 250.503 -5.19894 -55.0473 276.197 -79.9168 -60.4858 252.18 15.3516 -73.602 257.495 22.639 -85.6429 264.43 17.6134 -75.1772 299.979 9.54205 15.3069 10.8552 98.7704 
149.293 171.058 145.28 145.259 147.385 140.887 166.213 91.4681 89.4914 85.3727 -76.5634 250.185 -4.81406 -55.7304 277.35 -80.056 -60.2889 252.489 15.5631 -73.3417 257.297 22.8606 -85.4326 264.021 17.8679 -75.7712 299.749 9.82172 15.4866 10.8003 99.6835 
149.552 170.944 145.526 145.523 147.589 140.925 166.193 91.3105 89.5482 85.5227 -76.4167 250.322 -4.75503 -56.1128 279.023 -80.4555 -59.9436 252.875 15.3929 -72.9936 257.337 22.7943 -85.1236 263.932 17.8806 -76.0563 299.939 9.92033 15.5534 10.7657 100.419 
149.862 171.045 145.784 145.809 147.768 140.915 166.663 91.1967 89.7258 85.7699 -76.378 250.872 -4.73905 -56.7416 281.867 -81.1149 -59.8248 253.45 15.0767 -72.8632 257.48 22.5759 -85.0201 264.023 17.7951 -76.5202 300.457 10.0892 15.5992 10.6682 101.566 
149.974 171.268 146.079 146.023 147.88 140.689 167.147 91.1917 89.9501 86.0258 -76.4745 251.646 -4.42898 -57.524 284.708 -81.5466 -59.9387 254.043 14.8633 -72.9639 257.807 22.5171 -85.1346 264.375 17.8641 -76.9989 301.201 10.3895 15.6113 10.6331 102.576 
150.078 171.534 146.375 146.219 147.928 140.457 167.562 91.1581 90.127 86.2019 -76.9992 252.557 -4.11471 -58.3356 287.307 -81.8245 -60.3107 254.776 14.71 -73.3403 258.336 22.5136 -85.5215 264.95 17.9755 -77.6108 302.079 10.7303 15.6101 10.5905 103.324 
150.162 171.816 146.533 146.344 147.968 140.237 167.919 91.1358 90.2562 86.3472 -77.662 253.554 -3.7227 -59.1471 289.444 -81.8483 -60.9157 255.573 14.7098 -73.9307 259.009 22.6295 -86.1263 265.693 18.2084 -78.2952 303.039 11.1792 15.5832 10.5661 103.726 
150.14 172.048 146.601 146.342 147.965 140.012 168.088 91.0986 90.2427 86.3875 -78.6002 254.744 -3.21474 -60.004 290.907 -81.4115 -61.873 256.471 14.9043 -74.8834 259.96 22.8997 -87.0772 266.75 18.5714 -79.0732 304.142 11.7275 15.5423 10.5904 103.681 
150.001 172.331 146.493 146.159 147.848 139.88 168.438 91.2119 90.2491 86.4569 -79.2618 255.707 -2.71625 -60.7276 291.472 -80.8443 -62.7668 257.087 15.1578 -75.8219 260.775 23.2371 -88.0107 267.651 18.9781 -79.7483 305.052 12.2126 15.4613 10.648 103.27 
149.923 172.549 146.371 145.998 147.778 139.833 168.502 91.2877 90.2386 86.4784 -79.9847 256.679 -2.27952 -61.35 291.731 -80.0998 -63.7116 257.716 15.5567 -76.784 261.563 23.6287 -88.9808 268.533 19.4091 -80.4486 305.894 12.758 15.3877 10.6753 102.732 
149.913 172.65 146.29 145.787 147.651 139.827 168.389 91.5269 90.4848 86.7592 -80.3292 257.455 -1.93704 -61.8653 292.157 -79.4552 -64.3661 258.124 15.7654 -77.464 262.029 23.8496 -89.6554 269.098 19.6889 -81.0014 306.61 13.2417 15.3101 10.6543 102.193 
149.954 172.751 146.139 145.543 147.497 139.897 168.484 91.7668 90.7394 87.016 -80.6165 258.068 -1.78629 -62.4441 292.831 -79.169 -64.8472 258.424 15.9593 -77.9263 262.315 24.041 -90.1058 269.42 19.9314 -81.5108 307.105 13.6348 15.2766 10.6429 102.052 
150.01 172.749 146.112 145.413 147.397 139.851 168.433 91.8015 90.8483 87.1554 -80.9779 258.613 -1.65801 -62.9537 293.618 -78.8131 -65.161 258.784 15.9754 -78.2608 262.585 24.1089 -90.4391 269.704 20.0697 -81.9456 307.535 14.0391 15.2612 10.6303 101.817 
150.03 172.622 146.168 145.337 147.36 139.811 168.315 91.7927 90.9029 87.2798 -81.295 259.071 -1.36385 -63.3764 294.423 -78.367 -65.2858 259.172 16.0333 -78.4037 262.833 24.1988 -90.5845 269.917 20.2314 -82.3408 307.918 14.4997 15.2786 10.6193 101.575 
150.203 172.628 146.221 145.308 147.37 139.912 168.274 91.8005 90.9487 87.353 -81.505 259.642 -1.30951 -63.7796 295.465 -78.1308 -65.4463 259.747 16.085 -78.5813 263.321 24.3243 -90.7676 270.374 20.3884 -82.6806 308.453 14.8819 15.291 10.6375 101.473 
150.227 172.539 146.314 145.328 147.362 139.871 168.269 91.7468 90.9426 87.363 -81.7373 260.111 -1.10438 -64.0351 296.546 -77.8932 -65.4098 260.329 16.0873 -78.5972 263.753 24.4016 -90.8014 270.711 20.481 -83.0014 308.918 15.2165 15.3144 10.6463 101.395 
150.367 172.371 146.438 145.403 147.392 139.888 168.144 91.7226 90.8704 87.3103 -81.9861 260.72 -0.800886 -64.183 297.47 -77.5244 -65.4113 260.972 16.178 -78.6713 264.3 24.5812 -90.8956 271.18 20.7076 -83.347 309.501 15.6055 15.3336 10.6626 101.158 
150.588 172.12 146.831 145.679 147.541 140.063 167.742 91.6278 90.6519 87.1703 -82.7118 261.924 -0.384364 -64.4958 298.76 -76.64 -65.6789 262.191 16.2978 -79.0967 265.437 24.8574 -91.3508 272.224 21.052 -84.065 310.648 16.2329 15.351 10.7099 100.446 
150.639 171.782 147.057 145.859 147.572 140.139 167.559 91.5215 90.4671 87.0156 -83.0668 262.161 0.0661469 -64.5777 299.012 -76.0273 -65.6395 262.665 16.4751 -79.1657 265.824 25.1587 -91.4403 272.464 21.3649 -84.4449 311.001 16.6084 15.3745 10.7583 99.9664 
150.55 171.533 147.313 146.081 147.615 140.069 167.565 91.241 90.1889 86.7536 -83.6324 262.377 0.38808 -64.811 299.351 -75.5655 -65.6927 263.129 16.5365 -79.3007 266.146 25.3344 -91.5952 272.63 21.5224 -84.8702 311.227 16.8825 15.4199 10.8159 99.6605 
150.256 171.326 147.394 146.168 147.625 139.813 167.643 90.886 89.8351 86.4058 -84.1967 262.491 0.720937 -65.1276 299.376 -75.0994 -66.027 263.425 16.617 -79.6777 266.463 25.566 -91.9832 272.838 21.6828 -85.2453 311.335 17.0655 15.4417 10.9815 99.4784 
150.037 171.162 147.437 146.284 147.613 139.622 167.636 90.4211 89.4801 86.0535 -85.0476 262.655 0.683802 -65.5348 299.618 -74.8393 -66.6988 263.802 16.5959 -80.336 266.831 25.6145 -92.6358 273.161 21.6588 -85.6889 311.449 17.1003 15.4641 11.0809 99.5391 
150.057 171.02 147.396 146.407 147.615 139.609 167.509 90.0241 89.1205 85.6829 -85.7827 262.891 0.491876 -65.9393 299.924 -74.7848 -67.4005 264.282 16.561 -81.0123 267.324 25.6073 -93.2997 273.633 21.5964 -86.1718 311.694 17.0528 15.5148 11.1498 99.6279 
150.108 171.184 147.11 146.34 147.523 139.652 167.585 90.0491 89.04 85.48 -86.5624 263.327 0.0698662 -66.4944 300.389 -74.9556 -68.4696 264.465 16.5235 -82.0542 267.686 25.5551 -94.3298 274.118 21.5119 -86.7414 311.981 16.9639 15.4802 11.1925 99.8701 
150.255 171.487 146.866 146.291 147.445 139.754 167.794 89.9964 89.0399 85.4074 -87.1068 263.931 -0.405896 -67.2345 301.552 -75.2778 -69.461 264.924 16.5355 -82.9921 268.186 25.4926 -95.256 274.724 21.4251 -87.335 312.433 16.9079 15.4563 11.1545 100.574 
150.423 171.859 146.66 146.237 147.347 139.77 168.148 89.8218 89.1382 85.4734 -87.7195 264.413 -0.817451 -68.1641 303.019 -75.8199 -70.3321 265.469 16.5251 -83.7571 268.557 25.3078 -95.9792 275.187 21.2322 -87.951 312.831 16.8583 15.5049 10.9844 101.537 
