136.59 174.27 144.069 138.956 174.27 124.513 177.944 71.2576 75.5623 66.9652 8.58679 321.471 85.8858 -19.2432 350.324 6.26719 -0.15279 339.698 111.36 -8.29915 321.609 113.924 -18.3645 317.022 99.5186 -27.3536 349.518 100.211 33.8272 8.58662 134.742 
137.044 174.27 144.111 138.328 177.241 124.408 177.906 71.3288 75.5071 66.4764 8.50776 321.327 85.9611 -18.9566 350.327 6.42905 -0.0887437 339.76 111.368 -8.31155 321.691 113.808 -18.4576 317.945 98.8208 -27.3715 349.598 100.249 35.2385 8.58797 134.306 
137.064 174.27 144.652 138.687 178.778 124.191 177.868 71.0785 75.2267 64.8722 8.25164 320.952 86.1327 -18.7518 350.316 6.72397 -0.227629 339.774 111.294 -8.52886 321.692 113.694 -19.1402 318.315 98.2486 -27.3616 349.594 100.253 36.0672 8.5827 134.147 
137.041 174.27 145.204 139.433 179.273 124.1 177.823 70.7216 75.0445 63.4418 7.94103 320.608 86.328 -18.7298 350.232 6.89892 -0.353257 339.863 111.177 -8.66354 321.803 113.708 -19.77 318.467 97.8564 -27.3255 349.697 100.286 36.5962 8.52511 134.055 
137.497 174.27 145.709 140.034 178.917 124.215 177.826 70.3766 74.9825 62.566 7.6923 319.921 86.5391 -18.8165 349.991 7.06144 -0.433947 339.886 111.049 -8.73836 321.756 113.73 -20.1784 318.477 97.5237 -27.2798 349.705 100.299 37.0754 8.5213 134.083 
137.613 174.27 145.953 139.774 179.447 124.221 177.813 70.3755 74.9721 62.3212 7.68603 319.485 86.8847 -18.9255 349.678 7.20047 -0.388529 339.87 111.052 -8.73762 321.888 113.767 -20.327 318.536 97.3497 -27.2841 349.753 100.352 37.3705 8.41016 133.877 
137.882 174.27 145.913 139.532 176.034 124.34 177.846 70.3876 74.9748 62.6444 7.76641 319.155 87.1625 -19.1396 349.664 7.18893 -0.25803 339.721 110.954 -8.68735 321.95 113.777 -20.261 318.579 97.2423 -27.3001 349.79 100.42 37.6026 8.1607 133.664 
138.386 174.27 146.112 138.906 173.647 124.464 177.913 70.5307 74.9 62.7759 7.6884 318.842 87.3252 -19.4494 349.701 7.21141 -0.169263 339.732 111.033 -8.67517 322.025 113.769 -20.2242 318.741 97.4055 -27.3117 349.78 100.444 37.5356 8.15661 133.912 
138.767 174.27 146.17 138.489 174.412 124.561 177.945 70.5983 74.8282 62.9507 7.64023 318.646 87.3312 -19.7231 349.581 7.17876 -0.175686 339.695 111.1 -8.76508 321.946 113.765 -20.2297 318.805 97.605 -27.3219 349.744 100.461 37.4443 8.28486 134.194 
138.853 174.27 146.517 139.458 173.887 124.543 178.026 70.5678 74.7846 62.8813 7.64804 318.465 87.4085 -20.0893 349.705 6.90544 -0.176372 339.541 111.088 -8.81339 321.808 113.865 -20.3759 318.172 97.708 -27.2933 349.627 100.438 37.0819 8.22697 134.712 
139.01 174.27 146.56 139.857 174.52 124.533 178.057 70.6106 74.8592 63.0326 7.73083 318.352 87.3953 -20.272 349.607 6.73547 -0.159808 339.441 111.06 -8.78221 321.742 113.929 -20.359 317.754 97.7583 -27.2944 349.523 100.384 36.8519 8.18481 134.922 
139.295 174.27 146.341 139.588 174.058 124.567 178.073 70.7539 74.9236 63.4647 7.87974 318.326 87.328 -20.2908 349.49 6.5702 -0.0819931 339.406 111.068 -8.70669 321.805 113.969 -20.1629 317.492 97.8225 -27.3184 349.425 100.347 36.6699 8.07291 134.89 
139.795 174.27 145.869 138.28 171.998 124.661 178.066 71.2679 74.993 64.8563 8.20073 318.533 87.0587 -20.0259 349.529 6.42703 0.066947 339.4 111.27 -8.60644 321.991 113.902 -19.5343 317.969 98.2174 -27.3499 349.416 100.309 36.3041 8.10397 134.687 
140.224 174.27 145.056 135.81 167.617 124.671 178.058 71.6411 74.9703 66.45 8.56363 318.678 86.7199 -19.8667 349.635 6.19847 0.172959 339.239 111.256 -8.54721 322.077 113.583 -18.9085 318.339 98.4534 -27.4207 349.282 100.199 35.9364 8.12488 134.417 
140.93 174.27 144.27 132.648 162.703 124.717 178.064 72.0781 74.832 67.4057 8.79889 318.82 86.3619 -19.8033 349.717 5.88947 0.328428 339.073 111.284 -8.52536 322.178 113.229 -18.5491 318.634 98.5862 -27.494 349.165 100.136 35.7288 8.18426 134.164 
141.311 174.27 144.221 130.217 160.852 124.626 178.102 72.2105 74.3075 66.6102 8.82209 319.075 86.1979 -20.1485 349.814 5.55707 0.333267 338.945 111.281 -8.81582 322.297 112.975 -18.9322 318.624 98.7275 -27.562 349.136 100.123 35.5124 8.15069 134.329 
141.313 174.27 144.343 127.234 159.41 124.516 178.14 72.2416 73.69 65.5648 8.82074 319.265 86.0885 -20.7165 349.881 5.27722 0.261879 338.905 111.235 -9.19312 322.387 112.529 -19.4552 318.473 98.7291 -27.6148 349.122 100.034 35.1771 8.30124 134.762 
141.053 174.27 144.543 124.07 160.912 124.388 178.177 72.1831 72.914 64.7814 8.82939 319.631 85.9414 -21.4212 350.162 4.95418 0.146272 339.003 111.134 -9.6187 322.599 111.971 -19.7718 318.284 98.7193 -27.655 349.213 99.9043 34.7276 8.5187 135.396 
140.99 174.27 144.908 120.651 162.14 124.386 178.241 71.912 72.1403 64.3403 8.83782 319.98 85.8796 -22.2646 350.747 4.79681 0.0240746 339.2 110.963 -10.0177 322.857 111.413 -19.9478 318.12 98.7596 -27.6888 349.395 99.8623 34.2383 8.7288 136.093 
141.275 177.473 144.848 116.08 161.531 124.345 178.989 72.007 71.5537 64.8243 8.95728 320.125 85.6867 -22.1939 351.232 4.36634 0.109628 338.938 110.763 -10.3237 322.805 110.686 -19.7663 317.963 98.6594 -27.7634 349.302 99.7819 33.9622 8.8585 135.903 
142.414 178.354 144.247 108.362 160.518 124.459 179.111 72.4598 70.9165 66.0323 9.2858 320.207 85.1024 -21.8567 351.395 3.5738 0.436229 338.442 110.484 -10.6563 322.513 109.45 -19.2685 317.955 98.7024 -27.8244 349.065 99.5432 33.3146 9.28742 135.39 
143.459 177.471 143.499 104.878 161.948 124.68 178.851 72.9388 70.7378 66.2373 9.75667 320.448 84.7443 -21.7472 351.517 3.06083 0.62011 338.002 110.446 -10.817 322.368 108.999 -19.175 317.95 98.7914 -27.9012 348.94 99.4505 33.0293 9.38459 135.131 
143.853 177.611 143.637 103.293 167.756 125.047 178.888 73.0108 70.2609 65.4099 10.4331 320.835 84.4742 -21.5789 351.478 2.90677 0.619535 337.829 110.426 -11.0738 322.292 108.701 -19.3601 317.857 98.8159 -27.8988 348.828 99.3566 32.8509 9.47663 135.191 
144.678 178.245 143.257 102.98 175.249 125.887 179.118 72.9117 69.7609 64.4452 11.1622 321.337 83.9868 -21.18 351.326 2.6715 0.583858 337.926 110.435 -11.3181 322.407 108.822 -19.463 317.994 98.9119 -27.8138 348.743 99.3047 33.2043 9.21503 135.276 
144.279 179.47 145.148 115.72 167.449 126.14 179.701 71.938 68.0365 62.1565 12.4931 323.706 84.0232 -20.4443 351.481 2.45534 0.785449 338.823 110.727 -10.8408 322.335 110.69 -18.7845 318.111 101.032 -27.7343 348.016 99.8229 33.2519 7.66775 135.522 
145.344 177.598 143.574 126.865 165.305 127.55 178.914 71.5821 69.0482 61.8541 13.5345 324.712 83.4407 -19.7955 352.02 2.27492 0.790057 338.379 110.468 -9.95158 322.133 112.238 -18.4283 319.095 101.595 -27.5413 347.858 99.8205 34.515 6.3395 135.39 
146.412 177.704 142.605 131.838 174.27 129.367 178.932 71.4288 70.3116 64.3299 14.6801 325.837 82.4095 -19.5834 352.369 2.14581 0.773397 337.73 110.074 -9.23266 322.181 113.051 -17.2733 319.53 102.028 -27.4233 347.825 99.6508 34.5784 5.46551 135.193 
147.266 179.307 143.954 138.086 174.27 129.812 179.448 70.7415 69.8736 66.9337 15.6669 327.977 82.2152 -19.4064 352.52 2.45841 0.841168 338.371 110.109 -8.70988 322.504 113.938 -15.5271 320.087 104.294 -27.3135 347.736 99.8973 33.0726 4.69618 135.283 
147.29 178.811 146.277 144.127 174.27 130.389 179.505 70.1953 69.4381 71.5628 16.6831 330.392 82.1748 -19.9371 352.07 3.09775 0.966529 338.855 110.242 -7.98248 323.163 114.717 -12.8882 319.835 106.759 -27.2235 347.656 100.223 30.6105 4.27449 135.508 
147.361 178.344 148.324 149.448 179.17 131.142 179.418 70.3657 69.9225 75.6578 17.4499 332.587 82.0969 -19.3134 352.05 3.55722 1.32996 338.651 110.425 -6.97479 323.909 115.512 -10.9298 319.252 109.25 -27.2189 347.571 100.533 27.3483 4.37985 134.511 
146.274 177.882 150.056 153.333 170.029 131.987 179.324 70.7433 70.7015 77.4839 17.9755 334.45 81.8992 -18.6108 352.16 3.82649 1.81559 338.155 110.419 -5.97962 324.521 115.94 -10.2237 318.583 111.192 -27.1543 347.525 100.651 23.9678 5.1444 133.425 
143.204 177.406 151.35 155.431 163.038 132.359 179.213 71.3314 71.7624 79.0442 18.4319 336.157 82.1507 -18.0879 352.118 4.23088 2.41877 337.663 110.427 -5.01466 325.097 116.279 -9.78559 318.022 112.634 -27.0827 347.601 100.772 21.1494 6.1101 132.408 
138.253 176.376 152.398 156.789 157.011 132.783 178.976 71.8287 72.6778 79.9134 18.4351 337.086 82.534 -17.5556 351.947 4.59561 2.93001 337.196 110.428 -4.16608 325.564 116.466 -9.54807 317.576 113.477 -26.9249 347.68 100.793 19.1084 7.09417 131.679 
132.82 174.008 153.426 157.542 151.262 133.059 178.429 71.8904 73.1685 80.6052 18.7008 338.321 83.0989 -17.2033 351.555 5.31618 3.10542 337.019 110.523 -3.59708 326.078 116.68 -9.3403 317.317 114.293 -26.7425 347.734 100.837 17.5388 7.94201 131.547 
127.814 174.27 154.284 158.07 146.276 133.492 179.021 71.9904 73.5759 80.4812 18.8359 339.57 83.6044 -16.9202 350.434 5.92686 3.20369 336.919 110.717 -3.13973 326.555 116.922 -9.27004 317.079 114.644 -26.605 347.76 100.899 16.6123 8.67738 131.19 
124.022 174.27 154.711 158.376 142.107 134.477 179.042 72.1746 73.8955 79.679 19.101 340.654 83.814 -16.6779 349.551 6.05783 3.4589 336.608 110.797 -2.71946 326.776 117.072 -9.35282 316.799 114.58 -26.42 347.745 100.914 16.2308 9.23654 130.868 
118.516 174.27 155.662 158.933 137.676 135.463 179.107 72.4245 74.3685 78.5436 19.5547 342.446 84.3257 -15.9501 348.565 6.33662 3.83179 336.602 111.098 -1.99268 327.494 117.436 -9.21689 317.061 114.721 -26.0698 347.814 100.961 15.853 10.0735 130.472 
116.099 174.27 155.865 158.635 136.968 135.88 179.102 72.3899 74.5248 77.0983 19.9734 343.449 84.6465 -15.78 347.819 6.3785 3.95209 336.705 111.336 -1.71327 327.771 117.708 -9.31328 317.061 114.442 -25.8656 347.757 101.003 16.2454 10.2929 130.753 
113.999 174.27 155.976 158.661 136.065 136.44 179.135 72.3197 74.6508 75.6702 20.3123 344.492 84.7993 -15.8975 347.139 6.32257 4.10465 336.842 111.482 -1.43674 328.045 117.969 -9.4543 316.861 114.184 -25.6474 347.801 101.054 16.5527 10.4209 131.138 
111.937 174.27 156.186 158.756 135.527 137.012 179.113 72.1383 74.7086 74.4588 21.042 345.924 84.9628 -15.953 346.322 6.32827 4.20058 337.033 111.667 -1.1907 328.287 118.273 -9.47793 316.677 114.074 -25.3753 347.761 101.07 16.8686 10.485 131.742 
110.348 174.27 156.436 158.811 136.086 137.602 179.189 71.991 74.6254 73.4796 21.416 347.247 84.9286 -16.1504 345.486 6.17542 4.22904 337.236 111.832 -1.03915 328.441 118.474 -9.51902 316.702 114.199 -25.208 347.644 101.084 16.9157 10.4756 132.225 
108.599 174.27 156.338 159.053 136.435 138.014 179.179 71.8677 74.608 72.7101 21.6637 348.111 84.9579 -16.1481 344.352 5.96394 4.33133 337.271 111.902 -0.897001 328.411 118.686 -9.55579 316.473 114.285 -24.9772 347.542 101.051 17.0566 10.3489 132.492 
107.583 174.829 156.732 159.306 137.369 138.566 178.701 71.7178 74.3713 72.0864 21.898 349.103 84.784 -15.9738 343.804 5.55996 4.38718 337.602 112.041 -0.804774 328.607 118.854 -9.4695 316.636 114.492 -24.7745 347.565 101.037 17.1593 10.2137 132.841 
107.024 177.284 157.285 159.47 138.17 139.258 179.084 71.5542 74.0969 71.827 22.2511 350.25 84.4794 -16.0003 343.145 5.40008 4.44807 338.252 112.238 -0.653028 328.999 119.02 -9.15147 317.074 114.776 -24.5484 347.753 101.067 17.2692 10.0272 133.253 
106.658 177.948 157.175 159.518 136.617 139.409 179.16 71.4509 74.167 71.0728 22.5313 350.873 84.3008 -16.1982 342.767 5.24418 4.58577 338.737 112.299 -0.371017 329.288 119.215 -9.06745 316.969 114.738 -24.3639 347.932 101.088 17.431 9.83967 133.61 
106.322 179.225 157.129 159.614 134.397 139.45 179.147 71.3285 74.0987 69.5852 22.6432 350.912 84.1868 -16.1829 342.374 5.09176 4.6552 339.071 112.293 -0.206998 329.449 119.271 -9.35543 316.54 114.37 -24.1895 348.041 101.028 17.6899 9.69795 133.849 
106.411 179.818 156.905 159.723 132.129 139.212 179.02 71.0481 73.8501 68.0731 22.5144 350.511 84.0531 -16.2577 342.098 5.0098 4.64319 339.494 112.232 -0.115776 329.673 119.274 -9.64822 316.245 113.98 -24.0232 348.191 100.974 18.0811 9.55825 134.208 
106.719 178.405 156.614 159.527 131.327 139.416 178.785 71.122 73.9001 67.911 22.6319 350.555 83.7723 -16.0867 342.155 4.71005 4.87297 339.524 112.063 0.0886931 329.683 119.125 -9.54558 316.068 113.607 -23.9141 348.291 100.855 18.3572 9.50737 133.954 
107.025 177.902 156.407 159.289 130.402 139.549 178.721 71.1461 73.9244 68.0997 22.8304 350.907 83.4197 -16.2223 341.993 4.27027 5.04255 339.493 111.823 0.239595 329.596 118.908 -9.35147 315.891 113.291 -23.8271 348.34 100.671 18.5812 9.42988 133.907 
107.528 177.935 156.309 158.958 131.756 139.456 178.789 71.0251 73.6205 67.9237 22.7424 350.506 83.1161 -16.2899 342.154 3.78049 5.14691 339.646 111.561 0.303686 329.646 118.545 -9.32726 316.434 113.309 -23.7195 348.472 100.468 18.1251 9.38674 133.974 
107.882 177.738 155.969 158.473 132.681 139.373 178.763 70.9267 73.3582 68.3967 22.6587 350.258 82.845 -16.1984 342.444 3.416 5.30489 339.828 111.266 0.461578 329.72 118.155 -8.89023 316.872 113.238 -23.5545 348.587 100.244 17.9546 9.35206 133.969 
109.295 177.932 155.328 157.875 132.753 139.158 178.846 71.0251 73.4414 69.0496 22.6272 349.793 82.4287 -15.9364 342.863 3.14498 5.64198 339.986 111.023 0.835283 329.843 117.905 -8.27134 317.139 113.07 -23.3727 348.68 100.063 17.9912 9.32802 133.754 
110.432 178.606 154.703 157.083 132.741 139.29 179.046 70.9215 73.4353 69.8823 22.9857 349.992 81.8806 -15.8674 343.088 2.87367 5.9202 340.485 110.809 1.31011 330.203 117.703 -7.41273 317.654 113.228 -23.1613 348.739 99.8907 17.7753 9.29882 133.952 
112.953 178.465 153.831 156.3 134.246 139.887 179.029 71.1374 73.4954 70.676 23.1491 349.395 81.2145 -15.1001 343.611 2.68094 6.39694 340.699 110.598 1.79634 330.363 117.39 -6.68412 318.22 113.332 -22.9362 348.762 99.6817 17.386 9.28283 133.497 
115.233 179.006 153.134 155.538 135.345 140.245 179.184 71.1964 73.5557 71.6774 23.2382 348.589 80.7051 -14.6621 344.225 2.44501 6.7609 340.898 110.322 2.15989 330.522 117.068 -6.09106 318.927 113.424 -22.7524 348.877 99.5011 17.1491 9.26987 133.269 
119.218 179.462 152.472 155.044 136.956 140.679 179.283 71.3169 73.6032 72.2606 23.2742 347.399 80.0406 -13.9138 345.18 2.34397 7.15299 341.16 110.043 2.42933 330.736 116.702 -5.84214 319.7 113.379 -22.5771 349.166 99.3256 16.9064 9.21079 132.778 
122.67 179.252 151.904 154.483 137.819 141.74 179.429 71.544 73.7973 72.9359 23.4932 347.004 79.1728 -13.2683 346.079 2.38136 7.51246 341.171 109.805 2.64809 330.761 116.356 -5.62752 320.117 113.194 -22.4479 349.263 99.1355 16.7651 9.20039 132.378 
126.833 177.134 151.5 153.846 138.76 142.802 179.23 71.9943 74.146 73.6153 23.523 346.55 78.081 -12.5243 347.034 2.26602 7.96486 341.017 109.578 2.88256 330.715 116.026 -5.43942 320.373 112.959 -22.3354 349.245 98.8814 16.6033 9.20987 131.878 
130.977 175.226 150.922 153.251 139.606 143.802 178.756 72.4782 74.6664 74.3258 23.6241 346.451 77.0683 -12.0178 347.672 2.16124 8.50334 340.836 109.294 3.19785 330.606 115.724 -5.31065 320.517 112.725 -22.2468 349.205 98.6625 16.3828 9.14258 131.346 
135.668 174.27 150.211 152.931 140.545 144.642 178.774 72.7242 75.0054 74.9578 23.6754 346.077 76.1773 -11.4556 347.991 2.29231 8.87893 340.885 109.074 3.42539 330.689 115.509 -5.1876 320.921 112.604 -22.109 349.356 98.496 16.2882 9.09023 130.857 
139.744 174.27 149.777 152.452 141.088 145.106 178.733 73.2022 75.5021 75.6557 23.7067 345.848 75.3711 -10.4572 348.573 2.23198 9.38856 340.572 108.818 3.71306 330.507 115.228 -4.99353 320.938 112.276 -21.9774 349.327 98.263 16.2316 9.09294 130.01 
145.598 174.27 149.266 151.938 142.011 145.557 178.689 73.9856 76.223 76.5361 23.934 345.349 74.4432 -8.81604 349.414 2.23485 10.0863 340.067 108.579 4.08278 330.281 114.947 -4.75257 321.004 111.865 -21.7496 349.232 97.9245 16.2169 9.19181 128.789 
146.814 174.27 149.307 152.042 142.097 145.518 178.693 74.2282 76.631 76.7932 24.4244 345.404 74.3351 -8.0691 349.699 2.36068 10.2524 339.667 108.423 4.1164 330.056 114.805 -4.88106 320.813 111.457 -21.6487 349.241 97.6995 16.2516 9.28127 128.374 
147.926 174.27 149.343 152.032 142.237 145.478 178.674 74.4694 77.0175 77.1233 24.7227 345.237 74.3325 -7.45661 349.556 2.4561 10.3459 339.223 108.311 4.08176 329.768 114.71 -5.04833 320.553 111.198 -21.598 349.203 97.4928 16.1981 9.34467 127.987 
148.292 174.27 149.075 151.733 142.243 145.408 178.668 74.722 77.521 77.6328 25.0207 345.329 74.4162 -7.03144 349.272 2.7062 10.5265 338.849 108.107 4.16896 329.522 114.561 -5.10808 320.243 110.875 -21.582 349.155 97.3128 16.0892 9.38611 127.489 
148.208 174.27 148.958 151.674 142.33 145.317 178.682 74.7893 77.8518 78.0388 25.3097 345.523 74.5504 -6.92984 349.116 2.90188 10.5711 338.738 107.936 4.20946 329.447 114.451 -5.14402 320.107 110.661 -21.5908 349.197 97.1935 16.0108 9.38685 127.282 
147.036 174.27 149.454 151.439 142.248 145.006 178.702 75.1256 78.3802 78.4791 25.4416 346.118 74.6428 -6.85684 348.937 3.03118 10.5842 338.796 108.097 4.2879 329.562 114.624 -5.06616 320.055 110.676 -21.6185 349.251 97.0857 15.9261 9.42935 127.347 
145.945 174.27 149.879 151.332 142.24 145.15 178.718 75.4163 78.7392 78.5524 25.7024 346.677 74.6879 -6.82308 348.768 3.01927 10.5483 338.645 108.194 4.26238 329.534 114.701 -5.17695 319.887 110.566 -21.6575 349.228 96.9454 15.8777 9.53111 127.438 
144.813 174.27 150.481 151.357 142.067 145.095 178.728 75.6437 79.0037 78.4846 25.6689 346.937 74.7467 -6.97371 348.689 3.01328 10.4223 338.684 108.265 4.15112 329.657 114.738 -5.39713 319.884 110.421 -21.7664 349.316 96.8194 15.8705 9.60334 127.559 
144.151 174.27 150.883 151.389 142.185 144.796 178.724 75.8352 79.2126 78.4782 25.4711 346.858 74.8122 -6.96072 348.597 3.01794 10.2832 338.728 108.344 4.03842 329.776 114.775 -5.59196 319.987 110.371 -21.8708 349.407 96.7357 15.8608 9.67746 127.501 
144.028 174.27 151.016 151.226 142.131 144.278 178.712 75.9078 79.2935 78.5632 25.0139 346.603 74.7613 -7.08617 348.504 2.96567 10.0872 338.878 108.317 3.87224 329.975 114.73 -5.77872 320.233 110.379 -22.0261 349.584 96.6468 15.8252 9.73171 127.408 
143.468 174.27 151.457 151.329 142.129 143.544 178.709 75.7703 79.0897 78.4267 24.4149 346.172 74.7664 -7.30305 348.307 2.73651 9.73578 339.051 108.331 3.61623 330.113 114.647 -5.93164 320.392 110.36 -22.1598 349.616 96.5196 15.8646 9.78087 127.675 
141.841 174.27 151.739 151.299 141.675 142.937 178.705 75.78 79.0959 78.4081 24.2018 346.371 74.997 -7.89974 347.989 2.52671 9.47375 339.171 108.388 3.44284 330.241 114.679 -6.05041 320.376 110.387 -22.3398 349.625 96.4633 15.8405 9.82894 128.072 
140.666 174.27 151.836 151.41 141.205 142.497 178.687 75.6084 78.9638 78.214 23.5803 346.355 75.0305 -8.58892 347.659 2.22913 9.10615 339.246 108.343 3.23241 330.308 114.644 -6.21541 320.279 110.411 -22.5806 349.554 96.4392 15.7938 9.89822 128.416 
139.374 174.27 152.152 151.682 141.004 142.054 178.644 75.6471 79.0224 77.9607 23.4922 346.762 75.1593 -9.40877 347.379 1.80792 8.74867 339.146 108.348 2.95817 330.298 114.68 -6.51533 320.06 110.322 -22.9092 349.404 96.3841 15.84 10.0003 128.81 
137.966 174.27 152.367 152.104 140.975 141.635 178.602 75.9917 79.2394 77.6054 23.3224 347.687 75.1591 -10.1709 347.045 1.43746 8.57121 339.075 108.528 2.78946 330.279 114.864 -6.77886 319.887 110.273 -23.1949 349.278 96.3899 15.9732 10.0083 129.107 
136.436 174.27 152.214 152.706 140.622 141.478 178.594 76.4422 79.8027 77.4375 23.5351 349.069 75.18 -11.2595 346.371 1.14227 8.56192 338.832 108.722 2.83783 330.057 115.19 -6.88768 319.302 110.189 -23.4594 349.064 96.4629 16.1451 9.93315 129.496 
133.938 177.756 152.661 153.751 140.095 141.654 178.655 76.7346 80.1779 77.0845 23.6185 351.01 75.4422 -10.939 344.874 1.36224 8.16915 338.696 109.099 2.51193 329.962 115.701 -7.28348 318.73 110.216 -23.9721 348.779 96.6955 16.4948 9.89514 128.563 
132.821 177.461 152.777 154.206 140.277 142.249 178.567 77.0156 80.3872 76.8887 23.3816 352.119 75.4451 -11.2739 344.467 1.56404 8.16022 338.432 109.2 2.42629 329.731 115.835 -7.5122 318.4 110.155 -24.2127 348.524 96.8093 16.5616 9.85754 128.355 
131.973 176.845 153.038 154.76 140.209 142.7 178.407 76.955 80.3107 76.5856 23.0277 352.383 75.4901 -11.5164 343.978 1.71766 8.07703 338.383 109.253 2.29227 329.691 115.986 -7.7644 318.374 110.254 -24.3791 348.512 96.9674 16.654 9.80326 128.147 
132.481 176.254 153.33 155.33 140.23 143.073 178.248 76.8841 80.1443 76.1755 22.8269 352.388 75.4198 -11.8458 343.673 1.81186 7.9522 338.453 109.419 2.13622 329.742 116.21 -7.97929 318.441 110.437 -24.4963 348.546 97.1587 16.7761 9.74451 128.206 
134.373 176.224 153.68 156.025 140.341 143.329 178.244 76.3539 79.5465 75.3665 22.5625 351.556 75.1712 -11.9969 343.299 2.00268 7.5946 338.596 109.522 1.84029 329.779 116.303 -8.34437 318.592 110.632 -24.556 348.539 97.3347 16.8442 9.71185 128.411 
136.412 177.052 154.05 156.42 140.292 143.709 178.497 76.0209 79.1623 74.9245 22.3424 351.04 75.0016 -11.9953 343.224 2.19774 7.36485 338.725 109.708 1.66236 329.824 116.486 -8.44466 318.686 110.86 -24.6109 348.449 97.5139 16.9381 9.686 128.631 
138.204 176.233 153.943 156.404 140.239 144.236 178.847 75.7615 78.8039 74.7222 21.9559 350.801 74.8585 -12.4101 344.448 2.2566 7.25112 338.857 109.827 1.56274 329.869 116.57 -8.42116 318.811 111.025 -24.6775 348.334 97.732 16.9797 9.66939 129.362 
139.336 177.428 153.539 156.242 140.306 144.696 179.149 75.5532 78.4884 74.6355 21.6791 350.794 74.7005 -11.6687 344.717 2.47449 7.19299 338.907 109.852 1.51098 329.854 116.577 -8.33871 318.836 111.158 -24.7371 348.144 97.8842 16.9527 9.66107 128.823 
139.564 177.692 153.22 156.157 140.236 144.879 179.192 75.3625 78.3751 74.6452 21.5776 351.167 74.6156 -11.5549 344.601 2.68685 7.14361 338.843 109.863 1.51111 329.734 116.661 -8.22779 318.748 111.281 -24.7848 347.887 98.0063 16.9928 9.63044 128.699 
138.622 176.041 152.913 155.961 140.079 145.073 178.811 74.9709 78.0099 74.428 21.2909 351.52 74.6596 -11.6859 344.308 3.14138 7.00188 338.775 109.894 1.41995 329.594 116.737 -8.17345 318.637 111.439 -24.7916 347.606 98.157 17.057 9.61428 128.882 
137.764 175.959 153.057 155.857 139.998 145.671 178.783 74.4738 77.5088 74.0993 21.1131 351.881 74.6377 -11.4928 343.893 3.52019 6.70406 338.938 110.054 1.26493 329.612 116.875 -8.12937 318.672 111.712 -24.7691 347.412 98.3164 17.1339 9.58966 129.061 
137.424 177.056 153.291 155.783 139.801 146.681 178.977 73.9166 76.968 73.8327 20.9995 352.057 74.5158 -11.2872 343.558 3.81992 6.39507 339.156 110.194 1.1692 329.66 116.96 -7.9504 318.718 111.917 -24.7335 347.214 98.4829 17.2736 9.59252 129.245 
137.519 178.946 153.623 155.709 139.493 147.676 179.143 73.3196 76.3743 73.5183 21.0407 352.048 74.3847 -11.1133 343.224 4.04798 6.09078 339.463 110.33 1.07636 329.81 117.04 -7.74636 318.788 112.097 -24.6943 347.064 98.6645 17.4159 9.61679 129.423 
137.834 179.107 153.826 155.325 139.08 148.471 179.011 72.8044 75.8988 73.5919 21.0359 351.642 74.2255 -10.9955 342.757 4.23292 5.88689 339.732 110.41 1.07831 329.898 117.077 -7.39828 318.897 112.37 -24.6448 346.872 98.8174 17.436 9.60294 129.512 
138.435 177.039 154.127 155.125 138.927 149.03 178.629 72.3109 75.5202 73.713 21.1245 351.437 74.034 -10.8839 342.233 4.31759 5.67683 340.073 110.493 1.11985 330.094 117.176 -6.96835 319.091 112.679 -24.5544 346.698 98.9187 17.4832 9.60826 129.716 
138.758 175.33 154.354 154.874 138.894 149.29 178.213 72.0198 75.2845 73.8409 21.2846 351.59 73.929 -10.7033 341.74 4.49503 5.51359 340.511 110.673 1.14957 330.429 117.391 -6.59822 319.393 113.04 -24.4881 346.634 99.0346 17.5448 9.5948 129.841 
138.773 172.973 154.445 154.74 139.127 149.989 177.539 71.6694 75 73.8558 21.7775 351.513 73.7211 -10.3574 340.693 4.3817 5.64851 340.601 110.525 1.41553 330.412 117.332 -6.12355 319.395 113.163 -24.2167 346.407 98.9884 17.5896 9.52733 129.694 
139.062 172.111 154.518 154.67 139.535 150.193 177.277 71.77 74.9833 73.8043 22.0887 350.889 73.7772 -10.2432 340.185 4.34399 5.84129 340.405 110.566 1.57317 330.214 117.348 -6.02425 319.212 113.283 -24.0654 346.268 98.9994 17.5022 9.5063 129.595 
139.543 171.432 154.571 154.574 139.915 149.864 177.058 71.99 75.0357 73.7254 22.1728 349.905 73.8273 -10.0246 339.782 4.48302 6.01088 340.24 110.661 1.68678 330.043 117.382 -5.99367 319.054 113.394 -23.9291 346.174 98.9605 17.3904 9.4794 129.482 
140.432 170.86 154.48 154.485 140.131 149.692 176.815 72.0672 74.9792 73.697 22.3193 349.135 73.7943 -10.0029 339.466 4.28502 6.22621 340.073 110.561 1.83941 329.902 117.285 -5.88863 318.949 113.451 -23.8044 346.131 98.9025 17.2568 9.46388 129.313 
141.237 169.992 154.488 154.512 140.4 149.633 176.528 71.9848 74.689 73.5964 22.5091 348.46 73.8438 -9.79104 339.326 4.23262 6.3286 340.116 110.472 1.86872 329.904 117.131 -5.84375 318.992 113.48 -23.7 346.209 98.8576 17.1511 9.43488 129.132 
141.584 169.43 154.528 154.308 140.442 149.481 176.294 71.9408 74.4565 73.59 22.5902 347.796 73.8876 -9.51765 339.287 4.23962 6.41034 340.266 110.406 1.90158 329.972 116.964 -5.77346 319.152 113.495 -23.6008 346.316 98.7759 17.0562 9.39335 129.003 
141.831 169.191 154.01 153.976 140.528 149.177 176.212 72.1699 74.6041 73.6405 22.5007 347.028 73.9525 -9.31605 339.289 4.20177 6.61875 340.051 110.305 1.99297 329.783 116.839 -5.84629 319.035 113.414 -23.5722 346.362 98.6793 16.9332 9.3564 128.656 
142.269 169.553 153.523 153.72 140.882 148.502 176.337 72.5268 74.8357 73.6825 22.4655 346.433 74.0584 -9.11219 339.404 4.07439 6.87713 339.745 110.22 2.04949 329.54 116.727 -6.02689 318.886 113.309 -23.5592 346.396 98.5595 16.7754 9.30852 128.284 
142.58 169.367 153.628 153.988 141.334 147.794 176.272 72.8868 74.9385 73.6397 22.4869 345.866 74.226 -8.92125 339.32 3.99496 7.05171 339.528 110.253 1.97623 329.317 116.7 -6.25716 318.767 113.253 -23.5739 346.491 98.4454 16.7379 9.17977 128.045 
141.879 169.615 153.843 154.321 141.386 147.314 176.358 72.9522 75.0308 73.5843 22.5282 346.273 74.264 -9.0545 339.284 3.91952 7.0787 339.458 110.244 1.97852 329.256 116.729 -6.27567 318.621 113.189 -23.5553 346.514 98.3786 16.7666 9.14476 128.221 
142.006 169.507 153.86 154.604 141.779 146.898 176.32 73.1096 75.0255 73.5329 22.4395 346.089 74.216 -9.06564 339.338 3.83914 7.14118 339.238 110.12 1.89006 329.074 116.579 -6.43217 318.483 113.015 -23.5661 346.599 98.2164 16.7596 9.10755 128.118 
141.942 169.503 154.118 155.092 142.027 146.544 176.318 73.288 75.1485 73.4085 22.5181 346.254 74.1781 -9.10126 339.233 3.74637 7.0986 339.192 110.104 1.74434 329.038 116.589 -6.66126 318.404 112.884 -23.6182 346.762 98.059 16.8346 9.02857 128.16 
142.193 170.156 154.244 155.383 142.324 146.192 176.579 73.4965 75.2425 73.318 22.3407 346.216 74.0712 -9.16934 339.453 3.6062 7.01897 339.128 110.046 1.52949 329.022 116.507 -6.9521 318.424 112.663 -23.7268 346.967 97.8666 16.9272 8.99926 128.195 
142.691 171.262 154.375 155.316 142.523 145.684 176.944 73.8127 75.5339 73.3875 22.2446 346.569 73.7986 -9.20732 340.106 3.38175 7.02557 339.169 110.012 1.45178 329.116 116.441 -7.10523 318.508 112.418 -23.8034 347.176 97.6584 16.9543 8.99625 128.3 
142.769 172.289 154.144 155.187 142.659 145.122 177.318 74.2224 76.0418 73.609 22.1155 347.204 73.5538 -9.434 340.792 3.07708 7.10417 339.139 109.87 1.39496 329.217 116.372 -7.34745 318.592 112.131 -23.9194 347.508 97.459 16.9587 8.98319 128.251 
143.125 172.983 154.106 155.256 142.922 144.857 177.563 74.5366 76.4251 73.6661 22.1914 348.061 73.3872 -9.53367 341.66 2.85978 7.06243 339.22 109.767 1.19099 329.453 116.316 -7.78012 318.908 111.881 -24.0582 347.972 97.2992 16.9629 9.00718 128.178 
143.013 175.151 153.781 155.264 142.843 144.584 178.195 74.6889 76.7129 73.7809 22.2175 349.154 73.2358 -9.76197 342.799 2.71128 6.93764 339.59 109.683 1.01696 329.888 116.334 -8.00172 319.272 111.738 -24.2029 348.423 97.1876 16.9798 8.99384 128.419 
142.804 177.232 153.636 154.94 142.772 144.462 178.68 74.9543 76.9688 74.019 22.1641 350.44 72.953 -10.0256 344.214 2.50355 6.86281 340.029 109.649 0.904135 330.364 116.266 -8.0883 319.77 111.539 -24.3371 348.866 97.0591 17.0397 9.0177 128.768 
142.672 177.819 153.725 154.827 142.754 144.705 178.809 75.1723 77.2608 74.2059 22.337 351.45 72.8053 -10.332 345.327 2.05202 6.85643 340.214 109.521 0.86828 330.648 116.118 -8.19871 320.036 111.235 -24.4215 349.22 96.8897 17.0583 9.09652 129.097 
142.197 178.154 153.613 154.627 142.656 144.742 178.876 75.3557 77.6228 74.4343 22.5687 352.43 72.7835 -10.3895 346.291 1.63962 6.86371 340.064 109.335 0.833375 330.66 115.979 -8.35696 320.027 110.919 -24.5109 349.394 96.7378 17.0684 9.20369 129.168 
141.546 178.265 153.186 154.522 142.476 144.994 178.886 75.6048 78.1323 74.6805 22.9338 353.17 72.9927 -10.2267 347.008 1.31323 6.92505 339.723 109.169 0.80675 330.475 115.904 -8.62716 319.83 110.614 -24.5993 349.428 96.6092 17.0614 9.25499 129.123 
140.622 178.059 153.213 154.674 142.392 145.381 178.818 75.7799 78.447 74.8314 23.377 353.871 73.2517 -10.1628 347.237 1.06762 6.89365 339.466 109.145 0.735455 330.3 115.898 -8.83599 319.655 110.469 -24.6364 349.388 96.5008 17.0544 9.28084 129.294 
139.632 176.117 153.546 154.92 142.321 145.743 178.225 75.7254 78.5124 74.9006 23.7558 354.582 73.4883 -9.98755 347.451 0.841689 6.77396 339.357 109.124 0.630559 330.256 115.878 -8.97042 319.597 110.381 -24.6395 349.374 96.4255 17.0873 9.34466 129.489 
138.679 173.808 154.048 155.215 142.292 146.246 177.488 75.5878 78.4905 74.9715 24.0172 355.24 73.6263 -10.0658 347.229 0.732653 6.61835 339.392 109.101 0.530157 330.329 115.843 -9.05242 319.65 110.307 -24.6445 349.423 96.374 17.1458 9.41527 129.661 
137.957 173.054 154.361 155.284 142.166 146.82 177.242 75.5162 78.4997 75.0952 24.2176 355.759 73.8159 -9.99463 347.268 0.700739 6.54654 339.524 109.177 0.507607 330.477 115.875 -9.04227 319.788 110.325 -24.6221 349.508 96.3955 17.1539 9.47587 129.812 
136.794 172.579 154.585 155.215 141.921 147.823 177.085 75.406 78.5447 75.3211 24.3623 357.003 74.0655 -9.90961 347.155 0.939695 6.47293 339.778 109.367 0.54643 330.745 116.072 -8.88819 319.947 110.524 -24.6153 349.555 96.5711 17.1331 9.55524 129.847 
135.82 172.272 154.976 155.33 141.985 148.311 176.987 75.1875 78.2782 75.3487 24.1227 357.228 74.1537 -9.83349 347.119 1.035 6.39743 339.971 109.371 0.545896 330.896 115.99 -8.77943 320.127 110.579 -24.5804 349.597 96.6221 17.1054 9.60897 129.878 
135.085 172.339 155.104 155.463 141.94 148.685 177.005 75.026 78.0911 75.2549 24.0059 357.513 74.2731 -9.79369 346.985 1.19157 6.35647 340.127 109.426 0.532444 331.01 116.009 -8.73838 320.235 110.639 -24.5467 349.649 96.7115 17.1246 9.61188 129.883 
134.562 171.978 154.809 155.417 141.932 149.261 176.909 75.0038 78.1005 75.3437 23.7904 357.911 74.3102 -9.63297 346.881 1.41043 6.47103 340.249 109.441 0.653172 331.129 116.067 -8.58087 320.306 110.746 -24.5021 349.709 96.8348 17.0635 9.60145 129.575 
133.934 171.679 154.79 155.523 141.843 149.904 176.76 74.6086 77.6838 75.081 23.6688 358.199 74.3164 -9.50107 346.646 1.59508 6.3327 340.521 109.323 0.560069 331.379 115.964 -8.60218 320.556 110.795 -24.5035 349.817 96.8963 17.0333 9.64147 129.318 
133.186 171.636 154.527 155.382 141.84 150.336 176.633 74.4485 77.5407 75.034 23.5701 358.383 74.3791 -9.29996 346.595 1.68009 6.3513 340.544 109.179 0.577981 331.423 115.852 -8.57407 320.596 110.749 -24.4908 349.839 96.9084 16.9961 9.67491 128.983 
132.702 171.632 154.196 155.207 141.854 150.599 176.61 74.4233 77.5693 75.0898 23.6171 358.683 74.5248 -9.2464 346.717 1.80295 6.40807 340.463 109.117 0.566602 331.397 115.836 -8.63447 320.552 110.72 -24.4824 349.928 96.952 16.9329 9.69008 128.784 
131.607 171.8 154.275 155.089 141.942 150.693 176.434 74.4257 77.5253 75.0884 23.2988 358.497 74.7262 -8.97246 346.827 1.87907 6.4362 340.425 109.159 0.522999 331.382 115.879 -8.67029 320.56 110.78 -24.4441 350.022 97.0021 16.8691 9.68954 128.551 
131.517 171.841 154.391 155.219 141.999 150.769 176.244 74.2055 77.2415 74.9447 22.9921 357.937 74.7769 -8.68759 346.913 1.96183 6.41884 340.429 109.095 0.437998 331.378 115.801 -8.76147 320.627 110.818 -24.3825 350.124 97.0496 16.7786 9.68536 128.329 
131.608 171.952 154.552 155.337 142.184 150.245 176.216 74.0907 77.0613 74.8873 22.5634 357.068 74.7555 -8.40515 347.16 2.02924 6.41249 340.532 109.093 0.386839 331.433 115.757 -8.80221 320.791 110.874 -24.3032 350.267 97.0464 16.7049 9.64958 128.281 
131.877 171.875 154.515 155.358 142.221 149.325 176.223 74.118 77.0545 74.9638 22.5328 355.962 74.9021 -8.21914 347.427 1.99995 6.47922 340.523 109.093 0.383233 331.428 115.722 -8.83761 320.883 110.867 -24.2317 350.414 97.0073 16.6591 9.6326 128.291 
132.194 171.874 154.433 155.144 142.199 148.54 176.251 74.2231 77.1368 75.0806 22.6488 355.547 74.9901 -7.98435 347.821 2.03974 6.61823 340.621 109.112 0.484438 331.496 115.679 -8.74183 320.988 110.827 -24.1246 350.557 96.9579 16.5861 9.60709 128.305 
132.294 171.88 154.257 154.824 142.353 147.486 176.337 74.4397 77.256 75.2573 22.4946 354.672 75.1357 -7.67077 348.363 2.04713 6.76208 340.642 109.157 0.541841 331.535 115.604 -8.76834 321.163 110.786 -24.0383 350.742 96.9084 16.4677 9.61902 128.243 
132.661 171.92 154.057 154.514 142.28 146.704 176.308 74.6159 77.3904 75.6253 22.3671 353.868 75.1678 -7.36828 348.757 1.98717 6.91611 340.675 109.132 0.64811 331.547 115.505 -8.6368 321.237 110.755 -23.9568 350.877 96.8262 16.3418 9.59361 128.123 
132.783 172.057 153.856 154.209 142.167 146.094 176.477 74.7894 77.5441 75.9747 22.3189 353.423 75.212 -7.28847 349.142 1.99771 6.99846 340.827 109.176 0.754417 331.648 115.477 -8.48507 321.417 110.807 -23.9163 350.994 96.7721 16.2541 9.5678 128.215 
132.677 172.12 153.718 154.12 142.066 145.581 176.664 74.7798 77.4931 76.14 22.1879 353.057 75.2898 -7.2314 349.49 2.01943 7.04277 340.994 109.123 0.808002 331.764 115.374 -8.37922 321.589 110.802 -23.882 351.141 96.7411 16.2136 9.54412 128.253 
132.794 172.251 153.418 153.687 142.073 144.779 176.914 74.8568 77.6107 76.3918 21.9533 352.951 75.3682 -7.05261 350.163 2.14381 7.07524 341.279 109.179 0.863441 332.018 115.385 -8.30064 321.904 110.881 -23.8766 351.4 96.7538 16.116 9.54312 128.269 
132.296 172.228 153.269 153.538 141.961 144.384 176.764 74.8078 77.5285 76.4826 22.015 353.21 75.4181 -7.1013 350.271 2.06869 7.10787 341.373 109.047 0.944914 332.048 115.166 -8.16876 321.974 110.752 -23.8206 351.402 96.6537 16.0588 9.55069 128.344 
131.941 172.519 152.873 153.327 141.81 143.99 176.964 74.8643 77.5942 76.6598 21.894 353.264 75.4259 -7.18273 350.514 2.02049 7.13966 341.412 108.983 0.983897 332.111 115.1 -8.0828 322.063 110.709 -23.8037 351.48 96.592 16.0552 9.57685 128.427 
132.086 172.621 152.437 153.19 141.812 143.411 176.973 74.9161 77.6859 76.7877 21.6321 352.564 75.4246 -7.16578 350.446 2.04191 7.23201 341.187 108.85 1.0198 331.954 114.982 -8.10984 321.967 110.589 -23.7489 351.508 96.5282 16.0184 9.6074 128.278 
132.57 172.829 152.337 153.251 141.697 142.997 177.02 75.0934 77.9359 76.9715 21.5602 352.044 75.4674 -7.30148 349.893 2.20788 7.39148 340.977 108.827 1.11528 331.811 115.009 -8.10308 321.85 110.536 -23.6902 351.561 96.5216 16.0263 9.59587 128.063 
132.869 174.515 152.212 153.3 141.503 142.628 177.536 75.2813 78.1846 77.0049 21.4911 351.725 75.486 -7.63981 349.737 2.2365 7.48731 340.883 108.867 1.16435 331.776 115.118 -8.13933 321.794 110.526 -23.6515 351.631 96.5238 16.0494 9.57768 128.205 
133.353 175.013 151.915 153.322 141.457 142.25 177.685 75.4977 78.4327 77.039 21.4005 351.241 75.586 -7.53592 349.771 2.31463 7.67836 340.777 108.903 1.24576 331.745 115.227 -8.22584 321.847 110.575 -23.5718 351.768 96.5824 16.0185 9.54433 127.995 
133.755 175.237 151.815 153.551 141.211 141.515 177.761 75.7863 78.7243 77.084 21.0533 350.432 75.7512 -7.53419 349.743 2.38607 7.88728 340.763 109.076 1.35349 331.772 115.465 -8.23051 321.886 110.643 -23.4635 351.991 96.6879 16.0858 9.47168 127.898 
134.559 174.929 151.237 153.336 140.976 140.902 177.698 76.1551 79.2094 77.4503 20.9459 349.726 75.8381 -7.44226 349.68 2.38938 8.21758 340.502 109.12 1.63008 331.575 115.601 -8.05722 321.711 110.678 -23.3145 352.057 96.7463 16.0377 9.43363 127.572 
135.529 175.436 150.691 153.128 140.901 140.261 177.866 76.5013 79.5109 77.7026 20.8059 348.763 75.9364 -7.31982 349.655 2.35647 8.50058 340.126 109.178 1.78166 331.273 115.686 -8.00814 321.541 110.715 -23.152 352.059 96.7878 16.0159 9.39498 127.373 
137.545 176.239 150.216 152.953 140.941 138.959 178.123 76.7804 79.76 77.8956 20.0783 346.938 75.8532 -7.01746 349.578 2.39698 8.77217 339.827 109.154 1.95134 331.012 115.697 -7.92628 321.465 110.727 -22.9866 352.043 96.768 16.0006 9.34073 126.991 
140.527 176.644 149.745 152.712 141.025 137.729 178.209 77.039 79.9686 78.0188 19.818 345.306 75.9219 -6.60362 349.911 2.46218 8.94819 339.637 109.199 2.03119 330.838 115.73 -7.92511 321.524 110.737 -22.8482 352.065 96.7548 16.0082 9.29976 126.761 
143.881 174.539 149.361 152.594 140.941 137.018 178.395 77.3177 80.203 78.08 19.8285 344.025 76.0583 -7.43887 350.922 2.41946 9.15332 339.415 109.31 2.14325 330.672 115.806 -7.95691 321.57 110.756 -22.7053 352.078 96.8099 16.0169 9.30024 127.724 
146.088 174.27 148.945 152.389 141.025 136.421 178.56 77.5115 80.4319 78.1849 20.3076 343.071 76.5269 -6.99328 351.113 2.75173 9.36258 339.423 109.379 2.31858 330.702 115.816 -7.96256 321.813 110.766 -22.5594 352.17 96.8432 15.9398 9.32045 127.448 
148.525 174.27 148.25 151.698 141.114 136.436 178.53 77.8192 80.7332 78.5866 20.8229 342.75 76.8024 -6.31188 351.789 3.15348 9.71083 339.614 109.508 2.6017 330.95 115.875 -7.76354 322.214 110.877 -22.4302 352.374 96.9661 15.8112 9.37612 127 
150.27 174.27 147.452 151.064 141.083 136.535 178.528 78.0547 81.1314 78.9443 21.5418 342.77 77.1185 -5.87557 352.461 3.45095 10.0358 339.804 109.508 2.91911 331.207 115.875 -7.60631 322.544 110.827 -22.3098 352.626 97.0162 15.7033 9.4449 126.709 
151.791 174.27 146.862 150.64 141.289 136.602 178.541 78.1207 81.3847 79.3216 22.2412 342.689 77.5289 -5.71601 353.006 3.71522 10.3088 339.957 109.453 3.18827 331.402 115.84 -7.46715 322.798 110.826 -22.1827 352.883 97.0893 15.5487 9.49006 126.594 
152.756 174.27 146.577 150.423 141.478 136.808 178.565 78.046 81.5117 79.5547 22.9237 342.949 77.9063 -5.67197 353.489 3.92456 10.4702 340.211 109.446 3.37291 331.673 115.846 -7.39027 323.062 110.828 -22.0892 353.169 97.1847 15.4427 9.52989 126.672 
153.182 174.27 146.526 150.254 141.867 136.827 178.545 77.9308 81.5674 79.4635 23.4776 343.672 78.1571 -5.37495 353.813 4.25649 10.6377 340.497 109.462 3.51667 331.948 115.84 -7.44467 323.267 110.741 -21.9597 353.533 97.2906 15.2473 9.54427 126.457 
153.474 174.27 146.031 149.781 142.024 137.201 178.55 77.8889 81.7156 79.7999 24.09 344.543 78.226 -5.05559 354.204 4.38976 10.8086 340.687 109.368 3.71805 332.167 115.774 -7.28168 323.325 110.695 -21.8687 353.731 97.2793 15.0378 9.60354 126.31 
153.286 174.27 145.873 149.659 142.15 137.469 178.558 77.8479 81.8694 79.9144 24.6021 345.288 78.3212 -4.71556 354.468 4.49094 10.9443 340.912 109.281 3.884 332.387 115.749 -7.19945 323.461 110.62 -21.7888 353.953 97.2391 14.9718 9.59613 126.176 
153.316 174.27 146.022 149.741 142.293 137.807 178.572 77.6609 81.8793 79.8991 24.8874 345.835 78.2685 -4.38336 354.891 4.5778 11.013 341.174 109.162 3.98828 332.626 115.707 -7.11392 323.618 110.5 -21.7136 354.174 97.2094 14.9921 9.5903 126.095 
153.649 174.27 146.434 149.923 142.364 138.059 178.57 77.3292 81.6819 79.5808 24.8573 346.195 78.065 -4.39595 355.202 4.73536 11.0753 341.354 108.972 4.06237 332.795 115.512 -7.15302 323.716 110.176 -21.5924 354.44 97.198 14.9842 9.63041 126.121 
154.235 174.27 146.247 149.897 142.439 138.565 178.582 77.116 81.6636 79.5839 25.0944 346.541 77.8206 -4.19606 355.431 4.69549 11.1586 341.395 108.665 4.1764 332.834 115.292 -7.08321 323.645 109.912 -21.5177 354.527 97.0715 14.9464 9.64404 125.985 
154.403 174.27 146.06 149.935 142.392 139.215 178.602 76.9653 81.7222 79.4028 25.3737 346.959 77.5585 -4.17863 355.363 4.598 11.2282 341.337 108.347 4.28017 332.804 115.127 -7.09369 323.503 109.635 -21.4809 354.564 96.9137 14.9815 9.64603 125.89 
153.828 174.27 145.931 150.251 141.965 141.009 178.604 76.3886 81.4231 78.8019 26.3105 348.3 76.8484 -3.73501 355.567 4.4618 11.1085 341.581 107.826 4.30524 333.011 114.753 -7.09488 323.521 109.043 -21.3944 354.677 96.5207 15.2041 9.68372 125.952 
153.853 174.27 146.308 150.634 141.469 142.387 178.619 75.7978 80.8868 78.2086 26.8774 349.397 76.2315 -3.72964 355.923 4.24817 10.9376 342.016 107.466 4.26772 333.316 114.426 -7.00607 323.723 108.665 -21.3422 354.705 96.2666 15.4362 9.66839 126.338 
153.572 174.27 146.635 150.874 140.918 143.767 178.66 75.3557 80.5606 77.7791 27.4085 350.698 75.6374 -3.90243 356.336 4.05736 10.8238 342.624 107.325 4.32045 333.769 114.377 -6.78782 324.013 108.546 -21.3231 354.784 96.1433 15.6527 9.61117 126.879 
153.91 174.27 147.12 151.057 140.755 144.872 178.712 74.8097 80.0469 77.3853 27.7309 351.917 75.1193 -4.00087 357.15 3.86426 10.6848 343.434 107.199 4.36668 334.429 114.296 -6.43192 324.529 108.475 -21.2693 354.971 96.0636 15.8773 9.61228 127.416 
154.063 174.27 147.613 151.341 140.426 145.547 178.778 74.3982 79.5841 76.8205 27.8822 352.695 74.7913 -4.30006 357.987 3.57597 10.618 344.119 107.045 4.42826 334.985 114.162 -6.16333 324.914 108.26 -21.2335 355.156 95.9836 16.1122 9.59854 127.947 
154.152 174.27 148.003 151.658 140.239 146.082 178.831 74.0743 79.2164 76.3195 27.9693 353.358 74.4211 -4.45104 358.655 3.29596 10.5321 344.586 106.885 4.41578 335.37 114.03 -6.03004 325.159 108.051 -21.2029 355.288 95.8445 16.2715 9.59261 128.4 
154.442 174.27 148.241 151.982 139.897 146.577 178.88 73.8671 78.9928 75.7803 28.1092 354.139 74.0386 -4.57865 359.109 3.14697 10.4984 344.993 106.884 4.39759 335.712 114.104 -5.99164 325.327 107.954 -21.1709 355.436 95.8223 16.4584 9.53907 128.8 
154.7 174.27 147.747 152.141 139.62 147.059 178.911 73.8238 79.0753 75.3438 28.2978 354.961 73.76 -4.45443 359.497 3.13891 10.5583 345.301 106.893 4.45556 335.968 114.282 -6.03347 325.434 107.93 -21.1433 355.559 95.837 16.5636 9.43958 128.914 
154.784 174.27 147.877 152.239 139.441 147.547 178.941 73.664 78.9566 75.1184 28.5203 355.657 73.6034 -4.19026 359.984 3.14049 10.4377 345.815 107.059 4.41717 336.387 114.478 -5.92531 325.831 108.101 -21.0931 355.707 95.8459 16.6842 9.38073 129.256 
155.231 174.27 148.34 152.307 139.241 147.812 178.964 73.4751 78.7214 74.9259 28.5982 356.07 73.4522 -3.8992 360.288 3.17623 10.2459 346.206 107.225 4.32201 336.711 114.614 -5.80466 326.191 108.292 -21.0551 355.751 95.831 16.8166 9.37415 129.561 
155.463 174.27 148.469 152.317 139.162 147.933 178.958 73.3166 78.5666 74.8206 28.7501 356.561 73.3754 -3.56461 360.514 3.36519 10.1259 346.537 107.368 4.24965 336.989 114.781 -5.74301 326.504 108.512 -21.017 355.821 95.8825 16.8981 9.34308 129.661 
155.948 174.27 148.183 152.221 139.156 147.83 178.95 73.2118 78.4476 74.8667 28.8788 356.92 73.3232 -3.25364 360.718 3.49529 10.1259 346.837 107.406 4.25623 337.21 114.83 -5.6198 326.781 108.632 -20.962 355.896 95.898 16.9445 9.27458 129.652 
156.149 174.27 147.878 152.186 139.001 147.588 178.907 73.1358 78.4045 74.8081 28.8816 357.261 73.3063 -3.06044 360.909 3.7262 10.1661 347.063 107.4 4.30359 337.365 114.871 -5.53333 326.922 108.635 -20.9284 355.95 95.9395 17.0327 9.20098 129.564 
156.001 174.27 147.924 152.36 139.116 147.371 178.883 73.0021 78.2328 74.7122 28.7007 357.497 73.2854 -2.91572 361.045 3.87736 10.0977 347.228 107.42 4.26851 337.482 114.871 -5.49173 327.074 108.67 -20.8999 356.014 95.9753 17.1008 9.18239 129.554 
155.763 174.27 147.967 152.541 139.282 147.392 178.851 72.9327 78.1335 74.6318 28.7005 357.7 73.3037 -2.79691 360.956 3.9883 10.076 347.2 107.432 4.26248 337.443 114.885 -5.44853 327.014 108.679 -20.8688 355.961 95.978 17.1477 9.18091 129.557 
155.943 174.27 147.677 152.588 139.443 147.399 178.797 72.9911 78.2099 74.6923 28.7957 357.837 73.3608 -2.46984 360.89 4.22961 10.0944 347.144 107.481 4.25204 337.401 114.95 -5.49149 327.02 108.716 -20.8571 355.922 96.0037 17.1798 9.17158 129.348 
155.805 174.27 148.007 152.608 139.631 147.529 178.724 72.9747 78.1367 74.7309 29.1192 358.452 73.4561 -2.1456 360.804 4.60656 9.93066 347.286 107.805 4.12062 337.511 115.174 -5.54226 327.16 108.974 -20.8484 355.925 96.1268 17.2213 9.1687 129.467 
155.803 174.27 148.445 152.77 139.755 147.552 178.662 72.9462 78.0955 74.8532 29.211 358.671 73.5535 -2.23734 360.673 4.7975 9.79861 347.453 107.987 4.04321 337.696 115.304 -5.55868 327.367 109.17 -20.862 356.016 96.2135 17.2331 9.2135 129.654 
156.029 174.27 148.774 152.907 139.768 147.574 178.618 72.9536 78.0958 74.8914 29.184 358.695 73.6229 -2.02215 360.582 5.07364 9.71054 347.593 108.164 4.01336 337.879 115.465 -5.51108 327.526 109.31 -20.859 356.059 96.3089 17.3205 9.27924 129.524 
155.92 174.27 149.533 153.032 139.976 147.328 178.526 72.893 77.9263 74.6636 29.101 358.807 73.7218 -2.12068 360.46 5.36234 9.59739 347.745 108.442 3.90441 338.085 115.58 -5.63384 327.832 109.341 -20.7935 356.217 96.4543 17.4592 9.40494 129.776 
155.882 174.27 150.165 153.34 139.999 147.505 178.426 72.8114 77.888 74.7526 29.2324 359.036 73.8014 -2.01949 360.325 5.64679 9.53477 347.873 108.588 3.86365 338.223 115.707 -5.62241 327.926 109.45 -20.7631 356.329 96.5401 17.511 9.42314 129.851 
156.099 174.27 149.853 153.355 139.795 147.683 178.364 72.9131 78.0072 74.9089 29.3274 358.996 73.9016 -2.11263 360.129 5.75786 9.60939 347.846 108.585 3.90047 338.205 115.715 -5.64355 327.924 109.453 -20.7628 356.421 96.5767 17.5051 9.38592 129.774 
156.494 174.27 149.773 153.412 139.697 147.459 178.33 73.0257 78.1064 75.0524 29.1554 358.548 74.0313 -2.19058 360.128 5.86452 9.60239 347.87 108.597 3.84322 338.302 115.741 -5.73811 328.091 109.473 -20.8321 356.615 96.6157 17.5463 9.41385 129.609 
156.563 174.27 149.777 153.549 139.777 147.462 178.322 73.0176 78.0803 74.9936 29.0221 358.46 74.1036 -2.31272 360.087 5.92054 9.5597 347.951 108.587 3.77021 338.43 115.754 -5.85221 328.204 109.465 -20.9073 356.821 96.6702 17.5793 9.43398 129.459 
156.43 174.27 149.805 153.521 139.924 147.544 178.345 72.9228 77.9856 75.0734 28.9095 358.66 74.1949 -2.23605 360.133 6.05332 9.35151 348.308 108.733 3.59365 338.778 115.912 -5.92234 328.554 109.716 -21.0376 357.042 96.7726 17.5709 9.44198 129.363 
156.331 174.27 150.319 153.573 140.101 147.448 178.445 72.684 77.656 75.0873 28.5956 358.805 74.2776 -2.06848 360.444 6.07579 9.0166 348.89 108.832 3.32361 339.348 115.963 -5.99721 329.229 109.956 -21.2141 357.433 96.8548 17.6378 9.4975 129.161 
156.572 174.27 150.393 153.372 139.845 147.277 178.603 72.5359 77.554 75.2734 28.1666 359.039 74.2668 -2.19918 360.809 5.85301 8.76697 349.416 108.821 3.15837 339.879 116.006 -6.00979 329.799 110.146 -21.4543 357.82 96.9303 17.6642 9.53216 128.956 
156.796 174.27 150.539 153.137 139.504 147.09 178.765 72.4047 77.39 75.4456 27.5347 359.049 74.2225 -2.61404 360.985 5.37006 8.5564 349.824 108.723 3.01113 340.32 115.964 -5.9654 330.245 110.277 -21.7099 358.152 96.9699 17.6976 9.58176 128.827 
156.196 174.27 151.069 152.988 139.284 146.73 178.85 72.1544 77.0576 75.5726 26.8126 359.283 74.0803 -3.13012 361.339 4.77027 8.14148 350.413 108.68 2.72542 340.902 115.879 -5.95673 330.857 110.403 -21.9822 358.528 96.9706 17.7687 9.6663 129.02 
155.797 174.27 151.383 152.781 139.221 146.233 178.878 72.1844 76.9343 75.8625 26.084 359.721 73.8439 -4.29654 361.756 4.11213 7.85409 350.856 108.729 2.47918 341.337 115.861 -5.97446 331.234 110.529 -22.3076 358.918 97.0158 17.7514 9.69343 129.639 
155.131 174.27 151.937 152.821 138.981 145.778 178.891 72.0687 76.7592 76.1373 25.3256 360.394 73.3962 -5.48558 362.225 3.49117 7.52395 351.385 108.651 2.27004 341.808 115.777 -5.8447 331.578 110.582 -22.5945 359.3 96.982 17.7576 9.69207 130.268 
154.51 174.27 152.199 152.933 138.625 145.463 178.853 72.2143 76.8016 76.2935 24.5989 361.078 73.0953 -6.72879 362.833 2.80803 7.39831 351.742 108.52 2.11164 342.123 115.635 -5.90035 331.82 110.433 -22.9017 359.689 96.9468 17.7517 9.62925 130.704 
153.367 174.27 152.384 152.841 137.928 145.471 178.79 72.3488 76.8732 76.6511 24.1555 361.844 72.9272 -7.89574 363.281 2.0939 7.14923 352.126 108.537 1.89597 342.401 115.626 -5.86841 332.035 110.475 -23.1825 359.998 96.8937 17.7395 9.52349 131.416 
152.546 174.27 152.453 152.69 137.256 145.662 178.729 72.352 76.9307 77.07 23.6879 362.782 72.7063 -8.94063 363.982 1.51688 6.81672 352.494 108.521 1.61904 342.647 115.674 -5.80771 332.278 110.554 -23.5039 360.208 96.8601 17.7911 9.40696 132.059 
151.388 174.27 152.613 152.423 136.541 146.171 178.678 72.0534 76.7595 77.6703 23.0424 363.739 72.5351 -9.78304 364.653 1.18314 6.23853 353.124 108.531 1.22727 343.131 115.714 -5.66141 332.831 110.769 -23.8404 360.536 96.8829 17.8747 9.36073 132.623 
151.215 174.27 152.432 151.868 135.683 146.904 178.65 71.8296 76.7054 78.5699 22.8026 364.689 72.3598 -10.4239 365.075 1.01591 5.68564 353.964 108.574 0.862149 343.825 115.797 -5.40503 333.675 111.019 -24.1547 360.955 96.8584 18.0479 9.30249 133.077 
151.429 174.27 152.299 151.353 134.839 147.692 178.655 71.6878 76.8286 79.3919 22.7141 365.491 72.2281 -10.8698 364.924 0.987762 5.11144 354.623 108.659 0.488736 344.369 115.962 -5.30356 334.38 111.333 -24.4956 361.201 96.8012 18.1583 9.2388 133.405 
151.334 174.27 152.28 151.116 134.286 148.276 178.664 71.647 76.9748 80.0806 22.6096 365.898 72.1024 -11.3309 364.22 0.928847 4.64173 354.938 108.646 0.168823 344.632 116.037 -5.21083 334.85 111.514 -24.8092 361.197 96.678 18.3495 9.20002 133.552 
151.249 174.27 152.05 150.654 133.835 148.65 178.795 71.7788 77.2545 80.8798 22.3037 366.233 72.0019 -11.4299 363.823 1.17927 4.16486 355.166 108.672 -0.188666 344.828 116.118 -5.25046 335.263 111.725 -25.2115 361.08 96.5633 18.4645 9.16609 133.401 
150.963 174.27 151.624 150.168 133.617 149.468 178.882 71.7034 77.2279 81.8101 21.9084 366.22 71.8991 -11.3249 363.561 1.48808 3.58845 355.509 108.597 -0.655483 345.16 116.021 -5.25307 335.938 111.87 -25.5644 361.103 96.4093 18.6525 9.21673 133.139 
150.801 174.27 151.82 149.923 133.751 150.372 178.9 71.625 77.2139 82.7751 21.5436 365.841 71.7903 -11.5005 362.626 1.66329 2.96471 355.712 108.612 -1.18008 345.503 116.054 -5.40027 336.606 112.237 -25.9682 361.139 96.3186 18.7435 9.38623 132.928 
