169.931 151.796 159.77 159.985 161.295 164.256 125.629 137.272 138.262 130.913 9.69198 237.936 -42.7006 17.3557 227.742 -43.3427 35.2693 216.043 -49.6965 48.6373 217.213 -34.978 56.6032 231.149 -15.7422 35.4811 289.049 -10.3304 6.43374 1.65818 10.2817 
170.268 151.333 160.063 160.123 161.362 164.592 124.72 137.85 138.572 130.853 8.39166 238.561 -43.5679 16.0693 228.577 -42.8703 34.2497 216.35 -50.3181 47.3783 217.495 -35.3512 55.2614 231.535 -16.03 34.8091 289.462 -10.7427 6.68041 1.86808 11.1749 
170.503 151.076 160.147 160.058 161.063 164.989 124 137.828 138.313 130.152 7.37119 238.799 -44.3718 15.2714 229.191 -42.8481 33.4966 216.768 -50.8327 46.3184 217.851 -35.5334 54.0924 231.916 -16.054 34.2169 289.572 -10.962 6.97592 2.15567 11.612 
170.434 150.999 160.477 160.2 161.512 165.079 123.306 138.214 138.548 130.511 6.26454 238.34 -44.548 13.627 229.487 -42.3912 32.0521 216.626 -51.5027 44.6896 217.587 -35.9659 52.534 231.479 -16.4548 33.2726 289.357 -11.3907 7.06173 2.37327 12.5703 
170.319 151.344 160.429 160.032 161.601 165.131 123.26 137.593 138.059 130.563 5.52427 237.548 -44.6085 12.7847 229.145 -42.678 30.7796 216.322 -51.2708 43.3624 217.208 -35.8719 51.5439 230.812 -16.6524 32.5004 288.79 -11.6248 6.80465 2.40468 12.2084 
170.356 151.556 160.587 160.173 161.966 165.246 123.186 137.368 138.073 131.183 4.30441 237.271 -44.6455 11.4912 229.306 -42.675 29.1327 216.351 -51.1333 41.9005 217.124 -36.1128 50.5079 230.443 -17.219 31.5637 288.648 -11.8094 6.48263 2.26556 12.1149 
170.356 151.582 160.887 160.721 162.469 165.23 123.211 138.005 139.113 132.552 2.89088 237.316 -44.5497 9.84336 229.629 -42.3486 27.5925 216.205 -51.416 40.631 216.724 -36.7563 49.5349 229.826 -17.9236 30.7346 288.656 -11.923 6.19464 2.04378 12.599 
170.347 151.679 161.452 161.423 163.33 165.174 123.168 139.044 140.477 134.3 1.74952 237.8 -44.9595 8.00262 230.23 -42.0214 26.0244 216.104 -52.2066 39.2443 216.207 -37.9126 48.432 228.888 -19.0327 30.07 288.624 -12.1383 5.90367 1.90402 13.4711 
170.865 151.992 162.419 162.611 164.035 165.662 124.06 140.645 142.15 135.697 0.696411 238.299 -45.7278 7.14742 230.093 -41.7685 25.5992 215.717 -52.9341 39.0259 215.794 -38.9008 48.1214 228.592 -19.7831 29.5039 288.729 -12.4845 5.9149 1.80013 14.1505 
170.911 151.997 162.653 162.889 164.1 165.689 124.206 140.983 142.528 135.903 0.394295 238.55 -46.1115 6.82421 230.155 -41.8873 25.4246 215.718 -53.4359 38.9163 215.73 -39.5438 47.9599 228.511 -20.2533 29.3774 288.719 -12.7446 5.98076 1.789 14.4257 
171.003 152.085 162.635 162.843 163.804 165.81 124.483 140.741 142.225 135.469 0.291715 238.712 -46.4284 6.86408 230.206 -42.3397 25.388 215.97 -53.48 38.88 216.04 -39.6385 47.9364 228.877 -20.3494 29.3439 288.863 -12.9488 6.04252 1.82181 14.0655 
171.076 151.859 162.647 162.86 163.623 165.955 124.338 140.726 142.173 135.215 0.333685 238.681 -46.872 7.01271 230.276 -42.7061 25.6787 216.02 -53.8947 39.1481 216.093 -40.0696 48.1251 228.942 -20.6177 29.4237 288.825 -13.1972 6.0925 1.83856 14.1062 
171.123 151.83 162.713 162.942 163.527 166.045 124.434 140.851 142.233 135.036 0.430301 238.576 -47.0659 7.16448 230.294 -43.024 25.9232 216.096 -54.2255 39.4293 216.232 -40.3749 48.2907 229.187 -20.745 29.4654 288.924 -13.4214 6.2031 1.81476 14.092 
170.998 151.712 162.765 162.927 163.319 165.934 124.32 140.867 142.123 134.64 0.691936 238.521 -47.2942 7.34686 230.374 -43.2269 26.179 216.187 -54.5884 39.5544 216.357 -40.6279 48.2398 229.408 -20.8477 29.5318 288.969 -13.6838 6.42051 1.89499 14.2246 
170.97 151.807 162.681 162.83 163.009 165.835 125.034 140.926 142.034 134.28 1.12088 238.278 -47.3802 7.9129 229.807 -44.13 26.7811 215.825 -54.5194 40.1893 216.227 -40.489 48.7516 229.601 -20.7525 29.7521 288.987 -14.154 6.53176 1.87384 13.3968 
170.923 151.828 162.677 162.91 163.176 165.742 125.264 141.217 142.343 134.606 1.39279 238.222 -47.4253 8.12426 229.613 -44.3969 27.1801 215.657 -54.8568 40.7015 216.073 -40.8151 49.2221 229.482 -21.0028 29.9061 288.959 -14.3123 6.48198 1.78108 13.4246 
170.928 151.697 162.684 163.047 163.37 165.608 125.842 141.718 142.962 135.346 1.73579 238.202 -47.4849 8.48603 229.198 -44.9727 27.8257 215.218 -55.2393 41.5166 215.603 -41.235 50.0007 229.024 -21.378 30.1858 288.83 -14.4513 6.31086 1.62912 13.2131 
170.802 151.529 162.526 162.967 163.409 165.423 125.761 141.631 143.01 135.561 1.96379 238.334 -47.5273 8.6315 229.271 -45.3876 28.1198 215.232 -55.5481 41.8825 215.515 -41.5764 50.3759 228.824 -21.6786 30.3168 288.81 -14.4964 6.16929 1.5521 13.1352 
170.416 151.724 161.51 162.028 162.986 164.654 126.566 140.336 142.071 135.549 3.44235 238.885 -47.7261 9.6413 229.426 -48.602 28.212 215.662 -55.4303 42.4681 215.863 -42.0889 51.5158 228.769 -22.768 30.8176 289.043 -14.9096 5.42799 1.45581 10.2493 
170.243 151.581 161.35 161.935 163.091 164.426 126.34 139.884 141.779 135.725 4.06885 238.843 -47.7862 9.85174 229.766 -48.9589 28.0781 215.975 -55.3972 42.4665 216.092 -42.3852 51.7749 228.763 -23.3705 31.0483 289.143 -15.149 5.21232 1.57236 9.93466 
170.335 151.842 161.042 161.767 163.204 164.455 126.421 139.196 141.271 135.729 4.60825 239.045 -47.9828 10.3432 230.213 -49.1947 27.8452 216.726 -54.7175 42.5685 216.958 -42.3465 52.2565 229.56 -23.9767 31.209 289.708 -15.4923 5.04541 1.82897 9.15524 
170.349 152.014 160.95 161.717 163.251 164.478 126.603 139.072 141.247 135.859 4.80702 239.086 -47.9277 10.548 230.344 -49.4187 27.8539 217.04 -54.6225 42.7292 217.329 -42.4612 52.5007 229.941 -24.2479 31.2129 289.985 -15.5729 5.0071 1.90727 8.84468 
170.581 152.264 160.54 161.205 163.011 164.85 126.623 138.742 140.699 134.829 5.3906 239.142 -48.8001 11.7138 230.324 -48.7513 28.5396 217.935 -54.9092 43.3494 218.631 -42.8317 52.7559 231.692 -24.8152 31.3677 290.772 -16.5913 5.54692 1.91881 9.68494 
170.599 152.375 160.64 161.327 163.127 164.902 126.778 139.044 141.018 135.088 5.25103 239.151 -49.0082 11.3935 230.342 -48.9279 28.3271 217.915 -55.2581 43.1545 218.581 -43.1945 52.5371 231.629 -25.1119 31.2187 290.791 -16.7582 5.56601 1.91404 9.76421 
170.72 152.215 160.833 161.557 163.326 165.08 126.476 139.192 141.199 135.259 5.04547 239.289 -49.3693 11.0894 230.613 -48.8319 28.1432 218.013 -55.4039 42.982 218.715 -43.394 52.3284 231.822 -25.3622 31.036 290.953 -17.0037 5.62219 1.94132 9.97732 
170.849 152.157 161.035 161.722 163.417 165.236 126.31 139.333 141.304 135.264 4.68058 239.507 -49.7777 10.6898 230.857 -48.7019 27.8003 218.132 -55.4398 42.5704 218.873 -43.4439 51.8724 232.062 -25.4573 30.7654 291.104 -17.1886 5.73737 1.96779 10.1218 
170.932 151.978 161.275 161.96 163.514 165.42 125.843 139.514 141.389 135.09 4.31636 239.652 -50.3258 10.1386 231.261 -48.5042 27.451 218.28 -55.8268 42.0169 218.972 -43.7002 51.2173 232.191 -25.5865 30.5101 291.156 -17.4313 5.90553 1.96566 10.6247 
171.015 152.034 161.629 162.367 163.737 165.553 125.475 139.861 141.643 135.045 3.88127 240.176 -50.9713 9.45679 231.987 -48.3641 26.9885 218.704 -56.4693 41.3485 219.286 -44.1928 50.429 232.501 -25.8452 30.2531 291.415 -17.6491 6.11895 1.97065 11.2665 
171.058 151.782 161.906 162.6 163.781 165.684 124.922 140.009 141.621 134.7 3.51571 240.518 -51.5675 8.94632 232.617 -48.1819 26.568 219.095 -57.0068 40.6832 219.631 -44.5711 49.6602 232.861 -26.0557 30.0238 291.606 -17.9351 6.36178 2.02067 11.8707 
171.109 151.662 162.252 162.912 163.926 165.816 124.63 140.328 141.843 134.708 3.17762 240.517 -52.129 8.35771 232.841 -47.8965 25.9744 219.084 -57.357 39.9538 219.569 -44.9468 48.9586 232.764 -26.3465 29.7774 291.493 -18.2219 6.44736 2.11716 12.423 
171.062 151.737 162.524 163.16 163.817 165.824 124.505 140.461 141.713 134.15 2.7225 240.795 -53.2132 7.6496 233.051 -48.0774 25.1163 219.164 -58.0555 38.7887 219.597 -45.4997 47.7647 232.792 -26.7734 29.407 291.353 -18.8359 6.69402 2.2545 12.8573 
171.05 151.92 162.545 163.103 163.743 165.804 124.765 140.305 141.449 134.019 2.6068 240.66 -53.7394 7.53236 232.614 -48.4282 24.5668 218.819 -57.7892 38.2573 219.399 -45.4331 47.4591 232.607 -27.0692 29.1985 291.102 -19.2635 6.57941 2.35522 12.3591 
171.06 152.059 162.395 162.901 163.593 165.805 125.178 140.169 141.208 133.905 2.45542 240.156 -54.1343 7.50691 231.772 -48.8368 24.2246 218.144 -57.5189 37.9173 218.849 -45.2743 47.3093 232.062 -27.2227 28.9998 290.529 -19.6001 6.4502 2.41939 11.8093 
171.171 152.132 162.292 162.713 163.619 165.91 125.525 140.215 141.181 134.034 1.91438 239.75 -54.7238 7.39034 230.844 -49.204 24.1048 217.404 -57.8722 37.8196 218.168 -45.6841 47.3373 231.315 -27.6886 28.7406 289.803 -19.8981 6.27388 2.44215 11.7861 
171.315 151.481 161.902 161.913 162.807 165.87 126.058 139.966 140.553 133.75 0.441127 239.402 -54.9662 8.07553 229.804 -51.4859 25.0624 216.598 -59.2257 38.4851 217.273 -46.491 48.3052 229.982 -27.956 28.5139 288.755 -19.8082 5.55202 2.37039 10.8927 
171.431 154.217 162.283 160.523 159.771 165.499 128.834 139.926 139.293 131.598 -2.80608 239.413 -54.2718 10.2872 228.04 -56.6079 26.5832 215.668 -61.51 40.3969 216.406 -47.6262 50.5682 228.753 -27.8727 28.2828 287.569 -18.9348 4.41079 1.67389 8.30512 
170.02 148.148 159.856 159.164 155.958 163.967 133.042 137.981 136.645 130.955 -7.42505 240.186 -52.6096 11.4881 232.07 -70.6713 27.9546 217.113 -66.2132 43.7597 216.778 -50.4799 53.9268 226.348 -29.5163 27.4728 286.382 -17.3949 2.60304 0.562154 1.081 
168.508 145.549 157.198 155.975 153.76 164.335 133.958 138.438 137.963 130.254 -15.5462 242.882 -51.1185 14.1036 241.629 -82.594 33.4314 225.487 -77.827 51.5669 220.331 -58.1932 60.4548 225.019 -29.1105 26.2858 286.004 -15.4825 6.99402 4.90668 3.54294 
169.159 155.823 159.433 149.855 153.671 167.127 144.359 142.037 140.681 130.806 -24.5769 244.939 -49.949 16.2742 248.814 -95.3983 42.0066 234.621 -89.4121 62.704 226.649 -65.6547 68.4576 224.242 -29.0471 25.113 285.064 -14.136 14.4727 9.05689 7.5704 
169.43 162.079 156.56 146.503 150.416 170.166 154.116 148.297 148.298 137.817 -32.9348 246.147 -48.3445 17.2175 258.762 -105.783 54.451 244.858 -97.9331 76.1501 234.713 -71.7777 80.0921 224.267 -28.5056 24.598 283.633 -13.1739 21.3448 11.0546 15.7644 
171.935 159.686 156.958 152.609 152.277 174.143 155.102 153.73 155.488 147.484 -40.2393 245.965 -46.7583 17.6543 262.684 -109.731 62.4141 253.333 -103.273 87.0562 241.605 -75.3045 90.8879 225.631 -28.2263 24.3835 281.984 -12.4594 24.4724 13.2863 19.6602 
175.244 157.591 154.551 156.808 154.885 175.913 152.295 151.876 156.492 154.593 -46.7845 244.916 -44.2787 17.2751 262.104 -109.724 64.4952 254.247 -103.743 92.8291 244.011 -75.2203 98.4683 227.821 -27.7466 24.4054 280.23 -12.1365 23.8525 14.9489 21.2834 
176.606 154.044 152.642 155.557 157.673 176.069 146.961 148.5 153.832 157.326 -50.8154 242.571 -41.7558 16.7524 258.234 -107.081 63.698 252.021 -102.008 94.5057 243.51 -72.4131 101.807 229.515 -26.8528 24.3396 278.317 -11.7287 22.1017 16.7976 21.4005 
176.999 153.716 151.101 153.08 157.99 176.369 143.319 146.212 150.802 155.287 -53.1825 240.943 -39.7563 17.0926 253.983 -104.419 62.8866 248.822 -99.2864 94.2788 241.712 -68.8357 102.277 230.335 -24.5418 24.3229 276.956 -11.0863 21.2331 17.7567 20.8805 
177.019 155.239 151.021 150.934 156.139 176.959 141.796 145.702 148.672 151.43 -54.2435 239.755 -38.8992 17.0558 251.411 -103.197 62.1169 246.632 -98.0905 93.2109 239.776 -66.6989 100.186 229.497 -23.4236 23.8646 276.03 -10.989 20.7292 18.2655 20.4115 
176.927 156.975 151.739 149.437 154.476 177.42 141.751 145.65 147.73 148.052 -54.2782 238.643 -38.6487 16.7211 249.634 -102.877 61.6851 244.513 -97.6248 92.0081 237.058 -65.4776 97.5024 227.377 -22.6445 23.4171 275.208 -11.0769 20.5477 18.3827 20.3235 
176.639 158.502 152.962 148.553 153.647 177.295 142.639 145.94 147.281 145.838 -54.3528 237.924 -39.0991 16.3066 248.665 -103.294 61.257 242.867 -97.8606 90.6842 234.39 -65.1507 95.1646 225.008 -22.1234 22.9525 274.49 -11.3021 20.7509 18.3306 20.234 
176.168 158.911 153.2 146.898 152.861 176.669 143.32 146.79 147.351 144.561 -54.2457 237.194 -39.7703 15.8276 248.303 -103.921 60.6041 241.855 -98.6747 89.224 232.598 -65.7477 92.9865 222.681 -22.1192 22.4358 273.698 -11.6433 21.466 18.087 20.0051 
175.979 158.91 153.158 144.861 152.222 176.336 143.929 147.001 146.903 144.025 -54.2157 236.872 -40.642 15.3671 248.452 -104.579 59.784 241.557 -99.5262 87.5859 231.747 -66.5983 91.7971 221.617 -22.4248 22.0969 273.271 -11.9723 22.0121 17.7327 19.6897 
176.047 158.636 152.9 142.639 151.69 176.33 144.651 147.282 146.145 144.023 -54.2463 236.776 -41.3054 15.127 249.07 -105.175 59.4463 242.09 -100.153 86.3823 231.641 -67.022 91.4171 221.446 -22.7286 21.8456 273.056 -12.1554 22.2623 17.5537 19.5801 
176.101 158.38 152.612 140.807 151.269 176.33 145.235 147.359 144.993 144.216 -54.1946 236.688 -41.8375 15.0557 249.894 -105.697 59.1873 242.939 -100.645 85.2185 231.874 -67.3379 91.4151 221.859 -23.2509 21.6534 273.04 -12.3195 22.2197 17.3961 19.4132 
176.513 156.322 151.712 148.056 154.018 176.831 145.333 146.709 147.612 147.467 -54.1238 236.929 -43.0353 13.96 252.002 -106.677 58.7849 244.765 -100.737 87.4121 232.949 -68.3016 93.7511 222.476 -23.9133 21.5579 272.889 -12.5457 22.2132 18.466 20.2213 
176.396 155.262 151.048 151.454 153.535 176.97 145.83 146.153 148.489 147.836 -54.2324 237.292 -43.7271 13.2241 254.28 -107.406 58.1775 246.401 -101.072 88.2921 233.941 -69.0743 94.6177 223.274 -24.5129 21.4727 272.914 -12.7205 22.2662 19.2011 20.4904 
176.184 154.79 150.866 153.146 152.267 176.727 146.141 145.928 148.969 147.544 -54.3385 237.437 -44.1207 12.6385 256.096 -107.807 57.7003 247.798 -101.495 88.6565 234.989 -69.7838 94.9313 224.063 -25.1599 21.3757 272.895 -12.8304 22.3382 19.5952 20.6535 
176.048 154.86 150.921 153.55 151.22 176.332 146.427 145.928 149.186 147.395 -54.6733 237.898 -44.255 12.1895 257.566 -108.045 57.3641 248.844 -101.795 88.7094 235.891 -70.2132 95.1792 224.703 -25.5174 21.2298 273.007 -12.8881 22.4915 19.7757 20.7989 
176.058 154.886 150.908 153.364 151.089 176.08 146.313 145.619 149.063 147.17 -54.8565 238.356 -44.4433 11.9575 258.305 -108.043 56.998 249.134 -101.888 88.5995 236.397 -70.4472 95.2458 224.958 -25.7902 21.1121 273.03 -12.949 22.5999 19.8011 20.7707 
176.051 154.96 151.027 152.904 152.546 175.611 146.177 145.743 149.295 147.132 -55.369 239.221 -44.658 11.4534 259.001 -108.245 56.704 249.754 -102.254 88.5329 237.149 -70.9719 94.9383 224.779 -26.2694 20.8212 273.158 -13.1979 22.9834 19.7932 20.9317 
176.136 154.691 150.412 152.153 152.767 175.563 146.066 145.521 149.022 146.414 -55.5085 239.605 -44.8737 11.1175 259.552 -108.436 56.5678 250.242 -102.357 88.4554 237.374 -71.0687 94.2653 224.427 -26.5052 20.6886 273.165 -13.4044 23.1761 19.9472 21.1775 
176.242 154.987 150.2 151.453 152.301 175.55 146.536 145.576 149.078 145.775 -55.6119 240.048 -45.0677 10.8507 260.462 -108.844 56.6995 251.23 -102.64 88.535 237.91 -71.254 93.7725 224.425 -26.7255 20.6014 273.215 -13.5762 23.4143 20.1117 21.5291 
176.257 154.951 148.684 151.398 152.684 175.394 146.206 146.854 149.483 146.051 -55.4776 240.228 -45.1292 10.582 261.343 -109.027 56.778 252.434 -103.044 88.7443 238.643 -71.6615 94.1212 224.558 -27.0818 20.4855 272.977 -13.698 23.6442 20.3115 21.7736 
176.273 155.553 150.701 153.101 157.709 175.683 146.383 145.668 149.959 149.893 -55.061 241.12 -45.0843 10.2255 261.818 -109.102 56.2056 252.249 -103.25 88.4924 239.8 -72.6108 95.6342 225.217 -27.6882 20.6016 273.358 -13.738 24.0232 19.7074 21.687 
176.453 155.187 149.963 153.279 157.544 175.934 146.504 146.628 150.313 150.245 -54.6799 240.958 -45.1378 10.1698 261.593 -109.219 56.0688 252.407 -103.581 88.3511 240.186 -73.2207 95.6038 225.418 -28.1068 20.5755 273.361 -13.7223 24.1388 19.4511 21.4654 
176.686 155.032 149.573 153.254 157.376 176.153 146.545 147.126 150.284 150.55 -54.3987 241.028 -45.2833 10.0313 261.422 -109.281 55.8125 252.524 -103.837 88.0568 240.539 -73.6553 95.7347 225.983 -28.4751 20.5427 273.529 -13.7232 24.0688 19.2518 21.2609 
176.875 154.918 148.442 152.753 157.148 176.327 146.392 147.727 150.112 151.68 -53.9535 241.021 -45.653 9.22036 262.317 -109.582 55.2163 253.742 -104.569 87.5032 241.823 -74.748 96.5238 227.494 -29.6559 20.4806 273.81 -13.9587 23.9082 19.0704 21.3653 
177.3 155.001 148.983 152.497 154.753 176.599 146.545 147.967 149.326 151.371 -53.0975 240.618 -45.2199 8.98639 263.315 -109.293 55.0529 254.231 -104.44 86.8874 242.184 -74.9197 96.8718 228.841 -30.487 20.5417 273.966 -13.4337 22.9805 18.6501 21.3812 
177.368 154.826 149.28 152.385 153.828 176.708 146.489 147.799 149.042 150.632 -52.8494 240.313 -44.817 9.08768 262.861 -108.973 54.9417 253.53 -104.081 86.6594 241.437 -74.4944 96.3302 228.451 -30.2018 20.5378 273.918 -13.1269 22.7081 18.6199 21.2187 
177.416 154.414 149.238 152.073 153.548 176.779 146.016 147.215 148.696 150.279 -52.7416 239.816 -44.4701 9.12511 261.92 -108.501 54.7525 252.602 -103.599 86.5137 240.831 -73.9734 96.1369 228.216 -29.7667 20.5023 273.746 -12.8789 22.5725 18.6136 21.0588 
177.174 154.288 150.375 152.131 153.719 176.599 145.369 145.55 148.199 149.805 -52.8885 239.328 -43.9956 9.01363 260.746 -107.93 54.4524 251.232 -102.913 86.3418 239.771 -73.1742 95.902 227.667 -29.0512 20.4561 273.618 -12.7303 22.4651 18.7357 21.045 
176.895 154.062 151.013 152.102 153.918 176.444 144.666 144.289 147.906 149.476 -52.9724 238.832 -43.631 8.85572 259.72 -107.426 54.1347 250.288 -102.413 86.193 239.016 -72.6167 95.685 227.194 -28.5632 20.3841 273.412 -12.6336 22.4127 18.8745 21.0056 
176.768 153.999 150.901 152.082 154.027 176.331 144.271 144.168 147.772 148.701 -53.132 238.618 -43.5003 8.89098 259.15 -107.141 54.0429 249.737 -102.089 86.1433 238.364 -72.1627 95.1342 226.456 -28.0712 20.3163 273.219 -12.5732 22.5122 19.0245 20.9491 
176.683 154.048 150.888 152.117 154.198 176.235 144.305 144.439 147.971 147.928 -53.2925 238.39 -43.3416 8.88816 258.812 -106.998 54.0749 249.383 -101.897 86.2171 237.754 -71.7963 94.4695 225.415 -27.5224 20.2512 272.916 -12.4557 22.7985 19.1976 20.9947 
176.596 153.618 150.525 151.968 154.696 176.162 143.969 144.451 148.139 147.618 -53.3423 238.297 -43.2569 8.78603 258.381 -106.694 53.9453 249.07 -101.668 86.236 237.452 -71.4823 94.0898 224.738 -27.0851 20.1691 272.635 -12.3543 23.0818 19.3504 21.0041 
177.13 153.768 150.795 152.26 155.887 176.724 145.301 145.739 149.189 149.195 -52.9174 237.733 -43.2494 8.69332 257.457 -106.621 54.1004 248.468 -101.731 86.04 236.861 -71.7649 94.2511 223.95 -26.9304 19.8628 271.609 -11.6609 23.2258 18.8668 20.9286 
176.881 153.913 151.587 152.913 155.779 176.592 145.89 145.743 149.078 149.447 -52.4782 236.66 -42.8546 8.72407 256.381 -106.449 53.9121 246.925 -101.344 85.417 235.525 -71.515 93.8204 223.439 -26.8561 19.5721 271.271 -11.3559 22.6815 18.4478 20.711 
176.476 153.839 151.696 153.271 155.369 176.349 146.031 145.765 148.664 148.879 -52.0368 236.033 -42.6498 8.55475 255.881 -106.403 53.2632 245.84 -101.255 84.4305 234.267 -71.5278 92.7935 222.679 -27.0189 19.2765 271.169 -11.2841 22.3097 18.2204 20.3688 
176.156 153.52 151.828 153.402 154.607 176.055 145.754 145.398 148.104 147.507 -51.8022 235.666 -42.4419 8.46389 255.153 -106.178 52.5526 244.778 -101.064 83.2574 233.019 -71.5126 91.1277 221.695 -27.1469 18.9741 271.139 -11.2295 22.0455 17.9198 19.9106 
175.643 152.904 151.767 153.425 154.081 175.667 145.239 145.056 147.832 146.089 -51.4672 235.137 -42.2519 8.0198 254.34 -105.9 51.5157 243.874 -101.04 82.0916 232.188 -71.7862 89.3659 220.598 -27.3019 18.5895 270.943 -11.2685 22.2203 17.6896 19.4635 
175.357 152.725 151.931 153.646 153.418 175.652 143.029 144.908 148.002 145.438 -51.284 234.37 -42.0891 7.43063 251.447 -104.875 51.4097 243.125 -101.108 80.4696 232.389 -72.9726 87.9859 220.623 -28.5955 18.2267 271.1 -11.3722 22.1007 15.9999 19.424 
175.056 152.981 151.3 154.076 152.825 175.553 142.148 144.832 148.636 145.323 -50.9771 233.559 -41.998 6.68755 249.315 -104.115 51.033 242.561 -101.133 78.9523 233.116 -74.2954 86.8326 220.776 -29.7865 17.7333 271.022 -11.4394 22.3046 14.3868 19.5894 
174.689 153.655 151.076 154.861 152.923 175.343 141.94 144.783 149.246 145.097 -50.5419 233.058 -41.984 5.69075 247.998 -103.687 50.2467 242.414 -101.394 77.4567 233.883 -75.693 85.4228 220.812 -30.9784 17.1913 271.093 -11.5455 22.5832 13.2023 19.7491 
174.538 154.553 151.313 155.913 153.99 175.199 142.051 144.958 149.538 145.237 -49.8978 232.859 -42.2527 4.66351 247.806 -103.607 49.429 242.53 -101.869 76.0064 233.971 -76.7407 84.1966 220.811 -32.1967 16.682 271.292 -11.677 22.3017 12.5161 19.8873 
174.528 155.221 151.788 156.808 155.624 175.108 141.91 145.219 149.466 145.51 -49.0965 233.262 -42.7766 3.69364 248.341 -103.486 48.7135 242.764 -102.192 74.547 233.575 -77.1909 82.8364 220.629 -33.0906 16.1738 271.728 -11.7715 21.7535 12.1223 20.0662 
174.562 156.837 152.584 157.343 157.266 174.95 143.028 145.459 148.742 144.885 -48.0985 234.098 -43.2492 2.88236 250.349 -104.197 47.7165 243.077 -102.422 72.556 232.39 -77.07 80.6993 219.881 -33.5028 15.6325 272.3 -11.7996 21.1667 12.104 19.8989 
174.623 157.817 154.418 158.287 158.796 174.69 143.832 145.98 148.075 144.819 -46.8786 235.101 -43.6618 2.03074 252.593 -104.788 46.5582 243.3 -102.744 70.2179 230.98 -76.9722 78.6089 219.173 -34.0504 15.0801 272.985 -11.7735 20.3359 12.1613 19.7179 
174.038 157.692 156.201 158.932 159.784 173.714 143.114 146.152 146.879 145.961 -44.7293 235.772 -43.9716 1.34975 253.708 -104.353 44.821 242.762 -102.549 67.0548 229.426 -76.5823 77.0683 219.105 -35.0086 14.5033 273.659 -11.6269 18.8613 11.9318 19.0907 
173.063 157.674 157.699 159.242 160.506 172.186 142.279 146.133 146.032 147.157 -42.0997 236.251 -44.1061 0.734263 253.877 -103.52 42.7545 241.712 -102.011 63.988 227.958 -76.07 75.5346 219.242 -35.9376 13.992 274.33 -11.4288 17.427 11.6498 18.1782 
172.197 156.749 158.778 159.161 160.627 170.374 140.908 145.658 144.79 146.554 -38.8587 236.12 -44.093 0.697812 253.65 -102.549 40.8102 240.278 -101.185 60.9787 226.305 -75.3027 73.0779 219.108 -36.4379 13.5939 275.103 -11.3792 16.0822 11.3123 16.9318 
170.946 155.438 158.804 158.873 160.458 168.282 139.286 144.444 142.981 144.411 -35.399 235.713 -43.901 1.03873 253.209 -101.422 38.881 238.678 -99.8884 57.6426 224.825 -74.3329 69.789 219.1 -36.9093 13.2008 275.957 -11.4684 14.5859 10.6885 15.4518 
170.213 155.193 158.598 159.249 160.581 166.749 138.743 143.222 141.754 142.798 -32.5425 235.569 -43.9709 1.9103 252.454 -100.47 36.8393 236.853 -98.3052 54.3442 223.62 -73.4883 66.771 219.571 -37.6861 12.8007 276.828 -11.5358 12.8733 9.73564 13.5016 
170.476 156.227 158.787 159.713 160.703 166.091 139.708 142.818 140.86 141.036 -30.3799 235.854 -44.3501 2.83854 251.84 -99.8848 34.8456 235.122 -96.7646 51.0894 222.312 -72.2517 63.6483 220.074 -38.1577 12.3319 277.726 -11.4873 11.034 9.21285 11.7284 
