160.363 156.85 154.987 158.118 157.479 154.416 113.962 120.444 131.339 126.649 125.841 287.609 -21.4332 123.559 292.618 8.11065 122.941 281.856 -1.05995 112.116 282.583 -12.4508 106.458 298.168 -16.022 123.613 341.967 -2.70718 13.0612 4.50228 15.505 
159.922 157.037 155.041 157.811 157.461 153.801 112.819 119.559 130.485 126.324 126.455 288.095 -21.6094 124.85 293.794 8.63061 124.547 282.586 -0.430784 113.656 282.835 -12.0435 107.884 297.961 -15.8046 124.178 342.234 -3.25758 13.2149 4.51876 15.8474 
156.885 151.681 149.933 153.393 154.307 149.321 105.856 110.833 120.835 119.469 126.148 294.782 -24.6538 127.589 303.949 7.51726 125.523 294.677 0.115359 115.947 294.756 -9.86117 109.847 307.651 -15.8709 125.176 348.638 -5.59881 12.6633 6.34847 15.1991 
155.63 149.298 147.804 151.464 152.491 146.292 105.124 110.866 120.998 120.533 124.221 294.1 -23.1505 128.5 304.631 10.0245 127.342 294.191 2.02852 118.055 293.228 -8.29256 111.209 304.913 -14.8006 123.746 347.922 -5.52255 12.4008 6.55709 15.4406 
156.766 149.401 150.791 157.68 155.556 147.467 106.065 112.488 123.823 122.409 124.008 296.611 -23.817 127.314 306.968 9.68265 126.89 295.454 0.948271 117.488 293.931 -10.244 110.866 306.587 -15.8496 123.322 350.248 -5.3185 12.8991 6.3281 16.13 
156.141 149.52 151.99 157.972 155.943 147.238 107.724 115.593 125.017 124.752 123.39 296.819 -22.6111 127.403 307.1 10.8338 127.662 294.148 1.88976 118.214 293.018 -9.33909 111.84 304.968 -14.8914 122.571 350.343 -5.05615 13.2578 6.07891 16.4131 
156.489 151.467 153.677 158.673 156.576 148.062 111.148 119.047 126.903 127.766 123.597 296.957 -21.5105 127.82 306.343 11.5691 128.85 292.802 1.99511 119.413 292.165 -9.11079 113.039 303.716 -14.4263 121.811 350.717 -4.78963 13.5105 5.95662 16.314 
156.553 150.863 153.704 162.602 156.962 148.507 113.332 120.257 128.223 129.128 123.431 297.835 -20.4124 128.641 306.858 12.461 130.296 293.162 2.47903 120.829 291.84 -8.75687 114.01 303.322 -13.5394 120.882 351.597 -4.60363 13.8649 5.94564 16.1952 
156.464 148.847 155.03 176.545 159.631 150.846 119.293 125.23 134.716 132.458 119.504 301.221 -20.0326 127.365 308.189 13.3665 128.599 293.356 1.50922 119.638 290.445 -10.6037 111.542 303.408 -13.0705 116.588 354.305 -4.30382 14.77 6.50335 14.8906 
155.825 145.682 151.32 172.323 157.879 150.173 116.476 120.474 129.733 129.926 118.879 302.759 -20.12 127.89 311.117 13.9169 128.334 297.224 3.38963 118.754 293.324 -8.81736 111.755 305.262 -11.9525 115.923 355.465 -4.48295 15.4025 6.19252 14.2622 
155.151 141.283 147.363 162.456 153.565 148.904 111.083 114.496 121.727 124.759 116.76 304.717 -20.0615 127.377 316.595 14.7217 126.581 302.796 5.5994 116.96 298.478 -5.89115 110.919 308.466 -10.4476 114.573 357.369 -5.05265 15.7193 6.32004 13.5751 
155.025 142.185 146.628 157.81 152.8 149.066 110.284 113.038 118.563 123.453 116.488 306.373 -20.5608 126.736 318.335 14.3888 126.006 304.891 5.40193 115.81 301.452 -5.16314 110.162 310.387 -10.2509 114.019 358.685 -5.28319 15.6765 5.86698 13.7587 
155.094 147.311 153.624 153.819 154.021 149.354 110.937 116.623 119.97 125.575 115.919 307.321 -20.837 125.002 318.263 14.0222 125.222 303.309 4.58161 115.074 301.653 -5.97004 109.292 310.24 -11.2805 113.225 359.271 -5.3984 15.0631 5.86995 14.7491 
155.595 151.085 154.018 153.444 155.217 149.976 111.081 117.592 120.956 126.749 114.251 308.703 -21.7167 122.706 318.913 13.0523 122.907 303.816 3.37368 112.949 302.489 -7.32978 107.066 311.192 -12.7208 111.923 360.505 -5.97599 14.6526 6.07933 15.0487 
155.939 149.665 151.954 150.231 155.615 148.587 107.42 113.665 119.629 125.836 113.745 307.735 -21.6634 122.205 320.404 12.8254 122.588 305.928 3.59031 112.814 303.645 -7.24773 106.643 311.672 -13.4295 111.686 360.529 -6.18639 13.8937 6.29757 15.6029 
155.894 147.75 149.791 149.41 156.264 146.767 105.205 111.205 119.162 124.685 113.061 307.327 -21.5962 121.756 321.932 12.9432 122.443 308.055 4.46792 112.777 304.886 -6.70495 106.536 312.843 -13.5426 111.882 361.034 -6.44199 13.5256 6.40136 16.2602 
155.721 146.955 148.334 149.351 156.253 145.775 104.961 110.609 120.091 124.312 112.259 307.37 -22.4578 120.937 322.207 12.3764 121.65 309.023 3.92338 112.224 305.688 -7.27182 105.783 314.257 -14.3656 111.996 361.713 -6.58083 13.1185 6.58928 16.4678 
156.336 146.021 147.63 149.847 156.331 146.083 105.062 111.038 121.468 124.311 112.017 307.304 -23.7635 119.492 321.38 11.3779 119.799 308.685 2.61283 110.585 305.725 -8.5452 104.077 315.203 -15.8174 111.865 361.92 -6.40699 12.5894 6.68044 16.2946 
156.413 145.603 147.658 151.32 156.92 145.695 105.269 111.698 123.029 124.766 112.055 307.87 -24.6522 118.842 321.371 10.9121 119.274 308.906 1.99237 110.297 306.084 -9.23592 103.725 316.351 -16.504 112.046 362.542 -6.24398 12.3524 6.77012 16.462 
156.324 145.528 147.518 151.517 156.043 145.662 104.881 110.861 122.865 124.071 112.779 308.801 -25.6645 118.24 320.945 10.1258 118.442 309.518 1.08504 109.724 307.096 -10.1699 103.009 317.859 -17.3706 112.079 363.024 -5.726 11.9863 6.90953 16.2444 
158.114 142.765 146.655 151.153 155.068 146.376 105.415 111.561 123.867 124.236 115.706 308.951 -26.6761 118.027 320.432 9.92373 117.615 309.475 0.387932 109.324 307.365 -10.7958 102.695 318.554 -17.9124 112.249 363.001 -5.40709 11.811 6.99107 15.3378 
157.851 142.892 146.045 149.633 154.127 146.128 107.207 112.669 124.009 124.602 116.945 308.847 -26.8898 118.524 319.223 8.9173 118.188 308.739 -1.03234 109.962 307.106 -12.7549 103.869 318.215 -19.5813 112.457 362.852 -5.62962 12.2709 6.85346 14.9521 
158.359 144.126 146.491 153.145 155.543 147.818 108.403 114.696 125.977 126.199 118.649 307.768 -27.3351 118.532 316.816 6.09722 118.497 306.345 -5.63022 110.052 305.29 -18.0974 104.098 317.123 -23.3272 112.408 362.046 -6.03088 12.7814 6.60596 14.883 
157.817 144.992 156.429 164.187 157.729 147.589 103.368 108.707 143.878 128.463 121.761 308.373 -23.9766 120.92 318.455 3.98934 121.232 308.225 -6.63562 120.301 300.235 -31.7856 106.205 314.982 -24.3515 110.916 361.923 -6.20955 19.1708 18.0516 15.4825 
157.392 115.906 143.336 174.27 174.27 147.439 92.2245 113.337 158.532 105.586 121.945 306.211 -12.6346 126.712 323.623 5.43435 144.887 311.727 -17.2112 140.757 310.497 -42.9106 104.672 316.595 -24.3781 104.603 359.912 -5.08111 33.4554 17.6023 35.5567 
158.155 90.605 180 174.27 174.27 148.974 74.3399 166.11 179.27 78.9481 123.306 303.093 -3.11579 144.609 333.669 -4.80323 161.899 327.643 -47.1946 140.479 323.526 -68.0449 96.7153 316.106 -40.8432 100.058 356.557 -4.60489 39.854 10.7538 40.1999 
156.736 90 180 174.27 174.27 145.268 135.893 179.72 178.055 146.504 121.353 302.076 3.46233 163.305 331.436 -22.1382 161.517 337.57 -66.1861 132.593 329.668 -85.9379 93.0411 315.18 -69.7484 96.0522 350.707 -3.77904 20.0098 13.4565 27.3095 
164.368 129.387 180 174.444 171.946 151.361 149.613 179.953 178.097 175.547 127.024 299.643 21.3759 171.154 337.669 -31.9339 154.099 345.559 -79.2735 117.861 334.645 -94.7566 76.1846 315.081 -81.7596 91.5905 344.806 -2.56628 23.1636 16.0046 26.29 
166.785 172.717 180 175.276 172.253 153.416 173.683 180 178.391 171.326 126.254 295.569 36.461 173.411 346.2 -45.1877 146.426 343.535 -85.368 102.881 329.29 -97.0706 61.8026 308.864 -82.6188 87.9392 340.348 -1.34294 23.9016 19.9766 21.5126 
170.592 171.177 180 146.807 165.235 159.491 176.888 180 168.862 159.095 128.11 295.332 50.0499 172.016 348.11 -48.2 143.051 337.098 -84.6337 96.0262 319.468 -93.987 52.6107 299.75 -76.1007 85.9343 338.666 -0.348102 27.9004 23.2727 20.8385 
174.182 174.27 180 150.252 158.004 165.355 177.974 180 163.144 149.147 131.908 298.026 61.3461 171.028 344.854 -48.2449 142.706 332.832 -81.7592 94.2341 313.233 -91.1378 49.4127 294.58 -70.3843 85.3293 337.346 0.170913 30.851 25.581 19.5399 
173.807 174.27 180 142.237 150.537 169.185 177.975 180 166.855 144.482 135.195 301.245 68.7117 170.651 340.964 -45.0698 142.152 328.658 -79.9458 93.1215 311.6 -89.8683 47.9516 292.125 -67.0336 84.2177 334.929 1.15762 33.0761 25.2957 20.7618 
172.167 178.388 180 149.357 144.625 170.635 179.433 180 169.709 140.993 137.914 305.468 73.2125 169.585 336.852 -42.522 142.221 326.595 -77.9214 93.5904 312.091 -88.7822 47.8962 291.717 -64.6876 83.5976 333.463 2.08505 35.0734 24.562 20.4416 
176.718 172.972 180 148.573 136.54 170.265 177.536 180 169.612 134.971 140.547 310.033 76.7294 168.751 335.836 -40.325 143.578 328.298 -74.8345 99.0529 315.324 -85.8334 49.5303 293.607 -62.2807 83.5888 334.023 2.45844 39.2695 21.6728 18.9364 
179.221 162.257 180 155.604 126.865 170.671 169.218 180 171.846 141.845 141.842 315.87 81.2914 169.622 333.313 -36.7751 145.206 328.857 -73.8242 103.829 317.478 -85.4842 52.021 297.22 -65.377 83.7766 334.107 2.85492 37.9889 18.9156 19.7973 
179.155 160.693 180 163.959 138.521 170.193 164.558 180 174.57 159.85 143.16 321.822 84.2457 170.332 332.883 -34.8758 147.05 329.833 -73.0058 108.194 319.575 -85.5114 56.5415 302.551 -72.7651 84.0594 334.32 3.19572 32.5678 16.7994 19.7607 
176.226 163.538 180 164.387 154.879 170.154 167.363 180 173.899 168.057 143.358 321.163 81.7738 170.895 336.242 -34.2006 148.829 332.161 -71.1541 111.424 321.51 -84.689 60.579 306.984 -76.558 84.1113 335.384 3.75471 29.3297 16.1019 18.4141 
175.108 167.711 177.55 166.839 162.951 170.78 168.641 179.176 172.154 171.959 143.533 320.266 78.6841 171.305 338.355 -33.7184 149.331 333.893 -70.5199 113.14 322.709 -84.0968 62.9941 310.841 -78.667 84.0784 336.643 3.92075 27.4082 15.4483 18.2393 
173.68 169.603 170.134 169.791 172.524 170.469 169.771 176.566 172.086 175.948 143.4 320.735 71.8119 172.21 341.25 -32.4866 150.366 337.646 -69.8587 113.818 328.436 -85.2653 64.4838 317.604 -81.6739 83.3376 339.438 3.328 25.9394 15.6471 18.537 
173.284 169.246 170.415 170.29 174.361 170.459 168.543 176.651 174.383 177.719 142.665 320.806 67.8325 171.48 342.271 -32.1709 149.279 341.429 -70.5272 112.579 333.241 -86.4778 64.1679 321.295 -83.0865 82.4751 341.025 2.6571 25.2938 15.7406 19.4212 
172.403 166.213 170.251 170.468 174.07 169.683 164.06 173.531 173.521 177.606 142.436 323.867 60.9247 168.794 344.562 -33.2381 146.258 347.753 -72.1374 109.419 340.042 -88.1552 62.3049 326.868 -84.647 80.7367 344.909 1.16525 24.6261 15.9834 20.7794 
170.714 168.204 172.255 172.324 173.524 167.762 166.147 174.795 174.349 176.042 143.232 329.556 58.4928 168.195 347.492 -33.9025 145.113 350.865 -72.81 108.199 342.622 -88.8261 61.3453 328.693 -85.2073 79.763 346.859 0.403894 24.7182 16.1759 21.2625 
170.406 169.313 173.3 174.621 175.05 167.004 165.736 175.73 175.733 175.217 144.32 336.075 54.6986 166.779 346.1 -34.0019 144.009 351.275 -73.2558 106.997 343.499 -89.5796 61.1555 330.046 -86.2679 78.4486 348.453 -0.262953 23.572 16.3358 21.9921 
169.973 169.686 173.072 175.027 175.236 167.051 166.871 175.889 175.917 174.694 144.312 338.658 51.314 165.494 347.253 -35.092 142.578 352.742 -73.9132 105.813 345.023 -90.246 60.511 331.145 -87.1055 77.2228 349.734 -0.996356 23.1858 16.2343 22.0438 
170.946 167.942 170.955 173.178 174.599 170.326 166.472 174.072 174.722 172.802 141.982 333.909 43.7269 162.404 351.012 -37.388 140.944 355.113 -74.2183 105.93 347.657 -89.5912 61.0886 334.252 -87.2131 75.3445 353.234 -2.0104 22.7824 14.7512 19.9206 
171.619 167.521 170.721 172.728 174.379 171.829 165.089 174.395 175.628 173.513 139.74 331.44 39.5259 160.835 352.749 -38.2123 139.85 357.636 -74.7236 105.185 349.846 -89.8394 60.7079 335.963 -87.776 74.4525 354.833 -2.50965 22.6006 14.4609 19.6674 
172.562 168.309 170.744 173.207 174.603 173.064 162.506 173.714 175.019 172.789 134.703 328.724 33.0501 157.432 351.76 -38.7817 137.155 357.041 -75.2366 103.141 349.201 -90.0432 59.5836 335.74 -87.9674 71.9465 356.783 -3.76589 21.8496 14.0913 20.0266 
171.912 169.822 171.787 174.172 175.013 173.163 164.313 173.401 174.309 172.199 133.798 332.816 31.0648 156.301 352.882 -39.783 135.554 356.456 -75.934 101.566 348.027 -90.4865 58.3643 334.784 -87.8734 70.6275 358.162 -4.35836 21.5307 14.0889 19.6788 
171.804 171.799 173.869 175.298 175.698 174.215 168.606 173.834 173.055 169.063 129.586 332.52 25.4249 153.506 355.519 -42.384 132.046 356.951 -77.6436 99.1005 347.231 -90.9448 57.6267 333.072 -86.8556 68.1741 361.134 -5.64739 20.3369 13.1407 18.8343 
173.78 170.134 171.978 173.633 174.833 176.713 166.844 170.004 169.274 164.951 124.256 331.231 18.4985 149.054 356.558 -45.5681 129.117 355.488 -78.26 97.6227 344.885 -90.4827 58.1973 331.433 -85.6794 65.2611 362.862 -7.26392 18.2551 12.0053 15.9796 
179.819 171.67 171.996 173.199 174.595 175.95 163.271 167.542 167.166 162.57 117.921 330.511 10.731 145.21 355.803 -46.6508 126.565 354.674 -78.1392 96.7593 342.91 -88.5538 59.0685 328.692 -82.233 62.4867 366.121 -8.157 16.8625 10.5995 14.9806 
179.994 169.791 169.281 171.234 172.047 173.385 162.549 165.129 162.863 158.32 112.673 328.479 7.77833 143.28 357.291 -47.8562 123.794 352.878 -78.5803 94.6205 338.367 -86.6181 57.5825 324.594 -78.9573 61.0274 367.155 -8.44449 16.722 10.8398 14.3604 
176.719 167.045 167.006 167.341 166.657 170.442 157.809 162.471 158.78 151.969 107.616 325.913 4.78299 141.023 354.904 -47.2802 121.67 350.389 -78.3058 92.9214 334.921 -84.647 56.7386 321.188 -75.2967 59.6158 367.271 -9.09462 16.8105 10.9915 14.74 
173.665 166.117 172.268 166.857 161.289 168.412 151.511 156.839 149.945 143.251 103.408 323.216 2.44373 137.273 351.849 -46.2647 119.869 345.49 -75.2223 91.3562 327.636 -78.8301 57.2055 316.87 -69.1305 57.9249 367.038 -10.1394 14.688 12.5654 12.8749 
171.656 167.702 169.352 164.778 159.255 167.457 145.726 151.901 144.994 137.613 99.6054 321.226 0.639925 133.724 346.746 -44.4781 118.231 340.44 -71.894 89.6326 322.48 -73.736 57.1132 314.904 -64.3001 56.5272 366.941 -11.0014 12.5544 13.2668 11.4122 
169.286 165.145 166.668 161.116 156.61 165.433 138.21 144.769 141.714 132.913 95.0905 319.097 -0.496786 130.147 343.2 -43.1786 114.155 336.596 -70.4159 86.9368 319.397 -71.1297 55.9206 312.797 -58.8174 55.3476 367.255 -11.6285 13.3135 12.6576 11.9359 
165.944 160.834 160.454 159.24 156.502 162.225 135.324 138.69 138.557 125.613 87.7474 317.592 -4.79902 124.068 339.194 -41.7435 110.496 330.74 -64.2821 85.0073 314.063 -63.0282 57.6313 312.501 -48.1486 52.5103 367.271 -13.0717 13.4349 12.1269 8.16545 
164.968 160.575 160.977 161.291 159.26 161.198 135.999 136.963 140.36 124.045 84.1595 318.211 -6.48215 120.65 337.235 -38.5486 108.315 327.955 -59.923 84.7926 313.606 -59.6126 57.8441 314.23 -42.2162 51.5608 368.886 -13.4227 16.6616 9.42791 7.53971 
165.218 156.942 161.878 163.225 160.377 160.924 140.386 137.369 142.964 123.244 80.9486 318.685 -7.59155 116.073 334.829 -34.2742 105.213 323.742 -54.1414 83.6328 312.518 -55.1468 56.5944 315.591 -35.9626 50.063 370.255 -13.2017 19.5214 5.98225 6.71446 
164.381 146.072 158.697 161.626 157.105 159.838 136.275 133.224 140.124 118.273 77.0257 318.723 -9.16198 108.699 331.712 -28.4043 102.607 322.001 -48.1513 82.0158 312.03 -49.4482 54.5447 318.021 -29.9094 49.3607 371.509 -13.2195 21.9492 4.84631 9.47782 
159.556 126.603 154.933 168.532 161.332 157.159 105.281 122.561 140.395 119.312 69.0995 317.793 -13.82 89.6045 335.25 -9.12093 94.3416 320.325 -34.2957 78.2 309.135 -39.7065 53.9676 320.506 -21.5279 49.6619 372.952 -13.84 24.4943 0.665077 23.0192 
160.185 147.715 157.93 176.039 158.092 155.521 106.683 111.712 141.506 122.31 63.952 315.08 -15.4811 81.3918 332.66 1.19911 83.0678 317.653 -14.7826 74.2827 306.76 -33.2626 54.0115 320.819 -18.9981 50.4594 372.466 -13.5192 23.0767 13.4674 16.8857 
157.378 148.791 153.79 159.382 158.892 152.445 103.954 105.86 124.71 117.906 58.2862 313.616 -17.1715 75.6091 334.271 6.0703 76.6623 320.838 -4.18373 66.8945 309.545 -19.4589 52.8152 322.462 -15.6536 50.3514 371.753 -12.8416 18.3306 11.4564 15.6568 
157.561 147.989 153.189 147.548 154.03 150.554 98.4872 99.0837 109.347 107.386 54.6859 314.58 -19.1064 73.1772 338.562 8.79159 72.945 327.117 3.12805 63.0813 317.789 -9.5092 51.0658 326.452 -13.1859 49.9937 372.241 -12.0613 14.7491 9.83671 15.2384 
155.168 146.579 152.002 147.558 154.748 146.273 93.7266 98.3898 104.219 108.201 49.7687 316.597 -18.5799 69.7974 343.253 11.4321 68.2137 331.675 10.1088 59.0804 322.738 -1.47592 50.6433 326.896 -9.99855 50.1777 372.353 -11.5942 14.0723 9.40478 15.5094 
156.094 141.278 147.147 143.402 154.398 146.174 93.3771 100.069 106.121 112.045 48.2731 317.967 -18.6196 68.459 345.193 12.3206 67.2951 332.937 11.8879 57.8327 323.476 0.740806 50.543 326.236 -8.32779 49.8064 372.937 -11.3225 14.1884 8.75354 16.0907 
157.497 137.816 142.594 157.221 156.566 147.949 101.472 104.891 111.222 113.634 46.9318 317.933 -18.262 69.0979 343.321 13.7303 67.9401 331.212 11.2752 59.9842 322.637 2.45588 50.7326 327.113 -6.96521 48.8881 374.205 -10.5658 12.9347 8.8071 14.5435 
160.184 145.404 146.599 157.103 157.838 149.043 104.328 108.087 114.597 117.721 46.5378 317.222 -18.6946 65.9102 341.857 15.2734 65.2837 328.959 12.2932 56.7436 320.724 3.41359 48.2329 325.946 -4.68008 48.2804 373.461 -10.1856 13.4108 7.99636 14.7325 
164.301 146.432 146.957 149.768 157.599 154.151 105.584 110.682 120.581 123.76 48.5999 315.466 -18.1176 64.1382 339.248 15.5242 64.1359 325.21 11.1703 54.529 316.338 1.07539 45.2632 322.902 -4.34726 47.1969 372.537 -9.3316 13.3655 7.41704 15.1596 
163.961 147.826 155.011 162.564 158.457 155.71 117.151 126.196 141.141 131.407 47.6892 315.227 -16.1599 65.3398 333.982 15.4001 66.9597 316.054 6.17586 57.6435 307.342 -6.62451 43.8349 319.655 -5.56961 45.546 373.171 -8.27865 15.764 8.24622 15.1561 
164.276 158.371 166.195 173.182 162.229 156.656 121.676 132.436 148.144 135.309 47.4399 314.88 -16.0428 63.3787 331.316 16.2448 65.4315 312.215 5.89417 56.0167 303.784 -8.46008 41.6824 318.11 -5.80268 44.6801 372.926 -8.08605 16.6987 8.59946 15.4099 
165.356 160.722 165.159 172.013 165.78 159.132 127.629 136.706 154.054 141.953 46.439 314.976 -15.5887 61.6451 327.843 16.4156 64.1279 309.972 4.95169 53.7954 301.635 -11.8583 39.1225 316.773 -8.06252 43.7365 373.83 -7.46893 16.1761 9.17919 15.4747 
163.971 155.356 164.751 175.578 168.189 158.262 121.811 131.76 152.253 141.413 44.0016 315.408 -16.3823 58.3719 330.187 16.8958 60.1436 311.512 5.5341 50.3862 301.658 -12.0068 36.5113 316.802 -8.24513 42.3066 373.601 -7.20461 16.3079 10.3928 15.9238 
163.069 156.585 165.402 176.375 169.456 157.921 117.942 127.41 147.026 138.414 42.4196 315.374 -16.6196 54.8745 329.203 16.2319 56.4139 310.947 4.88146 46.0394 301.555 -11.8255 32.88 316.354 -8.31541 40.3185 372.286 -6.80939 16.2183 9.87205 16.4924 
161.163 158.774 164.832 176.346 167.765 155.826 112.156 120.444 140.331 134.304 42.1277 317.358 -16.6791 53.4525 332.629 15.4937 55.5524 314.739 5.95632 45.1934 304.252 -9.42949 32.4792 317.755 -6.57663 38.7541 372.522 -6.89961 16.441 9.65702 17.2477 
159.324 150.778 168.891 170.481 161.739 152.549 112.281 123.602 138.356 128.27 37.6029 317.462 -19.4957 54.5691 333.084 13.9374 55.6529 315.404 8.16453 44.8761 306.349 -6.20116 30.29 321.301 -3.53349 37.5182 373.062 -7.16082 17.5869 8.14285 15.6175 
160.536 148.023 167.512 160.74 159.236 153.362 110.041 123.177 137.974 130.253 35.669 317.526 -20.5976 53.0267 333.305 14.21 54.5925 314.637 7.85618 42.3148 306.067 -6.2411 27.9567 319.55 -4.5832 35.7473 372.458 -7.10771 15.5723 7.32076 16.4791 
161.722 149.707 163.694 158.47 158.113 154.467 109.222 124.735 141.418 132.094 34.7659 317.156 -20.7868 50.8479 332.744 14.2538 53.7233 313.188 6.61763 41.1332 304.431 -9.41347 26.5868 318.551 -6.48677 34.3413 372.406 -7.35961 15.8864 8.5895 17.9387 
163.275 132.553 149.824 153.523 157.744 156.235 108.377 123.061 142.039 135.012 32.3829 315.648 -18.6254 47.6767 333.652 14.509 49.7258 313.764 5.72442 38.0216 303.685 -11.4865 24.9231 316.515 -8.64315 30.8525 372.133 -7.7285 15.1806 10.5116 17.8515 
163.263 130.395 157.534 165.864 160.922 158.738 122.518 135.832 151.716 140.937 31.1854 311.228 -15.2423 46.2404 324.493 13.8582 48.1168 304.859 1.42554 36.4701 298.251 -15.7104 22.0308 313.189 -11.97 29.4237 370.846 -8.03397 14.2043 9.29661 16.9695 
166.198 143.171 162.055 171.097 166.01 163.072 132.895 143.537 157.97 147.43 31.4861 308.943 -12.5314 43.3132 317.98 12.5694 45.0178 300.356 -1.72752 33.5322 295.7 -19.1553 19.0148 311.431 -15.7681 28.1254 370.899 -8.29821 12.548 8.93019 16.1202 
166.359 155.853 164.639 173.172 169.389 164.396 139.858 147.635 161.947 151.601 29.789 308.292 -11.7509 43.2525 313.524 9.63567 45.0517 298.738 -6.54168 31.9192 295.228 -23.2322 16.6941 311.007 -18.8827 25.9828 371.675 -8.47994 11.8689 7.66252 15.3093 
165.924 156.992 167.425 176.51 172.953 164.42 138.93 147.872 163.153 152.566 28.2787 308.561 -12.2071 40.095 314.69 8.21931 42.5055 299.185 -8.9076 30.4248 295.586 -24.5662 15.3265 311.312 -19.338 23.847 372.06 -8.9027 12.4549 7.78728 16.5377 
166.624 161.824 167.53 175.659 174.194 165.095 142.974 151.763 165.712 154.049 24.94 308.684 -11.383 38.4471 311.035 6.16419 41.1119 296.624 -12.8717 28.1097 294.439 -27.5051 11.8266 310.928 -20.2827 21.6478 371.91 -9.00299 12.9326 6.81409 16.7672 
166.536 164.523 168.411 175.873 174.522 166.276 143.334 152.414 164.716 154.161 24.5784 307.983 -10.1347 35.3899 310.445 6.06305 37.6353 295.927 -13.5537 24.7051 294.992 -27.3594 9.17623 312.31 -21.3466 20.2364 372.468 -9.94814 12.1768 6.26092 16.7127 
165.833 165.801 167.528 175.11 176.252 166.119 140.612 150.24 163.125 155.076 23.6909 308.234 -9.97557 31.5816 313.07 6.02431 34.4781 297.423 -13.2581 23.3674 296.054 -27.6469 8.09936 312.173 -22.151 18.6491 373.011 -10.9964 11.7699 7.70563 17.7845 
165.786 164.043 167.911 175.336 176.096 166.387 138.204 148.608 161.946 153.976 20.1792 308.806 -11.1313 30.72 314.538 6.12842 32.5766 298.834 -11.9294 20.3849 297.16 -26.8588 5.30263 313.84 -22.2149 16.78 373.928 -11.4992 11.5695 7.33312 16.7691 
166.148 159.572 165.264 172.338 173.983 164.913 134.262 144.163 157.6 151.002 15.6459 308.373 -11.0557 26.8301 316.111 5.76526 28.3469 300.268 -10.5921 16.8986 297.737 -27.1073 1.77488 313.363 -23.4009 12.7942 373.601 -13.0627 10.946 8.93353 16.4306 
166.746 160.006 163.918 172.056 173.016 164.948 134.369 143.224 156.315 150.025 15.6336 309.507 -11.7585 25.3399 317.283 5.43336 27.258 301.654 -9.32511 16.1258 298.522 -25.203 1.21599 313.787 -22.818 11.7008 374.139 -14.0345 10.4476 8.73702 16.3085 
167.053 161.285 160.512 170.581 171.467 166.015 136.633 144.048 156.358 147.961 13.0216 309.794 -13.1991 22.1041 314.39 3.38333 23.9026 300.259 -12.1646 11.9498 298.788 -26.5584 -3.08238 315.718 -23.1782 9.83255 374.093 -14.7219 11.3204 7.30674 16.103 
