161.212 155.473 158.737 161.731 159.152 154.937 110.942 128.921 139.588 117.953 -116.811 320.377 4.60825 -101.265 329.003 13.5656 -103.818 314.567 -8.91747 -117.73 312.251 -7.95327 -134.233 328.782 13.2661 -133.736 376.433 13.8641 24.8956 5.26242 20.0919 
160.361 153.925 157.557 159.979 157.536 154.714 108.695 127.452 135.1 115.807 -116.582 321.793 3.9145 -101.55 330.069 13.2696 -104.502 315.655 -7.86017 -118.686 314.176 -2.69107 -134.545 331.122 15.2544 -132.902 377.306 14.0461 23.6939 6.97547 19.3054 
159.729 153.187 156.605 155.802 156.912 154.594 107.558 125.713 131.24 114.085 -115.703 323.552 3.53328 -101.559 331.594 12.7492 -104.497 317.586 -6.81111 -118.537 317.007 1.25538 -134.31 333.467 16.1977 -132.284 378.613 14.1331 21.9733 9.22743 18.4983 
159.375 153.656 155.786 153.4 157.656 154.645 106.568 123.454 128.342 112.867 -115.212 325.576 2.98212 -101.193 333.999 12.0611 -103.918 320.54 -6.0567 -117.567 320.326 3.45377 -133.301 336.069 16.4616 -131.681 380.432 14.1476 20.8574 10.6844 17.901 
159.241 152.853 154.807 150.114 157.113 154.958 105.905 121.293 124.24 110.753 -115.034 326.281 2.08171 -101.127 334.475 11.0188 -104.95 321.915 -5.58854 -119.096 322.839 7.51675 -134.068 338.157 17.2763 -130.747 381.283 13.9429 19.2315 13.725 16.5359 
158.718 153.488 151.234 152.107 156.674 154.559 105.95 119.384 119.951 109.431 -113.88 327.039 2.4367 -100.258 335.497 10.193 -104.644 323.759 -5.94885 -118.65 325.645 9.14235 -133.813 339.546 16.7271 -129.839 382.473 13.8302 17.1564 15.81 15.955 
159.329 154.608 150.789 164.144 156.819 155.21 107.008 118.245 118.729 110.392 -111.942 327.971 2.05069 -97.6492 336.677 9.49514 -102.824 325.907 -6.14814 -116.535 327.309 7.46016 -131.742 340.748 14.2112 -127.371 384.445 13.3502 15.8187 14.7155 14.9756 
158.823 155.74 152.664 149.664 156.649 154.482 109.614 120.925 122.241 116.731 -111.449 328.888 5.0694 -94.7936 337.861 10.7821 -99.2951 326.501 -5.79935 -115.88 325.806 1.44012 -128.648 338.222 10.2443 -126.507 385.987 14.1258 16.6551 7.90454 15.4271 
159.821 156.201 152.095 145.709 156.545 155.325 110.82 121.442 123.744 119.314 -110.239 329.482 6.67238 -92.4859 339.188 11.8196 -96.6532 327.482 -5.62171 -113.526 325.841 -2.59501 -126.229 337.509 9.21274 -125.396 386.987 14.4629 17.8599 4.46646 15.9113 
161.14 156.591 149.892 144.49 155.323 157.305 113.832 121.957 125.579 120.667 -107.452 329.662 9.25852 -89.6551 338.267 12.5346 -94.1164 327.226 -4.34128 -110.799 325.406 -3.46031 -125.062 337.026 9.97419 -122.906 388.118 14.707 17.506 3.45267 15.1382 
162.26 156.304 150.586 148.251 154.833 158.252 114.323 122.318 125.776 120.621 -106.043 330.271 9.47646 -88.1175 339.002 12.7974 -92.6096 327.544 -4.67234 -109.011 325.384 -2.9195 -123.818 336.892 10.3431 -122.14 388.546 14.6389 17.0528 3.89972 15.383 
162.39 156.317 151.689 148.592 154.416 158.077 114.419 122.126 125.919 120.859 -105.051 332.702 9.78692 -86.2509 341.806 13.4905 -90.6258 329.968 -4.89212 -107.137 327.155 -4.33195 -121.935 338.262 9.29959 -121.526 390.456 14.9041 17.1048 3.26271 15.8752 
162.359 155.076 151.451 148.597 154.404 157.693 112.954 120.951 124.439 119.557 -103.754 333.173 10.6131 -84.2613 343.698 14.5691 -88.1277 331.237 -4.34835 -104.436 328.154 -3.86767 -119.766 338.68 9.00669 -120.419 390.853 14.697 16.4657 3.41927 16.6312 
161.634 156.152 151.319 146.596 153.815 156.843 112.056 118.549 122.489 118.115 -102.247 333.579 12.073 -81.7416 345.775 15.0657 -84.9498 332.959 -3.32774 -100.603 329.01 -5.12331 -116.148 338.382 8.95186 -119.428 390.728 14.6901 17.261 4.00987 16.7627 
161.594 156.358 151.763 146.566 154.637 156.377 110.65 116.893 121.909 116.545 -101.988 334.12 12.913 -80.3445 347.736 15.7666 -83.5211 334.296 -2.5975 -98.6895 329.82 -5.62305 -114.107 339.27 9.93512 -118.641 391.238 14.6682 18.8598 4.86794 16.9698 
162.005 156.573 150.57 146.521 159.189 157.43 112.648 120.39 125.897 119.087 -101.75 334.21 13.5729 -80.3096 345.792 16.5616 -83.3913 332.061 -2.83287 -98.6054 328.248 -5.55206 -114.228 338.9 10.4172 -117.798 391.517 14.8064 19.0478 4.66255 17.4737 
163.824 156.131 151.676 149.789 157.874 159.306 113.547 122.219 128.407 120.215 -100.128 333.232 12.7749 -79.7632 343.877 16.4897 -83.0743 330.119 -3.05876 -98.0263 326.769 -5.17901 -114.964 337.543 9.53345 -116.265 391.099 14.473 17.0042 4.58495 17.3283 
163.737 155.271 151.417 153.322 156.85 158.918 112.205 121.016 123.95 117.616 -99.7074 333.807 10.9604 -80.043 344.882 15.8438 -83.0973 331.251 -3.63445 -98.9865 328.253 -2.25841 -114.707 339.14 10.3537 -115.858 391.252 14.0627 16.849 4.07737 17.6588 
163.688 154.93 151.567 152.6 156.708 159.046 112.591 122.042 123.745 117.009 -99.0833 333.265 10.1857 -81.2495 343.212 16.0866 -83.6438 329.978 -3.63077 -99.6902 328.08 -2.11166 -115.62 339.507 10.1838 -115.291 390.827 13.919 16.8239 4.38016 18.205 
163.379 155.112 151.943 152.616 156.959 158.813 113.67 123.744 124.739 116.737 -99.2083 332.361 9.86899 -82.2146 341.344 16.4213 -84.115 328.421 -3.74098 -100.509 327.396 -2.29408 -116.59 339.837 10.5638 -114.741 390.355 13.7608 17.6325 4.32673 18.7207 
162.943 155.522 152.577 153.366 156.96 158.36 115.01 124.821 125.22 116.589 -99.6696 331.496 9.77506 -82.732 339.684 16.2265 -84.0445 327.466 -4.23984 -100.948 327.114 -3.38616 -117.102 340.203 10.2918 -114.21 390.094 13.4541 18.5511 3.89158 19.0832 
163.046 156.015 154.484 154.998 157.591 158.393 116.891 126.908 128.015 118.811 -99.7252 330.442 9.52021 -82.6301 338.235 16.4511 -83.4615 326.152 -3.90865 -100.986 325.848 -4.8925 -117.166 339.216 9.35073 -113.603 389.701 13.1577 18.6684 2.82388 19.022 
162.694 156.697 155.874 156.295 158.448 157.996 118.597 127.715 130.183 120.865 -99.807 329.43 9.40604 -81.6976 337.205 16.8259 -82.524 325.351 -3.74252 -100.31 324.513 -6.15539 -116.228 337.81 8.92414 -112.979 388.987 12.9946 19.0931 2.55176 19.0212 
163.8 156.512 155.665 156.182 159.67 159.151 121.078 129.943 133.255 124.218 -99.3658 327.807 9.07087 -81.4007 334.15 16.6483 -82.7109 322.685 -3.8774 -100.554 322.223 -7.35305 -116.344 335.642 8.28188 -112.328 387.666 13.0124 18.9867 2.82804 18.3572 
164.516 157.285 157.821 159.909 161.7 160.094 124.302 132.909 138.589 128.504 -98.7162 327.134 7.99478 -79.6922 331.926 15.9134 -82.1034 320.48 -4.80131 -99.5996 319.68 -9.92389 -114.76 333.379 7.72531 -111.656 386.577 12.8692 20.021 4.00809 17.4588 
164.822 157.411 157.961 161 162.588 160.484 125.371 133.771 140.206 130.454 -98.557 327.341 7.85038 -78.9719 331.631 14.969 -81.8902 320.322 -6.22649 -99.2419 319.296 -11.3229 -114.303 332.633 6.60302 -111.693 386.617 13.0099 19.5878 4.14212 17.3179 
165.929 156.324 158.598 163.721 158.196 162.846 125.202 136.262 141.295 128.44 -94.508 325.809 8.11936 -79.0267 329.92 12.8219 -82.5665 318.011 -9.81036 -98.9079 318.053 -12.3256 -115.632 332.089 5.69808 -111.492 385.538 12.6447 18.5797 3.84683 17.9129 
165.159 156.315 157.985 161.791 157.198 162.134 123.92 134.921 139.112 126.067 -94.4824 326.249 7.57964 -78.926 331.08 12.5897 -82.2565 319.086 -9.8955 -98.4812 319.022 -11.76 -115.113 333.197 6.68142 -111.421 385.74 12.4183 19.5973 3.82314 18.1385 
165.239 155.55 157.558 160.035 156.235 162.213 122.835 134.664 137.084 124.163 -94.3203 326.339 6.02061 -79.2283 331.12 11.8591 -82.4191 319.037 -9.90842 -98.7405 319.346 -9.97376 -115.192 333.955 7.5669 -111.172 385.483 11.9942 19.6654 3.75701 17.8044 
164.411 155.46 156.208 156.926 155.454 161.417 121.388 132.491 134.721 122.75 -94.2338 327.211 5.1128 -78.7575 332.583 11.081 -81.8491 320.455 -10.155 -97.8076 320.414 -10.0363 -114.219 334.431 7.24313 -111.096 385.727 11.7645 19.6181 4.08179 17.6609 
163.959 155.079 153.804 153.603 156.189 160.494 118.158 128.724 131.512 122.414 -94.0046 327.065 3.31158 -77.6592 334.013 10.8309 -80.5747 321.804 -8.84485 -96.6407 321.38 -11.1191 -112.647 333.801 4.51372 -110.077 385.445 10.7214 18.0133 4.16021 17.1889 
164.432 155.341 153.738 153.217 156.958 161.037 118.334 128.807 131.853 123.566 -93.3399 325.918 3.364 -77.1674 332.706 10.9648 -80.1982 320.529 -8.42242 -96.4595 320.166 -11.5568 -112.447 332.366 3.58084 -109.494 384.521 10.5073 17.2823 4.25517 16.9126 
164.725 155.597 152.531 152.669 155.121 161.21 117.538 127.81 133.045 120.468 -92.8003 324.565 1.66345 -78.0012 330.836 9.97895 -81.7169 318.762 -10.0508 -97.0138 318.858 -14.2935 -113.099 333.159 3.51474 -107.933 383.364 8.89489 20.3002 5.34455 17.3217 
164.208 155.75 152.287 153.556 154.898 160.687 117.464 127.276 133.599 119.948 -92.7739 324.808 0.572744 -77.2289 331.409 9.32578 -80.7558 319.396 -10.4174 -95.729 319.075 -15.2318 -111.955 333.503 3.10444 -107.419 383.412 8.24914 20.9817 5.76672 17.2114 
165.845 157.141 153.562 155.815 157.226 161.998 120.544 130.42 135.382 124.934 -91.8706 324.78 -0.843703 -77.5095 329.34 8.66591 -81.0051 317.952 -10.3341 -96.8837 318.645 -13.1651 -112.188 333.194 0.615686 -105.873 384.151 7.27324 17.1833 4.05596 16.2305 
166.523 156.769 154.102 155.416 155.379 162.878 120.903 130.347 134.127 123.552 -91.2281 324.93 -1.49492 -77.8057 328.76 8.06787 -81.534 317.937 -9.2728 -97.9778 319.256 -11.1559 -113.248 334.337 1.37873 -105.469 384.391 6.97909 16.7634 3.49967 15.0766 
166.407 156.832 154.153 153.843 155.464 162.71 121.471 130.501 133.261 124.753 -90.3884 324.06 -1.2788 -77.1181 328.022 8.04185 -80.7905 317.127 -9.19321 -97.2055 318.716 -10.9513 -112.336 333.002 0.429338 -104.633 383.756 6.55851 15.6627 3.57862 15.008 
166.426 156.928 154.499 152.947 155.617 162.776 122.178 131.332 133.693 125.653 -89.1171 322.905 -0.923224 -76.0092 326.784 7.66139 -79.6775 315.739 -9.92881 -95.9575 317.59 -11.7676 -111.48 331.536 -0.26018 -103.785 382.809 6.22097 15.395 3.72984 15.0127 
166.776 156.447 154.985 153.555 155.945 163.08 122.452 132.031 133.721 125.787 -86.2298 321.414 -1.31042 -74.674 325.098 7.87232 -77.8874 313.894 -9.1998 -94.6077 316.007 -11.0342 -109.821 330.476 -0.657358 -101.745 381.527 5.07383 15.1868 3.36178 14.8628 
166.633 156.697 155.114 153.031 155.907 162.832 122.773 131.69 133.086 125.841 -84.3843 319.66 -2.29027 -73.7526 323.323 7.75189 -76.6308 312.217 -8.15142 -93.4033 314.38 -9.86577 -108.276 328.736 -1.02878 -100.081 379.727 3.89888 14.5477 3.38273 14.5401 
166.159 156.384 154.172 152.14 155.504 162.216 123.04 131.183 131.089 125.831 -83.1296 319.194 -1.96269 -71.8214 323.173 7.27328 -74.6178 312.099 -9.50074 -92.049 314.062 -10.5722 -106.335 327.695 -2.26293 -99.2423 379.199 3.4162 14.345 3.15858 14.8651 
166.782 157.157 156.14 153.077 157.811 162.796 124.91 134.432 134.498 129.253 -81.7091 318.323 -1.93613 -70.3574 321.858 7.3483 -72.4553 310.257 -11.4668 -90.8326 311.821 -12.978 -104.868 325.666 -2.91405 -98.2881 378.427 3.07826 15.4063 2.22189 15.968 
166.401 157.046 156.275 151.985 159.712 162.701 125.123 134.963 137.979 132.473 -80.1887 317.718 -2.70332 -67.2475 322.085 6.06793 -69.9328 309.721 -13.4903 -87.5171 309.897 -16.6824 -101.842 322.866 -4.75219 -97.3594 377.384 2.41053 16.0636 2.3963 15.7673 
166.634 157.717 163.859 170.906 163.372 162.046 123.496 137.739 155.298 131.956 -77.9965 317.707 -3.75784 -63.5173 323.381 5.7683 -64.5351 309.071 -19.245 -77.4342 305.692 -31.1314 -97.4157 319.533 -5.97227 -96.9562 375.104 1.4382 23.8412 9.50158 20.1937 
164.365 158.528 180 174.228 171.952 158.987 118.624 148.963 164.904 127.863 -77.6179 313.702 -1.03788 -61.5423 319.069 2.07965 -58.7827 305.839 -37.4379 -78.5053 301.67 -48.1411 -98.8433 310.957 -13.5546 -98.0275 368.565 1.16327 27.7679 8.50823 32.4711 
161.829 135.8 179.973 172.329 174.27 155.425 120.543 159.257 167.022 120.483 -78.4258 307.85 3.99476 -51.3054 315.257 -16.8715 -58.8021 301.523 -55.6385 -85.9885 295.853 -61.8869 -107.859 298.93 -17.78 -99.9944 360.962 1.57541 31.5256 8.6853 25.6307 
163.516 135.174 174.641 171.328 179.195 157.623 135.664 162.587 167.101 134.286 -75.8065 299.206 10.4333 -44.0669 311.416 -37.2433 -62.7082 297.177 -70.4849 -96.5378 287.677 -71.3627 -120.916 284.361 -29.5246 -101.904 351.372 1.22095 25.5964 11.5761 18.3916 
158.648 155.208 170.43 165.755 166.684 154.517 155.931 167.428 161.23 153.499 -81.9142 281.416 21.4184 -42.5133 301.855 -58.5796 -74.9476 291.077 -84.6326 -112.605 272.715 -72.5504 -141.742 265.542 -38.4229 -105.224 332.787 2.71622 21.5418 18.0438 18.274 
151.331 165.313 168.113 162.248 163.136 149.449 163.689 166.324 156.207 155.688 -83.2714 277.747 28.4913 -41.2257 301.289 -65.4566 -78.6198 290.444 -86.3026 -117.038 271.041 -71.1497 -148.454 263.617 -40.6176 -105.456 326.802 3.85235 21.0938 20.3468 19.2008 
144.054 166.488 168.861 162.7 160.711 143.848 164.249 165.03 153.893 155.436 -83.3082 277.26 33.573 -40.1003 301.132 -67.0663 -80.0637 290.291 -86.2249 -119.375 270.205 -69.9504 -151.993 263.299 -40.9232 -105.531 323.354 4.7553 21.2082 21.7704 20.4868 
140.907 166.33 168.153 162.867 157.887 139.306 162.443 164.401 152.444 153.149 -82.9853 277.741 36.9764 -40.7464 298.105 -66.41 -81.0233 286.82 -84.6452 -120.857 268.596 -68.4471 -154.048 263.125 -39.7812 -105.91 321.164 5.33377 21.4631 21.4205 20.567 
141.693 166.166 165.836 162.893 155.628 136.768 160.278 160.629 151.004 149.55 -81.95 278.004 39.7482 -41.4205 294.188 -64.0815 -81.4948 281.677 -81.6578 -121.338 267.003 -66.7768 -154.887 262.948 -37.9434 -106.446 319.688 6.25681 21.8544 19.8107 20.513 
144.839 165.606 162.895 162.062 155.031 136.655 159.052 157.972 149.859 146.93 -79.7325 278.34 42.2763 -42.0572 292.035 -61.5344 -81.0312 278.507 -78.7957 -121.384 265.368 -64.9846 -155.668 262.669 -36.1565 -107.058 318.83 7.40498 22.3124 19.4789 19.9512 
142.664 166.31 162.329 161.839 155.826 137.042 159.695 156.762 149.791 145.469 -77.3671 279.497 45.0022 -42.1398 290.854 -59.7058 -80.3783 276.363 -76.7254 -120.907 263.456 -63.3925 -155.527 261.502 -34.2983 -107.653 318.491 8.26727 22.636 19.4814 19.5848 
139.312 166.553 162.42 161.395 156.634 138.124 160.156 155.286 149.641 144.866 -74.2857 280.398 47.6293 -41.9027 289.884 -58.4412 -79.4475 274.388 -75.0559 -120.111 261.16 -61.9801 -154.904 259.867 -32.8706 -107.811 317.896 8.86167 22.6426 19.6913 19.2746 
135.245 166.633 163.282 161.583 157.304 138.826 160.42 154.687 150.011 144.784 -71.9377 280.708 49.3378 -41.7015 290.072 -57.9813 -79.0737 273.675 -74.473 -119.665 259.9 -61.5014 -154.019 258.568 -32.1713 -107.924 317.299 9.25719 22.4168 19.8425 19.3958 
131.669 166.404 164.022 161.807 158.878 140.535 160.598 156.306 151.069 146.551 -67.325 281.644 50.228 -41.5937 291.954 -58.3817 -79.1281 274.545 -75.1039 -119.293 259.22 -62.0283 -152.965 257.219 -32.554 -108.078 316.833 9.27092 22.0149 20.1712 19.9086 
130.949 166.504 164.849 162.372 159.598 140.208 160.649 157.189 151.883 147.987 -66.9147 282.238 49.4599 -41.7628 293.482 -58.6174 -79.3493 275.862 -75.6954 -119.215 259.783 -62.626 -152.786 257.257 -33.1593 -108.309 317.172 9.231 21.9117 20.229 20.1161 
130.288 166.805 165.795 163.06 160.032 140.636 160.706 157.947 152.666 149.106 -67.2371 282.645 48.3848 -41.9712 295.052 -58.8843 -79.641 277.214 -76.2976 -119.315 260.418 -63.2356 -152.718 257.337 -33.6904 -108.649 317.721 9.11388 21.8259 20.3316 20.3223 
130.348 167.186 166.71 163.859 160.268 140.425 160.82 158.555 153.297 149.708 -68.6943 282.73 46.5437 -42.0957 296.196 -59.2095 -79.7907 278.361 -76.8473 -119.135 261.119 -63.8059 -152.431 257.535 -34.1867 -108.939 318.315 8.97152 21.7705 20.229 20.3469 
132.947 167.614 167.12 164.771 160.767 139.993 160.769 158.963 154.231 151.057 -71.6613 282.968 42.6475 -42.3127 297.55 -59.322 -79.9789 279.486 -77.1725 -118.642 261.853 -64.4181 -151.967 257.725 -35.14 -109.433 319.437 8.56078 21.4471 19.7952 20.4614 
134.425 168.25 167.566 165.9 161.296 138.752 161.316 159.747 155.54 152.25 -75.4412 283.056 38.7052 -41.886 298.374 -59.9204 -79.5861 280.048 -78.1703 -118.021 262.43 -65.9618 -151.474 257.889 -36.7193 -109.731 320.105 7.64486 21.2885 19.3351 20.608 
134.89 167.844 167.294 165.832 161.002 139.601 161.388 159.569 155.562 152.373 -77.5399 282.91 36.0732 -41.8939 299.923 -60.725 -79.0519 281.814 -79.4137 -117.477 264.264 -67.8711 -151.553 259.304 -38.7905 -109.974 320.75 6.6799 21.5422 18.9902 20.3419 
132.348 167.652 167.319 165.783 160.862 140.366 161.318 159.351 155.615 152.577 -76.9895 283.523 35.9018 -42.0814 300.803 -61.4177 -78.8235 282.848 -80.2957 -117.551 265.21 -69.0309 -151.974 259.998 -39.9179 -110.211 320.974 6.11692 21.7794 19.0493 20.0674 
132.941 167.669 167.27 165.662 160.809 140.303 161.296 158.853 155.538 153.017 -76.9739 283.664 35.2336 -42.4945 301.976 -62.1895 -78.8601 283.951 -80.9483 -117.887 266.272 -70.017 -152.869 261.052 -41.1721 -110.56 321.32 5.67871 21.9378 19.1155 19.7988 
132.559 167.695 167.217 165.871 160.789 140.746 161.188 158.41 155.547 153.515 -76.0059 284.616 35.1978 -43.0353 303.199 -62.9381 -78.9695 285.238 -81.6259 -118.358 267.624 -70.9983 -153.905 262.411 -42.3498 -110.96 321.923 5.24349 22.1941 19.1942 19.4548 
140.988 167.326 165.628 165.836 160.201 142.457 161.091 157.203 154.793 151.984 -78.0998 284.116 30.5955 -45.0383 304.929 -64.2191 -80.4043 287.374 -82.4212 -119.628 269.992 -71.7429 -154.754 264.295 -42.8018 -112.223 323.74 4.29365 22.3439 19.011 18.8248 
143.21 167.196 164.892 165.621 160.288 144.081 160.912 156.87 154.496 151.995 -79.5532 283.542 28.0651 -45.4091 304.987 -64.4321 -80.6896 287.871 -82.6573 -119.838 270.717 -71.9181 -154.984 264.748 -43.1218 -112.464 324.224 3.94315 22.3858 18.8824 18.6592 
146.326 166.961 164.222 165.401 160.448 146.35 160.569 156.7 154.453 152.116 -81.1796 282.899 25.6594 -45.7357 305.291 -64.4183 -80.9722 288.479 -82.8249 -120.042 271.398 -72.0347 -154.951 265.01 -43.2861 -112.78 324.928 3.55921 22.3076 18.8092 18.6394 
149.691 167.012 164.039 165.517 160.956 148.932 160.512 156.962 154.745 152.294 -82.7718 281.853 23.6383 -45.9957 305.533 -64.4432 -81.1537 289.121 -83.1438 -120.097 272.124 -72.2924 -154.779 265.244 -43.5065 -113.12 325.729 3.12222 22.266 18.6713 18.5561 
154.817 167.613 164.401 165.67 161.782 153.81 161.343 158.123 155.267 152.197 -84.6509 280.152 20.0319 -47.1479 305.967 -65.3509 -82.0249 290.795 -84.1772 -120.601 273.346 -72.4825 -154.589 265.815 -43.6734 -113.769 327.044 2.41899 21.9872 18.7673 18.0062 
157.33 167.979 164.786 165.631 162.182 155.736 161.921 159.046 155.756 151.762 -85.9047 279.17 18.4946 -48.0498 305.995 -65.8489 -82.9412 291.894 -84.7458 -121.182 274.276 -72.6346 -154.395 266.096 -43.3465 -114.136 327.749 2.25324 21.9666 18.7213 17.7304 
158.775 167.902 164.937 165.308 162.221 156.76 161.891 159.635 156.129 151.267 -87.2559 278.359 16.9125 -49.3802 305.402 -66.3091 -83.6702 292.852 -85.1714 -121.328 275.473 -72.988 -154.021 266.579 -43.2919 -114.391 328.283 2.07156 22.1229 18.2813 16.9691 
160.052 166.764 163.604 164.106 161.511 157.704 159.953 158.49 155.524 149.822 -87.5776 278.249 15.5803 -51.0684 303.414 -65.6753 -84.2527 293.086 -84.4743 -121.463 276.556 -72.6858 -153.421 267.198 -42.7266 -114.738 328.977 1.87082 22.222 17.7105 16.0006 
160.036 165.456 162.477 163.038 160.691 157.633 158.142 157.036 153.866 147.587 -88.6463 278.589 14.2773 -53.1085 302.129 -65.1883 -84.8888 293.165 -83.6203 -121.105 277.026 -71.8408 -151.948 267.945 -41.838 -115.087 329.936 1.81744 21.6302 17.0046 14.8696 
159.768 164.207 161.351 161.827 159.68 157.347 156.125 155.105 151.481 145.174 -89.8187 279.135 13.0518 -55.1991 300.613 -64.0792 -85.4031 292.695 -82.0022 -120.49 277.697 -70.4111 -150.936 269.559 -40.9362 -115.428 331.019 1.99378 20.9857 15.941 13.5898 
159.508 162.699 159.817 160.9 158.969 157.009 153.047 152.091 148.785 140.95 -91.0381 280.113 11.4188 -57.4323 298.683 -62.2855 -86.2582 291.17 -79.7386 -120.035 277.455 -68.4375 -148.758 270.359 -38.3244 -115.814 332.268 2.06233 20.5204 14.72 12.4945 
159.423 161.289 158.768 160.248 158.17 156.493 149.501 149.002 146.29 136.945 -92.1313 281.08 10.1909 -59.2113 296.561 -59.1855 -86.547 289.405 -76.5907 -119.067 277.361 -66.1546 -146.145 271.641 -35.7047 -116.146 333.649 2.25942 20.0245 13.2585 11.5169 
159.322 160.287 158.353 160.215 157.075 155.984 146.656 146.507 144.738 133.696 -92.5847 282.266 9.32394 -60.721 294.624 -56.0035 -86.4802 287.115 -73.0634 -117.803 276.6 -63.6899 -143.389 272.856 -33.0346 -116.366 334.891 2.49253 19.3391 11.7679 10.3057 
159.118 159.413 158.274 160.497 155.527 155.151 144.102 144.566 144.278 131.722 -93.3275 283.268 8.51637 -61.9107 292.362 -52.3211 -85.631 283.972 -68.7239 -115.647 274.938 -60.869 -140.306 273.453 -30.6319 -116.378 335.673 2.75288 18.2426 10.0154 8.7022 
158.655 158.268 158.149 160.401 152.5 153.571 139.776 142.612 144.383 128.029 -95.1093 285.965 6.99823 -64.1177 289.688 -44.9112 -84.2541 281.807 -62.0716 -112.354 275.268 -57.1921 -135.568 276.967 -27.4321 -116.375 337.652 3.73479 17.1108 7.24761 7.47956 
158.811 157.245 157.495 159.451 151.588 152.173 135.005 139.881 143.429 122.757 -96.9261 290.601 3.22036 -66.1885 290.628 -38.8079 -83.1329 283.404 -57.042 -109.432 278.283 -54.6901 -130.67 282.331 -24.3073 -116.968 340.625 4.02304 17.6001 5.2741 8.17531 
159.304 156.273 156.531 158.164 151.924 152.232 132.136 138.377 142.706 119.786 -97.7131 292.69 1.19259 -66.5274 292.518 -35.4748 -82.557 285.438 -54.9075 -108.275 280.599 -53.7265 -128.717 285.206 -22.2282 -117.547 342.282 4.05505 19.1029 4.91169 9.53449 
159.672 155.103 155.987 157.222 151.499 152.375 131.103 137.852 143.179 116.199 -98.5222 294.18 -0.282722 -66.8433 293.924 -33.3596 -81.9822 286.73 -53.0809 -107.148 282.589 -53.6307 -126.565 287.975 -19.0549 -117.975 343.596 4.02111 22.8173 4.98696 9.93886 
160.091 154.267 155.924 156.925 150.268 152.658 130.316 137.769 143.797 113.872 -99.1765 295.58 -1.49033 -67.6451 295.17 -31.5822 -82.1154 287.686 -51.5491 -106.562 284.216 -53.4069 -125.348 290.385 -16.6051 -118.435 344.847 3.98577 25.6411 5.24483 10.287 
160.341 153.083 155.5 156.371 148.958 152.992 128.854 137.669 144.034 112.299 -99.6972 296.307 -2.46562 -68.492 295.773 -29.3345 -82.0133 288.103 -50.0753 -105.626 285.126 -52.8941 -124.278 292.068 -14.7883 -118.693 345.577 3.81409 27.5454 5.48508 11.149 
160.424 151.568 154.204 155.201 148.585 153.189 126.16 135.992 142.79 111.806 -99.8192 297.727 -3.43451 -69.3419 297.619 -26.8564 -81.9917 289.61 -48.0321 -104.673 286.941 -51.802 -123.398 294.14 -14.4965 -119.116 346.757 3.68185 27.3331 5.90498 11.9271 
161.572 150.229 153.758 154.796 146.569 154.709 125.186 135.03 142.127 108.516 -99.3772 298.942 -4.74655 -69.3457 300.149 -25.6472 -81.3957 291.775 -46.1687 -104.15 289.107 -51.0823 -123.528 297.455 -11.7841 -119.808 348.333 3.54372 30.3735 6.69244 11.4319 
162.516 148.662 154.692 156.265 143.005 156.164 126.191 137.265 143.866 109.614 -98.778 300.243 -4.63596 -70.3509 301.611 -23.7322 -80.9676 292.838 -43.7405 -104.184 290.139 -49.3334 -124.916 300.465 -11.2249 -120.726 350.534 3.77188 29.7112 6.68682 10.6451 
163.37 149.407 157.314 160.442 143.951 157.201 126.532 140.501 147.894 114.554 -98.7034 300.45 -3.95744 -71.1744 302.187 -21.2029 -80.9422 292.827 -43.3423 -104.252 290.203 -49.8448 -124.515 300.476 -12.4502 -121.213 351.485 4.18971 28.2602 7.16366 12.2363 
