169.834 156.176 155.808 135.862 145.158 164.258 121.593 124.385 109.672 112.136 129.899 248.663 -95.436 123.738 252.336 -71.3221 128.687 246.168 -70.7034 140.779 261.449 -58.5214 149.747 269.52 -58.2667 138.827 305.122 -73.4183 13.2814 13.3545 13.2115 
169.797 156.453 155.644 135.687 144.773 164.17 122.2 124.87 110.519 112.752 129.577 248.155 -95.2731 123.271 251.865 -71.1365 128.092 245.595 -70.9506 140.333 260.505 -59.1438 149.339 268.863 -58.6108 138.382 304.756 -73.6058 13.1904 12.8477 13.3786 
169.811 157.159 157.188 137.082 144.899 164.167 123.335 126.962 112.854 114.302 129.376 247.821 -95.1015 122.707 251.224 -71.1455 127.322 244.216 -71.9704 139.784 258.632 -60.3266 148.805 267.824 -59.2369 137.932 304.481 -73.7721 13.1549 12.167 13.7138 
169.901 157.783 159.002 140.685 145.877 164.294 124.61 129.228 116.215 116.37 129.048 247.478 -94.9249 122.03 250.464 -71.2486 126.431 242.748 -73.0957 139.022 256.212 -61.6074 148.087 266.567 -59.8335 137.455 304.202 -73.8437 13.1866 11.3176 14.0656 
169.919 158.146 159.564 144.263 146.712 164.376 125.479 130.711 118.983 117.889 128.638 247.179 -94.7633 121.353 249.781 -71.5293 125.685 241.622 -74.1277 138.389 254.153 -62.7494 147.515 265.493 -60.3615 137.001 303.932 -73.9159 13.2356 10.617 14.2632 
169.835 158.051 160.134 146.105 147.382 164.251 125.488 131.183 120.068 118.534 128.403 246.975 -94.7792 120.812 249.598 -71.5882 125.093 241.102 -74.5452 137.835 253.103 -63.4751 146.98 264.786 -60.7993 136.59 303.672 -73.991 13.2801 10.1826 14.4149 
170.449 158.207 162.891 147.253 150.003 165.194 127.012 135.157 120.878 119.661 125.197 246.66 -96.0054 119.049 247.479 -75.5882 123.3 237.985 -80.3174 136.426 252.738 -64.2753 145.839 264.359 -61.7917 135.466 303.583 -75.2185 12.8793 13.7903 14.6137 
170.2 158.213 162.952 149.336 150.234 164.893 127.022 135.378 122.376 120.33 125.844 246.652 -95.8862 119.056 247.46 -75.7028 123.364 237.738 -80.7442 136.412 251.425 -65.407 145.863 263.608 -62.3379 135.691 303.439 -75.1498 12.9749 12.8217 14.689 
169.866 157.959 162.432 150.882 149.938 164.407 126.93 135.069 123.417 120.469 126.501 246.292 -95.5631 119.286 247.086 -75.6659 123.662 237.46 -80.5201 136.752 250.26 -65.847 146.12 262.965 -62.4551 135.929 303.043 -75.0385 13.1659 11.9816 14.5733 
169.842 158.523 163.015 152.801 150.664 164.306 127.906 136.324 125.834 122.159 127.279 246.026 -95.3348 119.346 246.568 -75.6394 123.686 236.672 -80.7459 136.794 248.616 -66.5976 146.062 261.868 -62.6863 136.332 302.706 -74.9559 13.3797 11.2051 14.5995 
169.92 159.168 163.508 155.488 151.637 164.383 128.826 136.956 128.204 123.831 128.319 246.028 -95.4932 119.692 246.335 -75.741 124.029 236.427 -80.748 137.095 247.171 -67.6716 146.229 260.962 -63.1905 136.949 302.548 -75.0515 13.6433 10.0887 14.4759 
170.194 160.038 165.004 158.437 152.959 164.602 130.103 138.409 130.225 125.417 130.817 246.41 -95.5702 121.677 246.101 -76.1686 126.085 235.999 -81.6852 139.117 246.251 -68.8465 148.091 260.542 -63.6607 139.095 302.728 -75.0846 13.9246 9.67951 14.5163 
170.063 159.612 164.614 158.923 152.845 164.348 129.705 137.376 129.21 124.424 134.208 246.344 -95.6789 125.049 246.188 -76.6458 129.625 236.7 -80.5539 142.497 247.082 -68.0692 151.291 261.251 -63.5757 141.969 302.872 -75.4945 14.0032 9.69465 13.8207 
170.371 159.943 164.475 159.68 153.083 164.749 130.414 137.914 130.084 125.044 135.878 245.748 -96.4611 126.622 245.491 -77.3485 131.361 236.091 -81.142 144.011 246.181 -68.7645 152.771 260.47 -64.0396 143.799 302.366 -75.8358 14.0856 9.56567 13.5815 
170.77 160.291 163.351 161.894 156.957 165.342 132.311 139.419 135.146 128.284 137.258 244.816 -96.4827 128.062 243.499 -79.2376 133.584 234.2 -83.6406 146.484 242.378 -72.5626 154.774 257.766 -65.8 145.926 301.613 -76.0288 14.5024 7.71688 12.9728 
170.802 159.547 162.432 173.225 158.981 165.583 133.329 140.632 146.163 129.736 139.432 243.41 -96.9679 128.992 240.479 -85.2989 135.784 231.604 -90.6627 149.075 235.607 -84.3702 157.782 254.064 -69.5931 148.506 300.282 -76.3237 16.3148 4.77892 11.9859 
169.434 162.41 163.588 165.851 152.766 163.561 129.753 144.521 139.746 122.109 141.248 242.31 -94.4591 131.61 239.71 -91.2936 137.884 230.536 -104.928 154.935 233.807 -90.9024 163.33 252.009 -72.3961 151.27 298.905 -75.1778 16.8981 4.91627 16.8211 
167.831 168.641 165.825 152.303 167.131 161.065 133.017 148.018 142.752 129.517 141.94 241.598 -89.7818 134.283 239.988 -108.232 146.1 234.958 -123.1 162.945 234.814 -106.847 173.87 246.608 -83.1224 154.525 297.364 -72.0922 12.4802 5.21373 15.0619 
164.584 133.837 150.002 113.895 179.394 157.938 124.416 145.903 138.413 139.405 141.487 239.328 -83.8572 136.697 253.612 -124.622 162.941 246.228 -136.865 176.648 243.615 -114.998 191.448 242.975 -92.5783 158.007 294.864 -69.053 8.80875 8.71673 12.103 
161.999 102.174 137.914 95.4082 172.754 156.464 139.285 161.9 153.477 147.736 139.378 237.516 -78.118 142.082 268.025 -140.04 179.702 265.198 -152.004 196.315 255.177 -125.018 211.646 243.026 -96.4714 162.14 292.02 -66.8469 17.7401 12.505 17.6937 
162.111 134.079 157.921 170.019 171.007 156.434 161.631 171.919 176.613 155.094 136.482 235.074 -74.1676 148.267 283.813 -154.188 195.227 284.227 -158.229 222.931 271.499 -133.397 229.005 246.203 -95.7867 165.875 288.939 -65.1926 27.5161 15.5025 22.6246 
163.208 158.93 180 170.857 169.99 157.271 168.305 180 176.895 161.982 132.09 235.073 -71.741 156.613 292.914 -158.608 204.563 290.109 -157.476 233.706 278.424 -132.207 241.719 252.183 -92.1627 169.21 287.124 -63.8376 26.927 15.4349 22.0309 
168.986 158.03 174.898 162.953 165.088 162.658 165.162 178.293 174.278 163.132 122.843 238.524 -70.8499 160.468 290.345 -156.833 206.426 287.314 -154.326 236.364 274.761 -128.807 248.706 255.361 -87.1254 171.675 286.263 -62.2315 24.6759 16.624 21.1458 
167.04 151.313 162.202 165.984 156.07 167.259 165.394 174.159 175.31 170.364 112.63 243.373 -71.7523 164.721 288.348 -154.795 207.285 283.192 -152.052 238.595 274.873 -126.367 254.78 260.328 -83.9183 173.854 285.561 -61.4919 24.8211 16.9287 19.1173 
169.246 149.629 149.198 162.76 163.245 169.138 160.619 170.054 174.255 173.263 105.54 248.611 -73.5291 166.081 283.669 -152.85 207.523 278.567 -150.042 239.246 272.791 -124.62 257.525 261.091 -82.1342 175.736 284.829 -60.7841 25.3254 17.1284 18.6231 
174.116 147.574 142.642 156.034 158.926 171.297 160.999 167.951 172.052 171.544 102.797 251.478 -74.9608 167.251 283.32 -151.45 207.626 275.918 -148.723 238.521 269.945 -122.902 257.791 259.308 -80.4328 177.152 284.734 -60.1228 26.312 17.0521 18.2875 
176.474 150.254 140.386 151.94 152.365 171.633 160.036 166.936 170.62 166.206 100.671 253.109 -75.3116 168.012 282.413 -150.831 208.366 274.992 -148.569 238.831 268.582 -122.475 256.868 256.507 -79.5647 178.163 284.309 -59.6128 26.7064 16.9564 18.2457 
176.524 151.412 147.72 156.259 155.072 174.864 157.799 169.463 172.037 157.976 102.219 252.614 -76.0049 168.22 281.05 -150.452 209.824 276.158 -148.702 240.183 269.101 -122.766 254.151 252.625 -79.2451 179.031 284.436 -59.1433 26.9462 16.74 18.6939 
173.588 150.76 143.445 147.668 156.695 176.484 155.05 167.919 169.144 152.853 106.374 251.268 -76.9967 167.903 279.069 -149.858 210.154 275.393 -148.79 240.178 267.557 -123.692 251.769 248.386 -80.1895 180.818 285.061 -58.4599 27.2251 16.0806 19.1147 
174.336 151.936 143.427 146.971 159.245 176.671 157.694 166.259 166.259 154.154 106.604 252.301 -77.3228 169.462 281.561 -150.717 210.571 275.05 -149.168 240.314 265.97 -124.1 252.506 248.001 -81.5164 181.783 285.45 -58.5133 25.9187 16.0442 18.3152 
176.636 154.363 147.149 151.57 163.394 176.118 157.771 164.894 165.12 158.85 106.522 255.345 -76.8073 170.19 280.891 -150.721 211.441 274.594 -149.416 241.495 265.486 -124.973 255.46 249.412 -82.6415 183.338 285.346 -58.6634 25.0215 15.9873 18.5014 
176.538 155.589 147.94 151.654 164.998 175.79 157.05 166.906 169.647 160.738 108.026 255.232 -76.5934 170.113 278.337 -150.251 212.43 274.954 -149.289 243.537 267.762 -124.982 257.588 251.395 -82.4684 184.033 285.047 -58.549 25.083 16.2739 19.2286 
175.194 154.873 146.781 152.129 161.838 175.674 156.232 166.723 170.635 162.682 110.338 254.133 -76.3515 170.025 276.853 -149.768 212.599 274.121 -149.071 244.258 267.913 -124.826 259.166 252.659 -82.6292 184.853 285.011 -58.5304 24.7661 16.5475 19.5365 
173.723 154.401 144.415 146.923 158.432 175.084 158.032 165.388 168.83 165.521 113.516 252.923 -76.3149 171.685 278.966 -150.392 213.092 273.428 -149.304 244.779 266.636 -125.159 261.595 253.687 -83.7375 186.406 285.185 -58.7573 24.1481 16.6039 18.6405 
174.011 154.741 144.583 147.801 158.199 175.308 158.673 165.687 168.147 166.161 114.358 252.7 -76.5817 172.569 280.313 -150.686 213.603 273.777 -149.543 244.902 266.309 -125.512 262.215 253.955 -84.586 186.879 285.311 -58.7733 23.6584 16.3137 18.3318 
174.789 155.65 145.439 149.224 158.213 175.622 159.666 165.837 167.131 165.067 114.625 252.923 -76.9859 174.098 281.736 -151.135 214.519 274.014 -149.739 245.322 265.6 -125.679 262.364 253.265 -84.8942 187.427 285.333 -58.8041 23.349 16.089 17.881 
176.352 157.555 148.557 151.62 159.775 175.995 158.283 167.439 168.447 164.68 114.752 252.677 -77.5792 174.407 279.158 -150.86 216.28 273.54 -149.581 246.979 265.394 -125.303 263.097 252.583 -84.481 188.05 284.73 -58.5377 23.0295 15.9757 18.7385 
176.74 158.239 149.916 152.541 160.669 175.793 157.424 167.041 169.373 166.104 114.939 252.744 -78.0589 173.99 276.829 -150.572 216.507 272.721 -149.433 247.683 265.667 -125.173 263.887 253.114 -84.3608 188.279 284.393 -58.4754 22.8992 16.123 19.2703 
177.048 158.18 150.749 155.396 162.108 175.349 158.071 168.263 171.693 167.177 115.835 252.537 -79.222 174.08 274.379 -150.359 217.663 272.569 -149.215 249.268 266.733 -124.678 265.047 253.615 -83.2942 188.557 283.825 -58.4469 23.3962 16.3949 20.1946 
176.615 157.774 152.751 155.39 163.795 174.436 157.494 165.543 169.116 165.307 115.879 252.34 -79.3572 173.433 272.771 -150.106 217.209 271.496 -149.176 248.749 265.943 -124.849 264.827 253.407 -83.4626 188.643 283.579 -58.6133 23.3132 16.3289 20.5709 
176.998 157.579 152.43 154.841 163.623 174.72 159.178 167.431 171.102 167.483 117.04 253.27 -80.8339 174.085 273.21 -150.75 217.982 272.589 -149.709 249.636 267.376 -125.152 265.852 254.964 -83.6158 188.938 283.946 -58.8748 23.3683 16.39 20.596 
177.176 157.52 152.437 158.339 164.053 174.83 159.906 168.98 172.681 169.235 117.208 253.6 -81.5512 174.364 273.919 -151.171 218.417 273.559 -150.133 250.124 268.362 -125.486 266.475 255.849 -83.8056 188.989 284.043 -59.0587 23.4674 16.3933 20.6385 
176.782 157.506 152.773 159.102 164.525 174.501 160.251 169.858 172.936 167.465 117.539 253.721 -82.5266 174.239 275.391 -151.835 218.547 274.63 -150.827 250.102 268.7 -125.937 266.048 254.933 -83.4559 188.918 284.239 -59.4706 24.3827 16.4285 20.7464 
176.614 157.558 153.143 160.872 165.297 174.327 160.523 170.492 173.528 166.97 117.613 253.585 -83.0646 174.29 276.416 -152.255 218.692 275.644 -151.233 250.164 269.432 -126.269 265.817 254.755 -83.3993 188.755 284.314 -59.6741 24.8281 16.3987 20.7646 
176.321 157.62 152.703 161.972 165.82 174.261 160.589 170.862 173.899 167.326 117.724 253.176 -83.4152 174.443 277.451 -152.741 218.83 276.528 -151.622 250.199 270.051 -126.627 265.75 254.925 -83.7086 188.613 284.408 -59.9555 24.9087 16.3508 20.7101 
175.897 156.604 152.406 153.503 164.698 174.264 159.41 168.23 171.032 165.532 118.066 253.537 -84.3729 174.988 279.146 -153.309 218.246 276.136 -151.908 248.739 268.882 -126.294 265.022 254.361 -84.0027 188.441 285.065 -60.6685 24.9708 16.3231 19.8571 
175.388 155.52 151.531 151.638 161.073 174.388 157.595 163.299 166.455 163.804 118.771 254.533 -85.3196 175.7 281.139 -153.896 217.209 275.936 -152.307 247.208 268.431 -126.803 264.324 254.642 -84.9868 188.787 286.672 -61.5338 25.0198 16.1697 18.7071 
175.435 155.054 151 151.083 160.008 174.538 156.628 161.728 165.599 162.994 118.968 254.8 -85.7938 175.778 281.539 -154.08 216.923 276.414 -152.55 246.994 269.147 -127.319 264.34 255.789 -85.784 188.971 287.374 -61.9455 24.7515 16.1087 18.4794 
175.504 154.661 150.959 150.441 159.307 174.73 155.561 160.086 164.516 162.188 119.036 255.392 -86.4265 175.647 281.646 -154.208 216.509 276.78 -152.806 246.66 269.694 -127.73 264.305 256.883 -86.5462 189.067 288.038 -62.3454 24.4479 16.1162 18.3152 
175.254 154.854 150.72 151.685 161.148 174.759 154.717 160.1 164.215 163.608 119.174 255.489 -86.8165 175.065 281.412 -154.284 216.362 277.751 -153.127 247.066 271.39 -128.453 265.392 259.408 -87.4869 189.062 288.405 -62.6982 24.108 16.2333 18.7056 
175.471 155.138 151.163 152.539 161.529 175.009 154.476 160.195 164.852 165.638 119.203 255.781 -87.34 174.512 281.188 -154.382 216.104 278.545 -153.443 247.432 272.813 -128.942 266.189 261.541 -88.2521 189.071 288.751 -62.9556 23.7518 16.5076 18.9934 
175.795 155.845 152.082 153.453 161.877 175.212 154.257 160.518 165.732 166.832 118.815 256.046 -88.0573 173.593 280.471 -154.552 215.727 279.072 -153.912 247.553 273.941 -129.561 266.309 262.828 -89.0206 188.818 288.823 -63.2941 23.4419 16.7042 19.523 
176.101 155.252 152.511 153.915 162.881 175.285 154.598 163.666 169.098 167.82 117.681 256.027 -88.6523 172.413 279.363 -154.83 216.283 280.402 -154.516 248.495 275.933 -129.983 266.09 263.602 -89.277 188.111 288.696 -63.7666 23.2467 16.8932 21.0644 
176.162 156.717 153.683 153.872 162.724 175.36 154.303 163.727 169.508 167.394 117.209 256.073 -89.1733 171.322 278.141 -154.899 215.702 280.203 -154.916 248.087 276.161 -130.302 265.439 263.237 -89.2803 187.562 288.485 -64.0168 23.5586 16.9992 21.6451 
176.335 156.217 153.394 153.653 162.457 175.345 153.564 164.098 170.371 166.743 116.771 256.657 -89.6924 170.477 277.515 -154.848 215.36 280.6 -155.233 247.863 276.934 -130.678 264.768 262.955 -89.3531 187.111 288.426 -64.2902 23.938 17.038 22.2588 
176.366 154.831 152.416 154.254 162.364 175.156 153.581 164.881 171.3 166.45 116.222 257.347 -90.2129 170.222 278.09 -155.205 215.342 281.384 -155.573 247.698 277.811 -131.04 264.379 262.898 -89.3563 186.711 288.545 -64.6908 24.4905 16.933 22.4437 
176.152 154.452 151.077 151.734 159.734 174.905 153.657 163.195 170.45 164.209 115.913 258.551 -91.0588 170.206 279.164 -156.002 214.764 281.285 -155.934 246.988 278.187 -131.381 263.831 262.337 -88.7393 186.287 289.252 -65.4957 26.0075 16.9778 21.8411 
176.135 154.524 150.779 149.152 158.271 174.833 153.056 160.898 168.168 162.295 115.763 259.103 -91.5942 170.446 279.766 -156.359 214.116 280.744 -156.06 246.215 277.593 -131.486 263.407 262.035 -88.8264 186.214 289.747 -65.9661 26.3212 17.0169 21.0464 
176.036 153.473 149.924 148.588 158.149 174.78 152.651 159.22 166.453 161.623 115.793 259.27 -92.0876 170.885 281.038 -156.797 213.633 280.921 -156.306 245.836 277.474 -131.804 263.247 262.345 -89.353 186.135 290.145 -66.4103 26.156 17.1381 20.2096 
175.746 153.522 150.382 149.772 160.299 174.462 154.147 159.956 165.594 162.545 115.452 259.478 -92.466 171.798 283.104 -157.729 214.082 282.033 -156.797 245.959 277.674 -132.206 263.684 263.633 -90.1648 185.964 290.559 -66.8044 25.4805 16.9083 19.5841 
175.336 155.169 151.666 150.912 161.924 173.979 155.713 160.822 164.816 162.981 114.878 260.032 -92.8705 172.523 284.871 -158.72 214.71 282.918 -157.232 246.126 277.655 -132.478 263.905 264.5 -90.9222 185.805 290.985 -67.183 24.754 16.6523 19.3402 
175.181 157.687 153.638 152.434 162.94 173.902 156.669 161.235 163.764 162.557 114.742 260.129 -93.2737 172.682 285.57 -159.55 215.003 283.287 -157.738 246.069 277.285 -132.846 263.724 264.974 -91.7524 185.636 291.403 -67.5187 23.9792 16.4657 19.3465 
175.242 161.965 156.79 155.681 163.295 173.99 157.418 161.857 162.404 160.277 114.497 260.177 -93.9786 172.012 285.148 -160.62 215.248 283.681 -158.573 245.824 276.77 -133.627 262.333 264.417 -92.8795 185.164 292.015 -68.072 23.1071 16.1543 19.9964 
175.482 163.899 158.04 156.744 161.848 174.26 157.005 161.416 162.144 158.443 114.553 260.01 -94.3006 171.025 283.516 -160.771 215.107 283.195 -158.828 245.647 276.355 -133.84 261.117 262.907 -92.569 184.887 292.318 -68.3012 23.5771 16.1153 20.7717 
175.597 164.744 158.985 157.754 159.941 174.357 156.781 161.372 163.009 156.389 114.637 259.995 -95.1233 170.387 281.871 -161.087 215.342 283.028 -159.336 246.008 276.468 -134.25 259.674 261.062 -92.2693 184.656 292.418 -68.7109 24.351 16.1447 21.6057 
175.855 164.129 159.725 158.612 156.764 174.561 156.621 161.198 162.905 152.573 115.125 259.66 -95.8132 170.195 281.106 -161.275 215.678 282.831 -159.619 245.934 275.712 -134.431 257.083 258.259 -91.4851 184.464 292.688 -69.0637 25.6619 15.9957 22.0637 
175.983 162.812 160.102 158.773 154.852 174.769 156.631 161.047 163.062 150.361 115.601 259.239 -96.7209 170.538 280.73 -161.61 216.132 282.77 -159.957 246.028 275.239 -134.577 255.046 256 -91.0175 184.292 292.968 -69.4686 26.9762 15.9037 22.116 
176.263 161.027 160.173 158.509 153.573 175.173 156.531 160.216 161.871 148.31 116.309 258.873 -97.7659 171.472 281.211 -162.062 216.34 282.508 -160.24 245.521 274.147 -134.777 253.109 254.41 -91.1334 184.17 293.468 -69.9484 27.481 15.6774 21.3664 
176.272 159.767 159.735 158.135 154.499 175.434 157.518 159.55 160.224 147.899 116.986 258.754 -99.1262 172.787 283.154 -162.964 216.421 282.418 -160.649 244.626 272.644 -134.914 251.898 253.261 -91.649 184.084 294.179 -70.4803 27.283 15.5781 20.0763 
176.019 159.607 159.585 157.762 156.003 175.483 159.268 159.401 158.192 148.08 117.31 258.676 -100.26 174.121 285.718 -163.945 216.382 282.135 -161.04 243.074 270.363 -134.734 250.87 252.491 -92.3316 183.866 294.815 -71.0266 26.2058 15.6956 18.8053 
175.884 160.101 159.684 157.445 159.253 175.77 160.423 158.058 154.773 148.938 117.74 257.869 -102.093 175.622 288.679 -165.182 215.204 280.66 -161.427 240.072 267.168 -134.964 250.232 253.206 -94.2922 183.153 295.792 -72.1852 23.3716 15.7927 17.2477 
175.928 160.753 160.057 157.938 160.216 176.205 160.604 157.1 152.961 149.83 118.174 257.39 -102.87 176.371 289.745 -165.702 215.287 279.694 -161.342 239.026 265.6 -134.981 250.625 254.857 -95.6517 182.674 296.089 -72.8099 21.0452 15.692 17.3448 
176.395 159.776 159.9 159.019 159.266 177.275 158.882 155.29 150.588 147.532 119.696 257.103 -103.978 176.793 289.759 -165.953 214.939 278.054 -161.103 237.242 263.237 -134.663 248.943 255.004 -96.335 182.34 296.592 -73.4974 19.4009 15.7509 17.4849 
177.329 160.876 160.594 159.955 158.435 178.252 158.757 155.2 149.319 147.099 121.961 256.05 -104.922 177.224 290.051 -166.636 214.519 276.656 -161.668 234.762 260.504 -134.43 248 256.139 -98.1712 181.981 297.051 -74.1892 16.7603 16.3509 17.5407 
178.747 161.866 161.59 161.708 158.59 177.709 158.007 155.362 148.837 146.978 125.063 255.117 -105.641 177.123 289.691 -167.288 213.772 275.288 -162.318 231.954 257.669 -134.549 246.218 256.676 -99.8028 181.699 297.769 -74.8365 14.881 17.1474 17.4879 
178.45 162.802 162.162 164.564 158.792 176.218 157.463 155.19 148.144 144.184 127.978 254.581 -106.402 176.889 289.358 -167.854 212.575 274.331 -162.867 228.911 255.474 -134.763 242.052 255.769 -101.017 181.393 298.604 -75.4616 12.9738 18.0113 17.1597 
176.385 165.711 162.935 160.945 159.616 172.661 159.102 157.01 147.754 140.828 133.956 253.849 -107.14 176.765 290.542 -168.509 210.976 276.264 -164.125 225.437 256.366 -135.565 235.472 256.161 -103.04 180.384 300.409 -76.1141 10.8135 18.9673 15.7547 
175.331 166.045 161.97 158.577 158.771 171.015 159.419 156.339 147.129 137.287 136.648 253.861 -107.721 176.742 291.742 -168.59 210.152 277.405 -164.121 224.429 258.05 -136.312 231.612 256.077 -102.946 179.838 301.259 -76.4407 12.2141 18.4184 15.4658 
174.82 166.301 160.834 156.708 157.957 170.126 159.708 155.179 146.134 133.566 138.547 254.445 -108.73 176.936 292.936 -168.793 209.345 278.61 -164.113 223.482 259.856 -136.973 227.558 256.06 -102.43 179.32 302.212 -76.8798 14.9846 17.8933 15.09 
174.523 166.339 160.096 156.493 157.338 169.495 158.802 153.151 145.398 131.756 140.079 255.471 -109.62 176.037 292.766 -168.828 207.221 278.593 -163.851 221.654 260.948 -137.779 223.915 256.23 -102.407 178.836 303.483 -77.2794 17.0044 16.8267 14.48 
174.303 165.695 159.087 156.975 156.555 168.846 157.232 151.09 145.372 130.078 141.601 256.583 -110.196 174.443 292.206 -168.415 205.047 278.388 -163.136 220.075 262.453 -138.573 220.335 256.63 -102.033 178.237 304.773 -77.6242 19.5442 15.1156 14.1255 
171.145 163.723 158.83 157.001 156.526 165.281 153.483 144.34 140.027 129.61 145.651 258.665 -111.389 172.2 291.53 -167.942 199.383 274.58 -160.354 212.982 260.689 -136.782 215.281 258.535 -103.906 176.995 307.15 -78.9139 15.3326 13.6743 15.2114 
168.506 162.096 159.932 159.357 156.566 162.588 148.29 137.233 138.71 127.456 148.109 261.948 -110.716 169.196 287.805 -163.807 190.622 267.926 -153.157 205.302 259.287 -133.494 209.381 261.825 -103.383 175.588 310.553 -79.6615 12.2049 8.49365 16.7276 
167.881 162.131 161.599 160.738 157.599 161.842 145.919 136.011 138.548 128.52 149.318 263.395 -110.843 167.695 285.965 -161.26 186.536 265.378 -149.754 201.394 258.856 -131.963 207.065 263.386 -104.288 174.693 312.048 -80.0133 9.55818 6.15116 17.0202 
166.722 161.763 162.932 161.286 158.647 160.557 140.024 136.097 139.389 130.265 151.901 264.269 -110.246 163.557 278.787 -153.756 178.785 260.808 -143.453 194.94 258.045 -129.354 202.474 264.898 -104.59 172.732 314.347 -80.9769 7.39286 1.99791 13.6792 
166.39 160.583 162.418 160.349 157.38 160.498 135.892 135.312 138.637 128.595 152.538 264.098 -110.043 160.792 273.706 -147.703 175.035 258.999 -139.839 191.533 257.499 -127.258 198.964 265.137 -102.84 171.691 314.914 -81.4487 8.32081 0.604314 9.83914 
166.655 161.109 161.436 160.263 158.429 161.46 136.001 137.514 139.909 130.739 152.538 264.661 -110.535 156.197 266.612 -139.257 169.616 258.131 -137.63 186.42 257.647 -125.929 195.039 265.943 -103.057 169.622 316.149 -82.2112 7.5233 0.318248 4.53148 
166.719 159.529 160.508 159.567 157.734 161.937 134.743 137.993 140.103 130.359 152.095 264.765 -111.074 153.863 264.998 -135.549 167.656 259.05 -138.306 184.505 258.633 -126.766 192.883 266.531 -103.326 168.544 316.638 -82.7485 8.43551 0.323115 5.43194 
167.383 159.591 161.531 160.775 158.542 163.001 135.2 139.382 140.727 131.749 150.739 265.236 -111.996 151.707 263.787 -132.757 165.257 258.775 -137.974 181.777 258.403 -126.086 190.766 266.805 -103.786 167.394 317.088 -83.0978 7.71434 0.216381 7.21253 
168.178 159.198 163.627 162.177 158.986 163.98 134.881 139.923 140.575 132.182 150.126 265.822 -113.316 149.779 263.516 -130.261 162.663 258.6 -136.705 178.873 258.36 -124.68 188.453 267.314 -103.686 166.309 317.675 -83.4886 7.14958 0.612 8.40711 
