158.655 129.802 140.377 148.532 152.954 149.965 100.96 112.901 121.293 113.382 -67.908 197.069 -20.8079 -96.6054 213.719 -12.3812 -93.8888 198.099 -22.604 -79.1794 190.283 -23.5203 -62.982 199.518 -16.929 -59.033 250.411 -12.8957 12.6979 3.42379 13.5248 
158.701 129.78 140.34 148.48 152.836 149.882 101.09 112.98 121.381 113.545 -67.8405 197.479 -21.2375 -96.7077 214 -12.4871 -93.9802 198.388 -22.8118 -79.3351 190.639 -23.8284 -63.1522 199.871 -17.3459 -59.311 250.814 -13.2573 12.6462 3.50861 13.5833 
158.816 129.667 140.161 148.58 152.873 149.977 101.209 113.093 121.726 114.053 -67.8233 197.769 -21.463 -96.81 214.149 -12.6023 -94.0317 198.514 -23.1183 -79.4682 190.742 -24.3836 -63.3024 199.925 -17.8916 -59.4977 251.104 -13.4495 12.5196 3.66807 13.6643 
158.919 129.775 140.234 148.869 152.997 150.028 101.649 113.519 122.32 114.562 -67.8663 198.086 -21.6746 -97.0582 214.176 -12.9736 -94.1911 198.538 -23.6493 -79.674 190.781 -25.0082 -63.4478 200.003 -18.4042 -59.6579 251.421 -13.6756 12.4138 3.75001 13.6401 
158.954 129.558 139.843 148.561 152.693 149.88 101.415 113.151 121.959 114.238 -67.9178 198.408 -21.6161 -97.3864 214.55 -13.2669 -94.391 198.95 -23.9332 -79.8703 191.199 -25.2485 -63.5578 200.343 -18.7102 -59.8842 251.774 -13.8444 12.2672 3.74353 13.5615 
158.968 129.606 139.639 148.591 152.571 149.801 101.45 113.069 121.962 114.179 -68.1425 198.839 -21.7763 -97.7925 214.883 -13.5481 -94.7016 199.331 -24.2757 -80.2056 191.578 -25.6517 -63.8294 200.716 -19.0944 -60.2435 252.212 -14.0426 12.2041 3.77058 13.4881 
158.995 129.88 139.549 148.651 152.533 149.85 101.602 113.022 121.955 114.111 -68.5022 199.242 -22.0039 -98.3139 215.223 -13.8192 -95.1799 199.776 -24.7316 -80.6801 192.019 -26.1244 -64.2259 201.133 -19.5092 -60.6521 252.647 -14.2107 12.1674 3.74732 13.4974 
159.053 130.036 139.573 149.116 152.761 149.967 101.83 113.236 122.293 114.399 -68.9467 199.557 -22.3356 -98.7854 215.578 -14.0411 -95.6623 200.134 -25.1943 -81.2038 192.361 -26.6301 -64.7632 201.538 -19.9377 -61.188 253.102 -14.4726 12.2587 3.74015 13.5734 
159.139 130.252 140.141 150.102 153.408 150.16 102.449 113.853 123.123 115.197 -69.3352 199.542 -22.6818 -99.1707 215.393 -14.2044 -96.0915 199.951 -25.5948 -81.6895 192.21 -27.2255 -65.3059 201.54 -20.4148 -61.7639 253.267 -14.7223 12.3805 3.80674 13.6495 
159.12 130.618 140.758 150.951 154.068 150.311 102.785 114.154 123.505 115.826 -69.8498 199.694 -23.1358 -99.5385 215.556 -14.1946 -96.6082 200.12 -25.7786 -82.2544 192.433 -27.6361 -65.9832 201.801 -20.96 -62.4854 253.608 -15.0103 12.4255 3.86997 13.8085 
159.055 130.732 141.104 151.383 154.623 150.595 103.228 114.254 123.744 116.431 -70.5558 199.72 -23.4564 -100.028 215.606 -14.3421 -97.1268 200.285 -25.868 -82.7876 192.531 -27.9072 -66.6106 201.799 -21.3294 -63.0342 253.745 -15.1931 12.3866 3.90303 13.7496 
158.971 130.966 141.693 152.088 155.239 150.787 103.92 114.728 124.398 117.312 -71.2596 199.793 -23.5191 -100.584 215.43 -14.5218 -97.6772 200.181 -26.1164 -83.2747 192.358 -28.4101 -67.1521 201.602 -21.7435 -63.5445 253.869 -15.2977 12.3277 3.93797 13.7158 
158.881 130.91 141.742 152.181 155.408 150.905 104.113 114.81 124.507 117.598 -71.9677 199.889 -23.3797 -101.188 215.455 -14.6602 -98.2809 200.199 -26.2528 -83.7898 192.269 -28.585 -67.6795 201.427 -21.8994 -63.9407 253.882 -15.3428 12.2606 3.87968 13.682 
158.771 131.015 142.072 152.688 155.729 150.902 104.752 115.461 125.199 118.075 -72.7102 200.248 -23.395 -101.939 215.515 -14.7548 -99.0942 200.234 -26.5771 -84.5753 192.266 -28.924 -68.3745 201.48 -22.0588 -64.4766 254.119 -15.3922 12.2808 3.8208 13.7227 
158.724 130.963 142.213 152.94 155.823 150.932 104.874 115.566 125.338 118.249 -73.3282 200.667 -23.5367 -102.498 215.832 -14.7214 -99.7138 200.546 -26.6464 -85.215 192.586 -29.1587 -69.0113 201.799 -22.326 -65.1084 254.51 -15.5303 12.2522 3.88971 13.7943 
158.768 131.106 142.236 153.302 156.138 151.063 104.94 115.728 125.8 118.749 -73.9334 200.95 -23.5375 -103.065 216.298 -14.5292 -100.431 200.936 -26.7709 -85.9991 192.853 -29.5272 -69.7545 202.034 -22.6351 -65.7112 254.922 -15.6754 12.196 4.01959 14.0833 
158.721 131.269 142.061 153.211 155.983 151.079 104.717 115.475 125.661 118.53 -74.6515 201.065 -23.5845 -103.696 216.682 -14.5383 -101.181 201.293 -26.9048 -86.7793 193.088 -29.7107 -70.4924 202.248 -22.7613 -66.3126 255.073 -15.8773 12.2584 4.03731 14.263 
158.71 131.048 141.792 153.244 156.045 151.166 104.227 115.002 125.383 118.398 -75.3039 201.115 -23.6721 -104.08 217.142 -14.3344 -101.723 201.65 -26.7546 -87.4045 193.287 -29.7425 -71.1541 202.378 -22.8762 -66.911 255.163 -16.0883 12.2782 4.16356 14.5139 
158.691 130.757 141.721 153.107 155.888 151.273 103.746 114.606 124.972 118.017 -75.9842 201.199 -23.8972 -104.397 217.397 -14.3722 -102.108 201.803 -26.7439 -87.8296 193.422 -29.7247 -71.6147 202.497 -22.888 -67.4372 255.162 -16.2409 12.357 4.17921 14.6032 
158.694 130.638 142.174 153.691 156.271 151.526 104.19 115.24 125.603 118.631 -77.0195 201.354 -24.2277 -105.164 217.249 -14.6195 -102.89 201.578 -27.1664 -88.5609 193.293 -30.2795 -72.3982 202.49 -23.3327 -68.4181 255.345 -16.4664 12.3775 4.21284 14.6785 
158.801 130.873 142.332 154.008 156.365 151.618 104.312 115.747 126.089 118.83 -77.5376 201.344 -24.2717 -105.614 217.11 -14.8074 -103.345 201.257 -27.5236 -88.9602 192.966 -30.4495 -72.7594 202.305 -23.2371 -68.7214 255.243 -16.5847 12.5285 4.07537 14.7306 
158.866 131.493 142.526 154.268 156.407 151.654 104.773 116.203 126.546 119.028 -78.0271 201.36 -24.3012 -106.343 216.928 -15.0114 -104.026 201.129 -27.9131 -89.5646 192.869 -30.7313 -73.2651 202.314 -23.3719 -69.2531 255.334 -16.6834 12.5703 3.92645 14.678 
158.819 131.803 142.827 154.4 156.377 151.564 105.096 116.441 126.654 118.976 -78.3626 201.386 -24.5296 -106.868 216.854 -15.0401 -104.516 201.141 -27.9693 -90.0566 193.042 -30.7067 -73.7415 202.644 -23.4041 -69.937 255.53 -16.8698 12.6877 3.83837 14.5916 
158.612 131.775 142.259 153.482 155.655 151.264 104.399 115.386 125.421 117.715 -78.8063 201.229 -24.6974 -107.469 217.202 -14.9223 -105.123 201.633 -27.6797 -90.6632 193.519 -30.2139 -74.3394 203.124 -23.2095 -70.6417 255.477 -17.133 12.8501 3.68226 14.5453 
158.319 131.84 142.279 153.171 155.546 151.131 104.178 114.717 124.584 117.202 -79.2004 201.236 -25.2725 -107.801 217.188 -14.9215 -105.416 201.836 -27.4832 -91.0184 193.911 -30.044 -74.7902 203.495 -23.4089 -71.4456 255.499 -17.3744 12.884 3.7081 14.4293 
157.834 132.165 142.221 152.834 155.221 150.82 104.231 114.207 123.639 116.472 -79.7603 201.4 -25.8584 -108.276 216.89 -15.1995 -105.715 201.912 -27.4088 -91.286 194.335 -29.8633 -75.1327 203.945 -23.6521 -72.3633 255.601 -17.5612 12.8471 3.64599 14.0531 
157.429 132.734 142.502 152.591 155.094 150.697 104.864 113.967 122.988 116.082 -80.5928 201.337 -26.5584 -109.037 216.256 -15.6347 -106.28 201.771 -27.3859 -91.7219 194.451 -29.7685 -75.6665 204.074 -23.9367 -73.3288 255.466 -17.8242 12.8456 3.5105 13.5476 
157.385 133.571 142.861 152.655 155.218 150.56 105.885 114.762 123.658 116.797 -81.9917 200.686 -26.7949 -110.286 215.309 -16.0212 -107.545 200.954 -27.5019 -92.9497 193.578 -30.117 -76.8136 203.114 -24.3131 -74.1243 254.775 -18.2124 12.6723 3.54131 13.2908 
157.184 139.186 145.433 155.096 155.919 150.862 108.001 118.332 127.685 119.433 -84.9656 199.016 -24.1423 -112.235 213.098 -16.7659 -109.373 198.432 -29.9777 -94.086 190.622 -32.7546 -77.596 200.566 -25.6228 -73.6 253.368 -17.6256 12.4656 3.26281 13.7938 
156.732 145.025 135.185 148.603 154.611 151.978 112.245 118.284 127.768 120.046 -88.6948 198.386 -21.3326 -115.125 211.075 -19.7637 -111.664 199.716 -34.1513 -96.1715 191.619 -36.3522 -76.8405 198.851 -26.8524 -72.9862 252.626 -16.7352 10.4786 3.01711 14.2482 
157.22 147.26 137.963 138.512 156.744 153.556 115.819 122.605 129.984 123.919 -93.7731 199.166 -15.4179 -117.291 209.117 -20.6835 -114.771 201.589 -44.0347 -94.0958 193.019 -45.0055 -72.3119 194.751 -30.5629 -72.0232 252.373 -14.2593 10.4113 2.84051 21.9171 
171.56 147.947 129.712 144.397 153.694 163.757 124.525 137.303 145.268 131.036 -105.226 199.169 -9.31725 -125.437 208.633 -32.7356 -111.217 201.456 -60.1871 -86.5232 190.303 -60.0487 -63.7733 187.624 -36.2217 -71.1121 250.723 -11.9942 16.1569 6.6394 21.6702 
170.611 149.805 140.939 161.795 160.5 167.989 132.162 161.063 162.857 145.594 -112.591 199.773 -2.21422 -131.65 210.329 -43.5591 -107.774 203.588 -77.9411 -79.827 192.279 -76.1477 -54.2467 184.295 -46.8095 -70.9023 248.641 -10.0444 18.9159 8.57125 26.3802 
168.693 150.252 158.434 167.48 172.616 170.374 136.367 170.276 170.829 164.13 -117.897 198.691 4.04424 -135.571 212.107 -52.1705 -104.014 207.978 -91.9465 -72.2259 196.572 -88.4467 -41.9931 185.436 -59.0256 -70.9541 246.584 -9.14035 19.6297 10.7134 30.0707 
169.443 153.392 163.304 165.691 170.217 171.933 150.208 168.464 167.484 168.063 -122.876 197.685 10.659 -137.172 217.285 -65.1652 -100.256 208.437 -98.0412 -67.1768 195.688 -92.3044 -33.3394 185.885 -64.4345 -70.3417 244.689 -8.67198 19.1766 11.7114 25.1728 
171.621 158.361 161.444 161.806 164.919 173.705 156.592 157.737 156.43 161.468 -131.677 198.615 20.1388 -132.671 217.007 -74.7505 -93.292 200.804 -95.8373 -59.4815 187.53 -86.2534 -25.1528 183.413 -61.0461 -69.4381 241.832 -7.91438 17.718 13.4399 21.3999 
170.538 159.06 160.383 160.681 162.302 173.994 155.635 154.678 154.557 157.654 -134.343 199.936 23.1728 -130.34 215.083 -75.1617 -91.8926 197.893 -93.2649 -57.2602 185.688 -83.4863 -24.4427 182.754 -57.4903 -69.3173 240.501 -7.28936 17.6498 14.0017 20.4057 
170.341 160.402 161.001 161.281 161.126 174.622 155.866 154.14 154.6 154.751 -136.452 201.408 24.6323 -129.233 213.703 -75.1623 -91.048 195.976 -91.9978 -55.9434 184.178 -81.9522 -24.5696 181.69 -54.2897 -69.3368 239.394 -6.553 17.917 14.3703 20.1306 
170.393 161.438 162.284 162.409 161.572 175.364 155.882 154.668 155.357 152.925 -137.051 201.656 24.6946 -128.942 211.525 -74.3853 -90.8856 194.019 -91.1983 -55.5996 182.901 -81.3166 -24.9282 180.981 -52.5156 -69.5486 238.607 -6.07718 18.1356 14.2756 19.961 
170.218 160.314 162.317 162.134 162.135 175.224 154.894 154.653 155.269 150.978 -137.021 201.264 24.6232 -129.188 209.507 -73.1348 -91.4258 192.372 -90.3115 -55.9959 181.738 -80.6972 -25.8678 180.333 -50.8704 -69.9534 238.11 -5.8273 18.4882 14.2147 19.7636 
170.776 159.392 162.31 161.787 162.374 174.931 154.714 155.159 155.401 150.087 -136.742 200.807 24.4821 -129.356 207.996 -72.1305 -91.8838 191.327 -89.62 -56.549 181.06 -80.1342 -26.4999 180.126 -49.7905 -70.2957 237.819 -5.58488 18.8355 14.0627 19.5242 
171.612 158.866 162.34 161.593 162.585 174.648 155.174 155.682 155.369 149.365 -136.387 200.148 24.4688 -129.676 207.111 -71.51 -92.3955 190.686 -89.1227 -57.0568 180.488 -79.5014 -26.9367 179.902 -48.7241 -70.5652 237.705 -5.43905 19.3097 14.1263 19.359 
172.498 159.206 162.72 162.047 162.998 174.48 155.944 156.552 156.236 150.429 -136.134 199.417 24.4323 -130.517 206.276 -70.9819 -93.3347 190.08 -88.993 -57.8798 179.991 -79.6338 -27.3026 179.398 -48.787 -70.8905 237.512 -5.42356 19.5626 14.0742 19.2914 
173.118 159.548 163.084 162.595 163.515 174.45 156.8 157.501 157.455 152.458 -136.064 198.799 24.385 -131.576 205.906 -70.4987 -94.5031 189.956 -89.0586 -58.9212 179.884 -80.2187 -27.5379 178.951 -49.6737 -71.1669 237.216 -5.43368 19.7417 13.9879 19.3018 
173.234 160.324 163.899 163.457 164.316 174.517 158.376 159.316 159.492 154.93 -136.969 198.852 24.5496 -133.448 206.059 -70.3161 -96.1381 190.249 -89.913 -60.3156 179.919 -81.727 -28.3459 178.34 -50.9587 -71.6474 236.723 -5.51666 19.9243 13.9383 19.6689 
172.804 160.503 163.952 163.513 164.225 174.46 158.812 159.683 159.808 155.949 -137.427 198.794 24.6876 -134.199 206.187 -70.2963 -96.7566 190.271 -90.2654 -60.9668 179.603 -82.2241 -28.6036 177.825 -51.851 -71.7546 236.333 -5.54284 19.7345 13.924 19.8668 
172.627 160.873 164.199 163.819 164.259 174.533 159.066 159.96 160.251 157.047 -137.8 198.876 24.5806 -134.523 205.786 -70.1958 -97.0441 189.933 -90.3635 -61.2442 179.312 -82.6129 -28.6353 177.501 -52.6894 -71.832 236.006 -5.54296 19.4152 13.8077 19.899 
172.75 161.622 164.869 164.439 165.042 174.569 159.422 160.407 160.976 158.67 -138.104 199.021 24.0928 -134.421 204.88 -70.0457 -97.12 189.16 -90.3085 -61.3636 178.922 -82.8666 -28.3898 177.474 -53.7117 -71.9354 235.834 -5.53155 18.9754 13.5524 19.6356 
172.824 162.194 165.376 164.608 165.578 174.526 159.473 160.534 160.879 158.425 -137.744 197.732 24.234 -134.319 203.37 -69.7862 -96.7683 188.096 -90.2582 -60.7596 178.184 -82.8977 -28.3496 177.285 -53.5258 -71.9343 235.555 -5.61446 18.5608 13.5972 19.6947 
172.827 162.081 165.333 164.621 166.079 174.552 159.162 160.382 160.688 157.66 -137.478 196.823 24.2569 -134.415 202.875 -69.7418 -96.758 187.8 -90.4455 -60.5489 177.957 -83.1303 -28.7517 177.1 -53.1011 -71.9696 235.398 -5.7585 18.5591 13.6953 19.7692 
172.836 162.139 165.456 164.708 166.568 174.607 158.976 160.449 160.654 157.23 -137.26 196.086 23.9264 -134.467 202.331 -69.7831 -96.7106 187.762 -90.7833 -60.3757 178.046 -83.4347 -28.9426 177.231 -52.9904 -72.0595 235.32 -5.99931 18.6196 13.7575 19.8233 
172.856 162.569 165.85 165.003 166.637 174.694 159.174 160.95 161.028 157.653 -137.429 195.998 23.3033 -134.707 201.979 -69.9154 -96.7419 188.032 -91.2905 -60.3285 178.375 -83.832 -28.7627 177.409 -53.3211 -72.1928 235.286 -6.28537 18.7948 13.8126 19.9939 
172.747 162.588 166.08 165.071 166.221 174.868 159.319 161.355 161.157 157.053 -137.828 195.999 22.5314 -135.175 202.007 -70.369 -96.9318 188.366 -92.0098 -60.467 178.546 -84.3382 -29.1091 177.244 -53.1401 -72.4869 235.189 -6.69429 19.2175 13.9218 20.239 
172.507 162.327 165.902 164.742 164.982 175.047 159.453 161.429 160.729 155.27 -138.273 195.981 21.7893 -135.697 202.428 -71.2464 -97.0453 188.818 -92.9168 -60.6309 178.57 -84.6904 -29.7 176.448 -51.8191 -72.8222 235.161 -7.1604 20.4254 14.0971 20.4925 
172.4 162.194 165.905 164.549 163.437 175.229 159.714 161.604 160.447 153.132 -138.693 196.181 21.1874 -136.019 203.045 -72.0423 -96.9713 189.378 -93.6738 -60.6561 178.658 -84.933 -30.4265 175.652 -50.258 -73.0122 235.189 -7.46132 21.69 14.2631 20.7245 
172.572 162.176 165.915 164.524 162.436 175.302 159.89 161.746 160.394 151.95 -138.941 196.198 20.8255 -136.05 203.305 -72.5888 -96.8446 189.659 -94.0963 -60.6565 178.705 -85.0403 -30.8694 175.224 -49.5063 -73.1203 235.138 -7.65898 22.3372 14.3255 20.7747 
173.85 162.759 166.324 164.838 160.078 175.523 159.562 161.401 159.975 154 -139.734 195.94 19.5041 -136.743 202.639 -73.5638 -97.8899 188.565 -94.6483 -62.0295 177.616 -85.3345 -31.1041 174.329 -50.4946 -73.6956 235.102 -8.57446 22.2872 14.1046 20.3267 
174.077 162.722 166.533 164.946 159.712 175.791 159.506 161.73 160.083 155.964 -139.803 195.873 18.9988 -137.149 202.501 -73.6987 -98.2233 188.518 -95.0262 -62.4654 177.365 -85.3871 -31.0211 174.274 -51.3319 -73.9305 235.094 -8.84856 21.9193 14.1532 20.4211 
174.323 162.841 166.862 165.044 160.201 176.093 159.567 162.158 160.159 158.752 -139.712 196.057 18.5963 -137.323 202.434 -73.5899 -98.2814 188.637 -95.1782 -62.6651 177.239 -85.1241 -30.5237 174.466 -52.3492 -73.9416 235.215 -8.90124 21.3169 14.2239 20.5497 
174.362 162.88 167.006 165.175 161.513 176.243 159.593 162.305 160.337 161.72 -139.734 196.554 18.4676 -137.384 202.655 -73.4108 -98.4428 188.793 -95.0207 -62.922 177.371 -84.9423 -30.0272 175.007 -53.8313 -73.9267 235.421 -8.84907 20.4876 14.1626 20.5329 
172.27 163.395 165.709 165.21 165.229 174.469 159.345 161.52 160.931 166.419 -140.287 202.115 18.5032 -136.54 208.415 -73.4508 -98.9836 192.277 -93.5208 -63.7804 180.386 -84.5051 -28.6777 178.916 -58.7821 -73.2933 238.117 -8.33327 18.3876 13.7324 19.9548 
172.371 163.311 165.688 165.246 166.009 174.362 159.39 161.672 161.284 166.482 -140.326 202.459 18.1133 -136.628 209.167 -73.5946 -99.2707 192.752 -93.6268 -64.1334 180.832 -84.7254 -28.9623 179.145 -59.0212 -73.2934 238.328 -8.38335 18.4821 13.6677 19.8582 
172.188 163.353 165.605 165.51 168.772 174.053 159.062 162.021 161.861 166.641 -139.817 202.534 18.035 -136.976 210.107 -73.3578 -99.8911 193.699 -93.6807 -64.6101 181.855 -85.3691 -29.7568 180.001 -60.0171 -73.3773 238.723 -8.49311 18.0304 13.6128 19.9025 
171.967 163.381 165.611 165.943 168.748 173.78 158.893 162.326 162.661 165.433 -139.35 202.571 17.876 -137.218 210.739 -73.0906 -100.422 194.429 -93.6918 -64.9624 182.871 -86.0881 -30.69 180.53 -60.2929 -73.5202 239.106 -8.5461 17.7506 13.5259 19.8705 
171.653 163.286 165.266 166.127 168.038 173.397 158.752 162.153 163.161 164.028 -138.609 202.467 17.7303 -137.378 211.68 -72.8933 -101.096 195.296 -93.4551 -65.3797 184.245 -86.8566 -31.8238 181.251 -60.7644 -73.6895 239.674 -8.60159 17.3542 13.4568 19.6157 
171.301 163.093 164.786 166.058 167.479 172.944 158.41 161.94 163.406 163.315 -137.908 202.41 17.3885 -137.703 212.734 -72.595 -101.708 196.513 -93.3909 -65.8116 185.878 -87.7412 -32.6519 182.267 -61.7706 -73.917 240.365 -8.72105 17.0109 13.42 19.5407 
171.489 163.094 164.384 165.824 166.65 172.799 157.911 161.563 162.932 161.699 -136.916 201.903 16.6157 -137.885 213.42 -72.297 -102.002 197.754 -93.4766 -66.365 187.356 -88.2354 -33.6251 183.259 -62.3137 -74.1075 241.131 -8.90372 16.7932 13.1804 19.5092 
172.378 163.286 164.635 165.938 166.401 172.806 157.748 161.722 162.784 161.034 -135.571 200.631 15.6553 -138.318 214.815 -72.3074 -102.218 199.733 -94.3651 -67.0001 189.261 -89.441 -34.5412 184.471 -63.6857 -74.2511 241.822 -9.19082 16.5662 12.8615 19.8281 
173.948 163.749 165.124 166.721 166.878 172.647 158.41 162.302 163.425 161.207 -133.664 198.837 14.5183 -138.789 216.771 -72.4569 -103.098 202.022 -95.2028 -67.793 191.629 -91.1853 -36.2911 185.654 -65.5174 -74.3937 242.48 -9.40123 15.9644 12.8069 19.7008 
175.123 164.168 166.042 167.539 167.874 172.604 159.375 163.623 164.702 162.569 -131.856 197.812 13.0168 -139.934 219.406 -72.1726 -104.094 205.114 -96.3394 -68.5535 194.824 -93.1281 -37.7937 187.379 -67.7737 -74.6164 243.258 -9.48054 15.5569 12.866 20.2586 
178.287 166.576 166.687 169.028 169.158 173.962 161.704 164.326 165.258 160.997 -130.253 199.074 8.59679 -140.509 223.341 -71.7433 -105.418 208.924 -96.2431 -70.5805 197.689 -93.2014 -42.0931 187.025 -65.5574 -74.5933 244.954 -9.24058 16.7301 12.5909 20.0517 
178.261 167.726 165.852 167.22 170.72 173.689 161.41 162.83 162.414 158.837 -128.059 199.032 6.06596 -139.201 223.668 -72.0471 -105.667 210.028 -95.3452 -71.7037 197.532 -91.504 -43.9169 184.837 -61.5367 -74.1794 245.68 -9.2105 19.238 12.4327 18.4861 
177.432 168.836 165.648 167.184 172.447 173.026 161.773 161.908 160.813 157.28 -125.095 199.101 3.30206 -137.79 223.485 -72.502 -106.258 210.592 -94.5124 -72.9987 196.637 -89.7228 -47.1353 181.925 -56.892 -73.426 246.148 -9.15989 21.7273 12.4862 16.5964 
176.652 169.514 165.438 166.859 172.038 172.174 161.931 160.682 159.012 153.412 -122.05 199.26 1.09368 -137.049 224 -72.1148 -107.677 211.432 -93.0635 -75.4097 196.065 -87.3379 -51.6287 181.089 -52.367 -72.7742 247.009 -8.96965 23.2542 12.4511 14.8396 
175.082 168.755 164.244 166.254 168.965 170.337 160.122 158.58 157.696 147.914 -119.093 199.717 -0.89262 -136.618 224.976 -70.9645 -109.633 212.544 -91.036 -78.0459 196.647 -85.619 -56.6637 181.227 -47.9102 -72.3376 247.787 -8.7261 25.7237 12.2459 13.1057 
173.959 168.272 163.116 165.315 165.953 169.402 157.964 156.027 155.85 141.56 -116.983 200.777 -2.12946 -136.332 225.648 -68.7378 -111.383 213.821 -88.2249 -80.512 198.025 -83.3145 -60.7841 182.716 -42.8139 -72.0181 248.967 -8.53712 28.8654 11.8243 11.8729 
173.061 166.817 161.544 164.378 162.894 168.71 155.771 154.115 153.627 136.312 -115.394 201.891 -2.90678 -135.686 225.632 -66.3486 -111.622 214.634 -85.7977 -81.7397 198.072 -80.1424 -63.2144 184.324 -37.8697 -71.5142 250.109 -8.22873 30.9756 11.8211 11.5922 
172.391 164.45 159.787 163.89 160.996 168.434 152.198 151.977 151.519 133.115 -114.16 202.58 -3.44318 -134.979 224.89 -63.6118 -111.344 214.821 -83.7789 -82.8274 197.6 -77.3372 -64.6419 185.896 -34.9276 -71.0312 250.986 -8.29778 31.3245 11.7005 12.1555 
171.735 162.411 157.926 163.507 160.386 168.16 148.109 149.775 149.655 132.332 -113.127 203.128 -4.17958 -134.236 223.623 -60.3059 -111.063 214.991 -81.9238 -83.8133 197.394 -75.0764 -65.2093 187.256 -34.7328 -70.5644 251.621 -8.51346 29.5671 11.5366 13.4179 
171.131 160.899 156.764 163.022 160.868 167.738 144.359 147.58 147.911 133.053 -111.953 203.682 -5.00033 -133.509 222.565 -56.633 -111.013 215.336 -79.7865 -84.7024 197.837 -73.049 -65.4014 188.842 -36.424 -69.9859 252.288 -8.73373 26.2985 11.1877 14.9587 
170.257 159.452 157.151 163.3 162.799 167.098 139.651 145.242 146.939 136.868 -110.323 205.805 -7.08898 -131.423 220.794 -50.2274 -110.494 215.199 -76.2456 -85.9552 198.433 -70.1016 -65.7341 191.733 -40.6213 -68.6399 253.825 -9.01642 19.3371 9.93451 17.665 
169.122 160.487 155.919 163.065 162.93 165.324 138.171 144.181 146.74 139.954 -108.323 206.602 -8.09884 -130.415 220.151 -47.0191 -110.147 214.732 -74.0458 -86.829 199.173 -68.926 -65.6797 193.095 -43.5671 -67.8893 254.576 -9.23753 15.3265 8.30916 18.8317 
168.68 161.55 155.084 163.405 160.052 163.504 134.814 140.108 144.687 138.394 -104.817 207.759 -10.5127 -126.244 218.984 -40.7704 -108.73 212.955 -67.7116 -87.1279 199.284 -64.7214 -65.2369 195.88 -43.7213 -65.9056 256.045 -9.80926 11.457 5.76506 18.995 
169.556 160.983 156.19 163.779 160.223 163.344 132.822 138.654 143.712 137.358 -103.174 208.341 -11.6906 -122.81 217.942 -37.5385 -107.009 211.029 -64.4743 -86.0239 198.244 -61.7077 -64.3668 196.728 -42.4386 -64.3786 256.437 -9.86021 9.95361 4.86077 18.9289 
171.241 160.584 157.949 165.191 163.012 163.089 132.508 137.481 142.507 137.258 -99.0482 208.307 -14.633 -117.13 216.448 -33.1953 -104.46 208.252 -58.5971 -84.32 195.696 -54.7785 -62.6696 197.617 -40.5588 -61.5059 256.997 -10.5468 6.24948 4.93212 17.6119 
173.812 160.5 161.608 166.047 165.04 164.417 135.638 140.249 144.217 137.777 -97.3903 207.988 -15.5989 -113.659 213.359 -32.5965 -101.924 204.218 -56.2177 -82.0487 193.201 -52.0805 -60.4432 196.708 -38.2229 -59.5 256.47 -10.7799 6.47377 4.25293 15.5659 
175.166 160.916 162.946 166.506 166.202 164.739 136.759 141.822 145.66 137.836 -95.6563 208.023 -16.8552 -109.911 210.817 -31.9812 -99.2547 201.036 -54.3769 -79.8204 191.507 -50.3437 -58.7196 196.385 -36.0117 -57.5789 256.093 -11.2437 7.66173 3.50131 14.2501 
174.534 159.491 161.795 165.757 164.939 164.135 135.616 141.53 145.824 136.075 -93.2472 207.764 -17.8802 -106.478 209.179 -32.007 -96.875 198.508 -52.5469 -78.0179 189.974 -48.587 -57.4816 196.159 -33.4316 -55.5341 255.467 -11.8533 9.22905 3.01653 12.6859 
172.532 156.749 162.52 164.207 164.3 162.767 134.182 140.043 144.451 134.582 -89.2352 206.106 -19.2849 -103.442 208.615 -31.6025 -94.7524 197.133 -50.6865 -76.9421 189.538 -46.6905 -56.5864 196.086 -31.6903 -53.5773 254.813 -12.547 10.0256 3.03267 11.6637 
171.802 154.947 159.993 163.694 163.16 162.059 131.25 138.77 143.864 134.385 -85.6045 205.517 -19.9935 -99.1066 207.836 -29.4732 -91.2178 195.853 -48.8858 -73.9672 188.829 -45.4279 -54.2657 195.743 -30.6183 -50.8369 254.222 -12.7941 10.5136 2.77978 12.3779 
