163.077 148.559 167.631 170.453 178.18 159.556 114.532 164.053 167.236 168.546 -54.9681 190.843 13.7103 -51.2725 185.177 8.95875 -17.691 150.068 -49.611 10.2314 161.943 -48.7822 26.9457 183.026 -25.5591 -26.0243 245.338 -13.8751 7.5329 9.06524 58.8033 
163.337 148.677 167.57 170.279 177.965 159.896 114.81 163.931 167.069 167.947 -54.6022 191.161 13.8481 -50.8697 185.248 9.01983 -17.5041 150.308 -49.5981 10.6384 162.18 -48.8507 27.4694 183.333 -25.6983 -25.5426 245.63 -13.9265 7.56511 9.17263 58.6411 
163.51 148.575 167.598 170.192 177.674 160.138 115.021 163.913 167.018 167.616 -54.0006 191.294 13.9117 -50.2279 185.097 9.06058 -16.921 150.364 -49.429 11.1942 162.334 -48.9311 28.0487 183.575 -25.923 -25.0086 245.772 -13.9921 7.53766 9.20635 58.318 
163.405 148.298 167.608 170.128 177.521 160.025 115.024 163.903 167.027 167.398 -53.2564 191.644 13.8715 -49.498 185.249 9.12128 -16.4129 150.623 -49.2562 11.6937 162.61 -49.0452 28.4628 183.894 -26.112 -24.5095 246.036 -13.9982 7.47756 9.26877 58.0992 
163.283 147.955 167.579 170.037 177.235 159.868 114.821 163.857 167.019 167.074 -52.4508 191.817 13.6207 -48.7179 185.326 9.03694 -15.8067 150.818 -49.1874 12.2713 162.816 -49.2048 28.8719 184.083 -26.2085 -23.9368 246.165 -14.0243 7.45798 9.3339 57.9231 
163.287 147.935 167.731 170.069 177.081 159.846 115.078 164.055 167.313 167.368 -51.6596 191.992 12.9934 -48.3089 185.396 8.58272 -15.3641 151.042 -49.3918 12.7149 162.995 -49.3899 29.2008 184.023 -26.158 -23.4027 246.397 -14.0454 7.44126 9.41675 57.6237 
163.383 148.135 167.839 170.073 177.207 160.047 115.445 164.183 167.494 167.527 -50.872 192.086 12.7405 -47.5051 185.435 8.47533 -14.8554 151.158 -49.3965 13.2857 163.139 -49.4479 29.7204 184.036 -25.9369 -22.7883 246.585 -14.0609 7.57663 9.52188 57.3798 
163.486 148.245 167.767 169.949 176.998 160.163 115.802 163.97 167.411 167.148 -50.1015 192.067 12.47 -46.9461 185.485 8.33389 -14.6202 151.417 -49.6825 13.8337 163.384 -49.843 30.1728 184.076 -25.9465 -22.1779 246.734 -14.0975 7.70296 9.81599 57.3258 
163.448 147.959 167.592 169.698 176.017 160.123 116.191 163.583 167.138 166.512 -48.8573 191.916 12.1328 -46.063 185.216 7.8459 -14.1603 151.802 -49.8507 14.4757 163.858 -50.3423 30.7128 184.313 -26.3 -21.5898 246.864 -14.0995 7.6433 10.1689 56.7591 
163.301 147.718 167.471 169.565 175.651 159.859 116.031 163.372 167.022 166.341 -47.5772 191.959 11.827 -44.9397 185.504 7.77563 -13.3935 152.18 -49.7987 15.2546 164.368 -50.7583 31.2865 184.664 -26.5823 -21.0133 247.074 -14.1089 7.62296 10.4371 56.6539 
163.174 147.304 167.525 169.554 175.527 159.597 115.574 163.399 167.006 166.505 -46.446 191.913 11.849 -43.7639 185.706 8.01532 -12.6422 152.217 -49.6298 15.8493 164.538 -50.8866 32.0214 184.896 -26.9516 -20.4094 247.086 -13.9391 7.48115 10.4784 56.7477 
163.104 147.228 167.573 169.569 175.588 159.401 115.567 163.485 167.047 166.754 -45.4453 192.037 11.5052 -42.7286 185.956 7.88948 -11.8342 152.534 -49.6629 16.5517 164.922 -51.0023 32.7532 185.206 -27.1133 -19.774 247.337 -13.8524 7.38086 10.5297 56.6457 
163.045 146.952 167.541 169.533 175.849 159.153 115.805 163.553 167.141 167.129 -44.5545 192.128 11.1711 -41.8455 185.899 7.65428 -10.9882 152.678 -49.6324 17.3862 165.106 -50.8989 33.485 185.264 -26.9343 -19.1428 247.459 -13.758 7.32572 10.5939 56.3649 
162.956 146.733 167.69 169.539 175.819 159.02 115.939 163.599 167.27 167.271 -43.3271 192.033 10.7477 -40.7233 185.776 7.34376 -10.0804 152.826 -49.5287 18.1613 165.461 -51.135 34.2216 185.519 -27.2755 -18.5572 247.561 -13.6704 7.14207 10.7977 55.8445 
162.818 146.344 167.707 169.559 175.855 158.74 115.988 163.376 167.26 167.295 -42.5293 192.182 10.3191 -39.7039 185.643 6.78162 -9.26833 152.944 -49.1265 18.8677 165.675 -51.1329 34.7809 185.729 -27.3982 -17.9153 247.744 -13.6772 6.96732 10.975 54.8932 
162.658 146.035 167.902 169.685 175.818 158.453 116.338 163.317 167.31 167.306 -41.5402 192.505 10.2195 -38.5568 185.381 6.37559 -8.55954 153.011 -48.475 19.3727 165.821 -50.9346 35.3761 186.009 -27.6526 -17.2559 247.998 -13.6235 6.70431 11.0527 53.6949 
162.626 145.952 167.823 169.615 175.567 158.28 116.296 163.136 167.189 167.153 -40.7437 192.684 10.3496 -37.5131 185.292 6.25172 -8.15269 152.914 -47.9792 19.7517 165.67 -50.6361 35.9214 185.999 -27.7342 -16.5861 248.008 -13.6509 6.54398 11.09 53.1592 
162.713 146.429 167.779 169.547 175.448 158.293 116.305 162.929 167.145 167.177 -40.2761 192.837 10.3152 -36.8686 185.364 6.16454 -7.88939 152.87 -47.7615 20.1572 165.534 -50.5703 36.5412 185.87 -27.8831 -15.8541 248.06 -13.7045 6.44031 11.2399 52.9096 
162.892 146.971 167.837 169.549 175.432 158.323 116.218 162.911 167.274 167.426 -39.4716 192.835 9.87652 -36.4072 185.687 5.87062 -7.47701 152.972 -48.0745 20.7253 165.581 -50.7853 37.2164 185.75 -27.9829 -15.1823 248.159 -13.7486 6.41094 11.4046 53.062 
162.881 147.752 167.805 169.508 175.734 158.287 116.464 162.809 167.373 167.813 -38.7331 192.69 9.34806 -35.6525 185.485 5.42337 -6.77975 152.937 -48.2968 21.5455 165.601 -50.9897 37.9639 185.582 -27.9698 -14.5542 248.144 -13.8044 6.44387 11.5592 52.7318 
162.672 148.367 167.297 169.149 175.279 157.966 116.887 161.986 167.039 167.092 -36.9775 192.774 8.68435 -34.069 185.032 4.68812 -5.79665 152.943 -48.1338 22.7884 165.544 -51.6122 39.0758 185.429 -28.4228 -12.9515 248.114 -14.161 6.3819 12.1323 51.7015 
162.743 148.922 166.84 168.909 174.772 158.258 117.533 161.577 166.862 166.698 -36.8509 192.918 8.60804 -33.7644 184.725 4.63349 -5.52324 152.949 -48.1649 23.3132 165.49 -51.6891 39.6576 185.388 -28.3253 -12.2963 248.163 -14.3473 6.52258 12.2915 51.499 
162.916 149.409 166.708 168.821 174.523 158.547 117.629 161.451 166.761 166.621 -36.6191 192.886 8.76523 -33.5103 184.89 4.9843 -5.02772 152.667 -48.2343 24.0572 165.079 -51.6027 40.5723 185.091 -28.1924 -11.4487 248.039 -14.5505 6.6367 12.3156 52.0262 
162.963 149.741 166.741 168.853 174.729 158.703 117.471 161.589 166.811 167.124 -36.4863 193.023 8.54152 -33.062 185.543 5.17962 -4.26063 152.789 -48.4211 24.9633 165.147 -51.6057 41.5798 185.175 -28.1324 -10.6725 248.228 -14.6955 6.71033 12.3269 52.6429 
162.908 149.887 166.704 168.896 175.079 158.748 117.313 161.618 166.857 167.391 -36.1097 193.192 8.18802 -32.4534 186.12 5.18221 -3.45532 153.11 -48.549 25.8698 165.368 -51.6203 42.515 185.386 -28.0073 -9.93582 248.484 -14.754 6.79445 12.3583 52.9719 
162.828 149.67 166.488 168.755 175.134 158.888 116.903 161.461 166.653 167.095 -36.1537 193.598 7.98795 -31.8176 186.775 5.34168 -2.72006 153.486 -48.4977 26.7085 165.608 -51.4699 43.2938 185.734 -27.8163 -9.15384 248.8 -14.8099 6.83388 12.321 53.302 
162.872 149.497 166.218 168.577 175.007 159.136 116.478 161.214 166.372 166.775 -36.1058 193.615 7.8975 -31.4175 187.092 5.38445 -2.02468 153.471 -48.7592 27.5653 165.408 -51.3992 44.1752 185.595 -27.6938 -8.30681 248.714 -14.9635 6.88736 12.2427 53.8883 
162.856 149.897 166.234 168.515 174.887 159.214 116.278 161.192 166.292 166.657 -35.6669 193.48 7.366 -31.1358 187.419 5.30886 -1.24445 153.269 -49.0908 28.4131 165.019 -51.4942 44.9059 185.161 -27.6533 -7.45291 248.506 -15.2581 6.8724 12.2149 54.5056 
162.88 150.047 166.246 168.53 175.265 159.248 115.716 161.315 166.402 167.144 -35.7133 193.711 6.47223 -31.2947 188.417 5.02361 -0.652872 153.584 -49.8149 29.106 165.089 -51.7793 45.4863 185.004 -27.4848 -6.71759 248.719 -15.406 6.97396 12.1794 55.4231 
162.729 149.794 166.238 168.47 175.69 159.147 115.103 161.345 166.396 167.194 -35.4858 194.322 6.16926 -30.8473 189.323 5.09445 0.0811068 154.188 -49.9004 29.9254 165.649 -51.8102 46.2112 185.56 -27.3623 -6.00268 249.195 -15.3477 7.03415 12.2066 55.8844 
162.586 149.396 166.225 168.315 175.685 159.046 114.348 161.377 166.269 166.912 -35.3056 194.995 6.05324 -30.3252 190.227 5.27776 0.783317 154.666 -49.8894 30.6172 166.14 -51.7744 46.93 186.158 -27.3996 -5.29135 249.632 -15.3011 7.01829 12.1736 56.4053 
162.491 148.886 166.08 168.125 175.426 158.825 113.134 161.224 165.922 166.291 -34.684 195.144 5.36048 -29.5184 191.245 5.03079 1.87537 155.124 -50.4289 31.5877 166.524 -51.8673 47.5938 186.444 -27.3683 -4.53882 249.784 -15.4634 6.9442 12.0022 57.349 
162.631 148.994 166.126 168.016 175.082 158.799 112.673 161.302 165.866 165.847 -33.7412 194.738 4.61994 -28.892 191.437 4.8386 3.02471 154.917 -50.7648 32.5758 166.365 -51.9453 48.2075 186.227 -27.2459 -3.81279 249.482 -15.6253 6.88654 11.9193 57.9313 
162.684 149.376 166.192 167.989 174.951 158.783 112.34 161.491 165.937 165.871 -33.1023 194.716 3.86974 -28.4312 192.015 4.55306 3.87202 155.095 -51.3673 33.4309 166.457 -52.1139 48.8155 186.098 -27.004 -3.06151 249.513 -15.7339 6.97769 11.859 58.6103 
162.82 149.959 166.373 167.953 174.719 158.844 112.475 161.736 166.074 165.839 -32.5748 195.268 3.70473 -27.9346 192.77 4.70682 4.20703 155.52 -51.5196 33.9051 166.84 -52.2033 49.3659 186.402 -26.8545 -2.40513 249.977 -15.6755 7.0803 11.9798 59.0007 
162.983 150.514 166.433 167.781 174.486 158.952 112.751 161.737 165.977 165.63 -31.8516 195.5 3.56326 -27.3075 193.137 4.69923 4.71377 155.8 -51.7113 34.5041 167.122 -52.2542 49.9506 186.572 -26.7141 -1.72213 250.215 -15.6842 7.14299 12.0657 59.2387 
163.105 150.821 166.463 167.635 174.087 158.953 113.045 161.573 165.805 165.191 -31.0827 195.935 3.47978 -26.599 193.615 4.64544 5.09932 156.205 -51.594 35.0106 167.533 -52.3121 50.4167 186.975 -26.758 -0.990519 250.634 -15.7852 7.09597 12.2546 59.128 
163.194 151.042 166.437 167.543 173.632 158.984 113.654 161.562 165.641 164.843 -30.0387 195.923 3.52404 -25.6497 193.42 4.58123 5.88782 156.272 -51.7531 35.6624 167.535 -52.1753 51.0412 187.005 -26.6489 -0.255216 250.682 -15.8139 7.0569 12.065 59.0293 
163.305 151.251 166.415 167.436 173.376 159.043 114.213 161.577 165.53 164.657 -29.0422 195.663 3.60554 -24.8181 193.019 4.45536 6.69363 156.012 -51.767 36.4271 167.253 -51.8853 51.7226 186.775 -26.3461 0.493645 250.508 -15.8863 7.05739 11.9319 58.8423 
163.394 151.494 166.412 167.388 173.163 159.054 114.548 161.557 165.454 164.435 -27.9507 195.835 3.68963 -23.9169 193.064 4.36043 7.33816 156.308 -51.7564 37.0856 167.535 -51.7564 52.342 187.046 -26.2127 1.19466 250.757 -15.8174 7.02954 11.9173 58.6307 
163.352 151.652 166.405 167.337 173.014 159.133 114.974 161.628 165.433 164.546 -27.1926 196.019 3.93013 -23.0672 193.003 4.39436 7.91469 156.619 -51.8609 37.6929 167.895 -51.5901 53.1614 187.372 -26.1496 1.81967 250.992 -15.6151 7.03563 11.8519 58.5183 
163.224 151.823 166.38 167.268 172.793 159.111 115.082 161.564 165.3 164.439 -26.5566 196.271 3.99821 -22.139 193.206 4.28709 8.63948 157.03 -51.9329 38.2915 168.318 -51.388 53.8979 187.798 -26.1242 2.47318 251.287 -15.471 6.96616 11.7022 58.4407 
163.258 152.012 166.312 167.213 172.342 159.206 115.358 161.389 165.049 164.067 -25.6118 196.207 3.98048 -21.3594 193.141 3.96528 9.36439 157.181 -51.9928 38.8572 168.356 -51.1175 54.5106 187.857 -26.0781 3.2026 251.341 -15.5093 6.82704 11.5047 58.2178 
163.292 152.412 166.365 167.21 171.975 159.19 115.556 161.065 164.746 163.696 -24.6089 195.893 3.84421 -20.6359 193.08 3.65831 9.94606 157.168 -52.0558 39.4194 168.175 -51.078 55.1065 187.684 -26.2139 3.93555 251.198 -15.6501 6.68482 11.4786 58.0867 
163.292 152.316 166.358 167.181 171.695 159.242 115.545 160.865 164.408 163.404 -23.74 195.777 3.51314 -19.9188 193.226 3.14766 10.6927 157.355 -52.3066 40.0029 168.224 -50.8192 55.7784 187.73 -26.1939 4.67654 251.251 -15.7612 6.55242 11.2358 58.0169 
163.211 152.447 166.241 167.201 171.689 159.284 115.493 160.773 164.201 163.327 -22.8264 195.598 3.57028 -19.0118 193.093 2.93823 11.6052 157.358 -52.2511 40.7367 168.199 -50.3677 56.5403 187.79 -25.9897 5.3128 251.178 -15.8117 6.494 10.9664 57.8774 
163.286 152.377 166.334 167.342 171.815 159.461 115.405 160.797 164.185 163.442 -22.1481 195.792 3.46696 -18.4356 193.47 2.73695 12.1065 157.647 -52.2297 41.2098 168.41 -50.12 57.1105 187.98 -25.85 5.92063 251.465 -15.8328 6.48165 10.8653 57.7605 
163.382 152.488 166.345 167.406 171.936 159.581 115.319 160.712 164.089 163.415 -21.4823 195.861 3.16722 -17.9348 193.799 2.36962 12.718 157.954 -52.3025 41.6866 168.613 -49.9083 57.5426 188.113 -25.6446 6.48048 251.695 -15.8565 6.44023 10.7196 57.6317 
163.513 152.706 166.367 167.515 172.098 159.669 115.144 160.69 164.073 163.465 -20.9364 195.885 2.66842 -17.6234 194.276 2.04656 13.2794 158.099 -52.3491 42.1006 168.58 -49.6834 57.8444 187.964 -25.392 7.00752 251.815 -15.9963 6.37163 10.5985 57.7258 
163.654 153.085 166.407 167.695 172.2 159.824 115.486 160.64 164.076 163.408 -20.2296 195.94 2.36762 -17.245 194.642 1.81935 13.7461 158.303 -52.2398 42.4228 168.492 -49.3487 58.048 187.794 -25.0693 7.58414 252.004 -16.1261 6.27373 10.4503 57.6074 
163.662 152.998 166.391 167.81 172.179 159.926 115.668 160.556 163.994 163.198 -19.7646 195.873 1.7614 -16.9625 194.857 1.40324 14.258 158.301 -52.313 42.7618 168.214 -49.0659 58.1954 187.441 -24.7391 8.15409 251.992 -16.3794 6.17817 10.2765 57.5785 
163.761 152.972 166.442 167.957 172.152 160.027 115.933 160.598 163.997 163.187 -19.0493 195.852 1.69692 -16.6239 194.91 1.2843 14.8195 158.283 -52.107 43.1039 168.045 -48.6833 58.5199 187.308 -24.4947 8.61923 252.027 -16.4208 6.08391 10.0988 57.414 
163.805 152.979 166.528 168.108 172.241 160.115 116.167 160.663 163.99 163.26 -18.3727 195.946 1.83908 -16.2111 195.024 1.29607 15.3051 158.323 -51.8897 43.4786 168.06 -48.4026 58.9734 187.422 -24.3637 9.0106 252.16 -16.4733 6.0594 10.0183 57.2907 
163.801 153.147 166.553 168.135 172.246 160.135 116.092 160.662 163.946 163.189 -17.8096 196.032 2.29618 -15.8607 195.084 1.57496 15.6811 158.189 -51.3506 43.8676 168.014 -47.9618 59.3986 187.535 -24.0634 9.31502 252.191 -16.4085 6.07093 10.035 57.1897 
163.8 153.003 166.49 168.188 172.351 160.12 115.928 160.63 163.936 163.222 -17.4492 196.289 2.53148 -15.6761 195.381 1.65288 16.0109 158.346 -51.3163 44.2711 168.144 -47.7488 59.7801 187.713 -23.8152 9.56194 252.369 -16.3926 6.12724 10.01 57.3798 
163.811 152.968 166.53 168.303 172.65 160.092 116.056 160.747 164.111 163.557 -17.2145 196.694 2.7111 -15.6108 195.771 1.82056 16.1595 158.54 -51.2914 44.5004 168.255 -47.589 60.0248 187.847 -23.6081 9.75595 252.648 -16.3867 6.18019 9.99491 57.5875 
163.877 152.888 166.589 168.432 173.03 160.095 116.106 160.883 164.353 163.964 -16.92 197.129 2.39505 -15.5901 196.233 1.52687 16.4914 159.056 -51.6421 44.8702 168.721 -47.7785 60.3332 188.227 -23.5519 9.94557 253.114 -16.4086 6.26926 10.0194 57.6658 
163.056 152.409 167.023 169.049 173.037 159.474 114.905 161.404 164.57 163.218 -15.5286 197.066 1.66716 -15.1315 196.614 0.637575 17.831 159.751 -52.6209 45.6088 169.745 -47.9053 60.4564 189.18 -23.048 10.0429 253.623 -16.2676 6.36626 9.50554 57.7992 
163.246 152.061 167.201 169.223 172.789 159.593 114.997 161.641 164.937 163.312 -15.577 197.402 1.70087 -15.1662 197.07 0.788747 17.7596 159.859 -52.7901 45.6563 169.702 -47.978 60.4123 189.175 -22.801 10.1621 253.872 -16.2461 6.47948 9.54129 58.1084 
162.48 152.08 167.583 169.743 172.723 159.083 113.811 161.987 165.016 162.585 -14.3985 197.196 1.00138 -14.8686 197.398 -0.0940866 18.8774 160.365 -53.7779 46.1976 170.375 -48.0609 60.3531 189.853 -22.3619 10.2397 254.195 -16.216 6.54624 9.00346 58.3081 
162.498 151.732 167.486 169.615 172.336 159.109 113.778 161.957 165.085 162.446 -14.7022 197.363 1.02482 -14.8549 197.82 0.10718 18.7313 160.364 -53.8469 46.1807 170.13 -48.0537 60.2233 189.605 -22.1219 10.3602 254.196 -16.3141 6.64213 9.04914 58.7806 
161.828 151.945 167.785 169.992 172.282 158.655 112.758 162.257 165.118 161.791 -13.9259 197.087 0.478421 -14.6628 197.962 -0.465622 19.5652 160.589 -54.5622 46.5192 170.47 -48.0636 60.0478 189.979 -21.7537 10.4146 254.28 -16.2523 6.6895 8.59683 59.0063 
162.039 151.328 167.639 169.746 171.881 158.854 112.914 162.132 165.136 161.902 -14.4587 197.376 0.603957 -14.8205 198.367 -0.296232 18.9391 160.575 -54.3467 46.1369 170.137 -48.018 59.8852 189.632 -21.6914 10.4988 254.341 -16.3763 6.74826 8.76125 59.13 
161.535 151.604 167.917 170.011 171.83 158.535 111.913 162.281 165.031 161.166 -13.7805 197.118 -0.0420256 -14.6283 198.634 -0.969859 19.6941 160.931 -55.0543 46.416 170.583 -48.0593 59.6387 190.037 -21.3591 10.543 254.496 -16.3257 6.78488 8.36483 59.3193 
161.033 151.458 168.157 170.208 171.766 158.183 110.588 162.298 164.862 160.402 -13.216 196.863 -0.652842 -14.3095 198.857 -1.76284 20.446 161.226 -55.6822 46.6318 170.964 -48.0548 59.3753 190.495 -21.1213 10.5574 254.597 -16.2724 6.75277 7.93018 59.366 
160.758 151.142 168.361 170.294 171.643 157.916 109.452 162.289 164.652 159.717 -12.7548 196.574 -1.14897 -14.2083 199.083 -2.51198 20.9152 161.459 -56.3108 46.693 171.223 -48.0556 59.0602 190.825 -20.8651 10.5473 254.641 -16.1883 6.74645 7.58744 59.4668 
160.444 150.885 168.56 170.337 171.534 157.556 108.444 162.303 164.502 159.151 -12.3814 196.461 -1.45922 -14.1299 199.369 -3.05067 21.2844 161.574 -56.6238 46.7515 171.372 -47.959 58.7927 191.089 -20.6322 10.5554 254.673 -16.1494 6.70671 7.3519 59.5625 
160.211 150.72 168.687 170.234 171.379 157.417 107.47 162.246 164.31 158.722 -12.2003 196.276 -1.79563 -14.1991 199.575 -3.64432 21.4665 161.599 -57.0399 46.7843 171.44 -48.0601 58.6852 191.258 -20.574 10.5478 254.638 -16.1358 6.69577 7.24978 59.6554 
160.044 150.348 168.709 170.112 171.245 157.271 106.577 162.204 164.137 158.447 -12.0668 196.101 -1.86751 -14.129 199.647 -3.94177 21.695 161.513 -57.2097 46.8864 171.444 -47.9412 58.6732 191.374 -20.4304 10.5529 254.537 -16.0106 6.63891 7.1501 59.7575 
160.002 150.001 168.73 170.028 171.162 157.213 105.931 162.181 164.03 158.301 -12.0845 195.942 -1.8551 -14.2129 199.72 -4.15292 21.7553 161.316 -57.3431 46.9157 171.259 -47.7775 58.6416 191.311 -20.2274 10.5461 254.394 -15.9493 6.61185 7.09874 59.9321 
159.941 149.73 168.697 169.912 171.052 157.1 105.473 162.105 163.892 158.112 -12.1242 195.931 -1.77758 -14.3439 199.857 -4.24833 21.7351 161.193 -57.2432 46.8954 171.166 -47.5588 58.5641 191.33 -20.0145 10.5268 254.344 -15.8798 6.57581 7.105 60.0211 
159.95 149.69 168.708 169.833 170.943 157.064 105.165 162.043 163.763 157.935 -12.1532 196.034 -1.83627 -14.5634 200.075 -4.38593 21.6078 161.213 -57.3015 46.7823 171.117 -47.4383 58.4235 191.325 -19.8241 10.5204 254.383 -15.8125 6.57641 7.09801 60.1332 
159.996 149.623 168.667 169.787 170.986 157.036 104.935 161.97 163.733 158.027 -12.1796 196.182 -1.7941 -14.7095 200.206 -4.45605 21.4983 161.31 -57.2617 46.7394 171.216 -47.3643 58.4594 191.469 -19.7731 10.4703 254.502 -15.7333 6.56618 7.13954 60.0836 
160.075 149.282 168.605 169.728 170.988 157.135 104.739 161.888 163.677 158.143 -12.3124 196.189 -1.77891 -14.8124 200.2 -4.6244 21.3411 161.322 -57.2907 46.6206 171.246 -47.3585 58.4895 191.55 -19.8171 10.415 254.549 -15.721 6.5513 7.16296 59.9461 
160.209 149.134 168.573 169.63 170.874 157.302 104.87 161.864 163.578 158.201 -12.5714 196.207 -1.83898 -14.984 200.135 -4.73132 21.0909 161.297 -57.38 46.479 171.249 -47.4131 58.5626 191.61 -19.9192 10.3682 254.596 -15.7579 6.55986 7.2266 59.8197 
160.298 149.003 168.541 169.528 170.753 157.51 104.967 161.79 163.446 158.129 -12.8294 196.169 -1.93135 -15.173 200.1 -4.90203 20.8854 161.33 -57.5117 46.3235 171.258 -47.4653 58.5187 191.616 -19.9304 10.2853 254.618 -15.7872 6.60238 7.25475 59.7257 
160.528 149.114 168.487 169.489 170.721 157.621 105.151 161.729 163.361 158.173 -12.8715 196.243 -1.89137 -15.3076 200.018 -5.05407 20.7341 161.462 -57.5562 46.2053 171.398 -47.5171 58.5865 191.75 -20.036 10.1912 254.716 -15.8184 6.62119 7.28407 59.5012 
160.644 149.308 168.433 169.472 170.702 157.705 105.311 161.713 163.325 158.267 -13.048 196.306 -1.52329 -15.3189 199.879 -4.81995 20.6073 161.433 -57.3177 46.1511 171.478 -47.4142 58.7537 191.89 -20.0837 10.091 254.748 -15.7738 6.64651 7.33269 59.3851 
160.751 149.124 168.445 169.524 170.74 157.823 105.48 161.774 163.387 158.419 -13.2274 196.283 -1.35085 -15.2986 199.68 -4.65179 20.5015 161.323 -57.2281 46.0789 171.44 -47.3678 58.8202 191.899 -20.14 10.0212 254.711 -15.733 6.64347 7.34296 59.3075 
160.888 148.969 168.476 169.585 170.809 158.011 105.768 161.858 163.518 158.597 -13.7566 196.41 -1.26422 -15.4611 199.637 -4.46794 20.193 161.252 -57.0999 45.8224 171.409 -47.4205 58.7536 191.996 -20.2945 9.86961 254.794 -15.7804 6.64683 7.37895 59.2319 
161.045 149.021 168.469 169.651 170.81 158.214 106.249 161.949 163.636 158.779 -14.2525 196.479 -1.01586 -15.6332 199.49 -4.14412 19.8724 161.102 -56.9355 45.6212 171.274 -47.3974 58.7339 191.938 -20.3758 9.71213 254.794 -15.8431 6.68757 7.42814 59.2317 
161.47 149.362 168.507 169.694 171.007 158.394 106.201 161.753 163.475 158.879 -14.8055 196.648 -0.739942 -16.0166 199.467 -3.84494 19.3546 160.979 -56.5696 45.3395 171.329 -47.2263 58.5738 192.14 -20.4173 9.55328 254.851 -15.8484 6.7114 7.5244 59.1668 
161.424 149.522 168.457 169.617 170.824 158.473 106.39 161.67 163.343 158.836 -15.1537 196.72 -0.831689 -16.1737 199.491 -3.86626 19.088 161.051 -56.7053 45.0957 171.411 -47.4059 58.504 192.195 -20.7166 9.44885 254.906 -15.9765 6.68005 7.54123 59.2386 
161.485 149.68 168.43 169.561 170.622 158.543 106.58 161.597 163.264 158.849 -15.4469 196.848 -1.20496 -16.3783 199.677 -4.10602 18.8608 161.41 -57.1721 44.9132 171.721 -47.9032 58.4922 192.351 -21.1791 9.33405 255.085 -16.1034 6.68978 7.61085 59.3552 
161.657 149.795 168.414 169.568 170.751 158.526 106.247 161.33 163.13 158.93 -15.7438 197.039 -1.19208 -16.5111 199.898 -4.03007 18.6881 161.635 -57.0933 44.8349 172.111 -48.124 58.4415 192.743 -21.5067 9.20069 255.271 -16.1584 6.69045 7.68963 59.3968 
161.559 149.833 168.317 169.496 170.632 158.463 106.294 161.279 163.041 158.913 -15.9524 197.183 -1.29114 -16.4368 199.899 -4.09405 18.6813 161.879 -57.363 44.8107 172.366 -48.4729 58.5699 192.921 -21.9196 9.16141 255.381 -16.2351 6.69777 7.67382 59.4332 
161.545 149.91 168.208 169.392 170.44 158.429 106.485 161.291 163.031 158.985 -16.2439 197.346 -1.34918 -16.4606 199.817 -4.17186 18.5216 162.05 -57.6821 44.7125 172.563 -48.9361 58.7071 193.069 -22.4359 9.09748 255.496 -16.3283 6.72718 7.7171 59.3886 
161.585 149.921 168.21 169.406 170.395 158.277 106.621 161.359 163.16 159.13 -16.2513 197.592 -1.55996 -16.408 199.908 -4.32753 18.5434 162.419 -58.0439 44.7654 172.938 -49.4028 58.8019 193.296 -22.8289 9.06803 255.719 -16.3591 6.73804 7.77695 59.3851 
161.572 149.807 168.21 169.46 170.441 158.153 106.673 161.468 163.309 159.235 -16.2386 197.856 -1.76982 -16.2785 200.066 -4.39202 18.7185 162.753 -58.2584 44.8694 173.282 -49.692 58.8319 193.522 -23.0414 9.07724 255.951 -16.3637 6.72768 7.75657 59.4128 
161.551 149.631 168.156 169.487 170.441 158.072 106.672 161.518 163.393 159.276 -16.2932 198.136 -2.06961 -16.1835 200.283 -4.54213 18.9197 163.166 -58.505 45.0264 173.659 -49.861 58.8848 193.778 -23.0876 9.10379 256.23 -16.336 6.74106 7.72963 59.4155 
